1283680 2517.8
1283690 2517.8
1283700 2519.7
1283710 2521.3
1283720 2521.3
1283730 2523.6
1283740 2527.2
1283750 2527.2
1283760 2530.0
1283770 2532.2
1283780 2532.2
1283790 2534.7
1283800 2536.4
1283810 2536.4
1283820 2538.5
1283830 2541.4
1283840 2544.2
1283850 2544.2
1283860 2545.1
1283870 2544.1
1283880 2544.1
1283890 2545.0
1283900 2546.4
1283910 2546.4
1283920 2546.8
1283930 2546.4
1283940 2546.4
1283950 2544.7
1283960 2541.9
1283970 2541.9
1283980 2539.4
1283990 2536.5
1284000 2536.5
1284010 2540.9
1284020 2538.6
1284030 2538.6
1284040 2538.3
1284050 2537.1
1284060 2534.6
1284070 2534.6
1284080 2532.4
1284090 2533.3
1284100 2533.3
1284110 2534.0
1284120 2535.1
1284130 2535.1
1284140 2535.2
1284150 2534.9
1284160 2534.9
1284170 2534.1
1284180 2535.5
1284190 2535.5
1284200 2537.7
1284210 2537.4
1284220 2537.4
1284230 2535.6
1284240 2532.8
1284250 2529.9
1284260 2529.9
1284270 2527.2
1284280 2524.9
1284290 2524.9
1284300 2523.8
1284310 2523.5
1284320 2523.5
1284330 2522.8
1284340 2521.9
1284350 2521.9
1284360 2521.5
1284370 2520.5
1284380 2520.5
1284390 2520.7
1284400 2521.2
1284410 2521.2
1284420 2521.2
1284430 2520.7
1284440 2520.6
1284450 2520.6
1284460 2520.2
1284470 2519.1
1284480 2519.1
1284490 2518.5
1284500 2517.4
1284510 2517.4
1284520 2516.1
1284530 2517.7
1284540 2517.7
1284550 2521.2
1284560 2521.7
1284570 2521.7
1284580 2522.7
1284590 2525.5
1284600 2525.5
1284610 2528.6
1284620 2529.7
1284630 2529.7
1284640 2531.4
1284650 2532.9
1284660 2535.1
1284670 2535.1
1284680 2537.5
1284690 2540.1
1284700 2540.1
1284710 2542.4
1284720 2544.6
1284730 2544.6
1284740 2546.2
1284750 2547.7
1284760 2547.7
1284770 2550.2
1284780 2552.4
1284790 2552.4
1284800 2556.7
1284810 2561.1
1284820 2561.1
1284830 2562.4
1284840 2561.3
1284850 2564.3
1284860 2564.3
1284870 2567.8
1284880 2569.1
1284890 2569.1
1284900 2571.8
1284910 2573.7
1284920 2573.7
1284930 2576.8
1284940 2580.4
1284950 2580.4
1284960 2582.9
1284970 2585.6
1284980 2585.6
1284990 2588.9
1285000 2591.6
1285010 2591.6
1285020 2592.8
1285030 2593.1
1285040 2593.1
1285050 2593.9
1285060 2592.7
1285070 2591.7
1285080 2591.7
1285090 2593.8
1285100 2595.6
1285110 2595.6
1285120 2598.0
1285130 2598.9
1285140 2598.9
1285150 2599.2
1285160 2599.5
1285170 2599.5
1285180 2591.9
1285190 2586.8
1285200 2586.8
1285210 2582.6
1285220 2582.4
1285230 2582.4
1285240 2581.6
1285250 2578.1
1285260 2571.8
1285270 2579.8
1285280 2572.1
1285290 2563.5
1285300 2563.5
1285310 2555.4
1285320 2544.0
1285330 2544.0
1285340 2536.0
1285350 2535.4
1285360 2535.4
1285370 2519.2
1285380 2498.3
1285390 2498.3
1285400 2491.9
1285410 2485.3
1285420 2485.3
1285430 2479.2
1285440 2473.6
1285450 2473.6
1285460 2468.4
1285470 2464.9
1285480 2462.7
1285490 2462.7
1285500 2461.9
1285510 2463.0
1285520 2463.0
1285530 2463.4
1285540 2462.6
1285550 2462.6
1285560 2462.3
1285570 2462.8
1285580 2462.8
1285590 2461.1
1285600 2457.8
1285610 2457.8
1285620 2455.8
1285630 2454.3
1285640 2454.3
1285650 2453.6
1285660 2453.7
1285670 2453.3
1285680 2453.3
1285690 2450.6
1285700 2446.2
1285710 2446.2
1285720 2441.8
1285730 2436.7
1285740 2436.7
1285750 2433.1
1285760 2429.7
1285770 2429.7
1285780 2426.7
1285790 2423.7
1285800 2423.7
1285810 2420.7
1285820 2417.1
1285830 2417.1
1285840 2414.5
1285850 2413.0
1285860 2413.0
1285870 2413.1
1285880 2413.0
1285890 2412.1
1285900 2412.1
1285910 2412.7
1285920 2413.3
1285930 2413.3
1285940 2417.0
1285950 2418.8
1285960 2418.8
1285970 2420.4
1285980 2420.6
1285990 2420.6
1286000 2419.4
1286010 2419.6
1286020 2419.6
1286030 2423.5
1286040 2426.9
1286050 2426.9
1286060 2428.8
1286070 2429.6
1286080 2430.5
1286090 2430.5
1286100 2429.9
1286110 2430.1
1286120 2430.1
1286130 2428.5
1286140 2426.6
1286150 2426.6
1286160 2428.0
1286170 2429.5
1286180 2429.5
1286190 2430.9
1286200 2431.7
1286210 2431.7
1286220 2432.3
1286230 2433.4
1286240 2433.4
1286250 2433.9
