1283590 2489.7
1283600 2489.7
1283610 2492.5
1283620 2496.7
1283630 2496.7
1283640 2500.4
1283650 2503.2
1283660 2503.2
1283670 2506.2
1283680 2507.5
1283690 2507.5
1283700 2508.9
1283710 2511.0
1283720 2511.0
1283730 2513.0
1283740 2514.4
1283750 2515.9
1283760 2515.9
1283770 2516.7
1283780 2517.3
1283790 2517.3
1283800 2518.1
1283810 2518.1
1283820 2518.1
1283830 2517.6
1283840 2517.2
1283850 2517.2
1283860 2517.4
1283870 2517.2
1283880 2517.2
1283890 2522.6
1283900 2521.3
1283910 2521.3
1283920 2520.0
1283930 2519.0
1283940 2517.9
1283950 2517.9
1283960 2516.1
1283970 2512.7
1283980 2512.7
1283990 2509.1
1284000 2505.8
1284010 2505.8
1284020 2504.7
1284030 2503.6
1284040 2503.6
1284050 2503.7
1284060 2503.1
1284070 2503.1
1284080 2502.3
1284090 2500.9
1284100 2500.9
1284110 2500.3
1284120 2504.4
1284130 2504.4
1284140 2508.7
1284150 2511.1
1284160 2511.1
1284170 2511.1
1284180 2509.7
1284190 2507.2
1284200 2507.2
1284210 2502.3
1284220 2497.3
1284230 2497.3
1284240 2492.8
1284250 2490.5
1284260 2490.5
1284270 2489.3
1284280 2489.6
1284290 2489.6
1284300 2490.2
1284310 2490.4
1284320 2490.4
1284330 2490.4
1284340 2491.4
1284350 2491.8
1284360 2491.8
1284370 2491.6
1284380 2493.4
1284390 2493.4
1284400 2495.3
1284410 2497.1
1284420 2497.1
1284430 2499.3
1284440 2502.1
1284450 2502.1
1284460 2503.0
1284470 2503.7
1284480 2503.7
1284490 2504.7
1284500 2505.2
1284510 2505.2
1284520 2506.2
1284530 2502.9
1284540 2502.9
1284550 2504.1
1284560 2505.6
1284570 2507.7
1284580 2507.7
1284590 2510.8
1284600 2513.5
1284610 2513.5
1284620 2516.5
1284630 2518.6
1284640 2518.6
1284650 2518.9
1284660 2519.0
1284670 2519.0
1284680 2520.2
1284690 2522.1
1284700 2522.1
1284710 2524.3
1284720 2525.1
1284730 2525.1
1284740 2526.4
1284750 2526.9
1284760 2528.3
1284770 2528.3
1284780 2531.0
1284790 2534.5
1284800 2534.5
1284810 2539.2
1284820 2542.7
1284830 2542.7
1284840 2545.2
1284850 2546.8
1284860 2546.8
1284870 2549.5
1284880 2552.3
1284890 2552.3
1284900 2552.4
1284910 2551.7
1284920 2551.7
1284930 2551.8
1284940 2553.5
1284950 2553.5
1284960 2556.8
1284970 2559.3
1284980 2562.0
1284990 2562.0
1285000 2565.0
1285010 2567.7
1285020 2567.7
1285030 2569.8
1285040 2570.9
1285050 2570.9
1285060 2573.5
1285070 2575.7
1285080 2575.7
1285090 2576.6
1285100 2578.2
1285110 2578.2
1285120 2581.1
1285130 2583.8
1285140 2583.8
1285150 2586.4
1285160 2588.3
1285170 2590.8
1285180 2590.8
1285190 2591.0
1285200 2588.2
1285210 2588.2
1285220 2585.3
1285230 2585.3
1285240 2585.3
1285250 2583.2
1285260 2578.9
1285270 2578.9
1285280 2573.6
1285290 2567.3
1285300 2567.3
1285310 2562.6
1285320 2559.4
1285330 2559.4
1285340 2553.9
1285350 2541.0
1285360 2541.0
1285370 2529.6
1285380 2527.0
1285390 2520.4
1285400 2520.4
1285410 2513.2
1285420 2510.4
1285430 2510.4
1285440 2507.7
1285450 2505.7
1285460 2505.7
1285470 2504.1
1285480 2501.6
1285490 2501.6
1285500 2500.0
1285510 2498.5
1285520 2498.5
1285530 2497.7
1285540 2497.0
1285550 2497.0
1285560 2495.6
1285570 2494.7
1285580 2492.0
1285590 2492.0
1285600 2489.5
1285610 2487.7
1285620 2487.7
1285630 2486.3
1285640 2484.7
1285650 2484.7
1285660 2482.0
1285670 2478.1
1285680 2478.1
1285690 2473.4
1285700 2469.7
1285710 2469.7
1285720 2466.2
1285730 2463.0
1285740 2463.0
1285750 2459.1
1285760 2455.9
1285770 2454.0
1285780 2454.0
1285790 2446.8
1285800 2445.2
1285810 2445.2
1285820 2442.8
1285830 2438.7
1285840 2438.7
1285850 2433.0
1285860 2429.1
1285870 2429.1
1285880 2427.7
1285890 2427.5
1285900 2427.5
1285910 2427.1
1285920 2427.1
1285930 2427.1
1285940 2427.9
1285950 2428.3
1285960 2428.3
1285970 2428.6
1285980 2428.1
1285990 2428.0
1286000 2428.0
1286010 2427.7
1286020 2429.6
1286030 2429.6
1286040 2433.3
1286050 2434.4
1286060 2434.4
1286070 2434.9
1286080 2436.3
1286090 2436.3
1286100 2438.0
1286110 2439.7
1286120 2439.7
1286130 2443.9
1286140 2449.0
1286150 2449.0
1286160 2450.5
1286170 2454.4
1286180 2458.4
1286190 2458.4
1286200 2460.0
1286210 2461.8
1286220 2461.8
1286230 2463.5
1286240 2464.0
1286250 2464.0
1286260 2464.1
1286270 2463.9
1286280 2463.9
1286290 2462.6
1286300 2462.2
1286310 2462.2
1286320 2463.8
1286330 2464.1
1286340 2464.1
1286350 2464.0
1286360 2464.2
1286370 2464.2
1286380 2463.1
1286390 2462.1
1286400 2464.7
1286410 2464.7
1286420 2471.2
1286430 2473.3
1286440 2473.3
1286450 2478.8
1286460 2484.8
1286470 2484.8
