1280000 1658.2
1280010 1653.4
1280020 1653.4
1280030 1647.8
1280040 1646.1
1280050 1646.1
1280060 1648.4
1280070 1650.7
1280080 1650.7
1280090 1651.5
1280100 1649.1
1280110 1649.1
1280120 1644.9
1280130 1640.2
1280140 1640.2
1280150 1635.7
1280160 1630.3
1280170 1630.3
1280180 1623.2
1280190 1616.9
1280200 1616.9
1280210 1610.9
1280220 1604.1
1280230 1597.6
1280240 1597.6
1280250 1591.4
1280260 1583.5
1280270 1580.9
1280280 1572.8
1280290 1565.6
1280300 1565.6
1280310 1558.3
1280320 1552.0
1280330 1552.0
1280340 1545.5
1280350 1540.4
1280360 1540.4
1280370 1535.0
1280380 1530.7
1280390 1530.7
1280400 1526.4
1280410 1521.3
1280420 1514.3
1280430 1514.3
1280440 1506.4
1280450 1500.4
1280460 1500.4
1280470 1495.5
1280480 1491.9
1280490 1491.9
1280500 1489.4
1280510 1486.9
1280520 1486.9
1280530 1474.0
1280540 1452.4
1280550 1452.4
1280560 1431.7
1280570 1420.0
1280580 1420.0
1280590 1413.0
1280600 1406.0
1280610 1406.0
1280620 1399.9
1280630 1394.2
1280640 1387.7
1280650 1387.7
1280660 1382.5
1280670 1377.6
1280680 1377.6
1280690 1372.2
1280700 1370.5
1280710 1370.5
1280720 1370.1
1280730 1370.1
1280740 1370.1
1280750 1370.1
1280760 1370.2
1280770 1370.2
1280780 1370.2
1280790 1370.1
1280800 1370.1
1280810 1369.8
1280820 1369.4
1280830 1369.2
1280840 1369.2
1280850 1369.2
1280860 1369.5
1280870 1369.5
1280880 1369.7
1280890 1369.9
1280900 1369.9
1280910 1369.8
1280920 1369.8
1280930 1369.8
1280940 1369.7
1280950 1369.8
1280960 1369.8
1280970 1369.8
1280980 1370.1
1280990 1370.1
1281000 1370.0
1281010 1370.2
1281020 1370.2
1281030 1373.8
1281040 1377.0
1281050 1377.2
1281060 1377.2
1281070 1376.9
1281080 1378.8
1281090 1378.8
1281100 1386.3
1281110 1394.3
1281120 1394.3
1281130 1400.6
1281140 1403.5
1281150 1403.5
1281160 1406.8
1281170 1409.4
1281180 1409.4
1281190 1411.7
1281200 1413.7
1281210 1413.7
1281220 1415.7
1281230 1417.3
1281240 1419.4
1281250 1419.4
1281260 1422.0
1281270 1425.0
1281280 1425.0
1281290 1429.1
1281300 1432.7
1281310 1432.7
1281320 1435.6
1281330 1438.1
1281340 1438.1
1281350 1441.0
1281360 1443.5
1281370 1443.5
1281380 1445.2
1281390 1446.3
1281400 1446.3
1281410 1449.0
1281420 1452.7
1281430 1452.7
1281440 1456.9
1281450 1461.1
1281460 1465.3
1281470 1465.3
1281480 1469.3
1281490 1472.9
1281500 1472.9
1281510 1481.5
1281520 1485.6
1281530 1485.6
1281540 1489.1
1281550 1492.7
1281560 1492.7
1281570 1496.4
1281580 1500.0
1281590 1500.0
1281600 1503.8
1281610 1508.3
1281620 1508.3
1281630 1512.8
1281640 1515.8
1281650 1515.8
1281660 1515.9
1281670 1515.6
1281680 1514.7
1281690 1514.7
1281700 1512.9
1281710 1509.6
1281720 1509.6
1281730 1505.4
1281740 1501.8
1281750 1501.8
1281760 1498.8
1281770 1495.5
1281780 1495.5
1281790 1492.3
1281800 1489.1
1281810 1489.1
1281820 1486.5
1281830 1485.3
1281840 1485.3
1281850 1484.4
1281860 1483.2
1281870 1481.3
1281880 1481.3
1281890 1480.0
1281900 1480.5
1281910 1480.5
1281920 1480.8
1281930 1481.2
1281940 1481.2
1281950 1480.8
1281960 1478.9
1281970 1478.9
1281980 1476.4
1281990 1475.1
1282000 1475.1
1282010 1480.1
1282020 1484.9
1282030 1484.9
1282040 1488.2
1282050 1491.4
1282060 1491.4
1282070 1494.5
1282080 1496.7
1282090 1499.2
1282100 1499.2
1282110 1502.6
1282120 1505.1
1282130 1501.1
1282140 1504.8
1282150 1509.0
1282160 1509.0
1282170 1513.4
1282180 1516.9
1282190 1516.9
1282200 1518.1
1282210 1520.6
1282220 1520.6
1282230 1524.3
1282240 1529.0
1282250 1529.0
1282260 1534.1
1282270 1537.6
1282280 1543.7
1282290 1543.7
1282300 1550.7
1282310 1556.8
1282320 1556.8
1282330 1562.5
1282340 1568.4
1282350 1568.4
1282360 1574.5
1282370 1580.2
1282380 1580.2
1282390 1586.7
1282400 1593.0
1282410 1593.0
1282420 1600.1
1282430 1606.7
1282440 1606.7
1282450 1609.9
1282460 1612.0
1282470 1612.0
1282480 1615.8
1282490 1620.2
1282500 1623.8
1282510 1623.8
1282520 1629.1
1282530 1644.5
1282540 1644.5
1282550 1662.5
1282560 1677.4
1282570 1677.4
1282580 1688.4
1282590 1697.7
1282600 1697.7
1282610 1707.2
1282620 1715.9
1282630 1715.9
1282640 1722.0
1282650 1727.0
1282660 1727.0
1282670 1732.4
1282680 1738.2
1282690 1743.6
1282700 1743.6
1282710 1749.5
1282720 1755.4
1282730 1755.4
1282740 1761.6
1282750 1767.8
1282760 1765.1
1282770 1770.8
1282780 1776.9
1282790 1776.9
1282800 1783.6
1282810 1790.2
1282820 1790.2
1282830 1797.0
1282840 1803.3
1282850 1803.3
1282860 1809.6
1282870 1815.7
1282880 1815.7
1282890 1821.7
1282900 1827.9
1282910 1834.0
1282920 1834.0
1282930 1839.9
1282940 1845.4
1282950 1845.4
1282960 1850.9
1282970 1856.3
1282980 1856.3
1282990 1861.9
1283000 1867.1
1283010 1867.1
1283020 1872.0
1283030 1876.7
1283040 1876.7
1283050 1880.8
1283060 1884.9
1283070 1884.9
1283080 1888.9
1283090 1892.9
1283100 1892.9
1283110 1897.1
1283120 1900.9
1283130 1905.0
1283140 1905.0
1283150 1909.0
1283160 1912.8
1283170 1912.8
1283180 1916.7
1283190 1920.4
1283200 1920.4
1283210 1924.1
1283220 1927.9
1283230 1927.9
1283240 1931.6
1283250 1934.8
1283260 1934.8
1283270 1938.0
1283280 1941.6
1283290 1941.6
1283300 1945.2
1283310 1948.9
1283320 1953.0
1283330 1953.0
1283340 1957.1
1283350 1961.0
1283360 1961.0
1283370 1964.8
1283380 1968.1
1283390 1967.7
1283400 1971.1
1283410 1974.5
1283420 1974.5
1283430 1978.0
1283440 1981.2
1283450 1981.2
1283460 1984.5
1283470 1987.2
1283480 1987.2
1283490 1989.4
1283500 1992.3
1283510 1992.3
1283520 1995.3
1283530 1997.9
1283540 2000.2
1283550 2000.2
1283560 2002.3
1283570 2004.2
1283580 2004.2
1283590 2006.6
1283600 2008.9
1283610 2008.9
1283620 2011.4
1283630 2013.6
1283640 2013.6
1283650 2015.3
1283660 2017.4
1283670 2017.4
1283680 2018.6
1283690 2019.3
1283700 2019.3
1283710 2018.8
1283720 2018.5
1283730 2018.0
1283740 2018.0
1283750 2017.8
1283760 2017.2
1283770 2017.2
1283780 2015.8
1283790 2015.9
1283800 2015.9
1283810 2016.0
1283820 2015.1
1283830 2015.1
1283840 2013.7
1283850 2012.1
1283860 2012.1
1283870 2009.7
1283880 2007.2
1283890 2007.2
1283900 2004.3
1283910 1999.7
1283920 1999.7
1283930 1993.9
1283940 1990.3
1283950 1987.3
1283960 1987.3
1283970 1986.0
1283980 1986.5
1283990 1986.5
1284000 1988.5
1284010 1991.5
1284020 1996.8
1284030 2000.8
1284040 2005.2
1284050 2005.2
1284060 2010.0
1284070 2013.8
1284080 2013.8
1284090 2018.0
1284100 2024.1
1284110 2024.1
1284120 2030.9
1284130 2037.1
1284140 2038.3
1284150 2038.3
1284160 2037.2
1284170 2037.6
1284180 2037.6
1284190 2040.0
1284200 2041.2
1284210 2041.2
1284220 2041.9
1284230 2042.5
1284240 2042.5
1284250 2043.3
1284260 2043.4
1284270 2043.4
1284280 2044.0
1284290 2041.0
1284300 2041.0
1284310 2038.7
1284320 2037.5
1284330 2037.5
1284340 2034.8
1284350 2032.7
1284360 2031.3
1284370 2031.3
1284380 2029.1
1284390 2025.5
1284400 2025.5
1284410 2020.9
1284420 2016.0
1284430 2016.0
1284440 2011.4
1284450 2008.0
1284460 2008.0
1284470 2005.3
1284480 2004.0
1284490 2004.0
1284500 2003.9
1284510 2005.1
1284520 2005.1
1284530 2006.4
1284540 2007.7
1284550 2010.4
1284560 2010.4
1284570 2016.3
1284580 2021.6
1284590 2021.6
1284600 2024.5
1284610 2025.9
1284620 2025.9
1284630 2025.4
1284640 2025.3
1284650 2028.8
1284660 2028.6
1284670 2027.5
1284680 2027.5
1284690 2028.8
1284700 2029.7
1284710 2029.7
1284720 2027.5
1284730 2029.1
1284740 2029.1
1284750 2034.9
1284760 2041.4
1284770 2046.8
1284780 2046.8
1284790 2046.9
1284800 2046.0
1284810 2046.0
1284820 2045.0
1284830 2043.8
1284840 2043.8
1284850 2042.4
1284860 2042.7
1284870 2042.7
1284880 2045.1
1284890 2052.1
1284900 2052.1
1284910 2060.5
1284920 2065.4
1284930 2065.4
1284940 2069.5
1284950 2074.2
1284960 2074.2
1284970 2080.9
1284980 2086.7
1284990 2092.8
1285000 2092.8
1285010 2099.9
1285020 2106.1
1285030 2106.1
1285040 2113.0
1285050 2121.0
1285060 2121.0
1285070 2127.4
1285080 2131.7
1285090 2131.7
1285100 2133.8
1285110 2134.1
1285120 2134.1
1285130 2129.9
1285140 2120.2
1285150 2120.2
1285160 2110.4
1285170 2101.0
1285180 2094.5
1285190 2094.5
1285200 2089.6
1285210 2085.1
1285220 2085.1
1285230 2081.4
1285240 2063.7
1285250 2063.7
1285260 2045.9
1285270 2042.7
1285280 2042.7
1285290 2046.0
1285300 2043.4
1285310 2043.4
1285320 2035.5
1285330 2031.5
1285340 2031.5
1285350 2029.7
1285360 2028.3
1285370 2028.3
1285380 2027.6
1285390 2025.8
1285400 2022.5
1285410 2022.5
1285420 2018.1
1285430 2013.8
1285440 2013.8
1285450 2009.7
1285460 2007.1
1285470 2007.1
1285480 2005.0
1285490 2002.8
1285500 2002.8
1285510 2000.8
1285520 1999.0
1285530 1999.0
1285540 1997.8
1285550 1997.0
1285560 1997.0
1285570 1996.9
1285580 1996.8
1285590 1997.1
1285600 1997.1
1285610 1997.4
1285620 1997.9
1285630 1997.9
1285640 1998.7
1285650 1999.4
1285660 1999.4
1285670 2000.4
1285680 2002.7
1285690 2002.7
1285700 2004.4
1285710 2006.7
1285720 2006.7
1285730 2009.2
1285740 2011.0
1285750 2011.0
1285760 2013.3
1285770 2017.0
1285780 2017.0
1285790 2020.3
1285800 2022.8
1285810 2026.9
1285820 2026.9
1285830 2031.4
1285840 2034.6
1285850 2034.6
1285860 2036.5
1285870 2037.4
1285880 2037.4
1285890 2037.3
1285900 2035.7
1285910 2035.7
1285920 2035.5
1285930 2035.1
1285940 2035.1
1285950 2035.2
1285960 2036.2
1285970 2036.2
1285980 2037.6
1285990 2039.7
1286000 2041.2
1286010 2041.2
1286020 2042.2
1286030 2044.5
1286040 2044.5
1286050 2047.3
1286060 2049.7
1286070 2049.7
1286080 2051.5
1286090 2054.0
1286100 2054.0
1286110 2057.9
1286120 2061.5
1286130 2061.5
1286140 2063.8
1286150 2066.6
1286160 2066.6
1286170 2069.7
1286180 2072.8
1286190 2072.8
1286200 2074.8
1286210 2074.9
1286220 2074.7
1286230 2074.7
1286240 2077.4
1286250 2081.7
1286260 2081.7
1286270 2084.4
1286280 2087.9
1286290 2087.9
1286300 2091.0
1286310 2093.8
1286320 2093.8
1286330 2095.7
1286340 2097.6
1286350 2097.6
1286360 2099.3
1286370 2100.6
1286380 2100.6
1286390 2101.4
1286400 2102.3
1286410 2104.3
1286420 2104.3
1286430 2106.0
1286440 2107.9
1286450 2107.9
1286460 2110.7
1286470 2113.2
1286480 2113.2
1286490 2115.7
1286500 2117.8
1286510 2117.8
1286520 2119.3
1286530 2121.9
1286540 2121.9
1286550 2125.2
1286560 2128.8
1286570 2128.8
1286580 2131.1
1286590 2134.0
1286600 2134.0
1286610 2136.5
1286620 2139.0
1286630 2141.9
1286640 2141.9
1286650 2144.6
1286660 2147.2
1286670 2147.2
1286680 2150.7
1286690 2155.0
1286700 2155.0
1286710 2159.7
1286720 2164.2
1286730 2164.2
1286740 2168.1
1286750 2171.1
1286760 2171.1
1286770 2172.8
1286780 2174.2
1286790 2174.2
1286800 2175.6
1286810 2178.0
1286820 2178.0
1286830 2180.7
1286840 2183.0
1286850 2185.7
1286860 2185.7
1286870 2187.8
1286880 2190.0
1286890 2190.0
1286900 2192.8
1286910 2195.8
1286920 2195.8
1286930 2198.2
1286940 2200.0
1286950 2200.0
1286960 2201.4
1286970 2202.2
1286980 2202.2
1286990 2203.1
1287000 2203.8
1287010 2203.8
1287020 2204.1
1287030 2205.1
1287040 2208.0
1287050 2208.0
1287060 2211.8
1287070 2214.3
1287080 2214.3
1287090 2217.2
1287100 2220.9
1287110 2220.9
1287120 2223.8
1287130 2226.2
1287140 2226.2
1287150 2228.0
1287160 2229.5
1287170 2229.5
1287180 2230.9
1287190 2233.1
1287200 2232.9
1287210 2235.1
1287220 2237.5
1287230 2237.5
1287240 2238.6
1287250 2239.3
1287260 2239.7
1287270 2239.7
1287280 2239.8
1287290 2240.3
1287300 2240.3
1287310 2241.2
1287320 2242.1
1287330 2242.1
1287340 2243.2
1287350 2244.8
1287360 2244.8
1287370 2246.5
1287380 2248.2
1287390 2248.2
1287400 2250.2
1287410 2252.8
1287420 2252.8
1287430 2256.0
1287440 2259.7
1287450 2262.7
1287460 2262.7
1287470 2264.0
1287480 2265.3
1287490 2265.3
1287500 2266.0
1287510 2267.4
1287520 2267.4
1287530 2269.0
1287540 2270.7
1287550 2270.7
1287560 2272.7
1287570 2274.1
1287580 2274.1
1287590 2273.3
1287600 2274.0
1287610 2274.0
1287620 2276.0
1287630 2279.1
1287640 2279.1
1287650 2282.3
1287660 2285.0
1287670 2287.3
1287680 2287.3
1287690 2290.1
1287700 2293.5
1287710 2293.5
1287720 2296.8
1287730 2300.5
1287740 2300.5
1287750 2305.0
1287760 2310.5
1287770 2310.5
1287780 2317.1
1287790 2325.8
1287800 2325.8
1287810 2333.7
1287820 2339.6
1287830 2339.6
1287840 2348.8
1287850 2354.8
1287860 2359.2
1287870 2359.2
1287880 2362.8
1287890 2365.2
1287900 2365.2
1287910 2368.3
1287920 2372.3
1287930 2372.3
1287940 2376.0
1287950 2379.8
1287960 2379.8
1287970 2383.9
1287980 2387.7
1287990 2387.7
1288000 2391.5
1288010 2394.8
1288020 2394.8
1288030 2398.1
1288040 2400.4
1288050 2400.4
1288060 2402.4
1288070 2403.9
1288080 2405.2
1288090 2405.2
1288100 2406.7
1288110 2408.2
1288120 2408.2
1288130 2409.4
1288140 2410.7
1288150 2410.7
1288160 2412.2
1288170 2414.2
1288180 2414.2
1288190 2416.5
1288200 2418.0
1288210 2418.0
1288220 2418.1
1288230 2418.2
1288240 2418.2
1288250 2416.8
1288260 2416.1
1288270 2416.1
1288280 2416.1
1288290 2416.8
1288300 2418.1
1288310 2418.1
1288320 2419.6
1288330 2421.3
1288340 2421.3
1288350 2423.1
1288360 2425.0
1288370 2425.0
1288380 2427.3
1288390 2430.4
1288400 2430.4
1288410 2434.6
1288420 2438.9
1288430 2438.9
1288440 2442.7
1288450 2446.6
1288460 2446.6
1288470 2451.0
1288480 2455.5
1288490 2462.2
1288500 2462.2
1288510 2467.6
1288520 2474.5
1288530 2474.5
1288540 2483.1
1288550 2490.8
1288560 2490.8
1288570 2497.5
1288580 2503.2
1288590 2503.2
1288600 2508.5
1288610 2514.1
1288620 2514.1
1288630 2520.0
1288640 2525.5
1288650 2525.5
1288660 2531.2
1288670 2537.9
1288680 2537.9
1288690 2545.2
1288700 2552.4
1288710 2559.2
1288720 2559.2
1288730 2565.5
1288740 2570.6
1288750 2570.6
1288760 2575.8
1288770 2581.8
1288780 2581.8
1288790 2587.3
1288800 2592.7
1288810 2592.7
1288820 2598.1
1288830 2603.9
1288840 2603.9
1288850 2609.6
1288860 2614.7
1288870 2614.7
1288880 2619.2
1288890 2622.6
1288900 2626.0
1288910 2626.0
1288920 2629.9
1288930 2633.3
1288940 2633.3
1288950 2635.1
1288960 2637.1
1288970 2637.1
1288980 2638.9
1288990 2640.6
1289000 2640.6
1289010 2642.5
1289020 2644.4
1289030 2644.4
1289040 2646.3
1289050 2648.2
1289060 2648.2
1289070 2649.7
1289080 2651.0
1289090 2651.0
1289100 2652.5
1289110 2654.0
1289120 2655.3
1289130 2655.3
1289140 2656.3
1289150 2657.3
1289160 2657.3
1289170 2658.1
1289180 2658.6
1289190 2658.6
1289200 2659.4
1289210 2661.7
1289220 2661.7
1289230 2664.5
1289240 2667.4
1289250 2667.4
1289260 2670.2
1289270 2672.9
1289280 2672.9
1289290 2675.5
1289300 2678.7
1289310 2682.0
1289320 2682.0
1289330 2685.1
1289340 2688.2
1289350 2688.2
1289360 2691.3
1289370 2694.3
1289380 2694.3
1289390 2697.3
1289400 2700.2
1289410 2700.2
1289420 2703.5
1289430 2707.7
1289440 2707.7
1289450 2711.7
1289460 2715.5
1289470 2715.5
1289480 2719.1
1289490 2722.3
1289500 2722.3
1289510 2724.8
1289520 2727.0
1289530 2729.6
1289540 2729.6
1289550 2732.5
1289560 2735.5
1289570 2735.5
1289580 2738.5
1289590 2741.1
1289600 2741.1
1289610 2743.9
1289620 2747.4
1289630 2747.4
1289640 2750.3
1289650 2753.6
1289660 2753.6
1289670 2757.0
1289680 2760.5
1289690 2760.5
1289700 2764.1
1289710 2768.2
1289720 2772.7
1289730 2772.7
1289740 2777.9
1289750 2784.2
1289760 2784.2
1289770 2793.2
1289780 2814.6
1289790 2814.6
1289800 2824.6
1289810 2833.3
1289820 2833.3
1289830 2841.8
1289840 2850.3
1289850 2850.3
1289860 2858.0
1289870 2869.1
1289880 2869.1
1289890 2882.0
1289900 2890.9
1289910 2890.9
1289920 2896.8
1289930 2901.2
1289940 2905.2
1289950 2905.2
1289960 2908.8
1289970 2912.1
1289980 2912.1
1289990 2914.5
1290000 2916.1
1290010 2916.1
1290020 2915.6
1290030 2912.7
1290040 2912.7
1290050 2909.1
1290060 2904.4
1290070 2904.4
1290080 2899.8
1290090 2896.5
1290100 2896.5
1290110 2895.8
1290120 2896.0
1290130 2896.5
1290140 2896.5
1290150 2895.9
1290160 2897.1
1290170 2897.1
1290180 2898.3
1290190 2897.5
1290200 2897.5
1290210 2896.8
1290220 2896.2
1290230 2896.2
1290240 2896.0
1290250 2896.0
1290260 2896.0
1290270 2895.7
1290280 2893.9
1290290 2893.9
1290300 2892.0
1290310 2890.3
1290320 2890.3
1290330 2887.9
1290340 2878.1
1290350 2863.8
1290360 2863.8
1290370 2851.3
1290380 2839.3
1290390 2839.3
1290400 2836.6
1290410 2833.9
1290420 2833.9
1290430 2830.7
1290440 2820.6
1290450 2820.6
1290460 2818.7
1290470 2817.5
1290480 2817.5
1290490 2817.8
1290500 2822.8
1290510 2822.8
1290520 2829.6
1290530 2838.5
1290540 2838.5
1290550 2841.2
1290560 2840.7
1290570 2842.7
1290580 2842.7
1290590 2846.0
1290600 2848.2
1290610 2848.2
1290620 2850.3
1290630 2853.3
1290640 2853.3
1290650 2856.2
1290660 2862.0
1290670 2862.0
1290680 2867.8
1290690 2868.6
1290700 2868.6
1290710 2865.2
1290720 2864.1
1290730 2864.1
1290740 2866.1
1290750 2869.5
1290760 2868.7
1290770 2868.7
1290780 2869.8
1290790 2867.7
1290800 2867.7
1290810 2867.9
1290820 2866.2
1290830 2866.2
1290840 2861.4
1290850 2854.9
1290860 2854.9
1290870 2849.4
1290880 2839.6
1290890 2839.6
1290900 2835.9
1290910 2830.9
1290920 2830.9
1290930 2816.9
1290940 2797.9
1290950 2797.9
1290960 2792.9
1290970 2784.6
1290980 2780.0
1290990 2780.0
1291000 2773.8
1291010 2771.7
1291020 2771.7
1291030 2770.5
1291040 2769.2
1291050 2769.2
1291060 2768.2
1291070 2768.4
1291080 2768.4
1291090 2761.2
1291100 2761.5
1291110 2761.5
1291120 2761.9
1291130 2762.7
1291140 2762.7
1291150 2764.4
1291160 2766.4
1291170 2767.9
1291180 2767.9
1291190 2769.2
1291200 2769.9
1291210 2769.9
1291220 2771.5
1291230 2774.6
1291240 2774.6
1291250 2772.3
1291260 2772.9
1291270 2772.9
1291280 2773.6
1291290 2774.8
1291300 2774.8
1291310 2775.3
1291320 2776.6
1291330 2776.6
1291340 2777.9
1291350 2778.2
1291360 2778.2
1291370 2777.4
1291380 2775.2
1291390 2773.6
1291400 2773.6
1291410 2772.4
1291420 2770.6
1291430 2770.6
1291440 2768.4
1291450 2763.4
1291460 2763.4
1291470 2754.1
1291480 2745.3
1291490 2745.3
1294750 2848.0
1294760 2845.3
1294770 2845.3
1294780 2843.3
1294790 2842.7
1294800 2842.7
1294810 2840.6
1294820 2843.1
1294830 2843.1
1294840 2842.1
1294850 2840.6
1294860 2840.6
1294870 2838.4
1294880 2835.1
1294890 2832.4
1294900 2832.4
1294910 2830.0
1294920 2826.6
1294930 2826.6
1294940 2807.6
1294950 2782.0
1294960 2782.0
1294970 2777.8
1294980 2777.5
1294990 2777.5
1295000 2777.1
1295010 2777.0
1295020 2777.0
1295030 2776.6
1295040 2777.6
1295050 2777.6
1295060 2773.7
1295070 2775.2
1295080 2775.2
1295090 2778.6
1295100 2784.0
1295110 2792.4
1295120 2792.4
1295130 2802.6
1295140 2812.9
1295150 2812.9
1295160 2806.5
1295170 2796.1
1295180 2796.1
1295190 2789.7
1295200 2788.5
1295210 2788.5
1295220 2786.8
1295230 2785.3
1295240 2785.3
1295250 2783.7
1295260 2782.9
1295270 2782.9
1295280 2782.1
1295290 2781.1
1295300 2776.4
1295310 2776.4
1295320 2771.8
1295330 2769.2
1295340 2769.2
1295350 2766.6
1295360 2763.8
1295370 2763.8
1295380 2761.4
1295390 2758.7
1295400 2758.7
1295410 2756.2
1295420 2753.5
1295430 2753.5
1295440 2750.5
1295450 2748.5
1295460 2748.5
1295470 2747.1
1295480 2745.8
1295490 2745.8
1295500 2744.6
1295510 2743.1
1295520 2741.8
1295530 2741.8
1295540 2740.0
1295550 2738.5
1295560 2738.5
1295570 2737.4
1295580 2736.0
1295590 2736.0
1295600 2735.0
1295610 2731.7
1295620 2731.7
1295630 2727.6
1295640 2723.6
1295650 2723.6
1295660 2719.9
1295670 2716.5
1295680 2716.5
1295690 2714.6
1295700 2714.8
1295710 2715.3
1295720 2715.3
1295730 2707.8
1295740 2705.9
1295750 2705.9
1295760 2703.4
1295770 2701.4
1295780 2701.4
1295790 2701.6
1295800 2702.9
1295810 2702.9
1295820 2704.4
1295830 2705.0
1295840 2705.0
1295850 2703.7
1295860 2701.7
1295870 2701.7
1295880 2699.8
1295890 2698.1
1295900 2698.1
1295910 2696.2
1295920 2692.7
1295930 2688.4
1295940 2688.4
1295950 2683.8
1295960 2679.6
1295970 2679.6
1295980 2675.9
1295990 2672.4
1296000 2672.4
1296010 2668.9
1296020 2665.5
1296030 2665.5
1296040 2662.1
1296050 2658.8
1296060 2658.8
1296070 2655.9
1296080 2652.7
1296090 2652.7
1296100 2649.4
1296110 2645.6
1296120 2641.5
1296130 2641.5
1296140 2637.4
1296150 2633.0
1296160 2633.0
1296170 2628.3
1296180 2623.2
1296190 2623.2
1296200 2618.3
1296210 2613.4
1296220 2613.4
1296230 2608.5
1296240 2603.5
1296250 2603.5
1296260 2598.3
1296270 2593.1
1296280 2593.1
1296290 2587.8
1296300 2582.7
1296310 2582.7
1296320 2578.0
1296330 2573.2
1296340 2568.8
1296350 2568.8
1296360 2564.7
1296370 2561.4
1296380 2561.4
1296390 2558.5
1296400 2556.1
1296410 2556.1
1296420 2554.1
1296430 2552.4
1296440 2552.4
1296450 2548.6
1296460 2543.5
1296470 2543.5
1296480 2538.9
1296490 2534.4
1296500 2534.4
1296510 2529.8
1296520 2525.1
1296530 2521.5
1296540 2521.5
1296550 2518.2
1296560 2512.9
1296570 2512.9
1296580 2507.0
1296590 2502.5
1296600 2502.5
1296610 2497.8
1296620 2492.6
1296630 2492.6
1296640 2487.1
1296650 2482.0
1296660 2482.0
1296670 2477.3
1296680 2472.3
1296690 2472.3
1296700 2468.6
1296710 2465.5
1296720 2465.5
1296730 2462.3
1296740 2459.1
1296750 2456.1
1296760 2456.1
1296770 2452.9
1296780 2449.5
1296790 2449.5
1296800 2446.5
1296810 2442.5
1296820 2442.5
1296830 2438.2
1296840 2433.9
1296850 2433.9
1296860 2429.4
1296870 2425.0
1296880 2425.0
1296890 2423.0
1296900 2422.2
1296910 2422.2
1296920 2421.5
1296930 2420.6
1296940 2420.6
1296950 2420.1
1296960 2419.5
1296970 2418.8
1296980 2418.8
1296990 2418.7
1297000 2418.0
1297010 2418.0
1297020 2417.2
1297030 2416.9
1297040 2416.9
1297050 2416.6
1297060 2416.4
1297070 2412.0
1297080 2411.4
1297090 2410.7
1297100 2410.7
1297110 2409.5
1297120 2408.9
1297130 2408.9
1297140 2407.4
1297150 2405.5
1297160 2404.0
1297170 2404.0
1297180 2403.5
1297190 2402.9
1297200 2402.9
1297210 2402.6
1297220 2402.1
1297230 2402.1
1297240 2401.4
1297250 2398.2
1297260 2398.2
1297270 2394.0
1297280 2393.3
1297290 2393.3
1297300 2393.8
1297310 2394.0
1297320 2394.0
1297330 2394.8
1297340 2395.4
1297350 2395.4
1297360 2396.3
1297370 2397.2
1297380 2398.1
1297390 2398.1
1297400 2399.2
1297410 2400.5
1297420 2400.5
1297430 2401.3
1297440 2400.8
1297450 2400.8
1297460 2400.4
1297470 2400.3
1297480 2400.3
1297490 2400.7
1297500 2401.6
1297510 2401.6
1297520 2402.3
1297530 2402.1
1297540 2402.1
1297550 2403.2
1297560 2404.5
1297570 2405.2
1297580 2405.2
1297590 2407.2
1297600 2408.8
1297610 2408.8
1297620 2408.8
1297630 2407.4
1297640 2407.4
1297650 2406.2
1297660 2405.2
1297670 2405.2
1297680 2404.0
1297690 2400.8
1297700 2400.8
1297710 2399.1
1297720 2399.7
1297730 2399.7
1297740 2399.0
1297750 2387.8
1297760 2387.8
1297770 2386.2
1297780 2383.2
1297790 2381.5
1297800 2381.5
1297810 2380.6
1297820 2378.5
1297830 2378.5
1297840 2375.1
1297850 2369.9
1297860 2369.9
1297870 2364.9
1297880 2361.3
1297890 2361.3
1297900 2357.6
1297910 2350.2
1297920 2350.2
1297930 2342.6
1297940 2337.7
1297950 2337.7
1297960 2333.5
1297970 2329.6
1297980 2325.5
1297990 2325.5
1298000 2321.8
1298010 2318.0
1298020 2318.0
1298030 2313.7
1298040 2310.2
1298050 2310.2
1298060 2306.1
1298070 2300.7
1298080 2300.7
1298090 2297.0
1298100 2295.9
1298110 2295.9
1298120 2296.1
1298130 2293.5
1298140 2293.5
1298150 2290.0
1298160 2287.3
1298170 2287.3
1298180 2284.0
1298190 2280.3
1298200 2277.1
1298210 2277.1
1298220 2273.4
1298230 2269.9
1298240 2269.9
1298250 2266.0
1298260 2261.1
1298270 2261.1
1298280 2256.3
1298290 2251.9
1298300 2251.9
1298310 2248.6
1298320 2245.5
1298330 2245.5
1298340 2241.8
1298350 2237.9
1298360 2237.9
1298370 2234.3
1298380 2231.6
1298390 2228.4
1298400 2228.4
1298410 2225.4
1298420 2222.7
1298430 2218.2
1298440 2215.0
1298450 2211.3
1298460 2211.3
1298470 2206.9
1298480 2202.4
1298490 2202.4
1298500 2197.7
1298510 2191.8
1298520 2191.8
1298530 2187.5
1298540 2184.0
1298550 2184.0
1298560 2180.2
1298570 2176.6
1298580 2176.6
1298590 2174.6
1298600 2170.8
1298610 2167.4
1298620 2167.4
1298630 2164.1
1298640 2160.7
1298650 2160.7
1298660 2157.6
1298670 2154.9
1298680 2154.9
1298690 2151.5
1298700 2147.3
1298710 2147.3
1298720 2143.0
1298730 2139.3
1298740 2139.3
1298750 2134.3
1298760 2128.0
1298770 2128.0
1298780 2121.9
1298790 2117.3
1298800 2112.6
1298810 2112.6
1298820 2107.6
1298830 2101.5
1298840 2101.5
1298850 2096.2
1298860 2091.6
1298870 2091.6
1298880 2086.1
1298890 2080.2
1298900 2080.2
1298910 2075.3
1298920 2071.3
1298930 2071.3
1298940 2067.4
1298950 2063.8
1298960 2063.8
1298970 2062.1
1298980 2059.8
1298990 2059.8
1299000 2055.5
1299010 2050.6
1299020 2049.3
1299030 2049.3
1299040 2050.7
1299050 2052.3
1299060 2052.3
1299070 2053.1
1299080 2052.6
1299090 2052.6
1299100 2051.4
1299110 2052.3
1299120 2052.3
1299130 2052.2
1299140 2055.0
1299150 2055.0
1299160 2058.9
1299170 2061.0
1299180 2061.0
1299190 2062.2
1299200 2062.1
1299210 2061.1
1299220 2061.1
1299230 2056.2
1299240 2049.3
1299250 2049.3
1299260 2044.2
1299270 2042.2
1299280 2042.2
1299290 2041.0
1299300 2040.0
1299310 2040.0
1299320 2038.7
1299330 2037.9
1299340 2037.9
1299350 2039.5
1299360 2044.7
1299370 2044.7
1299380 2046.7
1299390 2047.8
1299400 2047.8
1299410 2047.4
1299420 2045.4
1299430 2043.6
1299440 2043.6
1299450 2046.6
1299460 2047.1
1299470 2047.1
1299480 2047.7
1299490 2049.1
1299500 2049.1
1299510 2046.9
1299520 2050.9
1299530 2050.9
1299540 2059.4
1299550 2066.5
1299560 2066.5
1299570 2073.3
1299580 2079.5
1299590 2079.5
1299600 2083.8
1299610 2087.6
1299620 2087.6
1299630 2091.4
1299640 2093.9
1299650 2097.5
1299660 2097.5
1299670 2101.2
1299680 2103.8
1299690 2103.8
1299700 2105.8
1299710 2107.6
1299720 2107.6
1299730 2108.8
1299740 2110.7
1299750 2110.7
1299760 2113.1
1299770 2115.4
1299780 2115.4
1299790 2120.4
1299800 2123.1
1299810 2123.1
1299820 2124.6
1299830 2125.5
1299840 2127.3
1299850 2127.3
1299860 2129.1
1299870 2130.8
1299880 2130.8
1299890 2132.4
1299900 2136.6
1299910 2136.6
1299920 2142.7
1299930 2149.5
1299940 2149.5
1299950 2156.7
1299960 2163.8
1299970 2163.8
1299980 2170.1
1299990 2175.8
