1280500 1391.1
1280510 1391.1
1280520 1388.2
1280530 1385.6
1280540 1385.6
1280550 1381.6
1280560 1378.0
1280570 1378.0
1280580 1377.1
1280590 1376.7
1280600 1376.7
1280610 1375.5
1280620 1374.2
1280630 1374.2
1280640 1372.9
1280650 1372.6
1280660 1372.6
1280670 1372.5
1280680 1371.3
1280690 1371.3
1280700 1370.8
1280710 1370.6
1280720 1370.7
1280730 1370.7
1280740 1370.7
1280750 1370.5
1280760 1370.5
1280770 1370.1
1280780 1370.0
1280790 1370.0
1280800 1370.0
1280810 1370.0
1280820 1370.0
1280830 1370.0
1280840 1370.0
1280850 1370.0
1280860 1370.1
1280870 1370.1
1280880 1370.1
1280890 1371.6
1280900 1374.2
1280910 1376.8
1280920 1376.8
1280930 1378.3
1280940 1381.9
1280950 1381.9
1280960 1388.0
1280970 1394.2
1280980 1394.2
1280990 1400.0
1281000 1405.0
1281010 1405.0
1281020 1409.1
1281030 1412.9
1281040 1412.9
1281050 1418.7
1281060 1423.2
1281070 1423.2
1281080 1428.4
1281090 1434.2
1281100 1434.2
1281110 1440.3
1281120 1445.2
1281130 1450.0
1281140 1450.0
1281150 1454.8
1281160 1458.8
1281170 1458.8
1281180 1461.9
1281190 1466.4
1281200 1466.4
1281210 1472.8
1281220 1478.9
1281230 1478.9
1281240 1483.1
1281250 1487.2
1281260 1487.2
1281270 1491.8
1281280 1496.7
1281290 1496.7
1281300 1502.1
1281310 1507.6
1281320 1512.9
1281330 1512.9
1281340 1517.6
1281350 1522.1
1281360 1522.1
1281370 1526.9
1281380 1531.5
1281390 1531.5
1281400 1535.0
1281410 1537.8
1281420 1537.8
1281430 1540.9
1281440 1544.1
1281450 1544.1
1281460 1547.6
1281470 1551.9
1281480 1551.9
1281490 1556.3
1281500 1560.4
1281510 1560.4
1281520 1564.6
1281530 1569.0
1281540 1574.5
1281550 1574.5
1281560 1579.7
1281570 1584.8
1281580 1584.8
1281590 1589.6
1281600 1594.5
1281610 1594.5
1281620 1599.2
1281630 1603.7
1281640 1603.7
1281650 1608.0
1281660 1612.4
1281670 1617.0
1281680 1621.2
1281690 1626.2
1281700 1626.2
1281710 1630.5
1281720 1634.8
1281730 1634.8
1281740 1640.2
1281750 1645.4
1281760 1649.9
1281770 1649.9
1281780 1653.9
1281790 1656.9
1281800 1656.9
1281810 1659.0
1281820 1660.2
1281830 1660.2
1281840 1659.8
1281850 1661.0
1281860 1661.0
1281870 1664.4
1281880 1668.6
1281890 1668.6
1281900 1672.0
1281910 1667.9
1281920 1667.9
1281930 1639.2
1281940 1619.1
1281950 1602.8
1281960 1602.8
1281970 1597.0
1281980 1593.5
1281990 1593.5
1282000 1590.2
1282010 1587.7
1282020 1587.7
1282030 1584.6
1282040 1581.2
1282050 1581.2
1282060 1577.0
1282070 1572.3
1282080 1572.3
1282090 1567.0
1282100 1561.2
1282110 1561.2
1282120 1555.6
1282130 1550.0
1282140 1550.0
1282150 1545.1
1282160 1543.2
1282170 1541.9
1282180 1541.9
1282190 1539.8
1282200 1538.0
1282210 1538.0
1282220 1535.0
1282230 1532.0
1282240 1532.0
1282250 1528.5
1282260 1525.8
1282270 1525.8
1282280 1523.7
1282290 1522.9
1282300 1527.9
1282310 1526.7
1282320 1527.2
1282330 1527.2
1282340 1527.7
1282350 1527.4
1282360 1527.5
1282370 1527.5
1282380 1528.7
1282390 1531.3
1282400 1531.3
1282410 1534.8
1282420 1537.6
1282430 1537.6
1282440 1540.7
1282450 1543.9
1282460 1543.9
1282470 1547.2
1282480 1550.3
1282490 1550.3
1282500 1553.8
1282510 1558.6
1282520 1558.6
1282530 1562.4
1282540 1565.8
1282550 1565.8
1282560 1570.3
1282570 1575.0
1282580 1579.7
1282590 1579.7
1282600 1584.7
1282610 1589.8
1282620 1589.8
1282630 1594.4
1282640 1599.2
1282650 1599.2
1282660 1605.4
1282670 1613.7
1282680 1613.7
1282690 1621.9
1282700 1632.7
1282710 1632.7
1282720 1639.9
1282730 1646.3
1282740 1646.3
1282750 1651.7
1282760 1656.7
1282770 1661.5
1282780 1661.5
1282790 1670.2
1282800 1681.6
1282810 1681.6
1282820 1696.9
1282830 1708.9
1282840 1708.9
1282850 1717.9
1282860 1724.1
1282870 1724.1
1282880 1729.1
1282890 1730.5
1282900 1730.5
1282910 1730.4
1282920 1731.0
1282930 1720.3
1282940 1723.6
1282950 1726.3
1282960 1726.3
1282970 1729.3
1282980 1732.6
1282990 1735.7
1283000 1735.7
1283010 1739.6
1283020 1743.3
1283030 1743.3
1283040 1746.4
1283050 1749.4
1283060 1749.4
1283070 1752.1
1283080 1754.8
1283090 1754.8
1283100 1757.6
1283110 1760.3
1283120 1760.3
1283130 1763.3
1283140 1767.1
1283150 1767.1
1283160 1770.7
1283170 1774.2
1283180 1777.5
1283190 1777.5
1283200 1781.3
1283210 1785.5
1283220 1785.5
1283230 1789.7
1283240 1794.2
1283250 1794.2
1283260 1798.8
1283270 1803.0
1283280 1803.0
1283290 1807.1
1283300 1810.6
1283310 1810.6
1283320 1813.8
1283330 1818.1
1283340 1818.1
1283350 1823.3
1283360 1828.1
1283370 1828.1
1283380 1832.4
1283390 1835.5
1283400 1838.2
1283410 1838.2
1283420 1842.1
1283430 1846.6
1283440 1846.6
1283450 1851.5
1283460 1856.8
1283470 1856.8
1283480 1862.4
1283490 1868.1
1283500 1868.1
1283510 1873.2
1283520 1878.3
1283530 1878.3
1283540 1883.8
1283550 1883.7
1283560 1883.7
1283570 1888.0
1283580 1892.4
1283590 1892.4
1283600 1897.7
1283610 1902.5
1283620 1907.2
1283630 1907.2
1283640 1911.7
1283650 1915.9
1283660 1915.9
1283670 1920.0
1283680 1924.3
1283690 1924.3
1283700 1928.9
1283710 1933.3
1283720 1933.3
1283730 1937.2
1283740 1940.6
1283750 1940.6
1283760 1943.2
1283770 1945.8
1283780 1945.8
1283790 1950.5
1283800 1956.8
1283810 1962.2
1283820 1962.2
1283830 1966.8
1283840 1971.0
1283850 1971.0
1283860 1975.2
1283870 1979.2
1283880 1979.2
1283890 1986.3
1283900 1993.6
1283910 1993.6
1283920 1999.9
1283930 2009.2
1283940 2009.2
1283950 2017.6
1283960 2023.2
1283970 2023.2
1283980 2030.1
1283990 2036.0
1284000 2036.0
1284010 2037.0
1284020 2037.4
1284030 2043.8
1284040 2043.8
1284050 2049.0
1284060 2053.9
1284070 2053.9
1284080 2057.8
1284090 2060.4
1284100 2060.4
1284110 2064.9
1284120 2073.1
1284130 2073.1
1284140 2083.3
1284150 2093.2
1284160 2093.2
1284170 2103.1
1284180 2108.8
1284190 2108.8
1284200 2111.2
1284210 2113.7
1284220 2119.8
1284230 2119.8
1284240 2125.4
1284250 2131.1
1284260 2131.1
1284270 2137.8
1284280 2145.1
1284290 2145.1
1284300 2152.4
1284310 2158.4
1284320 2158.4
1284330 2162.6
1284340 2167.3
1284350 2167.3
1284360 2172.2
1284370 2176.5
1284380 2176.5
1284390 2179.8
1284400 2179.3
1284410 2179.3
1284420 2176.3
1284430 2175.5
1284440 2175.5
1284450 2175.5
1284460 2176.2
1284470 2176.7
1284480 2176.7
1284490 2164.9
1284500 2140.5
1284510 2140.5
1284520 2137.7
1284530 2136.3
1284540 2136.3
1284550 2138.2
1284560 2135.7
1284570 2135.7
1284580 2126.6
1284590 2116.9
1284600 2116.9
1284610 2107.4
1284620 2104.1
1284630 2102.8
1284640 2102.8
1284650 2100.5
1284660 2097.1
1284670 2097.1
1284680 2093.0
1284690 2089.5
1284700 2089.5
1284710 2087.4
1284720 2086.3
1284730 2086.3
1284740 2084.3
1284750 2081.8
1284760 2081.8
1284770 2079.4
1284780 2077.6
1284790 2077.6
1284800 2076.5
1284810 2075.6
1284820 2079.5
1284830 2079.6
1284840 2080.7
1284850 2082.6
1284860 2082.6
1284870 2085.4
1284880 2088.9
1284890 2088.9
1284900 2091.6
1284910 2095.3
1284920 2095.3
1284930 2099.7
1284940 2104.4
1284950 2104.4
1284960 2109.9
1284970 2115.9
1284980 2115.9
1284990 2121.7
1285000 2125.5
1285010 2125.5
1285020 2127.9
1285030 2131.2
1285040 2135.7
1285050 2135.7
1285060 2140.5
1285070 2143.4
1285080 2143.4
1285090 2147.2
1285100 2153.1
1285110 2153.1
1285120 2160.2
1285130 2169.1
1285140 2169.1
1285150 2178.6
1285160 2186.8
1285170 2186.8
1285180 2192.4
1285190 2198.2
1285200 2198.2
1285210 2206.2
1285220 2214.3
1285230 2214.3
1285240 2222.3
1285250 2231.0
1285260 2238.8
1285270 2238.8
1285280 2246.5
1285290 2253.6
1285300 2253.6
1285310 2259.7
1285320 2262.0
1285330 2262.0
1285340 2262.2
1285350 2260.8
1285360 2260.8
1285370 2259.5
1285380 2259.8
1285390 2259.8
1285400 2254.9
1285410 2243.7
1285420 2243.7
1285430 2238.8
1285440 2233.6
1285450 2246.1
1285460 2235.8
1285470 2227.3
1285480 2221.6
1285490 2221.6
1285500 2213.0
1285510 2208.1
1285520 2208.1
1285530 2203.3
1285540 2201.1
1285550 2201.1
1285560 2199.1
1285570 2182.9
1285580 2182.9
1285590 2163.6
1285600 2161.4
1285610 2161.4
1285620 2160.0
1285630 2153.1
1285640 2153.1
1285650 2139.1
1285660 2118.0
1285670 2113.2
1285680 2113.2
1285690 2110.5
1285700 2107.0
1285710 2107.0
1285720 2105.0
1285730 2103.0
1285740 2103.0
1285750 2099.9
1285760 2097.1
1285770 2097.1
1285780 2094.1
1285790 2092.7
1285800 2092.7
1285810 2092.0
1285820 2090.8
1285830 2090.8
1285840 2090.2
1285850 2090.0
1285860 2090.0
1285870 2090.5
1285880 2090.5
1285890 2091.0
1285900 2091.0
1285910 2091.8
1285920 2092.7
1285930 2092.7
1285940 2092.8
1285950 2092.7
1285960 2092.7
1285970 2092.6
1285980 2094.6
1285990 2094.6
1286000 2098.3
1286010 2102.0
1286020 2102.0
1286030 2105.5
1286040 2108.9
1286050 2108.9
1286060 2111.9
1286070 2113.2
1286080 2113.5
1286090 2118.3
1286100 2117.9
1286110 2118.1
1286120 2118.1
1286130 2118.5
1286140 2119.6
1286150 2119.6
1286160 2121.1
1286170 2122.7
1286180 2122.7
1286190 2125.3
1286200 2128.0
1286210 2128.0
1286220 2131.4
1286230 2135.6
1286240 2135.6
1286250 2138.3
1286260 2140.7
1286270 2140.7
1286280 2144.4
1286290 2148.9
1286300 2153.6
1286310 2153.6
1286320 2158.5
1286330 2163.0
1286340 2163.0
1286350 2166.2
1286360 2167.7
1286370 2167.7
1286380 2167.8
1286390 2166.8
1286400 2166.8
1286410 2166.0
1286420 2166.6
1286430 2166.6
1286440 2167.1
1286450 2168.7
1286460 2168.7
1286470 2170.3
1286480 2171.1
1286490 2172.1
1286500 2172.1
1286510 2172.9
1286520 2173.5
1286530 2173.5
1286540 2174.7
1286550 2174.3
1286560 2174.3
1286570 2173.8
1286580 2175.3
1286590 2175.3
1286600 2176.2
1286610 2178.0
1286620 2178.0
1286630 2180.2
1286640 2182.7
1286650 2182.7
1286660 2185.3
1286670 2187.4
1286680 2187.4
1286690 2189.6
1286700 2191.7
1286710 2192.7
1286720 2192.7
1286730 2198.8
1286740 2201.7
1286750 2201.7
1286760 2205.6
1286770 2210.1
1286780 2210.1
1286790 2215.0
1286800 2219.4
1286810 2219.4
1286820 2222.9
1286830 2225.4
1286840 2225.4
1286850 2227.7
1286860 2229.5
1286870 2229.5
1286880 2232.0
1286890 2236.1
1286900 2240.7
1286910 2240.7
1286920 2244.7
1286930 2247.0
1286940 2247.0
1286950 2247.8
1286960 2248.1
1286970 2248.1
1286980 2248.1
1286990 2248.9
1287000 2248.9
1287010 2250.2
1287020 2251.4
1287030 2251.4
1287040 2252.4
1287050 2253.3
1287060 2253.3
1287070 2254.6
1287080 2256.4
1287090 2256.4
1287100 2258.7
1287110 2261.0
1287120 2263.1
1287130 2263.1
1287140 2264.6
1287150 2265.5
1287160 2265.5
1287170 2267.5
1287180 2273.6
1287190 2273.6
1287200 2277.5
1287210 2280.2
1287220 2280.2
1287230 2282.0
1287240 2283.9
1287250 2283.9
1287260 2284.9
1287270 2287.1
1287280 2287.1
1287290 2290.8
1287300 2293.6
1287310 2294.9
1287320 2294.9
1287330 2297.7
1287340 2302.3
1287350 2302.3
1287360 2306.0
1287370 2310.7
1287380 2310.7
1287390 2313.8
1287400 2317.7
1287410 2317.7
1287420 2321.7
1287430 2323.5
1287440 2323.5
1287450 2324.1
1287460 2324.5
1287470 2324.5
1287480 2323.7
1287490 2324.5
1287500 2324.5
1287510 2326.1
1287520 2327.2
1287530 2328.7
1287540 2328.7
1287550 2331.7
1287560 2333.6
1287570 2333.6
1287580 2334.7
1287590 2335.9
1287600 2335.9
1287610 2338.2
1287620 2340.1
1287630 2340.1
1287640 2341.2
1287650 2340.3
1287660 2340.3
1287670 2339.4
1287680 2338.9
1287690 2338.9
1287700 2339.0
1287710 2339.9
1287720 2339.9
1287730 2340.7
1287740 2341.5
1287750 2342.5
1287760 2342.5
1287770 2343.3
1287780 2343.8
1287790 2343.8
1287800 2344.3
1287810 2345.2
1287820 2345.2
1287830 2345.7
1287840 2346.7
1287850 2346.7
1287860 2349.0
1287870 2352.3
1287880 2352.3
1287890 2356.7
1287900 2362.0
1287910 2362.0
1287920 2367.0
1287930 2371.9
1287940 2377.1
1287950 2377.1
1287960 2382.2
1287970 2387.1
1287980 2387.1
1287990 2391.7
1288000 2396.2
1288010 2400.4
1288020 2405.0
1288030 2408.8
1288040 2408.8
1288050 2413.9
1288060 2419.5
1288070 2419.5
1288080 2424.5
1288090 2430.7
1288100 2430.7
1288110 2436.9
1288120 2442.3
1288130 2442.3
1288140 2445.8
1288150 2448.1
1288160 2450.4
1288170 2450.4
1288180 2456.7
1288190 2462.1
1288200 2462.1
1288210 2467.5
1288220 2471.5
1288230 2471.5
1288240 2474.5
1288250 2476.8
1288260 2476.8
1288270 2478.3
1288280 2479.8
1288290 2479.8
1288300 2482.6
1288310 2485.8
1288320 2485.8
1288330 2489.6
1288340 2493.7
1288350 2497.4
1288360 2497.4
1288370 2501.1
1288380 2504.0
1288390 2504.0
1288400 2506.5
1288410 2509.3
1288420 2509.3
1288430 2512.3
1288440 2515.4
1288450 2515.4
1288460 2519.7
1288470 2525.2
1288480 2525.2
1288490 2529.6
1288500 2533.2
1288510 2533.2
1288520 2535.9
1288530 2539.5
1288540 2539.5
1288550 2543.9
1288560 2548.0
1288570 2552.3
1288580 2552.3
1288590 2556.8
1288600 2560.5
1288610 2560.5
1288620 2564.2
1288630 2569.2
1288640 2569.2
1288650 2574.1
1288660 2581.0
1288670 2581.0
1288680 2583.9
1288690 2587.0
1288700 2587.0
1288710 2590.4
1288720 2595.2
1288730 2595.2
1288740 2600.2
1288750 2603.6
1288760 2607.4
1288770 2607.4
1288780 2611.2
1288790 2615.1
1288800 2615.1
1288810 2620.9
1288820 2629.5
1288830 2629.5
1288840 2636.4
1288850 2642.5
1288860 2642.5
1288870 2647.4
1288880 2651.5
1288890 2651.5
1288900 2655.5
1288910 2659.0
1288920 2659.0
1288930 2663.1
1288940 2667.6
1288950 2667.6
1288960 2671.9
1288970 2675.8
1288980 2680.1
1288990 2680.1
1289000 2685.1
1289010 2690.3
1289020 2690.3
1289030 2694.6
1289040 2699.7
1289050 2699.7
1289060 2705.3
1289070 2710.8
1289080 2710.8
1289090 2719.6
1289100 2728.6
1289110 2728.6
1289120 2736.6
1289130 2742.9
1289140 2742.9
1289150 2748.6
1289160 2753.8
1289170 2758.6
1289180 2758.6
1289190 2762.7
1289200 2765.1
1289210 2765.1
1289220 2764.1
1289230 2766.4
1289240 2766.4
1289250 2768.0
1289260 2766.9
1289270 2766.9
1289280 2766.3
1289290 2771.1
1289300 2777.6
1289310 2783.0
1289320 2789.2
1289330 2789.2
1289340 2795.8
1289350 2801.0
1289360 2801.0
1289370 2804.0
1289380 2806.4
1289390 2809.8
1289400 2809.8
1289410 2814.0
1289420 2818.6
1289430 2818.6
1289440 2823.3
1289450 2829.1
1289460 2829.1
1289470 2835.9
1289480 2842.8
1289490 2842.8
1289500 2850.4
1289510 2855.2
1289520 2855.2
1289530 2856.7
1289540 2856.9
1289550 2856.9
1289560 2856.1
1289570 2852.1
1289580 2849.1
1289590 2849.1
1289600 2847.4
1289610 2844.5
1289620 2844.5
1289630 2843.0
1289640 2843.2
1289650 2843.2
1289660 2828.8
1289670 2805.4
1289680 2805.4
1289690 2798.6
1289700 2798.9
1289710 2798.9
1289720 2798.9
1289730 2799.5
1289740 2799.5
1289750 2801.3
1289760 2802.9
1289770 2802.9
1289780 2803.9
1289790 2805.6
1289800 2805.7
1289810 2805.7
1289820 2804.4
1289830 2803.9
1289840 2803.9
1289850 2803.7
1289860 2804.1
1289870 2804.1
1289880 2802.3
1289890 2800.2
1289900 2800.2
1289910 2799.4
1289920 2800.3
1289930 2800.3
1289940 2799.2
1294900 2646.7
1294910 2646.7
1294920 2649.5
1294930 2654.3
1294940 2658.4
1294950 2658.4
1294960 2661.0
1294970 2662.9
1294980 2662.9
1294990 2665.5
1295000 2668.6
1295010 2668.6
1295020 2671.7
1295030 2675.8
1295040 2675.8
1295050 2680.0
1295060 2686.6
1295070 2686.6
1295080 2697.9
1295090 2707.6
1295100 2707.6
1295110 2719.6
1295120 2740.8
1295130 2740.8
1295140 2751.0
1295150 2755.5
1295160 2767.8
1295170 2767.8
1295180 2783.4
1295190 2796.2
1295200 2796.2
1295210 2801.8
1295220 2799.5
1295230 2790.2
1295240 2783.9
1295250 2768.8
1295260 2768.8
1295270 2765.6
1295280 2773.9
1295290 2773.9
1295300 2779.3
1295310 2783.8
1295320 2783.8
1295330 2783.8
1295340 2783.2
1295350 2783.2
1295360 2782.5
1295370 2778.7
1295380 2775.3
1295390 2775.3
1295400 2770.8
1295410 2763.1
1295420 2763.1
1295430 2754.0
1295440 2746.1
1295450 2746.1
1295460 2741.0
1295470 2735.9
1295480 2735.9
1295490 2730.2
1295500 2724.6
1295510 2724.6
1295520 2719.9
1295530 2713.9
1295540 2713.9
1295550 2703.7
1295560 2694.8
1295570 2688.9
1295580 2688.9
1295590 2683.8
1295600 2679.4
1295610 2679.4
1295620 2677.6
1295630 2676.5
1295640 2676.5
1295650 2674.5
1295660 2673.9
1295670 2673.9
1295680 2674.0
1295690 2672.4
1295700 2672.4
1295710 2669.7
1295720 2665.1
1295730 2665.1
1295740 2659.1
1295750 2655.4
1295760 2655.4
1295770 2652.8
1295780 2650.6
1295790 2648.4
1295800 2648.4
1295810 2647.7
1295820 2645.9
1295830 2645.9
1295840 2642.1
1295850 2637.8
1295860 2637.8
1295870 2635.0
1295880 2632.5
1295890 2632.5
1295900 2628.4
1295910 2625.5
1295920 2625.5
1295930 2622.3
1295940 2619.6
1295950 2619.6
1295960 2617.2
1295970 2613.6
1295980 2611.1
1295990 2611.1
1296000 2608.7
1296010 2607.2
1296020 2607.2
1296030 2606.0
1296040 2604.9
1296050 2604.9
1296060 2602.4
1296070 2599.7
1296080 2599.7
1296090 2596.5
1296100 2593.7
1296110 2593.7
1296120 2590.7
1296130 2587.6
1296140 2587.6
1296150 2583.6
1296160 2579.5
1296170 2579.5
1296180 2576.3
1296190 2573.7
1296200 2571.1
1296210 2571.1
1296220 2567.6
1296230 2564.6
1296240 2564.6
1296250 2562.2
1296260 2559.4
1296270 2559.4
1296280 2556.2
1296290 2553.7
1296300 2553.7
1296310 2551.6
1296320 2549.3
1296330 2549.3
1296340 2546.8
1296350 2543.5
1296360 2543.5
1296370 2539.5
1296380 2536.7
1296390 2534.1
1296400 2534.1
1296410 2531.3
1296420 2528.5
1296430 2528.5
1296440 2525.0
1296450 2520.9
1296460 2520.9
1296470 2517.1
1296480 2513.5
1296490 2513.5
1296500 2508.4
1296510 2502.7
1296520 2502.7
1296530 2496.6
1296540 2490.1
1296550 2490.1
1296560 2484.1
1296570 2478.2
1296580 2478.2
1296590 2473.8
1296600 2469.3
1296610 2465.6
1296620 2465.6
1296630 2462.9
1296640 2460.5
1296650 2460.5
1296660 2458.1
1296670 2455.7
1296680 2455.7
1296690 2452.9
1296700 2450.0
1296710 2450.0
1296720 2447.3
1296730 2444.5
1296740 2444.5
1296750 2441.6
1296760 2438.9
1296770 2438.9
1296780 2436.1
1296790 2433.6
1296800 2429.9
1296810 2429.9
1296820 2424.1
1296830 2417.6
1296840 2417.6
1296850 2411.4
1296860 2405.6
1296870 2405.6
1296880 2400.6
1296890 2395.6
1296900 2395.6
1296910 2390.6
1296920 2386.0
1296930 2386.0
1296940 2381.5
1296950 2376.8
1296960 2376.8
1296970 2371.5
1296980 2366.2
1296990 2366.2
1297000 2361.1
1297010 2355.9
1297020 2350.6
1297030 2350.6
1297040 2345.4
1297050 2340.3
1297060 2340.3
1297070 2335.3
1297080 2330.1
1297090 2330.1
1297100 2325.0
1297110 2320.7
1297120 2320.7
1297130 2315.8
1297140 2310.5
1297150 2310.5
1297160 2308.3
1297170 2307.3
1297180 2307.3
1297190 2305.5
1297200 2304.7
1297210 2303.8
1297220 2303.8
1297230 2303.2
1297240 2301.8
1297250 2298.1
1297260 2297.1
1297270 2296.6
1297280 2296.6
1297290 2296.1
1297300 2295.1
1297310 2295.1
1297320 2294.2
1297330 2293.2
1297340 2293.2
1297350 2292.4
1297360 2291.0
1297370 2291.0
1297380 2286.3
1297390 2282.3
1297400 2282.3
1297410 2280.2
1297420 2276.7
1297430 2273.1
1297440 2273.1
1297450 2270.6
1297460 2266.7
1297470 2266.7
1297480 2262.2
1297490 2258.9
1297500 2258.9
1297510 2256.6
1297520 2253.3
1297530 2253.3
1297540 2249.7
1297550 2246.7
1297560 2246.7
1297570 2243.7
1297580 2240.5
1297590 2240.5
1297600 2237.0
1297610 2234.9
1297620 2233.4
1297630 2233.4
1297640 2232.7
1297650 2233.5
1297660 2233.5
1297670 2233.1
1297680 2233.2
1297690 2233.2
1297700 2233.2
1297710 2232.1
1297720 2232.1
1297730 2230.5
1297740 2228.7
1297750 2228.7
1297760 2227.9
1297770 2226.6
1297780 2226.6
1297790 2225.0
1297800 2224.2
1297810 2224.2
1297820 2224.3
1297830 2224.1
1297840 2224.0
1297850 2224.0
1297860 2223.6
1297870 2223.1
1297880 2223.1
1297890 2222.3
1297900 2222.3
1297910 2222.3
1297920 2215.8
1297930 2213.6
1297940 2213.6
1297950 2210.8
1297960 2209.4
1297970 2209.4
1297980 2208.2
1297990 2206.5
1298000 2206.5
1298010 2204.7
1298020 2202.9
1298030 2200.9
1298040 2200.9
1298050 2198.4
1298060 2196.8
1298070 2196.8
1298080 2194.2
1298090 2191.9
1298100 2191.9
1298110 2189.7
1298120 2187.1
1298130 2187.1
1298140 2184.7
1298150 2181.6
1298160 2181.6
1298170 2179.0
1298180 2176.6
1298190 2176.6
1298200 2174.7
1298210 2172.6
1298220 2172.6
1298230 2170.5
1298240 2167.8
1298250 2165.6
1298260 2165.6
1298270 2163.1
1298280 2159.7
1298290 2159.7
1298300 2156.0
1298310 2152.4
1298320 2152.4
1298330 2149.5
1298340 2147.1
1298350 2147.1
1298360 2143.8
1298370 2140.7
1298380 2140.7
1298390 2137.6
1298400 2134.6
1298410 2134.6
1298420 2131.6
1298430 2129.1
1298440 2129.1
1298450 2127.2
1298460 2124.9
1298470 2121.5
1298480 2121.5
1298490 2120.0
1298500 2118.8
1298510 2118.8
1298520 2116.9
1298530 2114.1
1298540 2114.1
1298550 2111.0
1298560 2107.5
1298570 2107.5
1298580 2104.3
1298590 2101.7
1298600 2100.9
1298610 2098.5
1298620 2095.2
1298630 2095.2
1298640 2092.2
1298650 2090.8
1298660 2088.6
1298670 2088.6
1298680 2087.1
1298690 2086.4
1298700 2086.4
1298710 2086.1
1298720 2085.6
1298730 2085.6
1298740 2083.5
1298750 2082.7
1298760 2082.7
1298770 2081.4
1298780 2080.1
1298790 2080.1
1298800 2079.3
1298810 2079.0
1298820 2079.0
1298830 2078.0
1298840 2076.3
1298850 2076.3
1298860 2075.0
1298870 2073.5
1298880 2070.5
1298890 2070.5
1298900 2074.7
1298910 2078.9
1298920 2078.9
1298930 2078.8
1298940 2081.8
1298950 2081.8
1298960 2086.0
1298970 2088.7
1298980 2088.7
1298990 2092.1
1299000 2095.2
1299010 2095.2
1299020 2098.4
1299030 2101.3
1299040 2101.3
1299050 2103.6
1299060 2105.7
1299070 2106.2
1299080 2106.2
1299090 2107.7
1299100 2110.4
1299110 2110.4
1299120 2112.2
1299130 2113.4
1299140 2113.4
1299150 2114.8
1299160 2115.7
1299170 2115.7
1299180 2116.4
1299190 2117.4
1299200 2117.4
1299210 2117.9
1299220 2117.6
1299230 2117.6
1299240 2117.6
1299250 2117.4
1299260 2117.4
1299270 2116.4
1299280 2113.2
1299290 2112.7
1299300 2112.7
1299310 2110.1
1299320 2110.1
1299330 2110.1
1299340 2110.8
1299350 2109.9
1299360 2109.9
1299370 2108.6
1299380 2110.4
1299390 2110.4
1299400 2110.7
1299410 2110.4
1299420 2110.4
1299430 2109.8
1299440 2108.8
1299450 2108.8
1299460 2108.6
1299470 2109.7
1299480 2112.3
1299490 2112.3
1299500 2115.2
1299510 2119.4
1299520 2119.4
1299530 2123.8
1299540 2127.8
1299550 2127.8
1299560 2132.8
1299570 2138.2
1299580 2138.2
1299590 2143.6
1299600 2149.0
1299610 2149.0
1299620 2154.0
1299630 2158.7
1299640 2158.7
1299650 2163.0
1299660 2167.6
1299670 2167.6
1299680 2172.6
1299690 2176.9
1299700 2181.6
1299710 2181.6
1299720 2187.0
1299730 2194.4
1299740 2194.4
1299750 2202.1
1299760 2209.3
1299770 2209.3
1299780 2212.8
1299790 2214.0
1299800 2214.0
1299810 2214.5
1299820 2215.9
1299830 2215.9
1299840 2217.9
1299850 2219.6
1299860 2219.6
1299870 2220.7
1299880 2221.2
1299890 2222.6
1299900 2222.6
1299910 2225.8
1299920 2228.7
1299930 2228.7
1299940 2230.1
1299950 2234.0
1299960 2234.0
1299970 2241.6
1299980 2245.9
1299990 2245.9
