1281370 1626.7
1281380 1633.9
1281390 1640.0
1281400 1640.0
1281410 1642.8
1281420 1647.7
1281430 1647.7
1281440 1654.6
1281450 1662.2
1281460 1662.2
1281470 1674.5
1281480 1684.6
1281490 1684.6
1281500 1689.3
1281510 1694.2
1281520 1694.2
1281530 1699.0
1281540 1702.8
1281550 1702.8
1281560 1707.0
1281570 1712.5
1281580 1717.6
1281590 1717.6
1281600 1722.5
1281610 1727.7
1281620 1727.7
1281630 1733.0
1281640 1737.5
1281650 1737.5
1281660 1741.9
1281670 1746.3
1281680 1748.5
1281690 1753.5
1281700 1758.5
1281710 1758.5
1281720 1763.8
1281730 1769.2
1281740 1769.2
1281750 1773.4
1281760 1776.7
1281770 1776.7
1281780 1780.6
1281790 1784.8
1281800 1788.8
1281810 1788.8
1281820 1792.2
1281830 1795.1
1281840 1795.1
1281850 1798.2
1281860 1802.4
1281870 1802.4
1281880 1806.7
1281890 1810.2
1281900 1810.2
1281910 1813.4
1281920 1815.5
1281930 1815.5
1281940 1814.1
1281950 1809.0
1281960 1809.0
1281970 1803.8
1281980 1798.5
1281990 1798.5
1282000 1794.8
1282010 1793.8
1282020 1792.8
1282030 1792.8
1282040 1793.2
1282050 1794.6
1282060 1794.6
1282070 1797.3
1282080 1799.9
1282090 1799.9
1282100 1801.8
1282110 1805.6
1282120 1805.6
1282130 1810.7
1282140 1813.2
1282150 1813.2
1282160 1815.3
1282170 1817.8
1282180 1817.8
1282190 1820.6
1282200 1823.8
1282210 1825.9
1282220 1825.9
1282230 1826.6
1282240 1831.5
1282250 1831.5
1282260 1841.0
1282270 1850.3
1282280 1850.3
1282290 1858.3
1282300 1869.3
1282310 1869.3
1282320 1869.1
1282330 1852.6
1282340 1852.6
1282350 1834.5
1282360 1810.7
1282370 1810.7
1282380 1789.5
1282390 1754.5
1282400 1754.5
1282410 1727.4
1282420 1720.9
1282430 1714.4
1282440 1714.4
1282450 1707.2
1282460 1703.1
1282470 1703.1
1282480 1698.8
1282490 1701.9
1282500 1701.9
1282510 1705.7
1282520 1709.5
1282530 1709.5
1282540 1715.8
1282550 1720.9
1282560 1720.9
1282570 1722.9
1282580 1724.0
1282590 1724.0
1282600 1725.9
1282610 1727.7
1282620 1729.7
1282630 1729.7
1282640 1731.5
1282650 1734.8
1282660 1734.8
1282670 1737.6
1282680 1738.2
1282690 1738.2
1282700 1740.1
1282710 1741.3
1282720 1741.3
1282730 1742.1
1282740 1742.4
1282750 1742.4
1282760 1741.3
1282770 1740.3
1282780 1740.3
1282790 1738.6
1282800 1737.2
1282810 1737.2
1282820 1736.5
1282830 1737.7
1282840 1736.2
1282850 1736.2
1282860 1733.1
1282870 1732.1
1282880 1732.1
1282890 1733.0
1282900 1737.9
1282910 1737.9
1282920 1746.8
1282930 1753.0
1282940 1753.0
1282950 1756.0
1282960 1757.0
1282970 1757.0
1282980 1762.9
1282990 1771.7
1283000 1771.7
1283010 1776.8
1283020 1778.5
1283030 1783.5
1283040 1783.5
1283050 1787.1
1283060 1788.0
1283070 1788.0
1283080 1784.3
1283090 1780.7
1283100 1780.7
1283110 1784.0
1283120 1787.0
1283130 1787.0
1283140 1787.4
1283150 1786.8
1283160 1786.8
1283170 1787.1
1283180 1789.0
1283190 1789.0
1283200 1791.3
1283210 1793.8
1283220 1793.8
1283230 1796.2
1283240 1798.9
1283250 1804.5
1283260 1804.5
1283270 1810.5
1283280 1816.0
1283290 1816.0
1283300 1819.8
1283310 1821.0
1283320 1821.0
1283330 1822.7
1283340 1826.6
1283350 1826.6
1283360 1829.7
1283370 1829.6
1283380 1829.6
1283390 1829.8
1283400 1830.9
1283410 1830.9
1283420 1832.2
1283430 1844.8
1283440 1851.3
1283450 1851.3
1283460 1854.1
1283470 1857.2
1283480 1857.2
1283490 1859.4
1283500 1861.7
1283510 1861.7
1283520 1863.8
1283530 1865.7
1283540 1865.7
1283550 1867.6
1283560 1872.3
1283570 1872.3
1283580 1873.9
1283590 1875.0
1283600 1875.0
1283610 1876.8
1283620 1878.2
1283630 1878.2
1283640 1879.9
1283650 1882.2
1283660 1884.1
1283670 1884.1
1283680 1885.9
1283690 1888.5
1283700 1888.5
1283710 1891.0
1283720 1894.0
1283730 1894.0
1283740 1899.9
1283750 1906.4
1283760 1906.4
1283770 1910.5
1283780 1914.0
1283790 1914.0
1283800 1917.6
1283810 1921.0
1283820 1921.0
1283830 1925.7
1283840 1931.4
1283850 1936.4
1283860 1936.4
1283870 1940.2
1283880 1944.6
1283890 1944.6
1283900 1948.0
1283910 1951.6
1283920 1951.6
1283930 1954.7
1283940 1957.9
1283950 1957.9
1283960 1961.1
1283970 1965.2
1283980 1965.2
1283990 1966.9
1284000 1968.4
1284010 1968.4
1284020 1969.4
1284030 1969.4
1284040 1969.4
1284050 1969.3
1284060 1970.2
1284070 1971.9
1284080 1971.9
1284090 1973.3
1284100 1975.7
1284110 1975.7
1284120 1979.7
1284130 1984.6
1284140 1984.6
1284150 1988.9
1284160 1993.8
1284170 1993.8
1284180 1998.4
1284190 1999.9
1284200 1999.9
1284210 2004.8
1284220 2009.0
1284230 2009.0
1284240 2013.0
1284250 2016.8
1284260 2020.3
1284270 2020.3
1284280 2022.4
1284290 2026.3
1284300 2026.3
1284310 2029.6
1284320 2032.7
1284330 2032.7
1284340 2037.1
1284350 2043.6
1284360 2043.6
1284370 2049.9
1284380 2057.5
1284390 2057.5
1284400 2063.4
1284410 2068.0
1284420 2068.0
1284430 2070.6
1284440 2073.7
1284450 2073.7
1284460 2077.1
1284470 2080.3
1284480 2081.3
1284490 2081.3
1284500 2083.5
1284510 2087.4
1284520 2087.4
1284530 2090.1
1284540 2091.6
1284550 2091.6
1284560 2094.0
1284570 2096.1
1284580 2096.1
1284590 2098.1
1284600 2101.0
1284610 2101.0
1284620 2104.4
1284630 2107.2
1284640 2107.2
1284650 2111.1
1284660 2115.3
1284670 2115.3
1284680 2119.6
1284690 2123.5
1284700 2127.6
1284710 2127.6
1284720 2132.1
1284730 2136.9
1284740 2136.9
1284750 2141.1
1284760 2145.3
1284770 2145.3
1284780 2151.1
1284790 2156.4
1284800 2156.4
1284810 2161.6
1284820 2160.3
1284830 2160.3
1284840 2168.0
1284850 2174.8
1284860 2174.8
1284870 2178.7
1284880 2183.2
1284890 2191.0
1284900 2191.0
1284910 2197.0
1284920 2201.0
1284930 2201.0
1284940 2205.8
1284950 2210.5
1284960 2210.5
1284970 2215.5
1284980 2220.9
1284990 2220.9
1285000 2225.7
1285010 2230.3
1285020 2230.3
1285030 2235.8
1285040 2242.5
1285050 2242.5
1285060 2248.9
1285070 2254.2
1285080 2254.2
1285090 2258.5
1285100 2264.3
1285110 2271.0
1285120 2271.0
1285130 2277.6
1285140 2284.8
1285150 2284.8
1285160 2291.2
1285170 2297.3
1285180 2297.3
1285190 2303.8
1285200 2310.2
1285210 2310.2
1285220 2317.0
1285230 2324.3
1285240 2324.3
1285250 2331.4
1285260 2337.6
1285270 2337.6
1285280 2343.3
1285290 2348.3
1285300 2354.2
1285310 2354.2
1285320 2360.5
1285330 2367.2
1285340 2367.2
1285350 2373.4
1285360 2379.7
1285370 2379.7
1285380 2385.9
1285390 2391.2
1285400 2391.2
1285410 2395.4
1285420 2399.5
1285430 2399.5
1285440 2405.3
1285450 2410.6
1285460 2412.7
1285470 2417.9
1285480 2423.5
1285490 2423.5
1285500 2427.4
1285510 2431.3
1285520 2436.0
1285530 2436.0
1285540 2440.8
1285550 2445.0
1285560 2445.0
1285570 2447.3
1285580 2446.2
1285590 2446.2
1285600 2446.7
1285610 2449.7
1285620 2449.7
1285630 2452.7
1285640 2456.6
1285650 2456.6
1285660 2458.1
1285670 2459.0
1285680 2459.0
1285690 2456.5
1285700 2456.5
1285710 2455.9
1285720 2455.9
1285730 2454.9
1285740 2453.2
1285750 2453.2
1285760 2453.2
1285770 2452.0
1285780 2452.0
1285790 2448.3
1285800 2443.5
1285810 2443.5
1285820 2431.0
1285830 2427.2
1285840 2427.2
1285850 2424.1
1285860 2416.9
1285870 2416.9
1285880 2408.0
1285890 2389.5
1285900 2389.5
1285910 2366.8
1285920 2336.5
1285930 2306.7
1285940 2306.7
1285950 2288.3
1285960 2280.6
1285970 2280.6
1285980 2277.3
1285990 2274.3
1286000 2274.3
1286010 2270.5
1286020 2266.4
1286030 2266.4
1286040 2262.8
1286050 2259.7
1286060 2259.7
1286070 2256.6
1286080 2252.3
1286090 2257.3
1286100 2253.5
1286110 2252.3
1286120 2250.5
1286130 2250.5
1286140 2248.6
1286150 2246.8
1286160 2246.8
1286170 2245.4
1286180 2245.3
1286190 2245.3
1286200 2245.4
1286210 2245.3
1286220 2245.3
1286230 2246.3
1286240 2247.1
1286250 2247.1
1286260 2247.9
1286270 2248.2
1286280 2248.2
1286290 2247.6
1286300 2246.6
1286310 2246.6
1286320 2245.7
1286330 2244.2
1286340 2242.0
1286350 2242.0
1286360 2240.1
1286370 2238.6
1286380 2238.6
1286390 2237.8
1286400 2236.7
1286410 2236.7
1286420 2239.5
1286430 2243.4
1286440 2243.4
1286450 2244.5
1286460 2244.0
1286470 2244.0
1286480 2243.8
1286490 2244.0
1286500 2244.0
1286510 2244.0
1286520 2241.3
1286530 2235.7
1286540 2235.7
1286550 2233.2
1286560 2233.3
1286570 2233.3
1286580 2234.2
1286590 2234.9
1286600 2234.9
1286610 2236.0
1286620 2236.2
1286630 2236.2
1286640 2236.3
1286650 2236.5
1286660 2236.5
1286670 2235.8
1286680 2235.6
1286690 2235.6
1286700 2235.2
1286710 2236.3
1286720 2236.3
1286730 2243.7
1286740 2245.9
1286750 2248.1
1286760 2248.1
1286770 2250.4
1286780 2253.1
1286790 2253.1
1286800 2255.2
1286810 2255.8
1286820 2255.8
1286830 2256.8
1286840 2258.1
1286850 2258.1
1286860 2259.5
1286870 2260.9
1286880 2260.9
1286890 2264.7
1286900 2268.3
1286910 2268.3
1286920 2270.7
1286930 2273.6
1286940 2276.6
1286950 2276.6
1286960 2279.2
1286970 2282.3
1286980 2282.3
1286990 2285.1
1287000 2286.6
1287010 2286.6
1287020 2288.2
1287030 2290.3
1287040 2290.3
1287050 2292.7
1287060 2295.5
1287070 2295.5
1287080 2298.6
1287090 2301.6
1287100 2301.6
1287110 2305.4
1287120 2309.5
1287130 2309.5
1287140 2313.2
1287150 2316.8
1287160 2320.6
1287170 2320.6
1287180 2324.3
1287190 2328.5
1287200 2328.5
1287210 2332.0
1287220 2335.7
1287230 2335.7
1287240 2338.9
1287250 2340.7
1287260 2340.7
1287270 2343.0
1287280 2345.5
1287290 2345.5
1287300 2348.3
1287310 2350.7
1287320 2350.7
1287330 2353.4
1287340 2356.8
1287350 2360.6
1287360 2360.6
1287370 2365.8
1287380 2368.9
1287390 2368.9
1287400 2370.4
1287410 2371.8
1287420 2371.8
1287430 2372.6
1287440 2372.9
1287450 2372.9
1287460 2373.3
1287470 2374.1
1287480 2374.1
1287490 2376.4
1287500 2378.6
1287510 2378.6
1287520 2380.4
1287530 2382.0
1287540 2382.0
1287550 2384.7
1287560 2387.8
1287570 2390.9
1287580 2390.9
1287590 2393.8
1287600 2396.2
1287610 2396.2
1287620 2398.4
1287630 2401.1
1287640 2401.1
1287650 2403.9
1287660 2408.9
1287670 2408.9
1287680 2412.2
1287690 2413.6
1287700 2413.6
1287710 2415.8
1287720 2418.4
1287730 2418.4
1287740 2420.5
1287750 2423.0
1287760 2425.2
1287770 2425.2
1287780 2427.8
1287790 2431.3
1287800 2431.3
1287810 2434.3
1287820 2436.8
1287830 2436.8
1287840 2440.4
1287850 2443.2
1287860 2443.2
1287870 2446.0
1287880 2449.3
1287890 2449.3
1287900 2453.4
1287910 2457.4
1287920 2457.4
1287930 2461.5
1287940 2465.9
1287950 2465.9
1287960 2470.7
1287970 2476.2
1287980 2483.5
1287990 2483.5
1288000 2489.8
1288010 2499.1
1288020 2502.0
1288030 2510.3
1288040 2515.2
1288050 2515.2
1288060 2520.2
1288070 2525.2
1288080 2525.2
1288090 2529.9
1288100 2534.8
1288110 2534.8
1288120 2538.6
1288130 2541.4
1288140 2541.4
1288150 2545.5
1288160 2549.2
1288170 2549.2
1288180 2552.3
1288190 2555.6
1288200 2558.5
1288210 2558.5
1288220 2561.1
1288230 2564.3
1288240 2564.3
1288250 2567.9
1288260 2571.7
1288270 2571.7
1288280 2576.0
1288290 2580.2
1288300 2580.2
1288310 2584.2
1288320 2589.5
1288330 2589.5
1288340 2595.2
1288350 2599.1
1288360 2599.1
1288370 2602.1
1288380 2605.5
1288390 2608.7
1288400 2608.7
1288410 2610.5
1288420 2612.5
1288430 2612.5
1288440 2616.3
1288450 2619.9
1288460 2619.9
1288470 2623.9
1288480 2627.8
1288490 2627.8
1288500 2631.2
1288510 2633.7
1288520 2633.7
1288530 2638.0
1288540 2644.3
1288550 2644.3
1288560 2653.5
1288570 2663.6
1288580 2663.6
1288590 2673.6
1288600 2680.3
1288610 2687.1
1288620 2687.1
1288630 2690.3
1288640 2690.7
1288650 2690.7
1288660 2687.1
1288670 2687.7
1288680 2687.7
1288690 2688.0
1288700 2688.2
1288710 2688.2
1288720 2688.3
1288730 2686.6
1288740 2686.6
1288750 2684.9
1288760 2684.3
1288770 2684.3
1288780 2685.4
1288790 2687.8
1288800 2689.8
1288810 2689.8
1288820 2692.7
1288830 2696.2
1288840 2696.2
1288850 2700.1
1288860 2703.4
1288870 2703.4
1288880 2705.8
1288890 2707.4
1288900 2707.4
1288910 2707.9
1288920 2707.3
1288930 2707.3
1288940 2706.4
1288950 2707.2
1288960 2707.2
1288970 2708.5
1288980 2706.8
1288990 2706.8
1289000 2707.1
1289010 2710.6
1289020 2713.1
1289030 2713.1
1289040 2717.1
1289050 2721.7
1289060 2721.7
1289070 2726.9
1289080 2732.1
1289090 2732.1
1289100 2737.4
1289110 2741.8
1289120 2741.8
1289130 2744.5
1289140 2745.9
1289150 2745.9
1289160 2746.6
1289170 2746.4
1289180 2746.4
1289190 2745.3
1289200 2741.8
1289210 2735.7
1289220 2735.7
1289230 2729.4
1289240 2723.6
1289250 2723.6
1289260 2719.7
1289270 2716.9
1289280 2716.9
1289290 2713.6
1289300 2709.7
1289310 2704.3
1289320 2698.4
1289330 2693.5
1289340 2693.5
1289350 2689.7
1289360 2685.5
1289370 2685.5
1289380 2681.4
1289390 2677.6
1289400 2677.6
1289410 2673.2
1289420 2668.6
1289430 2663.8
1289440 2663.8
1289450 2659.3
1289460 2656.7
1289470 2656.7
1289480 2653.1
1289490 2650.1
1289500 2650.1
1289510 2648.7
1295560 2482.6
1295570 2482.2
1295580 2483.1
1295590 2483.1
1295600 2484.7
1295610 2485.7
1295620 2485.7
1295630 2485.7
1295640 2485.0
1295650 2485.0
1295660 2485.0
1295670 2485.3
1295680 2485.3
1295690 2484.2
1295700 2483.4
1295710 2483.4
1295720 2485.0
1295730 2488.4
1295740 2488.4
1295750 2492.3
1295760 2494.0
1295770 2494.0
1295780 2497.2
1295790 2500.1
1295800 2505.8
1295810 2505.8
1295820 2512.8
1295830 2517.3
1295840 2517.3
1295850 2520.4
1295860 2525.9
1295870 2525.9
1295880 2535.3
1295890 2544.4
1295900 2534.8
1295910 2542.7
1295920 2547.6
1295930 2547.6
1295940 2552.7
1295950 2558.2
1295960 2558.2
1295970 2566.4
1295980 2574.7
1295990 2574.4
1296000 2574.4
1296010 2567.9
1296020 2560.9
1296030 2560.9
1296040 2561.0
1296050 2564.5
1296060 2564.5
1296070 2568.4
1296080 2570.7
1296090 2570.7
1296100 2571.8
1296110 2575.7
1296120 2575.7
1296130 2578.3
1296140 2575.7
1296150 2575.7
1296160 2561.5
1296170 2543.2
1296180 2543.2
1296190 2528.0
1296200 2515.6
1296210 2506.7
1296220 2506.7
1296230 2500.5
1296240 2494.6
1296250 2494.6
1296260 2488.8
1296270 2483.6
1296280 2483.6
1296290 2478.6
1296300 2474.9
1296310 2474.9
1296320 2472.7
1296330 2471.4
1296340 2471.4
1296350 2472.1
1296360 2476.6
1296370 2476.6
1296380 2481.0
1296390 2483.5
1296400 2482.2
1296410 2482.2
1296420 2481.2
1296430 2481.3
1296440 2481.3
1296450 2478.8
1296460 2474.1
1296470 2474.1
1296480 2468.2
1296490 2462.0
1296500 2462.0
1296510 2456.5
1296520 2451.8
1296530 2451.8
1296540 2446.3
1296550 2440.5
1296560 2440.5
1296570 2434.8
1296580 2429.8
1296590 2429.8
1296600 2424.0
1296610 2418.1
1296620 2412.5
1296630 2412.5
1296640 2406.9
1296650 2400.5
1296660 2400.5
1296670 2393.8
1296680 2387.0
1296690 2387.0
1296700 2379.9
1296710 2373.6
1296720 2373.6
1296730 2367.4
1296740 2362.4
1296750 2362.4
1296760 2358.2
1296770 2354.9
1296780 2354.9
1296790 2350.8
1296800 2346.1
1296810 2341.7
1296820 2341.7
1296830 2336.8
1296840 2332.6
1296850 2332.6
1296860 2329.3
1296870 2325.9
1296880 2325.9
1296890 2322.2
1296900 2319.4
1296910 2319.4
1296920 2316.9
1296930 2314.4
1296940 2314.4
1296950 2311.8
1296960 2309.8
1296970 2309.8
1296980 2308.2
1296990 2306.7
1297000 2306.7
1297010 2304.3
1297020 2300.9
1297030 2297.3
1297040 2297.3
1297050 2293.8
1297060 2290.0
1297070 2290.0
1297080 2286.8
1297090 2282.5
1297100 2282.5
1297110 2277.6
1297120 2273.2
1297130 2273.2
1297140 2269.0
1297150 2264.4
1297160 2264.4
1297170 2259.6
1297180 2255.0
1297190 2255.0
1297200 2252.2
1297210 2250.1
1297220 2250.1
1297230 2247.8
1297240 2244.7
1297250 2245.3
1297260 2245.3
1297270 2244.6
1297280 2242.1
1297290 2242.1
1297300 2239.0
1297310 2236.1
1297320 2236.1
1297330 2234.0
1297340 2232.3
1297350 2232.3
1297360 2230.2
1297370 2228.3
1297380 2228.3
1297390 2226.5
1297400 2224.6
1297410 2224.6
1297420 2224.0
1297430 2222.9
1297440 2221.5
1297450 2221.5
1297460 2219.8
1297470 2217.9
1297480 2217.9
1297490 2216.3
1297500 2214.8
1297510 2214.8
1297520 2213.5
1297530 2212.5
1297540 2212.5
1297550 2211.3
1297560 2210.1
1297570 2210.1
1297580 2208.9
1297590 2207.6
1297600 2207.6
1297610 2206.1
1297620 2205.1
1297630 2205.1
1297640 2204.1
1297650 2203.3
1297660 2203.1
1297670 2203.1
1297680 2202.7
1297690 2202.6
1297700 2202.6
1297710 2202.4
1297720 2201.7
1297730 2201.7
1297740 2200.8
1297750 2199.8
1297760 2199.8
1297770 2199.0
1297780 2197.4
1297790 2197.4
1297800 2194.3
1297810 2190.7
1297820 2190.7
1297830 2187.3
1297840 2183.6
1297850 2180.1
1297860 2180.1
1297870 2177.6
1297880 2175.2
1297890 2175.2
1297900 2172.8
1297910 2170.7
1297920 2170.7
1297930 2171.3
1297940 2169.4
1297950 2169.4
1297960 2166.7
1297970 2165.0
1297980 2165.0
1297990 2162.6
1298000 2159.8
1298010 2159.8
1298020 2156.1
1298030 2152.5
1298040 2152.5
1298050 2149.1
1298060 2146.1
1298070 2143.0
1298080 2143.0
1298090 2140.4
1298100 2137.8
1298110 2137.8
1298120 2135.6
1298130 2132.7
1298140 2132.7
1298150 2130.7
1298160 2129.6
1298170 2129.6
1298180 2128.0
1298190 2126.1
1298200 2126.1
1298210 2124.2
1298220 2122.1
1298230 2122.1
1298240 2119.6
1298250 2117.7
1298260 2115.4
1298270 2115.4
1298280 2113.8
1298290 2112.0
1298300 2112.0
1298310 2109.3
1298320 2107.6
1298330 2107.6
1298340 2105.6
1298350 2104.1
1298360 2104.1
1298370 2102.8
1298380 2101.4
1298390 2101.4
1298400 2100.0
1298410 2098.9
1298420 2098.9
1298430 2098.0
1298440 2097.2
1298450 2097.2
1298460 2096.4
1298470 2095.3
1298480 2094.3
1298490 2094.3
1298500 2093.8
1298510 2093.7
1298520 2093.7
1298530 2093.5
1298540 2092.9
1298550 2092.9
1298560 2092.1
1298570 2091.3
1298580 2091.3
1298590 2090.7
1298600 2090.1
1298610 2089.6
1298620 2088.7
1298630 2088.4
1298640 2088.4
1298650 2088.2
1298660 2087.8
1298670 2087.1
1298680 2087.1
1298690 2086.6
1298700 2086.1
1298710 2086.1
1298720 2085.1
1298730 2084.5
1298740 2084.5
1298750 2084.8
1298760 2085.7
1298770 2085.7
1298780 2086.7
1298790 2087.2
1298800 2087.2
1298810 2088.1
1298820 2089.3
1298830 2089.3
1298840 2090.5
1298850 2091.0
1298860 2091.0
1298870 2093.0
1298880 2094.7
1298890 2096.4
1298900 2096.4
1298910 2099.1
1298920 2102.9
1298930 2102.9
1298940 2107.2
1298950 2111.1
1298960 2111.1
1298970 2114.4
1298980 2115.0
1298990 2115.0
1299000 2115.8
1299010 2119.6
1299020 2119.6
1299030 2124.2
1299040 2129.4
1299050 2129.4
1299060 2134.5
1299070 2137.5
1299080 2140.6
1299090 2140.6
1299100 2144.4
1299110 2148.6
1299120 2148.6
1299130 2152.1
1299140 2154.7
1299150 2154.7
1299160 2156.7
1299170 2160.0
1299180 2160.0
1299190 2163.1
1299200 2167.9
1299210 2167.9
1299220 2173.7
1299230 2178.0
1299240 2178.0
1299250 2180.2
1299260 2181.6
1299270 2181.6
1299280 2184.2
1299290 2192.2
1299300 2192.6
1299310 2192.6
1299320 2192.6
1299330 2192.0
1299340 2192.0
1299350 2191.6
1299360 2193.6
1299370 2193.6
1299380 2195.0
1299390 2195.5
1299400 2195.5
1299410 2194.9
1299420 2194.2
1299430 2194.2
1299440 2192.6
1299450 2191.1
1299460 2191.1
1299470 2193.1
1299480 2195.9
1299490 2197.1
1299500 2197.1
1299510 2197.9
1299520 2199.8
1299530 2199.8
1299540 2201.6
1299550 2202.9
1299560 2202.9
1299570 2203.9
1299580 2205.1
1299590 2205.1
1299600 2206.9
1299610 2208.9
1299620 2208.9
1299630 2210.5
1299640 2212.3
1299650 2212.3
1299660 2215.8
1299670 2218.8
1299680 2218.8
1299690 2221.8
1299700 2227.5
1299710 2234.1
1299720 2234.1
1299730 2241.7
1299740 2248.7
1299750 2248.7
1299760 2254.6
1299770 2260.9
1299780 2260.9
1299790 2267.4
1299800 2273.5
1299810 2273.5
1299820 2278.7
1299830 2282.9
1299840 2282.9
1299850 2287.8
1299860 2292.3
1299870 2292.3
1299880 2297.6
1299890 2302.6
1299900 2308.0
1299910 2308.0
1299920 2314.1
1299930 2320.0
1299940 2320.0
1299950 2325.8
1299960 2332.3
1299970 2332.3
1299980 2350.6
1299990 2361.9
