1281260 1579.4
1281270 1584.1
1281280 1584.1
1281290 1589.2
1281300 1592.3
1281310 1592.3
1281320 1595.3
1281330 1598.6
1281340 1598.6
1281350 1609.1
1281360 1614.7
1281370 1614.7
1281380 1616.0
1281390 1621.6
1281400 1621.6
1281410 1628.8
1281420 1636.1
1281430 1636.1
1281440 1645.2
1281450 1654.7
1281460 1654.7
1281470 1666.3
1281480 1672.9
1281490 1677.8
1281500 1677.8
1281510 1682.1
1281520 1686.3
1281530 1686.3
1281540 1690.1
1281550 1693.5
1281560 1693.5
1281570 1697.0
1281580 1701.1
1281590 1701.1
1281600 1705.2
1281610 1709.5
1281620 1709.5
1281630 1714.3
1281640 1719.4
1281650 1719.4
1281660 1725.4
1281670 1730.4
1281680 1734.1
1281690 1734.1
1281700 1737.6
1281710 1741.2
1281720 1741.2
1281730 1745.4
1281740 1749.9
1281750 1749.9
1281760 1755.0
1281770 1759.9
1281780 1759.9
1281790 1764.7
1281800 1769.0
1281810 1769.0
1281820 1772.2
1281830 1775.9
1281840 1775.9
1281850 1779.4
1281860 1782.8
1281870 1782.8
1281880 1784.4
1281890 1783.2
1281900 1779.6
1281910 1779.6
1281920 1775.9
1281930 1769.4
1281940 1769.4
1281950 1764.5
1281960 1760.0
1281970 1760.0
1281980 1757.3
1281990 1752.4
1282000 1752.4
1282010 1747.8
1282020 1743.7
1282030 1743.7
1282040 1741.9
1282050 1739.4
1282060 1739.4
1282070 1736.4
1282080 1738.4
1282090 1743.2
1282100 1743.2
1282110 1747.0
1282120 1749.0
1282130 1749.0
1282140 1749.1
1282150 1747.9
1282160 1747.9
1282170 1748.9
1282180 1751.9
1282190 1751.9
1282200 1753.5
1282210 1752.8
1282220 1752.8
1282230 1744.0
1282240 1733.3
1282250 1733.3
1282260 1722.3
1282270 1721.3
1282280 1721.3
1282290 1719.8
1282300 1706.1
1282310 1683.9
1282320 1683.9
1282330 1673.5
1282340 1661.5
1282350 1661.5
1282360 1652.2
1282370 1644.4
1282380 1644.4
1282390 1641.9
1282400 1642.1
1282410 1642.1
1282420 1641.8
1282430 1643.6
1282440 1643.6
1282450 1644.8
1282460 1645.6
1282470 1645.6
1282480 1646.5
1282490 1649.5
1282500 1649.5
1282510 1652.8
1282520 1655.9
1282530 1660.9
1282540 1660.9
1282550 1666.0
1282560 1668.4
1282570 1668.4
1282580 1672.3
1282590 1675.5
1282600 1675.5
1282610 1684.1
1282620 1684.2
1282630 1684.2
1282640 1685.5
1282650 1686.3
1282660 1686.3
1282670 1687.2
1282680 1688.5
1282690 1688.5
1282700 1687.9
1282710 1689.2
1282720 1689.3
1282730 1689.3
1282740 1690.6
1282750 1691.7
1282760 1691.7
1282770 1692.6
1282780 1693.4
1282790 1693.4
1282800 1693.1
1282810 1691.2
1282820 1691.2
1282830 1689.3
1282840 1688.6
1282850 1688.6
1282860 1686.9
1282870 1685.3
1282880 1685.3
1282890 1683.8
1282900 1683.9
1282910 1683.9
1282920 1683.7
1282930 1684.4
1282940 1685.9
1282950 1685.9
1282960 1687.5
1282970 1689.2
1282980 1689.2
1282990 1691.3
1283000 1694.6
1283010 1694.6
1283020 1698.7
1283030 1702.1
1283040 1702.1
1283050 1706.2
1283060 1712.9
1283070 1712.9
1283080 1717.6
1283090 1719.9
1283100 1719.9
1283110 1724.6
1283120 1728.3
1283130 1734.1
1283140 1734.1
1283150 1738.8
1283160 1741.6
1283170 1741.6
1283180 1747.4
1283190 1754.1
1283200 1754.1
1283210 1760.6
1283220 1764.9
1283230 1764.9
1283240 1771.3
1283250 1776.3
1283260 1776.3
1283270 1781.7
1283280 1786.8
1283290 1786.8
1283300 1793.7
1283310 1799.8
1283320 1799.8
1283330 1810.7
1283340 1816.4
1283350 1819.6
1283360 1819.6
1283370 1820.6
1283380 1822.3
1283390 1822.3
1283400 1826.4
1283410 1827.3
1283420 1827.3
1283430 1826.5
1283440 1827.5
1283450 1827.5
1283460 1829.2
1283470 1833.2
1283480 1833.2
1283490 1837.3
1283500 1840.4
1283510 1840.4
1283520 1844.1
1283530 1847.3
1283540 1849.9
1283550 1849.9
1283560 1852.2
1283570 1853.6
1283580 1853.6
1283590 1853.7
1283600 1854.3
1283610 1854.3
1283620 1855.3
1283630 1855.0
1283640 1855.0
1283650 1856.1
1283660 1859.2
1283670 1859.2
1283680 1862.7
1283690 1865.7
1283700 1865.7
1283710 1868.8
1283720 1871.7
1283730 1871.7
1283740 1874.5
1283750 1878.0
1283760 1881.9
1283770 1881.9
1283780 1885.7
1283790 1889.5
1283800 1889.5
1283810 1893.5
1283820 1898.9
1283830 1898.9
1283840 1905.4
1283850 1911.7
1283860 1911.7
1283870 1914.9
1283880 1919.1
1283890 1919.1
1283900 1922.6
1283910 1926.5
1283920 1926.5
1283930 1931.9
1283940 1940.4
1283950 1948.6
1283960 1948.6
1283970 1955.5
1283980 1960.5
1283990 1960.5
1284000 1965.8
1284010 1972.4
1284020 1972.4
1284030 1977.0
1284040 1980.0
1284050 1980.0
1284060 1982.6
1284070 1984.2
1284080 1984.2
1284090 1985.5
1284100 1987.2
1284110 1987.2
1284120 1989.2
1284130 1991.9
1284140 1991.9
1284150 1994.1
1284160 1995.8
1284170 1998.5
1284180 1998.5
1284190 2002.4
1284200 2005.8
1284210 2005.8
1284220 2008.6
1284230 2011.9
1284240 2011.9
1284250 2015.3
1284260 2018.2
1284270 2018.2
1284280 2022.0
1284290 2026.9
1284300 2026.9
1284310 2032.4
1284320 2036.6
1284330 2036.6
1284340 2041.2
1284350 2045.6
1284360 2050.0
1284370 2050.0
1284380 2054.7
1284390 2059.4
1284400 2059.4
1284410 2064.6
1284420 2068.3
1284430 2068.3
1284440 2072.8
1284450 2078.3
1284460 2078.3
1284470 2084.1
1284480 2090.8
1284490 2090.8
1284500 2092.8
1284510 2098.7
1284520 2098.7
1284530 2105.1
1284540 2112.1
1284550 2112.1
1284560 2118.5
1284570 2124.8
1284580 2131.9
1284590 2131.9
1284600 2137.4
1284610 2141.3
1284620 2141.3
1284630 2145.7
1284640 2151.8
1284650 2151.8
1284660 2158.5
1284670 2164.8
1284680 2164.8
1284690 2169.9
1284700 2173.3
1284710 2173.3
1284720 2177.0
1284730 2180.8
1284740 2180.8
1284750 2188.1
1284760 2194.5
1284770 2197.1
1284780 2197.1
1284790 2202.4
1284800 2206.9
1284810 2206.9
1284820 2210.1
1284830 2212.9
1284840 2212.9
1284850 2215.8
1284860 2218.8
1284870 2218.8
1284880 2220.4
1284890 2222.0
1284900 2222.0
1284910 2223.5
1284920 2225.2
1284930 2225.2
1284940 2227.5
1284950 2229.2
1284960 2229.2
1284970 2231.4
1284980 2233.6
1284990 2235.5
1285000 2235.5
1285010 2238.0
1285020 2242.3
1285030 2242.3
1285040 2246.2
1285050 2248.9
1285060 2248.9
1285070 2251.5
1285080 2253.2
1285090 2253.2
1285100 2255.4
1285110 2258.3
1285120 2258.3
1285130 2266.9
1285140 2272.1
1285150 2272.1
1285160 2277.2
1285170 2282.3
1285180 2282.3
1285190 2287.6
1285200 2293.6
1285210 2299.8
1285220 2299.8
1285230 2305.1
1285240 2310.5
1285250 2310.5
1285260 2316.2
1285270 2321.1
1285280 2321.1
1285290 2326.5
1285300 2332.0
1285310 2332.0
1285320 2337.2
1285330 2341.1
1285340 2341.1
1285350 2346.0
1285360 2351.8
1285370 2351.8
1285380 2356.8
1285390 2360.8
1285400 2365.4
1285410 2365.4
1285420 2369.1
1285430 2374.2
1285440 2374.2
1285450 2379.1
1285460 2382.8
1285470 2382.8
1285480 2385.9
1285490 2390.7
1285500 2390.7
1285510 2395.7
1285520 2399.6
1285530 2399.6
1285540 2404.8
1285550 2410.5
1285560 2410.5
1285570 2414.9
1285580 2416.7
1285590 2416.7
1285600 2416.1
1285610 2415.4
1285620 2412.5
1285630 2412.5
1285640 2408.4
1285650 2404.5
1285660 2404.5
1285670 2389.1
1285680 2381.8
1285690 2381.8
1285700 2384.0
1285710 2375.4
1285720 2375.4
1285730 2364.0
1285740 2352.3
1285750 2352.3
1285760 2348.7
1285770 2368.2
1285780 2368.2
1285790 2370.1
1285800 2357.8
1285810 2336.8
1285820 2336.8
1285830 2324.2
1285840 2314.7
1285850 2314.7
1285860 2306.5
1285870 2300.4
1285880 2300.4
1285890 2295.7
1285900 2291.6
1285910 2291.6
1285920 2287.3
1285930 2281.9
1285940 2281.9
1285950 2269.0
1285960 2240.4
1285970 2240.4
1285980 2223.9
1285990 2223.1
1286000 2223.1
1286010 2222.3
1286020 2220.2
1286030 2217.7
1286040 2217.7
1286050 2215.1
1286060 2212.5
1286070 2212.5
1286080 2209.8
1286090 2207.3
1286100 2207.3
1286110 2204.8
1286120 2202.8
1286130 2202.8
1286140 2202.8
1286150 2202.3
1286160 2202.3
1286170 2202.6
1286180 2202.5
1286190 2202.5
1286200 2202.5
1286210 2203.9
1286220 2207.0
1286230 2207.0
1286240 2208.2
1286250 2208.2
1286260 2208.2
1286270 2207.6
1286280 2208.3
1286290 2208.3
1286300 2209.4
1286310 2209.8
1286320 2209.8
1286330 2209.7
1286340 2209.3
1286350 2209.3
1286360 2209.1
1286370 2209.5
1286380 2209.5
1286390 2210.4
1286400 2211.5
1286410 2211.6
1286420 2211.8
1286430 2211.4
1286440 2211.4
1286450 2211.4
1286460 2211.4
1286470 2211.4
1286480 2211.4
1286490 2211.5
1286500 2211.5
1286510 2211.5
1286520 2211.8
1286530 2211.9
1286540 2211.9
1286550 2211.9
1286560 2211.9
1286570 2211.9
1286580 2212.1
1286590 2213.0
1286600 2213.0
1286610 2213.8
1286620 2214.0
1286630 2214.0
1286640 2214.0
1286650 2213.8
1286660 2213.8
1286670 2213.8
1286680 2214.0
1286690 2214.5
1286700 2214.5
1286710 2215.2
1286720 2216.2
1286730 2216.2
1286740 2217.7
1286750 2219.7
1286760 2219.7
1286770 2221.8
1286780 2224.3
1286790 2224.3
1286800 2226.5
1286810 2228.6
1286820 2228.6
1286830 2230.4
1286840 2232.3
1286850 2234.7
1286860 2234.7
1286870 2237.5
1286880 2240.6
1286890 2240.6
1286900 2243.7
1286910 2246.3
1286920 2246.3
1286930 2248.4
1286940 2250.4
1286950 2250.4
1286960 2252.9
1286970 2256.1
1286980 2256.1
1286990 2259.8
1287000 2263.4
1287010 2263.4
1287020 2266.8
1287030 2269.5
1287040 2275.0
1287050 2275.0
1287060 2278.4
1287070 2282.1
1287080 2282.1
1287090 2286.4
1287100 2290.6
1287110 2290.6
1287120 2294.0
1287130 2296.9
1287140 2296.9
1287150 2300.1
1287160 2303.2
1287170 2303.2
1287180 2306.6
1287190 2310.0
1287200 2310.0
1287210 2313.1
1287220 2315.9
1287230 2315.9
1287240 2318.5
1287250 2320.9
1287260 2323.2
1287270 2323.2
1287280 2325.8
1287290 2328.4
1287300 2328.4
1287310 2330.6
1287320 2333.1
1287330 2333.1
1287340 2336.3
1287350 2339.1
1287360 2339.1
1287370 2341.9
1287380 2344.7
1287390 2344.7
1287400 2348.0
1287410 2352.1
1287420 2352.1
1287430 2355.8
1287440 2358.4
1287450 2359.8
1287460 2359.8
1287470 2361.3
1287480 2364.1
1287490 2364.1
1287500 2368.1
1287510 2373.0
1287520 2373.0
1287530 2374.0
1287540 2374.3
1287550 2374.3
1287560 2377.7
1287570 2382.1
1287580 2382.1
1287590 2385.7
1287600 2388.3
1287610 2388.3
1287620 2391.2
1287630 2394.0
1287640 2394.0
1287650 2396.1
1287660 2398.4
1287670 2401.1
1287680 2401.1
1287690 2402.8
1287700 2406.3
1287710 2406.3
1287720 2410.0
1287730 2413.2
1287740 2413.2
1287750 2415.9
1287760 2417.2
1287770 2417.2
1287780 2419.5
1287790 2421.7
1287800 2421.7
1287810 2424.1
1287820 2426.7
1287830 2426.7
1287840 2428.7
1287850 2430.3
1287860 2430.3
1287870 2432.0
1287880 2435.2
1287890 2438.3
1287900 2438.3
1287910 2441.6
1287920 2444.7
1287930 2444.7
1287940 2447.9
1287950 2451.7
1287960 2451.7
1287970 2454.9
1287980 2457.3
1287990 2457.3
1288000 2460.9
1288010 2466.3
1288020 2466.3
1288030 2471.2
1288040 2473.9
1288050 2473.9
1288060 2477.0
1288070 2484.0
1288080 2488.6
1288090 2488.6
1288100 2493.5
1288110 2499.2
1288120 2499.2
1288130 2504.1
1288140 2508.0
1288150 2508.0
1288160 2512.3
1288170 2515.0
1288180 2515.0
1288190 2517.9
1288200 2521.3
1288210 2521.3
1288220 2525.0
1288230 2528.9
1288240 2528.9
1288250 2533.4
1288260 2539.6
1288270 2539.6
1288280 2545.3
1288290 2550.6
1288300 2557.2
1288310 2557.2
1288320 2564.8
1288330 2572.8
1288340 2572.8
1288350 2576.0
1288360 2579.2
1288370 2579.2
1288380 2582.4
1288390 2586.5
1288400 2586.5
1288410 2591.1
1288420 2595.9
1288430 2595.9
1288440 2601.9
1288450 2606.2
1288460 2606.2
1288470 2610.0
1288480 2613.5
1288490 2617.3
1288500 2617.3
1288510 2622.6
1288520 2627.1
1288530 2627.1
1288540 2631.3
1288550 2635.0
1288560 2635.0
1288570 2638.6
1288580 2642.6
1288590 2642.6
1288600 2646.5
1288610 2650.3
1288620 2650.3
1288630 2653.8
1288640 2658.7
1288650 2658.7
1288660 2663.4
1288670 2667.3
1288680 2667.3
1288690 2672.8
1288700 2678.4
1288710 2684.4
1288720 2684.4
1288730 2690.3
1288740 2696.8
1288750 2696.8
1288760 2704.9
1288770 2713.0
1288780 2713.0
1288790 2720.0
1288800 2724.5
1288810 2724.5
1288820 2726.5
1288830 2727.6
1288840 2727.6
1288850 2727.7
1288860 2727.7
1288870 2727.7
1288880 2728.1
1288890 2729.3
1288900 2729.7
1288910 2729.7
1288920 2730.1
1288930 2731.1
1288940 2731.1
1288950 2731.8
1288960 2734.2
1288970 2734.2
1288980 2734.4
1288990 2738.2
1289000 2738.2
1289010 2742.5
1289020 2746.9
1289030 2746.9
1289040 2752.8
1289050 2758.7
1289060 2758.7
1289070 2764.3
1289080 2770.1
1289090 2770.1
1289100 2775.1
1289110 2779.4
1289120 2782.8
1289130 2782.8
1289140 2784.5
1289150 2783.2
1289160 2783.2
1289170 2779.7
1289180 2775.0
1289190 2775.0
1289200 2769.3
1289210 2763.9
1289220 2763.9
1289230 2758.1
1289240 2752.5
1289250 2752.5
1289260 2750.5
1289270 2749.3
1289280 2749.3
1289290 2748.9
1289300 2746.4
1289310 2743.1
1289320 2743.1
1289330 2739.5
1289340 2735.5
1289350 2735.5
1289360 2731.7
1289370 2727.8
1289380 2727.8
1289390 2722.6
1289400 2717.5
1289410 2717.5
1289420 2713.5
1289430 2709.0
1289440 2709.0
1289450 2706.3
1289460 2703.6
1289470 2703.6
1289480 2701.0
1289490 2697.4
1289500 2697.4
1289510 2694.2
1295350 2537.5
1295360 2536.4
1295370 2536.4
1295380 2537.7
1295390 2541.1
1295400 2541.1
1295410 2545.3
1295420 2547.0
1295430 2547.0
1295440 2544.0
1295450 2546.1
1295460 2546.1
1295470 2552.1
1295480 2556.7
1295490 2556.9
1295500 2556.9
1295510 2557.2
1295520 2552.7
1295530 2552.7
1295540 2547.8
1295550 2553.8
1295560 2539.4
1295570 2542.6
1295580 2549.4
1295590 2549.4
1295600 2546.3
1295610 2539.9
1295620 2539.9
1295630 2541.0
1295640 2549.6
1295650 2549.6
1295660 2559.6
1295670 2556.1
1295680 2556.1
1295690 2557.4
1295700 2559.6
1295710 2559.5
1295720 2559.5
1295730 2560.8
1295740 2565.1
1295750 2565.1
1295760 2570.4
1295770 2577.3
1295780 2577.3
1295790 2583.5
1295800 2589.3
1295810 2589.3
1295820 2592.7
1295830 2596.9
1295840 2596.9
1295850 2602.9
1295860 2611.9
1295870 2611.9
1295880 2618.0
1295890 2615.2
1295900 2615.0
1295910 2615.0
1295920 2616.0
1295930 2621.5
1295940 2621.5
1295950 2632.7
1295960 2639.7
1295970 2639.7
1295980 2638.0
1295990 2629.3
1296000 2629.3
1296010 2620.6
1296020 2608.6
1296030 2608.6
1296040 2597.6
1296050 2588.0
1296060 2588.0
1296070 2579.4
1296080 2572.3
1296090 2572.3
1296100 2565.6
1296110 2558.8
1296120 2552.6
1296130 2552.6
1296140 2547.1
1296150 2541.6
1296160 2541.6
1296170 2536.9
1296180 2531.9
1296190 2531.9
1296200 2526.8
1296210 2521.4
1296220 2521.4
1296230 2512.7
1296240 2511.8
1296250 2511.8
1296260 2513.7
1296270 2512.8
1296280 2512.8
1296290 2511.0
1296300 2510.6
1296310 2510.1
1296320 2510.1
1296330 2509.1
1296340 2506.1
1296350 2506.1
1296360 2502.0
1296370 2498.4
1296380 2498.4
1296390 2494.8
1296400 2491.1
1296410 2491.1
1296420 2486.6
1296430 2479.8
1296440 2479.8
1296450 2472.8
1296460 2466.6
1296470 2466.6
1296480 2461.0
1296490 2455.9
1296500 2455.9
1296510 2451.1
1296520 2446.0
1296530 2441.2
1296540 2441.2
1296550 2435.9
1296560 2430.5
1296570 2430.5
1296580 2424.9
1296590 2419.4
1296600 2419.4
1296610 2413.9
1296620 2408.1
1296630 2408.1
1296640 2404.2
1296650 2400.9
1296660 2400.9
1296670 2398.3
1296680 2396.3
1296690 2396.3
1296700 2394.9
1296710 2393.1
1296720 2391.2
1296730 2391.2
1296740 2389.5
1296750 2386.6
1296760 2386.6
1296770 2384.7
1296780 2382.9
1296790 2382.9
1296800 2380.3
1296810 2376.2
1296820 2376.2
1296830 2371.6
1296840 2368.8
1296850 2368.8
1296860 2363.7
1296870 2357.1
1296880 2357.1
1296890 2350.6
1296900 2339.8
1296910 2339.8
1296920 2333.5
1296930 2327.8
1296940 2321.6
1296950 2321.6
1296960 2315.7
1296970 2308.9
1296980 2308.9
1296990 2301.9
1297000 2295.1
1297010 2295.1
1297020 2289.7
1297030 2284.6
1297040 2284.6
1297050 2280.3
1297060 2276.5
1297070 2276.5
1297080 2273.8
1297090 2271.5
1297100 2271.5
1297110 2269.2
1297120 2266.0
1297130 2262.3
1297140 2262.3
1297150 2259.8
1297160 2258.6
1297170 2258.6
1297180 2257.2
1297190 2255.2
1297200 2255.2
1297210 2252.9
1297220 2250.7
1297230 2250.7
1297240 2249.5
1297250 2249.5
1297260 2249.5
1297270 2249.1
1297280 2247.6
1297290 2247.6
1297300 2245.3
1297310 2242.5
1297320 2242.5
1297330 2240.1
1297340 2238.2
1297350 2235.9
1297360 2235.9
1297370 2233.1
1297380 2230.0
1297390 2230.0
1297400 2227.5
1297410 2225.3
1297420 2225.3
1297430 2223.6
1297440 2222.6
1297450 2222.6
1297460 2221.3
1297470 2219.7
1297480 2219.7
1297490 2218.0
1297500 2215.9
1297510 2215.9
1297520 2213.2
1297530 2211.3
1297540 2209.6
1297550 2209.6
1297560 2207.4
1297570 2206.0
1297580 2207.2
1297590 2205.8
1297600 2204.5
1297610 2204.5
1297620 2203.3
1297630 2201.9
1297640 2201.9
1297650 2200.6
1297660 2199.2
1297670 2199.2
1297680 2197.3
1297690 2195.4
1297700 2195.4
1297710 2193.1
1297720 2191.0
1297730 2191.0
1297740 2188.9
1297750 2186.4
1297760 2183.0
1297770 2183.0
1297780 2179.8
1297790 2176.7
1297800 2176.7
1297810 2174.7
1297820 2173.1
1297830 2173.1
1297840 2170.6
1297850 2168.1
1297860 2168.1
1297870 2166.5
1297880 2164.8
1297890 2164.8
1297900 2162.7
1297910 2159.2
1297920 2159.2
1297930 2152.5
1297940 2147.4
1297950 2143.8
1297960 2143.8
1297970 2138.4
1297980 2134.5
1297990 2134.5
1298000 2132.1
1298010 2130.0
1298020 2130.0
1298030 2127.8
1298040 2125.6
1298050 2125.6
1298060 2123.3
1298070 2120.9
1298080 2120.9
1298090 2118.2
1298100 2116.3
1298110 2116.3
1298120 2114.6
1298130 2112.7
1298140 2112.7
1298150 2111.3
1298160 2109.8
1298170 2108.4
1298180 2108.4
1298190 2107.1
1298200 2106.0
1298210 2106.0
1298220 2105.0
1298230 2103.8
1298240 2103.8
1298250 2102.5
1298260 2101.1
1298270 2101.1
1298280 2100.0
1298290 2098.9
1298300 2098.9
1298310 2098.0
1298320 2097.0
1298330 2097.0
1298340 2095.8
1298350 2094.8
1298360 2093.7
1298370 2093.7
1298380 2092.8
1298390 2091.9
1298400 2091.9
1298410 2090.9
1298420 2090.2
1298430 2090.2
1298440 2089.5
1298450 2088.6
1298460 2088.6
1298470 2087.9
1298480 2087.1
1298490 2087.1
1298500 2086.0
1298510 2085.4
1298520 2085.4
1298530 2085.1
1298540 2084.5
1298550 2084.5
1298560 2083.9
1298570 2083.7
1298580 2083.4
1298590 2083.4
1298600 2082.9
1298610 2082.4
1298620 2082.4
1298630 2082.1
1298640 2081.7
1298650 2081.7
1298660 2081.3
1298670 2080.8
1298680 2080.8
1298690 2080.4
1298700 2080.0
1298710 2080.0
1298720 2079.5
1298730 2079.0
1298740 2079.0
1298750 2078.6
1298760 2078.4
1298770 2078.0
1298780 2078.0
1298790 2078.3
1298800 2078.3
1298810 2078.3
1298820 2078.1
1298830 2077.1
1298840 2077.1
1298850 2076.8
1298860 2076.7
1298870 2076.7
1298880 2076.5
1298890 2076.2
1298900 2076.2
1298910 2076.1
1298920 2076.3
1298930 2076.3
1298940 2076.9
1298950 2078.3
1298960 2078.3
1298970 2079.9
1298980 2081.1
1298990 2083.2
1299000 2083.2
1299010 2087.2
1299020 2090.8
1299030 2090.8
1299040 2093.9
1299050 2099.2
1299060 2099.2
1299070 2105.5
1299080 2111.7
1299090 2111.7
1299100 2117.4
1299110 2122.5
1299120 2122.5
1299130 2127.5
1299140 2131.4
1299150 2131.4
1299160 2135.4
1299170 2139.2
1299180 2142.5
1299190 2142.5
1299200 2145.7
1299210 2149.9
1299220 2149.9
1299230 2154.8
1299240 2159.1
1299250 2159.1
1299260 2159.1
1299270 2160.0
1299280 2160.0
1299290 2159.4
1299300 2160.3
1299310 2160.3
1299320 2163.1
1299330 2165.7
1299340 2165.7
1299350 2169.3
1299360 2172.9
1299370 2172.9
1299380 2176.0
1299390 2177.9
1299400 2179.4
1299410 2179.4
1299420 2180.3
1299430 2181.4
1299440 2181.4
1299450 2182.6
1299460 2183.5
1299470 2183.5
1299480 2184.4
1299490 2185.5
1299500 2185.5
1299510 2186.6
1299520 2187.7
1299530 2187.7
1299540 2188.9
1299550 2190.2
1299560 2190.2
1299570 2191.5
1299580 2193.1
1299590 2194.7
1299600 2194.7
1299610 2196.2
1299620 2197.8
1299630 2197.8
1299640 2199.5
1299650 2201.3
1299660 2201.3
1299670 2203.3
1299680 2205.6
1299690 2205.6
1299700 2207.9
1299710 2210.4
1299720 2210.4
1299730 2213.5
1299740 2216.7
1299750 2216.7
1299760 2220.2
1299770 2224.0
1299780 2224.0
1299790 2227.8
1299800 2231.8
1299810 2236.0
1299820 2236.0
1299830 2240.4
1299840 2245.1
1299850 2245.1
1299860 2249.7
1299870 2254.8
1299880 2254.8
1299890 2260.0
1299900 2265.5
1299910 2265.5
1299920 2271.2
1299930 2276.8
1299940 2276.8
1299950 2281.8
1299960 2286.9
1299970 2286.9
1299980 2292.4
1299990 2298.5
