1280000 1698.2
1280010 1698.2
1280020 1699.4
1280030 1701.8
1280040 1701.8
1280050 1704.0
1280060 1705.4
1280070 1705.4
1280080 1707.0
1280090 1707.9
1280100 1707.9
1280110 1708.5
1280120 1710.0
1280130 1710.0
1280140 1710.8
1280150 1711.2
1280160 1710.2
1280170 1710.2
1280180 1706.9
1280190 1703.6
1280200 1703.6
1280210 1699.9
1280220 1695.8
1280230 1695.8
1280240 1692.1
1280250 1689.2
1280260 1689.2
1280270 1685.0
1280280 1676.8
1280290 1676.8
1280300 1669.1
1280310 1660.9
1280320 1660.9
1280330 1652.4
1280340 1642.3
1280350 1633.1
1280360 1633.1
1280370 1625.9
1280380 1619.2
1280390 1619.2
1280400 1611.8
1280410 1605.2
1280420 1605.2
1280430 1598.4
1280440 1591.1
1280450 1591.1
1280460 1583.7
1280470 1576.3
1280480 1576.3
1280490 1569.9
1280500 1563.9
1280510 1563.9
1280520 1553.8
1280530 1542.5
1280540 1542.5
1280550 1531.7
1280560 1523.2
1280570 1517.7
1280580 1517.7
1280590 1510.2
1280600 1501.5
1280610 1501.5
1280620 1489.4
1280630 1476.5
1280640 1476.5
1280650 1468.5
1280660 1460.8
1280670 1460.8
1280680 1449.9
1280690 1443.1
1280700 1443.1
1280710 1436.9
1280720 1430.4
1280730 1430.4
1280740 1423.2
1280750 1415.5
1280760 1415.5
1280770 1409.4
1280780 1402.5
1280790 1396.5
1280800 1396.5
1280810 1391.6
1280820 1386.9
1280830 1386.9
1280840 1382.4
1280850 1378.1
1280860 1378.1
1280870 1374.0
1280880 1370.3
1280890 1370.3
1280900 1369.0
1280910 1368.9
1280920 1368.9
1280930 1368.8
1280940 1368.8
1280950 1368.8
1280960 1369.0
1280970 1369.4
1280980 1369.6
1280990 1369.6
1281000 1367.0
1281010 1363.9
1281020 1363.9
1281030 1368.7
1281040 1369.3
1281050 1369.3
1281060 1369.3
1281070 1369.8
1281080 1369.8
1281090 1370.3
1281100 1370.4
1281110 1370.4
1281120 1370.5
1281130 1370.3
1281140 1370.3
1281150 1370.3
1281160 1370.7
1281170 1370.7
1281180 1370.8
1281190 1370.5
1281200 1370.4
1281210 1370.4
1281220 1370.4
1281230 1370.5
1281240 1370.5
1281250 1370.6
1281260 1370.5
1281270 1370.5
1281280 1372.5
1281290 1387.1
1281300 1387.2
1281310 1393.7
1281320 1399.7
1281330 1399.7
1281340 1403.4
1281350 1404.8
1281360 1404.8
1281370 1407.2
1281380 1409.9
1281390 1412.8
1281400 1412.8
1281410 1416.0
1281420 1419.2
1281430 1419.2
1281440 1422.3
1281450 1425.3
1281460 1425.3
1281470 1428.2
1281480 1431.1
1281490 1431.1
1281500 1434.1
1281510 1437.3
1281520 1437.3
1281530 1440.7
1281540 1444.2
1281550 1444.2
1281560 1447.4
1281570 1450.4
1281580 1450.4
1281590 1452.4
1281600 1453.8
1281610 1455.4
1281620 1455.4
1281630 1457.3
1281640 1460.3
1281650 1460.3
1281660 1464.3
1281670 1469.2
1281680 1469.2
1281690 1474.6
1281700 1479.7
1281710 1479.7
1281720 1485.1
1281730 1490.8
1281740 1490.8
1281750 1495.9
1281760 1499.4
1281770 1499.4
1281780 1501.7
1281790 1505.2
1281800 1509.1
1281810 1509.1
1281820 1513.3
1281830 1517.7
1281840 1517.7
1281850 1522.9
1281860 1529.7
1281870 1529.7
1281880 1539.6
1281890 1548.2
1281900 1548.2
1281910 1558.4
1281920 1568.4
1281930 1556.4
1281940 1562.7
1281950 1568.2
1281960 1568.2
1281970 1573.2
1281980 1582.9
1281990 1582.9
1282000 1595.6
1282010 1605.9
1282020 1615.4
1282030 1615.4
1282040 1634.4
1282050 1656.2
1282060 1656.2
1282070 1662.1
1282080 1667.5
1282090 1667.5
1282100 1673.3
1282110 1679.2
1282120 1679.2
1282130 1685.0
1282140 1690.3
1282150 1690.3
1282160 1696.4
1282170 1703.6
1282180 1703.6
1282190 1710.8
1282200 1717.6
1282210 1717.6
1282220 1724.2
1282230 1730.7
1282240 1736.9
1282250 1736.9
1282260 1742.2
1282270 1745.2
1282280 1745.2
1282290 1750.8
1282300 1758.0
1282310 1758.0
1282320 1763.6
1282330 1769.3
1282340 1769.3
1282350 1776.0
1282360 1783.0
1282370 1783.0
1282380 1790.6
1282390 1797.7
1282400 1797.7
1282410 1804.5
1282420 1811.3
1282430 1818.7
1282440 1818.7
1282450 1823.9
1282460 1821.2
1282470 1821.2
1282480 1822.4
1282490 1830.4
1282500 1830.4
1282510 1839.9
1282520 1849.1
1282530 1849.1
1282540 1857.5
1282550 1861.9
1282560 1861.9
1282570 1866.4
1282580 1863.5
1282590 1863.5
1282600 1864.6
1282610 1867.2
1282620 1867.2
1282630 1868.2
1282640 1868.8
1282650 1867.5
1282660 1867.5
1282670 1862.7
1282680 1858.3
1282690 1858.3
1282700 1864.6
1282710 1876.5
1282720 1876.5
1282730 1889.8
1282740 1898.7
1282750 1898.7
1282760 1902.2
1282770 1906.2
1282780 1906.2
1282790 1913.4
1282800 1922.2
1282810 1922.2
1282820 1927.1
1282830 1935.6
1282840 1942.4
1282850 1942.4
1282860 1942.5
1282870 1942.5
1282880 1942.5
1282890 1944.3
1282900 1944.7
1282910 1944.7
1282920 1938.0
1282930 1931.8
1282940 1931.8
1282950 1928.1
1282960 1925.4
1282970 1925.4
1282980 1925.1
1282990 1924.8
1283000 1924.8
1283010 1921.7
1283020 1918.7
1283030 1918.7
1283040 1917.0
1283050 1913.7
1283060 1910.4
1283070 1910.4
1283080 1911.2
1283090 1911.3
1283100 1911.3
1283110 1908.3
1283120 1903.3
1283130 1903.3
1283140 1895.8
1283150 1889.5
1283160 1889.5
1283170 1884.5
1283180 1887.4
1283190 1887.4
1283200 1881.0
1283210 1876.1
1283220 1876.1
1283230 1870.5
1283240 1866.1
1283250 1866.1
1283260 1862.1
1283270 1857.6
1283280 1853.5
1283290 1853.5
1283300 1849.9
1283310 1848.3
1283320 1848.3
1283330 1849.8
1283340 1849.9
1283350 1849.9
1283360 1851.3
1283370 1853.8
1283380 1853.8
1283390 1854.1
1283400 1853.8
1283410 1853.8
1283420 1854.5
1283430 1853.7
1283440 1853.7
1283450 1853.2
1283460 1851.3
1283470 1849.5
1283480 1849.5
1283490 1849.1
1283500 1848.9
1283510 1848.9
1283520 1848.5
1283530 1848.2
1283540 1848.2
1283550 1847.1
1283560 1845.5
1283570 1845.5
1283580 1841.8
1283590 1837.9
1283600 1837.9
1283610 1835.5
1283620 1833.8
1283630 1833.8
1283640 1832.5
1283650 1830.8
1283660 1830.8
1283670 1829.1
1283680 1828.7
1283690 1828.3
1283700 1828.3
1283710 1826.7
1283720 1824.6
1283730 1824.6
1283740 1822.6
1283750 1820.7
1283760 1820.7
1283770 1823.3
1283780 1827.6
1283790 1827.6
1283800 1831.2
1283810 1841.4
1283820 1841.4
1283830 1844.7
1283840 1847.5
1283850 1847.5
1283860 1849.9
1283870 1852.4
1283880 1853.9
1283890 1853.9
1283900 1855.3
1283910 1856.2
1283920 1856.2
1283930 1856.1
1283940 1853.9
1283950 1853.9
1283960 1849.7
1283970 1845.6
1283980 1845.6
1283990 1841.9
1284000 1839.0
1284010 1839.0
1284020 1837.3
1284030 1837.8
1284040 1837.8
1284050 1837.7
1284060 1837.5
1284070 1837.5
1284080 1837.5
1284090 1837.8
1284100 1838.3
1284110 1838.3
1284120 1839.4
1284130 1840.1
1284140 1840.1
1284150 1842.2
1284160 1842.6
1284170 1842.6
1284180 1843.0
1284190 1843.2
1284200 1843.2
1284210 1844.0
1284220 1847.5
1284230 1847.5
1284240 1851.8
1284250 1856.4
1284260 1856.4
1284270 1860.7
1284280 1865.2
1284290 1870.0
1284300 1870.0
1284310 1875.3
1284320 1880.7
1284330 1880.7
1284340 1886.0
1284350 1891.3
1284360 1891.3
1284370 1896.2
1284380 1900.6
1284390 1900.6
1284400 1905.4
1284410 1911.1
1284420 1911.1
1284430 1916.3
1284440 1925.7
1284450 1925.7
1284460 1927.5
1284470 1928.8
1284480 1928.8
1284490 1929.3
1284500 1928.5
1284510 1927.6
1284520 1927.6
1284530 1925.3
1284540 1923.0
1284550 1923.0
1284560 1922.2
1284570 1925.2
1284580 1925.2
1284590 1928.9
1284600 1933.0
1284610 1933.0
1284620 1937.9
1284630 1942.2
1284640 1942.2
1284650 1943.9
1284660 1942.3
1284670 1942.3
1284680 1942.7
1284690 1940.4
1284700 1940.4
1284710 1938.3
1284720 1937.2
1284730 1936.2
1284740 1936.2
1284750 1936.1
1284760 1936.8
1284770 1936.8
1284780 1935.4
1284790 1931.8
1284800 1931.8
1284810 1929.5
1284820 1928.3
1284830 1928.3
1284840 1928.3
1284850 1928.8
1284860 1928.8
1284870 1926.6
1284880 1918.3
1284890 1918.3
1284900 1907.6
1284910 1905.4
1284920 1899.5
1284930 1899.5
1284940 1894.1
1284950 1889.7
1284960 1889.7
1284970 1884.6
1284980 1881.9
1284990 1881.9
1285000 1879.2
1285010 1875.3
1285020 1875.3
1285030 1870.7
1285040 1866.7
1285050 1866.7
1285060 1863.4
1285070 1858.8
1285080 1863.9
1285090 1860.2
1285100 1856.9
1285110 1856.9
1285120 1853.5
1285130 1850.5
1285140 1848.2
1285150 1848.2
1285160 1846.8
1285170 1845.8
1285180 1845.8
1285190 1844.1
1285200 1844.2
1285210 1844.2
1285220 1843.8
1285230 1843.6
1285240 1843.6
1285250 1843.5
1285260 1839.2
1285270 1839.2
1285280 1836.6
1285290 1839.8
1285300 1839.8
1285310 1840.4
1285320 1837.5
1285330 1835.8
1285340 1835.8
1285350 1837.8
1285360 1840.2
1285370 1840.2
1285380 1843.0
1285390 1847.3
1285400 1847.3
1285410 1848.5
1285420 1845.4
1285430 1845.4
1285440 1842.6
1285450 1842.3
1285460 1842.3
1285470 1846.9
1285480 1850.5
1285490 1850.5
1285500 1855.6
1285510 1860.2
1285520 1860.2
1285530 1861.5
1285540 1861.1
1285550 1860.6
1285560 1860.6
1285570 1862.2
1285580 1867.0
1285590 1867.0
1285600 1872.5
1285610 1874.3
1285620 1874.3
1285630 1875.0
1285640 1876.0
1285650 1876.0
1285660 1876.8
1285670 1878.5
1285680 1878.5
1285690 1880.5
1285700 1882.9
1285710 1886.5
1285720 1888.9
1285730 1890.7
1285740 1893.4
1285750 1893.4
1285760 1896.4
1285770 1899.9
1285780 1899.9
1285790 1904.5
1285800 1908.1
1285810 1908.1
1285820 1910.8
1285830 1914.0
1285840 1914.0
1285850 1916.6
1285860 1919.1
1285870 1919.1
1285880 1922.0
1285890 1925.3
1285900 1925.3
1285910 1928.3
1285920 1931.2
1285930 1931.2
1285940 1934.0
1285950 1937.0
1285960 1940.1
1285970 1940.1
1285980 1943.5
1285990 1946.2
1286000 1946.2
1286010 1949.0
1286020 1951.7
1286030 1951.7
1286040 1954.5
1286050 1958.0
1286060 1958.0
1286070 1961.3
1286080 1964.3
1286090 1964.3
1286100 1966.7
1286110 1969.7
1286120 1969.7
1286130 1973.2
1286140 1976.7
1286150 1976.7
1286160 1979.9
1286170 1983.4
1286180 1987.6
1286190 1987.6
1286200 1993.1
1286210 1998.1
1286220 1998.1
1286230 2002.2
1286240 2005.5
1286250 2005.5
1286260 2009.0
1286270 2012.7
1286280 2012.7
1286290 2016.9
1286300 2021.1
1286310 2021.1
1286320 2025.4
1286330 2028.5
1286340 2028.5
1286350 2031.9
1286360 2034.3
1286370 2036.4
1286380 2036.4
1286390 2038.4
1286400 2040.3
1286410 2040.3
1286420 2041.5
1286430 2043.9
1286440 2043.9
1286450 2046.9
1286460 2049.1
1286470 2049.1
1286480 2051.4
1286490 2054.3
1286500 2054.3
1286510 2057.9
1286520 2061.3
1286530 2061.3
1286540 2064.9
1286550 2069.0
1286560 2069.0
1286570 2072.9
1286580 2076.5
1286590 2080.4
1286600 2080.4
1286610 2085.1
1286620 2089.9
1286630 2089.9
1286640 2094.3
1286650 2097.3
1286660 2097.3
1286670 2099.6
1286680 2101.7
1286690 2101.7
1286700 2104.2
1286710 2106.8
1286720 2106.8
1286730 2109.7
1286740 2114.7
1286750 2114.7
1286760 2120.3
1286770 2125.2
1286780 2129.0
1286790 2129.0
1286800 2131.9
1286810 2134.8
1286820 2134.8
1286830 2136.5
1286840 2137.6
1286850 2137.6
1286860 2138.4
1286870 2139.4
1286880 2139.4
1286890 2140.6
1286900 2142.1
1286910 2142.1
1286920 2144.3
1286930 2146.7
1286940 2146.7
1286950 2149.1
1286960 2152.1
1286970 2152.1
1286980 2154.6
1286990 2154.5
1287000 2157.5
1287010 2157.5
1287020 2161.3
1287030 2165.6
1287040 2165.6
1287050 2170.6
1287060 2176.2
1287070 2176.2
1287080 2181.9
1287090 2187.5
1287100 2187.5
1287110 2193.0
1287120 2198.7
1287130 2198.7
1287140 2203.4
1287150 2206.6
1287160 2206.6
1287170 2208.8
1287180 2210.4
1287190 2211.4
1287200 2211.4
1287210 2212.2
1287220 2213.1
1287230 2213.1
1287240 2214.9
1287250 2216.7
1287260 2216.7
1287270 2218.5
1287280 2220.9
1287290 2220.9
1287300 2223.5
1287310 2226.1
1287320 2226.1
1287330 2228.9
1287340 2231.6
1287350 2231.6
1287360 2234.6
1287370 2238.4
1287380 2238.4
1287390 2241.8
1287400 2244.5
1287410 2246.9
1287420 2246.9
1287430 2249.4
1287440 2252.4
1287450 2252.4
1287460 2256.4
1287470 2261.4
1287480 2261.4
1287490 2265.2
1287500 2268.5
1287510 2268.5
1287520 2272.1
1287530 2276.1
1287540 2276.1
1287550 2279.7
1287560 2282.3
1287570 2282.3
1287580 2284.3
1287590 2286.5
1287600 2286.5
1287610 2289.2
1287620 2291.0
1287630 2293.7
1287640 2293.7
1287650 2296.3
1287660 2299.0
1287670 2299.0
1287680 2301.9
1287690 2304.9
1287700 2304.9
1287710 2308.6
1287720 2312.3
1287730 2312.3
1287740 2315.6
1287750 2318.8
1287760 2318.8
1287770 2321.4
1287780 2324.4
1287790 2324.4
1287800 2327.4
1287810 2329.9
1287820 2332.0
1287830 2332.0
1287840 2334.6
1287850 2337.2
1287860 2337.2
1287870 2340.0
1287880 2343.6
1287890 2343.6
1287900 2347.8
1287910 2351.9
1287920 2351.9
1287930 2356.1
1287940 2360.1
1287950 2360.1
1287960 2364.1
1287970 2368.5
1287980 2368.5
1287990 2372.6
1288000 2375.3
1288010 2375.3
1288020 2377.3
1288030 2379.0
1288040 2381.5
1288050 2381.5
1288060 2384.8
1288070 2387.8
1288080 2387.8
1288090 2390.1
1288100 2392.3
1288110 2392.3
1288120 2394.5
1288130 2397.2
1288140 2397.2
1288150 2400.1
1288160 2403.5
1288170 2403.5
1288180 2407.4
1288190 2411.1
1288200 2411.1
1288210 2414.4
1288220 2417.0
1288230 2419.7
1288240 2419.7
1288250 2422.7
1288260 2426.4
1288270 2426.4
1288280 2431.6
1288290 2437.2
1288300 2437.2
1288310 2442.3
1288320 2447.4
1288330 2447.4
1288340 2450.1
1288350 2449.9
1288360 2449.9
1288370 2449.3
1288380 2450.3
1288390 2450.3
1288400 2453.1
1288410 2455.6
1288420 2455.6
1288430 2458.8
1288440 2462.5
1288450 2465.3
1288460 2465.3
1288470 2467.5
1288480 2470.4
1288490 2470.4
1288500 2474.1
1288510 2477.7
1288520 2477.7
1288530 2480.9
1288540 2484.6
1288550 2484.6
1288560 2489.2
1288570 2494.8
1288580 2494.8
1288590 2501.6
1288600 2508.4
1288610 2508.4
1288620 2514.4
1288630 2519.8
1288640 2524.5
1288650 2524.5
1288660 2529.2
1288670 2531.3
1288680 2531.3
1288690 2532.8
1288700 2535.3
1288710 2535.3
1288720 2541.9
1288730 2550.5
1288740 2550.5
1288750 2555.5
1288760 2557.4
1288770 2557.4
1288780 2559.5
1288790 2561.8
1288800 2561.8
1288810 2564.5
1288820 2566.8
1288830 2566.8
1288840 2568.8
1288850 2571.4
1288860 2573.6
1288870 2573.6
1288880 2576.9
1288890 2579.7
1288900 2579.7
1288910 2582.0
1288920 2583.6
1288930 2583.6
1288940 2585.7
1288950 2588.0
1288960 2588.0
1288970 2591.1
1288980 2594.9
1288990 2594.9
1289000 2600.0
1289010 2604.9
1289020 2604.9
1289030 2609.2
1289040 2612.9
1289050 2612.9
1289060 2616.3
1289070 2620.0
1289080 2622.3
1289090 2622.3
1289100 2625.4
1289110 2628.8
1289120 2628.8
1289130 2629.6
1289140 2630.2
1289150 2630.2
1289160 2630.7
1289170 2631.1
1289180 2631.1
1289190 2631.6
1289200 2632.3
1289210 2632.3
1289220 2633.4
1289230 2634.4
1289240 2634.4
1289250 2635.1
1289260 2636.4
1289270 2638.4
1289280 2638.4
1289290 2640.7
1289300 2643.7
1289310 2643.7
1289320 2647.0
1289330 2650.0
1289340 2650.0
1289350 2653.3
1289360 2656.3
1289370 2656.3
1289380 2660.7
1289390 2665.3
1289400 2665.3
1289410 2669.3
1289420 2674.8
1289430 2674.8
1289440 2681.4
1289450 2687.6
1289460 2687.6
1289470 2693.5
1289480 2699.6
1289490 2706.3
1289500 2706.3
1289510 2713.2
1289520 2719.8
1289530 2719.8
1289540 2727.8
1289550 2734.4
1289560 2734.4
1289570 2737.3
1289580 2743.1
1289590 2743.1
1289600 2751.2
1289610 2759.4
1289620 2759.4
1289630 2767.1
1289640 2775.2
1289650 2775.2
1289660 2782.9
1289670 2790.4
1289680 2798.1
1289690 2798.1
1289700 2806.0
1289710 2814.4
1289720 2814.4
1289730 2821.9
1289740 2829.5
1289750 2829.5
1289760 2837.5
1289770 2848.3
1289780 2848.3
1289790 2860.3
1289800 2865.5
1289810 2865.5
1289820 2865.5
1289830 2866.3
1289840 2866.3
1289850 2866.0
1289860 2866.7
1289870 2866.7
1289880 2868.3
1289890 2868.2
1289900 2864.3
1289910 2864.3
1289920 2857.9
1289930 2854.7
1289940 2854.7
1289950 2853.0
1289960 2848.4
1289970 2848.4
1289980 2839.8
1289990 2833.8
1290000 2833.8
1290010 2829.3
1290020 2819.2
1290030 2819.2
1290040 2808.0
1290050 2795.8
1290060 2795.8
1290070 2784.8
1290080 2779.3
1290090 2776.0
1290100 2776.0
1290110 2770.9
1290120 2772.4
1290130 2772.4
1290140 2776.8
1290150 2775.5
1290160 2775.5
1290170 2770.3
1290180 2766.1
1290190 2766.1
1290200 2765.2
1290210 2766.7
1290220 2775.2
1290230 2773.8
1290240 2769.4
1290250 2769.4
1290260 2765.2
1290270 2762.8
1290280 2762.8
1290290 2758.5
1290300 2755.2
1290310 2753.2
1290320 2753.2
1290330 2752.1
1290340 2753.6
1290350 2753.6
1290360 2756.5
1290370 2758.1
1290380 2758.1
1290390 2761.7
1290400 2768.2
1290410 2768.2
1290420 2774.6
1290430 2779.1
1290440 2779.1
1290450 2783.1
1290460 2786.1
1290470 2786.1
1290480 2789.3
1290490 2792.1
1290500 2792.1
1290510 2787.8
1290520 2779.6
1290530 2772.0
1290540 2772.0
1290550 2763.2
1290560 2757.8
1290570 2757.8
1290580 2751.4
1290590 2744.2
1290600 2744.2
1290610 2740.1
1290620 2730.1
1290630 2730.1
1290640 2719.9
1290650 2713.0
1290660 2713.0
1290670 2708.5
1290680 2701.1
1290690 2701.1
1290700 2692.6
1290710 2679.4
1290720 2672.7
1290730 2672.7
1290740 2665.6
1290750 2654.3
1290760 2654.3
1290770 2646.3
1290780 2640.3
1290790 2640.3
1290800 2637.5
1290810 2635.9
1290820 2635.9
1290830 2634.8
1290840 2634.8
1290850 2634.8
1290860 2634.8
1290870 2642.9
1290880 2642.9
1290890 2642.4
1290900 2642.8
1290910 2642.8
1290920 2643.5
1290930 2644.1
1290940 2644.3
1290950 2644.3
1290960 2644.7
1290970 2645.4
1290980 2645.4
1290990 2645.8
1291000 2645.8
1291010 2645.8
1291020 2646.7
1291030 2648.3
1291040 2648.3
1291050 2648.5
1291060 2648.1
1291070 2648.1
1291080 2649.2
1291090 2650.9
1291100 2650.9
1291110 2653.5
1291120 2656.9
1291130 2660.9
1291140 2660.9
1291150 2664.8
1291160 2668.8
1291170 2668.8
1291180 2674.0
1291190 2679.7
1291200 2679.7
1291210 2683.6
1291220 2686.1
1291230 2686.1
1291240 2690.1
1291250 2695.2
1291260 2695.2
1291270 2701.9
1291280 2711.4
1291290 2711.4
1291300 2722.0
1291310 2729.9
1291320 2729.9
1291330 2736.3
1291340 2740.0
1291350 2743.3
1291360 2743.3
1291370 2748.7
1291380 2752.9
1291390 2752.9
1291400 2756.4
1291410 2759.6
1291420 2759.6
1291430 2762.4
1291440 2765.4
1291450 2765.4
1291460 2767.9
1291470 2770.2
1291480 2770.2
1291490 2772.8
1291500 2776.2
1291510 2776.2
1291520 2780.4
1291530 2788.9
1291540 2793.4
1291550 2793.4
1291560 2797.6
1291570 2801.2
1291580 2801.2
1291590 2805.1
1291600 2810.4
1291610 2810.4
1291620 2816.0
1291630 2821.7
1291640 2821.7
1291650 2827.9
1291660 2834.3
1291670 2834.3
1291680 2841.6
1291690 2849.6
1291700 2849.6
1291710 2858.1
1291720 2865.5
1291730 2865.5
1291740 2871.4
1291750 2877.6
1291760 2883.0
1291770 2883.0
1291780 2887.4
1291790 2891.0
1291800 2891.0
1291810 2893.7
1291820 2897.2
1291830 2897.2
1291840 2885.7
1291850 2867.5
1291860 2867.5
1291870 2853.5
1291880 2842.7
1291890 2842.7
1291900 2832.0
1291910 2823.0
1291920 2823.0
1291930 2813.8
1291940 2804.3
1291950 2789.7
1291960 2789.7
1291970 2778.2
1291980 2769.7
1291990 2769.7
1292000 2759.6
1292010 2733.6
1292020 2733.6
1292030 2714.8
1292040 2709.8
1292050 2709.8
1292060 2709.4
1292070 2709.0
1292080 2709.0
1292090 2698.9
1292100 2675.9
1292110 2675.9
1292120 2649.5
1294500 2950.4
1294510 2950.4
1294520 2950.6
1294530 2953.4
1294540 2953.4
1294550 2957.3
1294560 2960.5
1294570 2960.5
1294580 2963.7
1294590 2966.3
1294600 2966.3
1294610 2971.9
1294620 2984.8
1294630 2984.8
1294640 3001.2
1294650 3033.7
1294660 3046.1
1294670 3046.1
1294680 3045.6
1294690 3029.1
1294700 3029.1
1294710 3017.9
1294720 3012.2
1294730 3012.2
1294740 3007.1
1294750 3001.5
1294760 3001.5
1294770 2996.8
1294780 2991.0
1294790 2991.0
1294800 2982.6
1294810 2973.1
1294820 2973.1
1294830 2967.7
1294840 2960.8
1294850 2956.2
1294860 2956.2
1294870 2948.4
1294880 2937.3
1294890 2937.3
1294900 2928.2
1294910 2922.8
1294920 2922.8
1294930 2917.8
1294940 2913.1
1294950 2913.1
1294960 2908.2
1294970 2902.6
1294980 2902.6
1294990 2897.3
1295000 2891.0
1295010 2891.0
1295020 2882.5
1295030 2875.3
1295040 2875.3
1295050 2868.7
1295060 2863.6
1295070 2854.9
1295080 2854.9
1295090 2845.3
1295100 2835.6
1295110 2835.6
1295120 2827.5
1295130 2820.8
1295140 2820.8
1295150 2816.4
1295160 2812.4
1295170 2812.4
1295180 2809.2
1295190 2806.3
1295200 2806.3
1295210 2803.7
1295220 2801.8
1295230 2801.8
1295240 2800.9
1295250 2800.0
1295260 2799.4
1295270 2799.4
1295280 2799.7
1295290 2800.7
1295300 2800.7
1295310 2802.6
1295320 2803.5
1295330 2803.5
1295340 2802.7
1295350 2800.8
1295360 2800.8
1295370 2799.7
1295380 2798.7
1295390 2798.7
1295400 2797.1
1295410 2795.7
1295420 2795.7
1295430 2793.9
1295440 2791.4
1295450 2791.4
1295460 2788.9
1295470 2786.1
1295480 2783.7
1295490 2783.7
1295500 2780.9
1295510 2775.7
1295520 2775.7
1295530 2774.3
1295540 2773.2
1295550 2773.2
1295560 2771.7
1295570 2768.7
1295580 2768.7
1295590 2765.5
1295600 2763.0
1295610 2763.0
1295620 2760.5
1295630 2758.3
1295640 2758.3
1295650 2756.8
1295660 2754.6
1295670 2754.6
1295680 2751.4
1295690 2746.5
1295700 2740.7
1295710 2740.7
1295720 2736.3
1295730 2734.2
1295740 2734.2
1295750 2732.1
1295760 2729.4
1295770 2729.4
1295780 2727.4
1295790 2724.8
1295800 2724.8
1295810 2722.2
1295820 2721.3
1295830 2721.3
1295840 2721.0
1295850 2719.3
1295860 2719.3
1295870 2716.5
1295880 2714.3
1295890 2713.2
1295900 2713.2
1295910 2712.5
1295920 2712.9
1295930 2712.9
1295940 2712.1
1295950 2708.0
1295960 2708.0
1295970 2700.6
1295980 2693.3
1295990 2693.3
1296000 2687.6
1296010 2682.7
1296020 2682.7
1296030 2678.5
1296040 2676.5
1296050 2676.5
1296060 2677.0
1296070 2677.0
1296080 2677.0
1296090 2675.9
1296100 2674.0
1296110 2671.3
1296120 2671.3
1296130 2668.2
1296140 2665.4
1296150 2665.4
1296160 2662.9
1296170 2659.9
1296180 2658.3
1296190 2655.1
1296200 2651.8
1296210 2651.8
1296220 2648.4
1296230 2645.4
1296240 2645.4
1296250 2642.8
1296260 2640.1
1296270 2640.1
1296280 2637.2
1296290 2634.5
1296300 2631.5
1296310 2631.5
1296320 2628.7
1296330 2626.1
1296340 2626.1
1296350 2623.6
1296360 2620.8
1296370 2620.8
1296380 2617.9
1296390 2614.8
1296400 2614.8
1296410 2612.1
1296420 2609.5
1296430 2609.5
1296440 2605.6
1296450 2601.8
1296460 2601.8
1296470 2598.1
1296480 2594.4
1296490 2594.4
1296500 2591.6
1296510 2589.2
1296520 2586.1
1296530 2586.1
1296540 2582.7
1296550 2579.0
1296560 2579.0
1296570 2575.9
1296580 2575.8
1296590 2575.8
1296600 2573.3
1296610 2570.0
1296620 2570.0
1296630 2568.1
1296640 2565.2
1296650 2565.2
1296660 2562.8
1296670 2561.2
1296680 2561.2
1296690 2559.4
1296700 2555.5
1296710 2553.4
1296720 2553.4
1296730 2552.2
1296740 2552.9
1296750 2552.9
1296760 2555.1
1296770 2558.3
1296780 2558.3
1296790 2561.7
1296800 2565.3
1296810 2565.3
1296820 2569.3
1296830 2572.1
1296840 2572.1
1296850 2566.3
1296860 2560.1
1296870 2560.1
1296880 2553.6
1296890 2547.3
1296900 2547.3
1296910 2541.0
1296920 2536.3
1296930 2533.7
1296940 2533.7
1296950 2532.5
1296960 2531.2
1296970 2531.2
1296980 2529.9
1296990 2529.4
1297000 2529.4
1297010 2529.6
1297020 2527.7
1297030 2527.7
1297040 2526.5
1297050 2526.3
1297060 2526.3
1297070 2526.1
1297080 2526.3
1297090 2526.3
1297100 2525.8
1297110 2526.0
1297120 2526.0
1297130 2527.3
1297140 2528.5
1297150 2530.4
1297160 2530.4
1297170 2531.9
1297180 2533.2
1297190 2533.2
1297200 2534.7
1297210 2536.7
1297220 2536.7
1297230 2537.6
1297240 2536.8
1297250 2536.8
1297260 2535.4
1297270 2534.5
1297280 2534.5
1297290 2534.4
1297300 2535.2
1297310 2535.2
1297320 2537.0
1297330 2539.1
1297340 2540.6
1297350 2540.6
1297360 2542.9
1297370 2546.7
1297380 2546.7
1297390 2549.5
1297400 2552.0
1297410 2552.0
1297420 2554.4
1297430 2557.7
1297440 2557.7
1297450 2562.3
1297460 2567.3
1297470 2567.3
1297480 2577.0
1297490 2601.6
1297500 2601.6
1297510 2625.4
1297520 2626.0
1297530 2626.0
1297540 2635.9
1297550 2639.0
1297560 2634.5
1297570 2634.5
1297580 2627.3
1297590 2619.9
1297600 2619.9
1297610 2609.8
1297620 2596.4
1297630 2596.4
1297640 2580.6
1297650 2566.4
1297660 2566.4
1297670 2556.8
1297680 2552.2
1297690 2552.2
1297700 2546.3
1297710 2539.9
1297720 2539.9
1297730 2533.0
1297740 2526.4
1297750 2520.2
1297760 2520.2
1297770 2514.4
1297780 2509.3
1297790 2509.3
1297800 2504.9
1297810 2501.5
1297820 2501.5
1297830 2500.5
1297840 2499.1
1297850 2499.1
1297860 2494.8
1297870 2491.3
1297880 2491.3
1297890 2488.2
1297900 2485.3
1297910 2485.3
1297920 2481.9
1297930 2478.4
1297940 2478.4
1297950 2475.7
1297960 2472.7
1297970 2469.4
1297980 2469.4
1297990 2464.9
1298000 2460.8
1298010 2460.8
1298020 2456.7
1298030 2452.5
1298040 2452.5
1298050 2448.0
1298060 2443.3
1298070 2443.3
1298080 2438.4
1298090 2434.2
1298100 2434.2
1298110 2430.4
1298120 2427.0
1298130 2427.0
1298140 2423.6
1298150 2419.1
1298160 2414.8
1298170 2414.8
1298180 2410.7
1298190 2406.3
1298200 2406.1
1298210 2402.4
1298220 2399.5
1298230 2399.5
1298240 2396.7
1298250 2393.9
1298260 2393.9
1298270 2391.6
1298280 2388.6
1298290 2388.6
1298300 2384.9
1298310 2381.0
1298320 2381.0
1298330 2376.9
1298340 2372.6
1298350 2372.6
1298360 2368.7
1298370 2365.3
1298380 2362.0
1298390 2362.0
1298400 2358.3
1298410 2354.3
1298420 2354.3
1298430 2349.6
1298440 2345.2
1298450 2345.2
1298460 2340.5
1298470 2335.5
1298480 2335.5
1298490 2330.7
1298500 2325.8
1298510 2325.8
1298520 2320.7
1298530 2315.7
1298540 2315.7
1298550 2310.7
1298560 2306.1
1298570 2301.8
1298580 2301.8
1298590 2296.6
1298600 2291.9
1298610 2291.9
1298620 2287.6
1298630 2284.5
1298640 2284.5
1298650 2281.6
1298660 2278.7
1298670 2278.7
1298680 2276.1
1298690 2274.2
1298700 2274.2
1298710 2272.3
1298720 2269.5
1298730 2269.5
1298740 2266.4
1298750 2262.7
1298760 2262.7
1298770 2259.4
1298780 2256.4
1298790 2254.1
1298800 2254.1
1298810 2250.7
1298820 2245.7
1298830 2245.7
1298840 2239.9
1298850 2234.8
1298860 2234.8
1298870 2230.0
1298880 2223.1
1298890 2223.1
1298900 2218.4
1298910 2212.6
1298920 2212.6
1298930 2206.7
1298940 2200.3
1298950 2200.3
1298960 2194.1
1298970 2189.4
1298980 2189.4
1298990 2184.7
1299000 2179.5
1299010 2174.9
1299020 2174.9
1299030 2169.3
1299040 2162.7
1299050 2162.7
1299060 2156.7
1299070 2150.4
1299080 2150.4
1299090 2144.4
1299100 2138.9
1299110 2138.9
1299120 2133.1
1299130 2126.5
1299140 2126.5
1299150 2119.6
1299160 2112.0
1299170 2112.0
1299180 2104.3
1299190 2096.5
1299200 2089.6
1299210 2089.6
1299220 2083.3
1299230 2076.4
1299240 2076.4
1299250 2069.5
1299260 2063.8
1299270 2063.8
1299280 2059.3
1299290 2054.8
1299300 2054.8
1299310 2050.1
1299320 2045.1
1299330 2045.1
1299340 2039.5
1299350 2033.8
1299360 2033.8
1299370 2027.9
1299380 2022.0
1299390 2022.0
1299400 2016.9
1299410 2010.6
1299420 2003.9
1299430 2003.9
1299440 2001.2
1299450 1999.1
1299460 1999.1
1299470 1993.9
1299480 1991.9
1299490 1991.9
1299500 1995.0
1299510 1999.7
1299520 1999.7
1299530 2001.2
1299540 1999.0
1299550 1999.0
1299560 1995.4
1299570 1996.6
1299580 1996.6
1299590 1995.5
1299600 1993.4
1299610 1991.4
1299620 1991.4
1299630 1990.7
1299640 1993.7
1299650 1993.7
1299660 1995.2
1299670 1995.2
1299680 1995.2
1299690 1995.2
1299700 1995.1
1299710 1995.1
1299720 1995.7
1299730 1996.2
1299740 1996.2
1299750 1996.6
1299760 1996.0
1299770 1996.0
1299780 1995.1
1299790 1994.9
1299800 1994.9
1299810 1993.6
1299820 1991.3
1299830 1989.6
1299840 1989.6
1299850 1989.7
1299860 1990.0
1299870 1990.0
1299880 1990.5
1299890 1991.4
1299900 1991.4
1299910 1992.0
1299920 1991.8
1299930 1991.8
1299940 1994.4
1299950 1997.6
1299960 1997.6
1299970 2001.2
1299980 2004.4
1299990 2004.4
