1280000 1683.0
1280010 1683.3
1280020 1682.7
1280030 1682.7
1280040 1682.8
1280050 1682.7
1280060 1682.7
1280070 1682.3
1280080 1681.6
1280090 1681.6
1280100 1682.0
1280110 1682.4
1280120 1682.4
1280130 1681.0
1280140 1677.4
1280150 1677.4
1280160 1671.4
1280170 1662.5
1280180 1662.5
1280190 1652.7
1280200 1645.3
1280210 1638.9
1280220 1638.9
1280230 1632.8
1280240 1626.6
1280250 1623.5
1280260 1617.4
1280270 1610.8
1280280 1610.8
1280290 1604.1
1280300 1597.7
1280310 1597.7
1280320 1591.5
1280330 1584.1
1280340 1584.1
1280350 1577.0
1280360 1570.4
1280370 1570.4
1280380 1563.9
1280390 1557.6
1280400 1552.2
1280410 1552.2
1280420 1546.7
1280430 1540.1
1280440 1540.1
1280450 1533.9
1280460 1528.2
1280470 1528.2
1280480 1522.6
1280490 1516.4
1280500 1516.4
1280510 1507.9
1280520 1496.8
1280530 1496.8
1280540 1486.7
1280550 1471.9
1280560 1471.9
1280570 1459.7
1280580 1452.7
1280590 1452.7
1280600 1445.2
1280610 1437.9
1280620 1430.6
1280630 1430.6
1280640 1424.4
1280650 1418.0
1280660 1418.0
1280670 1411.7
1280680 1405.1
1280690 1405.1
1280700 1398.3
1280710 1391.9
1280720 1391.9
1280730 1384.7
1280740 1378.8
1280750 1378.8
1280760 1372.3
1280770 1371.2
1280780 1371.2
1280790 1370.3
1280800 1369.9
1280810 1369.9
1280820 1370.0
1280830 1370.1
1280840 1370.1
1280850 1370.1
1280860 1370.1
1280870 1369.8
1280880 1369.8
1280890 1369.6
1280900 1369.7
1280910 1369.7
1280920 1369.7
1280930 1369.7
1280940 1369.7
1280950 1369.9
1280960 1370.1
1280970 1370.1
1280980 1370.0
1280990 1370.1
1281000 1370.1
1281010 1370.1
1281020 1370.0
1281030 1370.0
1281040 1370.0
1281050 1370.0
1281060 1370.1
1281070 1370.1
1281080 1371.1
1281090 1373.8
1281100 1373.8
1281110 1374.1
1281120 1374.0
1281130 1374.0
1281140 1374.5
1281150 1374.6
1281160 1374.6
1281170 1374.6
1281180 1374.6
1281190 1374.6
1281200 1374.7
1281210 1374.7
1281220 1374.7
1281230 1374.9
1281240 1379.1
1281250 1386.2
1281260 1386.2
1281270 1391.7
1281280 1395.5
1281290 1395.5
1281300 1398.6
1281310 1401.4
1281320 1401.4
1281330 1403.3
1281340 1404.5
1281350 1404.5
1281360 1405.7
1281370 1407.1
1281380 1407.1
1281390 1408.8
1281400 1410.9
1281410 1410.9
1281420 1413.3
1281430 1415.9
1281440 1418.3
1281450 1418.3
1281460 1420.7
1281470 1423.2
1281480 1423.2
1281490 1426.3
1281500 1429.5
1281510 1429.5
1281520 1432.9
1281530 1436.5
1281540 1436.5
1281550 1439.8
1281560 1441.4
1281570 1441.4
1281580 1442.4
1281590 1443.5
1281600 1443.5
1281610 1444.6
1281620 1444.8
1281630 1444.8
1281640 1442.9
1281650 1439.6
1281660 1437.5
1281670 1437.5
1281680 1436.5
1281690 1436.9
1281700 1436.9
1281710 1438.4
1281720 1440.0
1281730 1440.0
1281740 1442.0
1281750 1443.3
1281760 1443.3
1281770 1444.6
1281780 1447.1
1281790 1447.1
1281800 1449.4
1281810 1452.7
1281820 1452.7
1281830 1456.2
1281840 1459.9
1281850 1463.2
1281860 1463.2
1281870 1465.3
1281880 1467.3
1281890 1467.3
1281900 1470.9
1281910 1475.2
1281920 1475.2
1281930 1476.7
1281940 1479.0
1281950 1479.0
1281960 1484.5
1281970 1490.1
1281980 1490.1
1281990 1494.8
1282000 1500.3
1282010 1500.3
1282020 1505.7
1282030 1511.2
1282040 1511.2
1282050 1517.4
1282060 1523.4
1282070 1528.0
1282080 1528.0
1282090 1532.4
1282100 1538.3
1282110 1538.3
1282120 1538.4
1282130 1544.5
1282140 1544.5
1282150 1552.0
1282160 1561.5
1282170 1561.5
1282180 1577.1
1282190 1591.6
1282200 1591.6
1282210 1604.9
1282220 1609.9
1282230 1609.9
1282240 1604.6
1282250 1603.8
1282260 1603.8
1282270 1622.9
1282280 1642.6
1282290 1651.2
1282300 1651.2
1282310 1657.5
1282320 1662.0
1282330 1662.0
1282340 1665.6
1282350 1660.6
1282360 1660.6
1282370 1650.0
1282380 1647.5
1282390 1647.5
1282400 1650.5
1282410 1656.1
1282420 1656.1
1282430 1660.9
1282440 1669.4
1282450 1669.4
1282460 1683.8
1282470 1720.1
1282480 1731.2
1282490 1731.2
1282500 1735.8
1282510 1741.3
1282520 1741.3
1282530 1751.0
1282540 1762.3
1282550 1762.3
1282560 1771.9
1282570 1778.8
1282580 1778.8
1282590 1784.6
1282600 1790.3
1282610 1790.3
1282620 1795.7
1282630 1800.9
1282640 1800.9
1282650 1803.2
1282660 1788.2
1282670 1788.2
1282680 1766.1
1282690 1765.1
1282700 1774.5
1282710 1774.5
1282720 1791.9
1282730 1800.0
1282740 1800.0
1282750 1812.8
1282760 1823.1
1282770 1823.1
1282780 1831.7
1282790 1839.2
1282800 1839.2
1282810 1845.1
1282820 1849.8
1282830 1849.8
1282840 1854.1
1282850 1858.3
1282860 1858.3
1282870 1862.7
1282880 1867.3
1282890 1872.2
1282900 1872.2
1282910 1876.5
1282920 1881.3
1282930 1881.3
1282940 1886.5
1282950 1891.0
1282960 1891.0
1282970 1895.4
1282980 1899.8
1282990 1899.8
1283000 1904.9
1283010 1909.7
1283020 1909.7
1283030 1914.5
1283040 1919.0
1283050 1919.0
1283060 1923.1
1283070 1927.5
1283080 1927.5
1283090 1932.1
1283100 1936.7
1283110 1941.5
1283120 1941.5
1283130 1946.2
1283140 1950.8
1283150 1950.8
1283160 1955.2
1283170 1959.4
1283180 1959.4
1283190 1963.4
1283200 1967.0
1283210 1967.0
1283220 1969.6
1283230 1967.3
1283240 1967.3
1283250 1959.4
1283260 1949.3
1283270 1949.3
1283280 1937.5
1283290 1931.5
1283300 1931.3
1283310 1931.3
1283320 1932.3
1283330 1933.1
1283340 1933.1
1283350 1935.3
1283360 1936.4
1283370 1943.2
1283380 1939.7
1283390 1935.4
1283400 1935.4
1283410 1933.1
1283420 1933.3
1283430 1933.3
1283440 1933.5
1283450 1932.7
1283460 1932.7
1283470 1929.5
1283480 1926.9
1283490 1926.9
1283500 1926.5
1283510 1926.2
1283520 1928.1
1283530 1928.1
1283540 1929.5
1283550 1930.1
1283560 1930.1
1283570 1929.9
1283580 1930.3
1283590 1930.3
1283600 1931.7
1283610 1933.2
1283620 1933.2
1283630 1934.6
1283640 1935.2
1283650 1935.2
1283660 1936.0
1283670 1937.7
1283680 1937.7
1283690 1938.5
1283700 1939.0
1283710 1939.0
1283720 1939.0
1283730 1938.6
1283740 1937.4
1283750 1937.4
1283760 1935.8
1283770 1935.9
1283780 1935.9
1283790 1936.1
1283800 1938.0
1283810 1938.0
1283820 1936.9
1283830 1934.8
1283840 1934.8
1283850 1933.5
1283860 1931.7
1283870 1931.7
1283880 1930.6
1283890 1929.3
1283900 1929.3
1283910 1927.2
1283920 1924.2
1283930 1921.7
1283940 1921.7
1283950 1919.2
1283960 1916.9
1283970 1916.9
1283980 1915.3
1283990 1913.0
1284000 1916.8
1284010 1915.4
1284020 1914.7
1284030 1914.7
1284040 1914.1
1284050 1914.1
1284060 1914.1
1284070 1916.3
1284080 1919.8
1284090 1919.8
1284100 1923.1
1284110 1926.0
1284120 1926.0
1284130 1928.2
1284140 1930.0
1284150 1931.9
1284160 1931.9
1284170 1933.8
1284180 1935.8
1284190 1935.8
1284200 1940.3
1284210 1945.3
1284220 1945.3
1284230 1951.0
1284240 1957.5
1284250 1957.5
1284260 1964.1
1284270 1969.9
1284280 1969.9
1284290 1975.3
1284300 1978.2
1284310 1978.2
1284320 1978.7
1284330 1978.8
1284340 1977.7
1284350 1977.7
1284360 1977.6
1284370 1976.4
1284380 1976.4
1284390 1974.2
1284400 1972.3
1284410 1972.3
1284420 1970.7
1284430 1967.7
1284440 1967.7
1284450 1965.5
1284460 1968.0
1284470 1968.0
1284480 1966.7
1284490 1966.2
1284500 1966.2
1284510 1970.2
1284520 1970.1
1284530 1970.1
1284540 1973.2
1284550 1975.2
1284560 1979.2
1284570 1979.2
1284580 1983.3
1284590 1984.9
1284600 1984.9
1284610 1984.7
1284620 1982.0
1284630 1982.0
1284640 1985.4
1284650 1983.3
1284660 1983.3
1284670 1983.3
1284680 1984.7
1284690 1984.7
1284700 1984.1
1284710 1983.6
1284720 1983.6
1284730 1983.8
1284740 1984.1
1284750 1985.6
1284760 1985.6
1284770 1987.2
1284780 1988.8
1284790 1988.8
1284800 1989.6
1284810 1988.5
1284820 1988.5
1284830 1988.4
1284840 1987.6
1284850 1987.6
1284860 1987.4
1284870 1988.6
1284880 1988.6
1284890 1990.2
1284900 1992.7
1284910 1992.7
1284920 1997.1
1284930 2001.0
1284940 2001.0
1284950 2003.9
1284960 2006.8
1284970 2010.4
1284980 2010.4
1284990 2014.6
1285000 2019.3
1285010 2019.3
1285020 2024.6
1285030 2029.4
1285040 2029.4
1285050 2030.2
1285060 2025.5
1285070 2025.5
1285080 2019.1
1285090 2007.6
1285100 2007.6
1285110 1992.3
1285120 1977.8
1285130 1977.8
1285140 1967.9
1285150 1963.5
1285160 1963.5
1285170 1960.8
1285180 1958.0
1285190 1955.3
1285200 1955.3
1285210 1952.2
1285220 1949.3
1285230 1949.3
1285240 1946.6
1285250 1944.1
1285260 1944.1
1285270 1948.0
1285280 1944.7
1285290 1944.7
1285300 1941.0
1285310 1937.8
1285320 1937.8
1285330 1935.8
1285340 1933.9
1285350 1933.9
1285360 1932.0
1285370 1930.0
1285380 1928.4
1285390 1928.4
1285400 1927.4
1285410 1927.1
1285420 1927.1
1285430 1927.8
1285440 1929.4
1285450 1929.4
1285460 1930.9
1285470 1933.2
1285480 1933.2
1285490 1935.4
1285500 1938.2
1285510 1938.2
1285520 1940.7
1285530 1942.7
1285540 1942.7
1285550 1944.8
1285560 1946.1
1285570 1946.1
1285580 1946.9
1285590 1947.2
1285600 1948.0
1285610 1948.0
1285620 1949.2
1285630 1951.4
1285640 1951.4
1285650 1953.3
1285660 1953.9
1285670 1953.9
1285680 1955.6
1285690 1959.6
1285700 1959.6
1285710 1965.0
1285720 1968.9
1285730 1968.9
1285740 1971.6
1285750 1974.5
1285760 1974.5
1285770 1976.3
1285780 1977.6
1285790 1977.3
1285800 1977.3
1285810 1977.8
1285820 1979.9
1285830 1979.9
1285840 1982.8
1285850 1987.5
1285860 1987.5
1285870 1991.9
1285880 1995.4
1285890 1995.4
1285900 1998.0
1285910 2004.6
1285920 2004.6
1285930 2008.3
1285940 2010.1
1285950 2010.1
1285960 2010.3
1285970 2010.2
1285980 2010.2
1285990 2009.3
1286000 2009.3
1286010 2010.5
1286020 2010.5
1286030 2013.1
1286040 2014.8
1286050 2014.8
1286060 2015.3
1286070 2012.8
1286080 2012.8
1286090 2010.9
1286100 2011.9
1286110 2011.9
1286120 2014.3
1286130 2016.5
1286140 2016.5
1286150 2018.6
1286160 2020.8
1286170 2020.8
1286180 2023.1
1286190 2025.6
1286200 2028.3
1286210 2028.3
1286220 2031.8
1286230 2035.8
1286240 2035.8
1286250 2040.3
1286260 2045.7
1286270 2045.7
1286280 2051.6
1286290 2057.9
1286300 2057.9
1286310 2063.4
1286320 2067.8
1286330 2067.8
1286340 2070.9
1286350 2073.6
1286360 2073.6
1286370 2074.9
1286380 2076.4
1286390 2076.4
1286400 2078.4
1286410 2081.5
1286420 2084.3
1286430 2084.3
1286440 2086.6
1286450 2088.6
1286460 2088.6
1286470 2090.1
1286480 2090.4
1286490 2090.4
1286500 2090.4
1286510 2091.0
1286520 2091.0
1286530 2091.7
1286540 2095.6
1286550 2095.6
1286560 2096.2
1286570 2098.0
1286580 2098.0
1286590 2100.8
1286600 2104.2
1286610 2104.2
1286620 2107.7
1286630 2111.1
1286640 2114.0
1286650 2114.0
1286660 2116.2
1286670 2118.1
1286680 2118.1
1286690 2120.2
1286700 2122.2
1286710 2122.2
1286720 2124.6
1286730 2126.8
1286740 2126.8
1286750 2128.7
1286760 2130.3
1286770 2130.3
1286780 2131.6
1286790 2132.9
1286800 2132.9
1286810 2134.3
1286820 2135.6
1286830 2136.9
1286840 2136.9
1286850 2138.1
1286860 2139.3
1286870 2139.3
1286880 2140.2
1286890 2140.5
1286900 2140.5
1286910 2140.9
1286920 2141.9
1286930 2141.9
1286940 2144.0
1286950 2147.2
1286960 2147.2
1286970 2150.0
1286980 2152.4
1286990 2152.4
1287000 2154.2
1287010 2155.6
1287020 2155.6
1287030 2157.0
1287040 2161.0
1287050 2168.0
1287060 2168.0
1287070 2177.2
1287080 2183.1
1287090 2183.1
1287100 2186.8
1287110 2190.5
1287120 2190.5
1287130 2193.7
1287140 2194.5
1287150 2194.5
1287160 2193.4
1287170 2195.3
1287180 2195.3
1287190 2196.3
1287200 2198.6
1287210 2198.6
1287220 2201.9
1287230 2204.6
1287240 2206.7
1287250 2206.7
1287260 2208.1
1287270 2209.7
1287280 2209.7
1287290 2211.9
1287300 2213.3
1287310 2213.3
1287320 2214.8
1287330 2216.8
1287340 2216.8
1287350 2218.5
1287360 2219.7
1287370 2219.7
1287380 2221.5
1287390 2223.8
1287400 2223.8
1287410 2226.4
1287420 2229.3
1287430 2229.3
1287440 2232.6
1287450 2235.0
1287460 2237.4
1287470 2237.4
1287480 2240.9
1287490 2244.5
1287500 2244.5
1287510 2247.5
1287520 2250.2
1287530 2250.2
1287540 2253.5
1287550 2257.2
1287560 2257.2
1287570 2260.1
1287580 2261.8
1287590 2261.8
1287600 2264.0
1287610 2266.5
1287620 2266.5
1287630 2270.1
1287640 2275.3
1287650 2280.0
1287660 2280.0
1287670 2284.0
1287680 2288.1
1287690 2288.1
1287700 2291.3
1287710 2294.1
1287720 2294.1
1287730 2296.5
1287740 2298.5
1287750 2298.5
1287760 2299.8
1287770 2301.8
1287780 2301.8
1287790 2306.0
1287800 2312.5
1287810 2312.5
1287820 2319.1
1287830 2323.1
1287840 2323.1
1287850 2329.3
1287860 2334.9
1287870 2339.0
1287880 2339.0
1287890 2343.4
1287900 2348.7
1287910 2348.7
1287920 2354.6
1287930 2360.5
1287940 2360.5
1287950 2364.6
1287960 2367.5
1287970 2367.5
1287980 2370.5
1287990 2372.4
1288000 2372.4
1288010 2374.9
1288020 2378.0
1288030 2378.0
1288040 2381.7
1288050 2385.3
1288060 2389.4
1288070 2389.4
1288080 2393.5
1288090 2396.7
1288100 2396.7
1288110 2399.8
1288120 2403.4
1288130 2403.4
1288140 2406.4
1288150 2409.2
1288160 2409.2
1288170 2410.7
1288180 2411.6
1288190 2411.6
1288200 2413.2
1288210 2415.6
1288220 2415.6
1288230 2418.4
1288240 2420.6
1288250 2420.6
1288260 2421.8
1288270 2424.5
1288280 2427.6
1288290 2427.6
1288300 2431.4
1288310 2435.2
1288320 2435.2
1288330 2438.1
1288340 2440.4
1288350 2440.4
1288360 2443.0
1288370 2445.5
1288380 2445.5
1288390 2449.3
1288400 2455.8
1288410 2455.8
1288420 2459.8
1288430 2461.9
1288440 2461.9
1288450 2464.5
1288460 2466.6
1288470 2465.1
1288480 2466.8
1288490 2467.7
1288500 2469.1
1288510 2469.1
1288520 2472.4
1288530 2477.9
1288540 2477.9
1288550 2484.0
1288560 2489.1
1288570 2489.1
1288580 2495.3
1288590 2501.7
1288600 2501.7
1288610 2508.1
1288620 2513.1
1288630 2513.1
1288640 2519.9
1288650 2521.3
1288660 2521.3
1288670 2522.4
1288680 2525.0
1288690 2527.0
1288700 2527.0
1288710 2528.8
1288720 2531.9
1288730 2531.9
1288740 2535.6
1288750 2539.6
1288760 2539.6
1288770 2544.2
1288780 2549.0
1288790 2549.0
1288800 2554.4
1288810 2560.5
1288820 2560.5
1288830 2566.8
1288840 2572.5
1288850 2572.5
1288860 2575.8
1288870 2576.8
1288880 2576.8
1288890 2578.6
1288900 2581.3
1288910 2583.9
1288920 2583.9
1288930 2585.7
1288940 2587.3
1288950 2587.3
1288960 2590.9
1288970 2595.0
1288980 2595.0
1288990 2599.3
1289000 2604.8
1289010 2604.8
1289020 2610.5
1289030 2615.6
1289040 2615.6
1289050 2619.1
1289060 2621.0
1289070 2621.0
1289080 2622.6
1289090 2624.1
1289100 2625.3
1289110 2625.3
1289120 2629.1
1289130 2631.5
1289140 2631.5
1289150 2634.2
1289160 2636.7
1289170 2636.7
1289180 2638.3
1289190 2639.6
1289200 2639.6
1289210 2641.7
1289220 2642.8
1289230 2642.8
1289240 2643.6
1289250 2645.1
1289260 2645.1
1289270 2647.5
1289280 2650.5
1289290 2650.5
1289300 2654.3
1289310 2658.9
1289320 2663.4
1289330 2663.4
1289340 2667.1
1289350 2670.4
1289360 2670.4
1289370 2673.9
1289380 2677.0
1289390 2677.0
1289400 2679.9
1289410 2682.5
1289420 2682.5
1289430 2685.2
1289440 2688.6
1289450 2688.6
1289460 2691.5
1289470 2694.4
1289480 2694.4
1289490 2696.9
1289500 2699.2
1289510 2701.4
1289520 2701.4
1289530 2703.3
1289540 2705.4
1289550 2705.4
1289560 2707.6
1289570 2710.0
1289580 2710.0
1289590 2712.1
1289600 2714.4
1289610 2714.4
1289620 2717.7
1289630 2721.8
1289640 2721.8
1289650 2726.2
1289660 2731.1
1289670 2731.1
1289680 2736.3
1289690 2741.9
1289700 2741.9
1289710 2747.8
1289720 2754.0
1289730 2760.7
1289740 2760.7
1289750 2767.7
1289760 2775.1
1289770 2774.6
1289780 2782.4
1289790 2790.5
1289800 2790.5
1289810 2799.2
1289820 2807.8
1289830 2807.8
1289840 2816.1
1289850 2824.5
1289860 2824.5
1289870 2832.8
1289880 2840.9
1289890 2840.9
1289900 2848.7
1289910 2857.1
1289920 2865.5
1289930 2865.5
1289940 2877.3
1289950 2888.5
1289960 2888.5
1289970 2900.2
1289980 2909.3
1289990 2909.3
1290000 2918.2
1290010 2926.7
1290020 2926.7
1290030 2935.8
1290040 2945.5
1290050 2945.5
1290060 2954.7
1290070 2963.8
1290080 2963.8
1290090 2974.4
1290100 2970.0
1290110 2970.0
1290120 2959.0
1290130 2953.6
1290140 2942.8
1290150 2942.8
1290160 2934.1
1290170 2930.2
1290180 2930.2
1290190 2930.1
1290200 2932.8
1290210 2932.8
1290220 2935.6
1290230 2942.7
1290240 2942.7
1290250 2948.1
1290260 2947.5
1290270 2947.5
1290280 2947.8
1290290 2954.8
1290300 2954.8
1290310 2962.3
1290320 2960.3
1290330 2960.3
1290340 2952.1
1290350 2949.0
1290360 2949.0
1290370 2949.0
1290380 2947.1
1290390 2945.0
1290400 2945.0
1290410 2942.9
1290420 2954.9
1290430 2954.9
1290440 2950.9
1290450 2947.5
1290460 2947.5
1290470 2943.5
1290480 2941.3
1290490 2941.3
1290500 2942.9
1290510 2945.0
1290520 2945.0
1290530 2941.1
1290540 2940.4
1290550 2941.1
1290560 2941.1
1290570 2940.2
1290580 2936.2
1290590 2936.2
1290600 2932.1
1290610 2931.0
1290620 2931.0
1290630 2933.3
1290640 2932.8
1290650 2932.8
1290660 2931.0
1290670 2929.6
1290680 2929.6
1290690 2929.2
1290700 2930.8
1290710 2930.8
1290720 2933.2
1290730 2934.8
1290740 2934.8
1290750 2937.6
1290760 2941.0
1290770 2944.4
1290780 2944.4
1290790 2946.5
1290800 2938.6
1290810 2938.6
1290820 2932.2
1290830 2927.4
1290840 2927.4
1290850 2920.1
1290860 2919.0
1290870 2919.0
1290880 2923.7
1290890 2929.9
1290900 2929.9
1290910 2925.5
1290920 2915.3
1290930 2915.3
1290940 2908.5
1290950 2904.0
1290960 2895.2
1290970 2895.2
1290980 2888.8
1290990 2883.1
1291000 2883.1
1291010 2880.5
1291020 2879.8
1291030 2879.8
1291040 2874.5
1291050 2871.9
1291060 2871.9
1291070 2887.2
1291080 2884.2
1291090 2884.2
1291100 2884.9
1291110 2883.5
1291120 2883.5
1291130 2879.0
1291140 2877.3
1291150 2877.3
1291160 2876.5
1291170 2877.6
1291180 2877.9
1291190 2877.9
1291200 2877.1
1291210 2875.6
1291220 2875.6
1291230 2876.1
1291240 2877.5
1291250 2877.5
1291260 2880.0
1291270 2884.1
1291280 2884.1
1291290 2888.7
1291300 2893.8
1291310 2893.8
1291320 2899.1
1291330 2903.9
1291340 2903.9
1291350 2908.5
1291360 2912.2
1291370 2907.8
1291380 2907.8
1291390 2899.2
1291400 2887.6
1291410 2887.6
1291420 2878.3
1291430 2873.6
1291440 2873.6
1291450 2865.8
1291460 2860.4
1291470 2860.4
1291480 2856.2
1291490 2849.3
1291500 2849.3
1291510 2843.6
1291520 2835.6
1291530 2835.6
1291540 2833.7
1291550 2831.3
1291560 2831.3
1291570 2828.7
1291580 2828.7
1291590 2829.3
1291600 2829.3
1291610 2828.3
1291620 2831.1
1291630 2831.1
1291640 2838.2
1291650 2842.6
1291660 2842.6
1291670 2843.7
1291680 2845.5
1291690 2845.5
1291700 2840.7
1291710 2837.7
1291720 2837.7
1291730 2826.2
1291740 2822.6
1291750 2822.6
1291760 2815.4
1291770 2806.6
1294640 2937.9
1294650 2937.9
1294660 2944.8
1294670 2956.6
1294680 2975.8
1294690 2975.8
1294700 2980.4
1294710 2965.0
1294720 2965.0
1294730 2955.0
1294740 2949.8
1294750 2949.8
1294760 2944.4
1294770 2938.6
1294780 2938.6
1294790 2933.0
1294800 2927.4
1294810 2927.4
1294820 2921.9
1294830 2917.0
1294840 2917.0
1294850 2912.7
1294860 2908.4
1294870 2908.4
1294880 2902.9
1294890 2898.5
1294900 2894.3
1294910 2894.3
1294920 2884.2
1294930 2872.2
1294940 2872.2
1294950 2855.1
1294960 2846.4
1294970 2846.4
1294980 2836.3
1294990 2827.4
1295000 2827.4
1295010 2819.8
1295020 2813.1
1295030 2813.1
1295040 2804.5
1295050 2798.3
1295060 2798.3
1295070 2791.4
1295080 2787.9
1295090 2786.6
1295100 2786.6
1295110 2786.8
1295120 2786.9
1295130 2786.9
1295140 2786.6
1295150 2787.3
1295160 2787.3
1295170 2789.9
1295180 2793.0
1295190 2793.0
1295200 2794.6
1295210 2795.3
1295220 2795.3
1295230 2795.6
1295240 2796.8
1295250 2796.8
1295260 2795.8
1295270 2792.4
1295280 2792.4
1295290 2788.5
1295300 2785.3
1295310 2781.1
1295320 2781.1
1295330 2777.3
1295340 2773.6
1295350 2773.6
1295360 2770.6
1295370 2767.6
1295380 2767.6
1295390 2765.3
1295400 2762.4
1295410 2762.4
1295420 2757.9
1295430 2754.4
1295440 2754.4
1295450 2750.8
1295460 2747.4
1295470 2747.4
1295480 2743.4
1295490 2739.2
1295500 2735.5
1295510 2735.5
1295520 2731.9
1295530 2729.1
1295540 2729.1
1295550 2726.8
1295560 2724.9
1295570 2724.9
1295580 2722.5
1295590 2720.3
1295600 2720.3
1295610 2718.4
1295620 2716.0
1295630 2716.0
1295640 2713.3
1295650 2711.7
1295660 2711.7
1295670 2710.0
1295680 2708.6
1295690 2708.6
1295700 2707.5
1295710 2706.8
1295720 2706.1
1295730 2706.1
1295740 2704.3
1295750 2703.2
1295760 2703.2
1295770 2701.4
1295780 2700.1
1295790 2700.1
1295800 2697.5
1295810 2694.9
1295820 2694.9
1295830 2691.8
1295840 2688.9
1295850 2688.9
1295860 2686.3
1295870 2682.1
1295880 2682.1
1295890 2677.6
1295900 2672.8
1295910 2672.8
1295920 2668.8
1295930 2665.1
1295940 2660.7
1295950 2660.7
1295960 2657.1
1295970 2654.3
1295980 2654.3
1295990 2650.1
1296000 2645.1
1296010 2645.1
1296020 2640.3
1296030 2638.4
1296040 2638.4
1296050 2637.2
1296060 2635.9
1296070 2635.9
1296080 2634.6
1296090 2632.8
1296100 2632.8
1296110 2630.5
1296120 2628.2
1296130 2626.1
1296140 2626.1
1296150 2623.5
1296160 2620.2
1296170 2620.2
1296180 2616.8
1296190 2613.5
1296200 2613.5
1296210 2610.3
1296220 2606.9
1296230 2606.9
1296240 2603.2
1296250 2599.5
1296260 2599.5
1296270 2595.7
1296280 2592.0
1296290 2592.0
1296300 2588.2
1296310 2584.3
1296320 2584.3
1296330 2580.4
1296340 2577.1
1296350 2573.9
1296360 2573.9
1296370 2570.7
1296380 2566.1
1296390 2566.1
1296400 2563.4
1296410 2560.1
1296420 2560.1
1296430 2556.5
1296440 2553.9
1296450 2553.9
1296460 2551.4
1296470 2549.7
1296480 2549.7
1296490 2547.5
1296500 2544.7
1296510 2544.7
1296520 2542.0
1296530 2540.3
1296540 2539.2
1296550 2539.2
1296560 2537.5
1296570 2535.1
1296580 2535.1
1296590 2533.4
1296600 2531.7
1296610 2531.7
1296620 2529.1
1296630 2525.3
1296640 2525.3
1296650 2521.3
1296660 2517.9
1296670 2517.9
1296680 2514.2
1296690 2511.1
1296700 2511.1
1296710 2509.2
1296720 2507.6
1296730 2507.6
1296740 2506.5
1296750 2504.3
1296760 2501.0
1296770 2501.0
1296780 2497.9
1296790 2495.0
1296800 2495.0
1296810 2492.5
1296820 2490.3
1296830 2490.3
1296840 2488.1
1296850 2485.6
1296860 2485.6
1296870 2483.8
1296880 2482.0
1296890 2482.0
1296900 2480.4
1296910 2479.6
1296920 2479.6
1296930 2479.1
1296940 2478.8
1296950 2479.1
1296960 2479.1
1296970 2480.6
1296980 2482.5
1296990 2482.5
1297000 2484.6
1297010 2486.9
1297020 2486.9
1297030 2488.9
1297040 2485.6
1297050 2483.9
1297060 2479.1
1297070 2472.6
1297080 2472.6
1297090 2466.3
1297100 2461.3
1297110 2461.3
1297120 2457.9
1297130 2456.4
1297140 2456.4
1297150 2456.0
1297160 2456.1
1297170 2456.0
1297180 2456.0
1297190 2456.1
1297200 2456.6
1297210 2456.6
1297220 2458.0
1297230 2459.7
1297240 2459.7
1297250 2461.7
1297260 2464.4
1297270 2464.4
1297280 2467.1
1297290 2470.3
1297300 2470.3
1297310 2472.8
1297320 2474.9
1297330 2474.9
1297340 2476.4
1297350 2476.8
1297360 2478.4
1297370 2478.4
1297380 2480.1
1297390 2481.9
1297400 2481.9
1297410 2482.6
1297420 2483.1
1297430 2483.1
1297440 2484.1
1297450 2485.3
1297460 2485.3
1297470 2486.4
1297480 2487.3
1297490 2487.3
1297500 2487.8
1297510 2487.6
1297520 2487.6
1297530 2487.4
1297540 2487.7
1297550 2487.7
1297560 2487.7
1297570 2487.1
1297580 2487.0
1297590 2487.0
1297600 2487.3
1297610 2488.0
1297620 2488.0
1297630 2488.6
1297640 2489.1
1297650 2489.1
1297660 2489.1
1297670 2488.8
1297680 2488.8
1297690 2487.6
1297700 2486.1
1297710 2486.1
1297720 2484.6
1297730 2479.3
1297740 2479.3
1297750 2478.0
1297760 2477.6
1297770 2477.6
1297780 2477.0
1297790 2475.9
1297800 2474.1
1297810 2474.1
1297820 2472.0
1297830 2468.5
1297840 2468.5
1297850 2463.0
1297860 2456.9
1297870 2456.9
1297880 2452.4
1297890 2448.7
1297900 2448.7
1297910 2445.1
1297920 2442.0
1297930 2442.0
1297940 2439.3
1297950 2435.9
1297960 2435.9
1297970 2432.3
1297980 2428.3
1297990 2424.8
1298000 2424.8
1298010 2421.7
1298020 2419.0
1298030 2419.0
1298040 2415.5
1298050 2411.3
1298060 2411.3
1298070 2406.6
1298080 2402.2
1298090 2402.2
1298100 2397.4
1298110 2393.0
1298120 2393.0
1298130 2388.3
1298140 2383.8
1298150 2383.8
1298160 2379.3
1298170 2375.9
1298180 2375.9
1298190 2372.4
1298200 2367.8
1298210 2362.8
1298220 2362.8
1298230 2356.7
1298240 2350.3
1298250 2350.3
1298260 2344.4
1298270 2338.9
1298280 2338.9
1298290 2334.0
1298300 2329.3
1298310 2329.3
1298320 2323.0
1298330 2318.4
1298340 2318.4
1298350 2313.4
1298360 2308.8
1298370 2308.8
1298380 2304.4
1298390 2299.1
1298400 2293.8
1298410 2289.7
1298420 2284.9
1298430 2279.8
1298440 2279.8
1298450 2274.6
1298460 2269.9
1298470 2269.9
1298480 2265.6
1298490 2261.9
1298500 2261.9
1298510 2258.6
1298520 2255.3
1298530 2255.3
1298540 2251.4
1298550 2247.7
1298560 2247.7
1298570 2244.1
1298580 2240.6
1298590 2240.6
1298600 2237.5
1298610 2234.2
1298620 2231.1
1298630 2231.1
1298640 2228.4
1298650 2225.4
1298660 2225.4
1298670 2221.2
1298680 2217.0
1298690 2217.0
1298700 2212.9
1298710 2208.1
1298720 2208.1
1298730 2202.9
1298740 2198.9
1298750 2198.9
1298760 2194.5
1298770 2189.8
1298780 2189.8
1298790 2185.9
1298800 2182.2
1298810 2177.6
1298820 2177.6
1298830 2172.9
1298840 2168.8
1298850 2168.8
1298860 2164.9
1298870 2160.8
1298880 2160.8
1298890 2156.5
1298900 2151.8
1298910 2151.8
1298920 2147.5
1298930 2144.0
1298940 2144.0
1298950 2138.5
1298960 2131.0
1298970 2131.0
1298980 2124.2
1298990 2118.7
1299000 2118.7
1299010 2113.5
1299020 2108.4
1299030 2102.1
1299040 2102.1
1299050 2096.4
1299060 2091.6
1299070 2091.6
1299080 2088.7
1299090 2079.4
1299100 2079.4
1299110 2073.7
1299120 2068.4
1299130 2068.4
1299140 2063.5
1299150 2059.5
1299160 2059.5
1299170 2054.6
1299180 2049.8
1299190 2049.8
1299200 2045.8
1299210 2041.9
1299220 2039.5
1299230 2039.5
1299240 2037.8
1299250 2036.0
1299260 2036.0
1299270 2032.4
1299280 2029.1
1299290 2029.1
1299300 2026.9
1299310 2025.2
1299320 2025.2
1299330 2022.6
1299340 2021.6
1299350 2021.6
1299360 2023.5
1299370 2024.7
1299380 2024.7
1299390 2024.7
1299400 2024.6
1299410 2024.6
1299420 2024.8
1299430 2024.5
1299440 2025.3
1299450 2025.3
1299460 2028.3
1299470 2031.6
1299480 2031.6
1299490 2035.1
1299500 2037.5
1299510 2037.5
1299520 2039.1
1299530 2040.5
1299540 2040.5
1299550 2045.5
1299560 2051.4
1299570 2051.4
1299580 2056.3
1299590 2059.0
1299600 2059.0
1299610 2060.9
1299620 2061.3
1299630 2061.3
1299640 2061.0
1299650 2059.6
1299660 2058.6
1299670 2058.6
1299680 2057.1
1299690 2056.3
1299700 2056.3
1299710 2056.9
1299720 2058.3
1299730 2058.3
1299740 2059.6
1299750 2060.1
1299760 2060.1
1299770 2058.6
1299780 2060.7
1299790 2060.7
1299800 2062.1
1299810 2060.6
1299820 2060.6
1299830 2057.4
1299840 2058.9
1299850 2061.7
1299860 2061.7
1299870 2065.9
1299880 2069.8
1299890 2069.8
1299900 2075.0
1299910 2078.9
1299920 2078.9
1299930 2083.2
1299940 2086.9
1299950 2086.9
1299960 2088.5
1299970 2089.0
1299980 2089.0
1299990 2089.7
