1280000 1747.5
1280010 1748.7
1280020 1749.4
1280030 1749.4
1280040 1749.9
1280050 1748.2
1280060 1748.2
1280070 1746.8
1280080 1744.3
1280090 1744.3
1280100 1742.8
1280110 1738.0
1280120 1738.0
1280130 1730.9
1280140 1724.5
1280150 1724.5
1280160 1716.6
1280170 1707.6
1280180 1707.6
1280190 1698.8
1280200 1691.4
1280210 1684.0
1280220 1684.0
1280230 1676.5
1280240 1670.2
1280250 1670.2
1280260 1664.0
1280270 1659.0
1280280 1659.0
1280290 1654.8
1280300 1649.9
1280310 1649.9
1280320 1641.4
1280330 1618.9
1280340 1618.9
1280350 1595.8
1280360 1585.6
1280370 1585.6
1280380 1578.9
1280390 1565.6
1280400 1565.6
1280410 1531.2
1280420 1504.7
1280430 1490.7
1280440 1490.7
1280450 1483.0
1280460 1474.4
1280470 1474.4
1280480 1464.9
1280490 1457.6
1280500 1457.6
1280510 1449.3
1280520 1441.7
1280530 1441.7
1280540 1434.5
1280550 1427.7
1280560 1427.7
1280570 1421.5
1280580 1414.4
1280590 1414.4
1280600 1406.9
1280610 1399.8
1280620 1393.4
1280630 1393.4
1280640 1387.5
1280650 1380.4
1280660 1380.4
1280670 1375.0
1280680 1371.2
1280690 1374.6
1280700 1371.8
1280710 1368.5
1280720 1368.5
1280730 1364.2
1280740 1359.2
1280750 1359.2
1280760 1360.3
1280770 1358.0
1280780 1358.0
1280790 1351.9
1280800 1346.5
1280810 1346.5
1280820 1342.2
1280830 1342.7
1280840 1343.2
1280850 1343.2
1280860 1343.5
1280870 1343.2
1280880 1343.2
1280890 1342.7
1280900 1342.3
1280910 1342.3
1280920 1343.6
1280930 1345.7
1280940 1345.7
1280950 1349.1
1280960 1351.4
1280970 1351.4
1280980 1351.4
1280990 1353.8
1281000 1353.8
1281010 1355.0
1281020 1354.5
1281030 1354.5
1281040 1354.6
1281050 1360.2
1281060 1368.2
1281070 1368.2
1281080 1373.4
1281090 1377.2
1281100 1377.2
1281110 1380.8
1281120 1383.9
1281130 1383.9
1281140 1387.0
1281150 1391.0
1281160 1391.0
1281170 1395.4
1281180 1399.1
1281190 1399.1
1281200 1403.9
1281210 1408.3
1281220 1408.3
1281230 1412.2
1281240 1415.8
1281250 1419.8
1281260 1419.8
1281270 1423.5
1281280 1427.1
1281290 1427.1
1281300 1431.3
1281310 1438.1
1281320 1438.1
1281330 1441.2
1281340 1444.4
1281350 1444.4
1281360 1446.7
1281370 1448.5
1281380 1448.5
1281390 1450.3
1281400 1451.2
1281410 1451.2
1281420 1451.7
1281430 1452.7
1281440 1452.7
1281450 1453.3
1281460 1453.5
1281470 1452.7
1281480 1452.7
1281490 1449.6
1281500 1446.8
1281510 1446.8
1281520 1445.4
1281530 1445.0
1281540 1445.0
1281550 1446.1
1281560 1449.6
1281570 1449.6
1281580 1449.5
1281590 1450.2
1281600 1450.2
1281610 1451.7
1281620 1454.2
1281630 1454.2
1281640 1456.3
1281650 1459.9
1281660 1459.9
1281670 1463.1
1281680 1460.9
1281690 1455.6
1281700 1455.6
1281710 1454.9
1281720 1455.5
1281730 1455.5
1281740 1456.1
1281750 1457.3
1281760 1457.3
1281770 1459.0
1281780 1461.2
1281790 1461.2
1281800 1462.6
1281810 1463.4
1281820 1463.4
1281830 1464.3
1281840 1467.2
1281850 1467.2
1281860 1470.8
1281870 1473.6
1281880 1476.0
1281890 1476.0
1281900 1477.3
1281910 1477.3
1281920 1477.3
1281930 1476.3
1281940 1481.7
1281950 1481.7
1281960 1481.5
1281970 1479.5
1281980 1479.5
1281990 1478.9
1282000 1480.3
1282010 1480.3
1282020 1482.7
1282030 1485.7
1282040 1485.7
1282050 1486.5
1282060 1485.9
1282070 1485.9
1282080 1484.1
1282090 1482.2
1282100 1480.4
1282110 1480.4
1282120 1478.7
1282130 1477.0
1282140 1477.0
1282150 1475.0
1282160 1473.0
1282170 1473.0
1282180 1474.2
1282190 1474.7
1282200 1474.7
1282210 1474.6
1282220 1475.1
1282230 1475.1
1282240 1476.5
1282250 1477.8
1282260 1477.8
1282270 1479.3
1282280 1480.7
1282290 1482.5
1282300 1482.5
1282310 1485.6
1282320 1487.1
1282330 1487.1
1282340 1488.1
1282350 1489.2
1282360 1489.2
1282370 1489.9
1282380 1490.5
1282390 1490.5
1282400 1490.7
1282410 1489.5
1282420 1489.5
1282430 1486.1
1282440 1482.9
1282450 1482.9
1282460 1480.2
1282470 1478.9
1282480 1478.9
1282490 1478.8
1282500 1479.0
1282510 1479.7
1282520 1479.7
1282530 1481.2
1282540 1481.3
1282550 1481.3
1282560 1488.3
1282570 1486.9
1282580 1486.9
1282590 1484.8
1282600 1484.2
1282610 1484.2
1282620 1483.4
1282630 1481.4
1282640 1481.4
1282650 1479.7
1282660 1478.4
1282670 1478.4
1282680 1477.3
1282690 1476.3
1282700 1476.3
1282710 1474.4
1282720 1473.2
1282730 1474.5
1282740 1474.5
1282750 1475.4
1282760 1476.3
1282770 1476.3
1282780 1476.3
1282790 1476.3
1282800 1476.3
1282810 1476.5
1282820 1475.1
1282830 1475.1
1282840 1473.5
1282850 1473.3
1282860 1473.3
1282870 1473.9
1282880 1474.6
1282890 1474.6
1282900 1474.6
1282910 1473.9
1282920 1473.1
1282930 1473.1
1282940 1472.1
1282950 1471.2
1282960 1471.2
1282970 1470.6
1282980 1470.1
1282990 1470.1
1283000 1470.0
1283010 1470.2
1283020 1470.2
1283030 1470.3
1283040 1469.9
1283050 1469.9
1283060 1469.3
1283070 1468.7
1283080 1468.7
1283090 1467.9
1283100 1467.4
1283110 1467.4
1283120 1467.6
1283130 1468.0
1283140 1468.4
1283150 1468.4
1283160 1468.6
1283170 1468.3
1283180 1468.3
1283190 1470.5
1283200 1470.7
1283210 1470.7
1283220 1471.2
1283230 1471.5
1283240 1471.5
1283250 1471.6
1283260 1472.0
1283270 1472.0
1283280 1473.0
1283290 1474.6
1283300 1474.6
1283310 1476.1
1283320 1477.2
1283330 1477.2
1283340 1477.8
1283350 1478.4
1283360 1478.3
1283370 1478.3
1283380 1477.0
1283390 1476.2
1283400 1476.2
1283410 1475.6
1283420 1475.6
1283430 1475.6
1283440 1479.2
1283450 1483.8
1283460 1483.8
1283470 1487.6
1283480 1492.9
1283490 1492.9
1283500 1499.6
1283510 1505.5
1283520 1505.5
1283530 1509.7
1283540 1512.5
1283550 1514.5
1283560 1514.5
1283570 1516.4
1283580 1517.6
1283590 1517.6
1283600 1518.2
1283610 1518.0
1283620 1518.0
1283630 1517.1
1283640 1516.3
1283650 1516.3
1283660 1515.3
1283670 1514.0
1283680 1514.0
1283690 1513.7
1283700 1514.7
1283710 1514.7
1283720 1512.7
1283730 1509.5
1283740 1509.5
1283750 1506.2
1283760 1506.3
1283770 1507.8
1283780 1507.8
1283790 1510.2
1283800 1512.0
1283810 1512.0
1283820 1515.3
1283830 1516.2
1283840 1516.2
1283850 1516.7
1283860 1517.4
1283870 1517.4
1283880 1518.0
1283890 1518.2
1283900 1518.2
1283910 1518.1
1283920 1517.7
1283930 1517.7
1283940 1518.1
1283950 1518.5
1283960 1518.8
1283970 1518.8
1283980 1519.1
1283990 1519.2
1284000 1519.2
1284010 1519.7
1284020 1519.9
1284030 1519.9
1284040 1520.3
1284050 1521.7
1284060 1521.7
1284070 1522.5
1284080 1522.5
1284090 1522.5
1284100 1523.3
1284110 1525.1
1284120 1525.1
1284130 1526.1
1284140 1526.9
1284150 1526.9
1284160 1527.5
1284170 1527.2
1284180 1526.3
1284190 1526.3
1284200 1525.8
1284210 1525.5
1284220 1525.5
1284230 1525.5
1284240 1524.1
1284250 1524.1
1284260 1525.6
1284270 1527.5
1284280 1527.5
1284290 1529.2
1284300 1530.7
1284310 1530.7
1284320 1532.3
1284330 1533.8
1284340 1533.8
1284350 1535.5
1284360 1537.1
1284370 1537.1
1284380 1538.6
1284390 1539.9
1284400 1541.3
1284410 1541.3
1284420 1542.2
1284430 1543.1
1284440 1543.1
1284450 1541.9
1284460 1542.5
1284470 1542.5
1284480 1542.9
1284490 1543.5
1284500 1543.5
1284510 1544.3
1284520 1544.8
1284530 1544.8
1284540 1545.3
1284550 1546.1
1284560 1546.1
1284570 1546.8
1284580 1547.4
1284590 1547.7
1284600 1547.7
1284610 1547.6
1284620 1547.6
1284630 1547.6
1284640 1547.4
1284650 1547.3
1284660 1547.3
1284670 1547.0
1284680 1547.1
1284690 1547.1
1284700 1548.0
1284710 1549.1
1284720 1549.1
1284730 1549.4
1284740 1549.4
1284750 1549.4
1284760 1550.5
1284770 1551.7
1284780 1551.7
1284790 1553.1
1284800 1554.1
1284810 1555.1
1284820 1555.1
1284830 1556.5
1284840 1558.0
1284850 1558.0
1284860 1559.2
1284870 1560.3
1284880 1560.3
1284890 1561.7
1284900 1563.0
1284910 1563.0
1284920 1564.2
1284930 1565.9
1284940 1565.9
1284950 1567.9
1284960 1569.5
1284970 1569.5
1284980 1570.4
1284990 1570.5
1285000 1571.1
1285010 1571.1
1285020 1572.5
1285030 1575.1
1285040 1575.1
1285050 1578.0
1285060 1581.2
1285070 1581.2
1285080 1585.4
1285090 1587.1
1285100 1587.1
1285110 1592.0
1285120 1597.7
1285130 1597.7
1285140 1603.6
1285150 1608.8
1285160 1608.8
1285170 1614.9
1285180 1620.6
1285190 1620.6
1285200 1627.0
1285210 1634.2
1285220 1640.9
1285230 1640.9
1285240 1647.1
1285250 1653.7
1285260 1653.7
1285270 1661.0
1285280 1669.0
1285290 1669.0
1285300 1673.9
1285310 1674.8
1285320 1674.8
1285330 1679.0
1285340 1684.7
1285350 1684.7
1285360 1690.8
1285370 1697.3
1285380 1697.3
1285390 1702.5
1285400 1704.6
1285410 1704.6
1285420 1708.5
1285430 1715.4
1285440 1721.0
1285450 1721.0
1285460 1726.8
1285470 1733.4
1285480 1733.4
1285490 1741.1
1285500 1747.8
1285510 1747.8
1285520 1753.0
1285530 1759.1
1285540 1759.1
1285550 1764.4
1285560 1767.5
1285570 1767.5
1285580 1773.6
1285590 1784.7
1285600 1784.7
1285610 1799.9
1285620 1813.1
1285630 1824.1
1285640 1824.1
1285650 1837.6
1285660 1848.2
1285670 1848.2
1285680 1858.8
1285690 1869.4
1285700 1869.4
1285710 1879.0
1285720 1867.1
1285730 1867.1
1285740 1875.4
1285750 1889.0
1285760 1889.0
1285770 1906.0
1285780 1919.4
1285790 1919.4
1285800 1928.6
1285810 1936.1
1285820 1936.1
1285830 1944.4
1285840 1952.7
1285850 1959.7
1285860 1959.7
1285870 1969.7
1285880 1982.6
1285890 1982.6
1285900 1989.0
1285910 1993.2
1285920 1993.2
1285930 1999.4
1285940 2007.4
1285950 2007.4
1285960 2016.3
1285970 2022.7
1285980 2022.7
1285990 2025.5
1286000 2029.9
1286010 2029.9
1286020 2038.5
1286030 2048.4
1286040 2053.7
1286050 2053.7
1286060 2061.0
1286070 2072.8
1286080 2072.8
1286090 2084.6
1286100 2096.4
1286110 2096.4
1286120 2108.7
1286130 2118.5
1286140 2118.5
1286150 2128.1
1286160 2138.8
1286170 2138.8
1286180 2140.6
1286190 2126.2
1286200 2126.2
1286210 2125.2
1286220 2128.8
1286230 2128.8
1286240 2132.4
1286250 2142.0
1286260 2151.4
1286270 2151.4
1286280 2156.6
1286290 2166.6
1286300 2166.6
1286310 2187.8
1286320 2200.6
1286330 2200.6
1286340 2214.2
1286350 2225.6
1286360 2221.5
1286370 2231.7
1286380 2241.6
1286390 2241.6
1286400 2250.4
1286410 2257.4
1286420 2257.4
1286430 2262.8
1286440 2270.8
1286450 2270.8
1286460 2276.5
1286470 2280.6
1286480 2284.3
1286490 2284.3
1286500 2287.4
1286510 2290.7
1286520 2290.7
1286530 2294.3
1286540 2298.2
1286550 2298.2
1286560 2302.2
1286570 2306.2
1286580 2306.2
1286590 2310.0
1286600 2313.7
1286610 2313.7
1286620 2317.6
1286630 2321.6
1286640 2321.6
1286650 2326.0
1286660 2330.9
1286670 2336.3
1286680 2336.3
1286690 2341.8
1286700 2347.0
1286710 2347.0
1286720 2351.9
1286730 2356.7
1286740 2356.7
1286750 2361.5
1286760 2366.3
1286770 2366.3
1286780 2371.4
1286790 2376.1
1286800 2376.1
1286810 2380.7
1286820 2385.3
1286830 2385.3
1286840 2390.3
1286850 2395.5
1286860 2395.5
1286870 2401.0
1286880 2406.6
1286890 2412.1
1286900 2412.1
1286910 2417.4
1286920 2422.6
1286930 2422.6
1286940 2427.8
1286950 2433.6
1286960 2433.6
1286970 2439.3
1286980 2445.2
1286990 2445.2
1287000 2446.1
1287010 2451.4
1287020 2451.4
1287030 2456.2
1287040 2459.7
1287050 2459.7
1287060 2463.9
1287070 2468.7
1287080 2475.3
1287090 2475.3
1287100 2482.3
1287110 2489.6
1287120 2489.6
1287130 2497.2
1287140 2504.2
1287150 2504.2
1287160 2512.1
1287170 2520.5
1287180 2520.5
1287190 2528.8
1287200 2536.9
1287210 2536.9
1287220 2544.8
1287230 2551.7
1287240 2551.7
1287250 2555.9
1287260 2559.8
1287270 2559.8
1287280 2564.6
1287290 2569.3
1287300 2573.6
1287310 2573.6
1287320 2578.0
1287330 2582.6
1287340 2582.6
1287350 2586.7
1287360 2590.4
1287370 2590.4
1287380 2594.4
1287390 2598.8
1287400 2598.8
1287410 2603.3
1287420 2607.6
1287430 2607.6
1287440 2612.2
1287450 2616.3
1287460 2616.3
1287470 2619.7
1287480 2623.2
1287490 2623.2
1287500 2627.2
1287510 2631.0
1287520 2627.7
1287530 2627.7
1287540 2619.0
1287550 2603.4
1287560 2603.4
1287570 2588.2
1287580 2581.9
1287590 2581.9
1287600 2579.8
1287610 2577.2
1287620 2577.2
1287630 2571.8
1287640 2564.1
1287650 2564.1
1287660 2551.7
1287670 2537.9
1287680 2537.9
1287690 2515.4
1287700 2486.9
1287710 2462.1
1287720 2462.1
1287730 2454.6
1287740 2449.3
1287750 2449.3
1287760 2444.6
1287770 2439.5
1287780 2439.5
1287790 2432.9
1287800 2426.8
1287810 2426.8
1287820 2422.2
1287830 2417.8
1287840 2417.8
1287850 2414.4
1287860 2412.9
1287870 2412.9
1287880 2411.1
1287890 2409.9
1287900 2409.9
1287910 2408.5
1287920 2407.9
1287930 2407.5
1287940 2407.5
1287950 2406.4
1287960 2405.2
1287970 2405.2
1287980 2405.0
1287990 2406.0
1288000 2406.0
1288010 2407.7
1288020 2409.2
1288030 2409.2
1288040 2410.6
1288050 2409.8
1288060 2409.8
1288070 2409.8
1288080 2410.6
1288090 2410.6
1288100 2409.9
1288110 2406.7
1288120 2406.7
1288130 2405.3
1288140 2406.1
1288150 2408.3
1288160 2408.3
1288170 2409.8
1288180 2408.2
1288190 2408.2
1288200 2405.8
1288210 2400.7
1288220 2400.7
1288230 2395.8
1288240 2395.8
1288250 2395.8
1288260 2392.6
1288270 2389.0
1288280 2389.0
1288290 2397.3
1288300 2396.2
1288310 2396.2
1288320 2397.0
1288330 2400.3
1288340 2404.7
1288350 2404.7
1288360 2409.6
1288370 2412.5
1288380 2412.5
1288390 2414.0
1288400 2414.8
1288410 2414.8
1288420 2415.7
1288430 2417.8
1288440 2417.8
1288450 2420.7
1288460 2422.8
1288470 2422.8
1288480 2424.5
1288490 2425.8
1288500 2425.8
1288510 2427.8
1288520 2430.2
1288530 2430.2
1288540 2432.9
1288550 2435.3
1288560 2437.7
1288570 2437.7
1288580 2440.3
1288590 2442.6
1288600 2442.6
1288610 2444.8
1288620 2448.0
1288630 2448.0
1288640 2452.3
1288650 2456.7
1288660 2456.7
1288670 2461.1
1288680 2465.1
1288690 2465.1
1288700 2468.4
1288710 2471.4
1288720 2471.4
1288730 2473.9
1288740 2477.3
1288750 2481.4
1288760 2481.4
1288770 2485.5
1288780 2489.6
1288790 2489.6
1288800 2493.6
1288810 2497.7
1288820 2497.7
1288830 2501.0
1288840 2503.9
1288850 2503.9
1288860 2507.2
1288870 2510.3
1288880 2510.3
1288890 2512.7
1288900 2516.2
1288910 2516.2
1288920 2519.7
1288930 2523.9
1288940 2523.9
1288950 2524.0
1288960 2524.0
1288970 2525.8
1288980 2525.8
1288990 2527.9
1289000 2530.0
1289010 2530.0
1289020 2532.2
1289030 2535.4
1289040 2535.4
1289050 2539.9
1289060 2544.4
1289070 2544.4
1289080 2550.0
1289090 2555.3
1289100 2555.3
1289110 2560.7
1289120 2565.3
1289130 2565.3
1289140 2569.7
1289150 2573.1
1289160 2573.1
1289170 2576.0
1289180 2576.5
1289190 2568.3
1289200 2568.3
1289210 2547.0
1289220 2515.2
1289230 2515.2
1289240 2508.3
1289250 2504.0
1289260 2504.0
1289270 2498.2
1289280 2492.0
1289290 2492.0
1289300 2486.0
1289310 2480.6
1289320 2480.6
1289330 2479.4
1289340 2480.0
1289350 2480.0
1289360 2481.5
1289370 2483.0
1289380 2482.9
1289390 2482.9
1289400 2483.2
1289410 2484.2
1289420 2484.2
1289430 2485.2
1289440 2486.3
1289450 2486.3
1289460 2486.9
1289470 2486.5
1289480 2486.5
1289490 2485.3
1289500 2483.8
1289510 2483.8
1289520 2482.8
1289530 2482.6
1289540 2482.6
1289550 2483.4
1289560 2485.2
1289570 2485.2
1289580 2490.6
1289590 2491.0
1289600 2490.9
1289610 2490.9
1289620 2491.0
1289630 2487.5
1289640 2487.5
1289650 2482.1
1289660 2478.9
1289670 2478.9
1289680 2477.1
1289690 2475.8
1289700 2475.8
1289710 2473.1
1289720 2469.3
1289730 2469.3
1289740 2467.1
1289750 2466.8
1289760 2466.8
1289770 2466.4
1289780 2466.2
1289790 2466.0
1289800 2466.0
1289810 2465.7
1289820 2466.4
1289830 2466.4
1289840 2466.2
1289850 2461.2
1289860 2461.2
1289870 2441.7
1289880 2432.2
1289890 2432.2
1289900 2426.3
1289910 2422.2
1289920 2422.2
1289930 2417.4
1289940 2413.0
1289950 2413.0
1289960 2410.3
1289970 2408.6
1289980 2408.6
1289990 2408.1
1290000 2406.7
1290010 2401.3
1290020 2401.3
1290030 2393.9
1290040 2388.0
1290050 2388.0
1290060 2382.2
1290070 2374.3
1290080 2374.3
1290090 2359.1
1290100 2337.6
1290110 2337.6
1290120 2327.1
1290130 2326.0
1290140 2326.0
1290150 2326.1
1290160 2324.1
1290170 2324.1
1290180 2321.8
1290190 2318.4
1290200 2318.4
1290210 2314.5
1290220 2310.1
1290230 2313.0
1290240 2313.0
1290250 2312.1
1290260 2311.3
1290270 2311.3
1290280 2309.2
1290290 2307.8
1290300 2307.8
1290310 2306.6
1290320 2304.8
1290330 2304.8
1290340 2303.1
1290350 2301.7
1290360 2301.7
1290370 2300.2
1290380 2298.3
1290390 2298.3
1290400 2297.4
1290410 2297.3
1290420 2297.5
1290430 2297.5
1290440 2298.2
1290450 2298.7
1290460 2298.7
1290470 2299.2
1290480 2299.4
1290490 2299.4
1290500 2299.5
1290510 2299.3
1290520 2299.3
1290530 2298.4
1290540 2295.9
1290550 2295.9
1290560 2291.5
1290570 2286.7
1290580 2286.7
1290590 2283.6
1290600 2280.4
1290610 2280.4
1290620 2278.6
1290630 2278.1
1290640 2277.1
1290650 2277.1
1290660 2275.6
1290670 2274.5
1290680 2274.5
1290690 2273.2
1290700 2270.4
1290710 2270.4
1290720 2270.1
1290730 2272.2
1290740 2272.2
1290750 2272.8
1290760 2272.9
1290770 2272.9
1290780 2271.1
1290790 2271.4
1290800 2271.4
1290810 2271.6
1290820 2271.5
1290830 2272.7
1290840 2272.7
1290850 2274.6
1290860 2276.4
1290870 2276.4
1290880 2275.7
1290890 2280.2
1290900 2280.2
1290910 2280.3
1290920 2280.9
1290930 2280.9
1290940 2283.9
1290950 2287.9
1290960 2287.9
1290970 2294.4
1290980 2299.5
1290990 2299.5
1291000 2303.5
1291010 2306.0
1291020 2306.0
1291030 2307.7
1291040 2309.2
1291050 2310.3
1291060 2310.3
1291070 2312.1
1291080 2315.8
1291090 2315.8
1291100 2319.7
1291110 2324.4
1291120 2324.4
1291130 2332.2
1291140 2340.2
1291150 2340.2
1291160 2338.3
1291170 2344.3
1291180 2344.3
1291190 2352.9
1291200 2363.1
1291210 2363.1
1291220 2370.7
1291230 2375.7
1291240 2375.7
1291250 2379.2
1291260 2381.0
1291270 2383.1
1291280 2383.1
1291290 2385.5
1291300 2385.9
1291310 2385.9
1291320 2387.4
1291330 2392.4
1291340 2392.4
1291350 2399.0
1291360 2399.7
1291370 2399.7
1291380 2404.3
1291390 2406.8
1291400 2406.8
1291410 2406.3
1291420 2401.3
1291430 2401.3
1291440 2395.2
1291450 2391.7
1291460 2384.7
1291470 2384.7
1291480 2382.7
1291490 2380.8
1291500 2380.8
1291510 2367.5
1291520 2349.5
1291530 2349.5
1291540 2353.3
1291550 2360.0
1291560 2360.0
1291570 2367.0
1291580 2369.8
1291590 2369.8
1291600 2366.8
1291610 2362.0
1291620 2362.0
1291630 2358.7
1291640 2356.9
1291650 2356.9
1291660 2351.2
1291670 2348.0
1291680 2351.7
1291690 2351.7
1291700 2355.8
1291710 2359.3
1291720 2359.3
1291730 2360.6
1291740 2361.1
1291750 2361.1
1291760 2364.6
1291770 2366.8
1291780 2366.8
1291790 2368.1
1291800 2369.3
1291810 2369.3
1291820 2371.0
1291830 2372.8
1291840 2372.8
1291850 2374.9
1291860 2376.7
1291870 2377.5
1291880 2377.5
1291890 2377.0
1291900 2374.3
1291910 2374.3
1291920 2369.9
1291930 2367.7
1291940 2367.7
1291950 2367.7
1291960 2368.1
1291970 2368.1
1291980 2367.4
1291990 2367.4
1292000 2367.4
1292010 2368.9
1292020 2371.7
1292030 2371.7
1292040 2375.0
1292050 2377.9
1292060 2377.9
1292070 2381.0
1292080 2384.3
1292090 2387.5
1292100 2387.5
1292110 2390.6
1292120 2394.0
1292130 2394.0
1292140 2397.7
1292150 2401.4
1292160 2401.4
1292170 2404.5
1292180 2406.3
1292190 2406.3
1292200 2418.2
1292210 2426.1
1292220 2426.1
1292230 2434.1
1292240 2443.7
1292250 2443.7
1292260 2452.0
1292270 2455.7
1292280 2463.9
1292290 2463.9
1292300 2469.5
1292310 2476.0
1292320 2476.0
1292330 2483.8
1292340 2490.8
1292350 2490.8
1292360 2496.0
1292370 2498.5
1292380 2498.5
1292390 2500.3
1292400 2502.5
1292410 2502.5
1292420 2503.8
1292430 2503.7
1292440 2503.7
1292450 2502.0
1292460 2500.4
1292470 2500.4
1292480 2498.8
1292490 2497.9
1292500 2499.9
1292510 2499.9
1292520 2503.0
1292530 2505.4
1292540 2505.4
1292550 2508.6
1292560 2512.4
1292570 2512.4
1292580 2517.0
1292590 2521.9
1292600 2521.9
1292610 2526.9
1292620 2531.7
1292630 2531.7
1292640 2537.0
1292650 2543.9
1292660 2543.9
1292670 2551.8
1292680 2560.1
1292690 2560.1
1292700 2567.5
1292710 2577.8
1292720 2590.2
1292730 2590.2
1292740 2603.3
1292750 2615.2
1292760 2615.2
1292770 2623.4
1292780 2630.8
1292790 2630.8
1292800 2639.1
1292810 2650.2
1292820 2650.2
1292830 2662.0
1292840 2670.6
1292850 2670.6
1292860 2680.6
1292870 2686.4
1292880 2686.4
1292890 2683.3
1292900 2687.1
1292910 2694.3
1292920 2694.3
1292930 2691.0
1292940 2697.1
1292950 2697.1
1292960 2712.8
1292970 2722.1
1292980 2722.1
1292990 2732.3
1293000 2745.2
1293010 2745.2
1293020 2759.3
1293030 2768.6
1293040 2768.6
1293050 2783.8
1293060 2803.3
1293070 2803.3
1293080 2822.2
1293090 2837.4
1293100 2837.4
1293110 2848.6
1293120 2849.0
1293130 2837.0
1293140 2837.0
1293150 2824.7
1293160 2805.1
1293170 2805.1
1293180 2789.3
1293190 2781.6
1293200 2781.6
1293210 2785.6
1293220 2793.9
1293230 2793.9
1293240 2804.9
1293250 2814.5
1293260 2814.5
1293270 2826.0
1293280 2829.5
1293290 2829.5
1293300 2818.5
1293310 2808.5
1293320 2806.8
1293330 2806.8
1293340 2806.2
1293350 2804.6
1293360 2804.6
1293370 2804.1
1293380 2806.8
1293390 2806.8
1293400 2808.9
1293410 2806.4
1293420 2806.4
1293430 2802.1
1293440 2800.9
1293450 2800.9
1293460 2810.4
1293470 2813.7
1293480 2813.7
1293490 2809.8
1293500 2812.4
1293510 2812.4
1293520 2824.0
1293530 2824.5
1293540 2825.0
1293550 2825.0
1293560 2825.3
1293570 2829.0
1293580 2829.0
1293590 2834.1
1293600 2839.3
1293610 2839.3
1293620 2844.1
1293630 2849.8
1293640 2849.8
1293650 2856.1
1293660 2862.8
1293670 2862.8
1293680 2869.5
1293690 2876.2
1293700 2876.2
1293710 2883.4
1293720 2891.5
1293730 2891.5
1293740 2905.5
1293750 2916.9
1293760 2929.0
1293770 2929.0
1293780 2939.5
1293790 2949.1
1293800 2949.1
1293810 2959.9
1293820 2967.5
1293830 2967.5
1293840 2976.8
1293850 2986.3
1293860 2986.3
1293870 2993.8
1293880 3001.1
1293890 3001.1
1293900 3009.8
1293910 3018.7
1293920 3018.7
1293930 3027.6
1293940 3034.8
1293950 3041.3
1293960 3041.3
1293970 3050.1
1293980 3060.0
1293990 3060.0
1294000 3066.5
1294010 3068.9
1294020 3068.9
1294030 3070.1
1294040 3076.2
1294050 3076.2
1294060 3084.6
1294070 3095.9
1294080 3095.9
1294090 3107.1
1294100 3117.7
1294110 3117.7
1294120 3131.3
1294130 3140.3
1294140 3140.3
1294150 3149.8
1294160 3157.7
1294170 3165.0
1294180 3167.7
1294190 3175.6
1294200 3183.7
1294210 3183.7
1294220 3194.3
1294230 3205.9
1294240 3205.9
1294250 3222.3
1294260 3237.1
1294270 3237.1
1294280 3247.3
1294290 3257.2
1294300 3257.2
1294310 3266.8
1294320 3276.5
1294330 3276.5
1294340 3284.3
1294350 3279.4
1294360 3268.6
1294370 3268.6
1294380 3257.1
1294390 3248.0
1294400 3248.0
1294410 3240.2
1294420 3231.8
1294430 3231.8
1294440 3222.6
1294450 3213.8
1294460 3213.8
1294470 3199.7
1294480 3188.8
1294490 3188.8
1294500 3180.6
1294510 3172.8
1294520 3172.8
1294530 3165.5
1294540 3159.4
1294550 3159.4
1294560 3152.0
1294570 3145.3
1294580 3139.5
1294590 3139.5
1294600 3133.7
1294610 3127.5
1294620 3127.5
1294630 3119.8
1294640 3111.0
1294650 3111.0
1294660 3104.3
1294670 3099.0
1294680 3099.0
1294690 3094.7
1294700 3090.8
1294710 3090.8
1294720 3086.6
1294730 3081.0
1294740 3081.0
1294750 3075.6
1294760 3070.3
1294770 3070.3
1294780 3066.0
1294790 3061.0
1294800 3056.6
1294810 3056.6
1294820 3052.3
1294830 3044.9
1294840 3044.9
1294850 3036.3
1294860 3029.0
1294870 3029.0
1294880 3026.5
1294890 3018.1
1294900 3018.1
1294910 3010.3
1294920 3005.3
1294930 3005.3
1294940 3001.5
1294950 2998.6
1294960 2998.6
1294970 2996.2
1294980 2993.6
1294990 2989.4
1295000 2989.4
1295010 2983.1
1295020 2974.9
1295030 2974.9
1295040 2969.0
1295050 2961.5
1295060 2961.5
1295070 2956.8
1295080 2948.0
1295090 2948.0
1295100 2939.9
1295110 2934.9
1295120 2934.9
1295130 2931.9
1295140 2929.0
1295150 2929.0
1295160 2925.1
1295170 2916.9
1295180 2916.9
1295190 2912.4
1295200 2909.2
1295210 2906.7
1295220 2906.7
1295230 2904.9
1295240 2903.3
1295250 2903.3
1295260 2901.3
1295270 2899.9
1295280 2899.9
1295290 2898.7
1295300 2897.7
1295310 2897.7
1295320 2897.1
1295330 2896.5
1295340 2896.5
1295350 2896.1
1295360 2895.6
1295370 2895.6
1295380 2895.5
1295390 2895.5
1295400 2895.6
1295410 2895.6
1295420 2895.9
1295430 2896.4
1295440 2896.4
1295450 2896.8
1295460 2897.2
1295470 2897.2
1295480 2897.7
1295490 2898.1
1295500 2898.1
1295510 2898.6
1295520 2898.2
1295530 2898.2
1295540 2898.7
1295550 2899.2
1295560 2899.2
1295570 2899.5
1295580 2899.9
1295590 2899.9
1295600 2900.1
1295610 2900.2
1295620 2900.3
1295630 2900.3
1295640 2900.3
1295650 2900.2
1295660 2900.2
1295670 2900.0
1295680 2899.7
1295690 2899.7
1295700 2899.3
1295710 2898.8
1295720 2898.8
1295730 2898.2
1295740 2897.6
1295750 2897.6
1295760 2897.0
1295770 2896.1
1295780 2896.1
1295790 2895.2
1295800 2894.1
1295810 2894.1
1295820 2893.1
1295830 2891.8
1295840 2890.6
1295850 2890.6
1295860 2889.0
1295870 2887.1
1295880 2887.1
1295890 2884.9
1295900 2882.5
1295910 2882.5
1295920 2880.3
1295930 2878.3
1295940 2878.3
1295950 2876.3
1295960 2875.2
1295970 2875.2
1295980 2873.3
1295990 2869.3
1296000 2869.3
1296010 2865.9
1296020 2862.9
1296030 2859.2
1296040 2859.2
1296050 2856.6
1296060 2854.5
1296070 2854.5
1296080 2852.3
1296090 2850.3
1296100 2850.3
1296110 2848.2
1296120 2846.1
1296130 2846.1
1296140 2844.1
1296150 2842.3
1296160 2842.3
1296170 2839.9
1296180 2837.7
1296190 2835.4
1296200 2832.0
1296210 2828.1
1296220 2828.1
1296230 2824.3
1296240 2820.1
1296250 2816.8
1296260 2816.8
1296270 2813.5
1296280 2810.3
1296290 2810.3
1296300 2807.1
1296310 2804.9
1296320 2804.9
1296330 2805.3
1296340 2806.1
1296350 2806.1
1296360 2805.5
1296370 2804.6
1296380 2804.6
1296390 2805.5
1296400 2807.5
1296410 2807.5
1296420 2811.5
1296430 2815.4
1296440 2817.8
1296450 2817.8
1296460 2821.5
1296470 2831.4
1296480 2831.4
1296490 2846.5
1296500 2853.0
1296510 2853.0
1296520 2857.1
1296530 2861.7
1296540 2861.7
1296550 2864.9
1296560 2868.3
1296570 2868.3
1296580 2872.1
1296590 2876.2
1296600 2876.2
1296610 2881.0
1296620 2886.3
1296630 2886.3
1296640 2891.2
1296650 2896.4
1296660 2900.7
1296670 2900.7
1296680 2907.0
1296690 2914.7
1296700 2914.7
1296710 2925.6
1296720 2940.5
1296730 2940.5
1296740 2949.6
1296750 2954.1
1296760 2954.1
1296770 2959.0
1296780 2956.1
1296790 2956.1
1296800 2947.7
1296810 2939.9
1296820 2939.9
1296830 2933.0
1296840 2926.3
1296850 2926.3
1296860 2913.7
1296870 2905.8
1296880 2896.8
1296890 2896.8
1296900 2880.7
1296910 2863.7
1296920 2863.7
1296930 2852.8
1296940 2843.2
1296950 2843.2
1296960 2836.0
1296970 2829.0
1296980 2829.0
1296990 2822.1
1297000 2815.4
1297010 2815.4
1297020 2809.5
1297030 2803.8
1297040 2803.8
1297050 2798.3
1297060 2792.9
1297070 2787.7
1297080 2787.7
1297090 2782.0
1297100 2777.0
1297110 2777.0
1297120 2773.1
1297130 2769.2
1297140 2769.2
1297150 2764.8
1297160 2759.3
1297170 2759.3
1297180 2754.0
1297190 2749.4
1297200 2749.4
1297210 2745.3
1297220 2740.8
1297230 2740.8
1297240 2735.9
1297250 2731.2
1297260 2731.2
1297270 2725.8
1297280 2718.8
1297290 2713.6
1297300 2713.6
1297310 2710.5
1297320 2706.1
1297330 2706.1
1297340 2701.6
1297350 2698.1
1297360 2698.1
1297370 2694.5
1297380 2690.9
1297390 2690.9
1297400 2688.3
1297410 2686.2
1297420 2686.2
1297430 2683.6
1297440 2681.4
1297450 2681.4
1297460 2678.8
1297470 2675.8
1297480 2672.8
1297490 2672.8
1297500 2669.2
1297510 2666.6
1297520 2666.6
1297530 2664.1
1297540 2654.9
1297550 2654.9
1297560 2652.1
1297570 2649.0
1297580 2649.0
1297590 2646.9
1297600 2645.1
1297610 2645.1
1297620 2643.1
1297630 2641.4
1297640 2641.4
1297650 2639.3
1297660 2637.9
1297670 2637.9
1297680 2636.7
1297690 2634.3
1297700 2632.0
1297710 2632.0
1297720 2631.4
1297730 2632.2
1297740 2632.2
1297750 2632.9
1297760 2633.5
1297770 2633.5
1297780 2633.6
1297790 2633.5
1297800 2633.5
1297810 2634.3
1297820 2637.0
1297830 2637.0
1297840 2637.3
1297850 2639.0
1297860 2639.0
1297870 2643.5
1297880 2646.8
1297890 2646.8
1297900 2646.2
1297910 2643.7
1297920 2639.2
1297930 2639.2
1297940 2636.1
1297950 2629.2
1297960 2629.2
1297970 2623.4
1297980 2618.5
1297990 2618.5
1298000 2614.2
1298010 2609.5
1298020 2609.5
1298030 2606.5
1298040 2601.6
1298050 2601.6
1298060 2594.7
1298070 2581.8
1298080 2581.8
1298090 2575.3
1298100 2576.5
1298110 2573.8
1298120 2573.8
1298130 2568.2
1298140 2562.0
1298150 2562.0
1298160 2558.8
1298170 2550.6
1298180 2550.6
1298190 2547.0
1298200 2550.6
1298210 2550.6
1298220 2568.9
1298230 2569.1
1298240 2569.1
1298250 2562.6
1298260 2556.2
1298270 2556.2
1298280 2548.6
1298290 2553.0
1298300 2553.0
1298310 2552.4
1298320 2546.0
1298330 2542.3
1298340 2542.3
1298350 2542.9
1298360 2542.9
1298370 2542.9
1298380 2541.2
1298390 2537.4
1298400 2537.4
1298410 2530.6
1298420 2526.9
1298430 2526.9
1298440 2525.9
1298450 2514.9
1298460 2514.9
1298470 2501.5
1298480 2492.5
1298490 2492.5
1298500 2487.1
1298510 2481.2
1298520 2474.6
1298530 2474.6
1298540 2470.5
1298550 2466.5
1298560 2466.5
1298570 2463.1
1298580 2460.9
1298590 2460.9
1298600 2460.2
1298610 2456.9
1298620 2456.9
1298630 2452.5
1298640 2448.2
1298650 2448.2
1298660 2444.2
1298670 2441.9
1298680 2441.9
1298690 2436.8
1298700 2431.1
1298710 2431.1
1298720 2426.2
1298730 2422.2
1298740 2418.4
1298750 2418.4
1298760 2414.2
1298770 2409.4
1298780 2409.4
1298790 2404.1
1298800 2397.8
1298810 2397.8
1298820 2391.9
1298830 2385.7
1298840 2385.7
1298850 2380.2
1298860 2374.2
1298870 2374.2
1298880 2370.2
1298890 2365.3
1298900 2363.9
1298910 2358.6
1298920 2353.8
1298930 2353.8
1298940 2348.6
1298950 2342.9
1298960 2336.7
1298970 2336.7
1298980 2329.9
1298990 2322.7
1299000 2322.7
1299010 2313.8
1299020 2305.1
1299030 2305.1
1299040 2297.3
1299050 2289.6
1299060 2289.6
1299070 2281.5
1299080 2273.7
1299090 2273.7
1299100 2266.8
1299110 2259.3
1299120 2259.3
1299130 2251.1
1299140 2241.8
1299150 2232.8
1299160 2232.8
1299170 2224.6
1299180 2216.2
1299190 2216.2
1299200 2205.3
1299210 2195.1
1299220 2195.1
1299230 2185.8
1299240 2177.6
1299250 2177.6
1299260 2170.4
1299270 2164.0
1299280 2164.0
1299290 2157.6
1299300 2149.8
1299310 2149.8
1299320 2142.1
1299330 2134.8
1299340 2134.8
1299350 2127.3
1299360 2119.7
1299370 2110.4
1299380 2110.4
1299390 2100.4
1299400 2091.0
1299410 2091.0
1299420 2083.0
1299430 2074.6
1299440 2074.6
1299450 2065.5
1299460 2056.6
1299470 2056.6
1299480 2047.8
1299490 2038.6
1299500 2038.6
1299510 2029.8
1299520 2021.7
1299530 2021.7
1299540 2013.9
1299550 2006.1
1299560 1998.6
1299570 1998.6
1299580 1989.7
1299590 1983.2
1299600 1983.2
1299610 1977.1
1299620 1971.3
1299630 1971.3
1299640 1965.0
1299650 1958.7
1299660 1958.7
1299670 1952.3
1299680 1946.1
1299690 1946.1
1299700 1939.9
1299710 1933.7
1299720 1933.7
1299730 1927.7
1299740 1922.0
1299750 1922.0
1299760 1917.0
1299770 1912.7
1299780 1909.3
1299790 1909.3
1299800 1905.9
1299810 1902.7
1299820 1902.7
1299830 1900.4
1299840 1900.1
1299850 1900.1
1299860 1900.0
1299870 1900.2
1299880 1900.2
1299890 1900.5
1299900 1900.6
1299910 1900.6
1299920 1900.5
1299930 1900.5
1299940 1900.5
1299950 1900.2
1299960 1900.0
1299970 1900.0
1299980 1900.0
1299990 1899.8
