1280000 1495.7
1280010 1495.7
1280020 1492.0
1280030 1487.1
1280040 1487.1
1280050 1481.2
1280060 1469.2
1280070 1469.2
1280080 1451.6
1280090 1440.1
1280100 1432.3
1280110 1432.3
1280120 1422.6
1280130 1402.2
1280140 1402.2
1280150 1386.8
1280160 1377.7
1280170 1377.7
1280180 1369.5
1280190 1361.4
1280200 1361.4
1280210 1351.3
1280220 1339.8
1280230 1339.8
1280240 1328.4
1280250 1319.8
1280260 1319.8
1280270 1314.5
1280280 1308.9
1280290 1308.9
1280300 1302.4
1280310 1297.3
1280320 1302.1
1280330 1302.1
1280340 1306.3
1280350 1307.6
1280360 1307.6
1280370 1308.6
1280380 1308.9
1280390 1308.9
1280400 1311.1
1280410 1316.5
1280420 1316.5
1280430 1319.8
1280440 1321.6
1280450 1321.6
1280460 1320.8
1280470 1323.5
1280480 1323.5
1280490 1324.9
1280500 1326.8
1280510 1329.2
1280520 1329.2
1280530 1332.3
1280540 1337.6
1280550 1337.6
1280560 1343.8
1280570 1347.7
1280580 1347.7
1280590 1348.2
1280600 1350.8
1280610 1350.8
1280620 1353.9
1280630 1357.4
1280640 1357.4
1280650 1361.6
1280660 1366.1
1280670 1366.1
1280680 1369.5
1280690 1372.6
1280700 1372.6
1280710 1376.4
1280720 1380.6
1280730 1385.9
1280740 1385.9
1280750 1391.0
1280760 1395.5
1280770 1395.5
1280780 1400.0
1280790 1404.7
1280800 1404.7
1280810 1409.9
1280820 1415.0
1280830 1415.0
1280840 1420.2
1280850 1424.4
1280860 1424.4
1280870 1428.0
1280880 1431.0
1280890 1431.0
1280900 1433.6
1280910 1435.8
1280920 1435.8
1280930 1437.9
1280940 1440.0
1280950 1442.6
1280960 1442.6
1280970 1445.6
1280980 1448.1
1280990 1448.1
1281000 1451.5
1281010 1455.5
1281020 1455.5
1281030 1459.6
1281040 1463.8
1281050 1463.8
1281060 1468.2
1281070 1473.1
1281080 1473.1
1281090 1477.9
1281100 1482.4
1281110 1482.4
1281120 1487.6
1281130 1493.4
1281140 1499.2
1281150 1499.2
1281160 1503.8
1281170 1510.4
1281180 1510.4
1281190 1517.1
1281200 1524.8
1281210 1518.5
1281220 1525.1
1281230 1529.4
1281240 1529.4
1281250 1533.6
1281260 1537.5
1281270 1537.5
1281280 1540.8
1281290 1543.7
1281300 1543.7
1281310 1546.4
1281320 1549.5
1281330 1549.5
1281340 1554.2
1281350 1560.3
1281360 1569.3
1281370 1569.3
1281380 1577.9
1281390 1582.1
1281400 1582.1
1281410 1585.2
1281420 1592.0
1281430 1592.0
1281440 1598.6
1281450 1604.9
1281460 1604.9
1281470 1612.6
1281480 1617.9
1281490 1617.9
1281500 1622.8
1281510 1629.4
1281520 1629.4
1281530 1636.0
1281540 1645.4
1281550 1645.4
1281560 1652.5
1281570 1658.1
1281580 1664.5
1281590 1664.5
1281600 1670.7
1281610 1676.8
1281620 1676.8
1281630 1683.0
1281640 1689.0
1281650 1689.0
1281660 1694.8
1281670 1697.7
1281680 1697.7
1281690 1699.9
1281700 1702.6
1281710 1702.6
1281720 1707.1
1281730 1712.2
1281740 1712.2
1281750 1716.2
1281760 1720.4
1281770 1725.0
1281780 1725.0
1281790 1731.0
1281800 1736.6
1281810 1736.6
1281820 1743.2
1281830 1749.1
1281840 1745.6
1281850 1748.3
1281860 1751.8
1281870 1751.8
1281880 1756.0
1281890 1761.1
1281900 1761.1
1281910 1767.1
1281920 1774.3
1281930 1774.3
1281940 1782.2
1281950 1788.1
1281960 1788.1
1281970 1792.9
1281980 1798.5
1281990 1804.6
1282000 1804.6
1282010 1810.0
1282020 1815.7
1282030 1815.7
1282040 1822.3
1282050 1828.0
1282060 1828.0
1282070 1833.8
1282080 1838.8
1282090 1838.8
1282100 1843.5
1282110 1849.2
1282120 1849.2
1282130 1854.5
1282140 1857.9
1282150 1857.9
1282160 1862.2
1282170 1866.4
1282180 1866.4
1282190 1870.1
1282200 1876.4
1282210 1883.2
1282220 1883.2
1282230 1889.0
1282240 1893.5
1282250 1893.5
1282260 1897.1
1282270 1900.0
1282280 1900.0
1282290 1901.5
1282300 1903.9
1282310 1903.9
1282320 1906.1
1282330 1906.7
1282340 1906.7
1282350 1906.4
1282360 1905.8
1282370 1905.8
1282380 1905.8
1282390 1907.6
1282400 1909.7
1282410 1909.7
1282420 1912.3
1282430 1916.4
1282440 1916.4
1282450 1922.8
1282460 1927.8
1282470 1927.8
1282480 1934.9
1282490 1941.7
1282500 1941.7
1282510 1947.7
1282520 1953.9
1282530 1953.9
1282540 1960.8
1282550 1967.7
1282560 1967.7
1282570 1974.8
1282580 1981.7
1282590 1981.7
1282600 1987.9
1282610 1995.1
1282620 2003.7
1282630 2003.7
1282640 2011.2
1282650 2016.3
1282660 2016.3
1282670 2019.6
1282680 2022.8
1282690 2022.8
1282700 2027.0
1282710 2029.3
1282720 2029.3
1282730 2032.1
1282740 2037.3
1282750 2037.3
1282760 2043.4
1282770 2050.8
1282780 2050.8
1282790 2058.3
1282800 2066.2
1282810 2066.2
1282820 2073.5
1282830 2078.6
1282840 2081.6
1282850 2081.6
1282860 2086.3
1282870 2092.7
1282880 2092.7
1282890 2103.0
1282900 2106.2
1282910 2106.2
1282920 2106.5
1282930 2110.4
1282940 2110.4
1282950 2116.1
1282960 2122.7
1282970 2122.7
1282980 2129.4
1282990 2137.9
1283000 2137.9
1283010 2144.7
1283020 2148.9
1283030 2150.6
1283040 2150.6
1283050 2152.0
1283060 2156.5
1283070 2156.5
1283080 2163.6
1283090 2172.3
1283100 2172.3
1283110 2175.8
1283120 2178.0
1283130 2178.0
1283140 2180.5
1283150 2184.7
1283160 2184.7
1283170 2187.4
1283180 2190.4
1283190 2190.4
1283200 2194.1
1283210 2196.2
1283220 2196.2
1283230 2198.9
1283240 2201.1
1283250 2202.4
1283260 2202.4
1283270 2204.3
1283280 2206.2
1283290 2206.2
1283300 2208.1
1283310 2209.8
1283320 2209.8
1283330 2211.0
1283340 2211.7
1283350 2211.7
1283360 2212.1
1283370 2211.6
1283380 2211.6
1283390 2208.6
1283400 2204.2
1283410 2204.2
1283420 2199.0
1283430 2193.2
1283440 2193.2
1283450 2186.6
1283460 2180.2
1283470 2175.0
1283480 2175.0
1283490 2169.9
1283500 2164.0
1283510 2164.0
1283520 2158.2
1283530 2152.2
1283540 2152.2
1283550 2145.3
1283560 2138.6
1283570 2138.6
1283580 2133.5
1283590 2130.1
1283600 2130.1
1283610 2128.9
1283620 2128.5
1283630 2128.5
1283640 2129.2
1283650 2132.2
1283660 2137.4
1283670 2137.4
1283680 2143.7
1283690 2148.6
1283700 2148.6
1283710 2151.7
1283720 2158.5
1283730 2158.5
1283740 2162.2
1283750 2163.7
1283760 2163.7
1283770 2166.2
1283780 2171.5
1283790 2171.5
1283800 2178.2
1283810 2184.2
1283820 2184.2
1283830 2189.3
1283840 2194.1
1283850 2194.1
1283860 2199.1
1283870 2203.6
1283880 2207.5
1283890 2207.5
1283900 2210.4
1283910 2212.5
1283920 2212.5
1283930 2213.9
1283940 2215.2
1283950 2215.2
1283960 2217.0
1283970 2219.0
1283980 2219.0
1283990 2220.6
1284000 2222.2
1284010 2222.2
1284020 2224.6
1284030 2228.0
1284040 2228.0
1284050 2231.6
1284060 2235.2
1284070 2235.2
1284080 2237.7
1284090 2239.5
1284100 2241.2
1284110 2241.2
1284120 2242.0
1284130 2242.7
1284140 2242.7
1284150 2243.7
1284160 2244.8
1284170 2244.8
1284180 2245.7
1284190 2245.5
1284200 2245.5
1284210 2244.3
1284220 2241.9
1284230 2241.9
1284240 2240.9
1284250 2241.6
1284260 2241.6
1284270 2243.6
1284280 2246.6
1284290 2250.3
1284300 2250.3
1284310 2254.9
1284320 2259.1
1284330 2259.1
1284340 2262.4
1284350 2269.1
1284360 2269.1
1284370 2273.0
1284380 2277.0
1284390 2277.0
1284400 2280.5
1284410 2284.1
1284420 2284.1
1284430 2288.0
1284440 2292.3
1284450 2292.3
1284460 2296.8
1284470 2300.6
1284480 2300.6
1284490 2304.8
1284500 2310.2
1284510 2316.0
1284520 2316.0
1284530 2321.8
1284540 2328.1
1284550 2328.1
1284560 2334.2
1284570 2340.5
1284580 2340.5
1284590 2346.6
1284600 2353.0
1284610 2353.0
1284620 2359.9
1284630 2366.7
1284640 2366.7
1284650 2373.1
1284660 2377.9
1284670 2377.9
1284680 2382.2
1284690 2384.9
1284700 2384.9
1284710 2382.3
1284720 2377.8
1284730 2375.4
1284740 2375.4
1284750 2374.0
1284760 2374.5
1284770 2374.5
1284780 2374.7
1284790 2369.2
1284800 2369.2
1284810 2364.7
1284820 2364.1
1284830 2364.1
1284840 2365.0
1284850 2364.2
1284860 2364.2
1284870 2363.0
1284880 2363.4
1284890 2363.4
1284900 2364.1
1284910 2366.9
1284920 2370.6
1284930 2370.6
1284940 2374.1
1284950 2378.3
1284960 2378.3
1284970 2383.4
1284980 2394.0
1284990 2394.0
1285000 2396.4
1285010 2398.0
1285020 2398.0
1285030 2399.3
1285040 2400.5
1285050 2400.5
1285060 2401.9
1285070 2403.7
1285080 2403.7
1285090 2405.6
1285100 2407.5
1285110 2407.5
1285120 2410.2
1285130 2412.9
1285140 2415.2
1285150 2415.2
1285160 2417.3
1285170 2418.9
1285180 2418.9
1285190 2420.6
1285200 2421.3
1285210 2421.3
1285220 2421.8
1285230 2421.2
1285240 2421.2
1285250 2419.8
1285260 2414.8
1285270 2414.8
1285280 2408.7
1285290 2408.1
1285300 2408.1
1285310 2404.9
1285320 2394.7
1285330 2394.7
1285340 2389.1
1285350 2386.2
1285360 2384.9
1285370 2384.9
1285380 2383.7
1285390 2382.9
1285400 2382.9
1285410 2380.1
1285420 2370.0
1285430 2370.0
1285440 2364.5
1285450 2359.4
1285460 2359.4
1285470 2352.5
1285480 2346.0
1285490 2346.0
1285500 2343.8
1285510 2344.1
1285520 2344.1
1285530 2339.7
1285540 2316.4
1285550 2308.0
1285560 2308.0
1285570 2306.3
1285580 2304.3
1285590 2304.3
1285600 2300.5
1285610 2298.8
1285620 2306.4
1285630 2306.2
1285640 2305.9
1285650 2305.9
1285660 2304.1
1285670 2302.5
1285680 2302.5
1285690 2300.5
1285700 2299.1
1285710 2299.1
1285720 2297.8
1285730 2294.8
1285740 2294.8
1285750 2290.3
1285760 2288.9
1285770 2289.6
1285780 2289.6
1285790 2289.6
1285800 2288.9
1285810 2288.9
1285820 2289.6
1285830 2290.4
1285840 2290.4
1285850 2292.4
1285860 2295.9
1285870 2295.9
1285880 2300.3
1285890 2304.1
1285900 2304.1
1285910 2307.5
1285920 2311.3
1285930 2311.3
1285940 2314.5
1285950 2317.1
1285960 2317.1
1285970 2319.3
1285980 2321.3
1285990 2323.6
1286000 2323.6
1286010 2326.3
1286020 2328.5
1286030 2328.5
1286040 2330.2
1286050 2332.0
1286060 2332.0
1286070 2333.6
1286080 2335.3
1286090 2335.3
1286100 2338.1
1286110 2341.6
1286120 2341.6
1286130 2343.6
1286140 2345.3
1286150 2345.3
1286160 2347.1
1286170 2349.0
1286180 2350.9
1286190 2350.9
1286200 2352.5
1286210 2353.5
1286220 2353.5
1286230 2353.9
1286240 2355.4
1286250 2355.4
1286260 2365.0
1286270 2366.4
1286280 2366.4
1286290 2368.1
1286300 2368.8
1286310 2368.8
1286320 2362.7
1286330 2344.5
1286340 2344.5
1286350 2316.5
1286360 2300.1
1286370 2300.1
1286380 2290.3
1286390 2280.3
1286400 2270.1
1286410 2270.1
1286420 2262.6
1286430 2257.1
1286440 2257.1
1286450 2251.2
1286460 2244.8
1286470 2244.8
1286480 2238.0
1286490 2231.4
1286500 2231.4
1286510 2225.5
1286520 2219.7
1286530 2219.7
1286540 2214.8
1286550 2211.0
1286560 2211.0
1286570 2206.9
1286580 2202.9
1286590 2202.9
1286600 2200.9
1286610 2200.1
1286620 2199.4
1286630 2199.4
1286640 2200.8
1286650 2203.0
1286660 2203.0
1286670 2201.4
1286680 2196.9
1286690 2196.9
1286700 2193.6
1286710 2191.8
1286720 2191.8
1286730 2191.1
1286740 2190.8
1286750 2190.8
1286760 2190.5
1286770 2192.0
1286780 2192.0
1286790 2193.8
1286800 2194.6
1286810 2192.7
1286820 2192.7
1286830 2188.3
1286840 2189.1
1286850 2189.1
1286860 2187.8
1286870 2186.5
1286880 2186.5
1286890 2185.3
1286900 2190.9
1286910 2190.9
1286920 2186.3
1286930 2184.1
1286940 2184.1
1286950 2179.7
1286960 2172.8
1286970 2172.8
1286980 2169.0
1286990 2165.7
1287000 2165.7
1287010 2161.7
1287020 2157.8
1287030 2147.1
1287040 2147.1
1287050 2130.9
1287060 2111.2
1287070 2111.2
1287080 2091.2
1287090 2075.4
1287100 2075.4
1287110 2054.5
1287120 2037.3
1287130 2037.3
1287140 2029.9
1287150 2023.2
1287160 2023.2
1287170 2016.8
1287180 2010.6
1287190 2010.6
1287200 2004.6
1287210 1997.2
1287220 1997.2
1287230 1989.5
1287240 1985.2
1287250 1983.3
1287260 1983.3
1287270 1984.1
1287280 1983.8
1287290 1983.8
1287300 1982.1
1287310 1976.8
1287320 1976.8
1287330 1972.6
1287340 1975.0
1287350 1975.0
1287360 1979.3
1287370 1983.1
1287380 1983.1
1287390 1988.4
1287400 1995.0
1287410 1995.0
1287420 2002.8
1287430 2008.3
1287440 2012.7
1287450 2012.7
1287460 2017.8
1287470 2021.6
1287480 2021.6
1287490 2025.9
1287500 2028.3
1287510 2028.3
1287520 2029.7
1287530 2029.4
1287540 2029.6
1287550 2026.0
1287560 2019.9
1287570 2019.9
1287580 2015.3
1287590 2013.7
1287600 2013.7
1287610 2015.4
1287620 2016.1
1287630 2016.1
1287640 2016.7
1287650 2019.5
1287660 2019.2
1287670 2019.2
1287680 2020.7
1287690 2023.5
1287700 2023.5
1287710 2025.6
1287720 2030.2
1287730 2030.2
1287740 2035.7
1287750 2035.9
1287760 2035.9
1287770 2033.0
1287780 2033.7
1287790 2033.7
1287800 2034.9
1287810 2035.9
1287820 2035.9
1287830 2037.6
1287840 2039.3
1287850 2039.3
1287860 2040.4
1287870 2041.6
1287880 2042.9
1287890 2042.9
1287900 2044.7
1287910 2046.8
1287920 2046.8
1287930 2048.8
1287940 2050.6
1287950 2050.6
1287960 2052.5
1287970 2055.3
1287980 2055.3
1287990 2060.1
1288000 2064.4
1288010 2064.4
1288020 2068.8
1288030 2074.8
1288040 2074.8
1288050 2081.4
1288060 2088.4
1288070 2096.7
1288080 2096.7
1288090 2107.9
1288100 2129.7
1288110 2129.7
1288120 2143.2
1288130 2150.2
1288140 2150.2
1288150 2157.8
1288160 2164.5
1288170 2164.5
1288180 2174.9
1288190 2182.0
1288200 2182.0
1288210 2189.0
1288220 2195.6
1288230 2195.6
1288240 2202.0
1288250 2208.4
1288260 2208.4
1288270 2214.3
1288280 2219.9
1288290 2225.7
1288300 2225.7
1288310 2232.0
1288320 2238.4
1288330 2238.4
1288340 2235.7
1288350 2222.4
1288360 2222.4
1288370 2211.5
1288380 2200.3
1288390 2200.3
1288400 2182.2
1288410 2161.8
1288420 2161.8
1288430 2143.5
1288440 2127.4
1288450 2127.4
1288460 2121.8
1288470 2116.4
1288480 2116.4
1288490 2111.2
1288500 2106.6
1288510 2103.1
1288520 2103.1
1288530 2100.9
1288540 2098.9
1288550 2098.9
1288560 2097.4
1288570 2096.1
1288580 2096.1
1288590 2095.5
1288600 2095.4
1288610 2095.4
1288620 2096.2
1288630 2097.5
1288640 2097.5
1288650 2098.1
1288660 2100.8
1288670 2100.8
1288680 2102.7
1288690 2104.7
1288700 2104.6
1288710 2104.6
1288720 2102.6
1288730 2099.9
1288740 2099.9
1288750 2096.3
1288760 2094.1
1288770 2094.1
1288780 2093.4
1288790 2096.1
1288800 2096.1
1288810 2102.4
1288820 2108.1
1288830 2110.9
1288840 2113.5
1288850 2113.1
1288860 2113.1
1288870 2115.0
1288880 2119.6
1288890 2119.6
1288900 2125.6
1288910 2132.4
1288920 2138.8
1288930 2138.8
1288940 2145.8
1288950 2153.3
1288960 2153.3
1288970 2163.5
1288980 2169.3
1288990 2169.3
1289000 2146.1
1289010 2118.1
1289020 2118.1
1289030 2105.5
1289040 2097.8
1289050 2097.8
1289060 2090.1
1289070 2082.3
1289080 2082.3
1289090 2075.5
1289100 2069.3
1289110 2069.3
1289120 2066.6
1289130 2065.6
1289140 2065.1
1289150 2065.1
1289160 2064.0
1289170 2063.5
1289180 2063.5
1289190 2062.9
1289200 2061.3
1289210 2061.3
1289220 2061.7
1289230 2062.7
1289240 2062.7
1289250 2062.4
1289260 2060.1
1289270 2060.1
1289280 2055.1
1289290 2049.5
1289300 2049.5
1289310 2045.1
1289320 2040.5
1289330 2036.1
1289340 2036.1
1289350 2029.8
1289360 2019.8
1289370 2019.8
1289380 2006.0
1289390 1991.4
1289400 1991.4
1289410 1985.6
1289420 1986.5
1289430 1986.5
1289440 1988.5
1289450 1987.6
1289460 1987.6
1289470 1983.6
1289480 1972.1
1289490 1972.1
1289500 1961.0
1289510 1962.3
1289520 1962.3
1289530 1964.0
1289540 1956.2
1289550 1935.0
1289560 1935.0
1289570 1924.6
1289580 1918.9
1289590 1918.9
1289600 1915.5
1289610 1918.7
1289620 1918.7
1289630 1921.9
1289640 1923.5
1289650 1923.5
1289660 1924.0
1289670 1922.4
1289680 1922.4
1289690 1920.4
1289700 1918.9
1289710 1918.9
1289720 1915.2
1289730 1906.8
1289740 1899.5
1289750 1899.5
1289760 1899.2
1289770 1903.0
1289780 1903.0
1289790 1903.6
1289800 1907.3
1289810 1907.3
1289820 1908.4
1289830 1908.2
1289840 1908.2
1289850 1907.3
1289860 1904.9
1289870 1904.9
1289880 1897.9
1289890 1894.2
1289900 1894.2
1289910 1889.7
1289920 1886.8
1289930 1886.8
1289940 1887.5
1289950 1888.8
1289960 1885.9
1289970 1885.9
1289980 1883.1
1289990 1878.5
1290000 1878.5
1290010 1881.9
1290020 1884.1
1290030 1884.1
1290040 1883.4
1290050 1883.2
1290060 1883.2
1290070 1884.9
1290080 1890.0
1290090 1890.0
1290100 1893.4
1290110 1890.1
1290120 1890.1
1290130 1889.1
1290140 1884.2
1290150 1884.2
1290160 1879.7
1290170 1875.4
1290180 1873.0
1290190 1873.0
1290200 1872.1
1290210 1871.4
1290220 1871.4
1290230 1869.8
1290240 1864.5
1290250 1864.5
1290260 1859.5
1290270 1854.6
1290280 1854.6
1290290 1849.1
1290300 1846.8
1290310 1846.8
1290320 1846.0
1290330 1843.4
1290340 1843.4
1290350 1840.9
1290360 1839.7
1290370 1840.2
1290380 1840.2
1290390 1842.8
1290400 1844.5
1290410 1844.5
1290420 1845.6
1290430 1846.4
1290440 1846.4
1290450 1846.1
1290460 1841.3
1290470 1841.3
1290480 1832.1
1290490 1832.9
1290500 1832.9
1290510 1836.8
1290520 1838.3
1290530 1838.3
1290540 1842.1
1290550 1847.4
1290560 1847.4
1290570 1852.4
1290580 1855.5
1290590 1858.3
1290600 1858.3
1290610 1861.2
1290620 1864.2
1290630 1864.2
1290640 1867.1
1290650 1869.9
1290660 1869.9
1290670 1873.7
1290680 1877.9
1290690 1877.9
1290700 1882.2
1290710 1885.2
1290720 1885.2
1290730 1888.6
1290740 1892.5
1290750 1892.5
1290760 1895.5
1290770 1899.6
1290780 1900.2
1290790 1904.4
1290800 1909.4
1290810 1916.1
1290820 1916.1
1290830 1922.8
1290840 1927.6
1290850 1927.6
1290860 1931.8
1290870 1934.8
1290880 1934.8
1290890 1937.1
1290900 1940.3
1290910 1940.3
1290920 1942.2
1290930 1945.8
1290940 1945.8
1290950 1950.7
1290960 1953.6
1290970 1953.6
1290980 1956.8
1290990 1960.3
1291000 1965.0
1291010 1965.0
1291020 1970.7
1291030 1977.0
1291040 1977.0
1291050 1982.6
1291060 1988.5
1291070 1988.5
1291080 1994.0
1291090 1998.9
1291100 1998.9
1291110 2004.3
1291120 2008.7
1291130 2008.7
1291140 2012.8
1291150 2016.0
1291160 2016.0
1291170 2019.4
1291180 2024.2
1291190 2024.2
1291200 2030.4
1291210 2036.5
1291220 2041.5
1291230 2041.5
1291240 2045.5
1291250 2048.6
1291260 2048.6
1291270 2051.2
1291280 2054.3
1291290 2054.3
1291300 2058.2
1291310 2062.5
1291320 2062.5
1291330 2066.8
1291340 2070.4
1291350 2070.4
1291360 2073.4
1291370 2077.2
1291380 2077.2
1291390 2081.5
1291400 2085.3
1291410 2085.3
1291420 2089.4
1291430 2096.0
1291440 2100.3
1291450 2100.3
1291460 2104.6
1291470 2108.2
1291480 2108.2
1291490 2111.7
1291500 2113.5
1291510 2113.5
1291520 2116.1
1291530 2118.8
1291540 2118.8
1291550 2120.4
1291560 2122.7
1291570 2122.7
1291580 2125.6
1291590 2128.1
1291600 2128.1
1291610 2130.4
1291620 2132.8
1291630 2135.5
1291640 2135.5
1291650 2137.5
1291660 2139.8
1291670 2139.8
1291680 2142.6
1291690 2146.0
1291700 2146.0
1291710 2149.1
1291720 2151.5
1291730 2151.5
1291740 2154.6
1291750 2158.3
1291760 2158.3
1291770 2161.7
1291780 2165.6
1291790 2165.6
1291800 2169.5
1291810 2173.3
1291820 2173.3
1291830 2177.1
1291840 2180.3
1291850 2183.0
1291860 2183.0
1291870 2185.8
1291880 2188.9
1291890 2188.9
1291900 2192.0
1291910 2195.0
1291920 2195.0
1291930 2198.4
1291940 2202.3
1291950 2202.3
1291960 2206.6
1291970 2210.8
1291980 2210.8
1291990 2214.9
1292000 2218.9
1292010 2218.9
1292020 2223.2
1292030 2227.2
1292040 2227.2
1292050 2230.2
1292060 2232.6
1292070 2234.6
1292080 2234.6
1292090 2234.5
1292100 2236.3
1292110 2236.3
1292120 2238.1
1292130 2240.3
1292140 2240.3
1292150 2242.3
1292160 2244.8
1292170 2244.8
1292180 2248.6
1292190 2252.5
1292200 2252.5
1292210 2256.3
1292220 2259.9
1292230 2259.9
1292240 2263.9
1292250 2268.2
1292260 2272.0
1292270 2272.0
1292280 2275.8
1292290 2279.8
1292300 2279.8
1292310 2283.6
1292320 2287.1
1292330 2287.1
1292340 2291.0
1292350 2295.0
1292360 2295.0
1292370 2298.4
1292380 2301.7
1292390 2301.7
1292400 2305.3
1292410 2308.6
1292420 2308.6
1292430 2312.0
1292440 2315.2
1292450 2315.2
1292460 2319.1
1292470 2324.1
1292480 2329.5
1292490 2329.5
1292500 2335.6
1292510 2342.2
1292520 2342.2
1292530 2348.5
1292540 2354.5
1292550 2354.5
1292560 2360.2
1292570 2365.1
1292580 2365.1
1292590 2369.6
1292600 2374.6
1292610 2374.6
1292620 2379.9
1292630 2385.0
1292640 2385.0
1292650 2388.5
1292660 2391.3
1292670 2391.3
1292680 2393.7
1292690 2396.6
1292700 2398.9
1292710 2398.9
1292720 2400.5
1292730 2403.1
1292740 2403.1
1292750 2406.1
1292760 2410.1
1292770 2410.1
1292780 2414.9
1292790 2419.9
1292800 2419.9
1292810 2425.9
1292820 2431.4
1292830 2431.4
1292840 2436.7
1292850 2441.2
1292860 2441.2
1292870 2445.5
1292880 2449.1
1292890 2452.0
1292900 2452.0
1292910 2456.2
1292920 2460.2
1292930 2460.2
1292940 2464.3
1292950 2467.8
1292960 2467.8
1292970 2471.9
1292980 2476.9
1292990 2476.9
1293000 2481.8
1293010 2486.5
1293020 2486.5
1293030 2490.8
1293040 2494.5
1293050 2494.5
1293060 2497.9
1293070 2501.6
1293080 2501.6
1293090 2504.0
1293100 2505.7
1293110 2507.3
1293120 2507.3
1293130 2509.3
1293140 2512.8
1293150 2512.8
1293160 2516.4
1293170 2520.0
1293180 2520.0
1293190 2523.2
1293200 2525.7
1293210 2525.7
1293220 2527.8
1293230 2529.8
1293240 2529.8
1293250 2532.6
1293260 2535.8
1293270 2535.8
1293280 2539.4
1293290 2543.3
1293300 2543.3
1293310 2547.1
1293320 2551.8
1293330 2556.8
1293340 2556.8
1293350 2562.0
1293360 2566.6
1293370 2566.6
1293380 2571.0
1293390 2575.4
1293400 2575.4
1293410 2583.1
1293420 2586.8
1293430 2586.8
1293440 2591.0
1293450 2597.1
1293460 2597.1
1293470 2604.5
1293480 2612.6
1293490 2612.6
1293500 2626.2
1293510 2640.6
1293520 2654.2
1293530 2654.2
1293540 2673.9
1293550 2691.1
1293560 2691.1
1293570 2707.6
1293580 2721.7
1293590 2721.7
1293600 2734.1
1293610 2743.4
1293620 2743.4
1293630 2751.0
1293640 2752.7
1293650 2752.7
1293660 2750.6
1293670 2747.3
1293680 2747.3
1293690 2744.6
1293700 2741.8
1293710 2741.8
1293720 2740.9
1293730 2742.7
1293740 2745.8
1293750 2745.8
1293760 2746.3
1293770 2747.0
1293780 2747.0
1293790 2748.9
1293800 2750.7
1293810 2750.7
1293820 2751.1
1293830 2753.7
1293840 2753.7
1293850 2755.6
1293860 2756.5
1293870 2756.5
1293880 2756.4
1293890 2759.7
1293900 2759.7
1293910 2777.4
1293920 2795.5
1293930 2805.0
1293940 2805.0
1293950 2808.8
1293960 2810.4
1293970 2810.4
1293980 2810.6
1293990 2811.1
1294000 2811.1
1294010 2815.3
1294020 2820.1
1294030 2820.1
1294040 2824.6
1294050 2829.6
1294060 2829.6
1294070 2836.0
1294080 2839.1
1294090 2839.1
1294100 2846.6
1294110 2851.7
1294120 2851.7
1294130 2861.6
1294140 2874.7
1294150 2891.2
1294160 2891.2
1294170 2911.3
1294180 2926.0
1294190 2926.0
1294200 2945.8
1294210 2951.5
1294220 2951.5
1294230 2962.2
1294240 2977.6
1294250 2977.6
1294260 2986.6
1294270 2992.6
1294280 2992.6
1294290 3005.0
1294300 3017.5
1294310 3017.5
1294320 3021.0
1294330 3022.8
1294340 3022.8
1294350 3031.5
1294360 3041.5
1294370 3053.1
1294380 3053.1
1294390 3068.2
1294400 3081.1
1294410 3081.1
1294420 3092.1
1294430 3103.5
1294440 3103.5
1294450 3119.8
1294460 3148.3
1294470 3148.3
1294480 3168.6
1294490 3181.4
1294500 3181.4
1294510 3184.3
1294520 3179.4
1294530 3179.4
1294540 3174.2
1294550 3168.2
1294560 3160.5
1294570 3160.5
1294580 3151.8
1294590 3140.2
1294600 3140.2
1294610 3129.7
1294620 3121.4
1294630 3121.4
1294640 3113.2
1294650 3104.4
1294660 3104.4
1294670 3094.6
1294680 3082.5
1294690 3082.5
1294700 3073.2
1294710 3065.7
1294720 3065.7
1294730 3058.3
1294740 3049.2
1294750 3049.2
1294760 3041.6
1294770 3035.3
1294780 3030.4
1294790 3030.4
1294800 3026.9
1294810 3024.3
1294820 3024.3
1294830 3022.9
1294840 3022.1
1294850 3022.1
1294860 3021.9
1294870 3022.6
1294880 3022.6
1294890 3023.6
1294900 3024.8
1294910 3024.8
1294920 3026.1
1294930 3027.4
1294940 3027.4
1294950 3028.6
1294960 3029.9
1294970 3029.9
1294980 3031.1
1294990 3032.2
1295000 3033.3
1295010 3033.3
1295020 3034.4
1295030 3035.4
1295040 3035.4
1295050 3036.5
1295060 3037.6
1295070 3037.6
1295080 3038.7
1295090 3039.6
1295100 3039.6
1295110 3040.4
1295120 3041.0
1295130 3041.0
1295140 3041.7
1295150 3042.4
1295160 3042.4
1295170 3043.2
1295180 3044.1
1295190 3044.9
1295200 3044.9
1295210 3045.8
1295220 3046.8
1295230 3046.8
1295240 3047.9
1295250 3049.0
1295260 3049.0
1295270 3050.2
1295280 3051.7
1295290 3051.7
1295300 3053.3
1295310 3055.1
1295320 3055.1
1295330 3057.1
1295340 3059.3
1295350 3059.3
1295360 3061.7
1295370 3064.2
1295380 3064.2
1295390 3066.8
1295400 3069.5
1295410 3069.0
1295420 3069.0
1295430 3072.2
1295440 3075.5
1295450 3075.5
1295460 3078.8
1295470 3082.1
1295480 3082.1
1295490 3085.4
1295500 3088.4
1295510 3088.4
1295520 3091.0
1295530 3093.1
1295540 3093.1
1295550 3094.7
1295560 3095.8
1295570 3095.8
1295580 3096.3
1295590 3096.8
1295600 3096.8
1295610 3097.5
1295620 3098.7
1295630 3100.2
1295640 3100.2
1295650 3101.9
1295660 3103.6
1295670 3103.6
1295680 3105.3
1295690 3106.8
1295700 3106.8
1295710 3107.9
1295720 3107.9
1295730 3107.9
1295740 3108.5
1295750 3108.3
1295760 3108.3
1295770 3110.2
1295780 3112.3
1295790 3112.3
1295800 3112.6
1295810 3113.0
1295820 3113.7
1295830 3113.7
1295840 3114.8
1295850 3116.0
1295860 3116.0
1295870 3117.5
1295880 3119.0
1295890 3119.0
1295900 3120.6
1295910 3122.4
1295920 3122.4
1295930 3124.5
1295940 3127.0
1295950 3127.0
1295960 3125.5
1295970 3129.8
1295980 3129.8
1295990 3136.9
1296000 3140.9
1296010 3140.9
1296020 3143.9
1296030 3150.5
1296040 3163.0
1296050 3163.0
1296060 3170.7
1296070 3160.3
1296080 3157.1
1296090 3138.1
1296100 3120.9
1296110 3120.9
1296120 3110.2
1296130 3096.8
1296140 3096.8
1296150 3085.6
1296160 3069.3
1296170 3069.3
1296180 3059.7
1296190 3053.6
1296200 3053.6
1296210 3048.2
1296220 3042.5
1296230 3042.5
1296240 3036.2
1296250 3031.4
1296260 3025.6
1296270 3025.6
1296280 3019.7
1296290 3013.8
1296300 3013.8
1296310 3007.8
1296320 3001.8
1296330 3001.8
1296340 2996.0
1296350 2990.4
1296360 2990.4
1296370 2985.7
1296380 2981.3
1296390 2981.3
1296400 2977.3
1296410 2974.6
1296420 2974.6
1296430 2972.7
1296440 2970.2
1296450 2967.2
1296460 2967.2
1296470 2963.7
1296480 2959.8
1296490 2959.8
1296500 2955.3
1296510 2950.4
1296520 2950.4
1296530 2944.9
1296540 2938.2
1296550 2938.2
1296560 2931.7
1296570 2924.6
1296580 2924.6
1296590 2917.8
1296600 2912.3
1296610 2912.3
1296620 2907.2
1296630 2901.8
1296640 2901.8
1296650 2897.1
1296660 2892.3
1296670 2887.2
1296680 2887.2
1296690 2882.5
1296700 2877.9
1296710 2877.9
1296720 2873.4
1296730 2869.4
1296740 2869.4
1296750 2863.2
1296760 2859.1
1296770 2859.1
1296780 2855.0
1296790 2851.7
1296800 2851.7
1296810 2847.7
1296820 2843.4
1296830 2843.4
1296840 2840.0
1296850 2836.0
1296860 2836.0
1296870 2832.1
1296880 2828.3
1296890 2824.3
1296900 2824.3
1296910 2821.4
1296920 2816.9
1296930 2816.9
1296940 2811.0
1296950 2807.9
1296960 2807.9
1296970 2804.8
1296980 2800.9
1296990 2800.9
1297000 2797.3
1297010 2790.8
1297020 2790.8
1297030 2783.7
1297040 2781.2
1297050 2781.2
1297060 2781.9
1297070 2781.9
1297080 2780.5
1297090 2780.5
1297100 2778.7
1297110 2776.4
1297120 2776.4
1297130 2774.6
1297140 2772.9
1297150 2772.9
1297160 2771.4
1297170 2770.1
1297180 2770.1
1297190 2767.0
1297200 2761.0
1297210 2761.0
1297220 2754.2
1297230 2747.9
1297240 2747.9
1297250 2742.1
1297260 2736.4
1297270 2736.4
1297280 2730.8
1297290 2725.1
1297300 2720.7
1297310 2720.7
1297320 2718.4
1297330 2717.0
1297340 2717.0
1297350 2712.1
1297360 2707.7
1297370 2707.7
1297380 2704.0
1297390 2699.7
1297400 2699.7
1297410 2694.4
1297420 2689.6
1297430 2684.8
1297440 2678.9
1297450 2675.4
1297460 2675.4
1297470 2674.5
1297480 2670.9
1297490 2662.4
1297500 2662.4
1297510 2653.0
1297520 2644.7
1297530 2644.7
1297540 2639.2
1297550 2634.8
1297560 2634.8
1297570 2631.3
1297580 2627.3
1297590 2627.3
1297600 2622.9
1297610 2619.3
1297620 2619.3
1297630 2616.4
1297640 2612.4
1297650 2612.4
1297660 2609.2
1297670 2606.1
1297680 2606.1
1297690 2602.2
1297700 2601.1
1297710 2599.7
1297720 2599.7
1297730 2596.7
1297740 2591.3
1297750 2591.3
1297760 2587.6
1297770 2584.4
1297780 2584.4
1297790 2581.9
1297800 2580.5
1297810 2580.5
1297820 2579.0
1297830 2576.6
1297840 2576.6
1297850 2574.5
1297860 2571.7
1297870 2571.7
1297880 2568.6
1297890 2565.2
1297900 2565.2
1297910 2563.4
1297920 2562.6
1297930 2560.7
1297940 2560.7
1297950 2558.6
1297960 2557.3
1297970 2557.3
1297980 2554.7
1297990 2552.1
1298000 2552.1
1298010 2550.4
1298020 2548.1
1298030 2548.1
1298040 2546.3
1298050 2545.0
1298060 2545.0
1298070 2544.6
1298080 2543.8
1298090 2543.8
1298100 2542.8
1298110 2533.6
1298120 2532.2
1298130 2532.2
1298140 2531.1
1298150 2530.0
1298160 2530.0
1298170 2528.7
1298180 2527.6
1298190 2527.6
1298200 2527.2
1298210 2527.2
1298220 2527.2
1298230 2526.4
1298240 2525.8
1298250 2525.8
1298260 2526.3
1298270 2527.2
1298280 2527.2
1298290 2527.5
1298300 2528.3
1298310 2528.3
1298320 2529.5
1298330 2530.4
1298340 2531.2
1298350 2531.2
1298360 2531.7
1298370 2535.9
1298380 2535.9
1298390 2534.6
1298400 2532.3
1298410 2532.3
1298420 2532.5
1298430 2533.1
1298440 2533.1
1298450 2534.1
1298460 2531.0
1298470 2531.0
1298480 2526.1
1298490 2522.0
1298500 2522.0
1298510 2522.3
1298520 2525.3
1298530 2525.3
1298540 2529.2
1298550 2525.0
1298560 2523.4
1298570 2523.4
1298580 2523.0
1298590 2524.2
1298600 2524.2
1298610 2522.2
1298620 2519.2
1298630 2519.2
1298640 2515.6
1298650 2511.6
1298660 2511.6
1298670 2507.2
1298680 2500.9
1298690 2500.9
1298700 2492.7
1298710 2485.6
1298720 2485.6
1298730 2480.0
1298740 2475.7
1298750 2471.0
1298760 2471.0
1298770 2466.3
1298780 2461.9
1298790 2462.3
1298800 2456.5
1298810 2450.5
1298820 2450.5
1298830 2445.4
1298840 2440.9
1298850 2440.9
1298860 2435.4
1298870 2430.5
1298880 2430.5
1298890 2425.3
1298900 2421.1
1298910 2421.1
1298920 2418.8
1298930 2415.4
1298940 2415.4
1298950 2410.7
1298960 2406.5
1298970 2402.8
1298980 2402.8
1298990 2396.6
1299000 2391.4
1299010 2391.4
1299020 2387.2
1299030 2379.7
1299040 2379.7
1299050 2372.9
1299060 2367.6
1299070 2367.6
1299080 2363.2
1299090 2357.4
1299100 2357.4
1299110 2352.7
1299120 2347.3
1299130 2347.3
1299140 2340.6
1299150 2334.2
1299160 2334.2
1299170 2328.7
1299180 2324.5
1299190 2319.8
1299200 2319.8
1299210 2314.3
1299220 2307.6
1299230 2307.6
1299240 2302.0
1299250 2297.2
1299260 2297.2
1299270 2291.2
1299280 2285.5
1299290 2285.5
1299300 2279.9
1299310 2274.9
1299320 2274.9
1299330 2269.4
1299340 2263.1
1299350 2263.1
1299360 2257.1
1299370 2251.9
1299380 2247.1
1299390 2247.1
1299400 2242.2
1299410 2238.6
1299420 2238.6
1299430 2235.2
1299440 2232.3
1299450 2232.3
1299460 2229.5
1299470 2228.5
1299480 2228.5
1299490 2225.8
1299500 2221.6
1299510 2221.6
1299520 2216.0
1299530 2209.3
1299540 2209.3
1299550 2201.1
1299560 2193.0
1299570 2193.0
1299580 2185.6
1299590 2177.3
1299600 2169.2
1299610 2169.2
1299620 2160.3
1299630 2152.3
1299640 2152.3
1299650 2145.3
1299660 2137.5
1299670 2137.5
1299680 2127.6
1299690 2117.9
1299700 2117.9
1299710 2110.5
1299720 2102.8
1299730 2102.8
1299740 2094.5
1299750 2087.2
1299760 2087.2
1299770 2080.8
1299780 2074.3
1299790 2074.3
1299800 2067.8
1299810 2061.1
1299820 2054.5
1299830 2054.5
1299840 2047.6
1299850 2041.1
1299860 2041.1
1299870 2035.1
1299880 2028.7
1299890 2028.7
1299900 2022.4
1299910 2016.9
1299920 2016.9
1299930 2011.6
1299940 2005.7
1299950 2005.7
1299960 1999.4
1299970 1992.9
1299980 1992.9
1299990 1988.0
