1280000 1521.4
1280010 1501.3
1280020 1483.7
1280030 1474.7
1280040 1474.7
1280050 1466.8
1280060 1458.6
1280070 1458.6
1280080 1450.1
1280090 1441.3
1280100 1441.3
1280110 1432.8
1280120 1424.4
1280130 1424.4
1280140 1416.8
1280150 1409.7
1280160 1409.7
1280170 1403.1
1280180 1396.9
1280190 1396.9
1280200 1390.1
1280210 1380.9
1280220 1380.9
1280230 1369.2
1280240 1353.4
1280250 1342.5
1280260 1343.9
1280270 1336.0
1280280 1328.2
1280290 1328.2
1280300 1320.6
1280310 1313.5
1280320 1313.5
1280330 1308.4
1280340 1308.9
1280350 1308.9
1280360 1310.5
1280370 1311.6
1280380 1311.6
1280390 1314.7
1280400 1315.5
1280410 1315.5
1280420 1315.7
1280430 1315.4
1280440 1319.0
1280450 1319.0
1280460 1323.0
1280470 1325.1
1280480 1325.1
1280490 1330.5
1280500 1331.9
1280510 1331.9
1280520 1333.0
1280530 1334.7
1280540 1334.7
1280550 1337.5
1280560 1340.6
1280570 1340.6
1280580 1343.0
1280590 1345.1
1280600 1345.1
1280610 1347.4
1280620 1351.2
1280630 1351.2
1280640 1356.0
1280650 1360.2
1280660 1364.6
1280670 1364.6
1280680 1369.8
1280690 1374.7
1280700 1374.7
1280710 1378.2
1280720 1380.9
1280730 1380.9
1280740 1383.3
1280750 1384.6
1280760 1384.6
1280770 1385.0
1280780 1386.2
1280790 1386.2
1280800 1388.8
1280810 1391.7
1280820 1391.7
1280830 1394.9
1280840 1398.3
1280850 1398.3
1280860 1401.7
1280870 1405.3
1280880 1406.9
1280890 1406.9
1280900 1409.0
1280910 1412.6
1280920 1412.6
1280930 1416.1
1280940 1419.3
1280950 1419.3
1280960 1423.8
1280970 1428.7
1280980 1428.7
1280990 1433.4
1281000 1438.3
1281010 1438.3
1281020 1443.2
1281030 1449.3
1281040 1449.3
1281050 1455.5
1281060 1460.9
1281070 1466.0
1281080 1466.0
1281090 1471.6
1281100 1477.2
1281110 1477.2
1281120 1482.9
1281130 1488.2
1281140 1488.2
1281150 1492.7
1281160 1497.7
1281170 1497.7
1281180 1502.8
1281190 1508.2
1281200 1508.2
1281210 1513.0
1281220 1518.1
1281230 1518.1
1281240 1522.8
1281250 1527.2
1281260 1527.2
1281270 1533.6
1281280 1540.3
1281290 1546.9
1281300 1546.9
1281310 1552.8
1281320 1557.3
1281330 1557.3
1281340 1563.2
1281350 1569.5
1281360 1569.5
1281370 1575.7
1281380 1582.1
1281390 1582.1
1281400 1589.0
1281410 1595.1
1281420 1595.1
1281430 1601.1
1281440 1606.4
1281450 1606.4
1281460 1611.1
1281470 1615.5
1281480 1615.5
1281490 1619.4
1281500 1623.3
1281510 1627.3
1281520 1627.3
1281530 1632.2
1281540 1636.5
1281550 1636.5
1281560 1641.1
1281570 1645.6
1281580 1645.6
1281590 1650.5
1281600 1654.7
1281610 1654.7
1281620 1658.4
1281630 1662.6
1281640 1662.6
1281650 1667.5
1281660 1672.6
1281670 1672.6
1281680 1678.2
1281690 1684.3
1281700 1690.4
1281710 1690.4
1281720 1695.9
1281730 1702.4
1281740 1702.4
1281750 1709.1
1281760 1715.3
1281770 1715.3
1281780 1720.8
1281790 1725.6
1281800 1725.6
1281810 1729.6
1281820 1733.4
1281830 1733.4
1281840 1736.9
1281850 1740.3
1281860 1740.3
1281870 1744.1
1281880 1748.4
1281890 1748.4
1281900 1753.3
1281910 1759.1
1281920 1764.2
1281930 1764.2
1281940 1769.0
1281950 1774.7
1281960 1774.7
1281970 1780.1
1281980 1784.5
1281990 1784.5
1282000 1787.7
1282010 1791.9
1282020 1791.9
1282030 1797.2
1282040 1802.2
1282050 1802.2
1282060 1806.7
1282070 1811.4
1282080 1811.4
1282090 1817.0
1282100 1823.0
1282110 1823.0
1282120 1828.1
1282130 1831.7
1282140 1836.1
1282150 1836.1
1282160 1841.3
1282170 1847.1
1282180 1847.1
1282190 1853.8
1282200 1859.5
1282210 1859.5
1282220 1862.7
1282230 1866.3
1282240 1866.3
1282250 1869.5
1282260 1871.6
1282270 1871.6
1282280 1875.7
1282290 1878.8
1282300 1878.8
1282310 1881.3
1282320 1883.8
1282330 1886.0
1282340 1886.0
1282350 1887.7
1282360 1889.2
1282370 1889.2
1282380 1891.1
1282390 1894.2
1282400 1894.2
1282410 1897.8
1282420 1901.5
1282430 1901.5
1282440 1906.5
1282450 1912.6
1282460 1912.6
1282470 1919.4
1282480 1927.0
1282490 1927.0
1282500 1934.8
1282510 1941.5
1282520 1941.5
1282530 1947.1
1282540 1951.5
1282550 1956.9
1282560 1956.9
1282570 1963.2
1282580 1969.9
1282590 1969.9
1282600 1979.1
1282610 1986.8
1282620 1986.8
1282630 1992.1
1282640 1996.8
1282650 1996.8
1282660 2001.0
1282670 2004.4
1282680 2004.4
1282690 2007.0
1282700 2010.3
1282710 2010.3
1282720 2015.3
1282730 2021.2
1282740 2021.2
1282750 2027.7
1282760 2036.9
1282770 2042.8
1282780 2042.8
1282790 2049.7
1282800 2058.4
1282810 2058.4
1282820 2066.8
1282830 2073.9
1282840 2073.9
1282850 2078.6
1282860 2083.3
1282870 2083.3
1282880 2089.0
1282890 2095.0
1282900 2095.0
1282910 2103.5
1282920 2108.1
1282930 2108.1
1282940 2113.2
1282950 2118.3
1282960 2121.8
1282970 2121.8
1282980 2127.7
1282990 2132.1
1283000 2132.1
1283010 2137.6
1283020 2144.6
1283030 2144.6
1283040 2151.9
1283050 2155.3
1283060 2155.3
1283070 2159.1
1283080 2162.4
1283090 2162.4
1283100 2164.2
1283110 2168.1
1283120 2168.1
1283130 2173.8
1283140 2180.9
1283150 2180.9
1283160 2189.3
1283170 2192.8
1283180 2194.8
1283190 2194.8
1283200 2195.8
1283210 2203.1
1283220 2203.1
1283230 2208.6
1283240 2210.0
1283250 2210.0
1283260 2211.8
1283270 2214.4
1283280 2214.4
1283290 2217.6
1283300 2222.1
1283310 2222.1
1283320 2224.5
1283330 2224.7
1283340 2224.7
1283350 2224.1
1283360 2224.6
1283370 2224.6
1283380 2225.1
1283390 2220.6
1283400 2217.9
1283410 2217.9
1283420 2215.7
1283430 2214.6
1283440 2214.6
1283450 2214.6
1283460 2212.0
1283470 2212.0
1283480 2209.5
1283490 2206.4
1283500 2206.4
1283510 2205.6
1283520 2206.0
1283530 2206.0
1283540 2206.0
1283550 2205.0
1283560 2205.0
1283570 2203.1
1283580 2200.7
1283590 2196.7
1283600 2196.7
1283610 2193.4
1283620 2192.1
1283630 2192.1
1283640 2192.2
1283650 2192.4
1283660 2192.4
1283670 2192.3
1283680 2191.7
1283690 2191.7
1283700 2192.0
1283710 2193.4
1283720 2193.4
1283730 2195.4
1283740 2197.1
1283750 2197.1
1283760 2198.3
1283770 2201.6
1283780 2201.6
1283790 2206.4
1283800 2212.0
1283810 2217.4
1283820 2217.4
1283830 2223.0
1283840 2228.8
1283850 2228.8
1283860 2234.5
1283870 2239.7
1283880 2239.7
1283890 2244.8
1283900 2249.9
1283910 2249.9
1283920 2254.4
1283930 2257.9
1283940 2257.9
1283950 2260.6
1283960 2262.4
1283970 2262.4
1283980 2261.9
1283990 2261.0
1284000 2261.0
1284010 2261.3
1284020 2258.6
1284030 2260.7
1284040 2260.7
1284050 2263.2
1284060 2258.1
1284070 2258.1
1284080 2254.2
1284090 2252.3
1284100 2252.3
1284110 2253.3
1284120 2256.7
1284130 2256.7
1284140 2260.5
1284150 2264.2
1284160 2264.2
1284170 2265.6
1284180 2263.1
1284190 2263.1
1284200 2258.2
1284210 2251.9
1284220 2246.3
1284230 2246.3
1284240 2246.1
1284250 2249.9
1284260 2249.9
1284270 2248.3
1284280 2247.9
1284290 2247.9
1284300 2249.7
1284310 2254.5
1284320 2254.5
1284330 2263.1
1284340 2271.3
1284350 2271.3
1284360 2273.2
1284370 2271.4
1284380 2271.4
1284390 2272.8
1284400 2276.8
1284410 2276.8
1284420 2280.4
1284430 2282.1
1284440 2282.9
1284450 2282.9
1284460 2284.7
1284470 2288.0
1284480 2288.0
1284490 2289.4
1284500 2290.3
1284510 2290.3
1284520 2292.0
1284530 2294.7
1284540 2294.7
1284550 2298.3
1284560 2302.1
1284570 2302.1
1284580 2303.9
1284590 2301.9
1284600 2301.9
1284610 2303.4
1284620 2308.5
1284630 2308.5
1284640 2313.4
1284650 2311.9
1284660 2313.1
1284670 2313.1
1284680 2309.4
1284690 2307.2
1284700 2307.2
1284710 2303.1
1284720 2299.5
1284730 2299.5
1284740 2298.8
1284750 2304.6
1284760 2304.6
1284770 2311.4
1284780 2316.8
1284790 2316.8
1284800 2322.5
1284810 2327.0
1284820 2327.0
1284830 2328.5
1284840 2330.9
1284850 2335.2
1284860 2335.2
1284870 2341.2
1284880 2346.2
1284890 2346.2
1284900 2350.0
1284910 2354.4
1284920 2354.4
1284930 2359.4
1284940 2365.4
1284950 2365.4
1284960 2372.4
1284970 2378.8
1284980 2378.8
1284990 2384.0
1285000 2389.0
1285010 2389.0
1285020 2394.2
1285030 2398.9
1285040 2398.9
1285050 2403.4
1285060 2406.7
1285070 2407.7
1285080 2407.7
1285090 2403.0
1285100 2401.9
1285110 2401.9
1285120 2408.0
1285130 2415.3
1285140 2415.3
1285150 2420.4
1285160 2417.6
1285170 2417.6
1285180 2413.0
1285190 2408.6
1285200 2408.6
1285210 2401.7
1285220 2398.2
1285230 2398.2
1285240 2394.9
1285250 2395.3
1285260 2395.3
1285270 2399.1
1285280 2402.3
1285290 2402.5
1285300 2402.5
1285310 2407.6
1285320 2412.1
1285330 2412.1
1285340 2417.2
1285350 2422.7
1285360 2422.7
1285370 2428.2
1285380 2435.3
1285390 2435.3
1285400 2441.8
1285410 2444.8
1285420 2444.8
1285430 2441.9
1285440 2436.0
1285450 2436.0
1285460 2431.2
1285470 2427.0
1285480 2423.1
1285490 2423.1
1285500 2420.9
1285510 2411.7
1285520 2411.7
1285530 2398.2
1285540 2387.0
1285550 2387.0
1285560 2386.3
1285570 2383.5
1285580 2383.5
1285590 2379.8
1285600 2378.0
1285610 2378.0
1285620 2373.6
1285630 2371.8
1285640 2371.8
1285650 2369.6
1285660 2365.1
1285670 2365.1
1285680 2363.1
1285690 2361.6
1285700 2360.2
1285710 2360.2
1285720 2360.2
1285730 2359.1
1285740 2359.1
1285750 2357.5
1285760 2353.9
1285770 2353.9
1285780 2350.8
1285790 2349.8
1285800 2349.8
1285810 2348.5
1285820 2347.8
1285830 2347.8
1285840 2347.2
1285850 2346.4
1285860 2346.4
1285870 2348.4
1285880 2351.9
1285890 2351.9
1285900 2357.4
1285910 2363.0
1285920 2372.0
1285930 2372.0
1285940 2372.7
1285950 2372.5
1285960 2372.5
1285970 2372.0
1285980 2372.8
1285990 2372.8
1286000 2374.2
1286010 2375.1
1286020 2375.1
1286030 2376.1
1286040 2377.3
1286050 2377.3
1286060 2379.0
1286070 2381.7
1286080 2381.7
1286090 2385.5
1286100 2388.8
1286110 2393.1
1286120 2393.1
1286130 2398.3
1286140 2402.5
1286150 2402.5
1286160 2406.5
1286170 2407.6
1286180 2407.6
1286190 2410.1
1286200 2411.3
1286210 2411.3
1286220 2409.3
1286230 2408.5
1286240 2408.5
1286250 2398.3
1286260 2382.3
1286270 2382.3
1286280 2365.0
1286290 2344.0
1286300 2344.0
1286310 2324.0
1286320 2313.2
1286330 2306.3
1286340 2306.3
1286350 2292.4
1286360 2280.5
1286370 2280.5
1286380 2273.0
1286390 2266.6
1286400 2266.6
1286410 2260.8
1286420 2255.8
1286430 2255.8
1286440 2249.8
1286450 2243.0
1286460 2243.0
1286470 2239.0
1286480 2237.0
1286490 2237.0
1286500 2236.1
1286510 2234.9
1286520 2234.9
1286530 2233.5
1286540 2232.4
1286550 2232.7
1286560 2237.9
1286570 2236.9
1286580 2234.4
1286590 2234.4
1286600 2234.0
1286610 2233.0
1286620 2233.0
1286630 2232.0
1286640 2233.4
1286650 2233.4
1286660 2234.5
1286670 2234.0
1286680 2234.0
1286690 2232.1
1286700 2231.3
1286710 2231.3
1286720 2233.0
1286730 2233.5
1286740 2235.2
1286750 2235.2
1286760 2236.8
1286770 2237.1
1286780 2237.1
1286790 2238.7
1286800 2241.6
1286810 2241.6
1286820 2244.4
1286830 2248.0
1286840 2248.0
1286850 2252.3
1286860 2247.1
1286870 2247.1
1286880 2228.1
1286890 2215.1
1286900 2215.1
1286910 2203.4
1286920 2187.2
1286930 2187.2
1286940 2170.8
1286950 2150.1
1286960 2131.9
1286970 2131.9
1286980 2119.5
1286990 2109.2
1287000 2109.2
1287010 2100.0
1287020 2092.6
1287030 2092.6
1287040 2085.5
1287050 2078.7
1287060 2078.7
1287070 2072.0
1287080 2065.6
1287090 2065.6
1287100 2059.2
1287110 2052.7
1287120 2052.7
1287130 2046.3
1287140 2039.4
1287150 2039.4
1287160 2032.6
1287170 2026.5
1287180 2021.1
1287190 2021.1
1287200 2021.2
1287210 2020.0
1287220 2020.0
1287230 2017.7
1287240 2017.4
1287250 2017.4
1287260 2017.6
1287270 2017.4
1287280 2017.4
1287290 2017.7
1287300 2019.4
1287310 2019.4
1287320 2019.7
1287330 2018.2
1287340 2018.2
1287350 2016.8
1287360 2017.9
1287370 2018.2
1287380 2018.2
1287390 2019.2
1287400 2020.6
1287410 2020.6
1287420 2021.7
1287430 2023.6
1287440 2023.6
1287450 2025.7
1287460 2026.0
1287470 2026.0
1287480 2025.2
1287490 2028.7
1287500 2028.7
1287510 2032.6
1287520 2033.2
1287530 2033.2
1287540 2032.9
1287550 2032.2
1287560 2032.2
1287570 2032.5
1287580 2034.4
1287590 2039.4
1287600 2039.4
1287610 2044.9
1287620 2048.2
1287630 2048.2
1287640 2048.2
1287650 2044.4
1287660 2044.4
1287670 2041.9
1287680 2043.2
1287690 2043.2
1287700 2044.4
1287710 2044.8
1287720 2044.8
1287730 2046.1
1287740 2047.2
1287750 2047.2
1287760 2052.4
1287770 2056.3
1287780 2056.3
1287790 2056.3
1287800 2053.7
1287810 2052.9
1287820 2052.9
1287830 2053.7
1287840 2056.6
1287850 2056.6
1287860 2059.2
1287870 2063.2
1287880 2063.2
1287890 2067.2
1287900 2071.2
1287910 2071.2
1287920 2075.3
1287930 2080.0
1287940 2080.0
1287950 2085.4
1287960 2090.3
1287970 2090.3
1287980 2094.8
1287990 2099.8
1288000 2105.1
1288010 2105.1
1288020 2109.9
1288030 2114.5
1288040 2114.5
1288050 2119.6
1288060 2125.0
1288070 2125.0
1288080 2130.5
1288090 2136.3
1288100 2136.3
1288110 2142.8
1288120 2149.4
1288130 2149.4
1288140 2156.2
1288150 2163.2
1288160 2163.2
1288170 2170.4
1288180 2180.0
1288190 2180.0
1288200 2195.2
1288210 2214.9
1288220 2231.7
1288230 2231.7
1288240 2243.9
1288250 2251.7
1288260 2251.7
1288270 2259.1
1288280 2267.3
1288290 2267.3
1288300 2276.4
1288310 2284.7
1288320 2284.7
1288330 2290.5
1288340 2291.8
1288350 2291.8
1288360 2291.9
1288370 2289.7
1288380 2289.7
1288390 2276.6
1288400 2259.3
1288410 2238.3
1288420 2238.3
1288430 2218.2
1288440 2199.0
1288450 2199.0
1288460 2179.3
1288470 2172.4
1288480 2172.4
1288490 2172.3
1288500 2167.5
1288510 2167.5
1288520 2162.7
1288530 2160.3
1288540 2160.3
1288550 2159.7
1288560 2158.7
1288570 2158.7
1288580 2158.0
1288590 2154.7
1288600 2154.7
1288610 2151.7
1288620 2151.0
1288630 2152.0
1288640 2152.0
1288650 2154.7
1288660 2155.5
1288670 2155.5
1288680 2157.1
1288690 2159.6
1288700 2159.6
1288710 2158.6
1288720 2157.0
1288730 2157.0
1288740 2157.6
1288750 2158.3
1288760 2158.3
1288770 2159.3
1288780 2160.0
1288790 2160.0
1288800 2157.7
1288810 2157.6
1288820 2157.6
1288830 2158.7
1288840 2160.2
1288850 2160.9
1288860 2160.9
1288870 2162.9
1288880 2165.7
1288890 2165.7
1288900 2167.4
1288910 2169.9
1288920 2169.9
1288930 2174.1
1288940 2180.0
1288950 2180.0
1288960 2185.6
1288970 2189.1
1288980 2189.1
1288990 2182.7
1289000 2159.6
1289010 2159.6
1289020 2145.9
1289030 2139.4
1289040 2133.7
1289050 2133.7
1289060 2130.9
1289070 2130.4
1289080 2130.4
1289090 2129.2
1289100 2129.1
1289110 2129.1
1289120 2129.5
1289130 2130.1
1289140 2138.1
1289150 2141.6
1289160 2144.8
1289170 2144.8
1289180 2146.2
1289190 2148.9
1289200 2148.9
1289210 2149.1
1289220 2136.0
1289230 2136.0
1289240 2120.0
1289250 2109.9
1289260 2102.7
1289270 2102.7
1289280 2097.6
1289290 2093.3
1289300 2093.3
1289310 2089.9
1289320 2088.1
1289330 2088.1
1289340 2087.3
1289350 2083.9
1289360 2083.9
1289370 2077.5
1289380 2071.4
1289390 2071.4
1289400 2065.2
1289410 2056.2
1289420 2056.2
1289430 2047.3
1289440 2040.9
1289450 2040.9
1289460 2033.4
1289470 2025.0
1289480 2016.9
1289490 2016.9
1289500 2010.0
1289510 2002.1
1289520 2002.1
1289530 1994.2
1289540 1984.6
1289550 1984.6
1289560 1981.5
1289570 1982.5
1289580 1982.5
1289590 1982.1
1289600 1977.8
1289610 1977.8
1289620 1981.4
1289630 1986.1
1289640 1986.1
1289650 1982.1
1289660 1978.9
1289670 1975.4
1289680 1975.4
1289690 1966.5
1289700 1960.7
1289710 1960.7
1289720 1957.5
1289730 1952.0
1289740 1952.0
1289750 1955.6
1289760 1961.9
1289770 1961.9
1289780 1971.3
1289790 1970.9
1289800 1970.9
1289810 1968.0
1289820 1967.8
1289830 1967.8
1289840 1966.8
1289850 1963.5
1289860 1963.5
1289870 1962.7
1289880 1961.0
1289890 1957.7
1289900 1957.7
1289910 1954.8
1289920 1951.6
1289930 1951.6
1289940 1946.6
1289950 1940.1
1289960 1940.1
1289970 1942.2
1289980 1938.8
1289990 1938.8
1290000 1936.9
1290010 1934.8
1290020 1934.8
1290030 1933.2
1290040 1930.9
1290050 1930.9
1290060 1928.5
1290070 1928.2
1290080 1928.2
1290090 1929.1
1290100 1930.3
1290110 1931.8
1290120 1931.8
1290130 1934.8
1290140 1937.3
1290150 1937.3
1290160 1934.3
1290170 1929.7
1290180 1929.7
1290190 1926.6
1290200 1925.6
1290210 1925.6
1290220 1923.6
1290230 1919.2
1290240 1919.2
1290250 1915.6
1290260 1913.5
1290270 1913.5
1290280 1912.8
1290290 1911.9
1290300 1908.3
1290310 1908.3
1290320 1904.4
1290330 1901.3
1290340 1901.3
1290350 1897.0
1290360 1891.1
1290370 1891.1
1290380 1883.8
1290390 1871.0
1290400 1871.0
1290410 1867.5
1290420 1866.7
1290430 1866.7
1290440 1869.5
1290450 1868.8
1290460 1868.8
1290470 1868.5
1290480 1867.0
1290490 1867.0
1290500 1860.9
1290510 1860.0
1290520 1862.3
1290530 1862.3
1290540 1867.9
1290550 1870.2
1290560 1870.2
1290570 1870.5
1290580 1873.3
1290590 1873.3
1290600 1876.5
1290610 1879.6
1290620 1879.6
1290630 1882.3
1290640 1885.2
1290650 1885.2
1290660 1887.0
1290670 1890.6
1290680 1890.6
1290690 1895.9
1290700 1902.0
1290710 1902.0
1290720 1907.5
1290730 1912.2
1290740 1918.0
1290750 1918.0
1290760 1923.9
1290770 1930.4
1290780 1930.4
1290790 1936.3
1290800 1941.2
1290810 1941.2
1290820 1944.4
1290830 1947.1
1290840 1947.1
1290850 1951.5
1290860 1958.4
1290870 1958.4
1290880 1965.3
1290890 1969.5
1290900 1969.5
1290910 1972.3
1290920 1973.4
1290930 1976.3
1290940 1976.3
1290950 1980.3
1290960 1983.4
1290970 1983.4
1290980 1986.3
1290990 1990.0
1291000 1990.0
1291010 1994.8
1291020 1999.8
1291030 1999.8
1291040 2004.1
1291050 2008.2
1291060 2008.2
1291070 2012.1
1291080 2016.2
1291090 2016.8
1291100 2020.6
1291110 2025.1
1291120 2025.1
1291130 2030.2
1291140 2034.8
1291150 2039.2
1291160 2039.2
1291170 2043.5
1291180 2048.2
1291190 2048.2
1291200 2053.3
1291210 2057.3
1291220 2057.3
1291230 2060.9
1291240 2064.3
1291250 2064.3
1291260 2067.8
1291270 2071.1
1291280 2071.1
1291290 2074.5
1291300 2077.7
1291310 2077.7
1291320 2080.4
1291330 2081.9
1291340 2082.9
1291350 2082.9
1291360 2084.4
1291370 2087.6
1291380 2087.6
1291390 2090.5
1291400 2092.6
1291410 2092.6
1291420 2094.3
1291430 2096.3
1291440 2096.3
1291450 2099.5
1291460 2103.7
1291470 2103.7
1291480 2107.1
1291490 2109.7
1291500 2109.7
1291510 2111.5
1291520 2113.1
1291530 2113.1
1291540 2115.0
1291550 2117.1
1291560 2119.0
1291570 2119.0
1291580 2121.3
1291590 2124.2
1291600 2124.2
1291610 2127.8
1291620 2131.3
1291630 2131.3
1291640 2134.6
1291650 2138.1
1291660 2138.1
1291670 2141.3
1291680 2144.4
1291690 2144.4
1291700 2147.8
1291710 2151.2
1291720 2151.2
1291730 2154.3
1291740 2157.0
1291750 2153.8
1291760 2155.5
1291770 2157.0
1291780 2158.6
1291790 2158.6
1291800 2161.0
1291810 2163.9
1291820 2163.9
1291830 2167.8
1291840 2172.6
1291850 2172.6
1291860 2177.1
1291870 2181.1
1291880 2181.1
1291890 2185.1
1291900 2189.1
1291910 2189.1
1291920 2193.6
1291930 2197.8
1291940 2197.8
1291950 2200.9
1291960 2203.6
1291970 2205.8
1291980 2205.8
1291990 2208.0
1292000 2210.5
1292010 2210.5
1292020 2213.0
1292030 2215.4
1292040 2215.4
1292050 2217.8
1292060 2220.4
1292070 2220.4
1292080 2223.5
1292090 2227.9
1292100 2227.9
1292110 2232.9
1292120 2237.8
1292130 2237.8
1292140 2241.9
1292150 2246.3
1292160 2246.3
1292170 2250.9
1292180 2254.4
1292190 2256.8
1292200 2256.8
1292210 2259.2
1292220 2261.3
1292230 2261.3
1292240 2263.6
1292250 2266.6
1292260 2266.6
1292270 2270.8
1292280 2276.4
1292290 2276.4
1292300 2282.8
1292310 2289.8
1292320 2289.8
1292330 2295.4
1292340 2300.4
1292350 2300.4
1292360 2305.4
1292370 2310.4
1292380 2310.4
1292390 2314.7
1292400 2318.1
1292410 2320.6
1292420 2320.6
1292430 2323.1
1292440 2326.7
1292450 2326.7
1292460 2329.9
1292470 2333.3
1292480 2333.3
1292490 2337.3
1292500 2340.2
1292510 2340.2
1292520 2343.8
1292530 2348.5
1292540 2348.5
1292550 2352.5
1292560 2356.1
1292570 2356.1
1292580 2359.9
1292590 2363.1
1292600 2366.5
1292610 2366.5
1292620 2369.9
1292630 2373.5
1292640 2373.5
1292650 2377.9
1292660 2382.6
1292670 2382.6
1292680 2386.7
1292690 2390.9
1292700 2390.9
1292710 2395.5
1292720 2400.6
1292730 2400.6
1292740 2405.5
1292750 2410.3
1292760 2410.3
1292770 2415.1
1292780 2419.8
1292790 2419.8
1292800 2424.0
1292810 2428.4
1292820 2433.2
1292830 2433.2
1292840 2438.1
1292850 2443.1
1292860 2443.1
1292870 2447.8
1292880 2452.5
1292890 2452.5
1292900 2455.9
1292910 2460.2
1292920 2460.2
1292930 2465.3
1292940 2469.4
1292950 2469.4
1292960 2472.1
1292970 2473.9
1292980 2473.9
1292990 2477.7
1293000 2482.4
1293010 2482.4
1293020 2487.6
1293030 2491.5
1293040 2493.8
1293050 2493.8
1293060 2496.0
1293070 2499.0
1293080 2499.0
1293090 2502.1
1293100 2506.0
1293110 2506.0
1293120 2509.5
1293130 2513.3
1293140 2513.3
1293150 2517.6
1293160 2522.0
1293170 2522.0
1293180 2526.3
1293190 2530.7
1293200 2530.7
1293210 2535.3
1293220 2539.8
1293230 2543.8
1293240 2543.8
1293250 2548.4
1293260 2553.5
1293270 2553.5
1293280 2558.8
1293290 2564.1
1293300 2564.1
1293310 2569.8
1293320 2576.3
1293330 2576.3
1293340 2582.7
1293350 2588.8
1293360 2588.8
1293370 2595.3
1293380 2601.9
1293390 2601.9
1293400 2608.5
1293410 2614.7
1293420 2614.7
1293430 2621.2
1293440 2628.2
1293450 2635.3
1293460 2635.3
1293470 2642.2
1293480 2648.8
1293490 2648.8
1293500 2655.6
1293510 2660.9
1293520 2660.9
1293530 2665.6
1293540 2668.3
1293550 2668.3
1293560 2669.2
1293570 2670.8
1293580 2670.8
1293590 2672.4
1293600 2673.8
1293610 2673.8
1293620 2675.0
1293630 2676.1
1293640 2676.1
1293650 2677.7
1293660 2679.7
1293670 2681.8
1293680 2681.8
1293690 2684.5
1293700 2687.6
1293710 2687.6
1293720 2691.3
1293730 2693.7
1293740 2693.7
1293750 2697.1
1293760 2700.5
1293770 2700.5
1293780 2704.0
1293790 2707.6
1293800 2707.6
1293810 2711.7
1293820 2716.5
1293830 2716.5
1293840 2720.8
1293850 2724.9
1293860 2729.4
1293870 2729.4
1293880 2734.1
1293890 2738.6
1293900 2738.6
1293910 2743.3
1293920 2748.3
1293930 2748.3
1293940 2753.5
1293950 2758.2
1293960 2758.2
1293970 2762.6
1293980 2767.3
1293990 2767.3
1294000 2772.5
1294010 2778.5
1294020 2778.5
1294030 2784.5
1294040 2791.1
1294050 2791.1
1294060 2798.1
1294070 2805.9
1294080 2824.2
1294090 2824.2
1294100 2854.1
1294110 2882.7
1294120 2882.7
1294130 2895.8
1294140 2904.4
1294150 2904.4
1294160 2915.5
1294170 2930.0
1294180 2930.0
1294190 2939.8
1294200 2947.9
1294210 2947.9
1294220 2955.8
1294230 2969.6
1294240 2969.6
1294250 2980.4
1294260 2990.1
1294270 2990.1
1294280 2998.2
1294290 3008.0
1294300 3019.7
1294310 3019.7
1294320 3033.3
1294330 3048.4
1294340 3048.4
1294350 3061.6
1294360 3073.9
1294370 3073.9
1294380 3088.1
1294390 3093.9
1294400 3093.9
1294410 3098.0
1294420 3107.3
1294430 3107.3
1294440 3119.6
1294450 3131.0
1294460 3131.0
1294470 3144.4
1294480 3159.6
1294490 3174.2
1294500 3174.2
1294510 3182.5
1294520 3177.4
1294530 3177.4
1294540 3171.2
1294550 3165.4
1294560 3165.4
1294570 3160.0
1294580 3152.5
1294590 3152.5
1294600 3139.4
1294610 3128.5
1294620 3128.5
1294630 3117.2
1294640 3102.5
1294650 3102.5
1294660 3086.8
1294670 3076.0
1294680 3076.0
1294690 3067.6
1294700 3060.7
1294710 3054.7
1294720 3054.7
1294730 3049.6
1294740 3041.7
1294750 3041.7
1294760 3034.7
1294770 3029.8
1294780 3029.8
1294790 3025.9
1294800 3022.9
1294810 3022.9
1294820 3020.4
1294830 3018.5
1294840 3018.5
1294850 3017.3
1294860 3016.4
1294870 3016.4
1294880 3015.8
1294890 3015.7
1294900 3016.3
1294910 3016.3
1294920 3017.0
1294930 3017.7
1294940 3017.7
1294950 3018.5
1294960 3019.1
1294970 3019.1
1294980 3019.7
1294990 3020.2
1295000 3020.2
1295010 3020.7
1295020 3021.2
1295030 3021.2
1295040 3021.6
1295050 3022.1
1295060 3020.8
1295070 3021.2
1295080 3021.6
1295090 3021.6
1295100 3022.1
1295110 3022.5
1295120 3022.9
1295130 3022.9
1295140 3023.2
1295150 3023.5
1295160 3023.5
1295170 3023.8
1295180 3024.2
1295190 3024.2
1295200 3024.5
1295210 3024.8
1295220 3024.8
1295230 3025.1
1295240 3025.5
1295250 3025.5
1295260 3026.0
1295270 3026.5
1295280 3026.5
1295290 3027.0
1295300 3027.6
1295310 3027.6
1295320 3028.4
1295330 3029.3
1295340 3030.3
1295350 3030.3
1295360 3031.4
1295370 3032.7
1295380 3032.7
1295390 3034.1
1295400 3035.7
1295410 3035.7
1295420 3037.5
1295430 3039.3
1295440 3039.3
1295450 3041.3
1295460 3043.6
1295470 3043.6
1295480 3046.1
1295490 3048.8
1295500 3048.8
1295510 3051.8
1295520 3055.1
1295530 3058.6
1295540 3058.6
1295550 3062.2
1295560 3065.5
1295570 3065.5
1295580 3068.5
1295590 3071.1
1295600 3071.1
1295610 3073.5
1295620 3075.7
1295630 3075.7
1295640 3077.3
1295650 3078.4
1295660 3078.4
1295670 3079.1
1295680 3079.7
1295690 3079.7
1295700 3080.3
1295710 3081.0
1295720 3081.0
1295730 3080.0
1295740 3080.9
1295750 3081.7
1295760 3081.7
1295770 3082.7
1295780 3083.8
1295790 3083.8
1295800 3084.9
1295810 3085.9
1295820 3085.9
1295830 3087.4
1295840 3089.0
1295850 3089.0
1295860 3090.4
1295870 3091.3
1295880 3091.3
1295890 3092.0
1295900 3092.4
1295910 3092.4
1295920 3092.7
1295930 3093.3
1295940 3093.3
1295950 3094.3
1295960 3095.4
1295970 3092.2
1295980 3092.2
1295990 3093.8
1296000 3099.7
1296010 3099.7
1296020 3101.9
1296030 3107.2
1296040 3107.2
1296050 3118.2
1296060 3129.5
1296070 3129.5
1296080 3144.5
1296090 3131.6
1296100 3131.6
1296110 3108.0
1296120 3093.4
1296130 3093.4
1296140 3079.1
1296150 3069.3
1296160 3062.5
1296170 3062.5
1296180 3057.2
1296190 3053.2
1296200 3053.2
1296210 3049.9
1296220 3046.4
1296230 3046.4
1296240 3041.8
1296250 3036.5
1296260 3036.5
1296270 3030.8
1296280 3024.9
1296290 3024.9
1296300 3019.1
1296310 3013.2
1296320 3013.2
1296330 3006.5
1296340 2999.7
1296350 2999.7
1296360 2993.1
1296370 2987.3
1296380 2981.0
1296390 2981.0
1296400 2973.8
1296410 2968.2
1296420 2968.2
1296430 2963.0
1296440 2957.8
1296450 2957.8
1296460 2952.0
1296470 2947.3
1296480 2947.3
1296490 2944.6
1296500 2941.3
1296510 2941.3
1296520 2937.4
1296530 2933.0
1296540 2933.0
1296550 2928.2
1296560 2923.2
1296570 2923.2
1296580 2917.7
1296590 2910.7
1296600 2903.8
1296610 2903.8
1296620 2899.0
1296630 2892.7
1296640 2892.7
1296650 2886.1
1296660 2880.3
1296670 2880.3
1296680 2874.6
1296690 2868.5
1296700 2868.5
1296710 2861.8
1296720 2855.3
1296730 2855.3
1296740 2850.6
1296750 2848.2
1296760 2848.2
1296770 2845.7
1296780 2839.8
1296790 2832.0
1296800 2832.0
1296810 2826.9
1296820 2824.0
1296830 2824.0
1296840 2820.5
1296850 2816.1
1296860 2816.1
1296870 2811.0
1296880 2805.0
1296890 2805.0
1296900 2799.8
1296910 2794.7
1296920 2794.7
1296930 2789.9
1296940 2787.2
1296950 2787.2
1296960 2784.3
1296970 2780.7
1296980 2780.7
1296990 2776.3
1297000 2772.0
1297010 2768.4
1297020 2768.4
1297030 2765.0
1297040 2760.2
1297050 2760.2
1297060 2756.2
1297070 2750.4
1297080 2750.4
1297090 2747.2
1297100 2743.9
1297110 2743.9
1297120 2740.4
1297130 2735.9
1297140 2735.9
1297150 2729.7
1297160 2724.6
1297170 2724.6
1297180 2721.4
1297190 2717.8
1297200 2717.8
1297210 2714.4
1297220 2711.1
1297230 2707.1
1297240 2707.1
1297250 2702.2
1297260 2696.6
1297270 2696.6
1297280 2692.0
1297290 2689.3
1297300 2689.3
1297310 2689.1
1297320 2689.2
1297330 2689.2
1297340 2688.4
1297350 2687.9
1297360 2687.9
1297370 2687.7
1297380 2687.3
1297390 2687.3
1297400 2686.2
1297410 2681.9
1297420 2674.8
1297430 2674.8
1297440 2667.8
1297450 2661.0
1297460 2661.0
1297470 2654.4
1297480 2648.0
1297490 2648.0
1297500 2641.6
1297510 2635.2
1297520 2635.2
1297530 2629.1
1297540 2623.3
1297550 2623.3
1297560 2618.0
1297570 2612.9
1297580 2612.9
1297590 2608.1
1297600 2603.8
1297610 2603.8
1297620 2600.2
1297630 2596.8
1297640 2594.1
1297650 2594.1
1297660 2591.6
1297670 2589.6
1297680 2589.6
1297690 2588.2
1297700 2585.7
1297710 2585.7
1297720 2582.3
1297730 2579.0
1297740 2579.0
1297750 2574.8
1297760 2572.4
1297770 2572.4
1297780 2570.4
1297790 2569.5
1297800 2569.5
1297810 2568.0
1297820 2565.6
1297830 2562.2
1297840 2562.2
1297850 2557.6
1297860 2553.5
1297870 2553.5
1297880 2549.8
1297890 2547.0
1297900 2547.0
1297910 2544.8
1297920 2541.8
1297930 2541.8
1297940 2538.8
1297950 2536.3
1297960 2536.3
1297970 2533.9
1297980 2531.9
1297990 2531.9
1298000 2529.9
1298010 2528.2
1298020 2528.2
1298030 2526.0
1298040 2523.7
1298050 2521.5
1298060 2521.5
1298070 2519.6
1298080 2517.9
1298090 2517.9
1298100 2516.3
1298110 2514.6
1298120 2514.6
1298130 2513.1
1298140 2511.6
1298150 2511.6
1298160 2510.6
1298170 2509.5
1298180 2509.5
1298190 2507.5
1298200 2504.6
1298210 2504.6
1298220 2501.8
1298230 2499.8
1298240 2499.8
1298250 2498.2
1298260 2496.2
1298270 2494.2
1298280 2494.2
1298290 2493.1
1298300 2492.1
1298310 2492.1
1298320 2491.2
1298330 2489.8
1298340 2489.8
1298350 2488.1
1298360 2485.9
1298370 2485.9
1298380 2483.4
1298390 2482.0
1298400 2482.0
1298410 2481.0
1298420 2479.6
1298430 2476.9
1298440 2475.4
1298450 2473.2
1298460 2470.8
1298470 2470.8
1298480 2467.4
1298490 2463.8
1298500 2463.8
1298510 2461.0
1298520 2458.3
1298530 2458.3
1298540 2455.5
1298550 2453.7
1298560 2453.7
1298570 2451.8
1298580 2450.1
1298590 2450.1
1298600 2448.0
1298610 2445.9
1298620 2445.9
1298630 2444.6
1298640 2442.9
1298650 2442.9
1298660 2440.2
1298670 2437.4
1298680 2435.0
1298690 2435.0
1298700 2432.5
1298710 2429.4
1298720 2429.4
1298730 2426.4
1298740 2423.6
1298750 2423.6
1298760 2421.2
1298770 2419.8
1298780 2419.8
1298790 2415.3
1298800 2411.1
1298810 2411.1
1298820 2408.7
1298830 2408.3
1298840 2408.3
1298850 2408.2
1298860 2407.9
1298870 2407.9
1298880 2407.4
1298890 2406.3
1298900 2404.9
1298910 2404.9
1298920 2403.0
1298930 2398.9
1298940 2398.9
1298950 2395.0
1298960 2391.1
1298970 2391.1
1298980 2387.2
1298990 2382.4
1299000 2382.4
1299010 2378.1
1299020 2373.7
1299030 2373.7
1299040 2368.8
1299050 2363.2
1299060 2363.2
1299070 2358.0
1299080 2351.8
1299090 2345.0
1299100 2345.0
1299110 2332.8
1299120 2325.9
1299130 2325.9
1299140 2320.2
1299150 2315.6
1299160 2315.6
1299170 2310.1
1299180 2304.0
1299190 2304.0
1299200 2297.2
1299210 2291.4
1299220 2291.4
1299230 2283.8
1299240 2277.8
1299250 2277.8
1299260 2273.9
1299270 2270.6
1299280 2270.6
1299290 2267.3
1299300 2264.3
1299310 2262.7
1299320 2262.7
1299330 2261.2
1299340 2259.7
1299350 2259.7
1299360 2257.6
1299370 2255.1
1299380 2255.1
1299390 2251.6
1299400 2247.4
1299410 2247.4
1299420 2243.8
1299430 2240.3
1299440 2240.3
1299450 2236.9
1299460 2234.7
1299470 2234.7
1299480 2233.6
1299490 2234.3
1299500 2234.3
1299510 2234.0
1299520 2231.9
1299530 2228.2
1299540 2228.2
1299550 2222.8
1299560 2216.9
1299570 2216.9
1299580 2208.7
1299590 2192.6
1299600 2192.6
1299610 2176.3
1299620 2165.5
1299630 2165.5
1299640 2157.4
1299650 2149.4
1299660 2149.4
1299670 2141.2
1299680 2133.1
1299690 2133.1
1299700 2126.2
1299710 2118.2
1299720 2110.1
1299730 2110.1
1299740 2101.5
1299750 2094.8
1299760 2094.8
1299770 2088.6
1299780 2081.7
1299790 2081.7
1299800 2066.8
1299810 2059.3
1299820 2059.3
1299830 2052.6
1299840 2045.0
1299850 2045.0
1299860 2038.2
1299870 2031.7
1299880 2031.7
1299890 2025.3
1299900 2019.1
1299910 2019.1
1299920 2013.4
1299930 2010.4
1299940 2005.9
1299950 2005.9
1299960 1999.8
1299970 1994.2
1299980 1994.2
1299990 1988.1
