1280000 1300.8
1280010 1296.6
1280020 1293.4
1280030 1293.4
1280040 1290.5
1280050 1286.8
1280060 1286.8
1280070 1282.3
1280080 1276.9
1280090 1276.9
1280100 1270.8
1280110 1264.0
1280120 1264.0
1280130 1258.3
1280140 1253.7
1280150 1253.7
1280160 1248.6
1280170 1243.0
1280180 1239.9
1280190 1239.9
1280200 1239.1
1280210 1244.5
1280220 1244.5
1280230 1253.2
1280240 1259.5
1280250 1260.6
1280260 1264.1
1280270 1266.2
1280280 1266.2
1280290 1268.0
1280300 1269.5
1280310 1269.5
1280320 1269.8
1280330 1271.1
1280340 1271.1
1280350 1275.8
1280360 1279.3
1280370 1279.3
1280380 1280.6
1280390 1281.9
1280400 1283.6
1280410 1283.6
1280420 1286.5
1280430 1289.7
1280440 1289.7
1280450 1294.7
1280460 1296.8
1280470 1296.8
1280480 1301.9
1280490 1307.3
1280500 1307.3
1280510 1312.4
1280520 1313.9
1280530 1313.9
1280540 1313.8
1280550 1316.8
1280560 1316.8
1280570 1324.9
1280580 1327.6
1280590 1331.9
1280600 1331.9
1280610 1339.3
1280620 1346.8
1280630 1346.8
1280640 1353.8
1280650 1361.7
1280660 1361.7
1280670 1370.9
1280680 1378.8
1280690 1378.8
1280700 1385.4
1280710 1390.1
1280720 1390.1
1280730 1395.6
1280740 1402.9
1280750 1402.9
1280760 1409.5
1280770 1417.1
1280780 1417.1
1280790 1424.4
1280800 1430.5
1280810 1435.4
1280820 1435.4
1280830 1440.0
1280840 1444.7
1280850 1444.7
1280860 1449.9
1280870 1455.0
1280880 1455.0
1280890 1460.7
1280900 1466.5
1280910 1466.5
1280920 1472.0
1280930 1477.5
1280940 1477.5
1280950 1483.0
1280960 1487.5
1280970 1487.5
1280980 1490.9
1280990 1494.0
1281000 1494.0
1281010 1496.2
1281020 1498.3
1281030 1501.5
1281040 1501.5
1281050 1505.7
1281060 1510.7
1281070 1510.7
1281080 1516.7
1281090 1522.8
1281100 1522.8
1281110 1528.5
1281120 1533.5
1281130 1533.5
1281140 1538.0
1281150 1543.1
1281160 1543.1
1281170 1548.4
1281180 1553.4
1281190 1553.4
1281200 1557.8
1281210 1561.0
1281220 1564.3
1281230 1564.3
1281240 1566.6
1281250 1569.1
1281260 1569.1
1281270 1571.3
1281280 1574.1
1281290 1574.1
1281300 1577.0
1281310 1579.5
1281320 1579.5
1281330 1581.8
1281340 1583.6
1281350 1583.6
1281360 1587.5
1281370 1593.4
1281380 1593.4
1281390 1599.9
1281400 1606.3
1281410 1606.3
1281420 1614.0
1281430 1624.1
1281440 1635.7
1281450 1635.7
1281460 1646.7
1281470 1658.7
1281480 1658.7
1281490 1656.4
1281500 1664.0
1281510 1664.0
1281520 1671.9
1281530 1680.9
1281540 1680.9
1281550 1688.6
1281560 1693.7
1281570 1693.7
1281580 1698.3
1281590 1703.7
1281600 1703.7
1281610 1709.3
1281620 1715.6
1281630 1715.6
1281640 1722.2
1281650 1728.0
1281660 1735.5
1281670 1735.5
1281680 1743.6
1281690 1750.8
1281700 1750.8
1281710 1756.9
1281720 1761.9
1281730 1761.9
1281740 1766.2
1281750 1771.2
1281760 1771.2
1281770 1776.0
1281780 1780.1
1281790 1780.1
1281800 1784.4
1281810 1789.1
1281820 1789.1
1281830 1794.1
1281840 1798.9
1281850 1798.9
1281860 1803.2
1281870 1807.8
1281880 1812.4
1281890 1812.4
1281900 1816.8
1281910 1822.9
1281920 1822.9
1281930 1831.5
1281940 1839.4
1281950 1839.4
1281960 1846.5
1281970 1852.6
1281980 1852.6
1281990 1857.5
1282000 1861.9
1282010 1861.9
1282020 1866.2
1282030 1870.2
1282040 1870.2
1282050 1874.4
1282060 1879.8
1282070 1886.4
1282080 1886.4
1282090 1892.9
1282100 1898.2
1282110 1898.2
1282120 1896.6
1282130 1900.2
1282140 1900.2
1282150 1905.9
1282160 1913.1
1282170 1913.1
1282180 1920.5
1282190 1925.7
1282200 1925.7
1282210 1929.9
1282220 1933.9
1282230 1933.9
1282240 1938.6
1282250 1943.1
1282260 1943.1
1282270 1947.7
1282280 1952.1
1282290 1955.4
1282300 1955.4
1282310 1958.8
1282320 1962.1
1282330 1962.1
1282340 1965.0
1282350 1967.7
1282360 1967.7
1282370 1970.7
1282380 1973.1
1282390 1973.1
1282400 1976.2
1282410 1980.2
1282420 1980.2
1282430 1984.4
1282440 1989.1
1282450 1989.1
1282460 1993.0
1282470 1996.5
1282480 1996.5
1282490 2000.8
1282500 2006.3
1282510 2011.9
1282520 2011.9
1282530 2016.7
1282540 2020.5
1282550 2020.5
1282560 2026.8
1282570 2039.3
1282580 2039.3
1282590 2049.9
1282600 2059.3
1282610 2059.3
1282620 2065.5
1282630 2068.4
1282640 2068.4
1282650 2076.5
1282660 2081.0
1282670 2081.0
1282680 2083.6
1282690 2085.7
1282700 2086.7
1282710 2086.7
1282720 2086.5
1282730 2087.1
1282740 2087.1
1282750 2089.7
1282760 2091.1
1282770 2091.1
1282780 2090.9
1282790 2089.0
1282800 2089.0
1282810 2087.9
1282820 2087.4
1282830 2087.4
1282840 2087.7
1282850 2086.7
1282860 2086.7
1282870 2086.2
1282880 2086.4
1282890 2086.4
1282900 2086.4
1282910 2085.8
1282920 2084.7
1282930 2084.7
1282940 2083.6
1282950 2082.7
1282960 2082.7
1282970 2082.1
1282980 2082.1
1282990 2082.1
1283000 2082.2
1283010 2082.7
1283020 2082.7
1283030 2082.7
1283040 2083.1
1283050 2083.1
1283060 2083.9
1283070 2084.8
1283080 2084.8
1283090 2085.6
1283100 2086.9
1283110 2086.9
1283120 2088.7
1283130 2090.0
1283140 2092.2
1283150 2092.2
1283160 2093.8
1283170 2094.9
1283180 2094.9
1283190 2096.7
1283200 2098.3
1283210 2098.3
1283220 2099.8
1283230 2101.9
1283240 2101.9
1283250 2104.4
1283260 2106.7
1283270 2106.7
1283280 2109.0
1283290 2110.5
1283300 2110.5
1283310 2110.3
1283320 2106.7
1283330 2100.5
1283340 2100.5
1283350 2096.3
1283360 2093.8
1283370 2098.0
1283380 2094.5
1283390 2090.9
1283400 2090.9
1283410 2089.4
1283420 2089.6
1283430 2089.6
1283440 2089.4
1283450 2087.8
1283460 2087.8
1283470 2085.1
1283480 2084.0
1283490 2084.0
1283500 2085.1
1283510 2086.0
1283520 2086.0
1283530 2086.4
1283540 2086.5
1283550 2086.9
1283560 2086.9
1283570 2087.7
1283580 2089.2
1283590 2089.2
1283600 2090.2
1283610 2090.3
1283620 2090.3
1283630 2090.0
1283640 2089.3
1283650 2089.3
1283660 2088.2
1283670 2086.8
1283680 2086.8
1283690 2085.5
1283700 2083.7
1283710 2083.7
1283720 2081.8
1283730 2081.6
1283740 2081.6
1283750 2083.1
1283760 2085.3
1283770 2087.5
1283780 2087.5
1283790 2089.7
1283800 2092.4
1283810 2092.4
1283820 2095.4
1283830 2099.4
1283840 2099.4
1283850 2103.0
1283860 2106.1
1283870 2106.1
1283880 2110.6
1283890 2114.3
1283900 2114.3
1283910 2118.4
1283920 2122.2
1283930 2122.2
1283940 2126.1
1283950 2130.2
1283960 2131.5
1283970 2131.5
1283980 2131.2
1283990 2132.3
1284000 2133.9
1284010 2137.1
1284020 2142.0
1284030 2142.0
1284040 2147.4
1284050 2152.5
1284060 2152.5
1284070 2157.1
1284080 2161.0
1284090 2161.0
1284100 2165.0
1284110 2169.9
1284120 2169.9
1284130 2175.4
1284140 2181.5
1284150 2181.5
1284160 2188.7
1284170 2195.0
1284180 2199.9
1284190 2199.9
1284200 2204.3
1284210 2207.0
1284220 2207.0
1284230 2209.3
1284240 2212.0
1284250 2212.0
1284260 2214.7
1284270 2217.1
1284280 2217.1
1284290 2219.1
1284300 2221.2
1284310 2221.2
1284320 2225.0
1284330 2229.0
1284340 2229.0
1284350 2234.2
1284360 2240.0
1284370 2240.0
1284380 2246.5
1284390 2253.3
1284400 2258.4
1284410 2258.4
1284420 2262.8
1284430 2267.9
1284440 2267.9
1284450 2273.4
1284460 2277.2
1284470 2277.2
1284480 2280.5
1284490 2285.5
1284500 2285.5
1284510 2292.2
1284520 2298.7
1284530 2298.7
1284540 2303.5
1284550 2304.1
1284560 2304.1
1284570 2300.6
1284580 2296.5
1284590 2290.8
1284600 2290.8
1284610 2277.4
1284620 2270.7
1284630 2270.7
1284640 2269.4
1284650 2264.4
1284660 2264.4
1284670 2261.1
1284680 2258.7
1284690 2258.7
1284700 2256.6
1284710 2255.5
1284720 2255.5
1284730 2255.4
1284740 2254.8
1284750 2254.8
1284760 2253.7
1284770 2254.6
1284780 2254.6
1284790 2257.7
1284800 2260.8
1284810 2263.2
1284820 2263.2
1284830 2264.6
1284840 2270.1
1284850 2270.1
1284860 2276.2
1284870 2280.0
1284880 2280.0
1284890 2283.5
1284900 2287.9
1284910 2287.9
1284920 2292.9
1284930 2298.4
1284940 2298.4
1284950 2303.5
1284960 2302.9
1284970 2302.9
1284980 2289.3
1284990 2277.6
1285000 2277.6
1285010 2268.6
1285020 2259.7
1285030 2252.0
1285040 2252.0
1285050 2245.8
1285060 2241.8
1285070 2241.8
1285080 2239.1
1285090 2236.2
1285100 2236.2
1285110 2233.4
1285120 2234.6
1285130 2234.6
1285140 2236.1
1285150 2237.7
1285160 2237.7
1285170 2239.4
1285180 2235.5
1285190 2235.5
1285200 2222.4
1285210 2208.0
1285220 2195.6
1285230 2195.6
1285240 2190.6
1285250 2190.1
1285260 2190.1
1285270 2197.4
1285280 2197.0
1285290 2197.0
1285300 2196.6
1285310 2195.7
1285320 2195.7
1285330 2195.7
1285340 2195.7
1285350 2195.7
1285360 2196.1
1285370 2195.4
1285380 2195.4
1285390 2193.4
1285400 2192.5
1285410 2192.5
1285420 2190.5
1285430 2183.0
1285440 2180.3
1285450 2180.3
1285460 2182.1
1285470 2182.4
1285480 2182.4
1285490 2181.6
1285500 2178.9
1285510 2178.9
1285520 2175.8
1285530 2173.0
1285540 2173.0
1285550 2171.0
1285560 2169.0
1285570 2169.0
1285580 2166.9
1285590 2164.9
1285600 2164.9
1285610 2163.4
1285620 2161.9
1285630 2161.9
1285640 2161.5
1285650 2160.9
1285660 2160.4
1285670 2160.4
1285680 2159.8
1285690 2159.1
1285700 2159.1
1285710 2159.0
1285720 2160.5
1285730 2160.5
1285740 2163.6
1285750 2166.7
1285760 2166.7
1285770 2170.1
1285780 2171.9
1285790 2171.9
1285800 2172.8
1285810 2174.7
1285820 2174.7
1285830 2177.1
1285840 2180.3
1285850 2183.1
1285860 2183.1
1285870 2185.9
1285880 2188.9
1285890 2188.9
1285900 2191.9
1285910 2196.9
1285920 2196.9
1285930 2200.0
1285940 2202.9
1285950 2202.9
1285960 2205.3
1285970 2208.2
1285980 2208.2
1285990 2212.0
1286000 2216.2
1286010 2216.2
1286020 2221.8
1286030 2228.0
1286040 2228.0
1286050 2235.7
1286060 2241.6
1286070 2246.3
1286080 2246.3
1286090 2251.2
1286100 2255.6
1286110 2255.6
1286120 2260.4
1286130 2266.5
1286140 2266.5
1286150 2274.3
1286160 2283.3
1286170 2283.3
1286180 2291.0
1286190 2296.8
1286200 2296.8
1286210 2302.7
1286220 2308.4
1286230 2308.4
1286240 2314.1
1286250 2319.5
1286260 2319.5
1286270 2325.2
1286280 2330.8
1286290 2336.6
1286300 2336.6
1286310 2341.1
1286320 2340.4
1286330 2340.4
1286340 2329.6
1286350 2317.1
1286360 2317.1
1286370 2306.1
1286380 2301.6
1286390 2301.6
1286400 2295.1
1286410 2294.9
1286420 2294.9
1286430 2293.0
1286440 2291.4
1286450 2291.4
1286460 2289.3
1286470 2287.1
1286480 2287.1
1286490 2283.9
1286500 2279.0
1286510 2274.8
1286520 2274.8
1286530 2270.1
1286540 2265.9
1286550 2272.2
1286560 2269.0
1286570 2269.1
1286580 2269.1
1286590 2271.1
1286600 2271.8
1286610 2271.8
1286620 2268.7
1286630 2264.9
1286640 2264.9
1286650 2260.7
1286660 2250.3
1286670 2250.3
1286680 2242.8
1286690 2237.1
1286700 2230.7
1286710 2230.7
1286720 2228.3
1286730 2220.4
1286740 2220.4
1286750 2212.4
1286760 2205.4
1286770 2205.4
1286780 2197.0
1286790 2190.9
1286800 2190.9
1286810 2185.0
1286820 2166.5
1286830 2166.5
1286840 2152.4
1286850 2143.0
1286860 2143.0
1286870 2124.6
1286880 2114.5
1286890 2114.5
1286900 2106.7
1286910 2099.3
1286920 2093.5
1286930 2093.5
1286940 2087.6
1286950 2081.3
1286960 2081.3
1286970 2075.5
1286980 2069.7
1286990 2069.7
1287000 2063.3
1287010 2056.9
1287020 2056.9
1287030 2050.8
1287040 2044.2
1287050 2044.2
1287060 2037.6
1287070 2031.4
1287080 2031.4
1287090 2025.8
1287100 2020.3
1287110 2020.3
1287120 2017.5
1287130 2018.0
1287140 2017.3
1287150 2017.3
1287160 2016.1
1287170 2015.6
1287180 2015.6
1287190 2024.2
1287200 2025.8
1287210 2025.8
1287220 2025.2
1287230 2017.6
1287240 2017.6
1287250 1999.1
1287260 1977.2
1287270 1977.2
1287280 1956.0
1287290 1935.3
1287300 1935.3
1287310 1926.2
1287320 1918.3
1287330 1910.7
1287340 1910.7
1287350 1903.2
1287360 1895.2
1287370 1895.2
1287380 1888.9
1287390 1890.5
1287400 1890.5
1287410 1895.2
1287420 1899.5
1287430 1899.5
1287440 1903.1
1287450 1906.6
1287460 1906.6
1287470 1910.9
1287480 1915.4
1287490 1915.4
1287500 1919.0
1287510 1921.9
1287520 1921.9
1287530 1922.7
1287540 1921.9
1287550 1924.7
1287560 1924.7
1287570 1925.9
1287580 1924.7
1287590 1924.7
1287600 1923.5
1287610 1924.9
1287620 1924.9
1287630 1926.8
1287640 1929.2
1287650 1929.2
1287660 1933.5
1287670 1935.0
1287680 1935.0
1287690 1935.7
1287700 1937.0
1287710 1937.0
1287720 1937.9
1287730 1937.8
1287740 1937.8
1287750 1938.5
1287760 1940.3
1287770 1942.2
1287780 1942.2
1287790 1943.7
1287800 1944.5
1287810 1944.5
1287820 1943.7
1287830 1948.5
1287840 1948.5
1287850 1948.3
1287860 1947.8
1287870 1947.8
1287880 1946.9
1287890 1947.8
1287900 1947.8
1287910 1949.4
1287920 1950.3
1287930 1950.3
1287940 1956.4
1287950 1967.6
1287960 1976.2
1287970 1976.2
1287980 1981.8
1287990 1986.4
1288000 1986.4
1288010 1992.5
1288020 1998.2
1288030 1998.2
1288040 2004.3
1288050 2010.3
1288060 2010.3
1288070 2016.4
1288080 2023.4
1288090 2023.4
1288100 2029.2
1288110 2033.9
1288120 2033.9
1288130 2039.4
1288140 2045.2
1288150 2045.2
1288160 2050.9
1288170 2056.1
1288180 2061.6
1288190 2061.6
1288200 2067.1
1288210 2072.9
1288220 2072.9
1288230 2078.6
1288240 2084.4
1288250 2084.4
1288260 2085.7
1288270 2070.4
1288280 2070.4
1288290 2061.1
1288300 2055.3
1288310 2055.3
1288320 2050.6
1288330 2046.2
1288340 2046.2
1288350 2043.3
1288360 2040.9
1288370 2040.9
1288380 2038.8
1288390 2037.4
1288400 2037.9
1288410 2037.9
1288420 2039.7
1288430 2040.7
1288440 2040.7
1288450 2040.5
1288460 2041.9
1288470 2041.9
1288480 2044.8
1288490 2045.5
1288500 2045.5
1288510 2047.2
1288520 2049.7
1288530 2049.7
1288540 2050.2
1288550 2048.0
1288560 2048.0
1288570 2045.4
1288580 2046.0
1288590 2046.0
1288600 2046.0
1288610 2038.9
1288620 2032.8
1288630 2032.8
1288640 2028.7
1288650 2024.3
1288660 2024.3
1288670 2020.9
1288680 2018.7
1288690 2018.7
1288700 2021.2
1288710 2023.7
1288720 2023.7
1288730 2026.8
1288740 2030.5
1288750 2030.5
1288760 2034.9
1288770 2039.8
1288780 2039.8
1288790 2044.2
1288800 2046.2
1288810 2045.5
1288820 2045.5
1288830 2049.7
1288840 2055.4
1288850 2055.4
1288860 2060.2
1288870 2065.5
1288880 2065.5
1288890 2071.4
1288900 2077.0
1288910 2077.0
1288920 2078.0
1288930 2078.6
1288940 2078.6
1288950 2069.9
1288960 2057.3
1288970 2057.3
1288980 2042.2
1288990 2033.7
1289000 2033.7
1289010 2031.1
1289020 2021.9
1289030 2011.4
1289040 2011.4
1289050 2005.4
1289060 2000.0
1289070 2000.0
1289080 1994.1
1289090 1991.2
1289100 1991.2
1289110 1992.5
1289120 1997.7
1289130 1997.7
1289140 1993.4
1289150 1991.0
1289160 1991.0
1289170 1984.6
1289180 1970.5
1289190 1970.5
1289200 1950.6
1289210 1930.7
1289220 1909.4
1289230 1909.4
1289240 1902.2
1289250 1906.5
1289260 1906.5
1289270 1895.2
1289280 1879.2
1289290 1879.2
1289300 1871.9
1289310 1874.1
1289320 1874.1
1289330 1870.9
1289340 1864.0
1289350 1864.0
1289360 1856.9
1289370 1847.5
1289380 1847.5
1289390 1839.8
1289400 1839.0
1289410 1839.0
1289420 1836.1
1289430 1831.3
1289440 1827.6
1289450 1827.6
1289460 1823.7
1289470 1820.5
1289480 1820.5
1289490 1818.2
1289500 1815.9
1289510 1815.9
1289520 1812.5
1289530 1808.9
1289540 1808.9
1289550 1802.5
1289560 1791.9
1289570 1791.9
1289580 1786.2
1289590 1787.3
1289600 1787.3
1289610 1785.7
1289620 1787.9
1289630 1787.9
1289640 1790.1
1289650 1791.0
1289660 1791.2
1289670 1791.2
1289680 1789.9
1289690 1788.1
1289700 1788.1
1289710 1785.8
1289720 1783.6
1289730 1783.6
1289740 1782.3
1289750 1782.0
1289760 1782.0
1289770 1786.2
1289780 1785.2
1289790 1785.2
1289800 1784.2
1289810 1782.4
1289820 1782.4
1289830 1780.8
1289840 1780.0
1289850 1778.8
1289860 1778.8
1289870 1778.4
1289880 1776.2
1289890 1776.2
1289900 1769.1
1289910 1772.0
1289920 1772.0
1289930 1779.9
1289940 1785.8
1289950 1785.8
1289960 1790.8
1289970 1795.9
1289980 1795.9
1289990 1798.5
1290000 1798.8
1290010 1798.8
1290020 1798.9
1290030 1799.7
1290040 1799.7
1290050 1800.4
1290060 1799.7
1290070 1797.5
1290080 1797.5
1290090 1793.9
1290100 1789.4
1290110 1789.4
1290120 1783.1
1290130 1777.9
1290140 1777.9
1290150 1772.0
1290160 1765.3
1290170 1765.3
1290180 1763.2
1290190 1762.0
1290200 1762.0
1290210 1763.3
1290220 1764.8
1290230 1764.8
1290240 1766.8
1290250 1769.4
1290260 1769.4
1290270 1771.6
1290280 1771.3
1290290 1764.6
1290300 1764.6
1290310 1758.2
1290320 1760.3
1290330 1760.3
1290340 1769.9
1290350 1778.8
1290360 1778.8
1290370 1782.5
1290380 1784.2
1290390 1784.2
1290400 1784.0
1290410 1780.9
1290420 1784.6
1290430 1785.0
1290440 1787.9
1290450 1787.9
1290460 1791.8
1290470 1796.4
1290480 1802.1
1290490 1802.1
1290500 1806.6
1290510 1808.9
1290520 1808.9
1290530 1811.1
1290540 1814.5
1290550 1814.5
1290560 1818.5
1290570 1821.9
1290580 1821.9
1290590 1826.1
1290600 1831.6
1290610 1831.6
1290620 1838.1
1290630 1842.8
1290640 1842.8
1290650 1846.8
1290660 1851.7
1290670 1851.7
1290680 1857.4
1290690 1863.4
1290700 1870.2
1290710 1870.2
1290720 1877.9
1290730 1885.0
1290740 1885.0
1290750 1891.7
1290760 1898.5
1290770 1898.5
1290780 1906.2
1290790 1914.1
1290800 1914.1
1290810 1922.7
1290820 1930.5
1290830 1930.5
1290840 1936.6
1290850 1942.5
1290860 1942.5
1290870 1947.8
1290880 1952.4
1290890 1956.4
1290900 1956.4
1290910 1960.1
1290920 1963.7
1290930 1963.7
1290940 1967.3
1290950 1970.9
1290960 1970.9
1290970 1974.4
1290980 1978.1
1290990 1978.1
1291000 1981.9
1291010 1985.8
1291020 1985.8
1291030 1989.8
1291040 1993.9
1291050 1993.9
1291060 1997.7
1291070 2001.1
1291080 1999.9
1291090 2003.1
1291100 2006.2
1291110 2009.4
1291120 2009.4
1291130 2013.0
1291140 2016.2
1291150 2016.2
1291160 2018.9
1291170 2021.4
1291180 2021.4
1291190 2024.1
1291200 2027.2
1291210 2027.2
1291220 2030.6
1291230 2034.6
1291240 2034.6
1291250 2039.2
1291260 2044.1
1291270 2044.1
1291280 2047.8
1291290 2050.8
1291300 2050.8
1291310 2053.7
1291320 2056.7
1291330 2059.8
1291340 2059.8
1291350 2063.5
1291360 2067.3
1291370 2067.3
1291380 2070.5
1291390 2073.5
1291400 2073.5
1291410 2076.2
1291420 2079.0
1291430 2079.0
1291440 2082.5
1291450 2086.4
1291460 2086.4
1291470 2090.4
1291480 2094.6
1291490 2094.6
1291500 2098.5
1291510 2101.9
1291520 2105.0
1291530 2105.0
1291540 2107.8
1291550 2110.7
1291560 2110.7
1291570 2114.2
1291580 2116.9
1291590 2116.9
1291600 2120.5
1291610 2125.0
1291620 2125.0
1291630 2128.8
1291640 2131.9
1291650 2131.9
1291660 2135.3
1291670 2138.7
1291680 2138.7
1291690 2142.3
1291700 2146.2
1291710 2146.2
1291720 2150.3
1291730 2154.2
1291740 2158.3
1291750 2158.3
1291760 2164.3
1291770 2171.0
1291780 2171.0
1291790 2177.0
1291800 2181.9
1291810 2181.9
1291820 2186.3
1291830 2190.9
1291840 2190.9
1291850 2195.8
1291860 2199.9
1291870 2199.9
1291880 2202.3
1291890 2203.8
1291900 2203.8
1291910 2205.4
1291920 2207.6
1291930 2207.6
1291940 2210.2
1291950 2212.8
1291960 2215.4
1291970 2215.4
1291980 2218.1
1291990 2222.2
1292000 2222.2
1292010 2228.3
1292020 2235.5
1292030 2235.5
1292040 2242.9
1292050 2250.3
1292060 2250.3
1292070 2258.9
1292080 2269.3
1292090 2269.3
1292100 2282.2
1292110 2294.1
1292120 2294.1
1292130 2305.6
1292140 2314.3
1292150 2319.5
1292160 2319.5
1292170 2323.0
1292180 2324.1
1292190 2324.1
1292200 2323.6
1292210 2324.1
1292220 2324.1
1292230 2325.0
1292240 2326.2
1292250 2326.2
1292260 2327.6
1292270 2328.6
1292280 2328.6
1292290 2329.5
1292300 2331.4
1292310 2331.4
1292320 2332.6
1292330 2335.0
1292340 2335.0
1292350 2338.2
1292360 2341.4
1292370 2343.9
1292380 2343.9
1292390 2341.1
1292400 2343.6
1292410 2343.6
1292420 2345.5
1292430 2348.2
1292440 2348.2
1292450 2350.8
1292460 2354.1
1292470 2354.1
1292480 2357.2
1292490 2360.5
1292500 2360.5
1292510 2365.5
1292520 2370.1
1292530 2370.1
1292540 2374.4
1292550 2378.1
1292560 2378.1
1292570 2381.8
1292580 2386.2
1292590 2392.2
1292600 2392.2
1292610 2397.4
1292620 2401.5
1292630 2401.5
1292640 2404.7
1292650 2408.0
1292660 2408.0
1292670 2411.7
1292680 2415.8
1292690 2415.8
1292700 2420.3
1292710 2425.5
1292720 2425.5
1292730 2429.7
1292740 2434.0
1292750 2434.0
1292760 2438.6
1292770 2444.3
1292780 2448.8
1292790 2448.8
1292800 2452.9
1292810 2456.8
1292820 2456.8
1292830 2460.8
1292840 2464.0
1292850 2464.0
1292860 2468.1
1292870 2471.4
1292880 2471.4
1292890 2474.9
1292900 2479.3
1292910 2479.3
1292920 2482.3
1292930 2484.5
1292940 2484.5
1292950 2486.3
1292960 2489.4
1292970 2489.4
1292980 2493.3
1292990 2498.0
1293000 2502.3
1293010 2502.3
1293020 2506.1
1293030 2510.5
1293040 2510.5
1293050 2512.6
1293060 2516.7
1293070 2516.7
1293080 2520.5
1293090 2523.8
1293100 2523.8
1293110 2526.6
1293120 2529.7
1293130 2529.7
1293140 2532.9
1293150 2537.1
1293160 2537.1
1293170 2541.3
1293180 2545.5
1293190 2545.5
1293200 2549.7
1293210 2554.1
1293220 2558.8
1293230 2558.8
1293240 2564.3
1293250 2570.0
1293260 2570.0
1293270 2575.6
1293280 2580.8
1293290 2580.8
1293300 2586.5
1293310 2592.0
1293320 2592.0
1293330 2597.3
1293340 2602.3
1293350 2602.3
1293360 2607.5
1293370 2613.1
1293380 2613.1
1293390 2618.7
1293400 2624.8
1293410 2630.7
1293420 2630.7
1293430 2636.3
1293440 2641.6
1293450 2641.6
1293460 2646.7
1293470 2653.0
1293480 2653.0
1293490 2665.0
1293500 2682.0
1293510 2682.0
1293520 2700.1
1293530 2712.9
1293540 2712.9
1293550 2721.7
1293560 2729.5
1293570 2729.5
1293580 2736.4
1293590 2743.5
1293600 2743.5
1293610 2751.1
1293620 2759.6
1293630 2768.4
1293640 2768.4
1293650 2781.2
1293660 2789.6
1293670 2789.6
1293680 2797.1
1293690 2805.6
1293700 2805.6
1293710 2811.9
1293720 2818.7
1293730 2818.7
1293740 2825.0
1293750 2831.9
1293760 2831.9
1293770 2839.4
1293780 2848.9
1293790 2848.9
1293800 2859.4
1293810 2867.6
1293820 2867.6
1293830 2876.1
1293840 2885.5
1293850 2895.2
1293860 2895.2
1293870 2902.8
1293880 2909.7
1293890 2909.7
1293900 2916.5
1293910 2923.5
1293920 2923.5
1293930 2931.0
1293940 2939.0
1293950 2939.0
1293960 2947.8
1293970 2955.3
1293980 2955.3
1293990 2963.3
1294000 2972.1
1294010 2972.1
1294020 2982.5
1294030 2990.4
1294040 3000.6
1294050 3000.6
1294060 3010.8
1294070 3022.1
1294080 3022.1
1294090 3035.7
1294100 3047.1
1294110 3047.1
1294120 3051.7
1294130 3054.1
1294140 3054.1
1294150 3054.9
1294160 3055.9
1294170 3055.9
1294180 3057.1
1294190 3057.7
1294200 3057.7
1294210 3058.7
1294220 3061.0
1294230 3061.0
1294240 3048.5
1294250 3034.9
1294260 3036.6
1294270 3036.6
1294280 3036.4
1294290 3017.7
1294300 3017.7
1294310 3007.4
1294320 3002.1
1294330 3002.1
1294340 3009.2
1294350 3021.8
1294360 3021.8
1294370 3036.8
1294380 3078.7
1294390 3078.7
1294400 3108.9
1294410 3136.1
1294420 3136.1
1294430 3155.3
1294440 3173.0
1294450 3173.0
1294460 3188.3
1294470 3206.3
1294480 3219.2
1294490 3219.2
1294500 3220.1
1294510 3216.5
1294520 3216.5
1294530 3211.5
1294540 3206.2
1294550 3206.2
1294560 3200.6
1294570 3194.2
1294580 3194.2
1294590 3188.1
1294600 3181.6
1294610 3181.6
1294620 3174.2
1294630 3167.9
1294640 3167.9
1294650 3162.0
1294660 3155.5
1294670 3150.4
1294680 3150.4
1294690 3145.7
1294700 3141.2
1294710 3141.2
1294720 3137.1
1294730 3133.1
1294740 3133.1
1294750 3129.6
1294760 3124.6
1294770 3124.6
1294780 3119.4
1294790 3113.9
1294800 3113.9
1294810 3109.5
1294820 3107.3
1294830 3107.3
1294840 3105.4
1294850 3104.4
1294860 3104.4
1294870 3103.2
1294880 3102.3
1294890 3099.7
1294900 3099.7
1294910 3097.0
1294920 3096.2
1294930 3096.2
1294940 3095.8
1294950 3096.2
1294960 3096.2
1294970 3097.7
1294980 3099.5
1294990 3099.5
1295000 3101.6
1295010 3103.6
1295020 3103.6
1295030 3105.2
1295040 3091.7
1295050 3091.7
1295060 3090.3
1295070 3089.9
1295080 3089.9
1295090 3091.4
1295100 3093.1
1295110 3095.5
1295120 3095.5
1295130 3100.1
1295140 3105.6
1295150 3105.6
1295160 3111.1
1295170 3114.8
1295180 3114.8
1295190 3115.6
1295200 3115.0
1295210 3115.0
1295220 3113.9
1295230 3112.4
1295240 3112.4
1295250 3112.5
1295260 3113.2
1295270 3113.2
1295280 3115.2
1295290 3118.3
1295300 3121.4
1295310 3121.4
1295320 3123.9
1295330 3126.6
1295340 3126.6
1295350 3129.2
1295360 3131.2
1295370 3131.2
1295380 3133.6
1295390 3135.3
1295400 3135.3
1295410 3136.7
1295420 3138.6
1295430 3138.6
1295440 3140.3
1295450 3142.2
1295460 3142.2
1295470 3144.3
1295480 3146.4
1295490 3146.4
1295500 3148.5
1295510 3150.4
1295520 3152.1
1295530 3152.1
1295540 3154.0
1295550 3156.2
1295560 3156.2
1295570 3158.5
1295580 3160.4
1295590 3160.4
1295600 3162.0
1295610 3163.4
1295620 3163.4
1295630 3164.6
1295640 3165.7
1295650 3165.7
1295660 3166.8
1295670 3168.0
1295680 3168.0
1295690 3169.1
1295700 3170.1
1295710 3165.9
1295720 3167.1
1295730 3168.0
1295740 3168.2
1295750 3168.2
1295760 3167.0
1295770 3166.9
1295780 3166.9
1295790 3170.3
1295800 3175.9
1295810 3175.9
1295820 3179.1
1295830 3181.9
1295840 3181.9
1295850 3184.7
1295860 3187.4
1295870 3187.4
1295880 3190.4
1295890 3193.1
1295900 3193.1
1295910 3195.4
1295920 3197.3
1295930 3199.2
1295940 3199.2
1295950 3202.6
1295960 3207.0
1295970 3207.0
1295980 3212.2
1295990 3219.3
1296000 3219.3
1296010 3230.5
1296020 3247.4
1296030 3247.4
1296040 3265.2
1296050 3275.8
1296060 3275.8
1296070 3280.7
1296080 3275.5
1296090 3275.5
1296100 3258.9
1296110 3243.4
1296120 3243.4
1296130 3229.7
1296140 3214.0
1296150 3196.4
1296160 3196.4
1296170 3177.6
1296180 3161.8
1296190 3161.8
1296200 3138.8
1296210 3124.4
1296220 3124.4
1296230 3117.7
1296240 3111.3
1296250 3111.3
1296260 3105.0
1296270 3099.1
1296280 3099.1
1296290 3093.3
1296300 3087.6
1296310 3087.6
1296320 3081.8
1296330 3076.9
1296340 3076.9
1296350 3073.1
1296360 3067.5
1296370 3062.1
1296380 3062.1
1296390 3052.7
1296400 3048.7
1296410 3048.7
1296420 3045.1
1296430 3041.6
1296440 3041.6
1296450 3036.9
1296460 3032.0
1296470 3032.0
1296480 3027.8
1296490 3024.5
1296500 3024.5
1296510 3021.5
1296520 3018.5
1296530 3018.5
1296540 3014.7
1296550 3010.5
1296560 3006.6
1296570 3006.6
1296580 3001.9
1296590 2997.5
1296600 2997.5
1296610 2991.6
1296620 2986.3
1296630 2986.3
1296640 2981.3
1296650 2976.1
1296660 2976.1
1296670 2971.0
1296680 2965.9
1296690 2965.9
1296700 2960.9
1296710 2956.2
1296720 2956.2
1296730 2951.4
1296740 2945.5
1296750 2945.5
1296760 2938.3
1296770 2932.1
1296780 2925.6
1296790 2925.6
1296800 2917.3
1296810 2908.0
1296820 2908.0
1296830 2898.3
1296840 2892.1
1296850 2892.1
1296860 2888.0
1296870 2881.1
1296880 2881.1
1296890 2875.0
1296900 2869.4
1296910 2869.4
1296920 2866.2
1296930 2867.5
1296940 2867.5
1296950 2862.5
1296960 2848.4
1296970 2848.4
1296980 2835.1
1296990 2825.6
1297000 2818.8
1297010 2818.8
1297020 2810.6
1297030 2801.4
1297040 2801.4
1297050 2792.1
1297060 2801.5
1297070 2801.5
1297080 2790.1
1297090 2780.6
1297100 2780.6
1297110 2773.3
1297120 2766.4
1297130 2766.4
1297140 2761.1
1297150 2757.1
1297160 2757.1
1297170 2753.7
1297180 2750.3
1297190 2747.2
1297200 2747.2
1297210 2744.8
1297220 2742.9
1297230 2742.9
1297240 2742.1
1297250 2742.6
1297260 2742.6
1297270 2744.1
1297280 2743.1
1297290 2743.1
1297300 2738.0
1297310 2733.8
1297320 2733.8
1297330 2730.0
1297340 2724.3
1297350 2724.3
1297360 2717.9
1297370 2710.9
1297380 2710.9
1297390 2703.1
1297400 2695.5
1297410 2690.1
1297420 2690.1
1297430 2684.9
1297440 2680.3
1297450 2680.3
1297460 2676.3
1297470 2672.0
1297480 2672.0
1297490 2667.4
1297500 2662.8
1297510 2662.8
1297520 2658.0
1297530 2653.2
1297540 2653.2
1297550 2648.0
1297560 2642.6
1297570 2642.6
1297580 2637.3
1297590 2631.3
1297600 2631.3
1297610 2624.5
1297620 2617.7
1297630 2610.9
1297640 2610.9
1297650 2603.8
1297660 2597.2
1297670 2597.2
1297680 2591.0
1297690 2586.2
1297700 2586.2
1297710 2583.2
1297720 2579.3
1297730 2579.3
1297740 2578.6
1297750 2574.5
1297760 2574.5
1297770 2570.4
1297780 2565.7
1297790 2565.7
1297800 2561.9
1297810 2557.2
1297820 2552.2
1297830 2552.2
1297840 2548.4
1297850 2544.4
1297860 2544.4
1297870 2541.2
1297880 2537.3
1297890 2537.3
1297900 2533.1
1297910 2529.2
1297920 2529.2
1297930 2525.3
1297940 2520.9
1297950 2520.9
1297960 2516.8
1297970 2514.9
1297980 2514.9
1297990 2510.7
1298000 2506.0
1298010 2506.0
1298020 2503.1
1298030 2499.5
1298040 2495.7
1298050 2495.7
1298060 2491.6
1298070 2488.0
1298080 2488.0
1298090 2484.0
1298100 2479.6
1298110 2479.6
1298120 2475.5
1298130 2472.4
1298140 2472.4
1298150 2468.8
1298160 2466.1
1298170 2466.1
1298180 2464.5
1298190 2461.8
1298200 2461.8
1298210 2459.7
1298220 2456.9
1298230 2456.9
1298240 2453.3
1298250 2448.4
1298260 2443.6
1298270 2443.6
1298280 2439.4
1298290 2435.6
1298300 2435.6
1298310 2432.9
1298320 2430.5
1298330 2430.5
1298340 2427.5
1298350 2424.2
1298360 2424.2
1298370 2421.2
1298380 2418.2
1298390 2418.2
1298400 2414.9
1298410 2411.3
1298420 2415.5
1298430 2411.9
1298440 2408.2
1298450 2404.2
1298460 2404.2
1298470 2400.3
1298480 2396.6
1298490 2396.6
1298500 2393.2
1298510 2390.2
1298520 2390.2
1298530 2388.8
1298540 2388.8
1298550 2388.8
1298560 2386.7
1298570 2383.8
1298580 2383.8
1298590 2381.2
1298600 2378.7
1298610 2378.7
1298620 2376.5
1298630 2374.9
1298640 2374.9
1298650 2372.2
1298660 2367.8
1298670 2363.2
1298680 2363.2
1298690 2360.4
1298700 2356.9
1298710 2356.9
1298720 2351.8
1298730 2345.8
1298740 2345.8
1298750 2340.7
1298760 2335.4
1298770 2335.4
1298780 2329.7
1298790 2324.8
1298800 2324.8
1298810 2320.3
1298820 2315.8
1298830 2315.8
1298840 2310.2
1298850 2304.0
1298860 2304.0
1298870 2298.2
1298880 2293.9
1298890 2288.7
1298900 2288.7
1298910 2283.6
1298920 2279.2
1298930 2279.2
1298940 2274.3
1298950 2270.0
1298960 2270.0
1298970 2265.8
1298980 2261.3
1298990 2261.3
1299000 2257.3
1299010 2253.6
1299020 2253.6
1299030 2250.3
1299040 2247.6
1299050 2247.6
1299060 2244.0
1299070 2240.5
1299080 2236.6
1299090 2236.6
1299100 2241.4
1299110 2240.5
1299120 2240.5
1299130 2237.6
1299140 2232.4
1299150 2232.4
1299160 2227.6
1299170 2225.1
1299180 2225.1
1299190 2222.5
1299200 2218.4
1299210 2218.4
1299220 2212.0
1299230 2204.3
1299240 2204.3
1299250 2197.5
1299260 2192.0
1299270 2192.0
1299280 2186.6
1299290 2181.1
1299300 2176.9
1299310 2176.9
1299320 2173.4
1299330 2169.9
1299340 2169.9
1299350 2166.4
1299360 2163.0
1299370 2163.0
1299380 2160.2
1299390 2158.0
1299400 2158.0
1299410 2154.6
1299420 2150.0
1299430 2150.0
1299440 2145.5
1299450 2142.6
1299460 2142.6
1299470 2139.2
1299480 2134.5
1299490 2134.5
1299500 2127.9
1299510 2122.4
1299520 2118.4
1299530 2118.4
1299540 2116.7
1299550 2115.0
1299560 2115.0
1299570 2113.2
1299580 2110.6
1299590 2110.6
1299600 2108.3
1299610 2105.2
1299620 2105.2
1299630 2101.2
1299640 2100.1
1299650 2100.1
1299660 2099.9
1299670 2097.3
1299680 2097.3
1299690 2095.0
1299700 2093.0
1299710 2090.0
1299720 2090.0
1299730 2088.0
1299740 2083.6
1299750 2083.6
1299760 2078.2
1299770 2076.4
1299780 2076.0
1299790 2073.2
1299800 2070.1
1299810 2070.1
1299820 2068.4
1299830 2067.2
1299840 2067.2
1299850 2066.5
1299860 2066.0
1299870 2066.0
1299880 2064.0
1299890 2061.2
1299900 2061.2
1299910 2058.8
1299920 2056.6
1299930 2053.4
1299940 2053.4
1299950 2050.2
1299960 2047.1
1299970 2047.1
1299980 2044.2
1299990 2041.6
