1280000 1607.9
1280010 1607.9
1280020 1612.6
1280030 1617.8
1280040 1617.8
1280050 1623.9
1280060 1628.8
1280070 1628.8
1280080 1633.2
1280090 1638.8
1280100 1638.8
1280110 1644.3
1280120 1647.7
1280130 1647.7
1280140 1649.6
1280150 1649.0
1280160 1648.4
1280170 1648.4
1280180 1646.8
1280190 1635.8
1280200 1635.8
1280210 1626.7
1280220 1626.3
1280230 1626.3
1280240 1627.0
1280250 1626.4
1280260 1626.4
1280270 1625.3
1280280 1626.4
1280290 1626.4
1280300 1628.0
1280310 1629.5
1280320 1629.5
1280330 1631.1
1280340 1623.6
1280350 1623.6
1280360 1624.6
1280370 1627.6
1280380 1631.8
1280390 1631.8
1280400 1636.1
1280410 1641.3
1280420 1641.3
1280430 1646.8
1280440 1648.2
1280450 1648.2
1280460 1648.3
1280470 1647.3
1280480 1647.3
1280490 1644.3
1280500 1638.9
1280510 1638.9
1280520 1633.5
1280530 1628.7
1280540 1628.7
1280550 1624.4
1280560 1620.3
1280570 1620.3
1280580 1615.7
1280590 1610.7
1280600 1605.6
1280610 1605.6
1280620 1600.6
1280630 1595.6
1280640 1595.6
1280650 1590.9
1280660 1586.1
1280670 1586.1
1280680 1582.1
1280690 1578.1
1280700 1578.1
1280710 1573.5
1280720 1569.1
1280730 1569.1
1280740 1565.1
1280750 1561.1
1280760 1561.1
1280770 1555.8
1280780 1550.8
1280790 1547.5
1280800 1547.5
1280810 1544.7
1280820 1542.4
1280830 1542.4
1280840 1540.9
1280850 1541.3
1280860 1541.3
1280870 1543.5
1280880 1547.3
1280890 1547.3
1280900 1551.3
1280910 1554.8
1280920 1554.8
1280930 1558.2
1280940 1561.3
1280950 1561.3
1280960 1565.3
1280970 1568.8
1280980 1568.8
1280990 1573.3
1281000 1578.2
1281010 1583.0
1281020 1583.0
1281030 1587.8
1281040 1593.0
1281050 1593.0
1281060 1598.1
1281070 1603.0
1281080 1603.0
1281090 1609.2
1281100 1615.2
1281110 1615.2
1281120 1620.2
1281130 1624.2
1281140 1624.2
1281150 1627.7
1281160 1630.9
1281170 1630.9
1281180 1634.7
1281190 1638.7
1281200 1638.7
1281210 1642.1
1281220 1645.4
1281230 1649.0
1281240 1649.0
1281250 1652.3
1281260 1655.3
1281270 1655.3
1281280 1658.5
1281290 1661.7
1281300 1661.7
1281310 1664.5
1281320 1667.7
1281330 1667.7
1281340 1670.9
1281350 1673.8
1281360 1673.8
1281370 1676.1
1281380 1678.3
1281390 1678.3
1281400 1680.7
1281410 1683.2
1281420 1683.2
1281430 1685.2
1281440 1687.1
1281450 1689.3
1281460 1689.3
1281470 1691.9
1281480 1695.1
1281490 1695.1
1281500 1698.0
1281510 1700.3
1281520 1700.3
1281530 1702.5
1281540 1704.5
1281550 1704.5
1281560 1706.0
1281570 1707.7
1281580 1707.7
1281590 1715.0
1281600 1718.7
1281610 1718.7
1281620 1722.0
1281630 1724.7
1281640 1727.1
1281650 1727.1
1281660 1729.4
1281670 1732.0
1281680 1732.0
1281690 1735.4
1281700 1738.7
1281710 1738.7
1281720 1742.5
1281730 1745.9
1281740 1745.9
1281750 1749.2
1281760 1752.2
1281770 1752.2
1281780 1754.8
1281790 1757.8
1281800 1757.8
1281810 1760.8
1281820 1763.8
1281830 1763.8
1281840 1766.6
1281850 1769.5
1281860 1772.1
1281870 1772.1
1281880 1774.7
1281890 1777.2
1281900 1777.2
1281910 1779.9
1281920 1783.0
1281930 1783.0
1281940 1785.6
1281950 1788.0
1281960 1788.0
1281970 1791.2
1281980 1794.1
1281990 1794.1
1282000 1797.3
1282010 1800.5
1282020 1800.5
1282030 1803.4
1282040 1806.3
1282050 1806.3
1282060 1809.1
1282070 1811.8
1282080 1814.4
1282090 1814.4
1282100 1816.6
1282110 1818.6
1282120 1818.6
1282130 1820.2
1282140 1822.2
1282150 1822.2
1282160 1823.7
1282170 1823.9
1282180 1823.9
1282190 1824.2
1282200 1824.8
1282210 1828.7
1282220 1829.4
1282230 1830.0
1282240 1830.0
1282250 1831.6
1282260 1833.8
1282270 1833.8
1282280 1835.2
1282290 1836.1
1282300 1836.7
1282310 1836.7
1282320 1836.8
1282330 1837.2
1282340 1837.2
1282350 1837.0
1282360 1836.6
1282370 1836.6
1282380 1836.7
1282390 1836.8
1282400 1836.8
1282410 1836.9
1282420 1836.8
1282430 1836.8
1282440 1835.9
1282450 1835.0
1282460 1835.0
1282470 1833.4
1282480 1831.7
1282490 1830.4
1282500 1830.4
1282510 1829.8
1282520 1829.7
1282530 1829.7
1282540 1828.9
1282550 1826.9
1282560 1826.9
1282570 1824.2
1282580 1821.7
1282590 1821.7
1282600 1819.6
1282610 1817.2
1282620 1817.2
1282630 1818.5
1282640 1820.0
1282650 1820.0
1282660 1822.3
1282670 1824.0
1282680 1824.0
1282690 1824.0
1282700 1822.9
1282710 1824.4
1282720 1824.4
1282730 1828.5
1282740 1832.0
1282750 1832.0
1282760 1835.4
1282770 1838.4
1282780 1838.4
1282790 1841.4
1282800 1844.1
1282810 1844.1
1282820 1846.5
1282830 1849.3
1282840 1851.4
1282850 1854.6
1282860 1858.5
1282870 1858.5
1282880 1862.6
1282890 1866.9
1282900 1866.9
1282910 1871.8
1282920 1877.1
1282930 1883.1
1282940 1883.1
1282950 1888.9
1282960 1894.5
1282970 1894.5
1282980 1899.3
1282990 1903.7
1283000 1903.7
1283010 1907.7
1283020 1912.2
1283030 1912.2
1283040 1917.0
1283050 1921.6
1283060 1921.6
1283070 1926.1
1283080 1930.4
1283090 1930.4
1283100 1934.4
1283110 1938.8
1283120 1942.9
1283130 1942.9
1283140 1946.2
1283150 1949.5
1283160 1949.5
1283170 1952.2
1283180 1955.3
1283190 1955.3
1283200 1958.4
1283210 1961.3
1283220 1961.3
1283230 1964.0
1283240 1965.8
1283250 1965.8
1283260 1967.6
1283270 1969.2
1283280 1969.2
1283290 1969.9
1283300 1970.4
1283310 1970.4
1283320 1970.9
1283330 1970.7
1283340 1969.3
1283350 1969.3
1283360 1967.9
1283370 1966.8
1283380 1966.8
1283390 1966.4
1283400 1965.4
1283410 1965.4
1283420 1963.9
1283430 1964.2
1283440 1964.2
1283450 1967.0
1283460 1969.0
1283470 1970.8
1283480 1972.3
1283490 1973.7
1283500 1973.7
1283510 1975.0
1283520 1977.6
1283530 1977.6
1283540 1981.4
1283550 1985.1
1283560 1988.5
1283570 1988.5
1283580 1992.0
1283590 1995.2
1283600 1995.2
1283610 1997.5
1283620 1998.9
1283630 1998.9
1283640 1999.0
1283650 1998.7
1283660 1998.7
1283670 2001.9
1283680 2004.7
1283690 2004.7
1283700 2007.0
1283710 2009.7
1283720 2009.7
1283730 2012.8
1283740 2016.3
1283750 2016.3
1283760 2019.4
1283770 2022.4
1283780 2024.2
1283790 2024.2
1283800 2023.9
1283810 2023.6
1283820 2023.6
1283830 2024.5
1283840 2026.5
1283850 2026.5
1283860 2029.5
1283870 2032.8
1283880 2032.8
1283890 2036.2
1283900 2040.0
1283910 2040.0
1283920 2044.0
1283930 2048.4
1283940 2048.4
1283950 2052.8
1283960 2057.5
1283970 2061.9
1283980 2061.9
1283990 2066.5
1284000 2071.3
1284010 2071.3
1284020 2076.2
1284030 2080.6
1284040 2080.6
1284050 2084.7
1284060 2089.2
1284070 2089.2
1284080 2093.3
1284090 2096.6
1284100 2097.9
1284110 2101.3
1284120 2103.9
1284130 2103.9
1284140 2105.9
1284150 2108.4
1284160 2108.4
1284170 2109.3
1284180 2104.7
1284190 2098.4
1284200 2098.4
1284210 2096.1
1284220 2095.5
1284230 2095.5
1284240 2090.9
1284250 2079.3
1284260 2079.3
1284270 2063.9
1284280 2056.4
1284290 2056.4
1284300 2050.9
1284310 2046.0
1284320 2046.0
1284330 2041.2
1284340 2033.9
1284350 2033.9
1284360 2028.4
1284370 2024.3
1284380 2024.3
1284390 2019.7
1284400 2014.0
1284410 2009.6
1284420 2009.6
1284430 2006.6
1284440 2004.7
1284450 2004.7
1284460 2002.7
1284470 2001.6
1284480 2001.6
1284490 2000.6
1284500 1998.5
1284510 1998.5
1284520 1998.3
1284530 1998.3
1284540 1998.3
1284550 1998.0
1284560 1998.5
1284570 1998.5
1284580 2000.7
1284590 2002.3
1284600 2003.7
1284610 2003.7
1284620 2005.2
1284630 2005.7
1284640 2005.7
1284650 2005.2
1284660 2004.7
1284670 2004.7
1284680 2003.8
1284690 2003.3
1284700 2003.3
1284710 2004.3
1284720 2006.1
1284730 2011.3
1284740 2011.4
1284750 2012.7
1284760 2012.7
1284770 2013.4
1284780 2015.5
1284790 2015.5
1284800 2010.5
1284810 1992.7
1284820 1984.6
1284830 1984.6
1284840 1977.8
1284850 1971.3
1284860 1971.3
1284870 1964.7
1284880 1958.3
1284890 1958.3
1284900 1954.3
1284910 1952.8
1284920 1952.8
1284930 1952.8
1284940 1954.9
1284950 1954.9
1284960 1956.2
1284970 1956.4
1284980 1956.4
1284990 1954.1
1285000 1948.4
1285010 1948.4
1285020 1942.1
1285030 1935.7
1285040 1929.7
1285050 1929.7
1285060 1924.0
1285070 1919.2
1285080 1919.2
1285090 1914.5
1285100 1910.3
1285110 1910.3
1285120 1908.7
1285130 1907.8
1285140 1907.8
1285150 1909.0
1285160 1910.8
1285170 1910.8
1285180 1912.8
1285190 1916.1
1285200 1916.1
1285210 1919.8
1285220 1920.7
1285230 1920.0
1285240 1920.0
1285250 1921.1
1285260 1923.2
1285270 1923.2
1285280 1924.6
1285290 1925.5
1285300 1925.5
1285310 1924.9
1285320 1924.8
1285330 1924.8
1285340 1925.7
1285350 1926.2
1285360 1926.2
1285370 1930.0
1285380 1932.0
1285390 1932.0
1285400 1933.4
1285410 1934.1
1285420 1934.1
1285430 1934.9
1285440 1936.6
1285450 1936.7
1285460 1936.7
1285470 1935.4
1285480 1935.2
1285490 1935.2
1285500 1935.3
1285510 1935.1
1285520 1935.1
1285530 1937.8
1285540 1942.5
1285550 1942.5
1285560 1947.2
1285570 1952.6
1285580 1952.6
1285590 1958.5
1285600 1964.2
1285610 1964.2
1285620 1967.2
1285630 1967.4
1285640 1967.4
1285650 1968.9
1285660 1973.2
1285670 1978.3
1285680 1978.3
1285690 1983.5
1285700 1989.2
1285710 1989.2
1285720 1995.3
1285730 2001.5
1285740 2001.5
1285750 2007.9
1285760 2014.5
1285770 2014.5
1285780 2020.9
1285790 2027.4
1285800 2027.4
1285810 2034.2
1285820 2041.3
1285830 2041.3
1285840 2048.4
1285850 2055.7
1285860 2055.7
1285870 2062.9
1285880 2068.8
1285890 2073.0
1285900 2073.0
1285910 2070.3
1285920 2066.1
1285930 2066.1
1285940 2066.0
1285950 2066.1
1285960 2066.1
1285970 2063.1
1285980 2058.6
1285990 2058.6
1286000 2050.5
1286010 2051.3
1286020 2051.3
1286030 2042.3
1286040 2031.7
1286050 2031.7
1286060 2020.9
1286070 2010.5
1286080 2002.3
1286090 2002.3
1286100 1995.8
1286110 1989.5
1286120 1989.5
1286130 1980.4
1286140 1970.5
1286150 1970.5
1286160 1964.2
1286170 1958.9
1286180 1958.9
1286190 1952.9
1286200 1948.4
1286210 1948.4
1286220 1946.2
1286230 1947.1
1286240 1947.1
1286250 1948.1
1286260 1946.7
1286270 1946.7
1286280 1942.9
1286290 1938.0
1286300 1934.5
1286310 1934.5
1286320 1929.8
1286330 1925.1
1286340 1925.1
1286350 1920.9
1286360 1920.0
1286370 1920.0
1286380 1919.8
1286390 1918.2
1286400 1918.2
1286410 1917.4
1286420 1917.9
1286430 1917.9
1286440 1918.0
1286450 1919.3
1286460 1919.3
1286470 1923.7
1286480 1929.5
1286490 1929.5
1286500 1935.9
1286510 1939.1
1286520 1943.9
1286530 1943.9
1286540 1952.7
1286550 1956.0
1286560 1956.0
1286570 1953.2
1286580 1948.9
1286590 1948.9
1286600 1941.9
1286610 1933.7
1286620 1933.7
1286630 1929.9
1286640 1930.4
1286650 1930.4
1286660 1919.3
1286670 1910.5
1286680 1910.5
1286690 1904.9
1286700 1900.3
1286710 1896.7
1286720 1896.7
1286730 1894.3
1286740 1894.2
1286750 1894.2
1286760 1893.8
1286770 1893.6
1286780 1893.6
1286790 1894.2
1286800 1895.3
1286810 1895.3
1286820 1894.4
1286830 1896.5
1286840 1896.5
1286850 1899.2
1286860 1902.5
1286870 1902.5
1286880 1905.9
1286890 1909.3
1286900 1909.3
1286910 1912.0
1286920 1914.4
1286930 1916.6
1286940 1916.6
1286950 1917.6
1286960 1918.3
1286970 1918.3
1286980 1916.9
1286990 1914.1
1287000 1914.1
1287010 1914.3
1287020 1915.7
1287030 1915.7
1287040 1917.4
1287050 1907.0
1287060 1907.0
1287070 1894.1
1287080 1887.7
1287090 1887.7
1287100 1866.4
1287110 1850.0
1287120 1850.0
1287130 1826.8
1287140 1807.3
1287150 1797.3
1287160 1797.3
1287170 1789.0
1287180 1781.7
1287190 1781.7
1287200 1776.0
1287210 1769.8
1287220 1769.8
1287230 1766.2
1287240 1758.6
1287250 1758.6
1287260 1733.9
1287270 1726.0
1287280 1726.0
1287290 1716.1
1287300 1709.8
1287310 1709.8
1287320 1703.6
1287330 1696.7
1287340 1696.7
1287350 1690.2
1287360 1684.1
1287370 1678.6
1287380 1678.6
1287390 1672.6
1287400 1666.7
1287410 1666.7
1287420 1661.4
1287430 1656.2
1287440 1656.2
1287450 1651.0
1287460 1646.5
1287470 1646.5
1287480 1642.8
1287490 1638.7
1287500 1638.7
1287510 1634.4
1287520 1630.7
1287530 1630.7
1287540 1627.1
1287550 1624.0
1287560 1621.2
1287570 1621.2
1287580 1618.6
1287590 1616.0
1287600 1616.0
1287610 1613.4
1287620 1611.0
1287630 1611.0
1287640 1608.9
1287650 1607.9
1287660 1607.9
1287670 1609.5
1287680 1611.4
1287690 1611.4
1287700 1615.2
1287710 1619.8
1287720 1619.8
1287730 1624.6
1287740 1629.5
1287750 1629.5
1287760 1634.5
1287770 1639.0
1287780 1643.3
1287790 1643.3
1287800 1646.5
1287810 1648.8
1287820 1648.8
1287830 1652.0
1287840 1654.4
1287850 1654.4
1287860 1657.0
1287870 1662.2
1287880 1662.2
1287890 1670.4
1287900 1679.6
1287910 1679.6
1287920 1684.3
1287930 1696.7
1287940 1696.7
1287950 1702.7
1287960 1708.3
1287970 1708.3
1287980 1712.8
1287990 1718.8
1288000 1725.1
1288010 1725.1
1288020 1730.8
1288030 1735.7
1288040 1735.7
1288050 1742.0
1288060 1749.9
1288070 1749.9
1288080 1759.2
1288090 1770.5
1288100 1770.5
1288110 1781.0
1288120 1790.8
1288130 1790.8
1288140 1800.2
1288150 1810.1
1288160 1810.1
1288170 1818.3
1288180 1816.9
1288190 1805.8
1288200 1805.8
1288210 1792.5
1288220 1782.9
1288230 1782.9
1288240 1774.7
1288250 1766.9
1288260 1766.9
1288270 1760.5
1288280 1754.4
1288290 1754.4
1288300 1749.0
1288310 1744.4
1288320 1744.4
1288330 1740.5
1288340 1737.3
1288350 1737.3
1288360 1733.0
1288370 1728.4
1288380 1728.4
1288390 1724.6
1288400 1721.6
1288410 1719.5
1288420 1719.5
1288430 1719.3
1288440 1720.4
1288450 1720.4
1288460 1721.6
1288470 1722.8
1288480 1722.8
1288490 1722.8
1288500 1722.4
1288510 1722.4
1288520 1725.5
1288530 1733.5
1288540 1733.5
1288550 1738.0
1288560 1740.9
1288570 1747.0
1288580 1749.1
1288590 1751.5
1288600 1751.5
1288610 1754.5
1288620 1755.4
1288630 1755.2
1288640 1755.2
1288650 1755.8
1288660 1757.4
1288670 1757.4
1288680 1758.1
1288690 1756.9
1288700 1756.9
1288710 1753.7
1288720 1746.5
1288730 1746.5
1288740 1733.3
1288750 1687.3
1288760 1687.3
1288770 1664.2
1288780 1653.9
1288790 1653.9
1288800 1642.6
1288810 1639.5
1288820 1636.4
1288830 1636.4
1288840 1631.0
1288850 1622.5
1288860 1622.5
1288870 1611.6
1288880 1593.9
1288890 1593.9
1288900 1582.9
1288910 1581.5
1288920 1581.5
1288930 1573.3
1288940 1556.7
1288950 1556.7
1288960 1546.0
1288970 1542.4
1288980 1542.4
1288990 1538.4
1289000 1534.2
1289010 1534.2
1289020 1529.5
1289030 1525.7
1289040 1520.7
1289050 1520.7
1289060 1514.7
1289070 1508.7
1289080 1508.7
1289090 1502.6
1289100 1496.4
1289110 1496.4
1289120 1490.5
1289130 1487.4
1289140 1487.4
1289150 1486.6
1289160 1485.5
1289170 1485.5
1289180 1485.0
1289190 1483.9
1289200 1483.9
1289210 1481.9
1289220 1484.4
1289230 1484.4
1289240 1482.4
1289250 1480.2
1289260 1477.4
1289270 1477.4
1289280 1474.2
1289290 1470.9
1289300 1470.9
1289310 1467.8
1289320 1465.1
1289330 1465.1
1289340 1462.9
1289350 1460.8
1289360 1460.8
1289370 1458.9
1289380 1457.3
1289390 1457.3
1289400 1455.7
1289410 1451.8
1289420 1451.8
1289430 1448.3
1289440 1449.2
1289450 1452.1
1289460 1452.1
1289470 1454.9
1289480 1456.5
1289490 1456.5
1289500 1456.1
1289510 1456.9
1289520 1456.9
1289530 1458.3
1289540 1461.7
1289550 1461.7
1289560 1468.0
1289570 1475.4
1289580 1475.4
1289590 1482.4
1289600 1487.1
1289610 1487.1
1289620 1490.2
1289630 1493.3
1289640 1493.3
1289650 1496.9
1289660 1501.4
1289670 1506.8
1289680 1506.8
1289690 1512.3
1289700 1518.2
1289710 1518.2
1289720 1524.7
1289730 1531.4
1289740 1531.4
1289750 1536.7
1289760 1541.8
1289770 1541.8
1289780 1547.5
1289790 1552.9
1289800 1552.9
1289810 1557.4
1289820 1562.4
1289830 1562.4
1289840 1567.5
1289850 1572.8
1289860 1572.8
1289870 1575.2
1289880 1579.8
1289890 1584.8
1289900 1584.8
1289910 1589.6
1289920 1594.0
1289930 1594.0
1289940 1598.0
1289950 1602.1
1289960 1602.1
1289970 1606.5
1289980 1610.6
1289990 1610.6
1290000 1615.6
1290010 1621.1
1290020 1621.1
1290030 1625.9
1290040 1630.7
1290050 1630.7
1290060 1636.3
1290070 1642.9
1290080 1642.9
1290090 1649.5
1290100 1655.7
1290110 1661.8
1290120 1661.8
1290130 1666.8
1290140 1672.2
1290150 1672.2
1290160 1678.7
1290170 1684.8
1290180 1684.8
1290190 1690.2
1290200 1695.0
1290210 1695.0
1290220 1699.9
1290230 1704.6
1290240 1704.6
1290250 1708.4
1290260 1713.0
1290270 1713.0
1290280 1717.6
1290290 1721.9
1290300 1726.4
1290310 1726.4
1290320 1730.2
1290330 1733.5
1290340 1733.5
1290350 1736.8
1290360 1738.0
1290370 1738.0
1290380 1738.5
1290390 1738.7
1290400 1738.7
1290410 1743.3
1290420 1751.3
1290430 1751.3
1290440 1760.0
1290450 1769.4
1290460 1769.4
1290470 1776.8
1290480 1783.9
1290490 1783.9
1290500 1793.1
1290510 1801.6
1290520 1807.4
1290530 1807.4
1290540 1814.4
1290550 1822.3
1290560 1822.3
1290570 1831.5
1290580 1840.8
1290590 1840.8
1290600 1849.8
1290610 1859.9
1290620 1859.9
1290630 1871.6
1290640 1881.0
1290650 1881.0
1290660 1887.2
1290670 1894.1
1290680 1894.1
1290690 1900.9
1290700 1908.3
1290710 1908.3
1290720 1916.1
1290730 1924.5
1290740 1933.1
1290750 1933.1
1290760 1942.7
1290770 1952.9
1290780 1952.9
1290790 1968.2
1290800 1983.7
1290810 1983.7
1290820 1997.9
1290830 2006.8
1290840 2006.8
1290850 2015.0
1290860 2022.4
1290870 2022.4
1290880 2030.2
1290890 2036.7
1290900 2036.7
1290910 2043.2
1290920 2051.2
1290930 2058.6
1290940 2058.6
1290950 2066.2
1290960 2074.0
1290970 2074.0
1290980 2081.9
1290990 2090.0
1291000 2090.0
1291010 2098.4
1291020 2106.9
1291030 2106.9
1291040 2115.0
1291050 2122.8
1291060 2122.8
1291070 2130.3
1291080 2137.0
1291090 2137.0
1291100 2144.0
1291110 2151.9
1291120 2151.9
1291130 2161.7
1291140 2171.3
1291150 2182.5
1291160 2182.5
1291170 2191.9
1291180 2199.4
1291190 2199.4
1291200 2207.2
1291210 2213.6
1291220 2213.6
1291230 2217.7
1291240 2221.1
1291250 2221.1
1291260 2225.7
1291270 2231.1
1291280 2231.1
1291290 2235.4
1291300 2239.6
1291310 2239.6
1291320 2245.3
1291330 2248.9
1291340 2248.9
1291350 2252.7
1291360 2256.9
1291370 2261.1
1291380 2261.1
1291390 2265.4
1291400 2269.2
1291410 2269.2
1291420 2273.9
1291430 2276.3
1291440 2276.3
1291450 2277.7
1291460 2280.1
1291470 2280.1
1291480 2281.3
1291490 2279.7
1291500 2279.7
1291510 2282.6
1291520 2285.0
1291530 2285.0
1291540 2285.0
1291550 2284.0
1291560 2285.2
1291570 2285.2
1291580 2288.1
1291590 2297.0
1291600 2297.0
1291610 2305.1
1291620 2309.3
1291630 2309.3
1291640 2309.1
1291650 2303.0
1291660 2303.0
1291670 2305.2
1291680 2311.0
1291690 2311.0
1291700 2318.2
1291710 2325.8
1291720 2325.8
1291730 2331.8
1291740 2334.1
1291750 2334.1
1291760 2332.8
1291770 2335.0
1291780 2337.4
1291790 2337.4
1291800 2332.9
1291810 2324.9
1291820 2324.9
1291830 2317.3
1291840 2325.8
1291850 2325.8
1291860 2334.3
1291870 2343.3
1291880 2343.3
1291890 2352.2
1291900 2359.9
1291910 2359.9
1291920 2362.8
1291930 2357.8
1291940 2357.8
1291950 2354.0
1291960 2354.1
1291970 2354.1
1291980 2358.7
1291990 2364.9
1292000 2371.9
1292010 2371.9
1292020 2379.8
1292030 2388.4
1292040 2388.4
1292050 2397.8
1292060 2405.7
1292070 2405.7
1292080 2399.3
1292090 2401.8
1292100 2401.8
1292110 2407.4
1292120 2413.3
1292130 2413.3
1292140 2417.9
1292150 2424.4
1292160 2424.4
1292170 2432.5
1292180 2440.7
1292190 2445.0
1292200 2445.0
1292210 2446.2
1292220 2448.2
1292230 2448.2
1292240 2452.9
1292250 2458.5
1292260 2458.5
1292270 2463.0
1292280 2466.9
1292290 2466.9
1292300 2470.2
1292310 2473.4
1292320 2473.4
1292330 2477.0
1292340 2481.5
1292350 2481.5
1292360 2486.4
1292370 2491.4
1292380 2491.4
1292390 2496.6
1292400 2502.0
1292410 2507.6
1292420 2507.6
1292430 2511.3
1292440 2513.4
1292450 2513.4
1292460 2516.3
1292470 2519.2
1292480 2519.2
1292490 2516.5
1292500 2519.1
1292510 2519.1
1292520 2521.8
1292530 2526.4
1292540 2526.4
1292550 2531.6
1292560 2534.8
1292570 2534.8
1292580 2538.5
1292590 2543.4
1292600 2543.4
1292610 2549.1
1292620 2553.2
1292630 2557.7
1292640 2557.7
1292650 2563.5
1292660 2568.8
1292670 2568.8
1292680 2574.5
1292690 2579.9
1292700 2579.9
1292710 2584.4
1292720 2588.7
1292730 2588.7
1292740 2593.4
1292750 2603.0
1292760 2603.0
1292770 2620.7
1292780 2639.2
1292790 2639.2
1292800 2649.7
1292810 2657.9
1292820 2657.9
1292830 2666.7
1292840 2676.1
1292850 2683.1
1292860 2683.1
1292870 2688.6
1292880 2690.2
1292890 2690.2
1292900 2689.4
1292910 2687.5
1292920 2687.5
1292930 2683.1
1292940 2684.2
1292950 2684.2
1292960 2685.3
1292970 2690.8
1292980 2690.8
1292990 2699.2
1293000 2703.2
1293010 2703.2
1293020 2696.3
1293030 2695.5
1293040 2693.0
1293050 2693.0
1293060 2695.5
1293070 2701.8
1293080 2701.8
1293090 2702.0
1293100 2704.9
1293110 2704.9
1293120 2710.1
1293130 2715.8
1293140 2715.8
1293150 2726.3
1293160 2733.3
1293170 2733.3
1293180 2743.8
1293190 2753.3
1293200 2753.3
1293210 2743.9
1293220 2719.6
1293230 2719.6
1293240 2709.4
1293250 2697.8
1293260 2686.8
1293270 2686.8
1293280 2678.2
1293290 2670.1
1293300 2670.1
1293310 2661.2
1293320 2650.7
1293330 2650.7
1293340 2627.8
1293350 2609.3
1293360 2609.3
1293370 2598.9
1293380 2600.6
1293390 2600.6
1293400 2603.1
1293410 2602.3
1293420 2602.3
1293430 2602.5
1293440 2600.8
1293450 2600.8
1293460 2591.4
1293470 2577.9
1293480 2556.3
1293490 2556.3
1293500 2538.4
1293510 2539.7
1293520 2539.7
1293530 2536.5
1293540 2532.9
1293550 2532.9
1293560 2529.1
1293570 2523.9
1293580 2523.9
1293590 2519.2
1293600 2512.7
1293610 2512.7
1293620 2505.4
1293630 2497.7
1293640 2497.7
1293650 2489.1
1293660 2480.5
1293670 2475.9
1293680 2475.9
1293690 2474.3
1293700 2472.4
1293710 2472.4
1293720 2468.3
1293730 2464.5
1293740 2464.5
1293750 2461.7
1293760 2458.2
1293770 2458.2
1293780 2455.5
1293790 2453.5
1293800 2453.5
1293810 2458.2
1293820 2457.3
1293830 2457.3
1293840 2456.4
1293850 2456.6
1293860 2456.6
1293870 2457.3
1293880 2458.2
1293890 2457.3
1293900 2457.3
1293910 2453.1
1293920 2448.7
1293930 2448.7
1293940 2447.7
1293950 2446.2
1293960 2446.2
1293970 2445.3
1293980 2447.9
1293990 2447.9
1294000 2447.4
1294010 2443.2
1294020 2443.2
1294030 2437.0
1294040 2430.6
1294050 2430.6
1294060 2425.3
1294070 2419.8
1294080 2419.8
1294090 2414.3
1294100 2409.2
1294110 2406.2
1294120 2406.2
1294130 2406.9
1294140 2406.5
1294150 2406.5
1294160 2400.2
1294170 2393.4
1294180 2393.4
1294190 2386.0
1294200 2378.6
1294210 2378.6
1294220 2371.7
1294230 2365.4
1294240 2365.4
1294250 2360.5
1294260 2358.1
1294270 2358.1
1294280 2358.2
1294290 2359.9
1294300 2360.4
1294310 2360.4
1294320 2359.6
1294330 2360.9
1294340 2360.9
1294350 2361.4
1294360 2361.3
1294370 2361.3
1294380 2360.9
1294390 2361.7
1294400 2361.7
1294410 2363.2
1294420 2364.3
1294430 2364.3
1294440 2363.7
1294450 2362.6
1294460 2362.6
1294470 2362.5
1294480 2366.6
1294490 2366.6
1294500 2368.2
1294510 2369.4
1294520 2369.7
1294530 2369.7
1294540 2369.8
1294550 2371.8
1294560 2371.8
1294570 2373.5
1294580 2375.0
1294590 2375.0
1294600 2376.0
1294610 2377.5
1294620 2377.5
1294630 2380.0
1294640 2383.4
1294650 2383.4
1294660 2387.0
1294670 2390.4
1294680 2390.4
1294690 2393.2
1294700 2395.4
1294710 2395.4
1294720 2398.0
1294730 2400.7
1294740 2402.9
1294750 2402.9
1294760 2405.3
1294770 2407.6
1294780 2407.6
1294790 2410.0
1294800 2413.0
1294810 2413.0
1294820 2416.0
1294830 2418.8
1294840 2418.8
1294850 2422.2
1294860 2425.6
1294870 2425.6
1294880 2429.0
1294890 2432.1
1294900 2432.1
1294910 2435.8
1294920 2438.6
1294930 2440.4
1294940 2440.4
1294950 2442.5
1294960 2445.5
1294970 2445.5
1294980 2447.7
1294990 2449.8
1295000 2449.8
1295010 2452.1
1295020 2455.1
1295030 2455.1
1295040 2457.5
1295050 2460.0
1295060 2460.0
1295070 2462.6
1295080 2465.4
1295090 2465.4
1295100 2468.1
1295110 2470.4
1295120 2470.4
1295130 2473.6
1295140 2477.4
1295150 2484.8
1295160 2484.8
1295170 2489.1
1295180 2493.9
1295190 2493.9
1295200 2498.6
1295210 2502.7
1295220 2502.7
1295230 2506.0
1295240 2510.0
1295250 2510.0
1295260 2517.7
1295270 2527.5
1295280 2527.5
1295290 2536.9
1295300 2545.3
1295310 2545.3
1295320 2552.1
1295330 2558.1
1295340 2558.1
1295350 2563.2
1295360 2567.8
1295370 2571.7
1295380 2571.7
1295390 2575.6
1295400 2578.8
1295410 2578.8
1295420 2582.3
1295430 2585.6
1295440 2585.6
1295450 2588.5
1295460 2591.5
1295470 2591.5
1295480 2595.1
1295490 2599.3
1295500 2599.3
1295510 2603.7
1295520 2608.8
1295530 2608.8
1295540 2613.9
1295550 2618.5
1295560 2623.5
1295570 2623.5
1295580 2629.3
1295590 2634.2
1295600 2634.2
1295610 2638.5
1295620 2643.1
1295630 2643.1
1295640 2647.9
1295650 2652.7
1295660 2652.7
1295670 2657.8
1295680 2662.6
1295690 2662.6
1295700 2667.5
1295710 2672.2
1295720 2672.2
1295730 2676.4
1295740 2680.2
1295750 2680.2
1295760 2684.2
1295770 2688.8
1295780 2693.9
1295790 2693.9
1295800 2699.7
1295810 2705.9
1295820 2711.2
1295830 2717.8
1295840 2725.9
1295850 2725.9
1295860 2735.2
1295870 2745.4
1295880 2745.4
1295890 2772.4
1295900 2802.9
1295910 2802.9
1295920 2812.1
1295930 2822.8
1295940 2822.8
1295950 2834.6
1295960 2844.3
1295970 2844.3
1295980 2851.9
1295990 2859.8
1296000 2866.2
1296010 2866.2
1296020 2872.0
1296030 2876.9
1296040 2876.9
1296050 2884.8
1296060 2893.1
1296070 2893.1
1296080 2900.4
1296090 2907.3
1296100 2907.3
1296110 2913.4
1296120 2918.9
1296130 2918.9
1296140 2923.7
1296150 2928.4
1296160 2928.4
1296170 2934.4
1296180 2941.8
1296190 2941.8
1296200 2949.1
1296210 2956.1
1296220 2963.4
1296230 2963.4
1296240 2971.9
1296250 2985.4
1296260 2985.4
1296270 3012.6
1296280 3049.4
1296290 3049.4
1296300 3072.2
1296310 3084.4
1296320 3084.4
1296330 3093.1
1296340 3100.6
1296350 3100.6
1296360 3106.7
1296370 3113.2
1296380 3113.2
1296390 3119.9
1296400 3126.6
1296410 3133.4
1296420 3133.4
1296430 3140.8
1296440 3149.3
1296450 3149.3
1296460 3156.5
1296470 3163.4
1296480 3163.4
1296490 3176.3
1296500 3172.0
1296510 3172.0
1296520 3164.2
1296530 3157.0
1296540 3157.0
1296550 3152.1
1296560 3149.7
1296570 3149.7
1296580 3148.2
1296590 3143.2
1296600 3143.2
1296610 3133.7
1296620 3126.6
1296630 3125.0
1296640 3125.0
1296650 3120.1
1296660 3110.6
1296670 3110.6
1296680 3103.2
1296690 3093.1
1296700 3093.1
1296710 3078.2
1296720 3066.8
1296730 3066.8
1296740 3053.4
1296750 3039.7
1296760 3039.7
1296770 3028.3
1296780 3018.1
1296790 3018.1
1296800 3006.9
1296810 2993.1
1296820 2993.1
1296830 2977.5
1296840 2965.1
1296850 2952.1
1296860 2952.1
1296870 2935.6
1296880 2919.2
1296890 2919.2
1296900 2906.7
1296910 2893.8
1296920 2893.8
1296930 2881.4
1296940 2870.1
1296950 2870.1
1296960 2842.2
1296970 2820.1
1296980 2820.1
1296990 2802.9
1297000 2779.7
1297010 2779.7
1297020 2764.6
1297030 2755.9
1297040 2747.0
1297050 2747.0
1297060 2737.9
1297070 2731.4
1297080 2731.4
1297090 2724.7
1297100 2718.1
1297110 2718.1
1297120 2711.8
1297130 2705.9
1297140 2705.9
1297150 2699.5
1297160 2690.6
1297170 2690.6
1297180 2684.4
1297190 2678.2
1297200 2678.2
1297210 2672.7
1297220 2667.6
1297230 2667.6
1297240 2662.5
1297250 2657.4
1297260 2652.4
1297270 2652.4
1297280 2648.0
1297290 2643.6
1297300 2643.6
1297310 2639.3
1297320 2635.0
1297330 2635.0
1297340 2630.7
1297350 2626.5
1297360 2626.5
1297370 2622.3
1297380 2618.2
1297390 2618.2
1297400 2613.7
1297410 2608.1
1297420 2608.1
1297430 2598.6
1297440 2590.4
1297450 2590.4
1297460 2587.4
1297470 2583.4
1297480 2575.7
1297490 2575.7
1297500 2564.0
1297510 2554.0
1297520 2554.0
1297530 2546.8
1297540 2539.9
1297550 2539.9
1297560 2533.6
1297570 2528.1
1297580 2528.1
1297590 2522.0
1297600 2515.3
1297610 2515.3
1297620 2509.7
1297630 2505.3
1297640 2505.3
1297650 2502.7
1297660 2500.8
1297670 2498.5
1297680 2498.5
1297690 2496.6
1297700 2494.6
1297710 2494.6
1297720 2492.0
1297730 2483.5
1297740 2483.5
1297750 2467.3
1297760 2447.6
1297770 2447.6
1297780 2416.9
1297790 2395.4
1297800 2395.4
1297810 2384.9
1297820 2377.8
1297830 2377.8
1297840 2368.5
1297850 2360.6
1297860 2360.6
1297870 2353.3
1297880 2346.5
1297890 2340.3
1297900 2340.3
1297910 2335.6
1297920 2334.0
1297930 2334.0
1297940 2333.3
1297950 2332.8
1297960 2332.8
1297970 2329.5
1297980 2325.5
1297990 2325.5
1298000 2322.3
1298010 2320.2
1298020 2320.2
1298030 2318.3
1298040 2316.4
1298050 2316.4
1298060 2313.8
1298070 2310.5
1298080 2310.5
1298090 2308.0
1298100 2305.9
1298110 2304.0
1298120 2304.0
1298130 2302.0
1298140 2299.9
1298150 2299.9
1298160 2297.9
1298170 2296.0
1298180 2296.0
1298190 2294.4
1298200 2293.0
1298210 2293.0
1298220 2291.1
1298230 2288.9
1298240 2288.9
1298250 2286.2
1298260 2283.8
1298270 2283.8
1298280 2281.9
1298290 2280.6
1298300 2279.4
1298310 2279.4
1298320 2278.9
1298330 2278.7
1298340 2278.7
1298350 2278.8
1298360 2278.8
1298370 2278.8
1298380 2277.8
1298390 2277.0
1298400 2277.0
1298410 2279.0
1298420 2281.3
1298430 2281.3
1298440 2282.0
1298450 2279.8
1298460 2279.8
1298470 2277.6
1298480 2276.7
1298490 2276.7
1298500 2276.9
1298510 2277.3
1298520 2280.9
1298530 2280.9
1298540 2281.8
1298550 2282.6
1298560 2282.6
1298570 2283.2
1298580 2283.2
1298590 2283.2
1298600 2282.9
1298610 2282.6
1298620 2282.6
1298630 2282.6
1298640 2282.3
1298650 2282.3
1298660 2281.3
1298670 2280.2
1298680 2280.2
1298690 2278.4
1298700 2275.0
1298710 2275.0
1298720 2268.6
1298730 2263.5
1298740 2256.1
1298750 2256.1
1298760 2251.9
1298770 2248.8
1298780 2248.8
1298790 2243.4
1298800 2237.3
1298810 2237.3
1298820 2231.8
1298830 2227.5
1298840 2227.5
1298850 2223.3
1298860 2218.9
1298870 2218.9
1298880 2218.1
1298890 2219.2
1298900 2219.2
1298910 2221.1
1298920 2224.3
1298930 2228.0
1298940 2228.0
1298950 2232.4
1298960 2236.8
1298970 2236.8
1298980 2240.9
1298990 2244.0
1299000 2244.0
1299010 2246.9
1299020 2250.2
1299030 2250.2
1299040 2253.3
1299050 2256.2
1299060 2256.2
1299070 2259.5
1299080 2262.5
1299090 2262.5
1299100 2265.3
1299110 2267.7
1299120 2267.7
1299130 2270.8
1299140 2274.4
1299150 2278.3
1299160 2278.3
1299170 2283.2
1299180 2288.1
1299190 2288.1
1299200 2287.4
1299210 2293.1
1299220 2293.1
1299230 2298.7
1299240 2303.8
1299250 2303.8
1299260 2308.6
1299270 2312.9
1299280 2312.9
1299290 2317.2
1299300 2321.1
1299310 2321.1
1299320 2324.2
1299330 2329.3
1299340 2329.3
1299350 2335.2
1299360 2339.9
1299370 2342.9
1299380 2342.9
1299390 2346.2
1299400 2352.2
1299410 2352.2
1299420 2358.7
1299430 2363.6
1299440 2363.6
1299450 2367.4
1299460 2373.2
1299470 2373.2
1299480 2378.2
1299490 2381.0
1299500 2381.0
1299510 2383.3
1299520 2385.9
1299530 2385.9
1299540 2389.7
1299550 2392.1
1299560 2392.1
1299570 2393.4
1299580 2394.4
1299590 2397.4
1299600 2397.4
1299610 2401.2
1299620 2403.7
1299630 2403.7
1299640 2405.7
1299650 2406.4
1299660 2406.4
1299670 2406.4
1299680 2406.9
1299690 2406.9
1299700 2407.2
1299710 2405.3
1299720 2405.3
1299730 2403.9
1299740 2403.6
1299750 2403.6
1299760 2402.6
1299770 2402.0
1299780 2402.7
1299790 2402.7
1299800 2401.4
1299810 2399.8
1299820 2399.8
1299830 2399.2
1299840 2397.6
1299850 2397.6
1299860 2396.2
1299870 2394.7
1299880 2394.7
1299890 2387.6
1299900 2386.5
1299910 2386.5
1299920 2385.5
1299930 2383.4
1299940 2383.4
1299950 2379.2
1299960 2374.3
1299970 2374.3
1299980 2369.6
1299990 2363.3
