1280000 1251.8
1280010 1250.0
1280020 1247.5
1280030 1247.5
1280040 1244.9
1280050 1242.5
1280060 1240.1
1280070 1240.1
1280080 1237.6
1280090 1234.7
1280100 1234.7
1280110 1233.1
1280120 1233.1
1280130 1233.1
1280140 1233.3
1280150 1232.6
1280160 1232.6
1280170 1233.5
1280180 1234.7
1280190 1234.7
1280200 1235.3
1280210 1236.3
1280220 1236.3
1280230 1237.0
1280240 1237.7
1280250 1237.7
1280260 1239.7
1280270 1243.2
1280280 1246.6
1280290 1246.6
1280300 1248.5
1280310 1250.0
1280320 1250.0
1280330 1251.3
1280340 1253.1
1280350 1254.7
1280360 1257.1
1280370 1259.4
1280380 1259.4
1280390 1263.2
1280400 1269.3
1280410 1269.3
1280420 1276.0
1280430 1279.9
1280440 1279.9
1280450 1284.4
1280460 1290.4
1280470 1292.6
1280480 1292.6
1280490 1297.9
1280500 1303.6
1280510 1303.6
1280520 1308.9
1280530 1311.6
1280540 1311.6
1280550 1312.8
1280560 1314.6
1280570 1314.6
1280580 1317.8
1280590 1322.2
1280600 1322.2
1280610 1326.7
1280620 1331.5
1280630 1331.5
1280640 1336.4
1280650 1341.9
1280660 1341.9
1280670 1347.8
1280680 1354.9
1280690 1361.7
1280700 1361.7
1280710 1370.2
1280720 1379.5
1280730 1379.5
1280740 1389.1
1280750 1397.1
1280760 1397.1
1280770 1403.0
1280780 1408.1
1280790 1408.1
1280800 1414.6
1280810 1425.3
1280820 1425.3
1280830 1439.0
1280840 1451.6
1280850 1451.6
1280860 1466.3
1280870 1474.8
1280880 1474.8
1280890 1482.2
1280900 1489.7
1280910 1497.9
1280920 1497.9
1280930 1506.9
1280940 1515.6
1280950 1515.6
1280960 1523.1
1280970 1526.3
1280980 1526.3
1280990 1535.0
1281000 1544.2
1281010 1544.2
1281020 1553.3
1281030 1563.1
1281040 1563.1
1281050 1571.9
1281060 1579.1
1281070 1579.1
1281080 1584.1
1281090 1587.1
1281100 1590.3
1281110 1590.3
1281120 1591.6
1281130 1595.8
1281140 1595.8
1281150 1600.6
1281160 1605.6
1281170 1605.6
1281180 1610.5
1281190 1615.0
1281200 1615.0
1281210 1618.6
1281220 1624.9
1281230 1624.9
1281240 1630.2
1281250 1635.1
1281260 1635.1
1281270 1640.7
1281280 1645.6
1281290 1645.6
1281300 1651.7
1281310 1657.7
1281320 1661.6
1281330 1661.6
1281340 1665.4
1281350 1669.8
1281360 1669.8
1281370 1675.2
1281380 1679.0
1281390 1679.0
1281400 1685.6
1281410 1693.6
1281420 1693.6
1281430 1703.0
1281440 1714.8
1281450 1714.8
1281460 1724.4
1281470 1731.6
1281480 1731.6
1281490 1738.2
1281500 1745.1
1281510 1745.1
1281520 1750.0
1281530 1753.6
1281540 1756.9
1281550 1756.9
1281560 1760.0
1281570 1763.7
1281580 1763.7
1281590 1768.4
1281600 1772.2
1281610 1772.2
1281620 1776.7
1281630 1780.7
1281640 1780.7
1281650 1784.6
1281660 1787.7
1281670 1787.7
1281680 1791.8
1281690 1796.2
1281700 1796.2
1281710 1799.9
1281720 1803.7
1281730 1807.5
1281740 1807.5
1281750 1811.6
1281760 1815.4
1281770 1815.4
1281780 1819.5
1281790 1823.5
1281800 1823.5
1281810 1827.3
1281820 1831.5
1281830 1831.5
1281840 1835.9
1281850 1840.8
1281860 1840.8
1281870 1847.3
1281880 1853.2
1281890 1853.2
1281900 1857.5
1281910 1860.0
1281920 1860.0
1281930 1863.4
1281940 1868.1
1281950 1872.4
1281960 1872.4
1281970 1877.0
1281980 1881.9
1281990 1881.9
1282000 1886.9
1282010 1891.6
1282020 1891.6
1282030 1895.7
1282040 1899.1
1282050 1899.1
1282060 1902.8
1282070 1907.4
1282080 1907.4
1282090 1912.4
1282100 1917.7
1282110 1917.7
1282120 1923.1
1282130 1928.4
1282140 1928.4
1282150 1933.0
1282160 1936.8
1282170 1940.5
1282180 1940.5
1282190 1944.5
1282200 1948.5
1282210 1948.5
1282220 1953.0
1282230 1957.2
1282240 1957.2
1282250 1961.2
1282260 1965.8
1282270 1965.8
1282280 1970.9
1282290 1975.6
1282300 1975.6
1282310 1978.9
1282320 1981.8
1282330 1981.8
1282340 1985.3
1282350 1989.6
1282360 1989.6
1282370 1993.7
1282380 1997.8
1282390 2002.5
1282400 2002.5
1282410 2007.0
1282420 2011.5
1282430 2011.5
1282440 2016.2
1282450 2020.5
1282460 2020.5
1282470 2024.2
1282480 2027.0
1282490 2027.0
1282500 2029.6
1282510 2032.4
1282520 2032.4
1282530 2035.7
1282540 2040.1
1282550 2040.1
1282560 2044.2
1282570 2047.5
1282580 2050.6
1282590 2050.6
1282600 2053.4
1282610 2056.1
1282620 2056.1
1282630 2058.1
1282640 2059.6
1282650 2059.6
1282660 2061.1
1282670 2062.1
1282680 2062.1
1282690 2059.9
1282700 2051.3
1282710 2051.3
1282720 2047.6
1282730 2045.3
1282740 2045.3
1282750 2044.3
1282760 2043.6
1282770 2043.6
1282780 2043.2
1282790 2042.0
1282800 2042.2
1282810 2042.2
1282820 2041.7
1282830 2039.4
1282840 2039.4
1282850 2042.2
1282860 2040.0
1282870 2040.0
1282880 2040.9
1282890 2043.3
1282900 2043.3
1282910 2043.9
1282920 2043.4
1282930 2043.4
1282940 2043.5
1282950 2043.1
1282960 2043.1
1282970 2042.8
1282980 2043.3
1282990 2043.3
1283000 2044.7
1283010 2046.5
1283020 2048.9
1283030 2048.9
1283040 2051.6
1283050 2054.1
1283060 2054.1
1283070 2055.1
1283080 2056.6
1283090 2056.6
1283100 2059.1
1283110 2062.0
1283120 2062.0
1283130 2065.3
1283140 2068.6
1283150 2068.6
1283160 2072.0
1283170 2075.3
1283180 2075.3
1283190 2078.3
1283200 2080.9
1283210 2083.1
1283220 2083.1
1283230 2086.0
1283240 2088.7
1283250 2088.7
1283260 2087.9
1283270 2085.3
1283280 2085.3
1283290 2084.4
1283300 2077.9
1283310 2077.9
1283320 2070.0
1283330 2066.4
1283340 2066.4
1283350 2063.9
1283360 2061.5
1283370 2061.5
1283380 2059.2
1283390 2056.4
1283400 2056.4
1283410 2053.7
1283420 2052.5
1283430 2051.2
1283440 2051.2
1283450 2051.2
1283460 2051.4
1283470 2051.4
1283480 2057.0
1283490 2057.7
1283500 2057.7
1283510 2059.2
1283520 2060.8
1283530 2060.8
1283540 2063.0
1283550 2064.2
1283560 2064.2
1283570 2064.7
1283580 2064.1
1283590 2064.1
1283600 2062.9
1283610 2066.4
1283620 2066.4
1283630 2070.2
1283640 2072.1
1283650 2074.4
1283660 2074.4
1283670 2077.2
1283680 2078.9
1283690 2078.9
1283700 2080.0
1283710 2081.3
1283720 2081.3
1283730 2082.7
1283740 2083.7
1283750 2083.7
1283760 2084.7
1283770 2085.9
1283780 2085.9
1283790 2087.4
1283800 2089.3
1283810 2089.3
1283820 2091.4
1283830 2093.7
1283840 2097.2
1283850 2097.2
1283860 2100.8
1283870 2104.2
1283880 2104.2
1283890 2108.5
1283900 2112.8
1283910 2112.8
1283920 2116.6
1283930 2118.9
1283940 2118.9
1283950 2121.5
1283960 2124.9
1283970 2124.9
1283980 2129.0
1283990 2133.4
1284000 2133.4
1284010 2139.3
1284020 2146.5
1284030 2146.5
1284040 2155.0
1284050 2164.9
1284060 2171.4
1284070 2171.4
1284080 2173.7
1284090 2174.0
1284100 2174.0
1284110 2176.2
1284120 2177.2
1284130 2177.2
1284140 2180.2
1284150 2182.9
1284160 2182.9
1284170 2184.6
1284180 2186.0
1284190 2186.0
1284200 2187.4
1284210 2188.7
1284220 2188.7
1284230 2189.9
1284240 2192.2
1284250 2192.2
1284260 2196.2
1284270 2200.6
1284280 2205.4
1284290 2205.4
1284300 2211.6
1284310 2216.6
1284320 2216.6
1284330 2220.2
1284340 2225.4
1284350 2225.4
1284360 2230.9
1284370 2235.6
1284380 2235.6
1284390 2240.7
1284400 2246.7
1284410 2246.7
1284420 2253.1
1284430 2260.6
1284440 2260.6
1284450 2268.3
1284460 2273.7
1284470 2277.0
1284480 2277.0
1284490 2280.0
1284500 2280.9
1284510 2280.9
1284520 2279.9
1284530 2274.7
1284540 2274.7
1284550 2273.5
1284560 2273.2
1284570 2273.2
1284580 2270.5
1284590 2265.4
1284600 2265.4
1284610 2259.4
1284620 2252.9
1284630 2252.9
1284640 2247.0
1284650 2242.1
1284660 2242.1
1284670 2238.9
1284680 2238.5
1284690 2240.2
1284700 2240.2
1284710 2242.1
1284720 2242.8
1284730 2242.8
1284740 2245.5
1284750 2247.9
1284760 2247.9
1284770 2250.0
1284780 2250.8
1284790 2250.8
1284800 2249.7
1284810 2246.3
1284820 2246.3
1284830 2242.0
1284840 2238.5
1284850 2238.5
1284860 2235.8
1284870 2236.5
1284880 2236.5
1284890 2238.2
1284900 2241.6
1284910 2245.6
1284920 2245.6
1284930 2251.8
1284940 2249.5
1284950 2249.5
1284960 2245.2
1284970 2247.6
1284980 2247.6
1284990 2250.3
1285000 2239.5
1285010 2239.5
1285020 2225.5
1285030 2217.2
1285040 2217.2
1285050 2209.5
1285060 2198.6
1285070 2198.6
1285080 2188.5
1285090 2177.4
1285100 2171.2
1285110 2171.2
1285120 2169.4
1285130 2170.0
1285140 2170.0
1285150 2170.3
1285160 2163.8
1285170 2163.8
1285180 2154.1
1285190 2139.7
1285200 2139.7
1285210 2137.2
1285220 2135.9
1285230 2135.9
1285240 2134.0
1285250 2133.1
1285260 2133.1
1285270 2132.5
1285280 2131.2
1285290 2131.2
1285300 2131.1
1285310 2130.4
1285320 2129.3
1285330 2129.3
1285340 2129.0
1285350 2129.6
1285360 2129.6
1285370 2129.1
1285380 2135.0
1285390 2135.0
1285400 2134.0
1285410 2132.6
1285420 2132.6
1285430 2130.3
1285440 2128.5
1285450 2128.5
1285460 2128.1
1285470 2128.3
1285480 2128.3
1285490 2128.5
1285500 2128.7
1285510 2128.7
1285520 2130.2
1285530 2131.9
1285540 2133.6
1285550 2133.6
1285560 2134.8
1285570 2135.6
1285580 2135.6
1285590 2136.5
1285600 2137.3
1285610 2137.3
1285620 2137.0
1285630 2136.1
1285640 2136.1
1285650 2134.8
1285660 2133.8
1285670 2133.8
1285680 2132.3
1285690 2133.2
1285700 2133.2
1285710 2136.0
1285720 2134.1
1285730 2134.1
1285740 2130.8
1285750 2131.5
1285760 2134.9
1285770 2134.9
1285780 2137.8
1285790 2140.7
1285800 2140.7
1285810 2144.5
1285820 2149.0
1285830 2149.0
1285840 2153.2
1285850 2157.1
1285860 2157.1
1285870 2160.1
1285880 2163.1
1285890 2163.1
1285900 2167.1
1285910 2171.9
1285920 2171.9
1285930 2177.6
1285940 2184.4
1285950 2191.0
1285960 2191.0
1285970 2197.0
1285980 2203.0
1285990 2203.0
1286000 2210.1
1286010 2219.3
1286020 2219.3
1286030 2227.6
1286040 2233.8
1286050 2233.8
1286060 2238.7
1286070 2243.4
1286080 2243.4
1286090 2247.5
1286100 2250.8
1286110 2250.8
1286120 2253.3
1286130 2256.3
1286140 2256.3
1286150 2259.4
1286160 2262.8
1286170 2268.5
1286180 2268.5
1286190 2275.1
1286200 2280.6
1286210 2280.6
1286220 2284.7
1286230 2288.6
1286240 2288.6
1286250 2291.6
1286260 2293.7
1286270 2293.7
1286280 2293.8
1286290 2289.6
1286300 2289.6
1286310 2282.2
1286320 2270.4
1286330 2270.4
1286340 2253.9
1286350 2243.2
1286360 2243.2
1286370 2238.4
1286380 2236.2
1286390 2234.9
1286400 2234.9
1286410 2233.1
1286420 2230.1
1286430 2230.1
1286440 2227.1
1286450 2224.9
1286460 2224.9
1286470 2222.2
1286480 2221.2
1286490 2221.2
1286500 2220.2
1286510 2218.8
1286520 2218.8
1286530 2216.8
1286540 2215.7
1286550 2215.7
1286560 2217.4
1286570 2221.3
1286580 2226.5
1286590 2226.5
1286600 2232.3
1286610 2237.3
1286620 2237.3
1286630 2241.1
1286640 2244.4
1286650 2248.6
1286660 2251.1
1286670 2252.4
1286680 2252.4
1286690 2252.4
1286700 2251.2
1286710 2251.2
1286720 2246.8
1286730 2243.0
1286740 2243.0
1286750 2244.6
1286760 2244.2
1286770 2244.2
1286780 2241.1
1286790 2238.6
1286800 2237.0
1286810 2237.0
1286820 2230.7
1286830 2220.5
1286840 2220.5
1286850 2210.9
1286860 2204.2
1286870 2204.2
1286880 2195.8
1286890 2185.7
1286900 2185.7
1286910 2169.9
1286920 2150.4
1286930 2150.4
1286940 2140.9
1286950 2133.5
1286960 2133.5
1286970 2127.8
1286980 2120.8
1286990 2120.8
1287000 2112.9
1287010 2105.8
1287020 2099.0
1287030 2099.0
1287040 2091.8
1287050 2084.9
1287060 2084.9
1287070 2078.0
1287080 2067.0
1287090 2067.0
1287100 2050.0
1287110 2037.3
1287120 2037.3
1287130 2029.4
1287140 2023.0
1287150 2023.0
1287160 2014.6
1287170 2003.2
1287180 2003.2
1287190 1988.7
1287200 1972.4
1287210 1960.6
1287220 1960.6
1287230 1951.0
1287240 1942.4
1287250 1942.4
1287260 1934.6
1287270 1928.1
1287280 1928.1
1287290 1927.5
1287300 1920.4
1287310 1920.4
1287320 1910.2
1287330 1902.5
1287340 1902.5
1287350 1895.3
1287360 1889.7
1287370 1889.7
1287380 1884.9
1287390 1880.5
1287400 1880.5
1287410 1876.4
1287420 1870.3
1287430 1864.3
1287440 1864.3
1287450 1862.8
1287460 1864.0
1287470 1864.0
1287480 1868.9
1287490 1873.9
1287500 1873.9
1287510 1878.0
1287520 1881.5
1287530 1881.5
1287540 1882.2
1287550 1884.0
1287560 1884.0
1287570 1884.3
1287580 1885.4
1287590 1885.4
1287600 1886.4
1287610 1886.0
1287620 1886.0
1287630 1885.5
1287640 1887.4
1287650 1889.8
1287660 1889.8
1287670 1888.9
1287680 1885.6
1287690 1885.6
1287700 1880.3
1287710 1875.0
1287720 1875.0
1287730 1875.3
1287740 1877.0
1287750 1877.0
1287760 1878.7
1287770 1880.1
1287780 1880.1
1287790 1881.2
1287800 1882.0
1287810 1882.0
1287820 1882.3
1287830 1883.0
1287840 1885.9
1287850 1885.9
1287860 1888.7
1287870 1891.7
1287880 1891.7
1287890 1894.3
1287900 1897.6
1287910 1897.6
1287920 1903.9
1287930 1911.9
1287940 1915.2
1287950 1924.1
1287960 1932.7
1287970 1932.7
1287980 1941.6
1287990 1949.8
1288000 1949.8
1288010 1955.8
1288020 1960.9
1288030 1960.9
1288040 1967.4
1288050 1973.7
1288060 1979.4
1288070 1979.4
1288080 1984.3
1288090 1990.4
1288100 1990.4
1288110 1996.9
1288120 2003.9
1288130 2003.9
1288140 2011.8
1288150 2019.2
1288160 2019.2
1288170 2027.2
1288180 2036.4
1288190 2036.4
1288200 2050.9
1288210 2061.3
1288220 2061.3
1288230 2051.1
1288240 2043.3
1288250 2043.3
1288260 2038.9
1288270 2034.4
1288280 2027.0
1288290 2027.0
1288300 2015.7
1288310 2010.9
1288320 2010.9
1288330 2008.2
1288340 2007.3
1288350 2007.3
1288360 2007.2
1288370 2006.3
1288380 2006.3
1288390 2006.3
1288400 2006.4
1288410 2006.4
1288420 2007.7
1288430 2008.5
1288440 2008.5
1288450 2009.0
1288460 2009.3
1288470 2008.6
1288480 2008.6
1288490 2005.6
1288500 2004.3
1288510 2004.3
1288520 2004.9
1288530 2006.1
1288540 2006.1
1288550 2008.6
1288560 2012.1
1288570 2012.1
1288580 2017.8
1288590 2021.3
1288600 2021.3
1288610 2026.5
1288620 2030.0
1288630 2030.0
1288640 2024.6
1288650 2018.1
1288660 2018.1
1288670 2014.5
1288680 2010.2
1288690 2002.8
1288700 2002.8
1288710 1999.0
1288720 2001.5
1288730 2001.5
1288740 2005.9
1288750 2008.3
1288760 2008.3
1288770 2008.0
1288780 2009.0
1288790 2009.0
1288800 1996.4
1288810 1977.2
1288820 1977.2
1288830 1970.5
1288840 1966.3
1288850 1966.3
1288860 1964.9
1288870 1966.0
1288880 1966.0
1288890 1967.6
1288900 1970.1
1288910 1972.5
1288920 1972.5
1288930 1974.7
1288940 1973.1
1288950 1973.1
1288960 1967.5
1288970 1958.3
1288980 1958.3
1288990 1951.5
1289000 1949.9
1289010 1949.9
1289020 1948.1
1289030 1945.5
1289040 1945.5
1289050 1943.6
1289060 1933.3
1289070 1933.3
1289080 1928.5
1289090 1930.2
1289100 1923.7
1289110 1923.7
1289120 1917.7
1289130 1919.3
1289140 1919.3
1289150 1916.9
1289160 1912.7
1289170 1912.7
1289180 1912.4
1289190 1898.3
1289200 1898.3
1289210 1883.1
1289220 1871.1
1289230 1892.5
1289240 1879.8
1289250 1868.1
1289260 1868.1
1289270 1857.7
1289280 1848.6
1289290 1848.6
1289300 1836.2
1289310 1827.7
1289320 1822.9
1289330 1822.9
1289340 1816.2
1289350 1808.8
1289360 1808.8
1289370 1802.5
1289380 1797.9
1289390 1797.9
1289400 1796.7
1289410 1790.8
1289420 1790.8
1289430 1781.4
1289440 1769.5
1289450 1769.5
1289460 1757.6
1289470 1749.0
1289480 1749.0
1289490 1747.6
1289500 1753.4
1289510 1753.4
1289520 1760.3
1289530 1763.8
1289540 1759.0
1289550 1759.0
1289560 1743.2
1289570 1718.5
1289580 1718.5
1289590 1706.7
1289600 1709.3
1289610 1709.3
1289620 1718.6
1289630 1731.1
1289640 1731.1
1289650 1741.1
1289660 1743.2
1289670 1743.2
1289680 1740.7
1289690 1740.4
1289700 1740.4
1289710 1739.5
1289720 1737.2
1289730 1729.3
1289740 1729.3
1289750 1719.1
1289760 1720.1
1289770 1720.1
1289780 1725.1
1289790 1730.1
1289800 1730.1
1289810 1733.4
1289820 1734.9
1289830 1734.9
1289840 1734.9
1289850 1728.9
1289860 1728.9
1289870 1728.6
1289880 1739.6
1289890 1739.6
1289900 1744.7
1289910 1748.2
1289920 1748.2
1289930 1749.9
1289940 1745.9
1289950 1743.1
1289960 1743.1
1289970 1744.0
1289980 1746.5
1289990 1746.5
1290000 1748.1
1290010 1748.4
1290020 1748.4
1290030 1748.7
1290040 1750.0
1290050 1750.0
1290060 1748.7
1290070 1743.1
1290080 1743.1
1290090 1737.6
1290100 1734.7
1290110 1734.7
1290120 1734.7
1290130 1736.4
1290140 1736.4
1290150 1726.9
1290160 1696.7
1290170 1680.1
1290180 1680.1
1290190 1668.4
1290200 1656.1
1290210 1656.1
1290220 1648.8
1290230 1645.4
1290240 1645.4
1290250 1653.1
1290260 1662.6
1290270 1662.6
1290280 1673.2
1290290 1688.1
1290300 1688.1
1290310 1700.4
1290320 1706.0
1290330 1706.0
1290340 1714.5
1290350 1719.7
1290360 1724.6
1290370 1724.6
1290380 1723.2
1290390 1709.4
1290400 1709.4
1290410 1713.6
1290420 1720.7
1290430 1720.7
1290440 1725.5
1290450 1726.0
1290460 1726.0
1290470 1726.2
1290480 1730.1
1290490 1730.1
1290500 1738.5
1290510 1750.8
1290520 1750.8
1290530 1778.1
1290540 1781.9
1290550 1781.9
1290560 1787.1
1290570 1794.8
1290580 1800.5
1290590 1800.5
1290600 1806.2
1290610 1808.0
1290620 1808.0
1290630 1809.5
1290640 1813.9
1290650 1813.9
1290660 1822.0
1290670 1826.1
1290680 1826.1
1290690 1831.2
1290700 1842.5
1290710 1842.5
1290720 1863.3
1290730 1877.6
1290740 1877.6
1290750 1886.5
1290760 1893.7
1290770 1893.7
1290780 1900.0
1290790 1907.3
1290800 1915.7
1290810 1915.7
1290820 1924.0
1290830 1930.3
1290840 1930.3
1290850 1937.2
1290860 1944.4
1290870 1944.4
1290880 1950.3
1290890 1954.9
1290900 1954.9
1290910 1960.0
1290920 1967.1
1290930 1967.1
1290940 1973.7
1290950 1978.7
1290960 1978.7
1290970 1982.7
1290980 1986.4
1290990 1989.1
1291000 1989.1
1291010 1991.3
1291020 1993.9
1291030 1993.9
1291040 1997.0
1291050 1999.6
1291060 1999.6
1291070 2002.2
1291080 2004.8
1291090 2004.8
1291100 2007.3
1291110 2009.7
1291120 2009.7
1291130 2012.2
1291140 2015.3
1291150 2015.3
1291160 2019.0
1291170 2023.1
1291180 2023.0
1291190 2026.7
1291200 2030.4
1291210 2033.9
1291220 2033.9
1291230 2037.3
1291240 2040.8
1291250 2040.8
1291260 2044.3
1291270 2047.8
1291280 2047.8
1291290 2050.8
1291300 2053.7
1291310 2053.7
1291320 2056.7
1291330 2059.3
1291340 2059.3
1291350 2062.2
1291360 2065.6
1291370 2065.6
1291380 2069.5
1291390 2073.8
1291400 2073.8
1291410 2078.3
1291420 2082.5
1291430 2086.5
1291440 2086.5
1291450 2090.3
1291460 2094.0
1291470 2094.0
1291480 2097.8
1291490 2101.5
1291500 2101.5
1291510 2105.4
1291520 2109.1
1291530 2109.1
1291540 2112.7
1291550 2115.2
1291560 2115.2
1291570 2117.3
1291580 2119.7
1291590 2119.7
1291600 2122.3
1291610 2125.9
1291620 2130.0
1291630 2130.0
1291640 2135.2
1291650 2141.0
1291660 2141.0
1291670 2145.0
1291680 2148.7
1291690 2148.7
1291700 2152.5
1291710 2156.1
1291720 2156.1
1291730 2159.6
1291740 2162.5
1291750 2162.5
1291760 2165.5
1291770 2168.6
1291780 2168.6
1291790 2172.1
1291800 2176.7
1291810 2176.7
1291820 2182.0
1291830 2187.2
1291840 2195.9
1291850 2195.9
1291860 2201.1
1291870 2206.0
1291880 2206.0
1291890 2210.7
1291900 2214.6
1291910 2214.6
1291920 2217.9
1291930 2220.2
1291940 2220.2
1291950 2222.0
1291960 2225.3
1291970 2225.3
1291980 2228.8
1291990 2231.7
1292000 2231.7
1292010 2234.0
1292020 2236.9
1292030 2236.9
1292040 2240.2
1292050 2244.2
1292060 2249.3
1292070 2249.3
1292080 2255.2
1292090 2261.9
1292100 2261.9
1292110 2269.0
1292120 2276.6
1292130 2276.6
1292140 2284.0
1292150 2290.7
1292160 2290.7
1292170 2297.4
1292180 2304.3
1292190 2304.3
1292200 2311.5
1292210 2318.8
1292220 2318.8
1292230 2325.9
1292240 2333.3
1292250 2340.6
1292260 2340.6
1292270 2347.2
1292280 2354.0
1292290 2354.0
1292300 2360.9
1292310 2368.2
1292320 2368.2
1292330 2374.4
1292340 2380.7
1292350 2380.7
1292360 2387.0
1292370 2391.9
1292380 2391.9
1292390 2393.6
1292400 2394.7
1292410 2394.7
1292420 2396.0
1292430 2398.7
1292440 2398.7
1292450 2401.6
1292460 2404.8
1292470 2407.5
1292480 2407.5
1292490 2410.6
1292500 2408.4
1292510 2408.4
1292520 2413.3
1292530 2418.1
1292540 2418.1
1292550 2422.0
1292560 2424.7
1292570 2424.7
1292580 2427.9
1292590 2432.3
1292600 2432.3
1292610 2436.5
1292620 2440.4
1292630 2440.4
1292640 2444.0
1292650 2447.6
1292660 2447.6
1292670 2451.3
1292680 2454.3
1292690 2456.9
1292700 2456.9
1292710 2460.0
1292720 2463.3
1292730 2463.3
1292740 2467.3
1292750 2472.1
1292760 2472.1
1292770 2477.0
1292780 2482.9
1292790 2482.9
1292800 2488.7
1292810 2494.9
1292820 2494.9
1292830 2500.6
1292840 2505.3
1292850 2505.3
1292860 2509.7
1292870 2513.5
1292880 2516.8
1292890 2516.8
1292900 2520.0
1292910 2522.1
1292920 2522.1
1292930 2524.0
1292940 2524.5
1292950 2524.5
1292960 2524.9
1292970 2526.0
1292980 2526.0
1292990 2527.6
1293000 2530.9
1293010 2530.9
1293020 2535.1
1293030 2539.5
1293040 2539.5
1293050 2543.9
1293060 2548.0
1293070 2548.0
1293080 2552.1
1293090 2556.8
1293100 2561.2
1293110 2561.2
1293120 2565.6
1293130 2570.0
1293140 2570.0
1293150 2574.7
1293160 2573.6
1293170 2573.6
1293180 2577.3
1293190 2581.3
1293200 2581.3
1293210 2585.0
1293220 2588.8
1293230 2588.8
1293240 2592.7
1293250 2597.4
1293260 2597.4
1293270 2602.7
1293280 2608.5
1293290 2608.5
1293300 2614.5
1293310 2620.6
1293320 2626.1
1293330 2626.1
1293340 2631.1
1293350 2634.7
1293360 2634.7
1293370 2636.8
1293380 2641.4
1293390 2641.4
1293400 2657.9
1293410 2669.1
1293420 2669.1
1293430 2670.0
1293440 2672.6
1293450 2672.6
1293460 2681.1
1293470 2693.6
1293480 2693.6
1293490 2711.2
1293500 2726.6
1293510 2737.1
1293520 2737.1
1293530 2743.7
1293540 2749.2
1293550 2749.2
1293560 2754.4
1293570 2759.8
1293580 2759.8
1293590 2767.7
1293600 2775.4
1293610 2775.4
1293620 2784.3
1293630 2792.5
1293640 2792.5
1293650 2799.7
1293660 2806.4
1293670 2806.4
1293680 2809.9
1293690 2815.9
1293700 2815.9
1293710 2824.4
1293720 2832.5
1293730 2839.7
1293740 2839.7
1293750 2848.5
1293760 2860.0
1293770 2860.0
1293780 2868.6
1293790 2875.7
1293800 2875.7
1293810 2883.5
1293820 2890.0
1293830 2890.0
1293840 2900.4
1293850 2909.5
1293860 2909.5
1293870 2918.7
1293880 2926.7
1293890 2926.7
1293900 2934.6
1293910 2943.1
1293920 2943.1
1293930 2950.1
1293940 2957.3
1293950 2965.2
1293960 2965.2
1293970 2973.4
1293980 2981.5
1293990 2981.5
1294000 2991.2
1294010 2998.0
1294020 2998.0
1294030 3004.7
1294040 3011.0
1294050 3011.0
1294060 3010.5
1294070 3006.7
1294080 3006.7
1294090 3001.3
1294100 2998.9
1294110 2998.9
1294120 3001.3
1294130 3002.8
1294140 3005.5
1294150 3005.5
1294160 3007.3
1294170 3010.0
1294180 3010.0
1294190 3011.7
1294200 2995.0
1294210 2995.0
1294220 2970.7
1294230 2952.9
1294240 2952.9
1294250 2940.6
1294260 2930.1
1294270 2930.1
1294280 2918.5
1294290 2912.6
1294300 2912.6
1294310 2905.8
1294320 2904.2
1294330 2904.2
1294340 2911.3
1294350 2917.8
1294360 2927.3
1294370 2927.3
1294380 2939.5
1294390 2952.1
1294400 2952.1
1294410 2971.9
1294420 2989.0
1294430 2989.0
1294440 3001.0
1294450 2990.0
1294460 2990.0
1294470 2961.5
1294480 2954.5
1294490 2967.7
1294500 2977.4
1294510 3003.7
1294520 3003.7
1294530 3023.8
1294540 3036.2
1294550 3036.2
1294560 3021.3
1294570 3022.7
1294580 3039.9
1294590 3039.9
1294600 3060.1
1294610 3067.7
1294620 3067.7
1294630 3060.1
1294640 3052.7
1294650 3052.7
1294660 3048.9
1294670 3045.3
1294680 3045.3
1294690 3044.9
1294700 3041.6
1294710 3041.6
1294720 3037.0
1294730 3042.3
1294740 3042.3
1294750 3052.4
1294760 3064.8
1294770 3075.2
1294780 3075.2
1294790 3086.2
1294800 3096.1
1294810 3096.1
1294820 3104.9
1294830 3115.1
1294840 3115.1
1294850 3125.4
1294860 3137.9
1294870 3137.9
1294880 3151.7
1294890 3162.6
1294900 3162.6
1294910 3174.5
1294920 3183.8
1294930 3183.8
1294940 3185.8
1294950 3182.9
1294960 3182.9
1294970 3146.9
1294980 3114.1
1294990 3069.1
1295000 3069.1
1295010 3059.8
1295020 3066.9
1295030 3066.9
1295040 3077.8
1295050 3087.2
1295060 3087.2
1295070 3094.7
1295080 3101.1
1295090 3101.1
1295100 3105.9
1295110 3110.4
1295120 3110.4
1295130 3116.3
1295140 3123.5
1295150 3135.1
1295160 3141.5
1295170 3147.7
1295180 3147.7
1295190 3153.8
1295200 3160.0
1295210 3167.0
1295220 3167.0
1295230 3174.7
1295240 3182.2
1295250 3182.2
1295260 3190.7
1295270 3200.5
1295280 3200.5
1295290 3211.2
1295300 3219.6
1295310 3219.6
1295320 3226.3
1295330 3231.5
1295340 3231.5
1295350 3238.1
1295360 3244.4
1295370 3244.4
1295380 3252.3
1295390 3260.3
1295400 3264.3
1295410 3264.3
1295420 3266.7
1295430 3267.8
1295440 3267.8
1295450 3268.4
1295460 3269.0
1295470 3269.0
1295480 3269.5
1295490 3270.9
1295500 3270.9
1295510 3274.3
1295520 3277.3
1295530 3277.3
1295540 3279.0
1295550 3281.5
1295560 3281.5
1295570 3280.6
1295580 3274.9
1295590 3274.9
1295600 3272.8
1295610 3273.3
1295620 3279.0
1295630 3279.0
1295640 3283.3
1295650 3283.6
1295660 3283.6
1295670 3281.4
1295680 3270.1
1295690 3270.1
1295700 3251.6
1295710 3233.9
1295720 3233.9
1295730 3227.3
1295740 3222.6
1295750 3222.6
1295760 3222.8
1295770 3225.4
1295780 3225.4
1295790 3229.2
1295800 3229.9
1295810 3229.9
1295820 3208.5
1295830 3211.6
1295840 3215.3
1295850 3215.3
1295860 3218.7
1295870 3222.3
1295880 3222.3
1295890 3227.6
1295900 3235.8
1295910 3235.8
1295920 3245.9
1295930 3251.9
1295940 3251.9
1295950 3256.8
1295960 3261.9
1295970 3261.9
1295980 3270.9
1295990 3285.0
1296000 3285.0
1296010 3296.7
1296020 3304.2
1296030 3310.3
1296040 3310.3
1296050 3316.2
1296060 3318.4
1296070 3318.4
1296080 3307.2
1296090 3274.9
1296100 3274.9
1296110 3257.2
1296120 3252.9
1296130 3252.9
1296140 3253.1
1296150 3251.2
1296160 3251.2
1296170 3237.7
1296180 3220.0
1296190 3220.0
1296200 3204.6
1296210 3192.8
1296220 3192.8
1296230 3180.6
1296240 3164.4
1296250 3154.1
1296260 3154.1
1296270 3146.1
1296280 3139.7
1296290 3139.7
1296300 3133.7
1296310 3128.9
1296320 3128.9
1296330 3123.4
1296340 3119.5
1296350 3119.5
1296360 3117.4
1296370 3117.1
1296380 3117.1
1296390 3118.3
1296400 3112.7
1296410 3112.7
1296420 3097.0
1296430 3093.2
1296440 3093.2
1296450 3090.6
1296460 3089.5
1296470 3088.2
1296480 3088.2
1296490 3087.9
1296500 3074.0
1296510 3074.0
1296520 3073.6
1296530 3073.2
1296540 3073.2
1296550 3072.4
1296560 3068.9
1296570 3068.9
1296580 3061.0
1296590 3051.6
1296600 3051.6
1296610 3044.4
1296620 3039.4
1296630 3039.4
1296640 3032.9
1296650 3026.3
1296660 3020.3
1296670 3020.3
1296680 3013.7
1296690 3008.5
1296700 3008.5
1296710 3000.9
1296720 2991.3
1296730 2991.3
1296740 2981.1
1296750 2970.6
1296760 2970.6
1296770 2961.3
1296780 2951.6
1296790 2951.6
1296800 2936.2
1296810 2922.8
1296820 2922.8
1296830 2906.6
1296840 2877.8
1296850 2877.8
1296860 2849.7
1296870 2828.7
1296880 2814.6
1296890 2814.6
1296900 2804.3
1296910 2795.0
1296920 2795.0
1296930 2788.2
1296940 2782.8
1296950 2782.8
1296960 2778.6
1296970 2773.8
1296980 2773.8
1296990 2768.1
1297000 2761.9
1297010 2761.9
1297020 2755.7
1297030 2749.5
1297040 2749.5
1297050 2744.2
1297060 2739.6
1297070 2739.6
1297080 2735.4
1297090 2732.2
1297100 2728.9
1297110 2728.9
1297120 2723.6
1297130 2717.7
1297140 2717.7
1297150 2713.0
1297160 2708.0
1297170 2714.7
1297180 2713.0
1297190 2712.5
1297200 2712.5
1297210 2711.7
1297220 2710.2
1297230 2710.2
1297240 2707.6
1297250 2704.2
1297260 2704.2
1297270 2698.5
1297280 2692.3
1297290 2687.2
1297300 2687.2
1297310 2682.1
1297320 2677.6
1297330 2677.6
1297340 2673.5
1297350 2668.7
1297360 2668.7
1297370 2663.6
1297380 2658.1
1297390 2658.1
1297400 2651.4
1297410 2646.4
1297420 2646.4
1297430 2644.3
1297440 2640.9
1297450 2640.9
1297460 2635.3
1297470 2630.3
1297480 2630.3
1297490 2629.4
1297500 2628.3
1297510 2626.0
1297520 2626.0
1297530 2623.8
1297540 2621.4
1297550 2621.4
1297560 2618.0
1297570 2614.2
1297580 2614.2
1297590 2609.8
1297600 2604.2
1297610 2604.2
1297620 2599.3
1297630 2594.6
1297640 2594.6
1297650 2589.8
1297660 2584.4
1297670 2584.4
1297680 2579.3
1297690 2573.0
1297700 2573.0
1297710 2568.6
1297720 2565.7
1297730 2561.1
1297740 2561.1
1297750 2555.7
1297760 2549.5
1297770 2549.5
1297780 2543.4
1297790 2537.6
1297800 2537.6
1297810 2532.3
1297820 2527.4
1297830 2527.4
1297840 2523.3
1297850 2521.6
1297860 2521.6
1297870 2517.0
1297880 2512.7
1297890 2512.7
1297900 2507.5
1297910 2502.8
1297920 2498.2
1297930 2498.2
1297940 2494.9
1297950 2491.8
1297960 2491.8
1297970 2487.9
1297980 2483.8
1297990 2483.8
1298000 2480.3
1298010 2476.0
1298020 2476.0
1298030 2470.7
1298040 2467.9
1298050 2467.9
1298060 2465.7
1298070 2462.3
1298080 2462.3
1298090 2459.6
1298100 2456.0
1298110 2456.0
1298120 2452.8
1298130 2450.5
1298140 2447.3
1298150 2447.3
1298160 2443.7
1298170 2439.5
1298180 2439.5
1298190 2436.1
1298200 2433.9
1298210 2433.9
1298220 2432.6
1298230 2431.1
1298240 2431.1
1298250 2428.7
1298260 2426.1
1298270 2426.1
1298280 2423.2
1298290 2419.8
1298300 2419.8
1298310 2417.1
1298320 2414.1
1298330 2414.1
1298340 2411.2
1298350 2407.8
1298360 2405.4
1298370 2405.4
1298380 2403.5
1298390 2400.7
1298400 2400.7
1298410 2397.7
1298420 2393.5
1298430 2393.5
1298440 2388.3
1298450 2382.3
1298460 2382.3
1298470 2376.4
1298480 2372.1
1298490 2372.1
1298500 2367.8
1298510 2362.4
1298520 2362.4
1298530 2358.9
1298540 2354.7
1298550 2350.6
1298560 2350.6
1298570 2346.3
1298580 2342.0
1298590 2342.0
1298600 2337.9
1298610 2334.3
1298620 2334.3
1298630 2330.7
1298640 2328.1
1298650 2328.1
1298660 2325.4
1298670 2322.6
1298680 2322.6
1298690 2319.4
1298700 2316.0
1298710 2316.0
1298720 2312.4
1298730 2308.5
1298740 2308.5
1298750 2303.5
1298760 2297.8
1298770 2292.7
1298780 2292.7
1298790 2287.3
1298800 2282.1
1298810 2282.1
1298820 2276.3
1298830 2270.0
1298840 2270.0
1298850 2264.1
1298860 2258.0
1298870 2258.0
1298880 2252.6
1298890 2248.1
1298900 2248.1
1298910 2240.8
1298920 2234.4
1298930 2234.4
1298940 2230.6
1298950 2226.6
1298960 2226.6
1298970 2221.7
1298980 2215.4
1298990 2210.1
1299000 2210.1
1299010 2205.9
1299020 2201.6
1299030 2201.6
1299040 2198.0
1299050 2194.9
1299060 2194.9
1299070 2191.1
1299080 2186.5
1299090 2186.5
1299100 2181.9
1299110 2179.0
1299120 2179.0
1299130 2176.0
1299140 2173.0
1299150 2173.0
1299160 2171.0
1299170 2168.4
1299180 2164.8
1299190 2164.8
1299200 2162.6
1299210 2164.6
1299220 2164.6
1299230 2161.2
1299240 2157.9
1299250 2157.9
1299260 2155.1
1299270 2153.6
1299280 2153.6
1299290 2151.6
1299300 2149.2
1299310 2149.2
1299320 2146.4
1299330 2142.7
1299340 2142.7
1299350 2137.7
1299360 2134.7
1299370 2134.7
1299380 2132.7
1299390 2131.9
1299400 2131.2
1299410 2131.2
1299420 2129.8
1299430 2126.0
1299440 2126.0
1299450 2122.7
1299460 2123.5
1299470 2123.5
1299480 2122.7
1299490 2122.9
1299500 2122.9
1299510 2123.2
1299520 2122.1
1299530 2122.1
1299540 2121.3
1299550 2121.4
1299560 2121.4
1299570 2121.3
1299580 2120.8
1299590 2120.8
1299600 2118.8
1299610 2116.8
1299620 2114.9
1299630 2114.9
1299640 2113.0
1299650 2111.4
1299660 2111.4
1299670 2109.5
1299680 2107.1
1299690 2107.1
1299700 2105.8
1299710 2104.7
1299720 2104.7
1299730 2103.2
1299740 2102.1
1299750 2102.1
1299760 2101.2
1299770 2099.8
1299780 2099.8
1299790 2098.1
1299800 2095.6
1299810 2093.4
1299820 2093.4
1299830 2091.0
1299840 2089.1
1299850 2089.1
1299860 2087.6
1299870 2085.7
1299880 2085.7
1299890 2084.3
1299900 2080.6
1299910 2080.6
1299920 2079.6
1299930 2079.2
1299940 2079.2
1299950 2078.4
1299960 2075.9
1299970 2075.9
1299980 2073.6
1299990 2073.0
