1280000 1521.9
1280010 1526.4
1280020 1528.6
1280030 1528.8
1280040 1528.8
1280050 1521.0
1280060 1517.5
1280070 1508.9
1280080 1515.4
1280090 1522.5
1280100 1522.5
1280110 1529.2
1280120 1536.5
1280130 1536.5
1280140 1543.7
1280150 1549.3
1280160 1549.3
1280170 1553.2
1280180 1556.3
1280190 1556.3
1280200 1555.1
1280210 1553.5
1280220 1553.5
1280230 1555.3
1280240 1557.7
1280250 1561.4
1280260 1561.4
1280270 1565.0
1280280 1567.5
1280290 1567.5
1280300 1570.0
1280310 1573.0
1280320 1573.0
1280330 1575.3
1280340 1578.3
1280350 1578.3
1280360 1581.6
1280370 1584.9
1280380 1584.9
1280390 1587.9
1280400 1591.4
1280410 1591.4
1280420 1595.2
1280430 1599.2
1280440 1599.2
1280450 1604.0
1280460 1608.1
1280470 1611.0
1280480 1611.0
1280490 1612.6
1280500 1612.2
1280510 1612.2
1280520 1610.3
1280530 1607.9
1280540 1607.9
1280550 1604.4
1280560 1600.8
1280570 1600.8
1280580 1595.5
1280590 1589.7
1280600 1589.7
1280610 1584.1
1280620 1579.5
1280630 1579.5
1280640 1575.6
1280650 1572.2
1280660 1567.1
1280670 1567.1
1280680 1562.6
1280690 1555.3
1280700 1555.3
1280710 1551.1
1280720 1546.6
1280730 1546.6
1280740 1542.2
1280750 1538.1
1280760 1538.1
1280770 1534.3
1280780 1531.5
1280790 1531.5
1280800 1532.8
1280810 1536.6
1280820 1536.6
1280830 1539.6
1280840 1542.9
1280850 1542.9
1280860 1546.6
1280870 1550.1
1280880 1553.1
1280890 1553.1
1280900 1556.0
1280910 1559.6
1280920 1559.6
1280930 1564.1
1280940 1568.1
1280950 1568.1
1280960 1572.1
1280970 1577.3
1280980 1577.3
1280990 1583.5
1281000 1589.5
1281010 1589.5
1281020 1595.3
1281030 1599.9
1281040 1599.9
1281050 1604.9
1281060 1609.5
1281070 1609.5
1281080 1614.1
1281090 1618.4
1281100 1622.2
1281110 1622.2
1281120 1626.3
1281130 1630.3
1281140 1630.3
1281150 1633.7
1281160 1636.9
1281170 1636.9
1281180 1640.7
1281190 1644.0
1281200 1644.0
1281210 1647.3
1281220 1651.1
1281230 1651.1
1281240 1654.6
1281250 1657.3
1281260 1657.3
1281270 1660.1
1281280 1663.2
1281290 1663.2
1281300 1666.7
1281310 1671.3
1281320 1674.8
1281330 1674.8
1281340 1677.4
1281350 1679.7
1281360 1679.7
1281370 1681.7
1281380 1683.5
1281390 1683.5
1281400 1685.6
1281410 1687.9
1281420 1687.9
1281430 1690.9
1281440 1693.7
1281450 1693.7
1281460 1696.8
1281470 1700.1
1281480 1700.1
1281490 1703.5
1281500 1707.1
1281510 1711.6
1281520 1711.6
1281530 1715.5
1281540 1718.1
1281550 1718.1
1281560 1721.0
1281570 1723.9
1281580 1723.9
1281590 1726.9
1281600 1729.8
1281610 1729.8
1281620 1732.5
1281630 1734.8
1281640 1734.8
1281650 1737.4
1281660 1740.9
1281670 1740.9
1281680 1744.3
1281690 1748.2
1281700 1748.2
1281710 1752.4
1281720 1755.7
1281730 1759.0
1281740 1759.0
1281750 1762.4
1281760 1765.6
1281770 1765.6
1281780 1768.2
1281790 1770.7
1281800 1770.7
1281810 1773.3
1281820 1776.4
1281830 1776.4
1281840 1779.4
1281850 1782.5
1281860 1782.5
1281870 1785.7
1281880 1788.7
1281890 1788.7
1281900 1791.8
1281910 1795.0
1281920 1795.0
1281930 1797.9
1281940 1801.6
1281950 1804.0
1281960 1804.0
1281970 1806.7
1281980 1809.7
1281990 1809.7
1282000 1812.9
1282010 1816.0
1282020 1816.0
1282030 1819.0
1282040 1821.6
1282050 1821.6
1282060 1823.5
1282070 1825.2
1282080 1825.2
1282090 1827.1
1282100 1829.6
1282110 1829.6
1282120 1831.8
1282130 1834.3
1282140 1837.2
1282150 1837.2
1282160 1840.0
1282170 1842.5
1282180 1842.5
1282190 1844.4
1282200 1845.9
1282210 1845.9
1282220 1847.2
1282230 1848.6
1282240 1848.6
1282250 1850.0
1282260 1851.0
1282270 1851.0
1282280 1851.3
1282290 1852.1
1282300 1852.1
1282310 1852.8
1282320 1853.5
1282330 1853.5
1282340 1853.8
1282350 1854.5
1282360 1855.7
1282370 1855.7
1282380 1856.6
1282390 1857.4
1282400 1857.4
1282410 1858.3
1282420 1859.2
1282430 1859.2
1282440 1859.5
1282450 1859.4
1282460 1859.4
1282470 1858.8
1282480 1858.1
1282490 1858.1
1282500 1856.4
1282510 1853.5
1282520 1853.5
1282530 1850.1
1282540 1847.0
1282550 1847.0
1282560 1848.7
1282570 1846.0
1282580 1843.0
1282590 1843.0
1282600 1839.8
1282610 1837.2
1282620 1837.2
1282630 1837.7
1282640 1837.9
1282650 1837.9
1282660 1839.0
1282670 1840.8
1282680 1840.8
1282690 1842.3
1282700 1843.0
1282710 1843.0
1282720 1842.8
1282730 1842.5
1282740 1842.5
1282750 1843.8
1282760 1845.7
1282770 1845.7
1282780 1847.4
1282790 1849.3
1282800 1850.2
1282810 1850.2
1282820 1853.3
1282830 1857.5
1282840 1857.5
1282850 1860.5
1282860 1862.2
1282870 1862.2
1282880 1863.5
1282890 1865.6
1282900 1865.6
1282910 1868.9
1282920 1871.3
1282930 1871.3
1282940 1874.9
1282950 1880.2
1282960 1880.2
1282970 1885.3
1282980 1889.9
1282990 1894.4
1283000 1894.4
1283010 1901.1
1283020 1907.7
1283030 1907.7
1283040 1914.3
1283050 1922.9
1283060 1922.9
1283070 1930.9
1283080 1936.9
1283090 1936.9
1283100 1942.4
1283110 1947.5
1283120 1947.5
1283130 1952.8
1283140 1957.7
1283150 1957.7
1283160 1962.4
1283170 1967.7
1283180 1967.7
1283190 1974.5
1283200 1978.7
1283210 1982.5
1283220 1982.5
1283230 1985.7
1283240 1988.1
1283250 1988.1
1283260 1989.6
1283270 1990.5
1283280 1990.5
1283290 1990.6
1283300 1990.2
1283310 1990.2
1283320 1989.4
1283330 1988.2
1283340 1988.2
1283350 1986.9
1283360 1985.6
1283370 1985.6
1283380 1984.5
1283390 1983.3
1283400 1983.3
1283410 1982.1
1283420 1981.2
1283430 1980.4
1283440 1980.4
1283450 1979.6
1283460 1980.0
1283470 1980.0
1283480 1980.4
1283490 1981.4
1283500 1981.4
1283510 1984.0
1283520 1987.6
1283530 1987.6
1283540 1991.2
1283550 1994.3
1283560 1994.3
1283570 1997.1
1283580 2001.6
1283590 2001.6
1283600 2006.3
1283610 2010.3
1283620 2013.7
1283630 2013.7
1283640 2015.4
1283650 2015.5
1283660 2015.5
1283670 2016.2
1283680 2016.9
1283690 2016.9
1283700 2017.3
1283710 2018.6
1283720 2018.6
1283730 2020.6
1283740 2022.0
1283750 2022.0
1283760 2023.6
1283770 2025.8
1283780 2025.8
1283790 2028.5
1283800 2031.0
1283810 2031.0
1283820 2032.4
1283830 2034.8
1283840 2037.0
1283850 2037.0
1283860 2039.3
1283870 2041.5
1283880 2041.5
1283890 2043.1
1283900 2045.2
1283910 2045.2
1283920 2048.8
1283930 2052.2
1283940 2052.2
1283950 2055.5
1283960 2058.5
1283970 2058.5
1283980 2061.4
1283990 2064.5
1284000 2064.5
1284010 2067.8
1284020 2071.3
1284030 2071.3
1284040 2074.8
1284050 2078.1
1284060 2081.4
1284070 2081.4
1284080 2084.7
1284090 2088.4
1284100 2088.4
1284110 2092.2
1284120 2096.2
1284130 2096.2
1284140 2100.5
1284150 2105.2
1284160 2105.2
1284170 2110.8
1284180 2116.6
1284190 2116.6
1284200 2121.7
1284210 2125.9
1284220 2125.9
1284230 2120.6
1284240 2107.1
1284250 2107.1
1284260 2099.1
1284270 2092.7
1284280 2084.2
1284290 2084.2
1284300 2078.2
1284310 2075.4
1284320 2075.4
1284330 2072.0
1284340 2067.2
1284350 2067.2
1284360 2060.8
1284370 2057.2
1284380 2057.2
1284390 2051.1
1284400 2046.3
1284410 2046.3
1284420 2042.7
1284430 2040.1
1284440 2040.1
1284450 2046.7
1284460 2045.9
1284470 2044.6
1284480 2044.6
1284490 2043.6
1284500 2042.5
1284510 2042.5
1284520 2042.0
1284530 2041.6
1284540 2041.6
1284550 2042.3
1284560 2042.2
1284570 2042.2
1284580 2042.9
1284590 2044.7
1284600 2044.7
1284610 2044.7
1284620 2044.2
1284630 2044.2
1284640 2043.1
1284650 2040.6
1284660 2040.6
1284670 2038.4
1284680 2036.6
1284690 2034.4
1284700 2034.4
1284710 2032.0
1284720 2028.6
1284730 2028.6
1284740 2027.1
1284750 2026.1
1284760 2026.1
1284770 2024.7
1284780 2018.9
1284790 2018.9
1284800 2007.3
1284810 1998.3
1284820 1998.3
1284830 1992.1
1284840 1987.5
1284850 1987.5
1284860 1985.1
1284870 1983.4
1284880 1983.4
1284890 1980.0
1284900 1978.8
1284910 1985.4
1284920 1985.4
1284930 1993.4
1284940 1999.1
1284950 1999.1
1284960 2002.6
1284970 2002.5
1284980 2002.5
1284990 1991.5
1285000 1978.7
1285010 1978.7
1285020 1969.1
1285030 1959.9
1285040 1959.9
1285050 1951.0
1285060 1944.2
1285070 1944.2
1285080 1938.7
1285090 1940.4
1285100 1937.7
1285110 1937.7
1285120 1936.0
1285130 1936.6
1285140 1936.6
1285150 1937.7
1285160 1939.1
1285170 1939.1
1285180 1939.6
1285190 1940.5
1285200 1940.5
1285210 1941.7
1285220 1943.2
1285230 1943.2
1285240 1943.9
1285250 1944.7
1285260 1944.7
1285270 1944.9
1285280 1945.1
1285290 1945.1
1285300 1946.0
1285310 1946.1
1285320 1945.9
1285330 1945.9
1285340 1946.3
1285350 1948.0
1285360 1948.0
1285370 1948.8
1285380 1948.3
1285390 1948.3
1285400 1948.4
1285410 1948.5
1285420 1948.5
1285430 1947.7
1285440 1946.2
1285450 1946.2
1285460 1945.1
1285470 1944.6
1285480 1944.6
1285490 1943.7
1285500 1944.3
1285510 1944.3
1285520 1944.1
1285530 1943.6
1285540 1944.1
1285550 1944.1
1285560 1947.9
1285570 1952.7
1285580 1952.7
1285590 1958.9
1285600 1965.7
1285610 1965.7
1285620 1971.4
1285630 1973.3
1285640 1973.3
1285650 1975.8
1285660 1980.0
1285670 1980.0
1285680 1984.7
1285690 1989.3
1285700 1989.3
1285710 1993.0
1285720 1999.4
1285730 1999.4
1285740 2003.9
1285750 2009.7
1285760 2016.7
1285770 2016.7
1285780 2023.5
1285790 2029.4
1285800 2029.4
1285810 2035.8
1285820 2042.1
1285830 2042.1
1285840 2048.2
1285850 2054.4
1285860 2054.4
1285870 2060.7
1285880 2067.6
1285890 2067.6
1285900 2073.9
1285910 2080.1
1285920 2080.1
1285930 2086.4
1285940 2092.0
1285950 2094.9
1285960 2094.9
1285970 2095.1
1285980 2091.4
1285990 2091.4
1286000 2084.3
1286010 2078.4
1286020 2078.4
1286030 2068.0
1286040 2058.8
1286050 2058.8
1286060 2051.6
1286070 2038.4
1286080 2038.4
1286090 2027.4
1286100 2017.9
1286110 2017.9
1286120 2011.1
1286130 2003.4
1286140 2003.4
1286150 1995.6
1286160 1989.5
1286170 1983.9
1286180 1983.9
1286190 1978.1
1286200 1975.1
1286210 1975.1
1286220 1974.7
1286230 1975.4
1286240 1975.4
1286250 1973.2
1286260 1970.7
1286270 1970.7
1286280 1968.8
1286290 1965.1
1286300 1965.1
1286310 1960.7
1286320 1955.1
1286330 1955.1
1286340 1949.2
1286350 1944.5
1286360 1950.0
1286370 1948.9
1286380 1948.1
1286390 1947.6
1286400 1947.6
1286410 1947.3
1286420 1950.0
1286430 1950.0
1286440 1952.8
1286450 1955.4
1286460 1955.4
1286470 1960.4
1286480 1964.3
1286490 1964.3
1286500 1968.6
1286510 1972.9
1286520 1972.9
1286530 1978.0
1286540 1983.3
1286550 1983.3
1286560 1982.7
1286570 1981.2
1286580 1980.5
1286590 1980.5
1286600 1979.5
1286610 1976.3
1286620 1976.3
1286630 1962.4
1286640 1945.0
1286650 1945.0
1286660 1938.2
1286670 1931.6
1286680 1931.6
1286690 1925.4
1286700 1921.5
1286710 1921.5
1286720 1919.9
1286730 1919.5
1286740 1919.5
1286750 1919.0
1286760 1919.4
1286770 1919.4
1286780 1920.6
1286790 1922.9
1286800 1924.6
1286810 1924.6
1286820 1926.6
1286830 1929.3
1286840 1929.3
1286850 1932.3
1286860 1934.2
1286870 1934.2
1286880 1937.8
1286890 1941.0
1286900 1941.0
1286910 1941.4
1286920 1941.7
1286930 1941.7
1286940 1944.5
1286950 1949.2
1286960 1949.2
1286970 1951.6
1286980 1949.4
1286990 1949.4
1287000 1947.1
1287010 1946.6
1287020 1937.4
1287030 1937.4
1287040 1924.6
1287050 1899.1
1287060 1899.1
1287070 1879.6
1287080 1871.1
1287090 1871.1
1287100 1864.4
1287110 1858.1
1287120 1858.1
1287130 1857.8
1287140 1851.1
1287150 1851.1
1287160 1844.6
1287170 1842.2
1287180 1842.2
1287190 1838.5
1287200 1833.0
1287210 1815.7
1287220 1815.7
1287230 1811.0
1287240 1802.7
1287250 1802.7
1287260 1771.5
1287270 1737.6
1287280 1737.6
1287290 1720.1
1287300 1714.8
1287310 1714.8
1287320 1711.3
1287330 1706.6
1287340 1706.6
1287350 1702.2
1287360 1696.3
1287370 1696.3
1287380 1689.7
1287390 1684.8
1287400 1684.8
1287410 1680.5
1287420 1676.0
1287430 1671.5
1287440 1671.5
1287450 1665.7
1287460 1660.5
1287470 1660.5
1287480 1656.5
1287490 1651.9
1287500 1651.9
1287510 1646.7
1287520 1640.7
1287530 1640.7
1287540 1635.7
1287550 1631.7
1287560 1631.7
1287570 1628.8
1287580 1626.2
1287590 1626.2
1287600 1624.4
1287610 1622.6
1287620 1622.6
1287630 1620.9
1287640 1623.8
1287650 1625.2
1287660 1625.2
1287670 1627.6
1287680 1631.3
1287690 1631.3
1287700 1635.0
1287710 1637.9
1287720 1637.9
1287730 1642.9
1287740 1649.2
1287750 1649.2
1287760 1655.6
1287770 1661.7
1287780 1661.7
1287790 1669.1
1287800 1676.2
1287810 1676.2
1287820 1682.9
1287830 1689.2
1287840 1689.2
1287850 1695.2
1287860 1699.7
1287870 1705.9
1287880 1705.9
1287890 1711.7
1287900 1716.7
1287910 1716.7
1287920 1723.2
1287930 1729.7
1287940 1729.7
1287950 1736.5
1287960 1743.6
1287970 1743.6
1287980 1750.5
1287990 1755.6
1288000 1755.6
1288010 1761.2
1288020 1763.8
1288030 1763.8
1288040 1765.0
1288050 1769.1
1288060 1775.8
1288070 1775.8
1288080 1783.8
1288090 1791.5
1288100 1791.5
1288110 1798.9
1288120 1805.7
1288130 1805.7
1288140 1814.2
1288150 1822.5
1288160 1822.5
1288170 1828.2
1288180 1824.6
1288190 1824.6
1288200 1814.6
1288210 1806.3
1288220 1806.3
1288230 1798.9
1288240 1792.4
1288250 1792.4
1288260 1786.4
1288270 1780.9
1288280 1775.9
1288290 1781.9
1288300 1777.7
1288310 1773.9
1288320 1773.9
1288330 1769.2
1288340 1765.0
1288350 1765.0
1288360 1765.1
1288370 1765.2
1288380 1765.2
1288390 1760.5
1288400 1757.0
1288410 1757.0
1288420 1756.2
1288430 1757.4
1288440 1757.4
1288450 1758.5
1288460 1759.9
1288470 1759.9
1288480 1761.0
1288490 1761.2
1288500 1761.6
1288510 1761.6
1288520 1760.0
1288530 1759.4
1288540 1759.4
1288550 1762.9
1288560 1770.0
1288570 1770.0
1288580 1774.7
1288590 1779.1
1288600 1779.1
1288610 1784.2
1288620 1789.1
1288630 1789.1
1288640 1792.5
1288650 1795.3
1288660 1795.3
1288670 1797.3
1288680 1800.1
1288690 1804.4
1288700 1804.4
1288710 1807.1
1288720 1807.2
1288730 1807.2
1288740 1801.2
1288750 1758.0
1288760 1758.0
1288770 1717.5
1288780 1697.4
1288790 1697.4
1288800 1688.1
1288810 1680.2
1288820 1680.2
1288830 1673.3
1288840 1665.0
1288850 1665.0
1288860 1657.4
1288870 1633.4
1288880 1633.4
1288890 1617.3
1288900 1606.0
1288910 1598.4
1288920 1598.4
1288930 1595.5
1288940 1588.4
1288950 1588.4
1288960 1584.5
1288970 1585.6
1288980 1585.6
1288990 1583.5
1289000 1579.6
1289010 1579.6
1289020 1570.3
1289030 1557.2
1289040 1557.2
1289050 1546.2
1289060 1540.2
1289070 1540.2
1289080 1534.2
1289090 1529.6
1289100 1529.6
1289110 1525.1
1289120 1521.0
1289130 1520.0
1289140 1520.0
1289150 1519.8
1289160 1518.8
1289170 1518.8
1289180 1516.9
1289190 1515.1
1289200 1515.1
1289210 1512.7
1289220 1509.5
1289230 1509.5
1289240 1505.6
1289250 1501.3
1289260 1501.3
1289270 1496.9
1289280 1492.5
1289290 1492.5
1289300 1488.6
1289310 1487.1
1289320 1486.8
1289330 1486.8
1289340 1486.1
1289350 1485.3
1289360 1485.3
1289370 1484.2
1289380 1482.1
1289390 1482.1
1289400 1479.6
1289410 1477.1
1289420 1477.1
1289430 1474.2
1289440 1471.0
1289450 1471.0
1289460 1467.9
1289470 1464.1
1289480 1464.1
1289490 1460.3
1289500 1460.4
1289510 1460.4
1289520 1462.1
1289530 1464.6
1289540 1467.5
1289550 1467.5
1289560 1467.5
1289570 1468.0
1289580 1469.6
1289590 1471.5
1289600 1473.4
1289610 1473.4
1289620 1475.4
1289630 1478.3
1289640 1478.3
1289650 1481.1
1289660 1483.5
1289670 1483.5
1289680 1490.4
1289690 1495.8
1289700 1495.8
1289710 1500.2
1289720 1505.1
1289730 1505.1
1289740 1510.2
1289750 1515.6
1289760 1520.6
1289770 1520.6
1289780 1526.4
1289790 1532.2
1289800 1532.2
1289810 1538.4
1289820 1544.1
1289830 1544.1
1289840 1548.6
1289850 1553.3
1289860 1553.3
1289870 1558.0
1289880 1562.4
1289890 1562.4
1289900 1566.9
1289910 1571.8
1289920 1571.8
1289930 1577.0
1289940 1582.1
1289950 1587.3
1289960 1587.3
1289970 1592.8
1289980 1597.7
1289990 1597.7
1290000 1602.7
1290010 1607.5
1290020 1607.5
1290030 1611.8
1290040 1616.3
1290050 1616.3
1290060 1621.3
1290070 1626.2
1290080 1626.2
1290090 1630.6
1290100 1634.9
1290110 1634.9
1290120 1639.6
1290130 1643.9
1290140 1643.9
1290150 1648.8
1290160 1654.6
1290170 1660.0
1290180 1660.0
1290190 1665.8
1290200 1671.6
1290210 1671.6
1290220 1677.1
1290230 1676.4
1290240 1676.4
1290250 1681.1
1290260 1683.8
1290270 1683.8
1290280 1685.8
1290290 1688.4
1290300 1688.4
1290310 1689.5
1290320 1692.7
1290330 1692.7
1290340 1699.9
1290350 1707.5
1290360 1707.5
1290370 1715.3
1290380 1723.0
1290390 1730.6
1290400 1730.6
1290410 1738.4
1290420 1746.0
1290430 1746.0
1290440 1753.9
1290450 1761.6
1290460 1761.6
1290470 1774.0
1290480 1790.5
1290490 1790.5
1290500 1800.7
1290510 1810.9
1290520 1810.9
1290530 1817.0
1290540 1817.4
1290550 1817.4
1290560 1819.7
1290570 1826.3
1290580 1833.8
1290590 1833.8
1290600 1842.0
1290610 1850.3
1290620 1850.3
1290630 1857.8
1290640 1867.2
1290650 1867.2
1290660 1878.2
1290670 1885.0
1290680 1885.0
1290690 1891.0
1290700 1898.4
1290710 1898.4
1290720 1911.4
1290730 1924.2
1290740 1924.2
1290750 1933.4
1290760 1944.1
1290770 1944.1
1290780 1954.3
1290790 1964.3
1290800 1977.0
1290810 1977.0
1290820 1984.9
1290830 1992.0
1290840 1992.0
1290850 2000.0
1290860 2008.5
1290870 2008.5
1290880 2016.2
1290890 2025.1
1290900 2025.1
1290910 2033.2
1290920 2041.2
1290930 2041.2
1290940 2049.9
1290950 2061.0
1290960 2061.0
1290970 2071.7
1290980 2083.2
1290990 2083.2
1291000 2092.7
1291010 2100.5
1291020 2111.0
1291030 2111.0
1291040 2123.0
1291050 2133.4
1291060 2133.4
1291070 2141.5
1291080 2148.6
1291090 2148.6
1291100 2155.5
1291110 2162.6
1291120 2162.6
1291130 2170.3
1291140 2176.9
1291150 2176.9
1291160 2182.8
1291170 2188.4
1291180 2188.4
1291190 2192.5
1291200 2195.8
1291210 2195.8
1291220 2198.4
1291230 2200.5
1291240 2204.0
1291250 2204.0
1291260 2206.6
1291270 2208.0
1291280 2208.0
1291290 2210.2
1291300 2213.4
1291310 2213.4
1291320 2216.0
1291330 2220.5
1291340 2220.5
1291350 2223.7
1291360 2225.1
1291370 2225.1
1291380 2227.7
1291390 2230.5
1291400 2230.5
1291410 2232.7
1291420 2234.4
1291430 2234.1
1291440 2234.1
1291450 2234.3
1291460 2233.7
1291470 2233.7
1291480 2234.1
1291490 2238.9
1291500 2238.9
1291510 2244.1
1291520 2244.3
1291530 2244.3
1291540 2231.7
1291550 2232.9
1291560 2232.9
1291570 2236.3
1291580 2239.1
1291590 2239.1
1291600 2243.1
1291610 2242.1
1291620 2242.1
1291630 2246.6
1291640 2251.5
1291650 2250.0
1291660 2250.0
1291670 2248.8
1291680 2250.3
1291690 2250.3
1291700 2252.8
1291710 2255.5
1291720 2255.5
1291730 2258.8
1291740 2262.6
1291750 2262.6
1291760 2267.3
1291770 2270.8
1291780 2270.8
1291790 2274.6
1291800 2278.7
1291810 2278.7
1291820 2279.3
1291830 2279.8
1291840 2279.8
1291850 2283.7
1291860 2288.4
1291870 2292.9
1291880 2292.9
1291890 2297.8
1291900 2303.5
1291910 2303.5
1291920 2307.6
1291930 2310.6
1291940 2310.6
1291950 2311.8
1291960 2316.0
1291970 2316.0
1291980 2321.8
1291990 2328.3
1292000 2328.3
1292010 2335.4
1292020 2343.4
1292030 2343.4
1292040 2351.5
1292050 2357.2
1292060 2363.7
1292070 2363.7
1292080 2371.0
1292090 2377.8
1292100 2377.8
1292110 2383.8
1292120 2388.6
1292130 2388.6
1292140 2394.1
1292150 2400.5
1292160 2400.5
1292170 2407.2
1292180 2413.9
1292190 2413.9
1292200 2414.5
1292210 2419.9
1292220 2419.9
1292230 2424.9
1292240 2429.5
1292250 2429.5
1292260 2434.6
1292270 2439.8
1292280 2445.0
1292290 2445.0
1292300 2449.6
1292310 2452.5
1292320 2452.5
1292330 2454.8
1292340 2459.0
1292350 2459.0
1292360 2464.7
1292370 2469.5
1292380 2469.5
1292390 2473.7
1292400 2476.9
1292410 2476.9
1292420 2478.9
1292430 2480.9
1292440 2480.9
1292450 2482.5
1292460 2483.5
1292470 2483.5
1292480 2486.2
1292490 2488.6
1292500 2490.3
1292510 2490.3
1292520 2492.7
1292530 2496.1
1292540 2496.1
1292550 2500.8
1292560 2506.3
1292570 2506.3
1292580 2511.8
1292590 2517.1
1292600 2517.1
1292610 2522.1
1292620 2527.7
1292630 2527.7
1292640 2532.1
1292650 2537.1
1292660 2537.1
1292670 2542.6
1292680 2547.1
1292690 2550.8
1292700 2550.8
1292710 2554.5
1292720 2558.8
1292730 2558.8
1292740 2565.1
1292750 2571.3
1292760 2571.3
1292770 2577.2
1292780 2583.2
1292790 2583.2
1292800 2588.8
1292810 2595.3
1292820 2595.3
1292830 2602.1
1292840 2610.0
1292850 2610.0
1292860 2620.3
1292870 2627.1
1292880 2627.1
1292890 2635.1
1292900 2645.4
1292910 2654.1
1292920 2654.1
1292930 2664.2
1292940 2680.9
1292950 2680.9
1292960 2694.3
1292970 2710.4
1292980 2710.4
1292990 2721.1
1293000 2726.3
1293010 2726.3
1293020 2732.7
1293030 2738.3
1293040 2738.3
1293050 2743.8
1293060 2749.7
1293070 2749.7
1293080 2757.0
1293090 2766.0
1293100 2766.0
1293110 2777.6
1293120 2786.6
1293130 2789.2
1293140 2789.2
1293150 2790.7
1293160 2795.3
1293170 2795.3
1293180 2791.0
1293190 2785.3
1293200 2785.3
1293210 2777.5
1293220 2762.1
1293230 2762.1
1293240 2750.2
1293250 2738.6
1293260 2738.6
1293270 2725.5
1293280 2717.9
1293290 2717.9
1293300 2720.1
1293310 2715.8
1293320 2703.8
1293330 2703.8
1293340 2671.8
1293350 2656.2
1293360 2656.2
1293370 2663.3
1293380 2672.7
1293390 2672.7
1293400 2681.3
1293410 2686.4
1293420 2686.4
1293430 2689.3
1293440 2680.5
1293450 2680.5
1293460 2662.3
1293470 2651.5
1293480 2651.5
1293490 2642.5
1293500 2634.4
1293510 2634.4
1293520 2649.5
1293530 2643.7
1293540 2639.0
1293550 2639.0
1293560 2636.6
1293570 2631.3
1293580 2631.3
1293590 2623.3
1293600 2618.2
1293610 2618.2
1293620 2613.5
1293630 2599.4
1293640 2599.4
1293650 2589.7
1293660 2582.3
1293670 2582.3
1293680 2573.4
1293690 2566.0
1293700 2566.0
1293710 2567.1
1293720 2570.9
1293730 2570.9
1293740 2564.7
1293750 2550.0
1293760 2534.3
1293770 2534.3
1293780 2522.7
1293790 2513.2
1293800 2513.2
1293810 2501.7
1293820 2496.2
1293830 2496.2
1293840 2495.1
1293850 2493.8
1293860 2493.8
1293870 2493.4
1293880 2492.5
1293890 2492.5
1293900 2489.3
1293910 2485.4
1293920 2485.4
1293930 2483.1
1293940 2480.7
1293950 2479.1
1293960 2479.1
1293970 2479.2
1293980 2477.9
1293990 2477.9
1294000 2474.2
1294010 2470.1
1294020 2470.1
1294030 2464.5
1294040 2458.5
1294050 2458.5
1294060 2452.2
1294070 2445.7
1294080 2445.7
1294090 2440.0
1294100 2436.9
1294110 2436.9
1294120 2435.6
1294130 2434.4
1294140 2434.4
1294150 2434.1
1294160 2435.6
1294170 2424.5
1294180 2435.8
1294190 2419.5
1294200 2415.7
1294210 2415.7
1294220 2411.5
1294230 2405.6
1294240 2405.6
1294250 2399.8
1294260 2397.9
1294270 2397.9
1294280 2398.3
1294290 2398.5
1294300 2398.5
1294310 2399.6
1294320 2401.7
1294330 2401.7
1294340 2397.1
1294350 2394.7
1294360 2394.7
1294370 2397.2
1294380 2398.4
1294390 2398.9
1294400 2398.9
1294410 2397.2
1294420 2395.1
1294430 2395.1
1294440 2393.4
1294450 2391.3
1294460 2391.3
1294470 2389.6
1294480 2387.9
1294490 2387.9
1294500 2387.2
1294510 2387.2
1294520 2387.2
1294530 2386.7
1294540 2386.1
1294550 2386.1
1294560 2385.4
1294570 2385.6
1294580 2385.6
1294590 2386.8
1294600 2388.3
1294610 2390.0
1294620 2390.0
1294630 2392.8
1294640 2395.6
1294650 2395.6
1294660 2398.5
1294670 2400.6
1294680 2400.6
1294690 2402.5
1294700 2404.4
1294710 2404.4
1294720 2407.1
1294730 2409.9
1294740 2409.9
1294750 2413.2
1294760 2416.5
1294770 2416.5
1294780 2420.4
1294790 2424.5
1294800 2428.8
1294810 2428.8
1294820 2432.3
1294830 2434.9
1294840 2434.9
1294850 2441.2
1294860 2444.3
1294870 2444.3
1294880 2447.7
1294890 2453.1
1294900 2453.1
1294910 2458.9
1294920 2463.5
1294930 2463.5
1294940 2467.0
1294950 2469.3
1294960 2469.3
1294970 2471.6
1294980 2473.6
1294990 2473.6
1295000 2474.8
1295010 2476.5
1295020 2484.8
1295030 2484.8
1295040 2495.0
1295050 2504.6
1295060 2504.6
1295070 2510.9
1295080 2515.3
1295090 2515.3
1295100 2520.3
1295110 2525.3
1295120 2525.3
1295130 2531.7
1295140 2535.5
1295150 2535.5
1295160 2539.4
1295170 2542.7
1295180 2542.7
1295190 2545.8
1295200 2547.3
1295210 2547.3
1295220 2548.4
1295230 2550.1
1295240 2552.7
1295250 2552.7
1295260 2556.1
1295270 2558.8
1295280 2558.8
1295290 2562.2
1295300 2566.5
1295310 2566.5
1295320 2571.4
1295330 2576.4
1295340 2576.4
1295350 2581.7
1295360 2586.7
1295370 2586.7
1295380 2591.4
1295390 2595.8
1295400 2595.8
1295410 2600.2
1295420 2604.2
1295430 2607.8
1295440 2607.8
1295450 2611.1
1295460 2614.9
1295470 2614.9
1295480 2619.1
1295490 2623.6
1295500 2623.6
1295510 2627.9
1295520 2639.4
1295530 2639.4
1295540 2644.5
1295550 2649.5
1295560 2649.5
1295570 2654.5
1295580 2660.2
1295590 2660.2
1295600 2665.4
1295610 2670.3
1295620 2670.3
1295630 2674.9
1295640 2679.8
1295650 2685.2
1295660 2685.2
1295670 2690.7
1295680 2696.3
1295690 2696.3
1295700 2701.6
1295710 2707.3
1295720 2707.3
1295730 2714.8
1295740 2721.8
1295750 2721.8
1295760 2728.8
1295770 2734.8
1295780 2734.8
1295790 2740.8
1295800 2750.0
1295810 2750.0
1295820 2763.9
1295830 2780.5
1295840 2780.5
1295850 2802.6
1295860 2829.6
1295870 2845.9
1295880 2845.9
1295890 2853.4
1295900 2858.8
1295910 2858.8
1295920 2864.5
1295930 2871.4
1295940 2871.4
1295950 2878.7
1295960 2884.7
1295970 2884.7
1295980 2892.2
1295990 2900.2
1296000 2900.2
1296010 2906.5
1296020 2912.8
1296030 2912.8
1296040 2919.2
1296050 2926.9
1296060 2947.5
1296070 2947.5
1296080 2973.9
1296090 2991.1
1296100 2991.1
1296110 3000.6
1296120 3007.7
1296130 3007.7
1296140 3017.2
1296150 3028.1
1296160 3028.1
1296170 3039.1
1296180 3050.7
1296190 3061.5
1296200 3068.8
1296210 3077.4
1296220 3077.4
1296230 3087.7
1296240 3099.5
1296250 3099.5
1296260 3109.6
1296270 3117.4
1296280 3125.2
1296290 3125.2
1296300 3134.2
1296310 3143.6
1296320 3143.6
1296330 3150.7
1296340 3157.8
1296350 3157.8
1296360 3165.4
1296370 3173.8
1296380 3173.8
1296390 3184.9
1296400 3198.3
1296410 3198.3
1296420 3207.4
1296430 3204.6
1296440 3204.6
1296450 3186.3
1296460 3170.0
1296470 3170.0
1296480 3158.4
1296490 3147.2
1296500 3136.9
1296510 3136.9
1296520 3128.3
1296530 3119.0
1296540 3119.0
1296550 3113.9
1296560 3106.9
1296570 3106.9
1296580 3098.9
1296590 3094.3
1296600 3094.3
1296610 3089.4
1296620 3082.6
1296630 3082.6
1296640 3074.7
1296650 3066.3
1296660 3066.3
1296670 3060.7
1296680 3057.9
1296690 3055.3
1296700 3055.3
1296710 3052.9
1296720 3050.1
1296730 3050.1
1296740 3045.4
1296750 3034.7
1296760 3034.7
1296770 3022.3
1296780 3009.7
1296790 3009.7
1296800 2999.9
1296810 2992.3
1296820 2992.3
1296830 2986.1
1296840 2978.0
1296850 2978.0
1296860 2960.5
1296870 2941.7
1296880 2941.7
1296890 2927.6
1296900 2917.2
1296910 2905.3
1296920 2905.3
1296930 2893.6
1296940 2881.4
1296950 2881.4
1296960 2870.5
1296970 2858.6
1296980 2858.6
1296990 2845.0
1297000 2828.7
1297010 2828.7
1297020 2815.3
1297030 2805.7
1297040 2805.7
1297050 2789.3
1297060 2770.4
1297070 2770.4
1297080 2750.3
1297090 2722.2
1297100 2722.2
1297110 2704.0
1297120 2694.9
1297130 2687.9
1297140 2687.9
1297150 2681.1
1297160 2674.5
1297170 2674.5
1297180 2668.1
1297190 2661.9
1297200 2661.9
1297210 2656.3
1297220 2650.7
1297230 2650.7
1297240 2645.1
1297250 2640.4
1297260 2640.4
1297270 2636.4
1297280 2631.7
1297290 2631.7
1297300 2626.8
1297310 2622.8
1297320 2618.2
1297330 2618.2
1297340 2613.0
1297350 2608.8
1297360 2608.8
1297370 2603.6
1297380 2595.5
1297390 2595.5
1297400 2590.4
1297410 2584.0
1297420 2584.0
1297430 2576.2
1297440 2570.6
1297450 2570.6
1297460 2565.3
1297470 2559.6
1297480 2559.6
1297490 2554.0
1297500 2547.5
1297510 2547.5
1297520 2540.2
1297530 2532.4
1297540 2524.2
1297550 2524.2
1297560 2517.8
1297570 2514.0
1297580 2514.0
1297590 2510.1
1297600 2504.3
1297610 2504.3
1297620 2496.4
1297630 2485.5
1297640 2485.5
1297650 2473.6
1297660 2468.4
1297670 2468.4
1297680 2466.6
1297690 2466.5
1297700 2466.5
1297710 2463.6
1297720 2455.8
1297730 2455.8
1297740 2448.4
1297750 2438.6
1297760 2429.2
1297770 2429.2
1297780 2422.9
1297790 2415.9
1297800 2415.9
1297810 2406.7
1297820 2397.9
1297830 2397.9
1297840 2392.1
1297850 2381.3
1297860 2381.3
1297870 2366.5
1297880 2359.9
1297890 2359.9
1297900 2358.0
1297910 2355.7
1297920 2355.7
1297930 2352.4
1297940 2350.6
1297950 2350.6
1297960 2345.9
1297970 2342.2
1297980 2338.9
1297990 2338.9
1298000 2335.7
1298010 2332.4
1298020 2332.4
1298030 2329.0
1298040 2325.7
1298050 2325.7
1298060 2322.3
1298070 2319.1
1298080 2319.1
1298090 2315.7
1298100 2312.3
1298110 2312.3
1298120 2308.9
1298130 2305.6
1298140 2305.6
1298150 2302.6
1298160 2299.8
1298170 2297.4
1298180 2297.4
1298190 2295.0
1298200 2292.6
1298210 2292.6
1298220 2290.4
1298230 2288.3
1298240 2288.3
1298250 2286.4
1298260 2284.8
1298270 2284.8
1298280 2283.7
1298290 2282.8
1298300 2282.8
1298310 2281.8
1298320 2282.0
1298330 2282.0
1298340 2282.5
1298350 2282.3
1298360 2282.3
1298370 2281.9
1298380 2282.5
1298390 2283.3
1298400 2283.3
1298410 2283.6
1298420 2284.0
1298430 2284.0
1298440 2284.4
1298450 2284.5
1298460 2284.5
1298470 2284.3
1298480 2284.6
1298490 2284.6
1298500 2284.9
1298510 2285.7
1298520 2285.7
1298530 2286.5
1298540 2286.9
1298550 2286.9
1298560 2287.1
1298570 2287.0
1298580 2287.0
1298590 2287.1
1298600 2286.7
1298610 2286.3
1298620 2286.3
1298630 2285.9
1298640 2285.4
1298650 2285.4
1298660 2284.9
1298670 2284.8
1298680 2284.8
1298690 2283.9
1298700 2281.7
1298710 2281.7
1298720 2276.1
1298730 2270.1
1298740 2270.1
1298750 2264.5
1298760 2252.0
1298770 2252.0
1298780 2236.7
1298790 2229.7
1298800 2225.1
1298810 2225.1
1298820 2221.4
1298830 2219.0
1298840 2219.0
1298850 2216.4
1298860 2213.5
1298870 2213.5
1298880 2209.8
1298890 2208.2
1298900 2205.8
1298910 2206.1
1298920 2206.9
1298930 2206.9
1298940 2208.1
1298950 2210.1
1298960 2210.1
1298970 2212.3
1298980 2215.5
1298990 2215.5
1299000 2218.5
1299010 2220.5
1299020 2222.3
1299030 2222.3
1299040 2223.7
1299050 2225.6
1299060 2225.6
1299070 2227.3
1299080 2229.9
1299090 2229.9
1299100 2232.7
1299110 2236.6
1299120 2236.6
1299130 2242.8
1299140 2247.2
1299150 2247.2
1299160 2249.7
1299170 2253.2
1299180 2253.2
1299190 2258.1
1299200 2262.9
1299210 2262.9
1299220 2267.1
1299230 2270.7
1299240 2274.8
1299250 2274.8
1299260 2278.4
1299270 2282.0
1299280 2282.0
1299290 2286.4
1299300 2290.6
1299310 2290.6
1299320 2295.8
1299330 2301.8
1299340 2301.8
1299350 2306.2
1299360 2310.3
1299370 2310.3
1299380 2314.0
1299390 2317.6
1299400 2317.6
1299410 2321.3
1299420 2325.5
1299430 2330.1
1299440 2330.1
1299450 2335.9
1299460 2341.1
1299470 2341.1
1299480 2346.2
1299490 2350.0
1299500 2350.0
1299510 2352.8
1299520 2355.6
1299530 2355.6
1299540 2359.3
1299550 2363.1
1299560 2363.1
1299570 2366.8
1299580 2363.5
1299590 2363.5
1299600 2364.0
1299610 2365.6
1299620 2365.6
1299630 2366.8
1299640 2366.6
1299650 2366.1
1299660 2366.1
1299670 2365.2
1299680 2364.2
1299690 2364.2
1299700 2363.7
1299710 2364.3
1299720 2364.3
1299730 2366.2
1299740 2367.3
1299750 2367.3
1299760 2367.1
1299770 2367.3
1299780 2367.3
1299790 2365.9
1299800 2363.3
1299810 2363.3
1299820 2361.1
1299830 2359.9
1299840 2359.9
1299850 2359.1
1299860 2358.1
1299870 2357.0
1299880 2357.0
1299890 2356.3
1299900 2355.7
1299910 2355.7
1299920 2354.0
1299930 2352.7
1299940 2352.7
1299950 2351.0
1299960 2349.3
1299970 2349.3
1299980 2346.8
1299990 2342.6
