1280000 1704.6
1280010 1709.6
1280020 1716.1
1280030 1716.1
1280040 1723.4
1280050 1729.7
1280060 1729.7
1280070 1734.8
1280080 1740.6
1280090 1740.6
1280100 1746.1
1280110 1751.7
1280120 1751.7
1280130 1757.8
1280140 1763.5
1280150 1763.5
1280160 1768.5
1280170 1773.4
1280180 1773.4
1280190 1777.8
1280200 1781.8
1280210 1781.8
1280220 1785.7
1280230 1788.7
1280240 1791.1
1280250 1791.1
1280260 1793.1
1280270 1793.9
1280280 1793.9
1280290 1793.6
1280300 1792.9
1280310 1792.9
1280320 1792.8
1280330 1792.7
1280340 1792.7
1280350 1792.1
1280360 1789.8
1280370 1789.8
1280380 1784.4
1280390 1778.5
1280400 1778.5
1280410 1773.2
1280420 1761.6
1280430 1761.6
1280440 1751.3
1280450 1742.3
1280460 1734.7
1280470 1734.7
1280480 1727.7
1280490 1721.4
1280500 1721.4
1280510 1715.6
1280520 1709.3
1280530 1709.3
1280540 1703.2
1280550 1697.2
1280560 1697.2
1280570 1691.0
1280580 1685.3
1280590 1685.3
1280600 1679.4
1280610 1673.6
1280620 1673.6
1280630 1668.2
1280640 1663.8
1280650 1663.8
1280660 1659.6
1280670 1656.0
1280680 1651.7
1280690 1651.7
1280700 1647.0
1280710 1642.2
1280720 1642.2
1280730 1638.2
1280740 1634.1
1280750 1634.1
1280760 1630.2
1280770 1626.0
1280780 1626.0
1280790 1621.6
1280800 1615.9
1280810 1615.9
1280820 1611.1
1280830 1607.6
1280840 1607.6
1280850 1603.8
1280860 1599.7
1280870 1595.4
1280880 1595.4
1280890 1590.8
1280900 1587.3
1280910 1587.3
1280920 1586.0
1280930 1584.4
1280940 1584.4
1280950 1581.6
1280960 1578.9
1280970 1578.9
1280980 1576.5
1280990 1574.3
1281000 1574.3
1281010 1571.8
1281020 1569.4
1281030 1569.4
1281040 1567.2
1281050 1564.4
1281060 1564.4
1281070 1564.6
1281080 1565.2
1281090 1565.9
1281100 1565.9
1281110 1568.6
1281120 1569.8
1281130 1569.8
1281140 1571.1
1281150 1574.1
1281160 1574.1
1281170 1576.2
1281180 1578.6
1281190 1578.6
1281200 1582.5
1281210 1587.1
1281220 1587.1
1281230 1592.3
1281240 1596.8
1281250 1596.8
1281260 1600.1
1281270 1603.4
1281280 1603.4
1281290 1606.7
1281300 1609.9
1281310 1614.0
1281320 1614.0
1281330 1618.5
1281340 1622.7
1281350 1622.7
1281360 1625.0
1281370 1627.5
1281380 1627.5
1281390 1629.9
1281400 1633.0
1281410 1633.0
1281420 1636.8
1281430 1639.9
1281440 1639.9
1281450 1641.9
1281460 1643.0
1281470 1643.0
1281480 1644.3
1281490 1645.3
1281500 1645.3
1281510 1646.4
1281520 1647.3
1281530 1647.9
1281540 1647.9
1281550 1648.8
1281560 1650.9
1281570 1650.9
1281580 1654.2
1281590 1657.7
1281600 1657.7
1281610 1661.2
1281620 1663.5
1281630 1663.5
1281640 1664.7
1281650 1666.4
1281660 1666.4
1281670 1670.8
1281680 1673.6
1281690 1673.6
1281700 1675.6
1281710 1677.5
1281720 1679.2
1281730 1679.2
1281740 1681.7
1281750 1684.5
1281760 1684.5
1281770 1687.6
1281780 1689.9
1281790 1689.9
1281800 1692.2
1281810 1695.0
1281820 1695.0
1281830 1697.6
1281840 1700.4
1281850 1700.4
1281860 1702.5
1281870 1704.8
1281880 1704.8
1281890 1707.1
1281900 1709.3
1281910 1709.3
1281920 1711.3
1281930 1713.0
1281940 1714.3
1281950 1714.3
1281960 1715.0
1281970 1715.9
1281980 1715.9
1281990 1717.4
1282000 1718.8
1282010 1718.8
1282020 1720.2
1282030 1721.5
1282040 1721.5
1282050 1723.4
1282060 1726.1
1282070 1726.1
1282080 1728.6
1282090 1731.1
1282100 1731.1
1282110 1733.5
1282120 1735.2
1282130 1735.2
1282140 1736.6
1282150 1738.2
1282160 1739.6
1282170 1739.6
1282180 1741.0
1282190 1742.4
1282200 1742.4
1282210 1743.8
1282220 1745.2
1282230 1745.2
1282240 1746.7
1282250 1747.7
1282260 1747.7
1282270 1748.6
1282280 1749.7
1282290 1753.4
1282300 1755.0
1282310 1756.3
1282320 1756.3
1282330 1757.7
1282340 1759.4
1282350 1759.4
1282360 1760.7
1282370 1761.7
1282380 1762.1
1282390 1762.1
1282400 1762.1
1282410 1762.3
1282420 1762.3
1282430 1762.2
1282440 1761.6
1282450 1761.6
1282460 1760.0
1282470 1757.7
1282480 1757.7
1282490 1755.9
1282500 1754.9
1282510 1754.9
1282520 1755.0
1282530 1757.2
1282540 1757.2
1282550 1761.8
1282560 1766.3
1282570 1768.9
1282580 1768.9
1282590 1770.8
1282600 1772.4
1282610 1772.4
1282620 1775.5
1282630 1779.7
1282640 1779.7
1282650 1783.9
1282660 1787.8
1282670 1787.8
1282680 1791.7
1282690 1795.3
1282700 1795.3
1282710 1798.7
1282720 1801.7
1282730 1801.7
1282740 1804.7
1282750 1807.6
1282760 1807.6
1282770 1810.2
1282780 1812.4
1282790 1814.5
1282800 1814.5
1282810 1817.5
1282820 1820.6
1282830 1820.6
1282840 1823.4
1282850 1825.8
1282860 1825.8
1282870 1828.2
1282880 1830.8
1282890 1830.8
1282900 1833.9
1282910 1837.1
1282920 1839.1
1282930 1842.3
1282940 1845.7
1282950 1845.7
1282960 1849.4
1282970 1853.0
1282980 1853.0
1282990 1856.8
1283000 1860.4
1283010 1863.8
1283020 1863.8
1283030 1866.9
1283040 1870.4
1283050 1870.4
1283060 1873.5
1283070 1875.9
1283080 1875.9
1283090 1878.2
1283100 1881.1
1283110 1881.1
1283120 1883.9
1283130 1886.2
1283140 1886.2
1283150 1888.6
1283160 1890.8
1283170 1890.8
1283180 1893.0
1283190 1894.8
1283200 1896.6
1283210 1896.6
1283220 1897.2
1283230 1897.6
1283240 1897.6
1283250 1899.7
1283260 1903.0
1283270 1903.0
1283280 1905.7
1283290 1908.1
1283300 1908.1
1283310 1910.4
1283320 1912.6
1283330 1912.6
1283340 1914.5
1283350 1915.9
1283360 1915.9
1283370 1917.5
1283380 1919.1
1283390 1919.1
1283400 1920.6
1283410 1922.6
1283420 1924.2
1283430 1924.2
1283440 1925.7
1283450 1927.0
1283460 1927.0
1283470 1928.1
1283480 1928.3
1283490 1928.3
1283500 1928.0
1283510 1927.8
1283520 1927.8
1283530 1928.1
1283540 1928.5
1283550 1929.8
1283560 1930.1
1283570 1929.9
1283580 1929.9
1283590 1930.8
1283600 1933.5
1283610 1933.5
1283620 1936.6
1283630 1938.7
1283640 1941.2
1283650 1941.2
1283660 1943.8
1283670 1946.8
1283680 1946.8
1283690 1949.9
1283700 1947.3
1283710 1947.3
1283720 1943.0
1283730 1944.5
1283740 1944.5
1283750 1945.2
1283760 1945.7
1283770 1945.7
1283780 1947.8
1283790 1951.9
1283800 1951.9
1283810 1956.0
1283820 1958.7
1283830 1958.7
1283840 1960.5
1283850 1964.2
1283860 1968.2
1283870 1968.2
1283880 1972.6
1283890 1974.2
1283900 1974.2
1283910 1973.8
1283920 1973.0
1283930 1973.0
1283940 1973.2
1283950 1973.6
1283960 1973.6
1283970 1972.5
1283980 1971.2
1283990 1971.2
1284000 1969.6
1284010 1967.5
1284020 1967.5
1284030 1965.5
1284040 1962.7
1284050 1960.3
1284060 1960.3
1284070 1958.4
1284080 1956.3
1284090 1956.3
1284100 1954.8
1284110 1953.2
1284120 1953.2
1284130 1950.9
1284140 1947.1
1284150 1947.1
1284160 1945.6
1284170 1943.2
1284180 1949.6
1284190 1947.9
1284200 1946.7
1284210 1946.7
1284220 1946.2
1284230 1945.9
1284240 1945.9
1284250 1944.8
1284260 1943.8
1284270 1937.7
1284280 1937.7
1284290 1932.0
1284300 1925.4
1284310 1925.4
1284320 1915.4
1284330 1905.0
1284340 1905.0
1284350 1899.1
1284360 1894.2
1284370 1894.2
1284380 1889.6
1284390 1885.3
1284400 1885.3
1284410 1882.3
1284420 1877.8
1284430 1877.8
1284440 1872.9
1284450 1869.0
1284460 1869.0
1284470 1865.3
1284480 1861.4
1284490 1858.3
1284500 1858.3
1284510 1855.5
1284520 1853.9
1284530 1853.9
1284540 1854.5
1284550 1854.1
1284560 1854.1
1284570 1853.8
1284580 1853.3
1284590 1853.3
1284600 1852.7
1284610 1854.1
1284620 1854.1
1284630 1854.6
1284640 1854.2
1284650 1854.2
1284660 1854.2
1284670 1855.8
1284680 1861.6
1284690 1861.6
1284700 1867.9
1284710 1873.9
1284720 1873.9
1284730 1880.2
1284740 1885.1
1284750 1885.1
1284760 1891.0
1284770 1896.9
1284780 1896.9
1284790 1901.5
1284800 1905.3
1284810 1905.3
1284820 1913.6
1284830 1911.5
1284840 1911.5
1284850 1897.2
1284860 1872.6
1284870 1872.6
1284880 1852.6
1284890 1846.2
1284900 1843.7
1284910 1843.7
1284920 1843.0
1284930 1840.5
1284940 1840.5
1284950 1838.3
1284960 1835.6
1284970 1835.6
1284980 1832.6
1284990 1829.0
1285000 1829.0
1285010 1825.3
1285020 1821.7
1285030 1821.7
1285040 1820.6
1285050 1823.1
1285060 1823.1
1285070 1824.7
1285080 1825.7
1285090 1825.7
1285100 1825.9
1285110 1825.3
1285120 1823.9
1285130 1823.9
1285140 1824.7
1285150 1827.9
1285160 1827.9
1285170 1830.3
1285180 1832.0
1285190 1832.0
1285200 1833.4
1285210 1835.0
1285220 1835.0
1285230 1832.5
1285240 1828.3
1285250 1828.3
1285260 1828.3
1285270 1829.0
1285280 1829.0
1285290 1829.7
1285300 1831.9
1285310 1831.9
1285320 1835.0
1285330 1840.0
1285340 1846.0
1285350 1846.0
1285360 1852.3
1285370 1859.1
1285380 1859.1
1285390 1865.7
1285400 1873.6
1285410 1873.6
1285420 1887.9
1285430 1905.6
1285440 1905.6
1285450 1915.9
1285460 1936.6
1285470 1936.6
1285480 1946.6
1285490 1955.2
1285500 1955.2
1285510 1961.8
1285520 1967.6
1285530 1973.8
1285540 1973.8
1285550 1979.9
1285560 1987.2
1285570 1987.2
1285580 1998.0
1285590 2011.3
1285600 2011.3
1285610 2025.5
1285620 2041.9
1285630 2041.9
1285640 2049.6
1285650 2056.9
1285660 2056.9
1285670 2062.8
1285680 2058.1
1285690 2058.1
1285700 2035.1
1285710 2003.9
1285720 2003.9
1285730 1990.3
1285740 1982.8
1285750 1985.0
1285760 1985.0
1285770 1979.3
1285780 1973.3
1285790 1973.3
1285800 1974.8
1285810 1968.9
1285820 1968.9
1285830 1960.3
1285840 1955.6
1285850 1955.6
1285860 1954.7
1285870 1947.0
1285880 1947.0
1285890 1933.1
1285900 1911.0
1285910 1911.0
1285920 1903.4
1285930 1902.8
1285940 1902.8
1285950 1901.5
1285960 1898.8
1285970 1897.0
1285980 1897.0
1285990 1896.6
1286000 1899.8
1286010 1899.8
1286020 1905.0
1286030 1906.8
1286040 1906.8
1286050 1904.3
1286060 1901.8
1286070 1901.8
1286080 1901.1
1286090 1909.8
1286100 1909.8
1286110 1908.2
1286120 1898.2
1286130 1898.2
1286140 1884.7
1286150 1875.8
1286160 1875.8
1286170 1867.3
1286180 1859.0
1286190 1849.5
1286200 1849.5
1286210 1841.7
1286220 1835.6
1286230 1835.6
1286240 1830.6
1286250 1822.9
1286260 1822.9
1286270 1816.9
1286280 1813.6
1286290 1813.6
1286300 1811.2
1286310 1810.2
1286320 1810.2
1286330 1809.6
1286340 1806.0
1286350 1806.0
1286360 1801.7
1286370 1801.8
1286380 1802.0
1286390 1802.0
1286400 1803.3
1286410 1804.7
1286420 1804.7
1286430 1803.9
1286440 1803.1
1286450 1803.1
1286460 1801.1
1286470 1801.0
1286480 1801.0
1286490 1803.0
1286500 1805.0
1286510 1805.0
1286520 1806.6
1286530 1808.2
1286540 1808.2
1286550 1810.7
1286560 1813.6
1286570 1813.6
1286580 1812.8
1286590 1809.4
1286600 1805.1
1286610 1805.1
1286620 1800.1
1286630 1798.9
1286640 1798.9
1286650 1800.9
1286660 1799.9
1286670 1799.9
1286680 1799.6
1286690 1798.4
1286700 1798.4
1286710 1793.1
1286720 1785.5
1286730 1789.7
1286740 1782.3
1286750 1775.3
1286760 1775.3
1286770 1769.7
1286780 1758.8
1286790 1758.8
1286800 1751.6
1286810 1749.4
1286820 1751.7
1286830 1751.7
1286840 1753.6
1286850 1755.6
1286860 1755.6
1286870 1755.2
1286880 1752.5
1286890 1752.5
1286900 1750.6
1286910 1749.1
1286920 1749.1
1286930 1748.7
1286940 1748.5
1286950 1748.5
1286960 1744.3
1286970 1739.4
1286980 1739.4
1286990 1736.8
1287000 1734.7
1287010 1731.5
1287020 1731.5
1287030 1724.9
1287040 1720.4
1287050 1720.4
1287060 1720.5
1287070 1720.8
1287080 1720.8
1287090 1721.4
1287100 1721.1
1287110 1721.1
1287120 1714.2
1287130 1711.3
1287140 1711.3
1287150 1711.1
1287160 1711.5
1287170 1711.5
1287180 1710.9
1287190 1710.9
1287200 1710.9
1287210 1709.7
1287220 1708.6
1287230 1705.1
1287240 1705.1
1287250 1697.9
1287260 1691.5
1287270 1691.5
1287280 1678.5
1287290 1664.9
1287300 1664.9
1287310 1655.3
1287320 1646.3
1287330 1646.3
1287340 1637.9
1287350 1629.7
1287360 1629.7
1287370 1620.8
1287380 1613.0
1287390 1613.0
1287400 1605.9
1287410 1599.0
1287420 1599.0
1287430 1593.2
1287440 1589.1
1287450 1587.5
1287460 1587.5
1287470 1586.7
1287480 1585.8
1287490 1585.8
1287500 1585.3
1287510 1584.9
1287520 1584.9
1287530 1584.8
1287540 1584.5
1287550 1584.5
1287560 1584.3
1287570 1584.3
1287580 1584.3
1287590 1585.1
1287600 1586.4
1287610 1586.4
1287620 1584.8
1287630 1580.1
1287640 1576.0
1287650 1576.0
1287660 1571.8
1287670 1568.1
1287680 1568.1
1287690 1567.1
1287700 1568.0
1287710 1568.0
1287720 1570.3
1287730 1572.3
1287740 1572.3
1287750 1573.4
1287760 1575.7
1287770 1575.7
1287780 1578.4
1287790 1581.3
1287800 1581.3
1287810 1584.6
1287820 1588.4
1287830 1588.4
1287840 1593.0
1287850 1597.7
1287860 1603.0
1287870 1603.0
1287880 1608.6
1287890 1614.8
1287900 1614.8
1287910 1620.9
1287920 1627.2
1287930 1627.2
1287940 1633.6
1287950 1639.1
1287960 1639.1
1287970 1642.8
1287980 1644.7
1287990 1644.7
1288000 1645.5
1288010 1654.1
1288020 1654.1
1288030 1654.5
1288040 1654.5
1288050 1654.5
1288060 1653.9
1288070 1653.3
1288080 1652.4
1288090 1652.4
1288100 1652.0
1288110 1651.2
1288120 1651.2
1288130 1649.9
1288140 1648.9
1288150 1648.9
1288160 1648.3
1288170 1647.2
1288180 1647.2
1288190 1643.9
1288200 1640.1
1288210 1640.1
1288220 1637.7
1288230 1635.5
1288240 1635.5
1288250 1631.4
1288260 1625.4
1288270 1625.4
1288280 1621.3
1288290 1616.2
1288300 1610.6
1288310 1610.6
1288320 1606.1
1288330 1602.0
1288340 1602.0
1288350 1597.3
1288360 1594.9
1288370 1594.9
1288380 1593.2
1288390 1590.3
1288400 1590.3
1288410 1586.6
1288420 1580.8
1288430 1580.8
1288440 1574.2
1288450 1567.6
1288460 1567.6
1288470 1562.6
1288480 1564.5
1288490 1563.0
1288500 1563.0
1288510 1558.6
1288520 1555.0
1288530 1555.0
1288540 1551.5
1288550 1547.1
1288560 1547.1
1288570 1543.5
1288580 1538.6
1288590 1538.6
1288600 1532.6
1288610 1527.0
1288620 1527.0
1288630 1520.8
1288640 1514.6
1288650 1514.6
1288660 1516.4
1288670 1511.0
1288680 1511.0
1288690 1504.9
1288700 1498.9
1288710 1493.0
1288720 1493.0
1288730 1487.8
1288740 1482.8
1288750 1482.8
1288760 1477.4
1288770 1471.5
1288780 1471.5
1288790 1465.6
1288800 1458.7
1288810 1458.7
1288820 1452.4
1288830 1446.9
1288840 1446.9
1288850 1440.7
1288860 1434.1
1288870 1434.1
1288880 1427.7
1288890 1421.7
1288900 1421.7
1288910 1416.2
1288920 1411.2
1288930 1406.6
1288940 1406.6
1288950 1402.8
1288960 1400.1
1288970 1400.1
1288980 1397.3
1288990 1393.9
1289000 1393.9
1289010 1391.5
1289020 1391.2
1289030 1391.2
1289040 1392.4
1289050 1394.1
1289060 1394.1
1289070 1395.8
1289080 1397.2
1289090 1397.2
1289100 1398.2
1289110 1399.2
1289120 1399.8
1289130 1399.8
1289140 1401.6
1289150 1404.0
1289160 1404.0
1289170 1404.7
1289180 1405.3
1289190 1405.3
1289200 1406.5
1289210 1407.3
1289220 1407.3
1289230 1408.2
1289240 1408.5
1289250 1408.5
1289260 1408.6
1289270 1408.7
1289280 1408.7
1289290 1409.0
1289300 1409.9
1289310 1411.3
1289320 1412.2
1289330 1412.7
1289340 1413.8
1289350 1413.8
1289360 1414.6
1289370 1417.1
1289380 1417.1
1289390 1422.7
1289400 1430.1
1289410 1430.1
1289420 1438.6
1289430 1446.7
1289440 1446.7
1289450 1454.6
1289460 1462.0
1289470 1462.0
1289480 1467.9
1289490 1473.2
1289500 1473.2
1289510 1478.5
1289520 1484.5
1289530 1484.5
1289540 1490.7
1289550 1497.0
1289560 1503.5
1289570 1503.5
1289580 1510.3
1289590 1515.9
1289600 1515.9
1289610 1521.3
1289620 1527.4
1289630 1527.4
1289640 1533.9
1289650 1541.4
1289660 1541.4
1289670 1549.8
1289680 1555.9
1289690 1555.9
1289700 1562.1
1289710 1569.3
1289720 1569.3
1289730 1575.6
1289740 1581.4
1289750 1581.4
1289760 1586.6
1289770 1592.3
1289780 1598.3
1289790 1598.3
1289800 1604.5
1289810 1610.5
1289820 1610.5
1289830 1616.5
1289840 1621.7
1289850 1621.7
1289860 1626.8
1289870 1632.1
1289880 1632.1
1289890 1637.8
1289900 1643.6
1289910 1643.6
1289920 1649.5
1289930 1655.3
1289940 1655.3
1289950 1658.8
1289960 1663.7
1289970 1668.3
1289980 1668.3
1289990 1673.3
1290000 1678.5
1290010 1678.5
1290020 1683.5
1290030 1688.6
1290040 1688.6
1290050 1694.7
1290060 1700.0
1290070 1700.0
1290080 1705.5
1290090 1711.2
1290100 1711.2
1290110 1716.8
1290120 1721.7
1290130 1721.7
1290140 1726.4
1290150 1732.6
1290160 1732.6
1290170 1738.4
1290180 1747.0
1290190 1765.1
1290200 1765.1
1290210 1763.7
1290220 1761.5
1290230 1761.5
1290240 1763.9
1290250 1766.5
1290260 1766.5
1290270 1769.0
1290280 1771.7
1290290 1771.7
1290300 1775.7
1290310 1782.3
1290320 1782.3
1290330 1789.6
1290340 1796.7
1290350 1796.7
1290360 1801.8
1290370 1805.6
1290380 1805.6
1290390 1808.5
1290400 1810.7
1290410 1812.3
1290420 1812.3
1290430 1813.0
1290440 1813.9
1290450 1813.9
1290460 1816.3
1290470 1819.9
1290480 1819.9
1290490 1823.6
1290500 1827.5
1290510 1827.5
1290520 1832.6
1290530 1839.5
1290540 1839.5
1290550 1847.2
1290560 1855.1
1290570 1855.1
1290580 1862.0
1290590 1867.6
1290600 1872.3
1290610 1872.3
1290620 1876.0
1290630 1878.6
1290640 1878.6
1290650 1882.3
1290660 1887.6
1290670 1887.6
1290680 1892.4
1290690 1898.5
1290700 1898.5
1290710 1906.4
1290720 1914.3
1290730 1914.3
1290740 1921.0
1290750 1926.5
1290760 1926.5
1290770 1932.1
1290780 1937.3
1290790 1937.3
1290800 1943.3
1290810 1949.2
1290820 1954.8
1290830 1954.8
1290840 1960.1
1290850 1965.6
1290860 1965.6
1290870 1971.0
1290880 1976.8
1290890 1976.8
1290900 1982.9
1290910 1988.7
1290920 1988.7
1290930 1995.9
1290940 2002.7
1290950 2002.7
1290960 2009.1
1290970 2015.6
1290980 2015.6
1290990 2023.0
1291000 2032.4
1291010 2032.4
1291020 2042.0
1291030 2051.6
1291040 2061.1
1291050 2061.1
1291060 2069.6
1291070 2076.9
1291080 2076.9
1291090 2084.2
1291100 2091.2
1291110 2091.2
1291120 2097.7
1291130 2104.1
1291140 2104.1
1291150 2110.4
1291160 2116.3
1291170 2116.3
1291180 2122.5
1291190 2128.5
1291200 2128.5
1291210 2134.8
1291220 2141.4
1291230 2148.2
1291240 2148.2
1291250 2154.6
1291260 2163.5
1291270 2163.5
1291280 2169.9
1291290 2176.4
1291300 2176.4
1291310 2183.1
1291320 2189.9
1291330 2189.9
1291340 2196.8
1291350 2204.0
1291360 2204.0
1291370 2211.2
1291380 2218.1
1291390 2218.1
1291400 2225.1
1291410 2231.8
1291420 2231.8
1291430 2238.7
1291440 2245.4
1291450 2251.7
1291460 2251.7
1291470 2258.6
1291480 2265.5
1291490 2265.5
1291500 2272.5
1291510 2283.5
1291520 2283.5
1291530 2308.4
1291540 2321.8
1291550 2321.8
1291560 2321.2
1291570 2325.2
1291580 2325.2
1291590 2330.4
1291600 2336.5
1291610 2336.5
1291620 2342.8
1291630 2348.9
1291640 2348.9
1291650 2354.3
1291660 2355.7
1291670 2356.9
1291680 2356.9
1291690 2362.9
1291700 2371.7
1291710 2371.7
1291720 2383.2
1291730 2395.6
1291740 2395.6
1291750 2407.8
1291760 2431.0
1291770 2431.0
1291780 2473.3
1291790 2486.3
1291800 2486.3
1291810 2491.4
1291820 2495.5
1291830 2495.5
1291840 2500.4
1291850 2505.5
1291860 2505.5
1291870 2509.0
1291880 2513.1
1291890 2518.7
1291900 2518.7
1291910 2523.6
1291920 2521.8
1291930 2521.8
1291940 2527.1
1291950 2532.2
1291960 2532.2
1291970 2536.9
1291980 2541.2
1291990 2541.2
1292000 2546.1
1292010 2551.3
1292020 2551.3
1292030 2555.9
1292040 2560.1
1292050 2560.1
1292060 2564.7
1292070 2568.9
1292080 2573.0
1292090 2573.0
1292100 2577.3
1292110 2581.1
1292120 2581.1
1292130 2584.3
1292140 2587.9
1292150 2587.9
1292160 2590.6
1292170 2591.5
1292180 2591.5
1292190 2590.4
1292200 2590.4
1292210 2590.4
1292220 2592.3
1292230 2593.7
1292240 2593.7
1292250 2594.3
1292260 2594.5
1292270 2594.5
1292280 2594.2
1292290 2593.1
1292300 2593.5
1292310 2593.5
1292320 2595.2
1292330 2597.3
1292340 2597.3
1292350 2600.3
1292360 2603.8
1292370 2603.8
1292380 2606.5
1292390 2607.1
1292400 2607.1
1292410 2604.4
1292420 2599.5
1292430 2599.5
1292440 2595.7
1292450 2593.7
1292460 2593.7
1292470 2595.6
1292480 2597.9
1292490 2597.9
1292500 2597.1
1292510 2594.2
1292520 2592.0
1292530 2592.0
1292540 2591.5
1292550 2590.5
1292560 2590.5
1292570 2592.2
1292580 2599.6
1292590 2599.6
1292600 2596.0
1292610 2589.7
1292620 2589.7
1292630 2582.8
1292640 2574.9
1292650 2574.9
1292660 2566.9
1292670 2573.0
1292680 2573.0
1292690 2584.9
1292700 2586.4
1292710 2582.0
1292720 2582.0
1292730 2572.7
1292740 2563.0
1292750 2563.0
1292760 2552.8
1292770 2547.6
1292780 2547.6
1292790 2545.4
1292800 2539.0
1292810 2539.0
1292820 2532.5
1292830 2527.5
1292840 2527.5
1292850 2521.5
1292860 2511.5
1292870 2511.5
1292880 2502.3
1292890 2495.7
1292900 2495.7
1292910 2492.0
1292920 2484.9
1292930 2476.5
1292940 2476.5
1292950 2474.6
1292960 2470.7
1292970 2470.7
1292980 2455.6
1292990 2449.2
1293000 2449.2
1293010 2440.2
1293020 2425.4
1293030 2425.4
1293040 2418.2
1293050 2422.0
1293060 2422.0
1293070 2428.8
1293080 2434.8
1293090 2434.8
1293100 2437.7
1293110 2437.4
1293120 2437.4
1293130 2426.9
1293140 2421.0
1293150 2421.8
1293160 2421.8
1293170 2425.8
1293180 2430.9
1293190 2430.9
1293200 2435.4
1293210 2438.4
1293220 2438.4
1293230 2438.1
1293240 2453.4
1293250 2453.4
1293260 2455.7
1293270 2456.7
1293280 2456.7
1293290 2453.6
1293300 2444.3
1293310 2444.3
1293320 2423.3
1293330 2411.0
1293340 2403.4
1293350 2403.4
1293360 2390.4
1293370 2378.8
1293380 2378.8
1293390 2362.2
1293400 2342.7
1293410 2342.7
1293420 2339.2
1293430 2340.2
1293440 2340.2
1293450 2342.3
1293460 2344.0
1293470 2344.0
1293480 2334.8
1293490 2312.4
1293500 2312.4
1293510 2306.0
1293520 2304.4
1293530 2304.4
1293540 2302.0
1293550 2302.2
1293560 2307.5
1293570 2307.5
1293580 2312.6
1293590 2312.3
1293600 2312.3
1293610 2314.1
1293620 2315.1
1293630 2315.1
1293640 2315.8
1293650 2316.3
1293660 2316.3
1293670 2314.5
1293680 2313.9
1293690 2313.9
1293700 2316.0
1293710 2317.5
1293720 2317.5
1293730 2318.1
1293740 2317.3
1293750 2317.3
1293760 2316.4
1293770 2316.0
1293780 2315.8
1293790 2315.8
1293800 2316.0
1293810 2314.6
1293820 2314.6
1293830 2313.3
1293840 2312.5
1293850 2312.5
1293860 2308.9
1293870 2304.2
1293880 2304.2
1293890 2301.0
1293900 2312.0
1293910 2312.0
1293920 2317.5
1293930 2317.6
1293940 2317.6
1293950 2311.3
1293960 2309.1
1293970 2309.1
1293980 2309.7
1293990 2313.7
1294000 2317.1
1294010 2317.1
1294020 2320.4
1294030 2318.3
1294040 2318.3
1294050 2314.5
1294060 2311.7
1294070 2311.7
1294080 2308.2
1294090 2304.3
1294100 2304.3
1294110 2300.6
1294120 2298.5
1294130 2298.5
1294140 2300.3
1294150 2302.7
1294160 2302.7
1294170 2303.0
1294180 2300.7
1294190 2299.8
1294200 2299.8
1294210 2301.4
1294220 2304.8
1294230 2304.8
1294240 2309.4
1294250 2314.0
1294260 2314.0
1294270 2316.3
1294280 2317.7
1294290 2317.7
1294300 2317.7
1294310 2316.8
1294320 2316.8
1294330 2317.9
1294340 2320.9
1294350 2320.9
1294360 2323.2
1294370 2323.5
1294380 2323.5
1294390 2321.5
1294400 2322.2
1294410 2323.6
1294420 2323.6
1294430 2326.8
1294440 2330.3
1294450 2330.3
1294460 2330.2
1294470 2329.4
1294480 2329.4
1294490 2331.3
1294500 2335.4
1294510 2335.4
1294520 2339.9
1294530 2345.0
1294540 2345.0
1294550 2351.1
1294560 2357.4
1294570 2354.3
1294580 2359.4
1294590 2364.3
1294600 2364.3
1294610 2369.0
1294620 2374.3
1294630 2380.0
1294640 2380.0
1294650 2385.8
1294660 2391.6
1294670 2391.6
1294680 2396.4
1294690 2401.0
1294700 2401.0
1294710 2403.7
1294720 2407.5
1294730 2407.5
1294740 2410.3
1294750 2411.4
1294760 2411.4
1294770 2411.4
1294780 2411.9
1294790 2411.9
1294800 2412.6
1294810 2413.3
1294820 2414.1
1294830 2414.1
1294840 2415.5
1294850 2416.9
1294860 2416.9
1294870 2418.4
1294880 2419.6
1294890 2419.6
1294900 2420.7
1294910 2421.5
1294920 2421.5
1294930 2423.0
1294940 2425.0
1294950 2425.0
1294960 2427.7
1294970 2430.8
1294980 2430.8
1294990 2433.3
1295000 2435.7
1295010 2435.7
1295020 2439.2
1295030 2441.7
1295040 2444.3
1295050 2444.3
1295060 2447.3
1295070 2450.4
1295080 2450.4
1295090 2453.6
1295100 2456.6
1295110 2456.6
1295120 2459.4
1295130 2462.3
1295140 2462.3
1295150 2465.5
1295160 2469.9
1295170 2469.9
1295180 2474.4
1295190 2478.4
1295200 2478.4
1295210 2482.1
1295220 2485.1
1295230 2482.2
1295240 2484.4
1295250 2488.1
1295260 2492.8
1295270 2492.8
1295280 2496.5
1295290 2499.6
1295300 2499.6
1295310 2502.6
1295320 2505.4
1295330 2505.4
1295340 2508.2
1295350 2510.6
1295360 2510.6
1295370 2512.5
1295380 2514.9
1295390 2514.9
1295400 2516.0
1295410 2517.1
1295420 2517.1
1295430 2518.8
1295440 2521.2
1295450 2521.2
1295460 2524.4
1295470 2528.5
1295480 2532.8
1295490 2532.8
1295500 2536.2
1295510 2539.9
1295520 2539.9
1295530 2544.5
1295540 2551.6
1295550 2551.6
1295560 2562.7
1295570 2569.9
1295580 2569.9
1295590 2573.5
1295600 2575.9
1295610 2575.9
1295620 2579.9
1295630 2586.9
1295640 2586.9
1295650 2592.8
1295660 2598.8
1295670 2604.0
1295680 2604.0
1295690 2608.5
1295700 2613.0
1295710 2613.0
1295720 2617.5
1295730 2622.1
1295740 2622.1
1295750 2626.0
1295760 2629.5
1295770 2629.5
1295780 2633.1
1295790 2637.6
1295800 2637.6
1295810 2642.5
1295820 2647.8
1295830 2647.8
1295840 2653.2
1295850 2657.9
1295860 2657.9
1295870 2662.9
1295880 2667.6
1295890 2672.3
1295900 2673.2
1295910 2678.4
1295920 2683.0
1295930 2683.0
1295940 2687.8
1295950 2693.2
1295960 2693.2
1295970 2699.4
1295980 2705.3
1295990 2705.3
1296000 2710.8
1296010 2716.0
1296020 2716.0
1296030 2721.1
1296040 2726.4
1296050 2726.4
1296060 2731.3
1296070 2736.1
1296080 2736.1
1296090 2741.1
1296100 2746.4
1296110 2751.8
1296120 2751.8
1296130 2757.5
1296140 2764.9
1296150 2764.9
1296160 2774.9
1296170 2784.4
1296180 2784.4
1296190 2793.2
1296200 2801.2
1296210 2801.2
1296220 2808.2
1296230 2814.6
1296240 2814.6
1296250 2820.7
1296260 2829.3
1296270 2829.3
1296280 2849.6
1296290 2870.2
1296300 2895.4
1296310 2895.4
1296320 2907.7
1296330 2917.5
1296340 2917.5
1296350 2927.4
1296360 2936.4
1296370 2936.4
1296380 2947.0
1296390 2958.5
1296400 2958.5
1296410 2969.2
1296420 2978.5
1296430 2978.5
1296440 2987.6
1296450 2998.7
1296460 2998.7
1296470 3010.5
1296480 3019.2
1296490 3019.2
1296500 3028.4
1296510 3037.0
1296520 3046.0
1296530 3046.0
1296540 3054.5
1296550 3063.6
1296560 3063.6
1296570 3072.4
1296580 3083.3
1296590 3083.3
1296600 3085.9
1296610 3081.0
1296620 3081.0
1296630 3073.8
1296640 3069.0
1296650 3069.0
1296660 3065.6
1296670 3059.4
1296680 3059.4
1296690 3051.9
1296700 3041.9
1296710 3041.9
1296720 3030.0
1296730 3019.1
1296740 3007.9
1296750 3007.9
1296760 2997.6
1296770 2987.5
1296780 2987.5
1296790 2977.2
1296800 2965.3
1296810 2965.3
1296820 2951.1
1296830 2940.1
1296840 2940.1
1296850 2931.0
1296860 2923.5
1296870 2923.5
1296880 2916.3
1296890 2909.7
1296900 2909.7
1296910 2903.2
1296920 2894.2
1296930 2886.2
1296940 2886.2
1296950 2878.7
1296960 2869.8
1296970 2869.8
1296980 2861.2
1296990 2851.0
1297000 2851.0
1297010 2838.2
1297020 2832.0
1297030 2832.0
1297040 2824.8
1297050 2815.8
1297060 2815.8
1297070 2805.3
1297080 2793.5
1297090 2793.5
1297100 2776.8
1297110 2756.7
1297120 2756.7
1297130 2742.6
1297140 2727.9
1297150 2714.3
1297160 2714.3
1297170 2705.8
1297180 2699.0
1297190 2699.0
1297200 2692.4
1297210 2685.7
1297220 2685.7
1297230 2679.3
1297240 2673.0
1297250 2671.0
1297260 2664.4
1297270 2658.2
1297280 2658.2
1297290 2652.2
1297300 2646.7
1297310 2646.7
1297320 2641.7
1297330 2636.7
1297340 2636.7
1297350 2631.5
1297360 2625.9
1297370 2617.4
1297380 2617.4
1297390 2609.7
1297400 2602.3
1297410 2602.3
1297420 2597.0
1297430 2592.3
1297440 2592.3
1297450 2588.0
1297460 2584.3
1297470 2584.3
1297480 2580.6
1297490 2576.2
1297500 2576.2
1297510 2570.3
1297520 2565.3
1297530 2565.3
1297540 2558.5
1297550 2550.3
1297560 2550.3
1297570 2545.0
1297580 2541.1
1297590 2538.3
1297600 2538.3
1297610 2535.6
1297620 2527.7
1297630 2527.7
1297640 2511.7
1297650 2493.2
1297660 2493.2
1297670 2470.9
1297680 2443.9
1297690 2443.9
1297700 2426.8
1297710 2416.0
1297720 2416.0
1297730 2409.2
1297740 2402.5
1297750 2402.5
1297760 2397.5
1297770 2393.2
1297780 2388.3
1297790 2388.3
1297800 2382.5
1297810 2376.7
1297820 2376.7
1297830 2371.1
1297840 2365.5
1297850 2365.5
1297860 2360.1
1297870 2354.6
1297880 2354.6
1297890 2349.4
1297900 2344.1
1297910 2344.1
1297920 2339.1
1297930 2333.9
1297940 2333.9
1297950 2328.7
1297960 2324.0
1297970 2324.0
1297980 2319.2
1297990 2314.3
1298000 2309.7
1298010 2309.7
1298020 2305.3
1298030 2301.2
1298040 2301.2
1298050 2297.4
1298060 2293.7
1298070 2293.7
1298080 2290.3
1298090 2287.8
1298100 2287.8
1298110 2285.8
1298120 2284.6
1298130 2284.6
1298140 2284.1
1298150 2284.2
1298160 2284.2
1298170 2284.3
1298180 2284.7
1298190 2284.7
1298200 2285.2
1298210 2285.6
1298220 2285.0
1298230 2285.0
1298240 2284.5
1298250 2284.6
1298260 2284.6
1298270 2284.7
1298280 2284.4
1298290 2284.4
1298300 2284.4
1298310 2284.4
1298320 2284.4
1298330 2284.8
1298340 2284.7
1298350 2284.7
1298360 2284.9
1298370 2285.1
1298380 2285.1
1298390 2284.7
1298400 2284.1
1298410 2283.5
1298420 2283.5
1298430 2283.0
1298440 2282.8
1298450 2282.8
1298460 2282.7
1298470 2282.8
1298480 2282.8
1298490 2282.1
1298500 2282.1
1298510 2282.1
1298520 2281.4
1298530 2281.1
1298540 2281.1
1298550 2280.7
1298560 2280.7
1298570 2280.7
1298580 2279.8
1298590 2279.3
1298600 2279.3
1298610 2277.8
1298620 2277.6
1298630 2276.7
1298640 2276.7
1298650 2276.5
1298660 2275.8
1298670 2275.8
1298680 2275.9
1298690 2277.1
1298700 2277.1
1298710 2279.0
1298720 2281.6
1298730 2281.6
1298740 2284.8
1298750 2288.2
1298760 2288.2
1298770 2291.6
1298780 2295.0
1298790 2295.0
1298800 2298.6
1298810 2302.1
1298820 2302.1
1298830 2305.8
1298840 2309.3
1298850 2312.8
1298860 2312.8
1298870 2315.9
1298880 2319.7
1298890 2319.7
1298900 2324.5
1298910 2330.5
1298920 2330.5
1298930 2336.7
1298940 2343.5
1298950 2343.5
1298960 2350.5
1298970 2357.8
1298980 2357.8
1298990 2365.1
1299000 2372.2
1299010 2372.2
1299020 2379.4
1299030 2389.0
1299040 2401.4
1299050 2401.4
1299060 2417.7
1299070 2425.6
1299080 2425.6
1299090 2433.7
1299100 2438.7
1299110 2438.7
1299120 2442.6
1299130 2446.3
1299140 2446.3
1299150 2446.5
1299160 2445.6
1299170 2445.6
1299180 2451.6
1299190 2456.1
1299200 2456.1
1299210 2457.3
1299220 2457.3
1299230 2457.3
1299240 2458.0
1299250 2461.2
1299260 2466.7
1299270 2466.7
1299280 2470.6
1299290 2459.3
1299300 2459.3
1299310 2460.7
1299320 2468.5
1299330 2468.5
1299340 2480.3
1299350 2487.3
1299360 2487.3
1299370 2491.1
1299380 2494.6
1299390 2494.6
1299400 2497.4
1299410 2499.2
1299420 2499.2
1299430 2499.5
1299440 2501.4
1299450 2501.4
1299460 2503.3
1299470 2506.7
1299480 2510.0
1299490 2510.0
1299500 2512.7
1299510 2516.4
1299520 2516.4
1299530 2519.8
1299540 2522.6
1299550 2522.6
1299560 2524.7
1299570 2527.5
1299580 2527.5
1299590 2530.6
1299600 2532.3
1299610 2532.3
1299620 2534.0
1299630 2539.5
1299640 2539.5
1299650 2542.2
1299660 2541.8
1299670 2541.8
1299680 2541.8
1299690 2539.5
1299700 2535.7
1299710 2535.7
1299720 2530.7
1299730 2525.8
1299740 2525.8
1299750 2520.4
1299760 2515.9
1299770 2515.9
1299780 2511.1
1299790 2505.3
1299800 2505.3
1299810 2500.3
1299820 2497.0
1299830 2497.0
1299840 2495.8
1299850 2494.5
1299860 2494.5
1299870 2491.4
1299880 2488.0
1299890 2484.5
1299900 2484.5
1299910 2481.0
1299920 2478.1
1299930 2478.1
1299940 2476.3
1299950 2474.4
1299960 2474.4
1299970 2471.5
1299980 2462.6
1299990 2462.6
