1280000 1802.7
1280010 1808.6
1280020 1814.0
1280030 1814.0
1280040 1818.4
1280050 1821.8
1280060 1821.8
1280070 1825.2
1280080 1829.4
1280090 1829.4
1280100 1835.5
1280110 1841.9
1280120 1841.9
1280130 1846.5
1280140 1849.4
1280150 1849.4
1280160 1851.7
1280170 1854.4
1280180 1857.6
1280190 1857.6
1280200 1861.9
1280210 1865.8
1280220 1865.8
1280230 1869.1
1280240 1872.5
1280250 1872.5
1280260 1875.8
1280270 1880.1
1280280 1880.1
1280290 1884.8
1280300 1889.8
1280310 1889.8
1280320 1895.0
1280330 1899.3
1280340 1899.3
1280350 1902.6
1280360 1905.2
1280370 1905.2
1280380 1907.0
1280390 1909.0
1280400 1911.7
1280410 1911.7
1280420 1914.4
1280430 1914.8
1280440 1914.8
1280450 1914.9
1280460 1915.6
1280470 1915.6
1280480 1917.2
1280490 1918.9
1280500 1918.9
1280510 1919.3
1280520 1919.3
1280530 1919.3
1280540 1918.9
1280550 1916.2
1280560 1916.2
1280570 1911.4
1280580 1905.2
1280590 1896.9
1280600 1896.9
1280610 1885.1
1280620 1875.0
1280630 1875.0
1280640 1866.9
1280650 1858.6
1280660 1858.6
1280670 1850.4
1280680 1842.1
1280690 1842.1
1280700 1834.6
1280710 1827.7
1280720 1827.7
1280730 1821.6
1280740 1816.2
1280750 1816.2
1280760 1810.7
1280770 1805.8
1280780 1805.8
1280790 1801.0
1280800 1795.8
1280810 1790.2
1280820 1790.2
1280830 1784.3
1280840 1778.4
1280850 1778.4
1280860 1772.6
1280870 1768.9
1280880 1768.9
1280890 1766.7
1280900 1764.8
1280910 1764.8
1280920 1762.7
1280930 1759.7
1280940 1759.7
1280950 1755.5
1280960 1751.3
1280970 1751.3
1280980 1747.1
1280990 1742.9
1281000 1742.9
1281010 1733.4
1281020 1728.4
1281030 1723.8
1281040 1723.8
1281050 1719.6
1281060 1715.2
1281070 1715.2
1281080 1710.4
1281090 1706.0
1281100 1706.0
1281110 1702.0
1281120 1698.0
1281130 1698.0
1281140 1693.7
1281150 1688.5
1281160 1688.5
1281170 1682.5
1281180 1676.4
1281190 1676.4
1281200 1671.4
1281210 1668.5
1281220 1668.5
1281230 1665.8
1281240 1661.3
1281250 1656.7
1281260 1656.7
1281270 1651.4
1281280 1644.3
1281290 1644.3
1281300 1638.0
1281310 1640.9
1281320 1640.9
1281330 1641.1
1281340 1638.3
1281350 1638.3
1281360 1636.1
1281370 1633.6
1281380 1633.6
1281390 1630.8
1281400 1627.8
1281410 1627.8
1281420 1625.1
1281430 1622.3
1281440 1619.4
1281450 1619.4
1281460 1616.8
1281470 1614.3
1281480 1614.3
1281490 1612.2
1281500 1610.2
1281510 1610.2
1281520 1607.2
1281530 1604.5
1281540 1604.5
1281550 1602.2
1281560 1600.0
1281570 1600.0
1281580 1597.9
1281590 1596.2
1281600 1596.2
1281610 1594.8
1281620 1593.5
1281630 1591.4
1281640 1591.1
1281650 1591.1
1281660 1590.9
1281670 1590.9
1281680 1590.6
1281690 1590.3
1281700 1590.3
1281710 1590.0
1281720 1589.8
1281730 1589.8
1281740 1589.7
1281750 1589.7
1281760 1589.7
1281770 1589.8
1281780 1590.1
1281790 1590.1
1281800 1590.7
1281810 1591.4
1281820 1591.4
1281830 1592.3
1281840 1593.0
1281850 1593.0
1281860 1593.5
1281870 1593.9
1281880 1594.2
1281890 1594.2
1281900 1594.7
1281910 1595.0
1281920 1595.0
1281930 1596.2
1281940 1597.5
1281950 1597.5
1281960 1598.6
1281970 1600.3
1281980 1600.3
1281990 1602.2
1282000 1604.3
1282010 1604.3
1282020 1606.3
1282030 1607.8
1282040 1607.8
1282050 1609.1
1282060 1610.0
1282070 1610.0
1282080 1611.1
1282090 1611.9
1282100 1612.7
1282110 1612.7
1282120 1613.1
1282130 1613.2
1282140 1613.2
1282150 1612.9
1282160 1611.8
1282170 1611.8
1282180 1611.5
1282190 1612.8
1282200 1612.8
1282210 1615.4
1282220 1617.5
1282230 1617.5
1282240 1619.1
1282250 1620.7
1282260 1622.2
1282270 1623.7
1282280 1625.4
1282290 1626.3
1282300 1626.3
1282310 1626.7
1282320 1627.5
1282330 1627.5
1282340 1629.2
1282350 1630.3
1282360 1630.3
1282370 1631.4
1282380 1634.1
1282390 1634.1
1282400 1636.6
1282410 1638.2
1282420 1638.2
1282430 1640.3
1282440 1643.5
1282450 1643.5
1282460 1646.7
1282470 1648.8
1282480 1648.8
1282490 1651.8
1282500 1654.8
1282510 1657.3
1282520 1657.3
1282530 1659.0
1282540 1660.3
1282550 1660.3
1282560 1661.9
1282570 1663.9
1282580 1663.9
1282590 1666.1
1282600 1668.0
1282610 1668.0
1282620 1670.4
1282630 1673.1
1282640 1673.1
1282650 1676.2
1282660 1679.4
1282670 1679.4
1282680 1682.2
1282690 1685.0
1282700 1685.0
1282710 1687.7
1282720 1690.1
1282730 1692.0
1282740 1692.0
1282750 1693.7
1282760 1695.9
1282770 1695.9
1282780 1698.5
1282790 1700.4
1282800 1700.4
1282810 1702.0
1282820 1703.6
1282830 1703.6
1282840 1706.1
1282850 1708.8
1282860 1708.8
1282870 1711.4
1282880 1716.6
1282890 1716.6
1282900 1720.4
1282910 1723.5
1282920 1723.5
1282930 1726.7
1282940 1730.1
1282950 1733.0
1282960 1733.0
1282970 1735.7
1282980 1739.0
1282990 1739.0
1283000 1742.9
1283010 1746.8
1283020 1746.8
1283030 1750.7
1283040 1754.0
1283050 1754.0
1283060 1756.5
1283070 1759.2
1283080 1759.2
1283090 1762.1
1283100 1764.4
1283110 1764.4
1283120 1766.3
1283130 1768.8
1283140 1771.5
1283150 1771.5
1283160 1773.9
1283170 1776.1
1283180 1776.1
1283190 1778.4
1283200 1781.4
1283210 1781.4
1283220 1784.1
1283230 1786.4
1283240 1786.4
1283250 1788.4
1283260 1790.2
1283270 1790.2
1283280 1792.5
1283290 1794.5
1283300 1794.5
1283310 1795.7
1283320 1796.1
1283330 1796.1
1283340 1793.3
1283350 1790.7
1283360 1791.0
1283370 1791.0
1283380 1777.4
1283390 1762.0
1283400 1762.0
1283410 1752.0
1283420 1746.9
1283430 1746.9
1283440 1742.9
1283450 1741.3
1283460 1741.3
1283470 1743.1
1283480 1747.0
1283490 1747.0
1283500 1749.2
1283510 1755.1
1283520 1755.1
1283530 1756.2
1283540 1755.8
1283550 1755.8
1283560 1753.3
1283570 1745.8
1283580 1738.3
1283590 1738.3
1283600 1736.6
1283610 1736.5
1283620 1736.5
1283630 1737.3
1283640 1737.9
1283650 1737.9
1283660 1737.8
1283670 1734.4
1283680 1734.4
1283690 1729.1
1283700 1725.3
1283710 1725.3
1283720 1723.3
1283730 1720.7
1283740 1720.7
1283750 1718.9
1283760 1720.2
1283770 1720.2
1283780 1722.9
1283790 1723.6
1283800 1723.1
1283810 1723.1
1283820 1722.0
1283830 1719.5
1283840 1719.5
1283850 1716.5
1283860 1717.1
1283870 1717.1
1283880 1718.2
1283890 1717.7
1283900 1717.7
1283910 1716.4
1283920 1714.5
1283930 1714.5
1283940 1711.2
1283950 1706.7
1283960 1706.7
1283970 1701.2
1283980 1695.9
1283990 1695.5
1284000 1695.5
1284010 1695.0
1284020 1692.6
1284030 1692.6
1284040 1689.9
1284050 1688.3
1284060 1688.3
1284070 1687.3
1284080 1685.4
1284090 1685.4
1284100 1683.1
1284110 1680.5
1284120 1680.5
1284130 1678.6
1284140 1678.9
1284150 1678.9
1284160 1676.1
1284170 1672.7
1284180 1672.7
1284190 1668.9
1284200 1665.4
1284210 1662.5
1284220 1662.5
1284230 1659.7
1284240 1657.4
1284250 1657.4
1284260 1653.6
1284270 1648.7
1284280 1648.7
1284290 1643.8
1284300 1635.4
1284310 1635.4
1284320 1626.7
1284330 1620.6
1284340 1620.6
1284350 1618.8
1284360 1624.5
1284370 1624.5
1284380 1632.3
1284390 1638.2
1284400 1638.2
1284410 1642.9
1284420 1647.6
1284430 1651.2
1284440 1651.2
1284450 1653.2
1284460 1652.9
1284470 1652.9
1284480 1652.0
1284490 1651.4
1284500 1651.4
1284510 1652.7
1284520 1653.3
1284530 1653.3
1284540 1652.3
1284550 1652.8
1284560 1652.8
1284570 1654.9
1284580 1656.9
1284590 1656.9
1284600 1658.3
1284610 1658.4
1284620 1658.4
1284630 1658.8
1284640 1658.9
1284650 1653.8
1284660 1653.8
1284670 1645.5
1284680 1638.7
1284690 1638.7
1284700 1633.0
1284710 1627.3
1284720 1627.3
1284730 1621.8
1284740 1618.9
1284750 1618.9
1284760 1619.3
1284770 1620.3
1284780 1623.2
1284790 1624.2
1284800 1625.6
1284810 1625.6
1284820 1626.0
1284830 1624.9
1284840 1622.5
1284850 1622.5
1284860 1622.9
1284870 1625.0
1284880 1625.0
1284890 1626.0
1284900 1627.6
1284910 1627.6
1284920 1629.3
1284930 1632.9
1284940 1632.9
1284950 1636.1
1284960 1637.9
1284970 1637.9
1284980 1639.8
1284990 1641.8
1285000 1641.8
1285010 1642.2
1285020 1642.9
1285030 1642.9
1285040 1644.1
1285050 1644.7
1285060 1643.5
1285070 1643.5
1285080 1641.0
1285090 1641.7
1285100 1641.7
1285110 1642.7
1285120 1644.4
1285130 1644.4
1285140 1646.3
1285150 1647.6
1285160 1647.6
1285170 1647.8
1285180 1650.0
1285190 1650.0
1285200 1654.4
1285210 1657.5
1285220 1657.5
1285230 1660.6
1285240 1663.7
1285250 1663.7
1285260 1666.5
1285270 1669.0
1285280 1671.8
1285290 1671.8
1285300 1674.0
1285310 1676.0
1285320 1676.0
1285330 1678.2
1285340 1681.1
1285350 1681.1
1285360 1683.7
1285370 1684.2
1285380 1684.2
1285390 1676.9
1285400 1664.0
1285410 1672.9
1285420 1670.9
1285430 1672.4
1285440 1672.4
1285450 1672.6
1285460 1673.2
1285470 1673.2
1285480 1673.6
1285490 1675.2
1285500 1676.0
1285510 1676.0
1285520 1676.2
1285530 1677.6
1285540 1677.6
1285550 1678.7
1285560 1677.3
1285570 1677.3
1285580 1674.7
1285590 1672.0
1285600 1672.0
1285610 1668.9
1285620 1666.7
1285630 1666.7
1285640 1664.3
1285650 1662.3
1285660 1662.3
1285670 1658.4
1285680 1652.6
1285690 1646.1
1285700 1646.1
1285710 1639.8
1285720 1634.9
1285730 1634.9
1285740 1631.3
1285750 1626.8
1285760 1626.8
1285770 1622.4
1285780 1619.1
1285790 1619.1
1285800 1618.1
1285810 1616.3
1285820 1616.3
1285830 1612.7
1285840 1608.2
1285850 1608.2
1285860 1605.3
1285870 1604.7
1285880 1604.7
1285890 1604.1
1285900 1604.0
1285910 1603.6
1285920 1603.6
1285930 1602.9
1285940 1600.8
1285950 1600.8
1285960 1598.2
1285970 1596.6
1285980 1596.6
1285990 1594.8
1286000 1592.5
1286010 1592.5
1286020 1588.8
1286030 1586.6
1286040 1586.6
1286050 1592.1
1286060 1591.8
1286070 1591.8
1286080 1590.8
1286090 1590.1
1286100 1590.1
1286110 1588.3
1286120 1585.9
1286130 1583.0
1286140 1583.0
1286150 1578.9
1286160 1574.8
1286170 1574.8
1286180 1570.2
1286190 1565.4
1286200 1565.4
1286210 1560.9
1286220 1558.1
1286230 1558.1
1286240 1555.9
1286250 1554.5
1286260 1554.5
1286270 1556.0
1286280 1557.4
1286290 1557.4
1286300 1559.5
1286310 1561.0
1286320 1561.0
1286330 1561.1
1286340 1561.2
1286350 1561.5
1286360 1561.5
1286370 1562.2
1286380 1564.7
1286390 1564.7
1286400 1567.2
1286410 1568.0
1286420 1568.0
1286430 1566.4
1286440 1563.7
1286450 1563.7
1286460 1561.1
1286470 1558.6
1286480 1558.6
1286490 1556.2
1286500 1552.9
1286510 1552.9
1286520 1548.9
1286530 1546.7
1286540 1544.5
1286550 1544.5
1286560 1542.1
1286570 1539.1
1286580 1539.1
1286590 1536.8
1286600 1534.2
1286610 1534.2
1286620 1530.6
1286630 1525.9
1286640 1525.9
1286650 1520.7
1286660 1514.9
1286670 1514.9
1286680 1508.9
1286690 1508.4
1286700 1508.4
1286710 1506.3
1286720 1504.3
1286730 1504.3
1286740 1501.4
1286750 1496.3
1286760 1490.8
1286770 1490.8
1286780 1490.5
1286790 1493.3
1286800 1493.3
1286810 1496.4
1286820 1497.7
1286830 1497.7
1286840 1496.6
1286850 1494.5
1286860 1494.5
1286870 1492.3
1286880 1488.8
1286890 1488.8
1286900 1484.2
1286910 1479.5
1286920 1479.5
1286930 1475.3
1286940 1472.8
1286950 1472.8
1286960 1469.0
1286970 1464.8
1286980 1460.6
1286990 1460.6
1287000 1455.5
1287010 1450.2
1287020 1450.2
1287030 1444.5
1287040 1439.4
1287050 1439.4
1287060 1434.1
1287070 1429.2
1287080 1429.2
1287090 1424.9
1287100 1420.4
1287110 1420.4
1287120 1416.0
1287130 1411.3
1287140 1411.3
1287150 1408.5
1287160 1407.7
1287170 1407.7
1287180 1406.4
1287190 1404.5
1287200 1402.7
1287210 1402.7
1287220 1400.6
1287230 1398.3
1287240 1398.3
1287250 1395.9
1287260 1393.1
1287270 1393.1
1287280 1390.1
1287290 1387.1
1287300 1387.1
1287310 1383.9
1287320 1381.2
1287330 1384.3
1287340 1381.8
1287350 1379.6
1287360 1379.6
1287370 1377.7
1287380 1377.5
1287390 1379.7
1287400 1379.7
1287410 1382.1
1287420 1383.9
1287430 1383.9
1287440 1385.9
1287450 1387.2
1287460 1387.2
1287470 1386.5
1287480 1384.4
1287490 1384.4
1287500 1383.0
1287510 1380.6
1287520 1380.6
1287530 1377.1
1287540 1373.9
1287550 1373.9
1287560 1370.8
1287570 1367.5
1287580 1367.5
1287590 1363.2
1287600 1358.3
1287610 1355.6
1287620 1355.6
1287630 1353.1
1287640 1349.2
1287650 1349.2
1287660 1345.5
1287670 1342.3
1287680 1342.3
1287690 1338.5
1287700 1337.5
1287710 1337.5
1287720 1337.5
1287730 1338.4
1287740 1338.4
1287750 1340.0
1287760 1339.0
1287770 1339.0
1287780 1337.9
1287790 1337.0
1287800 1337.0
1287810 1335.0
1287820 1332.6
1287830 1330.3
1287840 1330.3
1287850 1327.4
1287860 1324.8
1287870 1324.8
1287880 1322.4
1287890 1320.2
1287900 1320.2
1287910 1319.0
1287920 1319.0
1287930 1319.0
1287940 1319.1
1287950 1319.2
1287960 1319.2
1287970 1319.3
1287980 1319.4
1287990 1319.4
1288000 1319.5
1288010 1319.6
1288020 1319.7
1288030 1319.7
1288040 1319.9
1288050 1320.1
1288060 1320.1
1288070 1319.9
1288080 1319.9
1288090 1319.9
1288100 1320.1
1288110 1320.5
1288120 1320.5
1288130 1320.8
1288140 1320.9
1288150 1320.9
1288160 1321.1
1288170 1322.1
1288180 1322.1
1288190 1322.6
1288200 1322.5
1288210 1322.5
1288220 1322.7
1288230 1322.9
1288240 1323.2
1288250 1323.2
1288260 1323.6
1288270 1324.0
1288280 1324.0
1288290 1324.5
1288300 1325.0
1288310 1325.0
1288320 1325.7
1288330 1326.8
1288340 1326.8
1288350 1326.8
1288360 1326.7
1288370 1326.7
1288380 1327.7
1288390 1328.2
1288400 1328.2
1288410 1328.5
1288420 1328.4
1288430 1328.4
1288440 1328.8
1288450 1329.9
1288460 1330.9
1288470 1330.9
1288480 1331.4
1288490 1331.9
1288500 1331.9
1288510 1332.2
1288520 1332.0
1288530 1332.0
1288540 1331.5
1288550 1331.3
1288560 1331.3
1288570 1331.7
1288580 1332.2
1288590 1332.2
1288600 1332.6
1288610 1333.6
1288620 1334.2
1288630 1334.9
1288640 1334.9
1288650 1334.9
1288660 1335.1
1288670 1335.5
1288680 1336.1
1288690 1336.1
1288700 1336.6
1288710 1337.1
1288720 1337.1
1288730 1337.5
1288740 1338.2
1288750 1338.2
1288760 1338.9
1288770 1339.6
1288780 1339.6
1288790 1340.5
1288800 1341.2
1288810 1341.2
1288820 1341.8
1288830 1342.4
1288840 1342.4
1288850 1343.4
1288860 1344.5
1288870 1344.8
1288880 1344.8
1288890 1345.1
1288900 1345.4
1288910 1345.4
1288920 1345.9
1288930 1346.2
1288940 1346.2
1288950 1346.6
1288960 1347.2
1288970 1347.2
1288980 1347.9
1288990 1348.5
1289000 1348.5
1289010 1349.0
1289020 1350.2
1289030 1350.2
1289040 1354.6
1289050 1360.2
1289060 1360.2
1289070 1365.2
1289080 1369.9
1289090 1374.4
1289100 1374.4
1289110 1378.2
1289120 1381.5
1289130 1381.5
1289140 1384.5
1289150 1386.8
1289160 1386.8
1289170 1389.1
1289180 1391.8
1289190 1391.8
1289200 1395.2
1289210 1400.1
1289220 1400.1
1289230 1405.1
1289240 1409.9
1289250 1409.9
1289260 1414.5
1289270 1418.4
1289280 1418.4
1289290 1422.1
1289300 1425.7
1289310 1429.4
1289320 1429.4
1289330 1433.1
1289340 1436.2
1289350 1436.2
1289360 1439.1
1289370 1442.5
1289380 1442.5
1289390 1445.8
1289400 1449.9
1289410 1449.9
1289420 1454.4
1289430 1458.9
1289440 1458.9
1289450 1463.4
1289460 1468.0
1289470 1468.0
1289480 1473.0
1289490 1478.0
1289500 1478.0
1289510 1482.4
1289520 1487.0
1289530 1491.1
1289540 1491.1
1289550 1495.3
1289560 1499.1
1289570 1499.1
1289580 1502.4
1289590 1505.7
1289600 1505.7
1289610 1509.6
1289620 1513.7
1289630 1513.7
1289640 1517.8
1289650 1521.9
1289660 1521.9
1289670 1526.4
1289680 1531.1
1289690 1531.1
1289700 1535.5
1289710 1540.4
1289720 1545.1
1289730 1545.1
1289740 1549.5
1289750 1553.2
1289760 1553.2
1289770 1556.9
1289780 1560.9
1289790 1560.9
1289800 1565.7
1289810 1571.1
1289820 1571.1
1289830 1576.7
1289840 1583.1
1289850 1583.1
1289860 1590.0
1289870 1597.8
1289880 1597.8
1289890 1606.4
1289900 1615.1
1289910 1615.1
1289920 1625.3
1289930 1631.2
1289940 1636.1
1289950 1636.1
1289960 1640.9
1289970 1646.5
1289980 1646.5
1289990 1652.8
1290000 1658.7
1290010 1658.7
1290020 1664.5
1290030 1670.1
1290040 1670.1
1290050 1674.9
1290060 1679.2
1290070 1679.2
1290080 1683.0
1290090 1687.5
1290100 1687.5
1290110 1692.0
1290120 1696.6
1290130 1696.6
1290140 1701.2
1290150 1706.5
1290160 1713.6
1290170 1713.6
1290180 1720.2
1290190 1725.6
1290200 1725.6
1290210 1730.0
1290220 1733.9
1290230 1733.9
1290240 1738.2
1290250 1743.2
1290260 1743.2
1290270 1748.7
1290280 1754.3
1290290 1754.3
1290300 1760.7
1290310 1767.1
1290320 1767.1
1290330 1772.0
1290340 1777.3
1290350 1783.1
1290360 1783.1
1290370 1789.5
1290380 1797.3
1290390 1797.3
1290400 1804.7
1290410 1811.5
1290420 1811.5
1290430 1818.7
1290440 1826.3
1290450 1826.3
1290460 1834.0
1290470 1842.1
1290480 1842.1
1290490 1849.8
1290500 1856.7
1290510 1856.7
1290520 1863.3
1290530 1870.6
1290540 1870.6
1290550 1877.2
1290560 1884.6
1290570 1897.1
1290580 1897.1
1290590 1904.2
1290600 1912.6
1290610 1912.6
1290620 1921.6
1290630 1929.9
1290640 1929.9
1290650 1938.5
1290660 1948.0
1290670 1948.0
1290680 1957.5
1290690 1966.0
1290700 1966.0
1290710 1974.4
1290720 1982.9
1290730 1982.9
1290740 1991.5
1290750 1999.4
1290760 1999.4
1290770 2007.0
1290780 2014.7
1290790 2021.5
1290800 2021.5
1290810 2028.1
1290820 2034.7
1290830 2034.7
1290840 2040.4
1290850 2044.7
1290860 2044.7
1290870 2048.7
1290880 2051.8
1290890 2051.8
1290900 2053.8
1290910 2055.7
1290920 2055.7
1290930 2058.3
1290940 2062.0
1290950 2062.0
1290960 2066.3
1290970 2070.0
1290980 2070.0
1290990 2073.7
1291000 2077.3
1291010 2080.5
1291020 2080.5
1291030 2084.3
1291040 2088.5
1291050 2088.5
1291060 2094.1
1291070 2099.0
1291080 2099.0
1291090 2101.2
1291100 2102.5
1291110 2102.5
1291120 2105.4
1291130 2107.9
1291140 2107.9
1291150 2110.8
1291160 2115.1
1291170 2115.1
1291180 2118.9
1291190 2122.9
1291200 2127.1
1291210 2127.1
1291220 2129.6
1291230 2132.9
1291240 2132.9
1291250 2136.7
1291260 2140.6
1291270 2140.6
1291280 2144.6
1291290 2148.7
1291300 2148.7
1291310 2153.0
1291320 2157.3
1291330 2157.3
1291340 2161.7
1291350 2167.0
1291360 2167.0
1291370 2172.8
1291380 2179.0
1291390 2179.0
1291400 2185.0
1291410 2191.0
1291420 2197.1
1291430 2197.1
1291440 2203.2
1291450 2209.4
1291460 2209.4
1291470 2216.8
1291480 2226.1
1291490 2226.1
1291500 2234.1
1291510 2242.2
1291520 2242.2
1291530 2250.6
1291540 2259.5
1291550 2259.5
1291560 2268.8
1291570 2277.4
1291580 2277.4
1291590 2284.0
1291600 2290.4
1291610 2290.4
1291620 2296.7
1291630 2302.9
1291640 2309.8
1291650 2309.8
1291660 2317.7
1291670 2327.4
1291680 2327.4
1291690 2336.6
1291700 2346.0
1291710 2346.0
1291720 2354.8
1291730 2363.3
1291740 2363.3
1291750 2372.8
1291760 2382.4
1291770 2382.4
1291780 2392.7
1291790 2403.8
1291800 2403.8
1291810 2413.8
1291820 2406.1
1291830 2406.1
1291840 2394.1
1291850 2385.3
1291860 2379.2
1291870 2379.2
1291880 2382.1
1291890 2375.7
1291900 2375.7
1291910 2369.9
1291920 2365.4
1291930 2365.4
1291940 2365.6
1291950 2364.1
1291960 2364.1
1291970 2357.7
1291980 2347.2
1291990 2347.2
1292000 2339.0
1292010 2331.7
1292020 2331.7
1292030 2328.7
1292040 2324.2
1292050 2323.6
1292060 2323.6
1292070 2316.9
1292080 2308.0
1292090 2308.0
1292100 2297.8
1292110 2287.1
1292120 2287.1
1292130 2278.8
1292140 2270.8
1292150 2270.8
1292160 2262.2
1292170 2253.5
1292180 2253.5
1292190 2247.3
1292200 2243.6
1292210 2243.6
1292220 2238.2
1292230 2232.2
1292240 2232.2
1292250 2227.5
1292260 2223.3
1292270 2218.1
1292280 2218.1
1292290 2213.2
1292300 2193.3
1292310 2193.3
1292320 2173.4
1292330 2169.6
1292340 2169.6
1292350 2165.3
1292360 2157.2
1292370 2157.2
1292380 2152.5
1292390 2146.9
1292400 2146.9
1292410 2142.9
1292420 2141.3
1292430 2141.3
1292440 2139.0
1292450 2135.6
1292460 2135.6
1292470 2131.7
1292480 2128.6
1292490 2125.7
1292500 2125.7
1292510 2123.7
1292520 2121.0
1292530 2121.0
1292540 2127.1
1292550 2128.8
1292560 2128.8
1292570 2127.3
1292580 2111.5
1292590 2111.5
1292600 2088.0
1292610 2078.9
1292620 2078.9
1292630 2073.1
1292640 2060.6
1292650 2060.6
1292660 2038.2
1292670 2022.1
1292680 2022.1
1292690 2018.4
1292700 2016.8
1292710 2020.4
1292720 2020.4
1292730 2022.4
1292740 2021.4
1292750 2021.4
1292760 2019.5
1292770 2016.5
1292780 2016.5
1292790 2012.3
1292800 2007.3
1292810 2007.3
1292820 2002.1
1292830 1997.3
1292840 1997.3
1292850 1992.5
1292860 1987.0
1292870 1987.0
1292880 1982.5
1292890 1978.1
1292900 1973.2
1292910 1973.2
1292920 1968.7
1292930 1964.9
1292940 1964.9
1292950 1963.4
1292960 1963.2
1292970 1963.2
1292980 1962.2
1292990 1959.3
1293000 1959.3
1293010 1954.2
1293020 1953.1
1293030 1953.1
1293040 1954.5
1293050 1955.1
1293060 1955.1
1293070 1954.6
1293080 1951.8
1293090 1951.8
1293100 1947.4
1293110 1948.9
1293120 1947.9
1293130 1947.9
1293140 1944.7
1293150 1941.4
1293160 1941.4
1293170 1939.8
1293180 1941.3
1293190 1941.3
1293200 1947.5
1293210 1950.5
1293220 1950.5
1293230 1951.4
1293240 1953.0
1293250 1953.0
1293260 1955.2
1293270 1956.9
1293280 1956.9
1293290 1958.2
1293300 1954.2
1293310 1954.2
1293320 1951.0
1293330 1955.8
1293340 1962.7
1293350 1962.7
1293360 1967.7
1293370 1971.8
1293380 1971.8
1293390 1974.4
1293400 1978.1
1293410 1978.1
1293420 1982.2
1293430 1985.2
1293440 1985.2
1293450 1988.5
1293460 1992.8
1293470 1992.8
1293480 1997.0
1293490 1996.4
1293500 1996.4
1293510 1993.3
1293520 1990.6
1293530 1989.1
1293540 1989.1
1293550 1992.0
1293560 1997.6
1293570 1997.6
1293580 2004.5
1293590 2011.3
1293600 2011.3
1293610 2015.5
1293620 2020.3
1293630 2020.3
1293640 2026.1
1293650 2033.2
1293660 2033.2
1293670 2042.5
1293680 2052.8
1293690 2052.8
1293700 2059.6
1293710 2064.7
1293720 2064.7
1293730 2071.9
1293740 2079.4
1293750 2084.8
1293760 2084.8
1293770 2084.8
1293780 2086.7
1293790 2086.7
1293800 2092.6
1293810 2098.6
1293820 2098.6
1293830 2106.1
1293840 2114.5
1293850 2114.5
1293860 2120.7
1293870 2128.8
1293880 2128.8
1293890 2136.2
1293900 2141.4
1293910 2141.4
1293920 2144.7
1293930 2148.1
1293940 2148.1
1293950 2152.2
1293960 2157.2
1293970 2162.9
1293980 2162.9
1293990 2168.3
1294000 2172.8
1294010 2172.8
1294020 2177.8
1294030 2183.0
1294040 2183.0
1294050 2189.3
1294060 2195.8
1294070 2195.8
1294080 2200.3
1294090 2202.9
1294100 2202.9
1294110 2205.8
1294120 2209.5
1294130 2209.5
1294140 2214.3
1294150 2219.0
1294160 2219.0
1294170 2221.3
1294180 2220.5
1294190 2220.1
1294200 2220.1
1294210 2218.2
1294220 2217.2
1294230 2217.2
1294240 2217.1
1294250 2216.8
1294260 2216.8
1294270 2217.3
1294280 2219.1
1294290 2219.1
1294300 2220.5
1294310 2222.8
1294320 2222.8
1294330 2224.3
1294340 2225.8
1294350 2225.8
1294360 2229.9
1294370 2235.3
1294380 2241.9
1294390 2241.9
1294400 2247.3
1294410 2253.4
1294420 2253.4
1294430 2260.8
1294440 2268.3
1294450 2268.3
1294460 2276.5
1294470 2285.7
1294480 2285.7
1294490 2293.3
1294500 2298.8
1294510 2298.8
1294520 2303.4
1294530 2305.7
1294540 2305.7
1294550 2308.9
1294560 2311.4
1294570 2311.4
1294580 2313.7
1294590 2317.0
1294600 2320.9
1294610 2320.9
1294620 2324.3
1294630 2328.0
1294640 2328.0
1294650 2332.5
1294660 2337.1
1294670 2337.1
1294680 2340.5
1294690 2343.4
1294700 2343.4
1294710 2345.9
1294720 2348.2
1294730 2348.2
1294740 2350.0
1294750 2351.5
1294760 2351.5
1294770 2352.7
1294780 2354.0
1294790 2354.0
1294800 2356.7
1294810 2359.6
1294820 2362.8
1294830 2362.8
1294840 2365.4
1294850 2367.6
1294860 2367.6
1294870 2369.7
1294880 2371.6
1294890 2371.6
1294900 2375.4
1294910 2383.5
1294920 2383.5
1294930 2390.0
1294940 2396.1
1294950 2396.1
1294960 2402.8
1294970 2406.6
1294980 2406.6
1294990 2410.4
1295000 2414.1
1295010 2416.1
1295020 2416.1
1295030 2415.1
1295040 2418.5
1295050 2418.5
1295060 2423.0
1295070 2425.8
1295080 2425.8
1295090 2427.7
1295100 2430.2
1295110 2430.2
1295120 2431.8
1295130 2433.3
1295140 2433.3
1295150 2436.0
1295160 2439.1
1295170 2439.1
1295180 2443.5
1295190 2450.0
1295200 2450.0
1295210 2453.1
1295220 2456.6
1295230 2461.2
1295240 2461.2
1295250 2466.4
1295260 2471.0
1295270 2471.0
1295280 2474.9
1295290 2478.6
1295300 2478.6
1295310 2484.2
1295320 2487.8
1295330 2487.8
1295340 2490.0
1295350 2492.1
1295360 2492.1
1295370 2497.2
1295380 2505.0
1295390 2505.0
1295400 2512.5
1295410 2516.8
1295420 2516.8
1295430 2520.0
1295440 2523.2
1295450 2527.1
1295460 2527.1
1295470 2531.1
1295480 2535.3
1295490 2535.3
1295500 2541.6
1295510 2548.2
1295520 2548.2
1295530 2553.7
1295540 2558.9
1295550 2558.9
1295560 2563.1
1295570 2567.8
1295580 2567.8
1295590 2573.0
1295600 2577.3
1295610 2577.3
1295620 2580.0
1295630 2582.5
1295640 2582.5
1295650 2585.8
1295660 2590.5
1295670 2595.8
1295680 2595.8
1295690 2601.5
1295700 2607.0
1295710 2607.0
1295720 2612.1
1295730 2617.3
1295740 2617.3
1295750 2622.2
1295760 2625.6
1295770 2625.6
1295780 2627.1
1295790 2628.4
1295800 2628.4
1295810 2629.7
1295820 2630.6
1295830 2630.6
1295840 2631.8
1295850 2633.2
1295860 2635.6
1295870 2635.6
1295880 2637.8
1295890 2640.4
1295900 2640.4
1295910 2643.5
1295920 2646.8
1295930 2646.8
1295940 2650.6
1295950 2654.9
1295960 2654.9
1295970 2659.5
1295980 2664.5
1295990 2664.5
1296000 2669.3
1296010 2674.1
1296020 2674.1
1296030 2678.0
1296040 2680.8
1296050 2680.8
1296060 2683.1
1296070 2685.3
1296080 2688.2
1296090 2688.2
1296100 2692.1
1296110 2697.5
1296120 2697.5
1296130 2704.2
1296140 2713.1
1296150 2713.1
1296160 2720.8
1296170 2725.8
1296180 2725.8
1296190 2729.0
1296200 2730.6
1296210 2730.6
1296220 2731.6
1296230 2732.8
1296240 2732.8
1296250 2735.4
1296260 2738.2
1296270 2738.2
1296280 2741.8
1296290 2745.3
1296300 2748.4
1296310 2748.4
1296320 2751.0
1296330 2754.8
1296340 2754.8
1296350 2757.8
1296360 2760.3
1296370 2760.3
1296380 2764.5
1296390 2768.7
1296400 2768.7
1296410 2772.7
1296420 2777.1
1296430 2777.1
1296440 2781.6
1296450 2785.8
1296460 2785.8
1296470 2791.1
1296480 2796.9
1296490 2796.9
1296500 2802.3
1296510 2807.3
1296520 2812.5
1296530 2812.5
1296540 2819.2
1296550 2824.5
1296560 2824.5
1296570 2829.8
1296580 2835.7
1296590 2835.7
1296600 2842.2
1296610 2848.2
1296620 2848.2
1296630 2854.5
1296640 2861.3
1296650 2861.3
1296660 2868.5
1296670 2878.5
1296680 2878.5
1296690 2893.2
1296700 2908.4
1296710 2920.6
1296720 2920.6
1296730 2930.5
1296740 2939.8
1296750 2939.8
1296760 2953.1
1296770 2968.9
1296780 2968.9
1296790 2983.8
1296800 2999.2
1296810 2999.2
1296820 3018.2
1296830 3025.1
1296840 3025.1
1296850 3012.5
1296860 2998.1
1296870 2998.1
1296880 2982.1
1296890 2958.8
1296900 2958.8
1296910 2935.0
1296920 2921.7
1296930 2904.9
1296940 2904.9
1296950 2887.9
1296960 2876.8
1296970 2876.8
1296980 2869.1
1296990 2861.6
1297000 2861.6
1297010 2854.0
1297020 2846.6
1297030 2846.6
1297040 2839.5
1297050 2832.7
1297060 2832.7
1297070 2826.0
1297080 2819.6
1297090 2819.6
1297100 2813.1
1297110 2806.2
1297120 2806.2
1297130 2799.6
1297140 2793.2
1297150 2787.3
1297160 2787.3
1297170 2781.7
1297180 2776.8
1297190 2776.8
1297200 2771.8
1297210 2763.1
1297220 2763.1
1297230 2759.2
1297240 2755.4
1297250 2755.4
1297260 2752.9
1297270 2750.6
1297280 2750.6
1297290 2748.0
1297300 2745.4
1297310 2745.4
1297320 2744.5
1297330 2741.4
1297340 2731.7
1297350 2731.7
1297360 2718.1
1297370 2701.7
1297380 2701.7
1297390 2682.7
1297400 2672.9
1297410 2672.9
1297420 2666.5
1297430 2660.0
1297440 2660.0
1297450 2654.3
1297460 2649.8
1297470 2649.8
1297480 2645.8
1297490 2643.2
1297500 2643.2
1297510 2641.3
1297520 2640.6
1297530 2640.6
1297540 2640.2
1297550 2638.5
1297560 2636.6
1297570 2636.6
1297580 2635.8
1297590 2635.8
1297600 2635.8
1297610 2630.0
1297620 2624.1
1297630 2624.1
1297640 2619.6
1297650 2617.3
1297660 2617.3
1297670 2614.0
1297680 2608.8
1297690 2608.8
1297700 2602.1
1297710 2595.8
1297720 2595.8
1297730 2590.0
1297740 2583.7
1297750 2583.7
1297760 2576.1
1297770 2569.6
1297780 2564.7
1297790 2564.7
1297800 2560.0
1297810 2554.8
1297820 2554.8
1297830 2548.9
1297840 2540.4
1297850 2540.4
1297860 2533.0
1297870 2526.6
1297880 2526.6
1297890 2517.0
1297900 2508.4
1297910 2508.4
1297920 2499.9
1297930 2492.1
1297940 2492.1
1297950 2484.1
1297960 2480.4
1297970 2480.4
1297980 2479.7
1297990 2479.4
1298000 2480.5
1298010 2480.5
1298020 2480.4
1298030 2476.4
1298040 2476.4
1298050 2465.4
1298060 2454.5
1298070 2454.5
1298080 2442.7
1298090 2431.1
1298100 2431.1
1298110 2416.7
1298120 2407.2
1298130 2407.2
1298140 2404.3
1298150 2403.4
1298160 2403.4
1298170 2403.4
1298180 2404.2
1298190 2404.3
1298200 2404.3
1298210 2404.1
1298220 2403.9
1298230 2403.9
1298240 2405.9
1298250 2406.2
1298260 2406.2
1298270 2407.1
1298280 2408.1
1298290 2408.1
1298300 2409.1
1298310 2409.7
1298320 2409.7
1298330 2409.9
1298340 2408.7
1298350 2408.7
1298360 2406.9
1298370 2403.4
1298380 2403.4
1298390 2398.8
1298400 2396.2
1298410 2395.7
1298420 2395.7
1298430 2395.3
1298440 2398.7
1298450 2398.7
1298460 2400.7
1298470 2398.8
1298480 2398.8
1298490 2396.9
1298500 2394.8
1298510 2394.8
1298520 2393.1
1298530 2390.1
1298540 2390.1
1298550 2388.5
1298560 2388.3
1298570 2384.4
1298580 2384.5
1298590 2385.9
1298600 2385.9
1298610 2390.0
1298620 2394.5
1298630 2398.2
1298640 2398.2
1298650 2401.5
1298660 2405.3
1298670 2405.3
1298680 2412.5
1298690 2421.9
1298700 2421.9
1298710 2428.5
1298720 2433.4
1298730 2433.4
1298740 2438.2
1298750 2442.7
1298760 2442.7
1298770 2449.6
1298780 2465.0
1298790 2465.0
1298800 2474.5
1298810 2482.8
1298820 2482.8
1298830 2489.5
1298840 2496.0
1298850 2502.7
1298860 2502.7
1298870 2507.9
1298880 2511.6
1298890 2511.6
1298900 2515.9
1298910 2522.2
1298920 2522.2
1298930 2528.7
1298940 2534.0
1298950 2534.0
1298960 2539.7
1298970 2545.9
1298980 2545.9
1298990 2552.3
1299000 2558.4
1299010 2558.4
1299020 2564.7
1299030 2570.9
1299040 2576.2
1299050 2576.2
1299060 2580.8
1299070 2585.3
1299080 2585.3
1299090 2589.9
1299100 2593.8
1299110 2593.8
1299120 2597.8
1299130 2607.0
1299140 2607.0
1299150 2632.3
1299160 2648.7
1299170 2648.7
1299180 2660.1
1299190 2670.6
1299200 2670.6
1299210 2681.7
1299220 2689.9
1299230 2689.9
1299240 2699.2
1299250 2705.3
1299260 2713.9
1299270 2713.9
1299280 2721.2
1299290 2721.7
1299300 2721.7
1299310 2721.4
1299320 2728.9
1299330 2728.9
1299340 2733.4
1299350 2739.0
1299360 2739.0
1299370 2744.2
1299380 2740.8
1299390 2740.8
1299400 2732.8
1299410 2724.5
1299420 2724.5
1299430 2716.5
1299440 2710.1
1299450 2710.1
1299460 2703.9
1299470 2697.4
1299480 2690.9
1299490 2690.9
1299500 2684.2
1299510 2677.6
1299520 2677.6
1299530 2671.5
1299540 2666.7
1299550 2666.7
1299560 2661.7
1299570 2658.0
1299580 2658.0
1299590 2654.3
1299600 2649.8
1299610 2649.8
1299620 2645.4
1299630 2641.6
1299640 2641.6
1299650 2636.5
1299660 2630.4
1299670 2628.7
1299680 2628.7
1299690 2629.7
1299700 2630.9
1299710 2630.9
1299720 2630.6
1299730 2628.8
1299740 2628.8
1299750 2626.4
1299760 2624.8
1299770 2624.8
1299780 2622.6
1299790 2620.2
1299800 2620.2
1299810 2618.0
1299820 2615.4
1299830 2615.4
1299840 2612.6
1299850 2609.7
1299860 2609.7
1299870 2607.8
1299880 2605.9
1299890 2603.4
1299900 2603.4
1299910 2600.3
1299920 2596.3
1299930 2596.3
1299940 2591.5
1299950 2589.6
1299960 2589.6
1299970 2587.3
1299980 2585.2
1299990 2585.2
