1280000 1750.3
1280010 1750.3
1280020 1755.6
1280030 1760.9
1280040 1760.9
1280050 1766.6
1280060 1771.9
1280070 1771.9
1280080 1777.3
1280090 1782.7
1280100 1787.5
1280110 1787.5
1280120 1792.8
1280130 1798.8
1280140 1798.8
1280150 1804.6
1280160 1810.0
1280170 1810.0
1280180 1815.7
1280190 1821.4
1280200 1821.4
1280210 1827.2
1280220 1833.1
1280230 1833.1
1280240 1838.7
1280250 1844.1
1280260 1844.1
1280270 1849.2
1280280 1854.1
1280290 1854.1
1280300 1859.6
1280310 1865.5
1280320 1871.1
1280330 1871.1
1280340 1876.7
1280350 1883.0
1280360 1883.0
1280370 1888.5
1280380 1894.2
1280390 1894.2
1280400 1900.0
1280410 1905.5
1280420 1905.5
1280430 1910.7
1280440 1915.8
1280450 1915.8
1280460 1921.0
1280470 1925.6
1280480 1925.6
1280490 1929.5
1280500 1934.1
1280510 1934.1
1280520 1937.6
1280530 1942.1
1280540 1947.0
1280550 1947.0
1280560 1951.6
1280570 1955.9
1280580 1955.9
1280590 1959.7
1280600 1963.9
1280610 1963.9
1280620 1968.8
1280630 1974.1
1280640 1974.1
1280650 1980.2
1280660 1986.0
1280670 1986.0
1280680 1991.9
1280690 1997.4
1280700 1997.4
1280710 2001.1
1280720 2004.4
1280730 2004.4
1280740 2008.9
1280750 2014.2
1280760 2019.9
1280770 2019.9
1280780 2025.1
1280790 2029.3
1280800 2029.3
1280810 2033.4
1280820 2037.9
1280830 2037.9
1280840 2042.2
1280850 2046.4
1280860 2046.4
1280870 2048.5
1280880 2048.0
1280890 2048.0
1280900 2047.0
1280910 2046.6
1280920 2046.6
1280930 2045.3
1280940 2042.1
1280950 2036.2
1280960 2036.2
1280970 2030.4
1280980 2024.4
1280990 2024.4
1281000 2018.3
1281010 2012.8
1281020 2012.8
1281030 2007.0
1281040 2001.0
1281050 2001.0
1281060 1995.2
1281070 1989.6
1281080 1989.6
1281090 1985.3
1281100 1982.3
1281110 1982.3
1281120 1980.2
1281130 1979.7
1281140 1972.7
1281150 1973.4
1281160 1974.9
1281170 1977.1
1281180 1977.1
1281190 1978.4
1281200 1976.5
1281210 1976.5
1281220 1965.3
1281230 1943.4
1281240 1943.4
1281250 1933.7
1281260 1920.1
1281270 1920.1
1281280 1910.1
1281290 1902.1
1281300 1902.1
1281310 1895.1
1281320 1888.0
1281330 1888.0
1281340 1881.9
1281350 1878.2
1281360 1878.2
1281370 1875.1
1281380 1864.5
1281390 1856.7
1281400 1856.7
1281410 1851.5
1281420 1847.1
1281430 1847.1
1281440 1842.4
1281450 1835.7
1281460 1835.7
1281470 1828.9
1281480 1824.5
1281490 1824.5
1281500 1809.3
1281510 1801.5
1281520 1801.5
1281530 1797.2
1281540 1790.8
1281550 1790.8
1281560 1785.8
1281570 1781.6
1281580 1781.6
1281590 1776.3
1281600 1769.8
1281610 1764.0
1281620 1764.0
1281630 1756.7
1281640 1749.0
1281650 1749.0
1281660 1741.5
1281670 1735.0
1281680 1735.0
1281690 1728.8
1281700 1723.6
1281710 1723.6
1281720 1719.7
1281730 1716.3
1281740 1716.3
1281750 1713.5
1281760 1711.0
1281770 1717.4
1281780 1713.4
1281790 1709.1
1281800 1704.8
1281810 1704.8
1281820 1699.9
1281830 1695.2
1281840 1695.2
1281850 1690.4
1281860 1684.2
1281870 1684.2
1281880 1678.1
1281890 1673.1
1281900 1673.1
1281910 1669.0
1281920 1665.7
1281930 1665.7
1281940 1664.1
1281950 1663.4
1281960 1663.4
1281970 1661.9
1281980 1659.2
1281990 1659.2
1282000 1655.0
1282010 1649.7
1282020 1644.2
1282030 1644.2
1282040 1639.0
1282050 1633.9
1282060 1633.9
1282070 1628.3
1282080 1622.8
1282090 1622.8
1282100 1617.4
1282110 1612.5
1282120 1612.5
1282130 1607.3
1282140 1602.4
1282150 1602.4
1282160 1597.4
1282170 1592.2
1282180 1592.2
1282190 1587.2
1282200 1581.9
1282210 1581.9
1282220 1575.5
1282230 1569.8
1282240 1564.2
1282250 1564.2
1282260 1558.8
1282270 1553.2
1282280 1553.2
1282290 1547.3
1282300 1542.2
1282310 1542.2
1282320 1537.4
1282330 1532.8
1282340 1532.8
1282350 1527.8
1282360 1523.1
1282370 1523.1
1282380 1519.0
1282390 1515.5
1282400 1515.5
1282410 1512.9
1282420 1510.8
1282430 1510.8
1282440 1509.4
1282450 1508.3
1282460 1506.5
1282470 1506.5
1282480 1504.0
1282490 1499.5
1282500 1499.5
1282510 1489.5
1282520 1479.7
1282530 1479.7
1282540 1474.8
1282550 1475.7
1282560 1475.7
1282570 1477.6
1282580 1479.1
1282590 1479.1
1282600 1479.5
1282610 1479.6
1282620 1479.6
1282630 1480.3
1282640 1480.4
1282650 1480.4
1282660 1480.4
1282670 1480.7
1282680 1480.0
1282690 1480.0
1282700 1477.4
1282710 1474.8
1282720 1474.8
1282730 1472.5
1282740 1466.4
1282750 1466.4
1282760 1460.7
1282770 1456.5
1282780 1456.5
1282790 1453.2
1282800 1450.9
1282810 1450.9
1282820 1449.1
1282830 1448.0
1282840 1448.0
1282850 1447.0
1282860 1446.2
1282870 1444.5
1282880 1444.5
1282890 1441.1
1282900 1437.9
1282910 1437.9
1282920 1432.9
1282930 1428.4
1282940 1428.4
1282950 1425.2
1282960 1423.3
1282970 1423.3
1282980 1422.2
1282990 1420.3
1283000 1420.3
1283010 1417.8
1283020 1422.2
1283030 1422.2
1283040 1417.9
1283050 1414.4
1283060 1414.4
1283070 1412.5
1283080 1409.8
1283090 1405.7
1283100 1405.7
1283110 1402.2
1283120 1398.8
1283130 1398.8
1283140 1395.3
1283150 1392.0
1283160 1392.0
1283170 1388.8
1283180 1386.3
1283190 1386.3
1283200 1383.2
1283210 1380.1
1283220 1380.1
1283230 1376.8
1283240 1374.0
1283250 1374.0
1283260 1371.3
1283270 1368.4
1283280 1368.4
1283290 1366.3
1283300 1365.2
1283310 1364.0
1283320 1364.0
1283330 1362.0
1283340 1357.5
1283350 1357.5
1283360 1352.8
1283370 1353.4
1283380 1353.4
1283390 1356.1
1283400 1357.7
1283410 1357.7
1283420 1359.2
1283430 1361.2
1283440 1361.2
1283450 1365.0
1283460 1370.3
1283470 1370.3
1283480 1373.8
1283490 1376.4
1283500 1376.4
1283510 1378.9
1283520 1381.0
1283530 1383.4
1283540 1383.4
1283550 1384.6
1283560 1385.9
1283570 1385.9
1283580 1387.3
1283590 1388.0
1283600 1388.0
1283610 1388.4
1283620 1388.1
1283630 1388.1
1283640 1386.8
1283650 1392.0
1283660 1392.0
1283670 1389.2
1283680 1386.1
1283690 1386.1
1283700 1383.8
1283710 1382.3
1283720 1381.2
1283730 1381.2
1283740 1379.8
1283750 1378.5
1283760 1378.5
1283770 1378.1
1283780 1379.1
1283790 1379.1
1283800 1380.4
1283810 1380.7
1283820 1380.7
1283830 1380.7
1283840 1380.2
1283850 1380.2
1283860 1379.4
1283870 1378.3
1283880 1378.3
1283890 1378.4
1283900 1378.9
1283910 1378.9
1283920 1379.7
1283930 1380.7
1283940 1381.6
1283950 1381.6
1283960 1380.9
1283970 1379.3
1283980 1379.3
1283990 1377.7
1284000 1377.0
1284010 1377.0
1284020 1376.0
1284030 1374.4
1284040 1374.4
1284050 1373.6
1284060 1372.2
1284070 1372.2
1284080 1369.8
1284090 1367.6
1284100 1367.6
1284110 1363.1
1284120 1357.9
1284130 1357.9
1284140 1354.3
1284150 1351.0
1284160 1348.6
1284170 1348.6
1284180 1347.9
1284190 1347.9
1284200 1347.9
1284210 1347.4
1284220 1345.1
1284230 1345.1
1284240 1341.3
1284250 1339.0
1284260 1339.0
1284270 1337.1
1284280 1339.3
1284290 1339.3
1284300 1337.9
1284310 1336.2
1284320 1336.2
1284330 1333.9
1284340 1332.0
1284350 1332.0
1284360 1331.1
1284370 1330.4
1284380 1329.9
1284390 1329.9
1284400 1329.7
1284410 1328.9
1284420 1328.9
1284430 1328.4
1284440 1327.4
1284450 1327.4
1284460 1326.7
1284470 1325.7
1284480 1325.7
1284490 1324.6
1284500 1322.7
1284510 1322.7
1284520 1320.3
1284530 1318.2
1284540 1318.2
1284550 1316.3
1284560 1314.0
1284570 1314.0
1284580 1312.6
1284590 1312.2
1284600 1312.3
1284610 1312.3
1284620 1311.7
1284630 1309.6
1284640 1309.6
1284650 1307.3
1284660 1305.7
1284670 1305.7
1284680 1304.2
1284690 1303.1
1284700 1303.1
1284710 1302.9
1284720 1303.1
1284730 1303.1
1284740 1303.5
1284750 1304.0
1284760 1304.0
1284770 1304.4
1284780 1305.7
1284790 1305.8
1284800 1305.8
1284810 1305.5
1284820 1304.7
1284830 1304.7
1284840 1304.0
1284850 1303.4
1284860 1303.4
1284870 1303.8
1284880 1304.1
1284890 1304.1
1284900 1303.1
1284910 1303.5
1284920 1306.9
1284930 1306.2
1284940 1303.7
1284950 1303.7
1284960 1301.4
1284970 1299.2
1284980 1299.2
1284990 1296.1
1285000 1292.6
1285010 1289.3
1285020 1289.3
1285030 1286.8
1285040 1286.6
1285050 1286.6
1285060 1287.7
1285070 1288.3
1285080 1288.3
1285090 1288.5
1285100 1288.8
1285110 1288.8
1285120 1289.0
1285130 1289.0
1285140 1289.0
1285150 1289.1
1285160 1288.8
1285170 1288.8
1285180 1288.7
1285190 1288.9
1285200 1288.9
1285210 1289.7
1285220 1290.5
1285230 1290.8
1285240 1290.8
1285250 1290.9
1285260 1291.0
1285270 1291.0
1285280 1291.5
1285290 1292.0
1285300 1292.0
1285310 1292.1
1285320 1292.3
1285330 1292.3
1285340 1292.5
1285350 1292.9
1285360 1292.9
1285370 1293.2
1285380 1293.6
1285390 1293.6
1285400 1293.7
1285410 1293.7
1285420 1293.7
1285430 1293.9
1285440 1293.9
1285450 1293.8
1285460 1293.8
1285470 1294.2
1285480 1294.7
1285490 1294.7
1285500 1295.2
1285510 1295.7
1285520 1295.7
1285530 1296.3
1285540 1297.1
1285550 1296.1
1285560 1296.7
1285570 1297.1
1285580 1297.1
1285590 1297.5
1285600 1298.0
1285610 1298.0
1285620 1298.6
1285630 1299.2
1285640 1300.1
1285650 1300.1
1285660 1301.6
1285670 1302.1
1285680 1302.1
1285690 1302.5
1285700 1303.1
1285710 1303.1
1285720 1303.2
1285730 1303.5
1285740 1303.5
1285750 1304.0
1285760 1304.7
1285770 1304.7
1285780 1305.7
1285790 1306.5
1285800 1306.5
1285810 1307.1
1285820 1307.8
1285830 1307.8
1285840 1308.7
1285850 1309.6
1285860 1309.9
1285870 1309.9
1285880 1310.4
1285890 1310.9
1285900 1310.9
1285910 1311.6
1285920 1312.3
1285930 1312.3
1285940 1313.1
1285950 1314.2
1285960 1314.2
1285970 1314.7
1285980 1314.9
1285990 1314.9
1286000 1314.9
1286010 1315.0
1286020 1315.0
1286030 1315.2
1286040 1315.4
1286050 1315.4
1286060 1315.6
1286070 1316.2
1286080 1316.5
1286090 1316.5
1286100 1315.9
1286110 1316.9
1286120 1316.9
1286130 1318.3
1286140 1319.3
1286150 1319.3
1286160 1320.1
1286170 1320.7
1286180 1320.7
1286190 1319.1
1286200 1318.5
1286210 1318.5
1286220 1318.2
1286230 1317.3
1286240 1317.3
1286250 1316.3
1286260 1315.5
1286270 1315.5
1286280 1314.6
1286290 1313.7
1286300 1313.2
1286310 1313.2
1286320 1312.8
1286330 1311.9
1286340 1311.9
1286350 1310.8
1286360 1309.9
1286370 1309.9
1286380 1309.2
1286390 1308.6
1286400 1308.6
1286410 1308.2
1286420 1307.8
1286430 1307.8
1286440 1307.4
1286450 1307.2
1286460 1307.2
1286470 1307.0
1286480 1306.9
1286490 1306.9
1286500 1306.9
1286510 1307.1
1286520 1307.4
1286530 1307.4
1286540 1308.0
1286550 1308.8
1286560 1308.8
1286570 1310.0
1286580 1311.2
1286590 1311.2
1286600 1312.0
1286610 1312.7
1286620 1312.7
1286630 1313.7
1286640 1315.1
1286650 1315.1
1286660 1316.6
1286670 1317.6
1286680 1317.6
1286690 1317.7
1286700 1318.1
1286710 1318.6
1286720 1318.6
1286730 1319.2
1286740 1319.9
1286750 1319.9
1286760 1320.2
1286770 1320.3
1286780 1320.3
1286790 1319.8
1286800 1318.9
1286810 1318.9
1286820 1318.4
1286830 1316.3
1286840 1316.3
1286850 1316.1
1286860 1315.7
1286870 1315.7
1286880 1315.2
1286890 1314.6
1286900 1314.6
1286910 1314.3
1286920 1314.6
1286930 1314.9
1286940 1314.9
1286950 1314.4
1286960 1313.9
1286970 1313.9
1286980 1314.7
1286990 1316.3
1287000 1316.3
1287010 1318.7
1287020 1320.8
1287030 1320.8
1287040 1323.1
1287050 1325.6
1287060 1325.6
1287070 1327.5
1287080 1329.2
1287090 1329.2
1287100 1330.6
1287110 1333.2
1287120 1333.2
1287130 1336.3
1287140 1339.2
1287150 1342.5
1287160 1342.5
1287170 1344.7
1287180 1346.3
1287190 1346.3
1287200 1349.4
1287210 1349.9
1287220 1349.9
1287230 1351.4
1287240 1354.4
1287250 1354.4
1287260 1358.5
1287270 1362.3
1287280 1362.3
1287290 1363.9
1287300 1365.2
1287310 1365.2
1287320 1371.8
1287330 1378.1
1287340 1378.1
1287350 1383.8
1287360 1388.5
1287370 1391.4
1287380 1391.4
1287390 1395.1
1287400 1398.9
1287410 1398.9
1287420 1402.2
1287430 1404.1
1287440 1404.1
1287450 1398.5
1287460 1393.8
1287470 1380.8
1287480 1380.9
1287490 1381.1
1287500 1381.1
1287510 1382.8
1287520 1384.1
1287530 1384.1
1287540 1387.4
1287550 1394.1
1287560 1401.8
1287570 1401.8
1287580 1407.2
1287590 1408.3
1287600 1408.3
1287610 1409.2
1287620 1414.5
1287630 1414.5
1287640 1418.3
1287650 1421.6
1287660 1421.6
1287670 1423.7
1287680 1422.2
1287690 1422.2
1287700 1421.3
1287710 1419.0
1287720 1419.0
1287730 1415.4
1287740 1414.1
1287750 1414.1
1287760 1411.3
1287770 1408.4
1287780 1408.1
1287790 1408.1
1287800 1412.0
1287810 1415.6
1287820 1415.6
1287830 1414.9
1287840 1412.7
1287850 1412.7
1287860 1413.0
1287870 1414.7
1287880 1414.7
1287890 1416.2
1287900 1416.4
1287910 1416.4
1287920 1416.7
1287930 1416.6
1287940 1416.6
1287950 1416.6
1287960 1415.3
1287970 1415.3
1287980 1410.4
1287990 1405.6
1288000 1404.9
1288010 1404.9
1288020 1405.4
1288030 1406.1
1288040 1406.1
1288050 1406.8
1288060 1409.0
1288070 1409.0
1288080 1411.3
1288090 1413.8
1288100 1413.8
1288110 1417.9
1288120 1419.6
1288130 1419.6
1288140 1422.7
1288150 1426.2
1288160 1426.2
1288170 1431.0
1288180 1434.4
1288190 1434.4
1288200 1437.3
1288210 1440.3
1288220 1442.2
1288230 1442.2
1288240 1444.0
1288250 1446.0
1288260 1446.0
1288270 1446.9
1288280 1449.9
1288290 1449.9
1288300 1454.3
1288310 1459.1
1288320 1459.1
1288330 1463.4
1288340 1465.2
1288350 1465.2
1288360 1465.4
1288370 1464.1
1288380 1464.1
1288390 1464.7
1288400 1467.4
1288410 1469.8
1288420 1469.8
1288430 1471.5
1288440 1471.4
1288450 1471.4
1288460 1471.7
1288470 1473.7
1288480 1473.7
1288490 1474.4
1288500 1474.7
1288510 1474.7
1288520 1474.6
1288530 1474.2
1288540 1474.2
1288550 1472.5
1288560 1470.9
1288570 1470.9
1288580 1467.9
1288590 1463.1
1288600 1463.1
1288610 1458.3
1288620 1459.9
1288630 1462.3
1288640 1462.3
1288650 1463.7
1288660 1465.4
1288670 1465.4
1288680 1466.6
1288690 1467.8
1288700 1467.8
1288710 1469.1
1288720 1470.1
1288730 1470.1
1288740 1470.0
1288750 1469.0
1288760 1461.4
1288770 1460.4
1288780 1458.8
1288790 1458.8
1288800 1454.5
1288810 1454.9
1288820 1454.9
1288830 1457.1
1288840 1457.9
1288850 1454.7
1288860 1454.7
1288870 1454.3
1288880 1455.1
1288890 1455.1
1288900 1453.5
1288910 1452.1
1288920 1452.1
1288930 1452.7
1288940 1452.4
1288950 1452.4
1288960 1451.7
1288970 1451.2
1288980 1451.2
1288990 1449.8
1289000 1448.9
1289010 1448.9
1289020 1449.2
1289030 1448.6
1289040 1448.6
1289050 1447.6
1289060 1447.4
1289070 1446.5
1289080 1446.5
1289090 1444.3
1289100 1442.7
1289110 1442.7
1289120 1441.0
1289130 1439.4
1289140 1439.4
1289150 1439.2
1289160 1437.7
1289170 1437.7
1289180 1436.6
1289190 1434.1
1289200 1434.1
1289210 1431.8
1289220 1431.0
1289230 1431.0
1289240 1430.8
1289250 1430.2
1289260 1428.2
1289270 1428.2
1289280 1423.9
1289290 1421.9
1289300 1421.9
1289310 1420.4
1289320 1418.3
1289330 1418.3
1289340 1415.7
1289350 1412.5
1289360 1412.5
1289370 1409.4
1289380 1406.1
1289390 1406.1
1289400 1403.0
1289410 1399.3
1289420 1399.3
1289430 1398.5
1289440 1398.3
1289450 1398.3
1289460 1398.5
1289470 1399.0
1289480 1399.3
1289490 1399.3
1289500 1399.9
1289510 1400.9
1289520 1400.9
1289530 1401.7
1289540 1403.1
1289550 1403.1
1289560 1402.9
1289570 1403.4
1289580 1403.4
1289590 1403.9
1289600 1404.8
1289610 1404.8
1289620 1405.9
1289630 1407.1
1289640 1407.1
1289650 1408.2
1289660 1409.8
1289670 1409.8
1289680 1411.8
1289690 1412.6
1289700 1413.2
1289710 1413.2
1289720 1414.0
1289730 1415.4
1289740 1415.4
1289750 1416.3
1289760 1417.4
1289770 1417.4
1289780 1417.6
1289790 1416.0
1289800 1416.0
1289810 1417.2
1289820 1420.5
1289830 1420.5
1289840 1423.7
1289850 1426.7
1289860 1426.7
1289870 1430.0
1289880 1433.8
1289890 1433.8
1289900 1439.0
1289910 1444.2
1289920 1447.6
1289930 1447.6
1289940 1450.3
1289950 1453.4
1289960 1453.4
1289970 1456.0
1289980 1458.3
1289990 1458.3
1290000 1461.6
1290010 1466.1
1290020 1466.1
1290030 1469.6
1290040 1473.9
1290050 1473.9
1290060 1480.4
1290070 1482.4
1290080 1482.4
1290090 1485.5
1290100 1488.3
1290110 1488.3
1290120 1491.2
1290130 1494.7
1290140 1498.8
1290150 1498.8
1290160 1502.7
1290170 1506.5
1290180 1506.5
1290190 1510.4
1290200 1515.2
1290210 1515.2
1290220 1520.9
1290230 1526.8
1290240 1526.8
1290250 1532.6
1290260 1537.4
1290270 1537.4
1290280 1546.3
1290290 1555.1
1290300 1555.1
1290310 1560.3
1290320 1566.9
1290330 1573.9
1290340 1573.9
1290350 1581.1
1290360 1589.3
1290370 1589.3
1290380 1597.5
1290390 1606.5
1290400 1606.5
1290410 1616.0
1290420 1632.8
1290430 1632.8
1290440 1645.6
1290450 1656.1
1290460 1656.1
1290470 1665.3
1290480 1673.4
1290490 1673.4
1290500 1682.1
1290510 1690.1
1290520 1690.1
1290530 1698.1
1290540 1705.6
1290550 1711.5
1290560 1711.5
1290570 1716.5
1290580 1722.7
1290590 1722.7
1290600 1727.3
1290610 1731.6
1290620 1731.6
1290630 1739.2
1290640 1746.5
1290650 1746.5
1290660 1752.0
1290670 1756.1
1290680 1756.1
1290690 1761.3
1290700 1765.9
1290710 1771.2
1290720 1775.8
1290730 1781.7
1290740 1781.7
1290750 1789.1
1290760 1797.0
1290770 1802.9
1290780 1802.9
1290790 1807.7
1290800 1814.4
1290810 1814.4
1290820 1822.5
1290830 1828.6
1290840 1828.6
1290850 1834.4
1290860 1839.9
1290870 1839.9
1290880 1844.7
1290890 1850.7
1290900 1850.7
1290910 1857.9
1290920 1864.2
1290930 1864.2
1290940 1868.7
1290950 1875.2
1290960 1875.2
1290970 1881.4
1290980 1886.9
1290990 1891.2
1291000 1891.2
1291010 1894.6
1291020 1898.2
1291030 1898.2
1291040 1903.5
1291050 1907.9
1291060 1907.9
1291070 1914.2
1291080 1921.2
1291090 1921.2
1291100 1927.5
1291110 1932.5
1291120 1932.5
1291130 1938.2
1291140 1943.4
1291150 1943.4
1291160 1949.9
1291170 1957.0
1291180 1963.9
1291190 1963.9
1291200 1971.0
1291210 1978.4
1291220 1978.4
1291230 1984.7
1291240 1991.5
1291250 1991.5
1291260 1998.4
1291270 2003.7
1291280 2003.7
1291290 2008.5
1291300 2013.1
1291310 2013.1
1291320 2018.1
1291330 2023.2
1291340 2023.2
1291350 2027.2
1291360 2029.3
1291370 2037.8
1291380 2040.2
1291390 2042.5
1291400 2043.8
1291410 2043.8
1291420 2043.3
1291430 2041.4
1291440 2041.4
1291450 2036.1
1291460 2029.9
1291470 2029.9
1291480 2024.4
1291490 2023.6
1291500 2023.6
1291510 2021.5
1291520 2017.1
1291530 2017.1
1291540 2006.8
1291550 1991.4
1291560 1991.4
1291570 1985.8
1291580 1982.7
1291590 1982.7
1291600 1979.8
1291610 1979.1
1291620 1976.0
1291630 1976.0
1291640 1972.2
1291650 1970.4
1291660 1970.4
1291670 1967.2
1291680 1963.4
1291690 1963.4
1291700 1961.0
1291710 1958.5
1291720 1958.5
1291730 1955.3
1291740 1951.5
1291750 1951.5
1291760 1947.0
1291770 1942.9
1291780 1942.9
1291790 1939.0
1291800 1934.8
1291810 1934.8
1291820 1931.5
1291830 1928.5
1291840 1925.5
1291850 1925.5
1291860 1922.5
1291870 1919.4
1291880 1919.4
1291890 1916.0
1291900 1911.8
1291910 1911.8
1291920 1907.9
1291930 1904.2
1291940 1904.2
1291950 1900.7
1291960 1894.0
1291970 1894.0
1291980 1889.9
1291990 1880.0
1292000 1880.0
1292010 1867.6
1292020 1856.5
1292030 1857.5
1292040 1857.5
1292050 1847.0
1292060 1846.8
1292070 1846.8
1292080 1852.9
1292090 1852.3
1292100 1852.3
1292110 1845.4
1292120 1820.9
1292130 1820.9
1292140 1804.7
1292150 1793.4
1292160 1793.4
1292170 1778.5
1292180 1771.0
1292190 1771.0
1292200 1767.5
1292210 1763.6
1292220 1763.6
1292230 1760.5
1292240 1758.9
1292250 1755.2
1292260 1755.2
1292270 1751.2
1292280 1746.5
1292290 1746.5
1292300 1741.2
1292310 1736.2
1292320 1736.2
1292330 1732.4
1292340 1728.8
1292350 1728.8
1292360 1725.5
1292370 1724.0
1292380 1724.0
1292390 1723.3
1292400 1723.1
1292410 1723.1
1292420 1723.2
1292430 1723.8
1292440 1723.8
1292450 1724.3
1292460 1726.0
1292470 1727.9
1292480 1727.9
1292490 1729.9
1292500 1732.0
1292510 1732.0
1292520 1732.3
1292530 1732.7
1292540 1732.7
1292550 1734.3
1292560 1736.8
1292570 1736.8
1292580 1739.4
1292590 1740.8
1292600 1740.8
1292610 1742.6
1292620 1743.6
1292630 1743.6
1292640 1743.9
1292650 1743.9
1292660 1743.9
1292670 1744.5
1292680 1747.4
1292690 1747.8
1292700 1747.8
1292710 1749.3
1292720 1750.1
1292730 1750.1
1292740 1751.9
1292750 1753.9
1292760 1753.9
1292770 1755.5
1292780 1755.7
1292790 1755.7
1292800 1757.1
1292810 1758.3
1292820 1758.3
1292830 1760.4
1292840 1762.1
1292850 1762.1
1292860 1763.2
1292870 1764.9
1292880 1767.1
1292890 1767.1
1292900 1768.3
1292910 1769.3
1292920 1769.3
1292930 1771.0
1292940 1773.0
1292950 1773.0
1292960 1774.8
1292970 1776.8
1292980 1776.8
1292990 1779.0
1293000 1780.5
1293010 1780.5
1293020 1782.2
1293030 1784.5
1293040 1784.5
1293050 1787.0
1293060 1789.3
1293070 1789.3
1293080 1791.4
1293090 1792.8
1293100 1795.2
1293110 1795.2
1293120 1800.2
1293130 1807.2
1293140 1807.2
1293150 1813.9
1293160 1818.8
1293170 1818.8
1293180 1824.0
1293190 1828.8
1293200 1828.8
1293210 1832.6
1293220 1835.1
1293230 1835.1
1293240 1842.0
1293250 1850.6
1293260 1850.6
1293270 1858.2
1293280 1863.3
1293290 1863.3
1293300 1866.9
1293310 1869.8
1293320 1873.5
1293330 1873.5
1293340 1876.1
1293350 1881.7
1293360 1881.7
1293370 1888.0
1293380 1894.6
1293390 1894.6
1293400 1900.6
1293410 1906.0
1293420 1906.0
1293430 1911.3
1293440 1917.5
1293450 1917.5
1293460 1924.8
1293470 1932.2
1293480 1932.2
1293490 1940.4
1293500 1949.5
1293510 1949.5
1293520 1960.6
1293530 1981.6
1293540 2001.1
1293550 2001.1
1293560 2012.1
1293570 2016.5
1293580 2016.5
1293590 2019.2
1293600 2023.9
1293610 2023.9
1293620 2029.1
1293630 2034.1
1293640 2034.1
1293650 2040.0
1293660 2046.7
1293670 2046.7
1293680 2052.9
1293690 2058.7
1293700 2058.7
1293710 2064.3
1293720 2067.7
1293730 2069.3
1293740 2069.3
1293750 2068.8
1293760 2067.0
1293770 2067.0
1293780 2060.6
1293790 2057.9
1293800 2057.9
1293810 2066.8
1293820 2077.9
1293830 2077.9
1293840 2086.7
1293850 2090.9
1293860 2090.9
1293870 2094.5
1293880 2100.4
1293890 2100.4
1293900 2107.3
1293910 2114.4
1293920 2114.4
1293930 2122.6
1293940 2131.0
1293950 2139.5
1293960 2139.5
1293970 2149.5
1293980 2159.5
1293990 2159.5
1294000 2168.9
1294010 2184.7
1294020 2184.7
1294030 2195.5
1294040 2205.5
1294050 2205.5
1294060 2210.4
1294070 2211.1
1294080 2211.1
1294090 2210.0
1294100 2214.3
1294110 2214.3
1294120 2221.4
1294130 2227.2
1294140 2227.2
1294150 2231.2
1294160 2235.2
1294170 2240.3
1294180 2240.3
1294190 2245.9
1294200 2251.1
1294210 2251.1
1294220 2255.8
1294230 2260.8
1294240 2260.8
1294250 2266.3
1294260 2271.9
1294270 2271.9
1294280 2277.1
1294290 2282.0
1294300 2282.0
1294310 2287.8
1294320 2293.8
1294330 2293.8
1294340 2299.9
1294350 2305.4
1294360 2305.4
1294370 2308.0
1294380 2309.4
1294390 2309.9
1294400 2309.9
1294410 2310.3
1294420 2311.0
1294430 2311.0
1294440 2312.4
1294450 2314.8
1294460 2314.8
1294470 2317.0
1294480 2320.2
1294490 2320.2
1294500 2323.3
1294510 2326.3
1294520 2326.3
1294530 2329.0
1294540 2331.7
1294550 2331.7
1294560 2335.5
1294570 2339.8
1294580 2343.0
1294590 2343.0
1294600 2346.6
1294610 2350.7
1294620 2350.7
1294630 2355.7
1294640 2360.0
1294650 2360.0
1294660 2363.4
1294670 2364.8
1294680 2364.8
1294690 2367.4
1294700 2370.2
1294710 2370.2
1294720 2373.7
1294730 2377.7
1294740 2377.7
1294750 2381.2
1294760 2384.2
1294770 2384.2
1294780 2387.0
1294790 2390.0
1294800 2392.2
1294810 2392.2
1294820 2394.4
1294830 2396.5
1294840 2396.5
1294850 2398.6
1294860 2401.2
1294870 2401.2
1294880 2403.3
1294890 2406.7
1294900 2406.7
1294910 2409.0
1294920 2410.4
1294930 2410.4
1294940 2411.7
1294950 2413.0
1294960 2413.0
1294970 2414.7
1294980 2415.9
1294990 2415.9
1295000 2418.9
1295010 2421.4
1295020 2423.0
1295030 2423.0
1295040 2425.5
1295050 2427.9
1295060 2427.9
1295070 2430.6
1295080 2433.4
1295090 2433.4
1295100 2435.9
1295110 2438.2
1295120 2438.2
1295130 2441.0
1295140 2443.6
1295150 2443.6
1295160 2446.3
1295170 2450.4
1295180 2450.4
1295190 2454.3
1295200 2457.7
1295210 2457.7
1295220 2460.8
1295230 2463.0
1295240 2465.0
1295250 2465.0
1295260 2467.5
1295270 2470.0
1295280 2470.0
1295290 2473.5
1295300 2478.1
1295310 2478.1
1295320 2482.7
1295330 2488.4
1295340 2488.2
1295350 2492.3
1295360 2496.0
1295370 2496.0
1295380 2500.2
1295390 2503.9
1295400 2503.9
1295410 2507.0
1295420 2511.0
1295430 2516.3
1295440 2516.3
1295450 2521.7
1295460 2526.2
1295470 2526.2
1295480 2530.6
1295490 2534.8
1295500 2534.8
1295510 2538.9
1295520 2542.7
1295530 2542.7
1295540 2546.7
1295550 2550.7
1295560 2550.7
1295570 2554.6
1295580 2558.5
1295590 2558.5
1295600 2562.4
1295610 2566.3
1295620 2566.3
1295630 2570.5
1295640 2574.9
1295650 2579.1
1295660 2579.1
1295670 2583.7
1295680 2587.6
1295690 2587.6
1295700 2591.6
1295710 2596.0
1295720 2596.0
1295730 2601.0
1295740 2605.9
1295750 2605.9
1295760 2610.9
1295770 2615.6
1295780 2615.6
1295790 2620.5
1295800 2626.6
1295810 2626.6
1295820 2632.8
1295830 2639.1
1295840 2639.1
1295850 2644.8
1295860 2649.9
1295870 2654.8
1295880 2654.8
1295890 2659.4
1295900 2663.8
1295910 2663.8
1295920 2668.4
1295930 2673.7
1295940 2673.7
1295950 2680.3
1295960 2687.5
1295970 2687.5
1295980 2695.3
1295990 2703.0
1296000 2703.0
1296010 2710.6
1296020 2716.8
1296030 2716.8
1296040 2721.0
1296050 2723.0
1296060 2723.0
1296070 2725.3
1296080 2727.6
1296090 2729.2
1296100 2729.2
1296110 2730.3
1296120 2732.2
1296130 2732.2
1296140 2735.3
1296150 2739.0
1296160 2739.0
1296170 2742.4
1296180 2746.1
1296190 2746.1
1296200 2750.9
1296210 2756.3
1296220 2756.3
1296230 2761.2
1296240 2765.7
1296250 2765.7
1296260 2770.2
1296270 2775.1
1296280 2775.1
1296290 2779.7
1296300 2782.4
1296310 2783.7
1296320 2783.7
1296330 2784.5
1296340 2786.0
1296350 2786.0
1296360 2787.7
1296370 2790.1
1296380 2790.1
1296390 2793.3
1296400 2795.6
1296410 2795.6
1296420 2799.2
1296430 2802.8
1296440 2802.8
1296450 2806.9
1296460 2812.0
1296470 2812.0
1296480 2818.0
1296490 2823.1
1296500 2828.0
1296510 2828.0
1296520 2833.3
1296530 2839.1
1296540 2839.1
1296550 2845.2
1296560 2850.3
1296570 2850.3
1296580 2855.4
1296590 2860.2
1296600 2860.2
1296610 2865.7
1296620 2871.1
1296630 2871.1
1296640 2875.7
1296650 2881.0
1296660 2881.0
1296670 2885.8
1296680 2894.5
1296690 2889.3
1296700 2906.5
1296710 2927.0
1296720 2948.2
1296730 2948.2
1296740 2963.7
1296750 2977.1
1296760 2977.1
1296770 2991.3
1296780 3005.6
1296790 3005.6
1296800 3015.3
1296810 3024.0
1296820 3024.0
1296830 3031.0
1296840 3036.2
1296850 3036.2
1296860 3042.0
1296870 3049.3
1296880 3049.3
1296890 3060.0
1296900 3072.7
1296910 3072.7
1296920 3084.4
1296930 3095.3
1296940 3110.2
1296950 3110.2
1296960 3147.2
1296970 3138.1
1296980 3138.1
1296990 3102.2
1297000 3088.0
1297010 3088.0
1297020 3076.0
1297030 3063.6
1297040 3063.6
1297050 3050.5
1297060 3037.0
1297070 3037.0
1297080 3018.7
1297090 2994.2
1297100 2994.2
1297110 2971.9
1297120 2953.2
1297130 2953.2
1297140 2931.3
1297150 2916.6
1297160 2907.4
1297170 2907.4
1297180 2900.5
1297190 2895.5
1297200 2895.5
1297210 2892.1
1297220 2889.7
1297230 2889.7
1297240 2887.8
1297250 2886.5
1297260 2886.5
1297270 2887.1
1297280 2886.7
1297290 2886.7
1297300 2879.7
1297310 2867.6
1297320 2867.6
1297330 2859.9
1297340 2858.4
1297350 2858.3
1297360 2853.0
1297370 2851.5
1297380 2848.5
1297390 2848.5
1297400 2844.9
1297410 2841.9
1297420 2841.9
1297430 2841.1
1297440 2838.8
1297450 2838.8
1297460 2833.5
1297470 2830.9
1297480 2830.9
1297490 2830.5
1297500 2830.6
1297510 2830.6
1297520 2830.3
1297530 2830.1
1297540 2830.1
1297550 2827.7
1297560 2823.1
1297570 2820.7
1297580 2820.7
1297590 2814.6
1297600 2806.7
1297610 2806.7
1297620 2800.7
1297630 2797.8
1297640 2797.8
1297650 2796.9
1297660 2794.9
1297670 2794.9
1297680 2791.7
1297690 2786.0
1297700 2786.0
1297710 2781.8
1297720 2777.6
1297730 2777.6
1297740 2770.8
1297750 2763.9
1297760 2763.9
1297770 2757.2
1297780 2750.6
1297790 2743.9
1297800 2743.9
1297810 2736.7
1297820 2732.3
1297830 2732.3
1297840 2729.6
1297850 2728.0
1297860 2728.0
1297870 2727.2
1297880 2726.8
1297890 2726.8
1297900 2726.8
1297910 2726.7
1297920 2726.7
1297930 2726.1
1297940 2724.6
1297950 2724.6
1297960 2719.7
1297970 2713.3
1297980 2713.3
1297990 2707.7
1298000 2702.9
1298010 2697.2
1298020 2697.2
1298030 2690.5
1298040 2681.8
1298050 2681.8
1298060 2675.4
1298070 2668.9
1298080 2668.9
1298090 2662.9
1298100 2658.3
1298110 2658.3
1298120 2654.1
1298130 2650.9
1298140 2650.9
1298150 2649.1
1298160 2648.7
1298170 2648.7
1298180 2647.7
1298190 2646.2
1298200 2645.1
1298210 2645.1
1298220 2644.7
1298230 2645.0
1298240 2645.0
1298250 2645.7
1298260 2645.7
1298270 2645.7
1298280 2645.5
1298290 2647.9
1298300 2647.9
1298310 2649.4
1298320 2649.3
1298330 2649.3
1298340 2650.8
1298350 2652.4
1298360 2652.4
1298370 2654.4
1298380 2657.8
1298390 2657.8
1298400 2662.1
1298410 2666.9
1298420 2672.4
1298430 2672.4
1298440 2678.9
1298450 2685.6
1298460 2685.6
1298470 2693.0
1298480 2701.6
1298490 2701.6
1298500 2704.7
1298510 2700.2
1298520 2700.2
1298530 2695.0
1298540 2690.0
1298550 2690.0
1298560 2686.7
1298570 2686.3
1298580 2686.3
1298590 2687.8
1298600 2690.6
1298610 2690.6
1298620 2692.0
1298630 2692.8
1298640 2693.0
1298650 2693.0
1298660 2693.2
1298670 2693.5
1298680 2693.5
1298690 2693.5
1298700 2693.2
1298710 2693.2
1298720 2690.5
1298730 2691.8
1298740 2691.8
1298750 2691.8
1298760 2691.5
1298770 2691.5
1298780 2691.8
1298790 2692.0
1298800 2692.0
1298810 2693.6
1298820 2697.1
1298830 2697.1
1298840 2701.9
1298850 2707.6
1298860 2713.2
1298870 2713.2
1298880 2718.8
1298890 2723.8
1298900 2723.8
1298910 2729.6
1298920 2735.4
1298930 2735.4
1298940 2741.3
1298950 2747.7
1298960 2747.7
1298970 2754.1
1298980 2759.8
1298990 2759.8
1299000 2766.7
1299010 2780.2
1299020 2780.2
1299030 2794.1
1299040 2801.4
1299050 2804.8
1299060 2804.8
1299070 2811.5
1299080 2822.0
1299090 2822.0
1299100 2834.0
1299110 2844.8
1299120 2844.8
1299130 2842.9
1299140 2834.3
1299150 2834.3
1299160 2825.0
1299170 2817.6
1299180 2817.6
1299190 2809.1
1299200 2803.0
1299210 2803.0
1299220 2799.0
1299230 2794.4
1299240 2794.4
1299250 2790.5
1299260 2787.2
1299270 2784.6
1299280 2784.6
1299290 2780.5
1299300 2775.6
1299310 2775.6
1299320 2772.2
1299330 2768.7
1299340 2768.7
1299350 2764.5
1299360 2759.8
1299370 2759.8
1299380 2755.1
1299390 2751.6
1299400 2751.4
1299410 2748.2
1299420 2743.2
1299430 2743.2
1299440 2738.2
1299450 2732.5
1299460 2732.5
1299470 2720.2
1299480 2711.6
1299490 2698.1
1299500 2698.1
1299510 2690.6
1299520 2683.5
1299530 2683.5
1299540 2676.6
1299550 2671.0
1299560 2671.0
1299570 2665.7
1299580 2658.5
1299590 2658.5
1299600 2648.4
1299610 2640.1
1299620 2640.1
1299630 2633.3
1299640 2629.3
1299650 2629.3
1299660 2625.7
1299670 2622.2
1299680 2622.2
1299690 2620.0
1299700 2617.3
1299710 2614.9
1299720 2614.9
1299730 2613.4
1299740 2611.5
1299750 2611.5
1299760 2607.8
1299770 2604.7
1299780 2604.7
1299790 2602.1
1299800 2601.0
1299810 2601.0
1299820 2599.6
1299830 2597.0
1299840 2597.0
1299850 2594.6
1299860 2592.1
1299870 2592.1
1299880 2588.7
1299890 2585.0
1299900 2582.6
1299910 2582.6
1299920 2580.9
1299930 2578.8
1299940 2578.8
1299950 2576.9
1299960 2575.3
1299970 2575.3
1299980 2574.8
1299990 2574.3
