1280000 1644.7
1280010 1644.7
1280020 1648.9
1280030 1652.6
1280040 1656.6
1280050 1656.6
1280060 1660.3
1280070 1664.2
1280080 1664.2
1280090 1669.0
1280100 1674.9
1280110 1674.9
1280120 1680.7
1280130 1685.8
1280140 1685.8
1280150 1690.4
1280160 1695.2
1280170 1695.2
1280180 1699.8
1280190 1704.7
1280200 1704.7
1280210 1710.3
1280220 1715.5
1280230 1721.3
1280240 1721.3
1280250 1726.9
1280260 1732.1
1280270 1732.1
1280280 1738.0
1280290 1743.4
1280300 1743.4
1280310 1748.9
1280320 1754.8
1280330 1754.8
1280340 1760.4
1280350 1766.6
1280360 1766.6
1280370 1772.4
1280380 1778.1
1280390 1778.1
1280400 1784.0
1280410 1790.8
1280420 1790.8
1280430 1798.1
1280440 1805.1
1280450 1811.8
1280460 1811.8
1280470 1818.4
1280480 1825.2
1280490 1825.2
1280500 1831.3
1280510 1836.7
1280520 1836.7
1280530 1842.1
1280540 1847.8
1280550 1847.8
1280560 1853.9
1280570 1859.9
1280580 1859.9
1280590 1865.4
1280600 1871.8
1280610 1871.8
1280620 1878.6
1280630 1882.6
1280640 1882.6
1280650 1886.0
1280660 1889.6
1280670 1892.4
1280680 1892.4
1280690 1894.7
1280700 1896.7
1280710 1896.7
1280720 1897.6
1280730 1898.0
1280740 1898.0
1280750 1897.4
1280760 1894.3
1280770 1894.3
1280780 1890.1
1280790 1886.0
1280800 1886.0
1280810 1881.1
1280820 1876.4
1280830 1876.4
1280840 1871.4
1280850 1864.5
1280860 1864.5
1280870 1858.2
1280880 1851.6
1280890 1846.0
1280900 1852.6
1280910 1847.7
1280920 1842.8
1280930 1842.8
1280940 1839.3
1280950 1836.7
1280960 1836.7
1280970 1833.1
1280980 1827.9
1280990 1827.9
1281000 1821.7
1281010 1814.7
1281020 1814.7
1281030 1806.2
1281040 1796.2
1281050 1796.2
1281060 1787.7
1281070 1781.6
1281080 1781.6
1281090 1776.3
1281100 1770.8
1281110 1766.7
1281120 1766.7
1281130 1763.7
1281140 1760.3
1281150 1760.3
1281160 1754.4
1281170 1749.9
1281180 1749.9
1281190 1745.3
1281200 1739.7
1281210 1739.7
1281220 1735.2
1281230 1731.6
1281240 1731.6
1281250 1727.0
1281260 1720.6
1281270 1720.6
1281280 1715.1
1281290 1711.9
1281300 1708.7
1281310 1708.7
1281320 1705.1
1281330 1702.0
1281340 1702.0
1281350 1698.0
1281360 1692.0
1281370 1692.0
1281380 1686.6
1281390 1680.5
1281400 1680.5
1281410 1673.4
1281420 1667.3
1281430 1667.3
1281440 1661.2
1281450 1655.6
1281460 1655.6
1281470 1650.1
1281480 1643.3
1281490 1643.3
1281500 1634.3
1281510 1624.7
1281520 1622.0
1281530 1622.0
1281540 1612.8
1281550 1603.6
1281560 1603.6
1281570 1598.9
1281580 1597.7
1281590 1597.7
1281600 1592.0
1281610 1581.2
1281620 1581.2
1281630 1572.1
1281640 1567.1
1281650 1567.1
1281660 1561.8
1281670 1556.3
1281680 1556.3
1281690 1552.5
1281700 1549.2
1281710 1549.2
1281720 1545.3
1281730 1541.9
1281740 1537.1
1281750 1537.1
1281760 1531.3
1281770 1527.8
1281780 1527.8
1281790 1525.9
1281800 1525.3
1281810 1525.3
1281820 1525.8
1281830 1523.1
1281840 1523.1
1281850 1516.7
1281860 1509.4
1281870 1509.4
1281880 1502.7
1281890 1495.2
1281900 1495.2
1281910 1488.5
1281920 1483.4
1281930 1483.4
1281940 1477.5
1281950 1472.3
1281960 1466.8
1281970 1466.8
1281980 1460.5
1281990 1454.7
1282000 1454.7
1282010 1449.6
1282020 1445.7
1282030 1445.7
1282040 1442.0
1282050 1438.4
1282060 1438.4
1282070 1435.1
1282080 1430.9
1282090 1430.9
1282100 1426.1
1282110 1420.6
1282120 1420.6
1282130 1415.6
1282140 1410.6
1282150 1415.2
1282160 1410.6
1282170 1407.1
1282180 1403.5
1282190 1403.5
1282200 1400.6
1282210 1398.7
1282220 1398.7
1282230 1397.3
1282240 1395.7
1282250 1395.7
1282260 1393.7
1282270 1390.9
1282280 1390.9
1282290 1387.1
1282300 1383.4
1282310 1383.4
1282320 1379.9
1282330 1375.9
1282340 1375.9
1282350 1372.0
1282360 1366.3
1282370 1362.1
1282380 1362.1
1282390 1357.5
1282400 1353.5
1282410 1353.5
1282420 1348.9
1282430 1344.5
1282440 1344.5
1282450 1338.4
1282460 1332.2
1282470 1332.2
1282480 1326.6
1282490 1320.9
1282500 1320.9
1282510 1315.5
1282520 1309.6
1282530 1309.6
1282540 1303.1
1282550 1296.3
1282560 1296.3
1282570 1289.5
1282580 1283.0
1282590 1277.3
1282600 1277.3
1282610 1272.3
1282620 1267.5
1282630 1267.5
1282640 1264.9
1282650 1264.0
1282660 1264.0
1282670 1263.9
1282680 1263.3
1282690 1263.3
1282700 1262.7
1282710 1262.4
1282720 1262.4
1282730 1262.0
1282740 1261.1
1282750 1261.1
1282760 1259.7
1282770 1258.3
1282780 1259.8
1282790 1258.5
1282800 1258.0
1282810 1257.9
1282820 1257.9
1282830 1258.0
1282840 1258.4
1282850 1258.4
1282860 1259.1
1282870 1259.6
1282880 1259.6
1282890 1259.5
1282900 1259.2
1282910 1259.2
1282920 1258.9
1282930 1257.9
1282940 1257.9
1282950 1257.0
1282960 1256.8
1282970 1256.8
1282980 1256.8
1282990 1256.9
1283000 1256.9
1283010 1256.8
1283020 1256.8
1283030 1256.8
1283040 1256.8
1283050 1256.1
1283060 1256.8
1283070 1256.8
1283080 1256.9
1283090 1257.2
1283100 1257.2
1283110 1257.6
1283120 1258.5
1283130 1258.5
1283140 1260.0
1283150 1261.3
1283160 1261.3
1283170 1262.3
1283180 1263.0
1283190 1263.0
1283200 1263.5
1283210 1263.9
1283220 1263.9
1283230 1264.9
1283240 1266.3
1283250 1267.2
1283260 1267.2
1283270 1268.3
1283280 1269.4
1283290 1269.4
1283300 1270.5
1283310 1271.7
1283320 1271.7
1283330 1272.7
1283340 1273.8
1283350 1273.8
1283360 1275.6
1283370 1278.2
1283380 1278.2
1283390 1277.9
1283400 1275.1
1283410 1275.1
1283420 1274.6
1283430 1274.6
1283440 1274.6
1283450 1274.6
1283460 1274.9
1283470 1275.0
1283480 1275.0
1283490 1275.1
1283500 1275.3
1283510 1275.3
1283520 1275.4
1283530 1275.3
1283540 1275.3
1283550 1275.4
1283560 1275.4
1283570 1275.4
1283580 1275.3
1283590 1275.3
1283600 1275.3
1283610 1275.8
1283620 1277.3
1283630 1277.3
1283640 1279.1
1283650 1279.9
1283660 1280.5
1283670 1280.5
1283680 1281.2
1283690 1281.7
1283700 1281.7
1283710 1281.9
1283720 1282.3
1283730 1282.3
1283740 1282.8
1283750 1283.1
1283760 1283.1
1283770 1283.5
1283780 1283.6
1283790 1283.6
1283800 1283.1
1283810 1282.4
1283820 1282.4
1283830 1282.5
1283840 1283.5
1283850 1283.5
1283860 1285.8
1283870 1288.5
1283880 1292.0
1283890 1292.0
1283900 1295.8
1283910 1299.8
1283920 1299.8
1283930 1303.2
1283940 1305.3
1283950 1305.3
1283960 1306.9
1283970 1308.3
1283980 1308.3
1283990 1310.5
1284000 1312.8
1284010 1312.8
1284020 1314.6
1284030 1315.7
1284040 1308.7
1284050 1307.7
1284060 1308.3
1284070 1308.3
1284080 1310.2
1284090 1312.9
1284100 1314.7
1284110 1314.7
1284120 1315.8
1284130 1316.2
1284140 1316.2
1284150 1316.3
1284160 1316.3
1284170 1316.3
1284180 1315.6
1284190 1315.1
1284200 1315.1
1284210 1314.5
1284220 1312.9
1284230 1312.9
1284240 1310.7
1284250 1308.2
1284260 1308.2
1284270 1305.2
1284280 1302.6
1284290 1302.6
1284300 1301.7
1284310 1301.6
1284320 1300.8
1284330 1300.8
1284340 1299.0
1284350 1297.0
1284360 1297.0
1284370 1295.1
1284380 1293.3
1284390 1293.3
1284400 1292.5
1284410 1293.3
1284420 1293.3
1284430 1294.4
1284440 1296.9
1284450 1296.9
1284460 1298.8
1284470 1301.3
1284480 1301.3
1284490 1304.5
1284500 1307.9
1284510 1311.1
1284520 1311.1
1284530 1314.3
1284540 1316.8
1284550 1316.8
1284560 1318.5
1284570 1320.4
1284580 1320.4
1284590 1322.2
1284600 1324.4
1284610 1324.4
1284620 1326.6
1284630 1328.6
1284640 1328.6
1284650 1329.9
1284660 1331.4
1284670 1326.4
1284680 1327.5
1284690 1327.7
1284700 1327.7
1284710 1328.2
1284720 1329.8
1284730 1332.9
1284740 1332.9
1284750 1335.9
1284760 1338.8
1284770 1338.8
1284780 1341.6
1284790 1344.2
1284800 1344.2
1284810 1346.9
1284820 1349.7
1284830 1349.7
1284840 1352.4
1284850 1354.8
1284860 1354.8
1284870 1357.7
1284880 1361.7
1284890 1361.7
1284900 1364.5
1284910 1366.1
1284920 1366.1
1284930 1367.3
1284940 1368.2
1284950 1369.1
1284960 1369.1
1284970 1370.0
1284980 1370.9
1284990 1370.9
1285000 1372.3
1285010 1374.2
1285020 1374.2
1285030 1376.6
1285040 1379.3
1285050 1379.3
1285060 1381.8
1285070 1384.0
1285080 1384.0
1285090 1385.9
1285100 1387.8
1285110 1387.8
1285120 1388.9
1285130 1393.4
1285140 1393.4
1285150 1401.7
1285160 1409.1
1285170 1413.1
1285180 1413.1
1285190 1415.0
1285200 1416.2
1285210 1416.2
1285220 1417.7
1285230 1420.1
1285240 1420.1
1285250 1422.7
1285260 1425.0
1285270 1425.0
1285280 1428.0
1285290 1430.7
1285300 1426.6
1285310 1428.9
1285320 1429.2
1285330 1429.2
1285340 1427.0
1285350 1423.9
1285360 1423.9
1285370 1421.8
1285380 1423.1
1285390 1428.0
1285400 1428.0
1285410 1433.5
1285420 1438.0
1285430 1438.0
1285440 1440.7
1285450 1442.7
1285460 1442.7
1285470 1446.1
1285480 1450.4
1285490 1450.4
1285500 1454.8
1285510 1460.1
1285520 1460.1
1285530 1465.1
1285540 1470.1
1285550 1470.1
1285560 1475.3
1285570 1480.1
1285580 1484.3
1285590 1484.3
1285600 1488.1
1285610 1492.1
1285620 1492.1
1285630 1495.6
1285640 1498.7
1285650 1498.7
1285660 1501.2
1285670 1504.5
1285680 1504.5
1285690 1507.1
1285700 1509.2
1285710 1509.2
1285720 1511.8
1285730 1515.0
1285740 1515.0
1285750 1518.2
1285760 1520.6
1285770 1520.6
1285780 1523.3
1285790 1526.1
1285800 1528.2
1285810 1528.2
1285820 1530.8
1285830 1534.4
1285840 1534.4
1285850 1537.1
1285860 1542.7
1285870 1542.7
1285880 1545.5
1285890 1542.7
1285900 1542.7
1285910 1543.2
1285920 1548.5
1285930 1548.5
1285940 1549.9
1285950 1556.3
1285960 1556.3
1285970 1565.4
1285980 1575.3
1285990 1575.3
1286000 1581.9
1286010 1587.3
1286020 1591.6
1286030 1591.6
1286040 1596.5
1286050 1600.9
1286060 1600.9
1286070 1603.9
1286080 1609.0
1286090 1609.0
1286100 1610.9
1286110 1613.3
1286120 1613.3
1286130 1617.9
1286140 1623.8
1286150 1623.8
1286160 1627.4
1286170 1631.5
1286180 1631.5
1286190 1635.2
1286200 1639.8
1286210 1639.8
1286220 1646.1
1286230 1652.7
1286240 1657.0
1286250 1657.0
1286260 1653.2
1286270 1651.0
1286280 1651.0
1286290 1655.6
1286300 1662.0
1286310 1662.0
1286320 1667.3
1286330 1670.9
1286340 1670.9
1286350 1672.8
1286360 1668.7
1286370 1668.7
1286380 1659.8
1286390 1661.8
1286400 1661.8
1286410 1665.3
1286420 1670.0
1286430 1670.0
1286440 1675.0
1286450 1682.0
1286460 1690.3
1286470 1690.3
1286480 1696.4
1286490 1701.6
1286500 1701.6
1286510 1707.2
1286520 1713.3
1286530 1713.3
1286540 1719.5
1286550 1726.0
1286560 1726.0
1286570 1732.6
1286580 1736.4
1286590 1736.4
1286600 1747.8
1286610 1759.6
1286620 1759.6
1286630 1768.6
1286640 1777.1
1286650 1784.7
1286660 1784.7
1286670 1792.4
1286680 1799.9
1286690 1799.9
1286700 1807.1
1286710 1814.3
1286720 1814.3
1286730 1821.8
1286740 1829.6
1286750 1829.6
1286760 1836.7
1286770 1843.3
1286780 1843.3
1286790 1849.6
1286800 1855.5
1286810 1855.5
1286820 1859.5
1286830 1862.3
1286840 1862.3
1286850 1864.8
1286860 1866.9
1286870 1868.6
1286880 1868.6
1286890 1869.7
1286900 1869.4
1286910 1869.4
1286920 1865.0
1286930 1857.6
1286940 1857.6
1286950 1854.8
1286960 1851.7
1286970 1851.7
1286980 1847.6
1286990 1846.1
1287000 1846.1
1287010 1845.5
1287020 1839.4
1287030 1839.4
1287040 1831.8
1287050 1821.5
1287060 1821.5
1287070 1822.2
1287080 1822.0
1287090 1820.5
1287100 1820.5
1287110 1820.1
1287120 1815.0
1287130 1815.0
1287140 1811.3
1287150 1813.9
1287160 1813.9
1287170 1812.8
1287180 1807.4
1287190 1807.4
1287200 1803.4
1287210 1801.2
1287220 1792.0
1287230 1790.4
1287240 1788.6
1287250 1788.6
1287260 1787.1
1287270 1784.5
1287280 1784.5
1287290 1779.7
1287300 1775.5
1287310 1775.5
1287320 1775.5
1287330 1774.2
1287340 1772.8
1287350 1772.8
1287360 1770.1
1287370 1767.7
1287380 1767.7
1287390 1766.9
1287400 1766.8
1287410 1766.8
1287420 1767.2
1287430 1768.3
1287440 1768.3
1287450 1767.8
1287460 1765.2
1287470 1765.2
1287480 1763.1
1287490 1762.4
1287500 1762.4
1287510 1761.8
1287520 1761.2
1287530 1761.5
1287540 1761.5
1287550 1760.1
1287560 1758.0
1287570 1758.0
1287580 1756.5
1287590 1754.6
1287600 1754.6
1287610 1751.9
1287620 1748.3
1287630 1748.3
1287640 1743.6
1287650 1737.7
1287660 1737.7
1287670 1737.4
1287680 1745.1
1287690 1745.1
1287700 1749.3
1287710 1752.2
1287720 1754.2
1287730 1754.2
1287740 1753.4
1287750 1750.4
1287760 1750.4
1287770 1747.0
1287780 1746.1
1287790 1746.1
1287800 1747.1
1287810 1747.1
1287820 1747.1
1287830 1744.9
1287840 1743.0
1287850 1743.0
1287860 1734.6
1287870 1732.7
1287880 1732.7
1287890 1730.6
1287900 1727.7
1287910 1727.7
1287920 1724.2
1287930 1721.8
1287940 1720.9
1287950 1720.9
1287960 1719.4
1287970 1718.7
1287980 1718.7
1287990 1719.0
1288000 1718.7
1288010 1718.7
1288020 1719.6
1288030 1720.0
1288040 1720.0
1288050 1715.8
1288060 1710.1
1288070 1710.1
1288080 1709.6
1288090 1714.5
1288100 1714.5
1288110 1717.2
1288120 1719.6
1288130 1719.6
1288140 1724.5
1288150 1727.2
1288160 1726.7
1288170 1726.7
1288180 1725.6
1288190 1724.9
1288200 1724.9
1288210 1725.0
1288220 1726.9
1288230 1726.9
1288240 1730.2
1288250 1733.1
1288260 1733.1
1288270 1736.5
1288280 1738.6
1288290 1738.6
1288300 1739.8
1288310 1740.4
1288320 1740.4
1288330 1740.2
1288340 1741.1
1288350 1741.1
1288360 1741.2
1288370 1739.9
1288380 1740.0
1288390 1740.0
1288400 1744.2
1288410 1748.3
1288420 1748.3
1288430 1751.7
1288440 1756.2
1288450 1756.2
1288460 1759.8
1288470 1763.7
1288480 1763.7
1288490 1767.9
1288500 1771.6
1288510 1764.6
1288520 1767.8
1288530 1771.8
1288540 1771.8
1288550 1774.5
1288560 1777.5
1288570 1777.5
1288580 1780.8
1288590 1783.2
1288600 1786.1
1288610 1786.1
1288620 1789.6
1288630 1792.9
1288640 1792.9
1288650 1796.3
1288660 1800.4
1288670 1800.4
1288680 1804.8
1288690 1809.3
1288700 1809.3
1288710 1811.9
1288720 1811.4
1288730 1811.4
1288740 1810.5
1288750 1809.5
1288760 1809.5
1288770 1803.7
1288780 1792.1
1288790 1785.5
1288800 1785.5
1288810 1782.7
1288820 1781.0
1288830 1781.0
1288840 1778.8
1288850 1780.6
1288860 1780.6
1288870 1786.8
1288880 1793.1
1288890 1793.1
1288900 1797.4
1288910 1800.0
1288920 1800.0
1288930 1800.0
1288940 1797.7
1288950 1797.7
1288960 1797.8
1288970 1797.8
1288980 1797.8
1288990 1797.8
1289000 1794.9
1289010 1793.7
1289020 1793.7
1289030 1793.1
1289040 1791.3
1289050 1791.3
1289060 1789.2
1289070 1787.2
1289080 1787.2
1289090 1785.2
1289100 1784.8
1289110 1784.8
1289120 1785.4
1289130 1786.0
1289140 1786.0
1289150 1786.8
1289160 1780.2
1289170 1780.2
1289180 1780.1
1289190 1780.0
1289200 1780.0
1289210 1779.6
1289220 1779.7
1289230 1779.8
1289240 1779.8
1289250 1779.7
1289260 1777.4
1289270 1777.4
1289280 1774.8
1289290 1772.2
1289300 1772.2
1289310 1768.6
1289320 1764.9
1289330 1764.9
1289340 1759.3
1289350 1754.4
1289360 1754.4
1289370 1750.9
1289380 1747.5
1289390 1747.5
1289400 1745.1
1289410 1743.6
1289420 1743.6
1289430 1741.4
1289440 1737.0
1289450 1732.1
1289460 1732.1
1289470 1729.7
1289480 1727.2
1289490 1727.2
1289500 1725.3
1289510 1722.9
1289520 1722.9
1289530 1721.1
1289540 1720.8
1289550 1720.8
1289560 1720.4
1289570 1717.9
1289580 1717.9
1289590 1713.9
1289600 1709.4
1289610 1709.4
1289620 1704.5
1289630 1699.8
1289640 1694.7
1289650 1694.7
1289660 1691.6
1289670 1695.6
1289680 1695.6
1289690 1695.5
1289700 1694.7
1289710 1694.7
1289720 1687.9
1289730 1675.7
1289740 1675.7
1289750 1663.9
1289760 1654.9
1289770 1654.9
1289780 1649.6
1289790 1645.0
1289800 1645.0
1289810 1628.9
1289820 1619.9
1289830 1619.9
1289840 1617.3
1289850 1618.0
1289860 1615.6
1289870 1615.6
1289880 1612.3
1289890 1611.0
1289900 1611.0
1289910 1613.1
1289920 1625.8
1289930 1625.8
1289940 1654.7
1289950 1663.6
1289960 1663.6
1289970 1669.0
1289980 1672.3
1289990 1672.3
1290000 1673.7
1290010 1674.8
1290020 1674.8
1290030 1675.6
1290040 1675.0
1290050 1675.0
1290060 1673.9
1290070 1672.8
1290080 1670.2
1290090 1670.2
1290100 1668.7
1290110 1666.6
1290120 1666.6
1290130 1664.0
1290140 1661.0
1290150 1661.0
1290160 1657.1
1290170 1652.8
1290180 1652.8
1290190 1647.2
1290200 1646.0
1290210 1646.0
1290220 1647.4
1290230 1645.9
1290240 1645.9
1290250 1640.8
1290260 1634.0
1290270 1634.0
1290280 1625.3
1290290 1618.0
1290300 1608.1
1290310 1608.1
1290320 1582.0
1290330 1556.4
1290340 1556.4
1290350 1551.3
1290360 1551.2
1290370 1551.2
1290380 1552.7
1290390 1552.6
1290400 1552.6
1290410 1548.8
1290420 1545.9
1290430 1545.9
1290440 1542.4
1290450 1542.2
1290460 1534.1
1290470 1536.7
1290480 1540.2
1290490 1540.2
1290500 1542.6
1290510 1543.1
1290520 1543.9
1290530 1543.9
1290540 1545.5
1290550 1546.1
1290560 1546.1
1290570 1545.3
1290580 1543.7
1290590 1543.7
1290600 1541.8
1290610 1540.9
1290620 1540.9
1290630 1538.5
1290640 1534.0
1290650 1534.0
1290660 1530.7
1290670 1530.2
1290680 1530.2
1290690 1531.5
1290700 1526.9
1290710 1520.2
1290720 1520.2
1290730 1519.6
1290740 1521.3
1290750 1521.3
1290760 1520.4
1290770 1519.2
1290780 1519.2
1290790 1521.1
1290800 1523.5
1290810 1523.5
1290820 1524.7
1290830 1526.4
1290840 1526.4
1290850 1527.9
1290860 1529.1
1290870 1529.1
1290880 1530.8
1290890 1531.7
1290900 1531.7
1290910 1533.7
1290920 1539.1
1290930 1545.1
1290940 1545.1
1290950 1550.7
1290960 1555.7
1290970 1555.7
1290980 1558.4
1290990 1560.8
1291000 1560.8
1291010 1562.3
1291020 1563.5
1291030 1563.5
1291040 1564.5
1291050 1565.4
1291060 1565.4
1291070 1565.7
1291080 1564.8
1291090 1564.8
1291100 1564.4
1291110 1571.4
1291120 1571.4
1291130 1570.6
1291140 1568.4
1291150 1565.7
1291160 1565.7
1291170 1564.1
1291180 1563.7
1291190 1563.7
1291200 1564.6
1291210 1566.7
1291220 1566.7
1291230 1567.9
1291240 1568.2
1291250 1568.2
1291260 1568.9
1291270 1569.7
1291280 1569.7
1291290 1570.2
1291300 1571.3
1291310 1571.3
1291320 1572.8
1291330 1574.3
1291340 1574.3
1291350 1575.4
1291360 1576.2
1291370 1576.6
1291380 1576.6
1291390 1577.3
1291400 1578.7
1291410 1578.7
1291420 1579.7
1291430 1580.9
1291440 1580.9
1291450 1583.4
1291460 1585.9
1291470 1585.9
1291480 1586.4
1291490 1587.2
1291500 1587.2
1291510 1588.4
1291520 1589.5
1291530 1589.5
1291540 1591.1
1291550 1592.2
1291560 1592.2
1291570 1594.5
1291580 1597.6
1291590 1600.4
1291600 1600.4
1291610 1601.1
1291620 1601.2
1291630 1601.2
1291640 1601.6
1291650 1602.5
1291660 1602.5
1291670 1604.2
1291680 1605.4
1291690 1605.4
1291700 1606.2
1291710 1608.0
1291720 1608.0
1291730 1611.0
1291740 1612.4
1291750 1612.4
1291760 1613.9
1291770 1617.2
1291780 1618.8
1291790 1618.8
1291800 1619.7
1291810 1619.5
1291820 1619.5
1291830 1620.4
1291840 1621.5
1291850 1621.5
1291860 1623.1
1291870 1624.4
1291880 1624.4
1291890 1623.9
1291900 1623.8
1291910 1623.8
1291920 1626.0
1291930 1628.3
1291940 1628.3
1291950 1630.1
1291960 1632.1
1291970 1632.1
1291980 1634.6
1291990 1636.5
1292000 1638.8
1292010 1638.8
1292020 1642.6
1292030 1646.2
1292040 1646.2
1292050 1648.7
1292060 1650.6
1292070 1650.6
1292080 1652.8
1292090 1656.0
1292100 1656.0
1292110 1656.9
1292120 1654.8
1292130 1654.8
1292140 1653.9
1292150 1653.9
1292160 1653.9
1292170 1655.3
1292180 1659.3
1292190 1659.3
1292200 1664.8
1292210 1670.4
1292220 1676.0
1292230 1676.0
1292240 1680.8
1292250 1685.4
1292260 1685.4
1292270 1689.3
1292280 1692.5
1292290 1692.5
1292300 1697.9
1292310 1716.1
1292320 1716.1
1292330 1731.5
1292340 1735.1
1292350 1735.1
1292360 1740.9
1292370 1748.9
1292380 1748.9
1292390 1756.0
1292400 1761.0
1292410 1761.0
1292420 1769.3
1292430 1767.8
1292440 1773.9
1292450 1773.9
1292460 1783.2
1292470 1788.1
1292480 1788.1
1292490 1799.3
1292500 1805.5
1292510 1805.5
1292520 1802.2
1292530 1803.1
1292540 1803.1
1292550 1807.3
1292560 1812.1
1292570 1812.1
1292580 1815.6
1292590 1817.6
1292600 1817.6
1292610 1820.1
1292620 1823.7
1292630 1826.5
1292640 1826.5
1292650 1827.3
1292660 1826.1
1292670 1826.1
1292680 1823.9
1292690 1826.2
1292700 1826.2
1292710 1830.7
1292720 1835.5
1292730 1835.5
1292740 1840.6
1292750 1847.3
1292760 1847.3
1292770 1853.9
1292780 1859.5
1292790 1859.5
1292800 1864.5
1292810 1869.4
1292820 1869.4
1292830 1873.9
1292840 1877.6
1292850 1881.3
1292860 1881.3
1292870 1884.2
1292880 1886.4
1292890 1886.4
1292900 1888.6
1292910 1891.6
1292920 1891.6
1292930 1895.1
1292940 1899.3
1292950 1899.3
1292960 1902.7
1292970 1905.0
1292980 1905.0
1292990 1907.9
1293000 1910.2
1293010 1910.2
1293020 1912.9
1293030 1917.0
1293040 1917.0
1293050 1923.4
1293060 1931.6
1293070 1939.7
1293080 1939.7
1293090 1939.0
1293100 1940.5
1293110 1940.5
1293120 1942.6
1293130 1945.7
1293140 1945.7
1293150 1949.9
1293160 1954.6
1293170 1954.6
1293180 1959.1
1293190 1964.5
1293200 1964.5
1293210 1971.9
1293220 1980.0
1293230 1980.0
1293240 1988.4
1293250 1996.3
1293260 1996.3
1293270 2002.1
1293280 2003.8
1293290 2005.4
1293300 2005.4
1293310 2012.2
1293320 2022.0
1293330 2022.0
1293340 2032.7
1293350 2040.0
1293360 2040.0
1293370 2046.1
1293380 2050.8
1293390 2050.8
1293400 2054.5
1293410 2057.9
1293420 2057.9
1293430 2061.1
1293440 2063.7
1293450 2063.7
1293460 2066.2
1293470 2070.0
1293480 2070.0
1293490 2073.9
1293500 2076.1
1293510 2078.9
1293520 2078.9
1293530 2081.9
1293540 2084.8
1293550 2084.8
1293560 2087.7
1293570 2090.6
1293580 2090.6
1293590 2093.7
1293600 2097.3
1293610 2097.3
1293620 2101.1
1293630 2103.8
1293640 2103.8
1293650 2105.6
1293660 2107.8
1293670 2107.8
1293680 2111.0
1293690 2114.6
1293700 2118.7
1293710 2118.7
1293720 2123.1
1293730 2127.6
1293740 2127.6
1293750 2132.4
1293760 2136.2
1293770 2136.2
1293780 2140.0
1293790 2143.9
1293800 2143.9
1293810 2147.8
1293820 2151.7
1293830 2151.7
1293840 2155.6
1293850 2159.4
1293860 2159.4
1293870 2163.2
1293880 2167.1
1293890 2167.1
1293900 2171.1
1293910 2175.1
1293920 2179.2
1293930 2179.2
1293940 2183.2
1293950 2187.0
1293960 2187.0
1293970 2191.1
1293980 2195.1
1293990 2195.1
1294000 2199.3
1294010 2203.4
1294020 2203.4
1294030 2207.8
1294040 2212.4
1294050 2212.4
1294060 2217.1
1294070 2222.0
1294080 2222.0
1294090 2227.0
1294100 2232.2
1294110 2232.2
1294120 2236.9
1294130 2241.8
1294140 2247.0
1294150 2247.0
1294160 2252.3
1294170 2257.4
1294180 2257.4
1294190 2262.7
1294200 2268.6
1294210 2268.6
1294220 2274.5
1294230 2281.0
1294240 2281.0
1294250 2287.6
1294260 2293.9
1294270 2293.9
1294280 2299.9
1294290 2305.8
1294300 2305.8
1294310 2311.7
1294320 2317.8
1294330 2317.8
1294340 2324.2
1294350 2330.1
1294360 2335.8
1294370 2335.8
1294380 2341.0
1294390 2346.8
1294400 2346.8
1294410 2357.3
1294420 2363.4
1294430 2363.4
1294440 2369.5
1294450 2374.9
1294460 2374.9
1294470 2379.8
1294480 2384.8
1294490 2384.8
1294500 2389.3
1294510 2391.3
1294520 2391.3
1294530 2393.6
1294540 2396.1
1294550 2398.0
1294560 2398.0
1294570 2400.4
1294580 2403.2
1294590 2403.2
1294600 2405.4
1294610 2406.5
1294620 2406.5
1294630 2408.3
1294640 2412.4
1294650 2412.4
1294660 2414.8
1294670 2414.5
1294680 2414.5
1294690 2414.7
1294700 2414.8
1294710 2414.8
1294720 2414.7
1294730 2414.5
1294740 2414.5
1294750 2417.1
1294760 2423.1
1294770 2430.5
1294780 2430.5
1294790 2438.3
1294800 2444.6
1294810 2444.6
1294820 2447.1
1294830 2446.6
1294840 2446.6
1294850 2445.8
1294860 2446.2
1294870 2446.2
1294880 2447.7
1294890 2449.7
1294900 2449.7
1294910 2451.5
1294920 2453.6
1294930 2453.6
1294940 2455.5
1294950 2457.6
1294960 2457.6
1294970 2461.6
1294980 2465.1
1294990 2469.7
1295000 2469.7
1295010 2475.5
1295020 2481.8
1295030 2481.8
1295040 2488.2
1295050 2492.7
1295060 2492.7
1295070 2496.5
1295080 2498.3
1295090 2498.3
1295100 2503.0
1295110 2508.8
1295120 2508.8
1295130 2514.9
1295140 2519.4
1295150 2519.4
1295160 2522.2
1295170 2526.2
1295180 2526.2
1295190 2530.9
1295200 2534.5
1295210 2539.1
1295220 2539.1
1295230 2544.8
1295240 2550.3
1295250 2550.3
1295260 2555.3
1295270 2561.4
1295280 2561.4
1295290 2568.0
1295300 2572.4
1295310 2572.4
1295320 2573.9
1295330 2575.1
1295340 2575.1
1295350 2576.5
1295360 2576.7
1295370 2576.7
1295380 2575.4
1295390 2574.1
1295400 2574.1
1295410 2573.4
1295420 2572.4
1295430 2571.5
1295440 2571.5
1295450 2572.6
1295460 2575.7
1295470 2575.7
1295480 2581.1
1295490 2587.5
1295500 2587.5
1295510 2592.1
1295520 2594.7
1295530 2594.7
1295540 2597.0
1295550 2599.6
1295560 2599.6
1295570 2603.6
1295580 2608.2
1295590 2608.2
1295600 2613.4
1295610 2619.3
1295620 2624.7
1295630 2624.7
1295640 2626.5
1295650 2627.4
1295660 2627.4
1295670 2629.7
1295680 2633.6
1295690 2633.6
1295700 2638.2
1295710 2642.7
1295720 2642.7
1295730 2646.6
1295740 2650.6
1295750 2650.7
1295760 2656.3
1295770 2665.2
1295780 2665.2
1295790 2681.1
1295800 2700.2
1295810 2700.2
1295820 2710.9
1295830 2729.2
1295840 2756.7
1295850 2756.7
1295860 2778.1
1295870 2792.3
1295880 2792.3
1295890 2805.2
1295900 2817.1
1295910 2817.1
1295920 2826.4
1295930 2837.1
1295940 2837.1
1295950 2848.7
1295960 2858.8
1295970 2858.8
1295980 2868.5
1295990 2878.5
1296000 2878.5
1296010 2886.8
1296020 2893.5
1296030 2893.5
1296040 2901.6
1296050 2912.4
1296060 2924.4
1296070 2924.4
1296080 2935.8
1296090 2948.3
1296100 2948.3
1296110 2961.4
1296120 2969.4
1296130 2969.4
1296140 2979.2
1296150 2988.3
1296160 2988.3
1296170 2994.2
1296180 2998.7
1296190 2998.7
1296200 3003.3
1296210 3009.0
1296220 3009.0
1296230 3018.2
1296240 3031.9
1296250 3031.9
1296260 3051.1
1296270 3069.7
1296280 3082.6
1296290 3082.6
1296300 3089.7
1296310 3095.4
1296320 3095.4
1296330 3102.4
1296340 3110.7
1296350 3110.7
1296360 3120.5
1296370 3131.5
1296380 3131.5
1296390 3142.1
1296400 3152.0
1296410 3152.0
1296420 3177.0
1296430 3186.2
1296440 3186.2
1296450 3193.7
1296460 3201.4
1296470 3201.4
1296480 3209.5
1296490 3218.6
1296500 3227.6
1296510 3227.6
1296520 3237.2
1296530 3247.3
1296540 3247.3
1296550 3256.8
1296560 3263.7
1296570 3263.7
1296580 3269.6
1296590 3275.6
1296600 3275.6
1296610 3278.8
1296620 3281.9
1296630 3281.9
1296640 3286.9
1296650 3295.4
1296660 3295.4
1296670 3294.6
1296680 3292.0
1296690 3289.6
1296700 3289.6
1296710 3288.9
1296720 3288.3
1296730 3288.3
1296740 3287.5
1296750 3289.0
1296760 3289.0
1296770 3292.6
1296780 3295.6
1296790 3295.6
1296800 3300.6
1296810 3307.6
1296820 3307.6
1296830 3315.5
1296840 3323.1
1296850 3323.1
1296860 3316.1
1296870 3304.2
1296880 3304.2
1296890 3294.6
1296900 3286.0
1296910 3278.4
1296920 3278.4
1296930 3272.1
1296940 3264.6
1296950 3264.6
1296960 3254.9
1296970 3247.1
1296980 3247.1
1296990 3241.7
1297000 3234.9
1297010 3234.9
1297020 3228.3
1297030 3215.5
1297040 3215.5
1297050 3199.6
1297060 3180.6
1297070 3180.6
1297080 3164.5
1297090 3150.2
1297100 3150.3
1297110 3134.9
1297120 3125.1
1297130 3119.3
1297140 3119.3
1297150 3113.5
1297160 3107.7
1297170 3107.7
1297180 3101.0
1297190 3097.1
1297200 3097.1
1297210 3093.8
1297220 3089.9
1297230 3089.9
1297240 3086.5
1297250 3082.9
1297260 3082.9
1297270 3078.4
1297280 3075.1
1297290 3075.1
1297300 3071.2
1297310 3068.0
1297320 3068.0
1297330 3065.5
1297340 3063.5
1297350 3061.4
1297360 3061.4
1297370 3059.3
1297380 3057.3
1297390 3057.3
1297400 3055.5
1297410 3053.7
1297420 3053.7
1297430 3051.5
1297440 3048.8
1297450 3048.8
1297460 3045.5
1297470 3041.9
1297480 3041.9
1297490 3038.1
1297500 3034.5
1297510 3034.5
1297520 3031.3
1297530 3027.5
1297540 3022.7
1297550 3022.7
1297560 3016.6
1297570 3009.3
1297580 3009.3
1297590 3001.6
1297600 2994.0
1297610 2994.0
1297620 2987.9
1297630 2982.4
1297640 2982.4
1297650 2977.1
1297660 2972.2
1297670 2972.2
1297680 2967.4
1297690 2962.8
1297700 2962.8
1297710 2959.0
1297720 2956.7
1297730 2956.7
1297740 2952.0
1297750 2946.5
1297760 2944.2
1297770 2944.2
1297780 2934.0
1297790 2927.0
1297800 2927.0
1297810 2921.8
1297820 2918.7
1297830 2918.7
1297840 2913.4
1297850 2909.8
1297860 2909.8
1297870 2905.4
1297880 2899.1
1297890 2899.1
1297900 2892.7
1297910 2882.8
1297920 2882.8
1297930 2875.0
1297940 2869.8
1297950 2869.8
1297960 2864.5
1297970 2858.6
1297980 2852.8
1297990 2852.8
1298000 2848.7
1298010 2845.8
1298020 2845.8
1298030 2844.4
1298040 2842.2
1298050 2842.2
1298060 2839.9
1298070 2837.9
1298080 2837.9
1298090 2840.1
1298100 2838.8
1298110 2838.8
1298120 2837.1
1298130 2836.6
1298140 2836.6
1298150 2835.8
1298160 2835.7
1298170 2835.7
1298180 2835.2
1298190 2834.3
1298200 2835.0
1298210 2835.0
1298220 2837.3
1298230 2838.4
1298240 2838.4
1298250 2839.2
1298260 2839.4
1298270 2839.4
1298280 2838.9
1298290 2839.7
1298300 2839.7
1298310 2841.1
1298320 2840.2
1298330 2840.2
1298340 2836.8
1298350 2835.3
1298360 2835.3
1298370 2835.6
1298380 2836.5
1298390 2836.5
1298400 2836.8
1298410 2836.6
1298420 2836.6
1298430 2836.6
1298440 2837.2
1298450 2836.4
1298460 2835.5
1298470 2833.0
1298480 2833.4
1298490 2833.4
1298500 2834.4
1298510 2835.3
1298520 2835.3
1298530 2836.4
1298540 2837.4
1298550 2837.4
1298560 2837.1
1298570 2836.1
1298580 2836.1
1298590 2834.6
1298600 2834.4
1298610 2834.9
1298620 2834.9
1298630 2835.5
1298640 2836.1
1298650 2836.1
1298660 2836.3
1298670 2835.8
1298680 2835.8
1298690 2835.4
1298700 2836.0
1298710 2836.0
1298720 2838.3
1298730 2840.1
1298740 2840.1
1298750 2841.9
1298760 2843.7
1298770 2843.7
1298780 2846.2
1298790 2850.2
1298800 2850.2
1298810 2854.0
1298820 2859.1
1298830 2868.2
1298840 2868.2
1298850 2877.9
1298860 2886.1
1298870 2886.1
1298880 2894.2
1298890 2901.9
1298900 2901.9
1298910 2908.3
1298920 2911.0
1298930 2911.0
1298940 2907.1
1298950 2901.9
1298960 2901.9
1298970 2896.4
1298980 2890.9
1298990 2890.9
1299000 2884.1
1299010 2875.4
1299020 2875.4
1299030 2868.5
1299040 2865.2
1299050 2863.5
1299060 2863.5
1299070 2862.7
1299080 2861.9
1299090 2861.9
1299100 2860.0
1299110 2856.2
1299120 2856.2
1299130 2852.5
1299140 2845.7
1299150 2845.7
1299160 2842.2
1299170 2838.8
1299180 2838.8
1299190 2834.8
1299200 2829.3
1299210 2829.3
1299220 2819.7
1299230 2813.7
1299240 2813.7
1299250 2810.9
1299260 2808.8
1299270 2806.9
1299280 2806.9
1299290 2803.8
1299300 2799.9
1299310 2799.9
1299320 2796.2
1299330 2792.3
1299340 2792.3
1299350 2789.0
1299360 2786.4
1299370 2786.4
1299380 2785.0
1299390 2784.4
1299400 2784.4
1299410 2783.8
1299420 2783.8
1299430 2783.8
1299440 2783.5
1299450 2782.1
1299460 2780.5
1299470 2780.5
1299480 2778.8
1299490 2776.6
1299500 2776.6
1299510 2774.2
1299520 2772.3
1299530 2772.3
1299540 2770.3
1299550 2767.7
1299560 2767.7
1299570 2764.3
1299580 2760.2
1299590 2760.2
1299600 2755.4
1299610 2749.9
1299620 2749.9
1299630 2744.2
1299640 2737.5
1299650 2737.5
1299660 2731.6
1299670 2726.4
1299680 2721.7
1299690 2721.7
1299700 2717.3
1299710 2713.3
1299720 2713.3
1299730 2709.5
1299740 2706.7
1299750 2706.7
1299760 2704.7
1299770 2703.0
1299780 2703.0
1299790 2700.8
1299800 2697.5
1299810 2697.5
1299820 2690.4
1299830 2685.7
1299840 2685.7
1299850 2681.5
1299860 2678.4
1299870 2678.4
1299880 2675.5
1299890 2674.0
1299900 2674.0
1299910 2674.0
1299920 2674.8
1299930 2676.4
1299940 2676.4
1299950 2676.1
1299960 2672.7
1299970 2672.7
1299980 2670.3
1299990 2669.8
