1280000 1661.3
1280010 1660.1
1280020 1658.5
1280030 1657.4
1280040 1657.4
1280050 1658.2
1280060 1658.2
1280070 1658.2
1280080 1656.8
1280090 1655.4
1280100 1655.4
1280110 1655.8
1280120 1656.7
1280130 1656.7
1280140 1659.4
1280150 1663.7
1280160 1663.7
1280170 1667.9
1280180 1670.0
1280190 1670.0
1280200 1669.2
1280210 1669.1
1280220 1669.1
1280230 1668.8
1280240 1668.1
1280250 1667.7
1280260 1667.7
1280270 1666.2
1280280 1661.2
1280290 1661.2
1280300 1660.9
1280310 1673.6
1280320 1673.6
1280330 1674.2
1280340 1672.4
1280350 1672.4
1280360 1669.8
1280370 1664.9
1280380 1664.9
1280390 1660.1
1280400 1654.4
1280410 1654.4
1280420 1643.0
1280430 1613.6
1280440 1613.6
1280450 1583.2
1280460 1569.1
1280470 1563.4
1280480 1563.4
1280490 1557.5
1280500 1552.6
1280510 1552.6
1280520 1549.8
1280530 1548.2
1280540 1548.2
1280550 1543.8
1280560 1533.6
1280570 1533.6
1280580 1524.6
1280590 1520.4
1280600 1520.4
1280610 1521.1
1280620 1519.3
1280630 1519.3
1280640 1516.0
1280650 1513.6
1280660 1513.6
1280670 1509.7
1280680 1505.5
1280690 1501.2
1280700 1501.2
1280710 1497.2
1280720 1494.3
1280730 1494.3
1280740 1492.1
1280750 1486.2
1280760 1486.2
1280770 1475.7
1280780 1469.8
1280790 1469.8
1280800 1464.9
1280810 1459.9
1280820 1459.9
1280830 1455.0
1280840 1448.2
1280850 1448.2
1280860 1436.7
1280870 1417.8
1280880 1398.3
1280890 1398.3
1280900 1386.8
1280910 1382.6
1280920 1382.6
1280930 1383.5
1280940 1377.3
1280950 1377.3
1280960 1370.7
1280970 1364.5
1280980 1364.5
1280990 1358.0
1281000 1352.0
1281010 1352.0
1281020 1348.9
1281030 1346.5
1281040 1346.5
1281050 1344.4
1281060 1343.3
1281070 1343.3
1281080 1341.8
1281090 1339.4
1281100 1336.2
1281110 1336.2
1281120 1333.3
1281130 1330.8
1281140 1330.8
1281150 1328.1
1281160 1325.3
1281170 1325.3
1281180 1322.4
1281190 1318.2
1281200 1318.2
1281210 1312.4
1281220 1306.3
1281230 1306.3
1281240 1298.1
1281250 1289.1
1281260 1289.1
1281270 1281.0
1281280 1273.1
1281290 1273.1
1281300 1265.2
1281310 1258.0
1281320 1252.1
1281330 1252.1
1281340 1248.0
1281350 1243.1
1281360 1243.1
1281370 1237.9
1281380 1233.6
1281390 1233.6
1281400 1228.9
1281410 1224.2
1281420 1224.2
1281430 1221.3
1281440 1219.2
1281450 1219.2
1281460 1217.8
1281470 1217.1
1281480 1217.1
1281490 1215.0
1281500 1212.6
1281510 1212.6
1281520 1213.0
1281530 1214.4
1281540 1212.3
1281550 1220.4
1281560 1215.9
1281570 1212.7
1281580 1212.7
1281590 1210.5
1281600 1208.3
1281610 1208.3
1281620 1207.5
1281630 1207.2
1281640 1207.2
1281650 1209.2
1281660 1213.4
1281670 1213.4
1281680 1217.0
1281690 1220.4
1281700 1220.4
1281710 1224.8
1281720 1228.5
1281730 1228.5
1281740 1229.4
1281750 1230.5
1281760 1232.7
1281770 1232.7
1281780 1235.6
1281790 1238.6
1281800 1238.6
1281810 1240.6
1281820 1243.8
1281830 1243.8
1281840 1246.5
1281850 1248.7
1281860 1248.7
1281870 1250.9
1281880 1253.1
1281890 1253.1
1281900 1255.1
1281910 1257.1
1281920 1257.1
1281930 1259.1
1281940 1261.2
1281950 1261.2
1281960 1262.5
1281970 1263.6
1281980 1265.5
1281990 1265.5
1282000 1267.3
1282010 1269.0
1282020 1269.0
1282030 1270.7
1282040 1272.3
1282050 1272.3
1282060 1273.1
1282070 1274.8
1282080 1274.8
1282090 1277.3
1282100 1280.5
1282110 1280.5
1282120 1281.7
1282130 1282.5
1282140 1282.5
1282150 1283.5
1282160 1284.4
1282170 1284.4
1282180 1283.9
1282190 1285.6
1282200 1287.5
1282210 1287.5
1282220 1289.1
1282230 1290.1
1282240 1290.1
1282250 1290.8
1282260 1291.7
1282270 1291.7
1282280 1292.9
1282290 1294.6
1282300 1294.6
1282310 1296.7
1282320 1299.3
1282330 1299.3
1282340 1302.1
1282350 1304.6
1282360 1304.6
1282370 1306.9
1282380 1309.6
1282390 1312.6
1282400 1312.6
1282410 1316.6
1282420 1320.1
1282430 1320.1
1282440 1323.5
1282450 1327.1
1282460 1327.1
1282470 1331.2
1282480 1336.2
1282490 1336.2
1282500 1341.8
1282510 1347.0
1282520 1347.0
1282530 1350.6
1282540 1353.0
1282550 1353.0
1282560 1355.2
1282570 1356.7
1282580 1356.7
1282590 1357.5
1282600 1358.7
1282610 1360.9
1282620 1360.9
1282630 1363.5
1282640 1366.3
1282650 1366.3
1282660 1369.4
1282670 1372.6
1282680 1372.6
1282690 1376.1
1282700 1381.4
1282710 1381.4
1282720 1387.8
1282730 1394.4
1282740 1394.4
1282750 1401.7
1282760 1408.5
1282770 1408.5
1282780 1415.1
1282790 1422.0
1282800 1422.0
1282810 1427.1
1282820 1435.8
1282830 1444.7
1282840 1444.7
1282850 1453.2
1282860 1460.6
1282870 1460.6
1282880 1467.7
1282890 1474.8
1282900 1474.8
1282910 1482.2
1282920 1490.3
1282930 1490.3
1282940 1498.2
1282950 1505.8
1282960 1505.8
1282970 1513.3
1282980 1520.6
1282990 1520.6
1283000 1527.7
1283010 1534.7
1283020 1534.7
1283030 1541.2
1283040 1547.6
1283050 1553.9
1283060 1553.9
1283070 1560.7
1283080 1569.2
1283090 1569.2
1283100 1577.8
1283110 1586.5
1283120 1586.5
1283130 1597.5
1283140 1607.5
1283150 1607.5
1283160 1617.1
1283170 1626.8
1283180 1626.8
1283190 1636.5
1283200 1646.0
1283210 1646.0
1283220 1654.8
1283230 1662.4
1283240 1662.4
1283250 1671.0
1283260 1680.1
1283270 1690.8
1283280 1690.8
1283290 1701.9
1283300 1712.3
1283310 1712.3
1283320 1720.4
1283330 1728.9
1283340 1728.9
1283350 1737.3
1283360 1743.7
1283370 1743.7
1283380 1748.0
1283390 1748.5
1283400 1748.5
1283410 1744.4
1283420 1740.8
1283430 1740.8
1283440 1740.4
1283450 1751.0
1283460 1751.0
1283470 1762.6
1283480 1773.8
1283490 1781.9
1283500 1781.9
1283510 1787.5
1283520 1788.6
1283530 1788.6
1283540 1779.7
1283550 1763.9
1283560 1763.9
1283570 1749.9
1283580 1743.9
1283590 1743.9
1283600 1745.5
1283610 1750.9
1283620 1750.9
1283630 1756.8
1283640 1763.8
1283650 1763.8
1283660 1771.6
1283670 1779.4
1283680 1789.0
1283690 1789.0
1283700 1798.3
1283710 1806.4
1283720 1806.4
1283730 1815.4
1283740 1825.5
1283750 1825.5
1283760 1836.4
1283770 1851.0
1283780 1851.0
1283790 1853.2
1283800 1847.7
1283810 1847.7
1283820 1842.6
1283830 1838.3
1283840 1838.3
1283850 1835.6
1283860 1836.8
1283870 1836.8
1283880 1839.1
1283890 1841.7
1283900 1844.3
1283910 1844.3
1283920 1847.4
1283930 1851.2
1283940 1851.2
1283950 1855.5
1283960 1859.9
1283970 1859.9
1283980 1864.4
1283990 1869.1
1284000 1869.1
1284010 1874.1
1284020 1879.3
1284030 1879.3
1284040 1884.5
1284050 1889.9
1284060 1889.9
1284070 1891.0
1284080 1896.6
1284090 1896.6
1284100 1902.0
1284110 1907.0
1284120 1911.2
1284130 1911.2
1284140 1915.2
1284150 1918.4
1284160 1918.4
1284170 1920.4
1284180 1919.8
1284190 1919.8
1284200 1913.9
1284210 1905.5
1284220 1905.5
1284230 1898.6
1284240 1892.7
1284250 1892.7
1284260 1887.1
1284270 1881.1
1284280 1881.1
1284290 1876.4
1284300 1871.8
1284310 1871.8
1284320 1866.5
1284330 1859.1
1284340 1852.4
1284350 1852.4
1284360 1850.1
1284370 1850.0
1284380 1850.0
1284390 1848.4
1284400 1844.1
1284410 1844.1
1284420 1841.1
1284430 1838.6
1284440 1838.6
1284450 1836.8
1284460 1836.4
1284470 1836.4
1284480 1835.2
1284490 1835.4
1284500 1835.4
1284510 1833.3
1284520 1828.9
1284530 1828.9
1284540 1824.5
1284550 1820.6
1284560 1818.3
1284570 1818.3
1284580 1822.2
1284590 1828.0
1284600 1828.0
1284610 1833.0
1284620 1836.8
1284630 1836.8
1284640 1839.3
1284650 1842.1
1284660 1842.1
1284670 1846.1
1284680 1850.2
1284690 1850.2
1284700 1849.0
1284710 1853.3
1284720 1853.3
1284730 1857.9
1284740 1863.0
1284750 1863.0
1284760 1868.3
1284770 1873.6
1284780 1878.9
1284790 1878.9
1284800 1883.9
1284810 1889.0
1284820 1889.0
1284830 1894.0
1284840 1899.0
1284850 1899.0
1284860 1904.1
1284870 1909.0
1284880 1909.0
1284890 1913.9
1284900 1918.9
1284910 1918.9
1284920 1923.8
1284930 1928.6
1284940 1928.6
1284950 1933.4
1284960 1937.9
1284970 1942.3
1284980 1942.3
1284990 1947.0
1285000 1951.8
1285010 1951.8
1285020 1956.5
1285030 1961.3
1285040 1961.3
1285050 1966.4
1285060 1971.8
1285070 1971.8
1285080 1977.6
1285090 1983.9
1285100 1983.9
1285110 1990.1
1285120 1995.8
1285130 1995.8
1285140 2001.7
1285150 2008.0
1285160 2008.0
1285170 2014.2
1285180 2019.9
1285190 2025.0
1285200 2025.0
1285210 2029.9
1285220 2034.9
1285230 2034.9
1285240 2039.9
1285250 2044.7
1285260 2044.7
1285270 2048.6
1285280 2050.9
1285290 2050.9
1285300 2051.8
1285310 2051.7
1285320 2051.7
1285330 2048.4
1285340 2033.3
1285350 2033.3
1285360 2025.9
1285370 2017.7
1285380 2017.7
1285390 2002.5
1285400 1986.0
1285410 1956.5
1285420 1956.5
1285430 1938.0
1285440 1939.1
1285450 1939.1
1285460 1945.2
1285470 1951.8
1285480 1951.8
1285490 1953.4
1285500 1943.4
1285510 1943.4
1285520 1940.1
1285530 1940.1
1285540 1940.1
1285550 1938.2
1285560 1940.7
1285570 1940.7
1285580 1947.7
1285590 1953.8
1285600 1953.8
1285610 1944.1
1285620 1932.0
1285630 1933.7
1285640 1933.7
1285650 1943.5
1285660 1955.6
1285670 1955.6
1285680 1970.0
1285690 1981.6
1285700 1981.6
1285710 1993.2
1285720 2002.6
1285730 2002.6
1285740 2011.4
1285750 2021.2
1285760 2021.2
1285770 2029.2
1285780 2033.1
1285790 2033.1
1285800 2027.0
1285810 2013.3
1285820 2013.3
1285830 1995.1
1285840 1981.6
1285850 1972.0
1285860 1972.0
1285870 1967.4
1285880 1965.5
1285890 1965.5
1285900 1970.6
1285910 1979.4
1285920 1979.4
1285930 1988.1
1285940 1996.2
1285950 1996.2
1285960 2004.7
1285970 2015.6
1285980 2015.6
1285990 2023.6
1286000 2030.9
1286010 2030.9
1286020 2038.1
1286030 2045.6
1286040 2045.6
1286050 2053.7
1286060 2061.8
1286070 2069.3
1286080 2069.3
1286090 2076.8
1286100 2084.4
1286110 2084.4
1286120 2092.1
1286130 2097.5
1286140 2097.5
1286150 2096.2
1286160 2095.9
1286170 2095.9
1286180 2099.4
1286190 2105.4
1286200 2105.4
1286210 2107.1
1286220 2111.1
1286230 2111.1
1286240 2119.6
1286250 2128.7
1286260 2134.3
1286270 2134.3
1286280 2136.4
1286290 2142.8
1286300 2142.8
1286310 2149.1
1286320 2153.7
1286330 2153.7
1286340 2158.5
1286350 2154.1
1286360 2154.1
1286370 2145.9
1286380 2139.9
1286390 2139.9
1286400 2134.5
1286410 2133.7
1286420 2133.7
1286430 2137.1
1286440 2140.5
1286450 2140.5
1286460 2139.7
1286470 2136.8
1286480 2129.2
1286490 2129.2
1286500 2135.2
1286510 2146.0
1286520 2146.0
1286530 2159.6
1286540 2170.6
1286550 2170.6
1286560 2178.5
1286570 2187.4
1286580 2187.4
1286590 2195.8
1286600 2204.8
1286610 2204.4
1286620 2211.5
1286630 2216.4
1286640 2216.4
1286650 2220.6
1286660 2220.8
1286670 2220.8
1286680 2219.5
1286690 2219.4
1286700 2217.9
1286710 2217.9
1286720 2218.2
1286730 2219.7
1286740 2219.7
1286750 2221.0
1286760 2223.9
1286770 2223.9
1286780 2227.9
1286790 2232.7
1286800 2232.7
1286810 2236.7
1286820 2240.5
1286830 2240.5
1286840 2244.3
1286850 2247.1
1286860 2247.1
1286870 2249.2
1286880 2250.0
1286890 2250.0
1286900 2249.8
1286910 2249.2
1286920 2248.9
1286930 2248.9
1286940 2249.2
1286950 2250.4
1286960 2250.4
1286970 2251.9
1286980 2253.1
1286990 2253.1
1287000 2253.7
1287010 2254.3
1287020 2254.3
1287030 2254.9
1287040 2255.8
1287050 2255.8
1287060 2257.3
1287070 2258.8
1287080 2258.8
1287090 2260.2
1287100 2262.1
1287110 2262.1
1287120 2264.1
1287130 2266.0
1287140 2268.2
1287150 2268.2
1287160 2270.4
1287170 2272.6
1287180 2272.6
1287190 2274.8
1287200 2276.5
1287210 2276.5
1287220 2278.0
1287230 2279.0
1287240 2279.0
1287250 2275.5
1287260 2273.2
1287270 2273.2
1287280 2267.4
1287290 2266.0
1287300 2266.0
1287310 2263.1
1287320 2263.7
1287330 2263.7
1287340 2265.8
1287350 2264.8
1287360 2262.6
1287370 2262.6
1287380 2260.5
1287390 2258.7
1287400 2258.7
1287410 2257.0
1287420 2255.6
1287430 2255.6
1287440 2254.7
1287450 2254.2
1287460 2254.2
1287470 2253.5
1287480 2253.2
1287490 2253.2
1287500 2253.3
1287510 2255.4
1287520 2255.4
1287530 2258.5
1287540 2261.4
1287550 2264.8
1287560 2264.8
1287570 2268.3
1287580 2271.8
1287590 2271.8
1287600 2275.6
1287610 2279.7
1287620 2279.7
1287630 2284.0
1287640 2288.6
1287650 2288.6
1287660 2292.8
1287670 2297.1
1287680 2297.1
1287690 2301.6
1287700 2306.0
1287710 2306.0
1287720 2310.3
1287730 2314.9
1287740 2314.9
1287750 2319.2
1287760 2323.7
1287770 2328.1
1287780 2328.1
1287790 2332.3
1287800 2336.8
1287810 2336.8
1287820 2340.9
1287830 2344.9
1287840 2344.9
1287850 2348.8
1287860 2352.7
1287870 2352.7
1287880 2356.7
1287890 2360.5
1287900 2359.3
1287910 2362.6
1287920 2365.1
1287930 2365.1
1287940 2358.6
1287950 2349.3
1287960 2349.3
1287970 2341.6
1287980 2338.2
1287990 2340.9
1288000 2340.9
1288010 2344.2
1288020 2346.0
1288030 2346.0
1288040 2348.5
1288050 2353.0
1288060 2353.0
1288070 2358.6
1288080 2363.5
1288090 2363.5
1288100 2365.5
1288110 2368.2
1288120 2368.2
1288130 2364.9
1288140 2363.0
1288150 2363.0
1288160 2365.6
1288170 2368.8
1288180 2368.8
1288190 2370.2
1288200 2371.5
1288210 2374.9
1288220 2374.9
1288230 2379.1
1288240 2382.8
1288250 2382.8
1288260 2385.7
1288270 2388.7
1288280 2388.7
1288290 2392.0
1288300 2395.1
1288310 2395.1
1288320 2397.1
1288330 2396.7
1288340 2396.7
1288350 2394.1
1288360 2389.5
1288370 2389.5
1288380 2382.6
1288390 2375.4
1288400 2375.4
1288410 2369.4
1288420 2364.9
1288430 2362.4
1288440 2362.4
1288450 2360.7
1288460 2361.7
1288470 2361.7
1288480 2364.0
1288490 2366.2
1288500 2366.2
1288510 2365.6
1288520 2363.1
1288530 2363.1
1288540 2353.6
1288550 2347.5
1288560 2347.5
1288570 2342.0
1288580 2335.5
1288590 2335.5
1288600 2326.7
1288610 2317.0
1288620 2317.0
1288630 2306.5
1288640 2296.0
1288650 2288.8
1288660 2288.8
1288670 2285.6
1288680 2287.6
1288690 2287.6
1288700 2289.8
1288710 2282.2
1288720 2282.2
1288730 2267.5
1288740 2256.2
1288750 2256.2
1288760 2254.9
1288770 2257.4
1288780 2257.4
1288790 2262.8
1288800 2265.8
1288810 2265.8
1288820 2261.8
1288830 2257.3
1288840 2253.6
1288850 2253.6
1288860 2245.0
1288870 2230.5
1288880 2230.5
1288890 2210.0
1288900 2194.6
1288910 2194.6
1288920 2188.0
1288930 2184.7
1288940 2184.7
1288950 2179.9
1288960 2178.0
1288970 2178.0
1288980 2180.0
1288990 2178.8
1289000 2178.8
1289010 2171.5
1289020 2165.2
1289030 2165.2
1289040 2160.6
1289050 2156.4
1289060 2151.2
1289070 2151.2
1289080 2144.7
1289090 2136.8
1289100 2136.8
1289110 2131.0
1289120 2127.8
1289130 2127.8
1289140 2124.7
1289150 2119.0
1289160 2119.0
1289170 2109.5
1289180 2101.7
1289190 2097.8
1289200 2092.5
1289210 2092.6
1289220 2092.6
1289230 2092.8
1289240 2093.2
1289250 2093.2
1289260 2091.2
1289270 2087.1
1289280 2083.9
1289290 2083.9
1289300 2081.4
1289310 2077.7
1289320 2077.7
1289330 2071.3
1289340 2063.9
1289350 2063.9
1289360 2060.4
1289370 2058.3
1289380 2058.3
1289390 2055.9
1289400 2053.7
1289410 2053.7
1289420 2050.9
1289430 2048.2
1289440 2048.2
1289450 2045.7
1289460 2040.7
1289470 2040.7
1289480 2037.2
1289490 2039.4
1289500 2040.1
1289510 2040.1
1289520 2039.8
1289530 2038.8
1289540 2038.8
1289550 2038.3
1289560 2037.2
1289570 2037.2
1289580 2036.0
1289590 2034.4
1289600 2034.4
1289610 2032.5
1289620 2030.8
1289630 2030.8
1289640 2030.1
1289650 2029.2
1289660 2029.2
1289670 2027.3
1289680 2023.9
1289690 2023.9
1289700 2021.8
1289710 2023.6
1289720 2025.7
1289730 2025.7
1289740 2024.4
1289750 2023.9
1289760 2023.9
1289770 2028.8
1289780 2029.6
1289790 2029.6
1289800 2027.9
1289810 2028.0
1289820 2028.0
1289830 2028.1
1289840 2022.4
1289850 2022.4
1289860 2021.3
1289870 2019.1
1289880 2019.1
1289890 2015.5
1289900 2013.6
1289910 2013.6
1289920 2010.8
1289930 2009.7
1289940 2010.4
1289950 2010.4
1289960 2010.0
1289970 2007.8
1289980 2007.8
1289990 2008.1
1290000 2008.9
1290010 2008.9
1290020 2009.2
1290030 2008.7
1290040 2008.7
1290050 2007.8
1290060 2007.1
1290070 2007.1
1290080 2004.8
1290090 2000.7
1290100 2000.7
1290110 1998.5
1290120 1998.0
1290130 1995.2
1290140 1995.2
1290150 1988.1
1290160 1983.3
1290170 1983.3
1290180 1984.7
1290190 1989.3
1290200 1989.3
1290210 1993.9
1290220 1998.3
1290230 1998.3
1290240 2002.2
1290250 2006.3
1290260 2006.3
1290270 2011.9
1290280 2017.5
1290290 2017.5
1290300 2022.5
1290310 2027.1
1290320 2027.1
1290330 2032.1
1290340 2037.1
1290350 2041.7
1290360 2041.7
1290370 2045.6
1290380 2049.0
1290390 2049.0
1290400 2052.1
1290410 2054.7
1290420 2054.7
1290430 2056.4
1290440 2057.7
1290450 2057.7
1290460 2058.5
1290470 2059.6
1290480 2059.6
1290490 2054.0
1290500 2054.5
1290510 2054.5
1290520 2053.6
1290530 2051.2
1290540 2051.2
1290550 2049.2
1290560 2047.9
1290570 2046.9
1290580 2046.9
1290590 2046.5
1290600 2047.1
1290610 2047.1
1290620 2048.4
1290630 2050.2
1290640 2050.2
1290650 2052.5
1290660 2055.1
1290670 2055.1
1290680 2056.0
1290690 2056.2
1290700 2056.2
1290710 2054.3
1290720 2051.6
1290730 2051.6
1290740 2048.2
1290750 2043.1
1290760 2043.1
1290770 2037.1
1290780 2031.1
1290790 2024.6
1290800 2024.6
1290810 2015.1
1290820 2009.4
1290830 2009.4
1290840 2012.0
1290850 2017.3
1290860 2017.3
1290870 2019.9
1290880 2022.0
1290890 2022.0
1290900 2024.1
1290910 2026.6
1290920 2026.6
1290930 2029.2
1290940 2031.3
1290950 2031.3
1290960 2032.8
1290970 2033.0
1290980 2033.0
1290990 2032.1
1291000 2029.4
1291010 2025.1
1291020 2025.1
1291030 2021.3
1291040 2017.6
1291050 2017.6
1291060 2015.5
1291070 2015.3
1291080 2015.3
1291090 2015.7
1291100 2018.0
1291110 2018.0
1291120 2021.5
1291130 2025.3
1291140 2019.9
1291150 2023.7
1291160 2027.0
1291170 2027.0
1291180 2029.5
1291190 2031.1
1291200 2032.2
1291210 2032.2
1291220 2032.5
1291230 2032.5
1291240 2032.5
1291250 2031.9
1291260 2030.8
1291270 2030.8
1291280 2030.2
1291290 2029.8
1291300 2029.8
1291310 2030.0
1291320 2032.3
1291330 2032.3
1291340 2036.8
1291350 2042.6
1291360 2042.6
1291370 2048.1
1291380 2053.6
1291390 2053.6
1291400 2059.3
1291410 2064.6
1291420 2069.0
1291430 2069.0
1291440 2071.6
1291450 2071.4
1291460 2071.4
1291470 2069.1
1291480 2066.7
1291490 2066.7
1291500 2064.1
1291510 2061.5
1291520 2061.5
1291530 2057.7
1291540 2053.3
1291550 2053.3
1291560 2049.5
1291570 2045.4
1291580 2045.4
1291590 2041.2
1291600 2038.0
1291610 2038.0
1291620 2038.2
1291630 2041.1
1291640 2045.4
1291650 2045.4
1291660 2049.7
1291670 2054.7
1291680 2054.7
1291690 2059.8
1291700 2065.0
1291710 2065.0
1291720 2070.2
1291730 2075.4
1291740 2075.4
1291750 2080.9
1291760 2086.9
1291770 2086.9
1291780 2093.3
1291790 2100.2
1291800 2097.9
1291810 2103.9
1291820 2110.1
1291830 2110.1
1291840 2117.0
1291850 2123.7
1291860 2129.7
1291870 2129.7
1291880 2130.8
1291890 2127.9
1291900 2127.9
1291910 2128.3
1291920 2128.3
1291930 2128.3
1291940 2128.3
1291950 2127.2
1291960 2127.2
1291970 2125.4
1291980 2118.5
1291990 2118.5
1292000 2112.8
1292010 2116.4
1292020 2116.4
1292030 2120.4
1292040 2123.1
1292050 2123.1
1292060 2126.2
1292070 2133.1
1292080 2143.4
1292090 2143.4
1292100 2152.2
1292110 2159.7
1292120 2159.7
1292130 2167.5
1292140 2175.4
1292150 2175.4
1292160 2183.4
1292170 2191.3
1292180 2191.3
1292190 2199.4
1292200 2207.8
1292210 2207.8
1292220 2216.1
1292230 2224.3
1292240 2224.3
1292250 2231.4
1292260 2239.0
1292270 2239.0
1292280 2247.2
1292290 2255.5
1292300 2261.5
1292310 2261.5
1292320 2262.5
1292330 2263.1
1292340 2263.1
1292350 2266.5
1292360 2269.8
1292370 2269.8
1292380 2272.7
1292390 2276.2
1292400 2276.2
1292410 2282.0
1292420 2286.6
1292430 2286.6
1292440 2291.1
1292450 2295.8
1292460 2289.5
1292470 2289.6
1292480 2284.3
1292490 2285.1
1292500 2285.1
1292510 2289.5
1292520 2295.2
1292530 2295.2
1292540 2298.8
1292550 2297.9
1292560 2297.9
1292570 2288.5
1292580 2276.5
1292590 2276.5
1292600 2266.0
1292610 2264.3
1292620 2264.3
1292630 2262.3
1292640 2255.5
1292650 2255.5
1292660 2242.4
1292670 2232.1
1292680 2232.1
1292690 2215.4
1292700 2205.0
1292710 2202.5
1292720 2202.5
1292730 2197.9
1292740 2193.5
1292750 2193.5
1292760 2189.2
1292770 2188.9
1292780 2188.9
1292790 2189.6
1292800 2187.1
1292810 2187.1
1292820 2185.2
1292830 2183.5
1292840 2183.5
1292850 2182.3
1292860 2182.3
1292870 2182.3
1292880 2181.9
1292890 2182.5
1292900 2182.5
1292910 2183.5
1292920 2184.5
1292930 2185.3
1292940 2185.3
1292950 2186.2
1292960 2186.8
1292970 2186.8
1292980 2187.7
1292990 2189.2
1293000 2189.2
1293010 2190.4
1293020 2191.4
1293030 2191.4
1293040 2191.5
1293050 2191.4
1293060 2191.4
1293070 2191.4
1293080 2192.1
1293090 2192.1
1293100 2193.2
1293110 2195.0
1293120 2191.8
1293130 2193.6
1293140 2195.3
1293150 2196.1
1293160 2196.1
1293170 2197.1
1293180 2199.1
1293190 2199.1
1293200 2200.6
1293210 2202.0
1293220 2202.0
1293230 2204.1
1293240 2206.6
1293250 2206.6
1293260 2208.8
1293270 2211.2
1293280 2211.2
1293290 2213.6
1293300 2216.8
1293310 2216.8
1293320 2220.3
1293330 2223.7
1293340 2223.7
1293350 2228.2
1293360 2232.2
1293370 2234.6
1293380 2234.6
1293390 2237.6
1293400 2241.9
1293410 2241.9
1293420 2246.1
1293430 2249.8
1293440 2249.8
1293450 2252.6
1293460 2254.9
1293470 2254.9
1293480 2257.7
1293490 2259.6
1293500 2259.6
1293510 2261.2
1293520 2262.6
1293530 2262.6
1293540 2263.5
1293550 2265.6
1293560 2267.7
1293570 2267.7
1293580 2270.1
1293590 2272.6
1293600 2272.6
1293610 2274.6
1293620 2276.6
1293630 2276.6
1293640 2278.9
1293650 2280.5
1293660 2280.5
1293670 2282.0
1293680 2284.3
1293690 2284.3
1293700 2286.4
1293710 2288.7
1293720 2288.7
1293730 2289.9
1293740 2291.3
1293750 2291.3
1293760 2293.8
1293770 2296.8
1293780 2300.2
1293790 2300.2
1293800 2304.0
1293810 2308.2
1293820 2308.2
1293830 2311.6
1293840 2313.9
1293850 2313.9
1293860 2316.2
1293870 2319.7
1293880 2319.7
1293890 2323.5
1293900 2326.3
1293910 2326.3
1293920 2329.7
1293930 2333.0
1293940 2333.0
1293950 2335.7
1293960 2338.5
1293970 2338.5
1293980 2341.2
1293990 2343.8
1294000 2346.6
1294010 2346.6
1294020 2349.7
1294030 2352.0
1294040 2352.0
1294050 2355.0
1294060 2357.9
1294070 2357.9
1294080 2361.4
1294090 2365.0
1294100 2365.0
1294110 2368.0
1294120 2370.3
1294130 2370.3
1294140 2372.3
1294150 2374.5
1294160 2374.5
1294170 2377.5
1294180 2380.8
1294190 2380.8
1294200 2384.2
1294210 2387.3
1294220 2390.0
1294230 2390.0
1294240 2393.3
1294250 2397.2
1294260 2397.2
1294270 2399.9
1294280 2402.2
1294290 2402.2
1294300 2405.4
1294310 2409.8
1294320 2409.8
1294330 2414.3
1294340 2418.6
1294350 2418.6
1294360 2423.1
1294370 2427.9
1294380 2427.9
1294390 2432.1
1294400 2436.0
1294410 2436.0
1294420 2439.3
1294430 2441.7
1294440 2443.4
1294450 2444.6
1294460 2446.5
1294470 2447.9
1294480 2447.9
1294490 2448.5
1294500 2448.4
1294510 2448.4
1294520 2448.9
1294530 2449.7
1294540 2449.7
1294550 2451.5
1294560 2454.6
1294570 2454.6
1294580 2457.8
1294590 2459.9
1294600 2459.9
1294610 2463.0
1294620 2467.7
1294630 2467.7
1294640 2473.2
1294650 2479.4
1294660 2486.1
1294670 2486.1
1294680 2492.9
1294690 2500.2
1294700 2500.2
1294710 2506.8
1294720 2512.3
1294730 2512.3
1294740 2516.3
1294750 2520.4
1294760 2520.4
1294770 2525.8
1294780 2531.4
1294790 2531.4
1294800 2535.8
1294810 2539.2
1294820 2539.2
1294830 2542.3
1294840 2545.3
1294850 2547.6
1294860 2547.6
1294870 2550.0
1294880 2552.6
1294890 2552.6
1294900 2555.3
1294910 2557.7
1294920 2557.7
1294930 2560.2
1294940 2562.8
1294950 2562.8
1294960 2565.4
1294970 2568.8
1294980 2568.8
1294990 2572.6
1295000 2576.4
1295010 2576.4
1295020 2580.1
1295030 2583.0
1295040 2583.0
1295050 2586.7
1295060 2592.5
1295070 2599.0
1295080 2599.0
1295090 2604.0
1295100 2609.1
1295110 2609.1
1295120 2610.6
1295130 2613.3
1295140 2613.3
1295150 2617.5
1295160 2623.6
1295170 2623.6
1295180 2628.1
1295190 2631.7
1295200 2631.7
1295210 2636.3
1295220 2641.2
1295230 2641.2
1295240 2645.2
1295250 2648.0
1295260 2648.0
1295270 2650.8
1295280 2653.6
1295290 2656.0
1295300 2656.0
1295310 2659.2
1295320 2662.4
1295330 2662.4
1295340 2665.7
1295350 2668.2
1295360 2668.2
1295370 2670.9
1295380 2673.1
1295390 2673.1
1295400 2674.5
1295410 2676.1
1295420 2676.1
1295430 2678.0
1295440 2681.1
1295450 2681.1
1295460 2685.9
1295470 2691.0
1295480 2691.0
1295490 2696.4
1295500 2702.0
1295510 2708.4
1295520 2708.4
1295530 2715.3
1295540 2720.7
1295550 2720.7
1295560 2723.9
1295570 2725.9
1295580 2725.9
1295590 2726.4
1295600 2726.0
1295610 2726.0
1295620 2725.0
1295630 2725.0
1295640 2725.0
1295650 2724.9
1295660 2723.4
1295670 2723.4
1295680 2723.2
1295690 2722.7
1295700 2722.7
1295710 2721.0
1295720 2720.4
1295730 2721.9
1295740 2721.9
1295750 2723.9
1295760 2726.0
1295770 2726.0
1295780 2727.8
1295790 2727.7
1295800 2727.7
1295810 2729.3
1295820 2731.6
1295830 2731.6
1295840 2733.8
1295850 2735.5
1295860 2735.5
1295870 2736.9
1295880 2738.3
1295890 2738.3
1295900 2739.9
1295910 2741.3
1295920 2742.5
1295930 2742.5
1295940 2743.5
1295950 2744.6
1295960 2744.6
1295970 2746.2
1295980 2748.3
1295990 2748.3
1296000 2750.8
1296010 2753.4
1296020 2753.4
1296030 2756.5
1296040 2762.3
1296050 2762.3
1296060 2770.6
1296070 2777.1
1296080 2777.1
1296090 2780.8
1296100 2786.9
1296110 2786.9
1296120 2793.0
1296130 2797.3
1296140 2800.7
1296150 2800.7
1296160 2802.5
1296170 2804.0
1296180 2804.0
1296190 2806.1
1296200 2807.5
1296210 2807.5
1296220 2808.9
1296230 2810.2
1296240 2810.2
1296250 2812.0
1296260 2814.7
1296270 2814.7
1296280 2817.6
1296290 2820.6
1296300 2820.6
1296310 2823.6
1296320 2826.6
1296330 2826.6
1296340 2829.7
1296350 2833.0
1296360 2836.2
1296370 2836.2
1296380 2839.4
1296390 2842.7
1296400 2842.7
1296410 2845.9
1296420 2849.0
1296430 2849.0
1296440 2852.2
1296450 2855.4
1296460 2854.9
1296470 2858.3
1296480 2861.4
1296490 2861.4
1296500 2864.7
1296510 2868.2
1296520 2868.2
1296530 2872.0
1296540 2876.0
1296550 2876.0
1296560 2880.3
1296570 2885.1
1296580 2889.9
1296590 2889.9
1296600 2894.9
1296610 2900.2
1296620 2900.2
1296630 2906.0
1296640 2912.0
1296650 2912.0
1296660 2918.1
1296670 2924.5
1296680 2924.5
1296690 2930.8
1296700 2937.0
1296710 2937.0
1296720 2943.2
1296730 2948.9
1296740 2948.9
1296750 2954.0
1296760 2959.3
1296770 2959.3
1296780 2964.3
1296790 2968.9
1296800 2973.8
1296810 2973.8
1296820 2979.4
1296830 2985.4
1296840 2985.4
1296850 2992.1
1296860 2998.0
1296870 2998.0
1296880 3003.3
1296890 3007.9
1296900 3007.9
1296910 3012.0
1296920 3018.2
1296930 3018.2
1296940 3025.4
1296950 3030.7
1296960 3030.7
1296970 3035.4
1296980 3041.2
1296990 3041.2
1297000 3045.3
1297010 3049.1
1297020 3053.9
1297030 3053.9
1297040 3059.0
1297050 3064.5
1297060 3064.5
1297070 3069.9
1297080 3075.2
1297090 3075.2
1297100 3081.3
1297110 3088.0
1297120 3088.0
1297130 3091.5
1297140 3099.5
1297150 3099.5
1297160 3105.1
1297170 3109.3
1297180 3109.3
1297190 3115.4
1297200 3120.3
1297210 3124.4
1297220 3124.4
1297230 3128.4
1297240 3132.6
1297250 3132.6
1297260 3137.6
1297270 3143.3
1297280 3143.3
1297290 3150.4
1297300 3158.1
1297310 3158.1
1297320 3165.8
1297330 3173.5
1297340 3173.5
1297350 3181.6
1297360 3190.0
1297370 3190.0
1297380 3198.5
1297390 3207.0
1297400 3207.0
1297410 3216.0
1297420 3227.6
1297430 3246.8
1297440 3246.8
1297450 3263.9
1297460 3275.5
1297470 3275.5
1297480 3287.2
1297490 3303.0
1297500 3303.0
1297510 3321.1
1297520 3333.1
1297530 3333.1
1297540 3342.8
1297550 3353.2
1297560 3353.2
1297570 3363.5
1297580 3374.1
1297590 3374.1
1297600 3385.6
1297610 3396.3
1297620 3396.3
1297630 3405.6
1297640 3415.0
1297650 3426.3
1297660 3426.3
1297670 3434.6
1297680 3443.0
1297690 3443.0
1297700 3452.8
1297710 3459.0
1297720 3459.0
1297730 3458.3
1297740 3452.4
1297750 3452.4
1297760 3442.7
1297770 3431.1
1297780 3431.1
1297790 3420.8
1297800 3411.6
1297810 3401.5
1297820 3393.9
1297830 3384.2
1297840 3384.2
1297850 3369.6
1297860 3360.8
1297870 3352.2
1297880 3352.2
1297890 3346.7
1297900 3342.4
1297910 3342.4
1297920 3337.8
1297930 3335.5
1297940 3335.5
1297950 3333.5
1297960 3330.3
1297970 3330.3
1297980 3324.9
1297990 3320.2
1298000 3320.2
1298010 3315.9
1298020 3312.7
1298030 3312.7
1298040 3310.3
1298050 3306.8
1298060 3306.8
1298070 3303.9
1298080 3302.6
1298090 3304.0
1298100 3304.0
1298110 3309.1
1298120 3316.1
1298130 3316.1
1298140 3321.8
1298150 3321.4
1298160 3321.4
1298170 3320.0
1298180 3318.8
1298190 3318.8
1298200 3317.6
1298210 3315.9
1298220 3315.9
1298230 3314.6
1298240 3313.2
1298250 3313.2
1298260 3311.6
1298270 3309.7
1298280 3307.4
1298290 3307.4
1298300 3304.6
1298310 3301.4
1298320 3301.4
1298330 3297.8
1298340 3293.9
1298350 3293.9
1298360 3289.8
1298370 3285.3
1298380 3285.3
1298390 3280.3
1298400 3275.3
1298410 3275.3
1298420 3270.2
1298430 3265.4
1298440 3265.4
1298450 3260.8
1298460 3256.3
1298470 3256.3
1298480 3252.2
1298490 3247.5
1298500 3242.5
1298510 3242.5
1298520 3236.9
1298530 3230.5
1298540 3230.5
1298550 3223.4
1298560 3217.2
1298570 3217.2
1298580 3211.3
1298590 3203.9
1298600 3203.9
1298610 3194.6
1298620 3186.1
1298630 3186.1
1298640 3170.1
1298650 3152.7
1298660 3152.7
1298670 3141.6
1298680 3127.9
1298690 3127.9
1298700 3118.2
1298710 3110.9
1298720 3102.0
1298730 3102.0
1298740 3095.1
1298750 3088.7
1298760 3088.7
1298770 3082.5
1298780 3076.5
1298790 3076.5
1298800 3070.8
1298810 3065.1
1298820 3065.1
1298830 3059.8
1298840 3054.5
1298850 3054.5
1298860 3049.5
1298870 3044.6
1298880 3044.6
1298890 3039.8
1298900 3035.1
1298910 3035.1
1298920 3030.4
1298930 3025.5
1298940 3020.8
1298950 3020.8
1298960 3015.9
1298970 3011.0
1298980 3011.0
1298990 3006.1
1299000 3001.4
1299010 3001.4
1299020 2996.7
1299030 2992.0
1299040 2992.0
1299050 2987.6
1299060 2983.4
1299070 2983.4
1299080 2979.0
1299090 2974.5
1299100 2974.5
1299110 2970.1
1299120 2965.4
1299130 2965.4
1299140 2960.1
1299150 2954.2
1299160 2947.8
1299170 2945.3
1299180 2938.6
1299190 2931.5
1299200 2931.5
1299210 2925.0
1299220 2919.4
1299230 2919.4
1299240 2913.7
1299250 2906.8
1299260 2906.8
1299270 2899.6
1299280 2893.5
1299290 2893.5
1299300 2886.3
1299310 2874.6
1299320 2874.6
1299330 2864.3
1299340 2857.6
1299350 2857.6
1299360 2852.2
1299370 2847.3
1299380 2843.1
1299390 2843.1
1299400 2839.7
1299410 2837.2
1299420 2837.2
1299430 2835.8
1299440 2834.9
1299450 2834.9
1299460 2834.3
1299470 2834.4
1299480 2834.4
1299490 2834.4
1299500 2834.4
1299510 2834.4
1299520 2834.3
1299530 2834.1
1299540 2834.1
1299550 2833.9
1299560 2833.7
1299570 2833.7
1299580 2833.7
1299590 2833.5
1299600 2833.2
1299610 2833.2
1299620 2832.8
1299630 2832.3
1299640 2832.3
1299650 2831.5
1299660 2830.6
1299670 2830.6
1299680 2829.4
1299690 2828.1
1299700 2828.1
1299710 2826.7
1299720 2825.1
1299730 2825.1
1299740 2823.3
1299750 2821.3
1299760 2821.3
1299770 2819.1
1299780 2816.6
1299790 2814.0
1299800 2814.0
1299810 2811.7
1299820 2811.0
1299830 2811.0
1299840 2812.7
1299850 2814.9
1299860 2809.9
1299870 2811.4
1299880 2812.1
1299890 2812.1
1299900 2811.5
1299910 2810.0
1299920 2810.0
1299930 2808.5
1299940 2807.2
1299950 2807.2
1299960 2806.1
1299970 2804.7
1299980 2804.7
1299990 2804.4
