1280000 1692.1
1280010 1696.8
1280020 1696.8
1280030 1702.2
1280040 1708.4
1280050 1708.4
1280060 1713.9
1280070 1719.2
1280080 1719.2
1280090 1724.9
1280100 1730.3
1280110 1730.3
1280120 1736.0
1280130 1742.4
1280140 1742.4
1280150 1748.7
1280160 1755.0
1280170 1761.2
1280180 1761.2
1280190 1766.8
1280200 1772.6
1280210 1772.6
1280220 1778.3
1280230 1783.9
1280240 1783.9
1280250 1789.5
1280260 1795.0
1280270 1795.0
1280280 1800.4
1280290 1805.6
1280300 1805.6
1280310 1811.2
1280320 1816.4
1280330 1816.4
1280340 1821.5
1280350 1826.2
1280360 1830.6
1280370 1830.6
1280380 1834.8
1280390 1838.3
1280400 1838.3
1280410 1839.8
1280420 1838.1
1280430 1838.1
1280440 1835.0
1280450 1830.1
1280460 1830.1
1280470 1819.2
1280480 1796.3
1280490 1796.3
1280500 1764.2
1280510 1746.3
1280520 1746.3
1280530 1735.4
1280540 1728.1
1280550 1728.1
1280560 1725.8
1280570 1725.2
1280580 1726.1
1280590 1726.1
1280600 1727.1
1280610 1728.2
1280620 1728.2
1280630 1707.4
1280640 1692.8
1280650 1692.8
1280660 1688.4
1280670 1680.9
1280680 1680.9
1280690 1672.8
1280700 1663.3
1280710 1663.3
1280720 1647.0
1280730 1630.1
1280740 1630.1
1280750 1621.2
1280760 1620.2
1280770 1620.2
1280780 1623.4
1280790 1622.1
1280800 1614.2
1280810 1614.2
1280820 1596.9
1280830 1579.3
1280840 1579.3
1280850 1575.9
1280860 1567.0
1280870 1567.0
1280880 1558.7
1280890 1547.7
1280900 1547.7
1280910 1539.3
1280920 1532.4
1280930 1532.4
1280940 1522.0
1280950 1513.9
1280960 1513.9
1280970 1506.8
1280980 1500.7
1280990 1500.7
1281000 1496.5
1281010 1494.7
1281020 1493.5
1281030 1493.5
1281040 1490.6
1281050 1482.9
1281060 1482.9
1281070 1472.0
1281080 1462.6
1281090 1462.6
1281100 1457.5
1281110 1452.9
1281120 1452.9
1281130 1446.2
1281140 1440.8
1281150 1440.8
1281160 1434.9
1281170 1428.4
1281180 1428.4
1281190 1422.5
1281200 1416.5
1281210 1416.5
1281220 1410.7
1281230 1406.0
1281240 1401.9
1281250 1401.9
1281260 1398.2
1281270 1393.4
1281280 1400.3
1281290 1395.2
1281300 1388.7
1281310 1388.7
1281320 1381.8
1281330 1377.5
1281340 1377.5
1281350 1372.1
1281360 1365.7
1281370 1365.7
1281380 1359.9
1281390 1354.5
1281400 1354.5
1281410 1350.2
1281420 1345.6
1281430 1345.6
1281440 1339.6
1281450 1334.3
1281460 1331.6
1281470 1331.6
1281480 1327.1
1281490 1320.8
1281500 1320.8
1281510 1315.3
1281520 1312.0
1281530 1312.0
1281540 1308.2
1281550 1303.6
1281560 1303.6
1281570 1299.8
1281580 1296.2
1281590 1296.2
1281600 1292.6
1281610 1289.5
1281620 1289.5
1281630 1286.4
1281640 1284.2
1281650 1282.6
1281660 1282.6
1281670 1281.0
1281680 1279.6
1281690 1279.6
1281700 1278.5
1281710 1277.4
1281720 1277.4
1281730 1276.3
1281740 1274.9
1281750 1274.9
1281760 1273.5
1281770 1272.5
1281780 1272.5
1281790 1271.4
1281800 1270.0
1281810 1270.0
1281820 1268.7
1281830 1267.2
1281840 1267.2
1281850 1265.6
1281860 1264.2
1281870 1262.8
1281880 1262.8
1281890 1261.5
1281900 1263.2
1281910 1263.2
1281920 1262.2
1281930 1261.3
1281940 1261.3
1281950 1260.4
1281960 1259.2
1281970 1259.2
1281980 1257.6
1281990 1255.5
1282000 1255.5
1282010 1253.9
1282020 1252.3
1282030 1252.3
1282040 1250.7
1282050 1248.4
1282060 1248.4
1282070 1242.6
1282080 1235.0
1282090 1229.4
1282100 1229.4
1282110 1231.3
1282120 1236.9
1282130 1236.9
1282140 1242.9
1282150 1245.7
1282160 1245.7
1282170 1247.4
1282180 1249.2
1282190 1249.2
1282200 1250.8
1282210 1252.5
1282220 1252.5
1282230 1254.0
1282240 1255.5
1282250 1255.5
1282260 1257.0
1282270 1258.5
1282280 1258.5
1282290 1260.0
1282300 1261.3
1282310 1262.7
1282320 1262.7
1282330 1264.3
1282340 1265.9
1282350 1265.9
1282360 1267.2
1282370 1268.6
1282380 1268.6
1282390 1270.6
1282400 1273.5
1282410 1273.5
1282420 1275.0
1282430 1276.1
1282440 1276.1
1282450 1277.7
1282460 1278.7
1282470 1278.7
1282480 1278.8
1282490 1280.4
1282500 1280.4
1282510 1282.9
1282520 1285.2
1282530 1284.5
1282540 1284.5
1282550 1285.2
1282560 1285.5
1282570 1285.5
1282580 1285.1
1282590 1284.5
1282600 1284.5
1282610 1283.9
1282620 1283.8
1282630 1283.8
1282640 1284.3
1282650 1285.7
1282660 1285.7
1282670 1288.1
1282680 1291.3
1282690 1291.3
1282700 1295.7
1282710 1294.4
1282720 1294.4
1282730 1294.8
1282740 1299.4
1282750 1305.1
1282760 1305.1
1282770 1310.2
1282780 1315.2
1282790 1315.2
1282800 1320.7
1282810 1326.3
1282820 1326.3
1282830 1332.1
1282840 1337.9
1282850 1337.9
1282860 1344.4
1282870 1349.8
1282880 1349.8
1282890 1354.8
1282900 1358.6
1282910 1358.6
1282920 1361.2
1282930 1363.6
1282940 1370.3
1282950 1370.3
1282960 1378.1
1282970 1384.7
1282980 1384.7
1282990 1395.4
1283000 1409.7
1283010 1409.7
1283020 1423.3
1283030 1433.3
1283040 1433.3
1283050 1442.9
1283060 1451.7
1283070 1451.7
1283080 1459.8
1283090 1467.4
1283100 1467.4
1283110 1476.8
1283120 1485.2
1283130 1485.2
1283140 1492.6
1283150 1498.5
1283160 1491.8
1283170 1491.8
1283180 1495.4
1283190 1496.4
1283200 1496.4
1283210 1494.4
1283220 1485.8
1283230 1485.8
1283240 1472.7
1283250 1462.4
1283260 1462.4
1283270 1463.4
1283280 1466.7
1283290 1466.7
1283300 1474.4
1283310 1482.4
1283320 1482.4
1283330 1490.0
1283340 1497.1
1283350 1497.1
1283360 1505.5
1283370 1513.3
1283380 1521.7
1283390 1521.7
1283400 1529.7
1283410 1537.2
1283420 1537.2
1283430 1545.3
1283440 1553.7
1283450 1553.7
1283460 1561.7
1283470 1570.0
1283480 1570.0
1283490 1578.5
1283500 1586.6
1283510 1586.6
1283520 1594.6
1283530 1602.6
1283540 1602.6
1283550 1610.4
1283560 1618.1
1283570 1618.1
1283580 1626.2
1283590 1634.4
1283600 1642.1
1283610 1642.1
1283620 1650.9
1283630 1661.6
1283640 1661.6
1283650 1671.9
1283660 1681.5
1283670 1681.5
1283680 1696.0
1283690 1716.8
1283700 1716.8
1283710 1729.5
1283720 1738.3
1283730 1738.3
1283740 1734.7
1283750 1711.4
1283760 1711.4
1283770 1691.5
1283780 1675.9
1283790 1655.4
1283800 1643.6
1283810 1645.6
1283820 1650.8
1283830 1650.8
1283840 1655.3
1283850 1661.5
1283860 1661.5
1283870 1667.4
1283880 1673.6
1283890 1673.6
1283900 1680.2
1283910 1686.4
1283920 1686.4
1283930 1694.1
1283940 1702.9
1283950 1702.9
1283960 1711.8
1283970 1720.8
1283980 1720.8
1283990 1729.3
1284000 1737.9
1284010 1737.9
1284020 1746.3
1284030 1754.3
1284040 1762.5
1284050 1762.5
1284060 1771.0
1284070 1779.3
1284080 1779.3
1284090 1786.6
1284100 1792.9
1284110 1792.9
1284120 1797.9
1284130 1802.1
1284140 1802.1
1284150 1804.8
1284160 1803.6
1284170 1803.6
1284180 1798.1
1284190 1790.2
1284200 1790.2
1284210 1780.7
1284220 1771.9
1284230 1763.2
1284240 1763.2
1284250 1755.0
1284260 1746.7
1284270 1746.7
1284280 1738.2
1284290 1730.1
1284300 1730.1
1284310 1723.8
1284320 1717.1
1284330 1717.1
1284340 1709.6
1284350 1697.6
1284360 1697.6
1284370 1679.0
1284380 1667.1
1284390 1667.1
1284400 1664.2
1284410 1668.2
1284420 1658.7
1284430 1664.7
1284440 1670.9
1284450 1678.1
1284460 1678.1
1284470 1684.0
1284480 1689.3
1284490 1689.3
1284500 1695.9
1284510 1703.9
1284520 1703.9
1284530 1712.3
1284540 1719.9
1284550 1719.9
1284560 1727.4
1284570 1735.3
1284580 1735.3
1284590 1743.6
1284600 1751.4
1284610 1751.4
1284620 1758.5
1284630 1765.5
1284640 1765.5
1284650 1772.2
1284660 1779.3
1284670 1786.5
1284680 1786.5
1284690 1793.9
1284700 1799.5
1284710 1799.5
1284720 1799.3
1284730 1796.3
1284740 1796.3
1284750 1796.7
1284760 1799.6
1284770 1799.6
1284780 1806.2
1284790 1811.1
1284800 1811.1
1284810 1814.1
1284820 1817.1
1284830 1817.1
1284840 1820.9
1284850 1826.2
1284860 1826.2
1284870 1833.1
1284880 1840.4
1284890 1847.8
1284900 1847.8
1284910 1855.2
1284920 1861.6
1284930 1861.6
1284940 1861.9
1284950 1855.8
1284960 1855.8
1284970 1854.7
1284980 1847.5
1284990 1847.5
1285000 1842.5
1285010 1839.9
1285020 1839.9
1285030 1840.1
1285040 1837.3
1285050 1826.5
1285060 1816.8
1285070 1804.7
1285080 1804.7
1285090 1792.5
1285100 1779.8
1285110 1770.9
1285120 1770.9
1285130 1770.4
1285140 1778.4
1285150 1778.4
1285160 1783.7
1285170 1777.1
1285180 1777.1
1285190 1766.0
1285200 1756.7
1285210 1756.7
1285220 1754.7
1285230 1756.8
1285240 1756.8
1285250 1763.0
1285260 1759.7
1285270 1759.7
1285280 1750.4
1285290 1749.9
1285300 1749.9
1285310 1751.4
1285320 1746.2
1285330 1737.5
1285340 1737.5
1285350 1729.4
1285360 1732.4
1285370 1732.4
1285380 1734.1
1285390 1725.4
1285400 1725.4
1285410 1722.3
1285420 1721.7
1285430 1721.7
1285440 1720.4
1285450 1706.8
1285460 1706.8
1285470 1703.2
1285480 1702.1
1285490 1702.1
1285500 1703.7
1285510 1706.9
1285520 1710.4
1285530 1710.4
1285540 1711.2
1285550 1711.6
1285560 1711.6
1285570 1705.9
1285580 1694.8
1285590 1694.8
1285600 1701.0
1285610 1701.8
1285620 1701.8
1285630 1689.1
1285640 1681.7
1285650 1681.7
1285660 1684.3
1285670 1692.8
1285680 1692.8
1285690 1688.6
1285700 1692.8
1285710 1692.8
1285720 1696.4
1285730 1701.4
1285740 1703.7
1285750 1703.7
1285760 1706.8
1285770 1710.2
1285780 1710.2
1285790 1715.0
1285800 1717.2
1285810 1717.2
1285820 1718.9
1285830 1721.7
1285840 1721.7
1285850 1724.4
1285860 1726.8
1285870 1726.8
1285880 1729.2
1285890 1734.1
1285900 1734.1
1285910 1736.1
1285920 1739.3
1285930 1739.3
1285940 1742.9
1285950 1746.1
1285960 1750.6
1285970 1750.6
1285980 1756.0
1285990 1765.1
1286000 1765.1
1286010 1772.6
1286020 1780.2
1286030 1780.2
1286040 1787.4
1286050 1789.7
1286060 1789.7
1286070 1791.1
1286080 1793.5
1286090 1793.5
1286100 1797.7
1286110 1805.3
1286120 1805.3
1286130 1815.1
1286140 1821.5
1286150 1821.5
1286160 1825.3
1286170 1828.2
1286180 1830.6
1286190 1830.6
1286200 1827.3
1286210 1827.1
1286220 1827.1
1286230 1833.6
1286240 1841.6
1286250 1841.6
1286260 1850.5
1286270 1858.3
1286280 1858.3
1286290 1862.9
1286300 1867.2
1286310 1867.2
1286320 1870.2
1286330 1857.1
1286340 1857.1
1286350 1858.1
1286360 1858.4
1286370 1858.4
1286380 1860.0
1286390 1862.6
1286400 1864.7
1286410 1864.7
1286420 1866.6
1286430 1869.6
1286440 1869.6
1286450 1872.4
1286460 1874.7
1286470 1874.7
1286480 1877.3
1286490 1880.6
1286500 1880.6
1286510 1885.0
1286520 1889.3
1286530 1889.3
1286540 1893.1
1286550 1896.1
1286560 1896.1
1286570 1897.4
1286580 1897.6
1286590 1899.4
1286600 1899.4
1286610 1903.1
1286620 1908.8
1286630 1908.8
1286640 1915.7
1286650 1923.2
1286660 1923.2
1286670 1930.3
1286680 1936.4
1286690 1936.4
1286700 1942.5
1286710 1949.4
1286720 1949.4
1286730 1956.2
1286740 1961.7
1286750 1961.7
1286760 1967.9
1286770 1974.7
1286780 1974.7
1286790 1981.1
1286800 1986.8
1286810 1993.8
1286820 1993.8
1286830 2000.8
1286840 2007.3
1286850 2007.3
1286860 2012.8
1286870 2017.2
1286880 2017.2
1286890 2022.0
1286900 2027.6
1286910 2027.6
1286920 2033.6
1286930 2044.1
1286940 2044.1
1286950 2052.5
1286960 2059.3
1286970 2054.3
1286980 2064.0
1286990 2070.2
1287000 2070.2
1287010 2077.8
1287020 2084.9
1287030 2090.0
1287040 2090.0
1287050 2091.8
1287060 2091.3
1287070 2091.3
1287080 2091.8
1287090 2092.7
1287100 2092.7
1287110 2093.9
1287120 2093.9
1287130 2093.9
1287140 2096.9
1287150 2101.5
1287160 2101.5
1287170 2107.7
1287180 2112.8
1287190 2112.8
1287200 2115.2
1287210 2113.6
1287220 2113.6
1287230 2117.6
1287240 2123.2
1287250 2125.1
1287260 2125.1
1287270 2128.2
1287280 2134.0
1287290 2134.0
1287300 2138.3
1287310 2141.6
1287320 2141.6
1287330 2143.6
1287340 2144.8
1287350 2144.8
1287360 2144.7
1287370 2150.0
1287380 2150.0
1287390 2157.5
1287400 2163.0
1287410 2163.0
1287420 2166.3
1287430 2170.2
1287440 2170.2
1287450 2172.8
1287460 2178.6
1287470 2187.0
1287480 2187.0
1287490 2194.5
1287500 2196.8
1287510 2196.8
1287520 2197.1
1287530 2196.3
1287540 2196.3
1287550 2198.6
1287560 2197.6
1287570 2197.6
1287580 2187.1
1287590 2179.5
1287600 2179.5
1287610 2165.3
1287620 2157.6
1287630 2157.6
1287640 2150.5
1287650 2150.1
1287660 2150.1
1287670 2150.9
1287680 2151.9
1287690 2155.2
1287700 2155.2
1287710 2159.1
1287720 2164.7
1287730 2164.7
1287740 2170.3
1287750 2173.1
1287760 2173.1
1287770 2164.6
1287780 2153.2
1287790 2153.2
1287800 2148.9
1287810 2153.3
1287820 2153.3
1287830 2159.1
1287840 2164.4
1287850 2164.4
1287860 2169.2
1287870 2173.2
1287880 2178.6
1287890 2178.6
1287900 2184.8
1287910 2189.5
1287920 2189.5
1287930 2193.1
1287940 2195.3
1287950 2195.3
1287960 2197.7
1287970 2200.2
1287980 2200.2
1287990 2202.7
1288000 2205.4
1288010 2205.4
1288020 2207.8
1288030 2209.4
1288040 2209.4
1288050 2204.6
1288060 2192.6
1288070 2192.6
1288080 2183.7
1288090 2179.3
1288100 2184.2
1288110 2184.2
1288120 2190.9
1288130 2197.9
1288140 2197.9
1288150 2202.6
1288160 2202.4
1288170 2202.4
1288180 2201.6
1288190 2199.3
1288200 2199.3
1288210 2199.2
1288220 2201.6
1288230 2201.6
1288240 2205.0
1288250 2210.9
1288260 2202.5
1288270 2210.0
1288280 2216.3
1288290 2216.3
1288300 2223.5
1288310 2231.0
1288320 2237.7
1288330 2237.7
1288340 2238.8
1288350 2231.7
1288360 2231.7
1288370 2225.3
1288380 2223.6
1288390 2223.6
1288400 2219.8
1288410 2216.8
1288420 2216.8
1288430 2215.4
1288440 2214.4
1288450 2214.4
1288460 2211.4
1288470 2205.7
1288480 2205.7
1288490 2197.7
1288500 2189.1
1288510 2189.1
1288520 2180.8
1288530 2171.4
1288540 2161.7
1288550 2161.7
1288560 2152.1
1288570 2142.0
1288580 2142.0
1288590 2135.1
1288600 2132.9
1288610 2132.9
1288620 2128.8
1288630 2121.0
1288640 2121.0
1288650 2113.3
1288660 2105.8
1288670 2105.8
1288680 2098.7
1288690 2093.1
1288700 2093.1
1288710 2090.1
1288720 2086.8
1288730 2086.8
1288740 2082.6
1288750 2078.0
1288760 2073.6
1288770 2073.6
1288780 2069.6
1288790 2066.0
1288800 2066.0
1288810 2062.9
1288820 2059.7
1288830 2059.7
1288840 2055.2
1288850 2051.6
1288860 2051.6
1288870 2049.3
1288880 2047.4
1288890 2047.4
1288900 2039.3
1288910 2035.5
1288920 2035.5
1288930 2029.8
1288940 2027.3
1288950 2025.2
1288960 2025.2
1288970 2022.1
1288980 2018.7
1288990 2018.7
1289000 2015.9
1289010 2013.0
1289020 2013.0
1289030 2010.5
1289040 2008.5
1289050 2008.5
1289060 2006.9
1289070 2005.7
1289080 2005.7
1289090 2004.0
1289100 2001.2
1289110 2001.2
1289120 1998.5
1289130 1996.0
1289140 1996.0
1289150 1993.4
1289160 1990.4
1289170 1987.1
1289180 1987.1
1289190 1983.4
1289200 1979.4
1289210 1979.4
1289220 1974.9
1289230 1971.0
1289240 1971.0
1289250 1967.8
1289260 1964.6
1289270 1964.6
1289280 1962.0
1289290 1960.4
1289300 1960.4
1289310 1958.5
1289320 1955.2
1289330 1955.2
1289340 1949.2
1289350 1942.7
1289360 1942.7
1289370 1937.3
1289380 1933.6
1289390 1932.3
1289400 1932.3
1289410 1932.2
1289420 1931.6
1289430 1931.6
1289440 1930.6
1289450 1930.7
1289460 1930.7
1289470 1929.0
1289480 1925.4
1289490 1925.4
1289500 1919.7
1289510 1912.6
1289520 1912.6
1289530 1910.8
1289540 1914.6
1289550 1907.4
1289560 1912.4
1289570 1913.8
1289580 1913.8
1289590 1914.8
1289600 1909.9
1289610 1904.2
1289620 1904.2
1289630 1900.8
1289640 1903.7
1289650 1903.7
1289660 1909.4
1289670 1913.7
1289680 1913.7
1289690 1916.9
1289700 1918.8
1289710 1918.8
1289720 1920.9
1289730 1923.1
1289740 1923.1
1289750 1924.6
1289760 1925.9
1289770 1925.9
1289780 1926.3
1289790 1926.3
1289800 1926.3
1289810 1927.1
1289820 1927.0
1289830 1925.1
1289840 1925.1
1289850 1921.5
1289860 1920.2
1289870 1920.2
1289880 1919.5
1289890 1918.7
1289900 1918.7
1289910 1917.6
1289920 1916.4
1289930 1916.4
1289940 1915.0
1289950 1913.5
1289960 1913.5
1289970 1911.2
1289980 1908.4
1289990 1908.4
1290000 1905.2
1290010 1902.4
1290020 1902.4
1290030 1900.1
1290040 1897.6
1290050 1894.8
1290060 1894.8
1290070 1891.1
1290080 1886.8
1290090 1886.8
1290100 1883.3
1290110 1878.6
1290120 1878.6
1290130 1872.8
1290140 1865.8
1290150 1865.8
1290160 1868.1
1290170 1874.3
1290180 1874.3
1290190 1878.9
1290200 1875.7
1290210 1875.7
1290220 1877.9
1290230 1881.1
1290240 1882.8
1290250 1882.8
1290260 1884.9
1290270 1887.6
1290280 1887.6
1290290 1890.8
1290300 1893.6
1290310 1893.6
1290320 1896.2
1290330 1898.4
1290340 1898.4
1290350 1900.4
1290360 1901.6
1290370 1901.6
1290380 1902.8
1290390 1904.2
1290400 1904.2
1290410 1905.4
1290420 1906.7
1290430 1906.7
1290440 1907.7
1290450 1908.7
1290460 1909.6
1290470 1909.6
1290480 1910.2
1290490 1910.2
1290500 1910.2
1290510 1909.8
1290520 1909.0
1290530 1909.0
1290540 1907.3
1290550 1905.1
1290560 1905.1
1290570 1904.4
1290580 1903.8
1290590 1903.8
1290600 1905.4
1290610 1907.5
1290620 1907.5
1290630 1909.4
1290640 1911.4
1290650 1911.4
1290660 1912.9
1290670 1914.0
1290680 1914.7
1290690 1914.7
1290700 1915.3
1290710 1915.8
1290720 1915.8
1290730 1915.9
1290740 1915.8
1290750 1915.8
1290760 1915.8
1290770 1914.8
1290780 1914.8
1290790 1913.0
1290800 1911.0
1290810 1911.0
1290820 1908.1
1290830 1903.0
1290840 1903.0
1290850 1891.2
1290860 1891.5
1290870 1891.5
1290880 1895.8
1290890 1899.0
1290900 1900.2
1290910 1900.2
1290920 1900.6
1290930 1900.7
1290940 1900.7
1290950 1899.9
1290960 1896.9
1290970 1896.9
1290980 1888.4
1290990 1884.0
1291000 1884.0
1291010 1883.2
1291020 1887.3
1291030 1887.3
1291040 1892.1
1291050 1895.0
1291060 1895.0
1291070 1897.0
1291080 1899.0
1291090 1899.0
1291100 1900.7
1291110 1902.6
1291120 1903.1
1291130 1903.1
1291140 1902.8
1291150 1899.5
1291160 1899.5
1291170 1890.2
1291180 1884.9
1291190 1884.9
1291200 1889.6
1291210 1894.3
1291220 1894.3
1291230 1894.8
1291240 1893.3
1291250 1893.3
1291260 1886.6
1291270 1880.7
1291280 1880.7
1291290 1875.9
1291300 1876.6
1291310 1880.0
1291320 1880.0
1291330 1883.8
1291340 1887.7
1291350 1887.7
1291360 1889.0
1291370 1888.0
1291380 1888.0
1291390 1881.3
1291400 1872.6
1291410 1872.6
1291420 1864.3
1291430 1848.0
1291440 1848.0
1291450 1834.0
1291460 1836.0
1291470 1836.0
1291480 1841.9
1291490 1850.8
1291500 1850.8
1291510 1860.5
1291520 1870.7
1291530 1880.4
1291540 1880.4
1291550 1887.8
1291560 1890.5
1291570 1890.5
1291580 1892.4
1291590 1890.8
1291600 1890.8
1291610 1886.6
1291620 1894.0
1291630 1894.0
1291640 1903.2
1291650 1913.0
1291660 1913.0
1291670 1922.2
1291680 1929.4
1291690 1929.4
1291700 1933.8
1291710 1935.3
1291720 1935.3
1291730 1936.9
1291740 1937.4
1291750 1936.2
1291760 1936.2
1291770 1935.0
1291780 1937.5
1291790 1937.5
1291800 1939.5
1291810 1940.0
1291820 1940.0
1291830 1934.8
1291840 1928.0
1291850 1928.0
1291860 1930.6
1291870 1935.0
1291880 1935.0
1291890 1928.4
1291900 1930.7
1291910 1930.7
1291920 1935.8
1291930 1945.0
1291940 1945.0
1291950 1955.2
1291960 1967.1
1291970 1980.1
1291980 1980.1
1291990 1989.1
1292000 1994.8
1292010 1994.8
1292020 2000.4
1292030 2005.7
1292040 2005.7
1292050 2010.8
1292060 2015.7
1292070 2015.7
1292080 2021.1
1292090 2026.5
1292100 2026.5
1292110 2031.7
1292120 2036.5
1292130 2036.5
1292140 2040.8
1292150 2045.1
1292160 2045.1
1292170 2042.2
1292180 2045.8
1292190 2047.9
1292200 2047.9
1292210 2048.7
1292220 2048.7
1292230 2048.7
1292240 2048.6
1292250 2051.6
1292260 2051.6
1292270 2053.6
1292280 2053.0
1292290 2053.0
1292300 2049.7
1292310 2038.8
1292320 2038.8
1292330 2028.7
1292340 2025.3
1292350 2025.3
1292360 2022.7
1292370 2020.9
1292380 2020.8
1292390 2020.8
1292400 2021.3
1292410 2023.0
1292420 2023.0
1292430 2025.7
1292440 2027.9
1292450 2027.9
1292460 2030.1
1292470 2031.7
1292480 2031.7
1292490 2032.7
1292500 2034.1
1292510 2034.1
1292520 2036.0
1292530 2037.2
1292540 2037.2
1292550 2038.8
1292560 2041.5
1292570 2041.5
1292580 2044.6
1292590 2047.1
1292600 2049.6
1292610 2049.6
1292620 2051.7
1292630 2053.7
1292640 2053.7
1292650 2055.9
1292660 2057.8
1292670 2057.8
1292680 2059.4
1292690 2061.5
1292700 2061.5
1292710 2063.7
1292720 2066.4
1292730 2066.4
1292740 2069.0
1292750 2071.1
1292760 2071.1
1292770 2073.6
1292780 2077.1
1292790 2077.1
1292800 2080.0
1292810 2082.0
1292820 2083.6
1292830 2079.7
1292840 2081.3
1292850 2084.0
1292860 2084.0
1292870 2087.6
1292880 2091.4
1292890 2091.4
1292900 2094.8
1292910 2097.4
1292920 2097.4
1292930 2099.5
1292940 2100.3
1292950 2100.3
1292960 2100.8
1292970 2103.5
1292980 2103.5
1292990 2105.7
1293000 2108.1
1293010 2108.1
1293020 2111.0
1293030 2113.7
1293040 2116.2
1293050 2116.2
1293060 2119.5
1293070 2122.9
1293080 2122.9
1293090 2124.4
1293100 2124.3
1293110 2124.3
1293120 2125.5
1293130 2127.4
1293140 2127.4
1293150 2128.8
1293160 2130.4
1293170 2130.4
1293180 2132.6
1293190 2135.4
1293200 2135.4
1293210 2137.5
1293220 2139.1
1293230 2139.1
1293240 2140.2
1293250 2141.9
1293260 2145.4
1293270 2145.4
1293280 2148.6
1293290 2151.7
1293300 2151.7
1293310 2154.6
1293320 2158.5
1293330 2158.5
1293340 2162.8
1293350 2167.6
1293360 2167.6
1293370 2171.7
1293380 2175.0
1293390 2175.0
1293400 2177.7
1293410 2180.1
1293420 2180.1
1293430 2183.6
1293440 2187.1
1293450 2189.3
1293460 2189.3
1293470 2191.3
1293480 2196.1
1293490 2193.9
1293500 2198.1
1293510 2200.7
1293520 2200.7
1293530 2202.4
1293540 2204.0
1293550 2204.0
1293560 2204.9
1293570 2206.8
1293580 2206.8
1293590 2209.4
1293600 2211.3
1293610 2211.3
1293620 2213.7
1293630 2216.5
1293640 2216.5
1293650 2219.8
1293660 2223.1
1293670 2225.4
1293680 2225.4
1293690 2227.6
1293700 2230.1
1293710 2230.1
1293720 2233.1
1293730 2236.3
1293740 2236.3
1293750 2239.9
1293760 2243.6
1293770 2243.6
1293780 2247.8
1293790 2252.2
1293800 2252.2
1293810 2255.6
1293820 2258.1
1293830 2258.1
1293840 2261.5
1293850 2264.9
1293860 2264.9
1293870 2268.0
1293880 2271.3
1293890 2274.6
1293900 2274.6
1293910 2278.0
1293920 2281.1
1293930 2281.1
1293940 2283.8
1293950 2286.8
1293960 2286.8
1293970 2289.9
1293980 2293.2
1293990 2293.2
1294000 2296.1
1294010 2298.7
1294020 2298.7
1294030 2301.3
1294040 2304.3
1294050 2304.3
1294060 2307.8
1294070 2311.9
1294080 2311.9
1294090 2316.3
1294100 2320.9
1294110 2324.9
1294120 2324.9
1294130 2328.7
1294140 2332.4
1294150 2330.3
1294160 2334.7
1294170 2338.9
1294180 2338.9
1294190 2342.5
1294200 2346.3
1294210 2346.3
1294220 2349.8
1294230 2353.2
1294240 2353.2
1294250 2357.2
1294260 2360.6
1294270 2360.6
1294280 2363.4
1294290 2367.2
1294300 2367.2
1294310 2371.1
1294320 2375.3
1294330 2380.5
1294340 2380.5
1294350 2385.6
1294360 2390.0
1294370 2390.0
1294380 2393.5
1294390 2397.1
1294400 2397.1
1294410 2402.9
1294420 2408.8
1294430 2408.8
1294440 2413.7
1294450 2418.1
1294460 2418.1
1294470 2422.9
1294480 2426.9
1294490 2426.9
1294500 2430.1
1294510 2433.3
1294520 2433.3
1294530 2436.2
1294540 2438.4
1294550 2440.8
1294560 2440.8
1294570 2445.0
1294580 2449.3
1294590 2449.3
1294600 2453.3
1294610 2458.0
1294620 2458.0
1294630 2462.3
1294640 2465.5
1294650 2465.5
1294660 2468.0
1294670 2470.4
1294680 2470.4
1294690 2474.3
1294700 2476.8
1294710 2476.8
1294720 2477.9
1294730 2482.0
1294740 2487.3
1294750 2487.3
1294760 2490.9
1294770 2493.9
1294780 2493.9
1294790 2496.6
1294800 2499.3
1294810 2499.3
1294820 2502.6
1294830 2506.8
1294840 2506.8
1294850 2510.7
1294860 2513.7
1294870 2513.7
1294880 2516.6
1294890 2520.4
1294900 2520.4
1294910 2525.9
1294920 2530.3
1294930 2530.3
1294940 2534.5
1294950 2537.6
1294960 2541.8
1294970 2541.8
1294980 2545.0
1294990 2547.5
1295000 2547.5
1295010 2551.4
1295020 2556.6
1295030 2556.6
1295040 2561.7
1295050 2567.3
1295060 2567.3
1295070 2573.2
1295080 2578.4
1295090 2578.4
1295100 2583.4
1295110 2588.4
1295120 2588.4
1295130 2591.4
1295140 2594.3
1295150 2594.3
1295160 2597.8
1295170 2602.0
1295180 2609.6
1295190 2609.6
1295200 2622.7
1295210 2631.1
1295220 2631.1
1295230 2635.6
1295240 2637.0
1295250 2637.0
1295260 2637.7
1295270 2638.7
1295280 2638.7
1295290 2640.1
1295300 2642.5
1295310 2642.5
1295320 2646.2
1295330 2651.4
1295340 2651.4
1295350 2657.1
1295360 2663.5
1295370 2663.5
1295380 2669.8
1295390 2669.9
1295400 2667.2
1295410 2667.2
1295420 2665.2
1295430 2664.6
1295440 2664.6
1295450 2665.9
1295460 2667.5
1295470 2667.5
1295480 2669.0
1295490 2664.8
1295500 2664.8
1295510 2662.4
1295520 2660.6
1295530 2660.6
1295540 2662.2
1295550 2663.4
1295560 2663.4
1295570 2664.4
1295580 2668.7
1295590 2668.7
1295600 2678.0
1295610 2689.3
1295620 2692.5
1295630 2692.5
1295640 2692.5
1295650 2694.0
1295660 2694.0
1295670 2694.0
1295680 2692.4
1295690 2692.4
1295700 2691.2
1295710 2692.9
1295720 2692.9
1295730 2697.2
1295740 2699.4
1295750 2699.4
1295760 2700.6
1295770 2703.7
1295780 2703.7
1295790 2710.9
1295800 2719.2
1295810 2721.6
1295820 2721.6
1295830 2721.9
1295840 2722.0
1295850 2722.0
1295860 2721.2
1295870 2719.7
1295880 2719.7
1295890 2718.8
1295900 2719.9
1295910 2719.9
1295920 2724.0
1295930 2728.3
1295940 2728.3
1295950 2732.7
1295960 2736.3
1295970 2736.3
1295980 2738.9
1295990 2741.8
1296000 2741.8
1296010 2745.1
1296020 2748.8
1296030 2754.2
1296040 2754.2
1296050 2761.8
1296060 2767.9
1296070 2767.9
1296080 2772.4
1296090 2776.8
1296100 2776.8
1296110 2780.9
1296120 2785.0
1296130 2785.0
1296140 2789.0
1296150 2792.0
1296160 2793.9
1296170 2799.5
1296180 2804.8
1296190 2804.8
1296200 2811.1
1296210 2817.1
1296220 2817.1
1296230 2822.2
1296240 2825.8
1296250 2830.5
1296260 2830.5
1296270 2836.6
1296280 2842.5
1296290 2842.5
1296300 2846.7
1296310 2851.0
1296320 2851.0
1296330 2855.8
1296340 2860.9
1296350 2860.9
1296360 2866.3
1296370 2872.1
1296380 2872.1
1296390 2878.1
1296400 2883.8
1296410 2883.8
1296420 2889.0
1296430 2893.7
1296440 2893.7
1296450 2898.1
1296460 2902.0
1296470 2905.5
1296480 2905.5
1296490 2908.9
1296500 2912.5
1296510 2912.5
1296520 2916.9
1296530 2921.5
1296540 2921.5
1296550 2925.5
1296560 2928.6
1296570 2928.6
1296580 2931.7
1296590 2934.4
1296600 2934.4
1296610 2937.3
1296620 2940.5
1296630 2940.5
1296640 2943.7
1296650 2947.1
1296660 2947.1
1296670 2950.9
1296680 2954.7
1296690 2958.9
1296700 2958.9
1296710 2962.9
1296720 2966.8
1296730 2966.8
1296740 2971.6
1296750 2977.2
1296760 2977.2
1296770 2982.1
1296780 2986.7
1296790 2986.7
1296800 2991.8
1296810 2996.9
1296820 2996.9
1296830 3005.0
1296840 3008.8
1296850 3008.8
1296860 3012.5
1296870 3016.6
1296880 3021.1
1296890 3021.1
1296900 3026.4
1296910 3029.6
1296920 3029.6
1296930 3033.5
1296940 3037.5
1296950 3037.5
1296960 3046.5
1296970 3050.8
1296980 3050.8
1296990 3055.1
1297000 3060.0
1297010 3060.0
1297020 3065.4
1297030 3071.3
1297040 3071.3
1297050 3076.4
1297060 3081.8
1297070 3081.8
1297080 3087.1
1297090 3092.6
1297100 3098.6
1297110 3098.6
1297120 3104.4
1297130 3109.9
1297140 3109.9
1297150 3114.7
1297160 3119.0
1297170 3119.0
1297180 3123.0
1297190 3127.7
1297200 3127.7
1297210 3132.9
1297220 3138.5
1297230 3138.5
1297240 3143.6
1297250 3149.4
1297260 3149.4
1297270 3155.4
1297280 3162.1
1297290 3162.1
1297300 3167.6
1297310 3177.1
1297320 3184.9
1297330 3184.9
1297340 3191.3
1297350 3197.9
1297360 3197.9
1297370 3205.7
1297380 3212.4
1297390 3212.4
1297400 3218.4
1297410 3223.9
1297420 3223.9
1297430 3231.3
1297440 3240.6
1297450 3240.6
1297460 3251.5
1297470 3264.3
1297480 3264.3
1297490 3282.4
1297500 3303.6
1297510 3317.3
1297520 3332.7
1297530 3348.5
1297540 3368.5
1297550 3368.5
1297560 3396.3
1297570 3411.8
1297580 3411.8
1297590 3415.6
1297600 3411.7
1297610 3411.7
1297620 3406.2
1297630 3406.5
1297640 3406.5
1297650 3404.5
1297660 3387.7
1297670 3387.7
1297680 3368.1
1297690 3344.0
1297700 3344.0
1297710 3318.5
1297720 3303.7
1297730 3303.7
1297740 3294.6
1297750 3286.8
1297760 3279.0
1297770 3279.0
1297780 3270.3
1297790 3250.4
1297800 3250.4
1297810 3228.0
1297820 3208.0
1297830 3208.0
1297840 3171.9
1297850 3147.7
1297860 3147.7
1297870 3144.4
1297880 3141.6
1297890 3141.6
1297900 3138.9
1297910 3136.7
1297920 3136.7
1297930 3134.4
1297940 3132.1
1297950 3130.0
1297960 3130.0
1297970 3128.6
1297980 3128.4
1297990 3128.4
1298000 3128.9
1298010 3127.1
1298020 3127.1
1298030 3129.1
1298040 3127.9
1298050 3127.9
1298060 3124.4
1298070 3121.8
1298080 3121.8
1298090 3120.1
1298100 3118.3
1298110 3118.3
1298120 3116.1
1298130 3111.4
1298140 3111.4
1298150 3109.0
1298160 3105.8
1298170 3103.9
1298180 3103.9
1298190 3095.8
1298200 3095.2
1298210 3095.2
1298220 3095.2
1298230 3094.0
1298240 3094.0
1298250 3092.4
1298260 3090.5
1298270 3090.5
1298280 3090.5
1298290 3093.5
1298300 3093.5
1298310 3101.0
1298320 3110.8
1298330 3110.8
1298340 3120.5
1298350 3130.2
1298360 3130.2
1298370 3138.2
1298380 3147.1
1298390 3156.3
1298400 3156.3
1298410 3158.8
1298420 3159.2
1298430 3159.2
1298440 3159.3
1298450 3159.9
1298460 3159.9
1298470 3158.6
1298480 3152.8
1298490 3152.8
1298500 3149.6
1298510 3149.1
1298520 3149.1
1298530 3148.4
1298540 3146.5
1298550 3146.5
1298560 3144.6
1298570 3143.4
1298580 3143.4
1298590 3141.5
1298600 3137.3
1298610 3130.8
1298620 3130.8
1298630 3127.3
1298640 3125.6
1298650 3125.6
1298660 3121.4
1298670 3116.3
1298680 3116.3
1298690 3112.3
1298700 3108.2
1298710 3108.2
1298720 3096.8
1298730 3081.6
1298740 3081.6
1298750 3070.0
1298760 3062.7
1298770 3062.7
1298780 3057.6
1298790 3052.0
1298800 3052.0
1298810 3046.7
1298820 3042.1
1298830 3039.1
1298840 3039.1
1298850 3035.8
1298860 3032.4
1298870 3027.9
1298880 3024.3
1298890 3018.1
1298900 3018.1
1298910 3010.1
1298920 3003.3
1298930 3003.3
1298940 2992.5
1298950 2983.7
1298960 2983.7
1298970 2978.2
1298980 2973.8
1298990 2973.8
1299000 2971.9
1299010 2971.8
1299020 2966.6
1299030 2966.6
1299040 2960.9
1299050 2957.2
1299060 2957.2
1299070 2950.4
1299080 2943.5
1299090 2943.5
1299100 2938.0
1299110 2933.1
1299120 2933.1
1299130 2924.2
1299140 2918.3
1299150 2918.3
1299160 2916.4
1299170 2914.1
1299180 2914.1
1299190 2912.4
1299200 2910.6
1299210 2910.6
1299220 2905.7
1299230 2893.7
1299240 2875.0
1299250 2875.0
1299260 2864.8
1299270 2856.8
1299280 2856.8
1299290 2849.4
1299300 2843.5
1299310 2843.5
1299320 2837.8
1299330 2832.8
1299340 2832.8
1299350 2828.6
1299360 2824.6
1299370 2824.6
1299380 2821.2
1299390 2817.9
1299400 2817.9
1299410 2814.9
1299420 2812.0
1299430 2812.0
1299440 2809.5
1299450 2807.1
1299460 2805.1
1299470 2805.1
1299480 2803.3
1299490 2801.8
1299500 2801.8
1299510 2800.4
1299520 2799.1
1299530 2799.1
1299540 2797.8
1299550 2796.6
1299560 2795.6
1299570 2794.5
1299580 2793.3
1299590 2793.3
1299600 2791.9
1299610 2790.4
1299620 2790.4
1299630 2788.8
1299640 2787.2
1299650 2787.2
1299660 2785.4
1299670 2783.8
1299680 2782.3
1299690 2782.3
1299700 2780.8
1299710 2779.4
1299720 2779.4
1299730 2778.2
1299740 2776.9
1299750 2776.9
1299760 2775.5
1299770 2774.1
1299780 2774.1
1299790 2773.0
1299800 2772.3
1299810 2772.3
1299820 2772.0
1299830 2771.8
1299840 2771.8
1299850 2772.3
1299860 2772.1
1299870 2772.1
1299880 2771.2
1299890 2770.4
1299900 2769.9
1299910 2769.9
1299920 2769.5
1299930 2768.8
1299940 2768.8
1299950 2768.5
1299960 2768.7
1299970 2768.7
1299980 2769.1
1299990 2769.3
