1280000 1588.7
1280010 1584.5
1280020 1584.5
1280030 1577.0
1280040 1569.4
1280050 1569.4
1280060 1553.0
1280070 1531.9
1280080 1531.9
1280090 1507.7
1280100 1497.6
1280110 1497.6
1280120 1498.0
1280130 1497.4
1280140 1497.4
1280150 1495.2
1280160 1494.7
1280170 1494.7
1280180 1495.3
1280190 1494.9
1280200 1493.6
1280210 1493.6
1280220 1490.5
1280230 1487.3
1280240 1487.3
1280250 1485.2
1280260 1484.4
1280270 1484.4
1280280 1483.5
1280290 1481.7
1280300 1481.7
1280310 1489.0
1280320 1487.8
1280330 1487.8
1280340 1487.2
1280350 1486.2
1280360 1486.2
1280370 1485.1
1280380 1485.1
1280390 1485.1
1280400 1485.8
1280410 1486.4
1280420 1479.8
1280430 1479.8
1280440 1470.1
1280450 1462.7
1280460 1462.7
1280470 1454.7
1280480 1449.6
1280490 1449.6
1280500 1444.7
1280510 1439.9
1280520 1439.9
1280530 1434.3
1280540 1428.5
1280550 1428.5
1280560 1422.9
1280570 1417.3
1280580 1417.3
1280590 1411.3
1280600 1405.2
1280610 1405.2
1280620 1394.4
1280630 1385.1
1280640 1380.0
1280650 1380.0
1280660 1379.6
1280670 1380.1
1280680 1380.1
1280690 1375.9
1280700 1373.6
1280710 1373.6
1280720 1375.3
1280730 1374.1
1280740 1374.1
1280750 1371.5
1280760 1368.1
1280770 1368.1
1280780 1357.5
1280790 1332.0
1280800 1332.0
1280810 1322.7
1280820 1319.2
1280830 1319.2
1280840 1313.7
1280850 1311.4
1280860 1303.8
1280870 1303.8
1280880 1297.8
1280890 1290.7
1280900 1290.7
1280910 1283.5
1280920 1277.3
1280930 1283.0
1280940 1279.0
1280950 1275.7
1280960 1275.7
1280970 1271.2
1280980 1266.0
1280990 1266.0
1281000 1262.0
1281010 1261.0
1281020 1261.0
1281030 1260.6
1281040 1259.8
1281050 1259.8
1281060 1259.1
1281070 1258.9
1281080 1257.8
1281090 1257.8
1281100 1256.6
1281110 1255.3
1281120 1255.3
1281130 1254.2
1281140 1253.0
1281150 1253.0
1281160 1250.5
1281170 1246.1
1281180 1246.1
1281190 1241.7
1281200 1238.3
1281210 1238.3
1281220 1234.4
1281230 1230.3
1281240 1230.3
1281250 1224.1
1281260 1217.8
1281270 1213.2
1281280 1213.2
1281290 1209.2
1281300 1206.7
1281310 1206.7
1281320 1204.2
1281330 1196.9
1281340 1196.9
1281350 1189.3
1281360 1190.7
1281370 1190.7
1281380 1194.8
1281390 1197.2
1281400 1197.2
1281410 1198.9
1281420 1200.5
1281430 1200.5
1281440 1202.0
1281450 1204.1
1281460 1204.1
1281470 1206.5
1281480 1209.2
1281490 1211.8
1281500 1211.8
1281510 1215.1
1281520 1218.9
1281530 1218.9
1281540 1223.1
1281550 1225.7
1281560 1225.7
1281570 1227.4
1281580 1229.1
1281590 1229.1
1281600 1232.4
1281610 1236.0
1281620 1236.0
1281630 1237.5
1281640 1238.8
1281650 1238.8
1281660 1242.0
1281670 1246.9
1281680 1246.9
1281690 1251.2
1281700 1252.9
1281710 1252.4
1281720 1252.4
1281730 1250.8
1281740 1250.3
1281750 1250.3
1281760 1251.0
1281770 1252.9
1281780 1252.9
1281790 1254.6
1281800 1258.5
1281810 1258.5
1281820 1261.6
1281830 1263.9
1281840 1263.9
1281850 1264.8
1281860 1266.1
1281870 1266.1
1281880 1269.1
1281890 1273.8
1281900 1273.8
1281910 1279.3
1281920 1281.6
1281930 1282.9
1281940 1282.9
1281950 1283.8
1281960 1284.3
1281970 1284.3
1281980 1284.7
1281990 1285.4
1282000 1285.4
1282010 1286.5
1282020 1288.1
1282030 1288.1
1282040 1290.2
1282050 1292.7
1282060 1292.7
1282070 1295.2
1282080 1297.6
1282090 1297.6
1282100 1300.1
1282110 1302.6
1282120 1302.6
1282130 1304.9
1282140 1307.2
1282150 1309.7
1282160 1309.7
1282170 1312.7
1282180 1314.4
1282190 1314.4
1282200 1317.7
1282210 1321.2
1282220 1321.2
1282230 1324.8
1282240 1328.0
1282250 1328.0
1282260 1332.9
1282270 1338.9
1282280 1338.9
1282290 1343.9
1282300 1348.6
1282310 1348.6
1282320 1353.3
1282330 1358.7
1282340 1358.7
1282350 1364.1
1282360 1369.5
1282370 1375.6
1282380 1375.6
1282390 1382.2
1282400 1388.4
1282410 1388.4
1282420 1394.7
1282430 1400.8
1282440 1400.8
1282450 1407.3
1282460 1413.8
1282470 1413.8
1282480 1420.7
1282490 1428.1
1282500 1428.1
1282510 1436.0
1282520 1443.5
1282530 1443.5
1282540 1451.0
1282550 1458.7
1282560 1466.1
1282570 1466.1
1282580 1473.2
1282590 1479.5
1282600 1479.5
1282610 1485.9
1282620 1492.9
1282630 1492.9
1282640 1500.5
1282650 1507.5
1282660 1507.5
1282670 1516.8
1282680 1526.7
1282690 1526.7
1282700 1534.1
1282710 1539.6
1282720 1539.6
1282730 1539.0
1282740 1525.1
1282750 1525.1
1282760 1512.1
1282770 1504.5
1282780 1505.1
1282790 1505.1
1282800 1517.3
1282810 1511.4
1282820 1511.4
1282830 1513.1
1282840 1516.8
1282850 1516.8
1282860 1521.1
1282870 1520.7
1282880 1520.7
1282890 1523.0
1282900 1529.0
1282910 1529.0
1282920 1532.0
1282930 1534.8
1282940 1534.8
1282950 1543.2
1282960 1552.8
1282970 1552.8
1282980 1560.8
1282990 1568.5
1283000 1576.8
1283010 1576.8
1283020 1585.9
1283030 1593.3
1283040 1593.3
1283050 1600.7
1283060 1608.5
1283070 1608.5
1283080 1616.4
1283090 1625.2
1283100 1625.2
1283110 1634.4
1283120 1643.2
1283130 1643.2
1283140 1650.3
1283150 1656.7
1283160 1656.7
1283170 1663.0
1283180 1669.0
1283190 1669.0
1283200 1674.7
1283210 1680.1
1283220 1684.8
1283230 1684.8
1283240 1689.6
1283250 1694.9
1283260 1694.9
1283270 1700.7
1283280 1707.1
1283290 1707.1
1283300 1713.5
1283310 1719.5
1283320 1719.5
1283330 1725.4
1283340 1731.5
1283350 1731.5
1283360 1737.2
1283370 1742.9
1283380 1742.9
1283390 1748.3
1283400 1754.4
1283410 1754.4
1283420 1760.6
1283430 1767.1
1283440 1774.7
1283450 1774.7
1283460 1781.2
1283470 1787.9
1283480 1787.9
1283490 1794.4
1283500 1801.0
1283510 1801.0
1283520 1808.0
1283530 1814.8
1283540 1814.8
1283550 1820.9
1283560 1828.0
1283570 1828.0
1283580 1834.9
1283590 1841.6
1283600 1841.6
1283610 1847.9
1283620 1854.5
1283630 1854.5
1283640 1861.2
1283650 1868.9
1283660 1877.1
1283670 1877.1
1283680 1885.4
1283690 1893.1
1283700 1893.1
1283710 1900.6
1283720 1908.5
1283730 1908.5
1283740 1916.8
1283750 1925.1
1283760 1925.1
1283770 1934.2
1283780 1943.8
1283790 1943.8
1283800 1950.5
1283810 1951.2
1283820 1951.2
1283830 1949.6
1283840 1948.2
1283850 1948.2
1283860 1947.3
1283870 1947.6
1283880 1948.0
1283890 1948.0
1283900 1948.7
1283910 1949.7
1283920 1949.7
1283930 1950.7
1283940 1951.9
1283950 1951.9
1283960 1953.4
1283970 1955.3
1283980 1955.3
1283990 1957.1
1284000 1958.5
1284010 1958.5
1284020 1960.2
1284030 1962.6
1284040 1962.6
1284050 1965.2
1284060 1967.8
1284070 1965.6
1284080 1965.6
1284090 1968.4
1284100 1971.6
1284110 1971.6
1284120 1975.0
1284130 1978.7
1284140 1978.7
1284150 1982.4
1284160 1985.6
1284170 1985.6
1284180 1988.7
1284190 1991.4
1284200 1991.4
1284210 1993.7
1284220 1995.6
1284230 1995.6
1284240 1997.2
1284250 1998.9
1284260 1998.9
1284270 2000.8
1284280 2002.2
1284290 2001.7
1284300 2001.7
1284310 1997.6
1284320 1990.8
1284330 1990.8
1284340 1984.8
1284350 1979.1
1284360 1979.1
1284370 1973.8
1284380 1968.5
1284390 1968.5
1284400 1963.8
1284410 1959.8
1284420 1959.8
1284430 1955.5
1284440 1951.5
1284450 1951.5
1284460 1948.5
1284470 1946.5
1284480 1946.5
1284490 1946.4
1284500 1947.2
1284510 1946.6
1284520 1946.6
1284530 1944.8
1284540 1943.3
1284550 1943.3
1284560 1942.0
1284570 1940.1
1284580 1940.1
1284590 1938.7
1284600 1937.2
1284610 1937.2
1284620 1936.8
1284630 1936.6
1284640 1936.6
1284650 1934.6
1284660 1932.0
1284670 1932.0
1284680 1929.5
1284690 1930.0
1284700 1923.7
1284710 1927.6
1284720 1931.4
1284730 1935.0
1284740 1935.0
1284750 1938.5
1284760 1942.2
1284770 1942.2
1284780 1946.2
1284790 1950.5
1284800 1950.5
1284810 1955.3
1284820 1960.1
1284830 1960.1
1284840 1965.2
1284850 1970.8
1284860 1970.8
1284870 1976.7
1284880 1982.8
1284890 1982.8
1284900 1989.1
1284910 1995.0
1284920 1995.0
1284930 2000.9
1284940 2006.7
1284950 2012.2
1284960 2012.2
1284970 2017.5
1284980 2022.9
1284990 2022.9
1285000 2028.6
1285010 2034.4
1285020 2034.4
1285030 2040.1
1285040 2046.1
1285050 2046.1
1285060 2051.9
1285070 2057.2
1285080 2057.2
1285090 2062.7
1285100 2068.3
1285110 2068.3
1285120 2073.7
1285130 2079.4
1285140 2079.4
1285150 2084.8
1285160 2089.9
1285170 2095.0
1285180 2095.0
1285190 2099.9
1285200 2104.7
1285210 2104.7
1285220 2109.1
1285230 2113.2
1285240 2113.2
1285250 2116.6
1285260 2119.5
1285270 2119.5
1285280 2122.1
1285290 2124.4
1285300 2124.4
1285310 2126.5
1285320 2129.0
1285330 2129.0
1285340 2126.2
1285350 2129.1
1285360 2129.1
1285370 2132.4
1285380 2136.5
1285390 2140.8
1285400 2140.8
1285410 2145.1
1285420 2149.4
1285430 2149.4
1285440 2150.8
1285450 2135.9
1285460 2135.9
1285470 2108.6
1285480 2098.3
1285490 2098.3
1285500 2096.2
1285510 2097.6
1285520 2097.6
1285530 2100.0
1285540 2100.6
1285550 2100.6
1285560 2106.8
1285570 2111.3
1285580 2103.9
1285590 2103.9
1285600 2102.9
1285610 2109.3
1285620 2109.3
1285630 2115.6
1285640 2123.2
1285650 2123.2
1285660 2131.5
1285670 2139.5
1285680 2139.5
1285690 2146.8
1285700 2152.9
1285710 2152.9
1285720 2160.0
1285730 2167.2
1285740 2167.2
1285750 2173.9
1285760 2180.3
1285770 2180.3
1285780 2188.0
1285790 2195.2
1285800 2197.0
1285810 2197.0
1285820 2191.0
1285830 2187.5
1285840 2187.5
1285850 2192.9
1285860 2199.8
1285870 2199.8
1285880 2206.3
1285890 2209.4
1285900 2209.4
1285910 2207.6
1285920 2200.6
1285930 2200.6
1285940 2194.1
1285950 2187.1
1285960 2187.1
1285970 2150.6
1285980 2160.9
1285990 2160.9
1286000 2169.7
1286010 2170.5
1286020 2171.1
1286030 2171.1
1286040 2172.6
1286050 2177.2
1286060 2177.2
1286070 2183.5
1286080 2186.7
1286090 2186.7
1286100 2189.3
1286110 2195.6
1286120 2195.6
1286130 2200.4
1286140 2205.6
1286150 2205.6
1286160 2212.2
1286170 2219.5
1286180 2219.5
1286190 2227.0
1286200 2234.1
1286210 2234.1
1286220 2241.0
1286230 2248.2
1286240 2254.3
1286250 2254.3
1286260 2258.1
1286270 2261.5
1286280 2261.5
1286290 2264.1
1286300 2266.6
1286310 2266.6
1286320 2264.0
1286330 2258.1
1286340 2258.1
1286350 2249.9
1286360 2242.3
1286370 2242.3
1286380 2241.2
1286390 2238.1
1286400 2238.1
1286410 2235.7
1286420 2235.3
1286430 2235.3
1286440 2236.5
1286450 2237.0
1286460 2238.0
1286470 2238.0
1286480 2240.4
1286490 2241.5
1286500 2241.5
1286510 2241.3
1286520 2242.1
1286530 2242.1
1286540 2244.0
1286550 2245.7
1286560 2245.7
1286570 2247.5
1286580 2249.2
1286590 2249.2
1286600 2251.2
1286610 2258.5
1286620 2258.5
1286630 2260.8
1286640 2263.5
1286650 2263.5
1286660 2266.9
1286670 2269.7
1286680 2272.3
1286690 2272.3
1286700 2274.2
1286710 2275.7
1286720 2275.7
1286730 2276.8
1286740 2278.0
1286750 2278.0
1286760 2278.5
1286770 2278.0
1286780 2278.0
1286790 2277.9
1286800 2276.3
1286810 2276.3
1286820 2276.2
1286830 2277.3
1286840 2277.3
1286850 2278.3
1286860 2278.4
1286870 2276.7
1286880 2276.7
1286890 2276.6
1286900 2276.9
1286910 2276.9
1286920 2277.9
1286930 2279.2
1286940 2279.2
1286950 2280.5
1286960 2282.8
1286970 2282.8
1286980 2285.4
1286990 2287.9
1287000 2287.9
1287010 2289.7
1287020 2292.1
1287030 2292.1
1287040 2294.5
1287050 2297.0
1287060 2297.0
1287070 2300.0
1287080 2302.9
1287090 2306.1
1287100 2306.1
1287110 2309.6
1287120 2313.0
1287130 2313.0
1287140 2316.5
1287150 2319.9
1287160 2319.9
1287170 2323.1
1287180 2326.7
1287190 2326.7
1287200 2330.3
1287210 2334.0
1287220 2334.0
1287230 2337.5
1287240 2340.3
1287250 2337.1
1287260 2338.6
1287270 2339.4
1287280 2339.4
1287290 2340.1
1287300 2340.3
1287310 2340.1
1287320 2340.1
1287330 2339.4
1287340 2338.2
1287350 2338.2
1287360 2336.7
1287370 2335.3
1287380 2335.3
1287390 2333.8
1287400 2332.4
1287410 2332.4
1287420 2331.4
1287430 2330.3
1287440 2330.3
1287450 2329.5
1287460 2329.0
1287470 2329.0
1287480 2328.4
1287490 2328.2
1287500 2328.2
1287510 2328.1
1287520 2328.5
1287530 2328.6
1287540 2328.6
1287550 2329.2
1287560 2330.2
1287570 2330.2
1287580 2331.5
1287590 2332.7
1287600 2332.7
1287610 2334.1
1287620 2336.1
1287630 2336.1
1287640 2338.0
1287650 2340.1
1287660 2340.1
1287670 2342.5
1287680 2345.0
1287690 2345.0
1287700 2347.4
1287710 2349.6
1287720 2349.6
1287730 2351.6
1287740 2353.6
1287750 2355.7
1287760 2355.7
1287770 2357.8
1287780 2360.0
1287790 2360.0
1287800 2362.3
1287810 2364.5
1287820 2364.5
1287830 2367.0
1287840 2369.8
1287850 2369.8
1287860 2372.6
1287870 2375.4
1287880 2375.4
1287890 2378.3
1287900 2378.4
1287910 2378.4
1287920 2381.5
1287930 2384.5
1287940 2384.5
1287950 2387.6
1287960 2391.1
1287970 2394.6
1287980 2394.6
1287990 2398.1
1288000 2401.7
1288010 2401.7
1288020 2405.6
1288030 2409.7
1288040 2409.7
1288050 2413.8
1288060 2418.1
1288070 2418.1
1288080 2423.0
1288090 2427.7
1288100 2427.7
1288110 2432.1
1288120 2436.2
1288130 2436.2
1288140 2440.6
1288150 2445.3
1288160 2449.9
1288170 2449.9
1288180 2454.5
1288190 2459.1
1288200 2459.1
1288210 2463.8
1288220 2467.8
1288230 2467.8
1288240 2471.6
1288250 2475.2
1288260 2475.2
1288270 2478.5
1288280 2482.1
1288290 2482.1
1288300 2486.1
1288310 2489.9
1288320 2489.9
1288330 2493.3
1288340 2496.6
1288350 2496.6
1288360 2499.6
1288370 2502.3
1288380 2504.5
1288390 2504.5
1288400 2505.5
1288410 2501.0
1288420 2501.0
1288430 2493.3
1288440 2487.6
1288450 2487.6
1288460 2483.2
1288470 2478.3
1288480 2478.3
1288490 2472.2
1288500 2466.9
1288510 2466.9
1288520 2462.9
1288530 2459.8
1288540 2451.9
1288550 2448.9
1288560 2444.6
1288570 2444.6
1288580 2438.7
1288590 2432.7
1288600 2427.6
1288610 2427.6
1288620 2422.1
1288630 2421.0
1288640 2421.0
1288650 2423.2
1288660 2426.1
1288670 2426.1
1288680 2429.6
1288690 2432.7
1288700 2432.7
1288710 2433.6
1288720 2428.0
1288730 2428.0
1288740 2419.9
1288750 2416.5
1288760 2416.5
1288770 2413.0
1288780 2407.0
1288790 2407.0
1288800 2401.8
1288810 2391.2
1288820 2377.2
1288830 2377.2
1288840 2364.5
1288850 2355.5
1288860 2355.5
1288870 2345.4
1288880 2336.2
1288890 2336.2
1288900 2326.9
1288910 2317.9
1288920 2317.9
1288930 2311.8
1288940 2309.7
1288950 2309.7
1288960 2310.7
1288970 2314.8
1288980 2314.8
1288990 2318.6
1289000 2317.2
1289010 2317.2
1289020 2318.9
1289030 2319.2
1289040 2308.4
1289050 2308.4
1289060 2294.4
1289070 2278.5
1289080 2278.5
1289090 2262.4
1289100 2252.1
1289110 2252.1
1289120 2245.0
1289130 2244.5
1289140 2244.5
1289150 2247.8
1289160 2254.2
1289170 2254.2
1289180 2257.7
1289190 2239.0
1289200 2239.0
1289210 2235.0
1289220 2229.4
1289230 2229.4
1289240 2223.3
1289250 2214.9
1289260 2207.6
1289270 2207.6
1289280 2201.6
1289290 2195.9
1289300 2195.9
1289310 2190.0
1289320 2183.3
1289330 2183.3
1289340 2176.4
1289350 2171.7
1289360 2171.7
1289370 2166.8
1289380 2162.0
1289390 2162.0
1289400 2157.1
1289410 2151.6
1289420 2151.6
1289430 2151.2
1289440 2153.0
1289450 2153.2
1289460 2153.2
1289470 2152.3
1289480 2149.6
1289490 2149.6
1289500 2146.0
1289510 2143.5
1289520 2143.5
1289530 2142.2
1289540 2140.8
1289550 2140.8
1289560 2138.6
1289570 2137.3
1289580 2137.3
1289590 2136.6
1289600 2135.8
1289610 2135.8
1289620 2134.1
1289630 2130.2
1289640 2130.2
1289650 2125.4
1289660 2124.9
1289670 2125.0
1289680 2125.0
1289690 2123.4
1289700 2121.3
1289710 2121.3
1289720 2118.4
1289730 2113.4
1289740 2113.4
1289750 2111.4
1289760 2113.0
1289770 2113.0
1289780 2114.8
1289790 2116.6
1289800 2116.6
1289810 2117.6
1289820 2117.7
1289830 2117.7
1289840 2110.4
1289850 2109.5
1289860 2109.5
1289870 2108.2
1289880 2106.7
1289890 2105.6
1289900 2105.6
1289910 2104.8
1289920 2104.2
1289930 2104.2
1289940 2103.6
1289950 2103.0
1289960 2103.0
1289970 2102.6
1289980 2102.1
1289990 2102.1
1290000 2100.2
1290010 2097.8
1290020 2097.8
1290030 2095.2
1290040 2090.3
1290050 2090.3
1290060 2083.5
1290070 2077.7
1290080 2077.7
1290090 2074.2
1290100 2071.8
1290110 2067.8
1290120 2067.8
1290130 2065.6
1290140 2064.5
1290150 2064.5
1290160 2063.5
1290170 2061.4
1290180 2061.4
1290190 2062.5
1290200 2063.0
1290210 2063.0
1290220 2061.3
1290230 2063.5
1290240 2063.5
1290250 2065.0
1290260 2064.4
1290270 2064.4
1290280 2065.8
1290290 2071.6
1290300 2071.6
1290310 2077.2
1290320 2080.2
1290330 2083.9
1290340 2083.9
1290350 2088.3
1290360 2092.1
1290370 2092.1
1290380 2096.1
1290390 2100.3
1290400 2100.3
1290410 2104.9
1290420 2110.0
1290430 2110.0
1290440 2115.7
1290450 2121.7
1290460 2121.7
1290470 2128.0
1290480 2134.7
1290490 2136.4
1290500 2142.4
1290510 2147.9
1290520 2147.9
1290530 2152.0
1290540 2154.3
1290550 2155.4
1290560 2155.4
1290570 2155.6
1290580 2155.8
1290590 2155.8
1290600 2156.0
1290610 2156.4
1290620 2156.4
1290630 2156.1
1290640 2155.0
1290650 2155.0
1290660 2152.9
1290670 2148.8
1290680 2148.8
1290690 2145.1
1290700 2142.0
1290710 2142.0
1290720 2139.6
1290730 2137.5
1290740 2135.7
1290750 2135.7
1290760 2133.9
1290770 2131.6
1290780 2131.6
1290790 2129.1
1290800 2127.0
1290810 2127.0
1290820 2125.6
1290830 2124.4
1290840 2124.4
1290850 2123.7
1290860 2123.0
1290870 2123.0
1290880 2122.1
1290890 2120.5
1290900 2120.5
1290910 2117.8
1290920 2117.3
1290930 2117.3
1290940 2121.6
1290950 2125.9
1290960 2129.6
1290970 2129.6
1290980 2130.5
1290990 2129.0
1291000 2129.0
1291010 2126.0
1291020 2120.8
1291030 2120.8
1291040 2113.9
1291050 2108.3
1291060 2108.3
1291070 2104.6
1291080 2103.8
1291090 2103.8
1291100 2107.2
1291110 2112.9
1291120 2112.9
1291130 2118.8
1291140 2121.2
1291150 2121.2
1291160 2126.0
1291170 2131.7
1291180 2136.0
1291190 2136.0
1291200 2138.8
1291210 2141.4
1291220 2141.4
1291230 2143.0
1291240 2143.5
1291250 2143.5
1291260 2143.5
1291270 2143.4
1291280 2143.4
1291290 2142.8
1291300 2141.7
1291310 2141.7
1291320 2139.6
1291330 2136.2
1291340 2136.2
1291350 2131.9
1291360 2127.8
1291370 2127.8
1291380 2126.5
1291390 2129.0
1291400 2133.7
1291410 2133.7
1291420 2140.8
1291430 2147.8
1291440 2147.8
1291450 2154.6
1291460 2161.4
1291470 2161.4
1291480 2167.6
1291490 2173.4
1291500 2173.4
1291510 2177.4
1291520 2177.2
1291530 2177.2
1291540 2176.5
1291550 2175.2
1291560 2175.2
1291570 2172.8
1291580 2170.2
1291590 2170.2
1291600 2166.9
1291610 2163.3
1291620 2160.0
1291630 2160.0
1291640 2155.4
1291650 2150.9
1291660 2150.9
1291670 2147.0
1291680 2144.3
1291690 2144.3
1291700 2144.2
1291710 2146.7
1291720 2146.7
1291730 2150.7
1291740 2155.4
1291750 2155.4
1291760 2159.8
1291770 2163.5
1291780 2163.5
1291790 2167.0
1291800 2163.5
1291810 2163.5
1291820 2165.5
1291830 2168.4
1291840 2173.1
1291850 2173.1
1291860 2179.9
1291870 2187.4
1291880 2187.4
1291890 2194.6
1291900 2201.6
1291910 2201.6
1291920 2208.2
1291930 2214.8
1291940 2214.8
1291950 2222.0
1291960 2229.4
1291970 2229.4
1291980 2236.1
1291990 2242.6
1292000 2242.6
1292010 2248.1
1292020 2251.4
1292030 2252.3
1292040 2252.3
1292050 2252.8
1292060 2253.8
1292070 2253.8
1292080 2255.2
1292090 2256.1
1292100 2256.1
1292110 2256.4
1292120 2256.4
1292130 2256.4
1292140 2254.8
1292150 2253.2
1292160 2253.2
1292170 2256.1
1292180 2259.9
1292190 2259.9
1292200 2262.4
1292210 2267.0
1292220 2267.0
1292230 2273.2
1292240 2279.5
1292250 2286.1
1292260 2286.1
1292270 2290.7
1292280 2295.2
1292290 2295.2
1292300 2301.1
1292310 2308.6
1292320 2308.6
1292330 2316.7
1292340 2325.0
1292350 2325.0
1292360 2334.3
1292370 2342.6
1292380 2342.6
1292390 2350.0
1292400 2357.4
1292410 2357.4
1292420 2365.0
1292430 2372.6
1292440 2372.6
1292450 2381.0
1292460 2387.3
1292470 2394.2
1292480 2394.2
1292490 2400.5
1292500 2406.4
1292510 2406.4
1292520 2411.3
1292530 2415.4
1292540 2415.4
1292550 2419.0
1292560 2421.8
1292570 2421.8
1292580 2423.9
1292590 2422.8
1292600 2422.8
1292610 2414.4
1292620 2405.6
1292630 2405.6
1292640 2397.0
1292650 2387.0
1292660 2387.0
1292670 2377.7
1292680 2372.1
1292690 2370.1
1292700 2370.1
1292710 2372.9
1292720 2378.9
1292730 2378.9
1292740 2382.0
1292750 2383.3
1292760 2383.3
1292770 2384.9
1292780 2386.3
1292790 2386.3
1292800 2385.4
1292810 2381.4
1292820 2381.4
1292830 2377.4
1292840 2370.3
1292850 2370.3
1292860 2363.2
1292870 2351.4
1292880 2351.4
1292890 2347.3
1292900 2350.4
1292910 2353.9
1292920 2353.9
1292930 2352.4
1292940 2346.0
1292950 2346.0
1292960 2337.1
1292970 2315.0
1292980 2315.0
1292990 2297.4
1293000 2294.0
1293010 2294.0
1293020 2293.2
1293030 2292.4
1293040 2292.4
1293050 2292.1
1293060 2292.7
1293070 2292.7
1293080 2293.1
1293090 2291.5
1293100 2291.5
1293110 2288.8
1293120 2280.5
1293130 2278.9
1293140 2278.9
1293150 2279.0
1293160 2279.8
1293170 2279.8
1293180 2280.2
1293190 2281.0
1293200 2281.0
1293210 2281.5
1293220 2282.7
1293230 2282.7
1293240 2284.3
1293250 2286.1
1293260 2286.1
1293270 2288.1
1293280 2289.4
1293290 2289.4
1293300 2290.1
1293310 2291.3
1293320 2292.5
1293330 2292.5
1293340 2293.7
1293350 2296.5
1293360 2296.5
1293370 2298.8
1293380 2300.3
1293390 2300.3
1293400 2302.0
1293410 2303.9
1293420 2303.9
1293430 2306.8
1293440 2309.2
1293450 2309.2
1293460 2310.8
1293470 2313.4
1293480 2313.4
1293490 2316.2
1293500 2317.5
1293510 2317.5
1293520 2318.2
1293530 2318.8
1293540 2319.8
1293550 2319.8
1293560 2321.0
1293570 2322.4
1293580 2322.4
1293590 2324.2
1293600 2324.6
1293610 2324.6
1293620 2325.4
1293630 2327.9
1293640 2327.9
1293650 2331.3
1293660 2334.7
1293670 2334.7
1293680 2338.3
1293690 2342.4
1293700 2342.4
1293710 2347.4
1293720 2353.0
1293730 2353.0
1293740 2356.8
1293750 2358.8
1293760 2360.6
1293770 2360.6
1293780 2356.4
1293790 2357.7
1293800 2357.7
1293810 2359.3
1293820 2361.3
1293830 2361.3
1293840 2363.9
1293850 2367.9
1293860 2367.9
1293870 2370.4
1293880 2371.6
1293890 2371.6
1293900 2373.4
1293910 2376.5
1293920 2376.5
1293930 2380.6
1293940 2384.0
1293950 2384.0
1293960 2387.2
1293970 2389.9
1293980 2391.8
1293990 2391.8
1294000 2393.1
1294010 2393.7
1294020 2393.7
1294030 2394.0
1294040 2394.6
1294050 2394.6
1294060 2394.8
1294070 2395.3
1294080 2395.3
1294090 2397.2
1294100 2399.2
1294110 2399.2
1294120 2402.4
1294130 2405.6
1294140 2405.6
1294150 2409.4
1294160 2413.0
1294170 2413.0
1294180 2416.1
1294190 2420.1
1294200 2425.0
1294210 2425.0
1294220 2429.9
1294230 2434.9
1294240 2434.9
1294250 2440.0
1294260 2445.1
1294270 2445.1
1294280 2449.8
1294290 2453.9
1294300 2453.9
1294310 2457.3
1294320 2459.5
1294330 2459.5
1294340 2460.2
1294350 2460.1
1294360 2460.1
1294370 2460.7
1294380 2461.7
1294390 2461.7
1294400 2462.3
1294410 2463.6
1294420 2465.9
1294430 2465.9
1294440 2468.4
1294450 2463.4
1294460 2463.4
1294470 2465.3
1294480 2468.0
1294490 2468.0
1294500 2471.2
1294510 2474.2
1294520 2474.2
1294530 2476.9
1294540 2480.2
1294550 2480.2
1294560 2484.4
1294570 2487.9
1294580 2487.9
1294590 2492.3
1294600 2497.1
1294610 2502.1
1294620 2502.1
1294630 2507.2
1294640 2512.8
1294650 2512.8
1294660 2517.4
1294670 2520.4
1294680 2520.4
1294690 2523.2
1294700 2527.2
1294710 2527.2
1294720 2531.7
1294730 2535.4
1294740 2535.4
1294750 2538.0
1294760 2540.7
1294770 2540.7
1294780 2543.5
1294790 2546.5
1294800 2546.5
1294810 2549.9
1294820 2553.7
1294830 2557.5
1294840 2557.5
1294850 2562.1
1294860 2567.2
1294870 2567.2
1294880 2570.2
1294890 2571.8
1294900 2571.8
1294910 2573.4
1294920 2575.7
1294930 2575.7
1294940 2578.4
1294950 2581.8
1294960 2581.8
1294970 2586.0
1294980 2588.9
1294990 2588.9
1295000 2591.8
1295010 2594.8
1295020 2594.8
1295030 2597.2
1295040 2598.6
1295050 2599.3
1295060 2599.3
1295070 2599.7
1295080 2601.0
1295090 2601.0
1295100 2602.5
1295110 2604.2
1295120 2604.9
1295130 2606.4
1295140 2607.9
1295150 2607.9
1295160 2610.0
1295170 2612.5
1295180 2612.5
1295190 2615.0
1295200 2618.1
1295210 2618.1
1295220 2621.5
1295230 2624.8
1295240 2624.8
1295250 2628.4
1295260 2630.9
1295270 2632.8
1295280 2632.8
1295290 2634.6
1295300 2637.8
1295310 2637.8
1295320 2642.7
1295330 2647.3
1295340 2647.3
1295350 2651.2
1295360 2653.7
1295370 2653.7
1295380 2656.0
1295390 2658.6
1295400 2658.6
1295410 2660.9
1295420 2663.7
1295430 2663.7
1295440 2667.0
1295450 2670.4
1295460 2670.4
1295470 2674.4
1295480 2678.6
1295490 2682.0
1295500 2682.0
1295510 2684.4
1295520 2686.1
1295530 2686.1
1295540 2687.3
1295550 2688.3
1295560 2688.3
1295570 2688.9
1295580 2688.8
1295590 2688.8
1295600 2687.7
1295610 2687.1
1295620 2687.1
1295630 2688.4
1295640 2690.6
1295650 2690.6
1295660 2693.0
1295670 2695.6
1295680 2695.6
1295690 2698.6
1295700 2701.9
1295710 2705.3
1295720 2705.3
1295730 2708.3
1295740 2710.9
1295750 2710.9
1295760 2713.2
1295770 2715.4
1295780 2715.4
1295790 2718.3
1295800 2720.7
1295810 2720.7
1295820 2723.5
1295830 2726.9
1295840 2726.9
1295850 2730.6
1295860 2734.0
1295870 2734.0
1295880 2736.8
1295890 2738.3
1295900 2739.3
1295910 2739.3
1295920 2739.5
1295930 2739.3
1295940 2739.3
1295950 2739.0
1295960 2739.0
1295970 2739.0
1295980 2739.3
1295990 2740.3
1296000 2740.3
1296010 2741.4
1296020 2742.3
1296030 2742.3
1296040 2744.0
1296050 2746.1
1296060 2746.1
1296070 2748.3
1296080 2750.1
1296090 2750.1
1296100 2751.8
1296110 2755.2
1296120 2758.7
1296130 2758.7
1296140 2762.0
1296150 2765.4
1296160 2765.4
1296170 2768.7
1296180 2772.1
1296190 2772.1
1296200 2775.8
1296210 2779.4
1296220 2779.4
1296230 2782.2
1296240 2785.1
1296250 2785.1
1296260 2788.1
1296270 2790.8
1296280 2790.8
1296290 2793.3
1296300 2795.3
1296310 2795.3
1296320 2797.4
1296330 2800.4
1296340 2803.6
1296350 2803.6
1296360 2807.4
1296370 2811.8
1296380 2811.8
1296390 2816.6
1296400 2821.8
1296410 2821.8
1296420 2827.0
1296430 2832.2
1296440 2832.2
1296450 2838.0
1296460 2855.8
1296470 2855.8
1296480 2863.1
1296490 2869.8
1296500 2869.8
1296510 2876.0
1296520 2881.0
1296530 2881.0
1296540 2887.6
1296550 2893.6
1296560 2898.8
1296570 2898.8
1296580 2905.1
1296590 2911.1
1296600 2911.1
1296610 2918.1
1296620 2926.1
1296630 2926.1
1296640 2933.4
1296650 2940.9
1296660 2940.9
1296670 2949.5
1296680 2957.9
1296690 2957.9
1296700 2964.7
1296710 2972.0
1296720 2972.0
1296730 2983.6
1296740 2994.7
1296750 2994.7
1296760 3005.9
1296770 3014.3
1296780 3021.3
1296790 3021.3
1296800 3027.1
1296810 3029.1
1296820 3029.1
1296830 3031.4
1296840 3034.1
1296850 3034.1
1296860 3036.6
1296870 3042.1
1296880 3042.1
1296890 3047.6
1296900 3051.7
1296910 3051.7
1296920 3055.5
1296930 3059.8
1296940 3059.8
1296950 3063.1
1296960 3066.8
1296970 3070.6
1296980 3070.6
1296990 3073.6
1297000 3075.8
1297010 3075.8
1297020 3079.2
1297030 3083.9
1297040 3083.9
1297050 3089.2
1297060 3095.0
1297070 3095.0
1297080 3100.9
1297090 3106.9
1297100 3106.9
1297110 3112.9
1297120 3118.8
1297130 3118.2
1297140 3124.1
1297150 3129.9
1297160 3129.9
1297170 3135.6
1297180 3141.1
1297190 3146.5
1297200 3146.5
1297210 3151.9
1297220 3157.2
1297230 3157.2
1297240 3162.6
1297250 3168.8
1297260 3168.8
1297270 3177.2
1297280 3186.0
1297290 3186.0
1297300 3196.4
1297310 3205.9
1297320 3205.9
1297330 3214.5
1297340 3225.2
1297350 3225.2
1297360 3234.5
1297370 3242.5
1297380 3242.5
1297390 3250.5
1297400 3257.6
1297410 3263.8
1297420 3263.8
1297430 3269.5
1297440 3275.0
1297450 3275.0
1297460 3280.2
1297470 3284.9
1297480 3284.9
1297490 3289.3
1297500 3293.3
1297510 3293.3
1297520 3297.4
1297530 3301.3
1297540 3301.3
1297550 3305.3
1297560 3309.1
1297570 3309.1
1297580 3312.8
1297590 3316.5
1297600 3316.5
1297610 3320.2
1297620 3323.7
1297630 3326.9
1297640 3326.9
1297650 3329.8
1297660 3332.7
1297670 3332.7
1297680 3335.4
1297690 3338.0
1297700 3338.0
1297710 3340.4
1297720 3342.4
1297730 3342.4
1297740 3344.6
1297750 3349.0
1297760 3349.0
1297770 3357.5
1297780 3369.8
1297790 3369.8
1297800 3386.5
1297810 3405.0
1297820 3405.0
1297830 3413.0
1297840 3400.2
1297850 3387.6
1297860 3387.6
1297870 3378.7
1297880 3369.4
1297890 3369.4
1297900 3358.4
1297910 3348.7
1297920 3348.7
1297930 3338.7
1297940 3326.8
1297950 3326.8
1297960 3314.7
1297970 3303.5
1297980 3303.5
1297990 3291.9
1298000 3279.9
1298010 3279.9
1298020 3268.8
1298030 3260.0
1298040 3260.0
1298050 3252.8
1298060 3245.9
1298070 3240.4
1298080 3240.4
1298090 3235.9
1298100 3232.2
1298110 3232.2
1298120 3228.7
1298130 3225.5
1298140 3225.5
1298150 3222.4
1298160 3219.3
1298170 3219.3
1298180 3216.2
1298190 3213.3
1298200 3213.3
1298210 3210.6
1298220 3208.0
1298230 3208.0
1298240 3205.6
1298250 3203.1
1298260 3200.6
1298270 3200.6
1298280 3198.1
1298290 3195.3
1298300 3195.3
1298310 3192.3
1298320 3189.0
1298330 3189.0
1298340 3185.7
1298350 3182.2
1298360 3182.2
1298370 3178.3
1298380 3174.8
1298390 3174.8
1298400 3172.0
1298410 3169.0
1298420 3169.0
1298430 3165.3
1298440 3161.4
1298450 3161.4
1298460 3157.7
1298470 3153.8
1298480 3150.0
1298490 3154.7
1298500 3151.0
1298510 3147.4
1298520 3147.4
1298530 3143.7
1298540 3139.7
1298550 3139.7
1298560 3135.9
1298570 3132.3
1298580 3132.3
1298590 3128.5
1298600 3124.8
1298610 3124.8
1298620 3120.4
1298630 3115.1
1298640 3115.1
1298650 3109.5
1298660 3104.1
1298670 3104.1
1298680 3099.2
1298690 3094.6
1298700 3090.4
1298710 3090.4
1298720 3086.5
1298730 3082.9
1298740 3082.9
1298750 3079.7
1298760 3076.7
1298770 3076.7
1298780 3073.9
1298790 3071.3
1298800 3071.3
1298810 3068.9
1298820 3066.7
1298830 3066.7
1298840 3064.5
1298850 3062.4
1298860 3062.4
1298870 3060.3
1298880 3058.2
1298890 3058.2
1298900 3056.0
1298910 3053.7
1298920 3051.6
1298930 3051.6
1298940 3049.8
1298950 3048.3
1298960 3048.3
1298970 3046.7
1298980 3042.0
1298990 3042.0
1299000 3035.7
1299010 3034.9
1299020 3034.9
1299030 3036.1
1299040 3036.0
1299050 3036.0
1299060 3034.1
1299070 3033.5
1299080 3033.5
1299090 3030.3
1299100 3023.4
1299110 3023.4
1299120 3016.0
1299130 3007.8
1299140 2999.6
1299150 2999.6
1299160 2990.2
1299170 2981.4
1299180 2976.6
1299190 2970.3
1299200 2963.5
1299210 2963.5
1299220 2956.6
1299230 2949.6
1299240 2949.6
1299250 2942.9
1299260 2936.7
1299270 2936.7
1299280 2931.0
1299290 2926.3
1299300 2926.3
1299310 2922.7
1299320 2920.0
1299330 2920.0
1299340 2917.5
1299350 2915.3
1299360 2913.4
1299370 2913.4
1299380 2911.6
1299390 2909.7
1299400 2909.7
1299410 2908.0
1299420 2906.1
1299430 2906.1
1299440 2903.8
1299450 2901.2
1299460 2901.2
1299470 2898.6
1299480 2896.2
1299490 2896.2
1299500 2894.0
1299510 2891.7
1299520 2891.7
1299530 2889.8
1299540 2888.2
1299550 2886.4
1299560 2886.4
1299570 2884.7
1299580 2882.7
1299590 2882.7
1299600 2880.3
1299610 2877.9
1299620 2877.9
1299630 2875.3
1299640 2872.3
1299650 2872.3
1299660 2869.7
1299670 2867.3
1299680 2867.3
1299690 2864.8
1299700 2862.3
1299710 2862.3
1299720 2860.0
1299730 2857.7
1299740 2857.7
1299750 2855.4
1299760 2853.1
1299770 2850.9
1299780 2850.9
1299790 2849.0
1299800 2847.8
1299810 2847.8
1299820 2846.3
1299830 2845.8
1299840 2845.8
1299850 2846.6
1299860 2850.6
1299870 2850.6
1299880 2853.7
1299890 2855.0
1299900 2855.0
1299910 2856.1
1299920 2857.1
1299930 2857.1
1299940 2858.0
1299950 2859.5
1299960 2859.5
1299970 2861.5
1299980 2864.2
1299990 2867.2
