1280000 1178.3
1280010 1178.3
1280020 1178.1
1280030 1178.1
1280040 1178.1
1280050 1179.3
1280060 1180.2
1280070 1180.2
1280080 1181.5
1280090 1183.5
1280100 1183.5
1280110 1185.0
1280120 1185.5
1280130 1185.5
1280140 1186.0
1280150 1185.8
1280160 1185.8
1280170 1185.9
1280180 1186.3
1280190 1186.8
1280200 1186.8
1280210 1187.5
1280220 1188.7
1280230 1185.3
1280240 1186.8
1280250 1188.0
1280260 1188.0
1280270 1188.6
1280280 1189.0
1280290 1189.0
1280300 1189.3
1280310 1189.4
1280320 1189.4
1280330 1188.9
1280340 1188.5
1280350 1188.5
1280360 1188.2
1280370 1187.9
1280380 1187.9
1280390 1187.1
1280400 1185.1
1280410 1182.3
1280420 1182.3
1280430 1179.7
1280440 1177.1
1280450 1177.1
1280460 1174.8
1280470 1172.9
1280480 1172.9
1280490 1171.4
1280500 1170.0
1280510 1170.0
1280520 1169.7
1280530 1170.4
1280540 1170.4
1280550 1170.1
1280560 1169.6
1280570 1169.6
1280580 1169.1
1280590 1168.6
1280600 1168.6
1280610 1168.3
1280620 1167.3
1280630 1166.9
1280640 1166.9
1280650 1166.6
1280660 1166.1
1280670 1166.1
1280680 1165.4
1280690 1165.1
1280700 1165.1
1280710 1163.6
1280720 1163.0
1280730 1163.0
1280740 1163.9
1280750 1163.4
1280760 1163.4
1280770 1161.2
1280780 1159.4
1280790 1159.4
1280800 1157.3
1280810 1155.6
1280820 1155.6
1280830 1155.4
1280840 1156.0
1280850 1150.7
1280860 1150.7
1280870 1151.1
1280880 1151.0
1280890 1151.0
1280900 1150.1
1280910 1149.6
1280920 1149.6
1280930 1150.0
1280940 1150.4
1280950 1150.4
1280960 1151.0
1280970 1150.9
1280980 1150.9
1280990 1150.6
1281000 1150.2
1281010 1150.2
1281020 1149.9
1281030 1149.6
1281040 1149.6
1281050 1149.8
1281060 1150.5
1281070 1152.6
1281080 1152.6
1281090 1154.9
1281100 1157.9
1281110 1157.9
1281120 1160.2
1281130 1163.7
1281140 1163.7
1281150 1169.1
1281160 1175.3
1281170 1175.3
1281180 1180.4
1281190 1182.7
1281200 1182.7
1281210 1184.6
1281220 1190.3
1281230 1190.3
1281240 1196.5
1281250 1201.6
1281260 1201.6
1281270 1202.5
1281280 1206.2
1281290 1211.2
1281300 1211.2
1281310 1215.5
1281320 1217.5
1281330 1217.5
1281340 1220.0
1281350 1223.1
1281360 1223.1
1281370 1226.5
1281380 1228.6
1281390 1228.6
1281400 1230.6
1281410 1235.2
1281420 1235.2
1281430 1240.8
1281440 1245.8
1281450 1245.8
1281460 1250.4
1281470 1261.2
1281480 1261.2
1281490 1265.2
1281500 1267.9
1281510 1269.8
1281520 1269.8
1281530 1271.7
1281540 1273.2
1281550 1273.2
1281560 1275.1
1281570 1279.3
1281580 1279.3
1281590 1284.5
1281600 1289.4
1281610 1289.4
1281620 1294.1
1281630 1298.4
1281640 1298.4
1281650 1301.6
1281660 1303.1
1281670 1303.1
1281680 1304.0
1281690 1305.9
1281700 1305.9
1281710 1309.1
1281720 1315.0
1281730 1320.8
1281740 1320.8
1281750 1325.0
1281760 1328.8
1281770 1328.8
1281780 1331.6
1281790 1334.2
1281800 1334.2
1281810 1339.6
1281820 1344.0
1281830 1344.0
1281840 1347.8
1281850 1351.8
1281860 1351.8
1281870 1356.3
1281880 1360.7
1281890 1360.7
1281900 1364.4
1281910 1367.3
1281920 1367.3
1281930 1370.2
1281940 1373.4
1281950 1374.6
1281960 1374.6
1281970 1374.7
1281980 1374.9
1281990 1374.9
1282000 1376.9
1282010 1380.7
1282020 1380.7
1282030 1385.4
1282040 1391.0
1282050 1391.0
1282060 1397.8
1282070 1404.6
1282080 1404.6
1282090 1410.2
1282100 1416.2
1282110 1416.2
1282120 1421.2
1282130 1425.1
1282140 1425.1
1282150 1427.8
1282160 1429.9
1282170 1431.5
1282180 1431.5
1282190 1434.3
1282200 1437.9
1282210 1437.9
1282220 1441.6
1282230 1446.2
1282240 1446.2
1282250 1450.1
1282260 1452.8
1282270 1452.8
1282280 1454.8
1282290 1456.3
1282300 1456.3
1282310 1457.1
1282320 1458.7
1282330 1458.7
1282340 1460.2
1282350 1461.4
1282360 1461.4
1282370 1461.9
1282380 1462.2
1282390 1463.9
1282400 1463.9
1282410 1465.9
1282420 1463.9
1282430 1463.9
1282440 1461.2
1282450 1462.2
1282460 1462.2
1282470 1465.2
1282480 1468.4
1282490 1468.4
1282500 1471.6
1282510 1474.7
1282520 1474.7
1282530 1476.0
1282540 1476.6
1282550 1476.6
1282560 1477.6
1282570 1478.6
1282580 1479.6
1282590 1479.6
1282600 1480.9
1282610 1483.1
1282620 1483.1
1282630 1485.5
1282640 1486.5
1282650 1486.5
1282660 1486.8
1282670 1486.9
1282680 1486.9
1282690 1487.5
1282700 1488.2
1282710 1488.2
1282720 1488.2
1282730 1490.4
1282740 1490.4
1282750 1490.5
1282760 1490.3
1282770 1490.3
1282780 1489.3
1282790 1488.6
1282800 1487.9
1282810 1487.9
1282820 1487.4
1282830 1487.2
1282840 1487.2
1282850 1487.3
1282860 1487.4
1282870 1487.4
1282880 1487.5
1282890 1487.5
1282900 1487.5
1282910 1487.2
1282920 1486.8
1282930 1486.8
1282940 1487.3
1282950 1487.7
1282960 1487.7
1282970 1487.5
1282980 1486.4
1282990 1486.4
1283000 1484.7
1283010 1482.4
1283020 1480.6
1283030 1480.6
1283040 1480.6
1283050 1481.7
1283060 1481.7
1283070 1483.7
1283080 1488.5
1283090 1488.5
1283100 1492.4
1283110 1494.5
1283120 1494.5
1283130 1496.7
1283140 1499.1
1283150 1499.1
1283160 1501.5
1283170 1503.7
1283180 1503.7
1283190 1506.1
1283200 1509.6
1283210 1509.6
1283220 1512.3
1283230 1514.2
1283240 1515.6
1283250 1515.6
1283260 1516.9
1283270 1520.1
1283280 1520.1
1283290 1525.9
1283300 1531.8
1283310 1531.8
1283320 1536.6
1283330 1540.3
1283340 1540.3
1283350 1543.7
1283360 1553.5
1283370 1553.5
1283380 1559.4
1283390 1563.5
1283400 1563.5
1283410 1566.6
1283420 1569.6
1283430 1569.6
1283440 1571.9
1283450 1574.0
1283460 1576.1
1283470 1576.1
1283480 1577.4
1283490 1578.5
1283500 1578.5
1283510 1579.8
1283520 1581.9
1283530 1581.9
1283540 1584.8
1283550 1588.1
1283560 1588.1
1283570 1591.8
1283580 1594.7
1283590 1594.7
1283600 1596.8
1283610 1598.6
1283620 1598.6
1283630 1599.9
1283640 1601.6
1283650 1601.6
1283660 1602.9
1283670 1603.1
1283680 1603.5
1283690 1603.5
1283700 1604.2
1283710 1605.3
1283720 1605.3
1283730 1606.9
1283740 1609.0
1283750 1609.0
1283760 1609.8
1283770 1610.1
1283780 1610.1
1283790 1610.9
1283800 1611.9
1283810 1611.9
1283820 1612.6
1283830 1613.4
1283840 1613.4
1283850 1614.0
1283860 1613.7
1283870 1613.7
1283880 1613.1
1283890 1613.4
1283900 1613.5
1283910 1613.5
1283920 1612.9
1283930 1612.6
1283940 1612.6
1283950 1613.1
1283960 1613.8
1283970 1613.8
1283980 1614.9
1283990 1620.5
1284000 1620.5
1284010 1622.0
1284020 1622.6
1284030 1622.6
1284040 1622.5
1284050 1622.9
1284060 1622.9
1284070 1623.4
1284080 1623.4
1284090 1623.4
1284100 1622.5
1284110 1622.0
1284120 1620.9
1284130 1620.9
1284140 1620.0
1284150 1618.9
1284160 1618.9
1284170 1617.5
1284180 1617.2
1284190 1617.2
1284200 1617.0
1284210 1616.6
1284220 1616.6
1284230 1616.0
1284240 1615.1
1284250 1615.1
1284260 1614.8
1284270 1613.4
1284280 1613.4
1284290 1611.4
1284300 1606.4
1284310 1606.4
1284320 1604.8
1284330 1607.5
1284340 1610.6
1284350 1610.6
1284360 1613.2
1284370 1615.5
1284380 1615.5
1284390 1617.9
1284400 1618.9
1284410 1618.9
1284420 1619.5
1284430 1621.6
1284440 1621.6
1284450 1624.2
1284460 1626.6
1284470 1626.6
1284480 1628.9
1284490 1630.5
1284500 1630.5
1284510 1632.1
1284520 1634.1
1284530 1634.1
1284540 1634.6
1284550 1633.7
1284560 1632.2
1284570 1632.2
1284580 1630.5
1284590 1628.5
1284600 1628.5
1284610 1628.5
1284620 1636.1
1284630 1636.1
1284640 1636.3
1284650 1634.7
1284660 1634.7
1284670 1632.4
1284680 1633.7
1284690 1633.7
1284700 1637.5
1284710 1641.6
1284720 1641.6
1284730 1644.9
1284740 1647.3
1284750 1647.3
1284760 1648.9
1284770 1649.8
1284780 1650.5
1284790 1650.5
1284800 1650.9
1284810 1652.1
1284820 1652.1
1284830 1653.7
1284840 1655.3
1284850 1655.3
1284860 1656.9
1284870 1658.5
1284880 1658.5
1284890 1659.8
1284900 1661.5
1284910 1661.5
1284920 1662.6
1284930 1662.9
1284940 1662.9
1284950 1662.4
1284960 1661.4
1284970 1661.2
1284980 1661.2
1284990 1661.8
1285000 1661.2
1285010 1661.2
1285020 1659.3
1285030 1657.1
1285040 1657.1
1285050 1655.9
1285060 1654.2
1285070 1654.2
1285080 1652.2
1285090 1649.9
1285100 1649.9
1285110 1648.1
1285120 1647.9
1285130 1647.9
1285140 1648.4
1285150 1649.3
1285160 1649.3
1285170 1649.6
1285180 1649.5
1285190 1650.4
1285200 1650.4
1285210 1652.6
1285220 1655.0
1285230 1655.0
1285240 1657.1
1285250 1664.3
1285260 1664.3
1285270 1665.3
1285280 1666.6
1285290 1666.6
1285300 1667.4
1285310 1668.3
1285320 1668.3
1285330 1669.5
1285340 1671.2
1285350 1671.2
1285360 1672.3
1285370 1673.9
1285380 1673.9
1285390 1675.8
1285400 1677.4
1285410 1678.8
1285420 1678.8
1285430 1680.2
1285440 1681.8
1285450 1681.8
1285460 1682.7
1285470 1683.1
1285480 1683.1
1285490 1683.1
1285500 1682.3
1285510 1682.3
1285520 1680.3
1285530 1678.2
1285540 1678.2
1285550 1677.9
1285560 1677.6
1285570 1677.6
1285580 1677.6
1285590 1678.6
1285600 1678.6
1285610 1679.3
1285620 1679.8
1285630 1680.3
1285640 1680.3
1285650 1680.8
1285660 1680.8
1285670 1680.8
1285680 1679.1
1285690 1675.2
1285700 1675.2
1285710 1670.1
1285720 1665.0
1285730 1665.0
1285740 1661.7
1285750 1660.7
1285760 1660.7
1285770 1658.4
1285780 1655.8
1285790 1655.8
1285800 1655.5
1285810 1656.9
1285820 1656.9
1285830 1657.7
1285840 1658.2
1285850 1658.0
1285860 1658.0
1285870 1656.4
1285880 1655.3
1285890 1660.0
1285900 1661.0
1285910 1662.2
1285920 1662.2
1285930 1662.3
1285940 1661.8
1285950 1661.8
1285960 1661.1
1285970 1660.2
1285980 1660.2
1285990 1660.0
1286000 1660.2
1286010 1660.2
1286020 1658.1
1286030 1654.9
1286040 1654.9
1286050 1652.7
1286060 1659.3
1286070 1668.0
1286080 1668.0
1286090 1675.1
1286100 1680.3
1286110 1680.3
1286120 1686.4
1286130 1691.8
1286140 1691.8
1286150 1697.0
1286160 1702.5
1286170 1702.5
1286180 1707.9
1286190 1712.4
1286200 1712.4
1286210 1718.0
1286220 1723.4
1286230 1723.4
1286240 1728.5
1286250 1733.9
1286260 1733.9
1286270 1739.4
1286280 1744.9
1286290 1749.4
1286300 1749.4
1286310 1754.4
1286320 1758.9
1286330 1758.9
1286340 1763.5
1286350 1768.2
1286360 1768.2
1286370 1773.1
1286380 1778.4
1286390 1778.4
1286400 1784.1
1286410 1789.6
1286420 1789.6
1286430 1795.7
1286440 1802.1
1286450 1802.1
1286460 1807.4
1286470 1813.4
1286480 1813.4
1286490 1819.3
1286500 1825.3
1286510 1830.9
1286520 1830.9
1286530 1840.4
1286540 1845.0
1286550 1845.0
1286560 1849.4
1286570 1853.0
1286580 1853.0
1286590 1856.2
1286600 1857.8
1286610 1857.8
1286620 1850.3
1286630 1844.1
1286640 1844.1
1286650 1840.3
1286660 1836.6
1286670 1836.6
1286680 1835.2
1286690 1835.4
1286700 1835.4
1286710 1829.4
1286720 1823.3
1286730 1812.5
1286740 1812.5
1286750 1808.3
1286760 1807.3
1286770 1807.3
1286780 1805.6
1286790 1802.6
1286800 1802.6
1286810 1799.2
1286820 1798.7
1286830 1798.7
1286840 1797.7
1286850 1797.7
1286860 1797.7
1286870 1797.3
1286880 1794.9
1286890 1794.9
1286900 1791.3
1286910 1789.5
1286920 1789.5
1286930 1788.2
1286940 1787.8
1286950 1789.1
1286960 1789.1
1286970 1790.6
1286980 1792.4
1286990 1792.4
1287000 1794.3
1287010 1796.3
1287020 1796.3
1287030 1798.3
1287040 1800.7
1287050 1800.7
1287060 1804.0
1287070 1807.4
1287080 1807.4
1287090 1811.8
1287100 1816.4
1287110 1816.4
1287120 1819.7
1287130 1822.8
1287140 1822.8
1287150 1826.4
1287160 1830.6
1287170 1836.1
1287180 1836.1
1287190 1841.9
1287200 1849.3
1287210 1849.3
1287220 1857.3
1287230 1865.6
1287240 1865.6
1287250 1874.2
1287260 1885.3
1287270 1885.3
1287280 1893.0
1287290 1898.9
1287300 1898.9
1287310 1904.6
1287320 1911.5
1287330 1911.5
1287340 1919.5
1287350 1927.6
1287360 1934.5
1287370 1934.5
1287380 1941.5
1287390 1949.7
1287400 1949.7
1287410 1957.7
1287420 1964.5
1287430 1964.5
1287440 1971.4
1287450 1979.2
1287460 1979.2
1287470 1987.4
1287480 1995.3
1287490 1995.3
1287500 2002.4
1287510 2008.7
1287520 2008.7
1287530 2013.9
1287540 2018.3
1287550 2018.3
1287560 2023.0
1287570 2028.8
1287580 2035.0
1287590 2035.0
1287600 2041.4
1287610 2046.1
1287620 2046.1
1287630 2047.3
1287640 2048.0
1287650 2048.0
1287660 2047.6
1287670 2045.7
1287680 2045.7
1287690 2043.9
1287700 2042.0
1287710 2042.0
1287720 2040.9
1287730 2042.3
1287740 2042.3
1287750 2044.5
1287760 2045.8
1287770 2045.8
1287780 2048.6
1287790 2049.9
1287800 2051.6
1287810 2054.2
1287820 2044.3
1287830 2035.4
1287840 2035.4
1287850 2036.7
1287860 2034.7
1287870 2034.7
1287880 2019.8
1287890 2008.1
1287900 2008.1
1287910 2004.0
1287920 2000.7
1287930 2000.7
1287940 1999.9
1287950 2001.5
1287960 2001.5
1287970 2004.2
1287980 2007.0
1287990 2007.0
1288000 2009.1
1288010 2009.3
1288020 2010.5
1288030 2010.5
1288040 2013.6
1288050 2018.2
1288060 2018.2
1288070 2020.5
1288080 2019.8
1288090 2019.8
1288100 2018.7
1288110 2018.5
1288120 2018.5
1288130 2019.0
1288140 2019.6
1288150 2019.6
1288160 2020.4
1288170 2021.4
1288180 2021.4
1288190 2021.8
1288200 2024.0
1288210 2024.0
1288220 2028.3
1288230 2033.2
1288240 2039.0
1288250 2039.0
1288260 2045.9
1288270 2053.6
1288280 2053.6
1288290 2061.5
1288300 2069.2
1288310 2069.2
1288320 2076.4
1288330 2083.5
1288340 2083.5
1288350 2090.9
1288360 2102.2
1288370 2102.2
1288380 2117.1
1288390 2130.5
1288400 2130.5
1288410 2140.6
1288420 2149.9
1288430 2149.9
1288440 2161.7
1288450 2174.4
1288460 2184.6
1288470 2184.6
1288480 2198.4
1288490 2210.6
1288500 2210.6
1288510 2221.1
1288520 2232.6
1288530 2232.6
1288540 2241.6
1288550 2249.0
1288560 2249.0
1288570 2257.5
1288580 2263.3
1288590 2263.3
1288600 2256.8
1288610 2208.2
1288620 2208.2
1288630 2167.6
1288640 2165.8
1288650 2165.8
1288660 2165.1
1288670 2140.5
1288680 2127.1
1288690 2127.1
1288700 2123.1
1288710 2119.4
1288720 2119.4
1288730 2115.9
1288740 2112.6
1288750 2112.6
1288760 2109.6
1288770 2106.6
1288780 2106.6
1288790 2107.1
1288800 2108.7
1288810 2108.7
1288820 2111.4
1288830 2114.5
1288840 2114.5
1288850 2117.3
1288860 2119.8
1288870 2119.8
1288880 2122.0
1288890 2123.9
1288900 2126.9
1288910 2126.9
1288920 2129.9
1288930 2133.0
1288940 2133.0
1288950 2135.3
1288960 2136.9
1288970 2136.9
1288980 2139.6
1288990 2142.8
1289000 2142.8
1289010 2146.2
1289020 2149.7
1289030 2149.7
1289040 2153.1
1289050 2156.0
1289060 2156.0
1289070 2158.8
1289080 2161.7
1289090 2161.7
1289100 2164.8
1289110 2170.8
1289120 2173.9
1289130 2173.9
1289140 2178.0
1289150 2181.9
1289160 2181.9
1289170 2184.9
1289180 2188.4
1289190 2188.4
1289200 2192.0
1289210 2195.3
1289220 2195.3
1289230 2198.5
1289240 2201.7
1289250 2201.7
1289260 2204.9
1289270 2208.2
1289280 2208.2
1289290 2211.8
1289300 2215.4
1289310 2218.9
1289320 2218.9
1289330 2222.2
1289340 2226.1
1289350 2226.1
1289360 2230.6
1289370 2235.4
1289380 2235.4
1289390 2240.4
1289400 2245.9
1289410 2245.9
1289420 2251.4
1289430 2257.1
1289440 2257.1
1289450 2262.4
1289460 2268.5
1289470 2268.5
1289480 2274.6
1289490 2281.0
1289500 2281.0
1289510 2288.2
1289520 2295.8
1289530 2303.8
1289540 2303.8
1289550 2313.5
1289560 2323.3
1289570 2323.3
1289580 2337.1
1289590 2353.3
1289600 2353.3
1289610 2361.2
1289620 2367.8
1289630 2367.8
1289640 2374.9
1289650 2384.1
1289660 2384.1
1289670 2392.6
1289680 2399.8
1289690 2399.8
1289700 2407.4
1289710 2413.0
1289720 2413.0
1289730 2418.7
1289740 2425.0
1289750 2432.3
1289760 2437.2
1289770 2444.2
1289780 2450.9
1289790 2450.9
1289800 2457.9
1289810 2466.0
1289820 2466.0
1289830 2474.4
1289840 2482.0
1289850 2482.0
1289860 2490.7
1289870 2498.0
1289880 2498.0
1289890 2505.8
1289900 2516.1
1289910 2516.1
1289920 2526.2
1289930 2530.5
1289940 2530.5
1289950 2529.6
1289960 2530.9
1289970 2530.8
1289980 2530.8
1289990 2531.2
1290000 2531.1
1290010 2531.1
1290020 2524.2
1290030 2522.5
1290040 2522.5
1290050 2524.6
1290060 2527.8
1290070 2527.8
1290080 2517.5
1290090 2506.1
1290100 2506.1
1290110 2505.6
1290120 2507.6
1290130 2507.6
1290140 2504.6
1290150 2481.8
1290160 2481.8
1290170 2470.4
1290180 2464.1
1290190 2453.1
1290200 2453.1
1290210 2440.7
1290220 2431.3
1290230 2431.3
1290240 2426.4
1290250 2420.3
1290260 2420.3
1290270 2410.7
1290280 2404.6
1290290 2404.6
1290300 2399.2
1290310 2393.0
1290320 2393.0
1290330 2386.3
1290340 2379.5
1290350 2379.5
1290360 2373.2
1290370 2366.9
1290380 2366.9
1290390 2360.3
1290400 2354.2
1290410 2354.7
1290420 2354.7
1290430 2351.3
1290440 2346.9
1290450 2346.9
1290460 2340.8
1290470 2335.6
1290480 2335.6
1290490 2331.0
1290500 2327.0
1290510 2327.0
1290520 2323.7
1290530 2319.6
1290540 2319.6
1290550 2316.5
1290560 2314.2
1290570 2314.2
1290580 2312.2
1290590 2309.9
1290600 2309.9
1290610 2307.3
1290620 2304.4
1290630 2301.3
1290640 2301.3
1290650 2298.0
1290660 2294.4
1290670 2294.4
1290680 2290.8
1290690 2287.3
1290700 2287.3
1290710 2283.5
1290720 2280.4
1290730 2280.4
1290740 2278.2
1290750 2275.8
1290760 2275.8
1290770 2272.6
1290780 2267.5
1290790 2267.5
1290800 2263.1
1290810 2259.1
1290820 2259.1
1290830 2254.1
1290840 2251.9
1290850 2250.5
1290860 2250.5
1290870 2247.7
1290880 2245.9
1290890 2245.9
1290900 2240.9
1290910 2238.2
1290920 2238.2
1290930 2238.1
1290940 2240.3
1290950 2240.3
1290960 2238.6
1290970 2236.1
1290980 2236.1
1290990 2234.8
1291000 2236.8
1291010 2236.8
1291020 2241.4
1291030 2244.7
1291040 2244.7
1291050 2244.4
1291060 2241.4
1291070 2242.0
1291080 2242.0
1291090 2235.4
1291100 2225.1
1291110 2225.1
1291120 2215.3
1291130 2207.9
1291140 2207.9
1291150 2203.1
1291160 2201.9
1291170 2201.9
1291180 2200.8
1291190 2201.6
1291200 2201.6
1291210 2202.7
1291220 2204.1
1291230 2204.1
1291240 2203.6
1291250 2203.0
1291260 2203.0
1291270 2201.2
1291280 2196.4
1291290 2189.4
1291300 2189.4
1291310 2182.1
1291320 2175.6
1291330 2175.6
1291340 2169.7
1291350 2163.8
1291360 2163.8
1291370 2159.6
1291380 2157.7
1291390 2157.7
1291400 2157.1
1291410 2154.1
1291420 2154.1
1291430 2150.5
1291440 2147.5
1291450 2147.5
1291460 2146.5
1291470 2146.8
1291480 2143.5
1291490 2143.5
1291500 2142.0
1291510 2138.9
1291520 2138.9
1291530 2134.7
1291540 2128.9
1291550 2128.9
1291560 2121.7
1291570 2117.5
1291580 2117.5
1291590 2116.0
1291600 2115.8
1291610 2115.8
1291620 2114.0
1291630 2111.2
1291640 2111.2
1291650 2104.1
1291660 2095.6
1291670 2095.6
1291680 2087.4
1291690 2078.6
1291700 2071.1
1291710 2071.1
1291720 2072.8
1291730 2071.9
1291740 2071.9
1291750 2069.6
1291760 2063.9
1291770 2063.9
1291780 2057.9
1291790 2053.0
1291800 2053.0
1291810 2046.8
1291820 2037.3
1291830 2037.3
1291840 2031.5
1291850 2028.4
1291860 2028.4
1291870 2027.5
1291880 2023.5
1291890 2023.5
1291900 2020.7
1291910 2015.7
1291920 2010.8
1291930 2010.8
1291940 2006.2
1291950 2003.8
1291960 2003.8
1291970 2001.3
1291980 1997.2
1291990 1997.2
1292000 1994.4
1292010 1993.4
1292020 1993.4
1292030 1991.7
1292040 1990.2
1292050 1990.2
1292060 1989.0
1292070 1986.6
1292080 1986.6
1292090 1984.0
1292100 1980.6
1292110 1980.6
1292120 1981.3
1292130 1978.5
1292140 1976.1
1292150 1976.1
1292160 1973.5
1292170 1971.7
1292180 1971.7
1292190 1969.8
1292200 1967.4
1292210 1967.4
1292220 1964.3
1292230 1963.3
1292240 1963.3
1292250 1961.7
1292260 1961.8
1292270 1961.8
1292280 1960.2
1292290 1958.2
1292300 1958.2
1292310 1955.9
1292320 1953.4
1292330 1953.4
1292340 1952.0
1292350 1952.2
1292360 1952.5
1292370 1952.5
1292380 1956.8
1292390 1956.8
1292400 1956.8
1292410 1957.0
1292420 1956.1
1292430 1956.1
1292440 1955.1
1292450 1955.9
1292460 1955.9
1292470 1955.0
1292480 1953.7
1292490 1953.7
1292500 1952.7
1292510 1952.9
1292520 1952.9
1292530 1953.4
1292540 1953.6
1292550 1953.6
1292560 1955.1
1292570 1956.7
1292580 1958.1
1292590 1958.1
1292600 1960.0
1292610 1962.0
1292620 1962.0
1292630 1964.3
1292640 1967.4
1292650 1967.4
1292660 1969.8
1292670 1970.8
1292680 1970.8
1292690 1973.1
1292700 1974.3
1292710 1974.3
1292720 1974.6
1292730 1977.1
1292740 1977.1
1292750 1982.7
1292760 1988.5
1292770 1988.5
1292780 1991.4
1292790 1993.9
1292800 1996.5
1292810 1996.5
1292820 1999.7
1292830 2003.1
1292840 2003.1
1292850 2006.8
1292860 2010.7
1292870 2010.7
1292880 2014.9
1292890 2019.5
1292900 2019.5
1292910 2024.7
1292920 2029.2
1292930 2029.2
1292940 2032.4
1292950 2034.6
1292960 2034.6
1292970 2035.7
1292980 2036.6
1292990 2036.6
1293000 2037.0
1293010 2037.9
1293020 2039.3
1293030 2039.3
1293040 2046.7
1293050 2047.9
1293060 2047.9
1293070 2050.0
1293080 2049.7
1293090 2049.7
1293100 2046.4
1293110 2053.2
1293120 2053.2
1293130 2060.1
1293140 2064.8
1293150 2064.8
1293160 2069.5
1293170 2074.0
1293180 2074.0
1293190 2078.0
1293200 2081.6
1293210 2081.6
1293220 2085.4
1293230 2088.4
1293240 2090.0
1293250 2090.0
1293260 2090.3
1293270 2092.0
1293280 2092.0
1293290 2095.8
1293300 2100.2
1293310 2100.2
1293320 2103.9
1293330 2107.3
1293340 2107.3
1293350 2111.0
1293360 2113.3
1293370 2113.3
1293380 2115.5
1293390 2118.1
1293400 2118.1
1293410 2120.6
1293420 2123.4
1293430 2125.9
1293440 2125.9
1293450 2129.8
1293460 2135.5
1293470 2135.5
1293480 2139.9
1293490 2145.3
1293500 2145.3
1293510 2149.3
1293520 2150.9
1293530 2150.9
1293540 2149.9
1293550 2148.3
1293560 2148.3
1293570 2148.4
1293580 2151.3
1293590 2151.3
1293600 2154.6
1293610 2156.4
1293620 2156.4
1293630 2157.3
1293640 2158.0
1293650 2161.1
1293660 2161.1
1293670 2165.3
1293680 2168.2
1293690 2168.2
1293700 2161.7
1293710 2162.7
1293720 2162.7
1293730 2166.1
1293740 2170.1
1293750 2170.1
1293760 2172.0
1293770 2172.2
1293780 2172.2
1293790 2173.8
1293800 2176.1
1293810 2176.1
1293820 2182.7
1293830 2189.2
1293840 2189.2
1293850 2194.7
1293860 2199.7
1293870 2204.0
1293880 2204.0
1293890 2208.5
1293900 2214.3
1293910 2214.3
1293920 2221.0
1293930 2228.3
1293940 2228.3
1293950 2236.7
1293960 2243.7
1293970 2243.7
1293980 2248.9
1293990 2252.5
1294000 2252.5
1294010 2255.3
1294020 2257.5
1294030 2257.5
1294040 2258.8
1294050 2261.2
1294060 2261.2
1294070 2265.0
1294080 2268.9
1294090 2273.0
1294100 2273.0
1294110 2278.0
1294120 2282.7
1294130 2282.7
1294140 2290.0
1294150 2303.1
1294160 2303.1
1294170 2320.0
1294180 2334.7
1294190 2334.7
1294200 2345.5
1294210 2353.9
1294220 2353.9
1294230 2361.4
1294240 2369.8
1294250 2369.8
1294260 2376.6
1294270 2384.2
1294280 2384.2
1294290 2393.7
1294300 2403.5
1294310 2410.5
1294320 2410.5
1294330 2417.7
1294340 2426.6
1294350 2426.6
1294360 2436.5
1294370 2431.9
1294380 2431.9
1294390 2436.7
1294400 2440.3
1294410 2440.3
1294420 2447.5
1294430 2454.6
1294440 2454.6
1294450 2462.6
1294460 2469.2
1294470 2469.2
1294480 2475.3
1294490 2481.9
1294500 2481.9
1294510 2483.4
1294520 2481.2
1294530 2482.1
1294540 2482.1
1294550 2482.2
1294560 2478.3
1294570 2478.3
1294580 2472.6
1294590 2468.2
1294600 2468.2
1294610 2465.7
1294620 2465.4
1294630 2465.4
1294640 2465.7
1294650 2466.1
1294660 2466.1
1294670 2467.3
1294680 2466.7
1294690 2466.7
1294700 2466.6
1294710 2468.1
1294720 2468.1
1294730 2469.8
1294740 2470.2
1294750 2469.7
1294760 2469.7
1294770 2471.2
1294780 2472.3
1294790 2472.3
1294800 2474.7
1294810 2478.4
1294820 2478.4
1294830 2482.1
1294840 2486.6
1294850 2486.6
1294860 2489.9
1294870 2492.3
1294880 2492.3
1294890 2493.4
1294900 2493.6
1294910 2493.6
1294920 2493.7
1294930 2493.6
1294940 2493.6
1294950 2493.9
1294960 2494.5
1294970 2496.4
1294980 2496.4
1294990 2498.5
1295000 2500.4
1295010 2500.4
1295020 2501.5
1295030 2501.8
1295040 2501.8
1295050 2505.8
1295060 2510.6
1295070 2510.6
1295080 2515.9
1295090 2520.7
1295100 2520.7
1295110 2524.7
1295120 2527.6
1295130 2527.6
1295140 2530.0
1295150 2532.7
1295160 2532.7
1295170 2535.7
1295180 2539.4
1295190 2543.4
1295200 2543.4
1295210 2547.6
1295220 2552.6
1295230 2552.6
1295240 2557.5
1295250 2562.2
1295260 2562.2
1295270 2565.9
1295280 2569.2
1295290 2569.2
1295300 2571.9
1295310 2574.9
1295320 2574.9
1295330 2578.2
1295340 2581.9
1295350 2581.9
1295360 2585.7
1295370 2589.8
1295380 2593.5
1295390 2593.5
1295400 2596.0
1295410 2597.8
1295420 2597.8
1295430 2598.3
1295440 2598.6
1295450 2598.6
1295460 2599.6
1295470 2602.0
1295480 2602.0
1295490 2605.1
1295500 2607.1
1295510 2607.1
1295520 2609.2
1295530 2612.8
1295540 2612.8
1295550 2616.2
1295560 2618.7
1295570 2618.7
1295580 2621.1
1295590 2623.7
1295600 2626.8
1295610 2626.8
1295620 2629.8
1295630 2632.2
1295640 2632.2
1295650 2634.4
1295660 2636.7
1295670 2636.7
1295680 2639.3
1295690 2642.3
1295700 2644.3
1295710 2647.8
1295720 2651.3
1295730 2651.3
1295740 2654.3
1295750 2657.2
1295760 2657.2
1295770 2660.1
1295780 2663.1
1295790 2663.1
1295800 2665.9
1295810 2668.6
1295820 2671.4
1295830 2671.4
1295840 2674.7
1295850 2678.6
1295860 2678.6
1295870 2682.9
1295880 2687.8
1295890 2687.8
1295900 2693.1
1295910 2697.7
1295920 2697.7
1295930 2702.5
1295940 2708.4
1295950 2708.4
1295960 2715.8
1295970 2722.2
1295980 2722.2
1295990 2728.6
1296000 2735.2
1296010 2735.2
1296020 2740.3
1296030 2744.7
1296040 2748.8
1296050 2748.8
1296060 2753.4
1296070 2758.5
1296080 2758.5
1296090 2763.6
1296100 2768.8
1296110 2768.8
1296120 2774.1
1296130 2779.1
1296140 2779.1
1296150 2784.9
1296160 2790.4
1296170 2790.4
1296180 2795.9
1296190 2799.4
1296200 2799.4
1296210 2802.0
1296220 2805.3
1296230 2805.3
1296240 2809.0
1296250 2813.4
1296260 2818.0
1296270 2818.0
1296280 2822.7
1296290 2827.8
1296300 2827.8
1296310 2833.3
1296320 2839.1
1296330 2839.1
1296340 2844.6
1296350 2850.3
1296360 2850.3
1296370 2857.0
1296380 2865.0
1296390 2865.0
1296400 2872.7
1296410 2879.7
1296420 2879.7
1296430 2886.2
1296440 2892.8
1296450 2892.8
1296460 2900.4
1296470 2908.8
1296480 2919.4
1296490 2919.4
1296500 2935.3
1296510 2947.1
1296520 2947.1
1296530 2955.9
1296540 2963.5
1296550 2963.5
1296560 2971.0
1296570 2979.0
1296580 2979.0
1296590 2987.2
1296600 2996.3
1296610 2996.3
1296620 3006.2
1296630 3016.6
1296640 3016.6
1296650 3026.4
1296660 3035.4
1296670 3035.4
1296680 3041.9
1296690 3047.6
1296700 3052.5
1296710 3052.5
1296720 3056.7
1296730 3059.9
1296740 3059.9
1296750 3062.4
1296760 3063.8
1296770 3063.8
1296780 3064.5
1296790 3065.1
1296800 3065.1
1296810 3065.8
1296820 3067.1
1296830 3067.1
1296840 3068.9
1296850 3070.4
1296860 3070.4
1296870 3070.4
1296880 3069.6
1296890 3069.6
1296900 3068.5
1296910 3067.5
1296920 3065.1
1296930 3065.1
1296940 3057.0
1296950 3047.3
1296960 3047.3
1296970 3042.4
1296980 3038.5
1296990 3038.5
1297000 3035.7
1297010 3033.5
1297020 3033.5
1297030 3032.2
1297040 3031.0
1297050 3034.7
1297060 3033.8
1297070 3033.3
1297080 3033.3
1297090 3033.2
1297100 3033.3
1297110 3033.3
1297120 3033.4
1297130 3033.9
1297140 3034.8
1297150 3034.8
1297160 3035.7
1297170 3036.3
1297180 3036.3
1297190 3037.1
1297200 3037.9
1297210 3037.9
1297220 3038.7
1297230 3039.3
1297240 3039.3
1297250 3039.9
1297260 3040.3
1297270 3040.3
1297280 3040.8
1297290 3041.2
1297300 3041.2
1297310 3041.7
1297320 3042.2
1297330 3042.6
1297340 3042.6
1297350 3042.9
1297360 3043.2
1297370 3043.2
1297380 3043.7
1297390 3044.4
1297400 3044.4
1297410 3045.3
1297420 3046.1
1297430 3046.1
1297440 3046.9
1297450 3047.7
1297460 3047.7
1297470 3048.6
1297480 3049.6
1297490 3049.6
1297500 3050.7
1297510 3052.0
1297520 3052.0
1297530 3053.5
1297540 3055.0
1297550 3056.6
1297560 3056.6
1297570 3058.1
1297580 3059.6
1297590 3059.6
1297600 3061.3
1297610 3062.8
1297620 3062.8
1297630 3063.9
1297640 3065.2
1297650 3065.2
1297660 3066.5
1297670 3067.1
1297680 3067.1
1297690 3068.4
1297700 3069.8
1297710 3069.8
1297720 3070.9
1297730 3076.0
1297740 3076.0
1297750 3077.8
1297760 3080.0
1297770 3083.2
1297780 3083.2
1297790 3089.0
1297800 3093.9
1297810 3093.9
1297820 3096.3
1297830 3092.9
1297840 3092.9
1297850 3085.4
1297860 3078.8
1297870 3078.8
1297880 3074.3
1297890 3070.5
1297900 3070.5
1297910 3066.7
1297920 3062.4
1297930 3062.4
1297940 3058.3
1297950 3054.2
1297960 3054.2
1297970 3050.0
1297980 3046.2
1297990 3042.0
1298000 3042.0
1298010 3037.1
1298020 3031.8
1298030 3031.8
1298040 3026.2
1298050 3020.5
1298060 3020.5
1298070 3015.4
1298080 3010.6
1298090 3010.6
1298100 3005.5
1298110 3000.6
1298120 3000.6
1298130 2996.4
1298140 2992.1
1298150 2992.1
1298160 2987.6
1298170 2983.5
1298180 2983.5
1298190 2979.0
1298200 2974.7
1298210 2970.7
1298220 2970.7
1298230 2966.9
1298240 2963.2
1298250 2963.2
1298260 2959.5
1298270 2955.7
1298280 2955.7
1298290 2951.9
1298300 2948.3
1298310 2948.3
1298320 2945.1
1298330 2942.4
1298340 2942.4
1298350 2940.2
1298360 2938.7
1298370 2938.7
1298380 2937.7
1298390 2937.0
1298400 2937.0
1298410 2938.0
1298420 2937.6
1298430 2936.9
1298440 2936.9
1298450 2936.4
1298460 2936.2
1298470 2936.2
1298480 2935.9
1298490 2936.1
1298500 2936.1
1298510 2936.3
1298520 2936.8
1298530 2936.8
1298540 2937.6
1298550 2938.5
1298560 2938.5
1298570 2939.3
1298580 2940.1
1298590 2940.1
1298600 2940.9
1298610 2941.6
1298620 2941.6
1298630 2942.7
1298640 2944.0
1298650 2945.2
1298660 2945.2
1298670 2946.3
1298680 2947.4
1298690 2947.4
1298700 2948.7
1298710 2950.0
1298720 2950.0
1298730 2951.2
1298740 2952.4
1298750 2952.4
1298760 2953.3
1298770 2954.5
1298780 2954.5
1298790 2955.7
1298800 2956.9
1298810 2956.9
1298820 2958.1
1298830 2958.6
1298840 2958.6
1298850 2959.6
1298860 2961.0
1298870 2961.9
1298880 2961.9
1298890 2962.9
1298900 2963.9
1298910 2963.9
1298920 2964.5
1298930 2965.9
1298940 2965.9
1298950 2968.0
1298960 2969.2
1298970 2969.2
1298980 2969.8
1298990 2971.0
1299000 2971.0
1299010 2972.1
1299020 2972.2
1299030 2972.2
1299040 2972.6
1299050 2973.5
1299060 2973.5
1299070 2974.1
1299080 2974.7
1299090 2976.2
1299100 2976.2
1299110 2977.3
1299120 2979.0
1299130 2979.0
1299140 2980.8
1299150 2982.2
1299160 2982.2
1299170 2982.8
1299180 2983.0
1299190 2983.0
1299200 2983.4
1299210 2984.3
1299220 2984.3
1299230 2985.5
1299240 2987.1
1299250 2987.1
1299260 2989.4
1299270 2991.7
1299280 2994.1
1299290 2994.1
1299300 2996.6
1299310 2999.0
1299320 2999.0
1299330 3001.5
1299340 3004.0
1299350 3004.0
1299360 3006.5
1299370 3009.2
1299380 3009.2
1299390 3012.2
1299400 3015.4
1299410 3015.4
1299420 3018.9
1299430 3022.6
1299440 3022.6
1299450 3026.5
1299460 3030.4
1299470 3030.4
1299480 3034.5
1299490 3038.7
1299500 3042.9
1299510 3042.9
1299520 3047.2
1299530 3051.5
1299540 3051.5
1299550 3055.9
1299560 3060.2
1299570 3060.2
1299580 3064.5
1299590 3068.8
1299600 3068.8
1299610 3073.2
1299620 3077.7
1299630 3077.7
1299640 3082.1
1299650 3086.4
1299660 3086.4
1299670 3090.7
1299680 3094.5
1299690 3094.5
1299700 3098.0
1299710 3101.5
1299720 3105.1
1299730 3105.1
1299740 3108.9
1299750 3112.4
1299760 3112.4
1299770 3115.6
1299780 3120.4
1299790 3120.4
1299800 3123.4
1299810 3126.4
1299820 3126.4
1299830 3129.4
1299840 3132.6
1299850 3132.6
1299860 3135.7
1299870 3139.0
1299880 3139.0
1299890 3142.5
1299900 3146.2
1299910 3146.2
1299920 3150.1
1299930 3154.3
1299940 3159.3
1299950 3159.3
1299960 3167.5
1299970 3180.3
1299980 3180.3
1299990 3191.0
