1280000 1652.4
1280010 1654.1
1280020 1654.1
1280030 1654.6
1280040 1657.6
1280050 1657.6
1280060 1661.4
1280070 1662.8
1280080 1662.8
1280090 1663.4
1280100 1662.6
1280110 1662.6
1280120 1664.8
1280130 1666.7
1280140 1666.7
1280150 1668.2
1280160 1668.0
1280170 1668.7
1280180 1668.7
1280190 1666.0
1280200 1658.9
1280210 1658.9
1280220 1627.4
1280230 1601.9
1280240 1601.9
1280250 1578.0
1280260 1567.3
1280270 1567.3
1280280 1572.9
1280290 1583.2
1280300 1583.2
1280310 1591.1
1280320 1598.2
1280330 1598.2
1280340 1602.1
1280350 1600.3
1280360 1600.3
1280370 1596.0
1280380 1590.9
1280390 1579.6
1280400 1579.6
1280410 1571.8
1280420 1569.0
1280430 1569.0
1280440 1566.3
1280450 1568.6
1280460 1568.6
1280470 1572.4
1280480 1571.3
1280490 1571.3
1280500 1564.0
1280510 1557.4
1280520 1557.4
1280530 1552.3
1280540 1547.0
1280550 1547.0
1280560 1547.9
1280570 1548.8
1280580 1548.8
1280590 1549.2
1280600 1551.5
1280610 1554.1
1280620 1554.1
1280630 1554.2
1280640 1552.3
1280650 1552.3
1280660 1549.5
1280670 1546.6
1280680 1546.6
1280690 1542.7
1280700 1537.6
1280710 1537.6
1280720 1527.7
1280730 1521.0
1280740 1521.0
1280750 1514.3
1280760 1508.1
1280770 1508.1
1280780 1502.5
1280790 1496.9
1280800 1496.9
1280810 1492.0
1280820 1487.3
1280830 1482.3
1280840 1482.3
1280850 1478.4
1280860 1474.9
1280870 1474.9
1280880 1471.5
1280890 1467.8
1280900 1467.8
1280910 1464.4
1280920 1460.3
1280930 1460.3
1280940 1456.2
1280950 1451.4
1280960 1451.4
1280970 1444.3
1280980 1433.7
1280990 1433.7
1281000 1423.1
1281010 1415.2
1281020 1415.2
1281030 1414.3
1281040 1414.9
1281050 1417.3
1281060 1417.3
1281070 1419.8
1281080 1420.3
1281090 1420.3
1281100 1419.5
1281110 1417.9
1281120 1417.9
1281130 1414.4
1281140 1405.6
1281150 1405.6
1281160 1404.7
1281170 1409.9
1281180 1409.9
1281190 1410.4
1281200 1408.8
1281210 1408.8
1281220 1405.8
1281230 1400.1
1281240 1400.1
1281250 1390.8
1281260 1379.3
1281270 1366.6
1281280 1366.6
1281290 1354.2
1281300 1344.5
1281310 1344.5
1281320 1333.2
1281330 1324.6
1281340 1324.4
1281350 1314.4
1281360 1308.2
1281370 1308.2
1281380 1302.8
1281390 1297.0
1281400 1297.0
1281410 1298.6
1281420 1299.3
1281430 1299.3
1281440 1303.1
1281450 1309.8
1281460 1309.8
1281470 1319.0
1281480 1328.0
1281490 1334.1
1281500 1334.1
1281510 1334.2
1281520 1333.7
1281530 1333.7
1281540 1332.6
1281550 1331.7
1281560 1331.7
1281570 1330.5
1281580 1329.4
1281590 1329.4
1281600 1328.0
1281610 1325.6
1281620 1325.6
1281630 1321.0
1281640 1315.8
1281650 1315.8
1281660 1309.0
1281670 1300.4
1281680 1300.4
1281690 1292.8
1281700 1285.8
1281710 1280.9
1281720 1280.9
1281730 1283.9
1281740 1288.7
1281750 1288.7
1281760 1293.6
1281770 1295.6
1281780 1295.6
1281790 1295.0
1281800 1293.0
1281810 1293.0
1281820 1291.7
1281830 1290.5
1281840 1290.5
1281850 1288.9
1281860 1286.8
1281870 1286.8
1281880 1283.4
1281890 1279.5
1281900 1279.5
1281910 1276.9
1281920 1274.9
1281930 1272.4
1281940 1272.4
1281950 1269.5
1281960 1266.2
1281970 1260.5
1281980 1257.3
1281990 1252.3
1282000 1252.3
1282010 1245.1
1282020 1239.8
1282030 1239.8
1282040 1237.4
1282050 1236.3
1282060 1236.3
1282070 1235.9
1282080 1237.0
1282090 1237.0
1282100 1239.1
1282110 1240.0
1282120 1240.0
1282130 1241.4
1282140 1244.8
1282150 1248.6
1282160 1248.6
1282170 1250.2
1282180 1254.1
1282190 1254.1
1282200 1258.3
1282210 1263.3
1282220 1263.3
1282230 1268.0
1282240 1272.4
1282250 1272.4
1282260 1278.0
1282270 1283.1
1282280 1283.1
1282290 1286.5
1282300 1289.4
1282310 1289.4
1282320 1291.4
1282330 1292.6
1282340 1292.6
1282350 1293.4
1282360 1293.7
1282370 1294.0
1282380 1294.0
1282390 1294.9
1282400 1295.2
1282410 1295.2
1282420 1294.4
1282430 1294.3
1282440 1294.3
1282450 1295.8
1282460 1300.1
1282470 1300.1
1282480 1305.2
1282490 1309.3
1282500 1309.3
1282510 1314.1
1282520 1319.0
1282530 1319.0
1282540 1322.7
1282550 1325.7
1282560 1325.7
1282570 1328.1
1282580 1330.0
1282590 1327.5
1282600 1327.5
1282610 1329.0
1282620 1330.4
1282630 1330.4
1282640 1331.7
1282650 1332.9
1282660 1332.9
1282670 1334.1
1282680 1335.4
1282690 1335.4
1282700 1336.8
1282710 1337.4
1282720 1337.4
1282730 1335.6
1282740 1328.6
1282750 1328.6
1282760 1324.2
1282770 1321.7
1282780 1321.7
1282790 1320.4
1282800 1319.2
1282810 1318.0
1282820 1318.0
1282830 1318.0
1282840 1317.9
1282850 1317.9
1282860 1316.9
1282870 1315.0
1282880 1315.0
1282890 1308.8
1282900 1304.0
1282910 1304.0
1282920 1301.5
1282930 1299.4
1282940 1299.4
1282950 1297.2
1282960 1295.7
1282970 1295.7
1282980 1297.1
1282990 1299.5
1283000 1299.5
1283010 1301.2
1283020 1303.5
1283030 1304.3
1283040 1304.3
1283050 1303.6
1283060 1304.2
1283070 1304.2
1283080 1305.0
1283090 1305.6
1283100 1305.6
1283110 1307.4
1283120 1310.1
1283130 1310.1
1283140 1313.8
1283150 1318.3
1283160 1318.3
1283170 1320.6
1283180 1321.5
1283190 1321.5
1283200 1322.0
1283210 1322.8
1283220 1315.0
1283230 1318.4
1283240 1319.7
1283250 1321.7
1283260 1321.7
1283270 1324.2
1283280 1328.0
1283290 1328.0
1283300 1331.7
1283310 1333.7
1283320 1333.7
1283330 1332.4
1283340 1330.6
1283350 1330.6
1283360 1327.4
1283370 1324.4
1283380 1324.4
1283390 1323.7
1283400 1323.1
1283410 1323.1
1283420 1322.4
1283430 1323.0
1283440 1323.0
1283450 1325.0
1283460 1325.2
1283470 1326.0
1283480 1326.0
1283490 1328.4
1283500 1332.3
1283510 1332.3
1283520 1338.0
1283530 1343.8
1283540 1343.8
1283550 1356.1
1283560 1363.2
1283570 1363.2
1283580 1368.4
1283590 1371.7
1283600 1371.7
1283610 1373.0
1283620 1373.3
1283630 1373.3
1283640 1373.9
1283650 1375.0
1283660 1376.1
1283670 1376.1
1283680 1377.0
1283690 1377.3
1283700 1377.3
1283710 1377.2
1283720 1376.8
1283730 1376.8
1283740 1378.2
1283750 1379.7
1283760 1379.7
1283770 1380.5
1283780 1381.0
1283790 1381.0
1283800 1380.6
1283810 1380.3
1283820 1380.3
1283830 1380.1
1283840 1380.1
1283850 1385.9
1283860 1384.4
1283870 1381.8
1283880 1378.9
1283890 1378.9
1283900 1376.0
1283910 1373.3
1283920 1373.3
1283930 1370.9
1283940 1368.4
1283950 1368.4
1283960 1366.3
1283970 1365.0
1283980 1365.0
1283990 1365.0
1284000 1366.6
1284010 1366.6
1284020 1367.8
1284030 1368.2
1284040 1368.2
1284050 1368.0
1284060 1367.4
1284070 1367.4
1284080 1366.8
1284090 1366.2
1284100 1364.6
1284110 1364.6
1284120 1361.9
1284130 1360.0
1284140 1360.0
1284150 1359.1
1284160 1359.1
1284170 1359.1
1284180 1359.4
1284190 1359.8
1284200 1359.8
1284210 1361.3
1284220 1364.2
1284230 1364.2
1284240 1366.9
1284250 1369.0
1284260 1369.0
1284270 1372.3
1284280 1376.9
1284290 1376.9
1284300 1379.7
1284310 1381.4
1284320 1381.8
1284330 1381.8
1284340 1380.9
1284350 1379.3
1284360 1379.3
1284370 1377.4
1284380 1375.6
1284390 1375.6
1284400 1375.1
1284410 1374.9
1284420 1374.9
1284430 1375.3
1284440 1377.3
1284450 1377.3
1284460 1380.0
1284470 1382.7
1284480 1389.8
1284490 1392.1
1284500 1391.2
1284510 1391.2
1284520 1389.9
1284530 1389.5
1284540 1389.3
1284550 1389.3
1284560 1389.8
1284570 1390.8
1284580 1390.8
1284590 1392.1
1284600 1394.4
1284610 1394.4
1284620 1396.9
1284630 1398.1
1284640 1398.1
1284650 1398.8
1284660 1399.8
1284670 1399.8
1284680 1400.3
1284690 1400.6
1284700 1400.6
1284710 1401.0
1284720 1401.2
1284730 1401.2
1284740 1401.0
1284750 1400.0
1284760 1398.3
1284770 1398.3
1284780 1396.2
1284790 1395.0
1284800 1395.0
1284810 1395.0
1284820 1395.6
1284830 1395.6
1284840 1397.4
1284850 1399.5
1284860 1399.5
1284870 1399.9
1284880 1399.8
1284890 1399.8
1284900 1400.1
1284910 1400.6
1284920 1400.6
1284930 1401.1
1284940 1401.4
1284950 1401.4
1284960 1401.4
1284970 1400.8
1284980 1401.0
1284990 1401.0
1285000 1401.5
1285010 1402.4
1285020 1402.4
1285030 1403.6
1285040 1404.7
1285050 1404.7
1285060 1405.5
1285070 1406.0
1285080 1406.0
1285090 1406.7
1285100 1408.1
1285110 1408.1
1285120 1411.3
1285130 1413.0
1285140 1413.0
1285150 1413.8
1285160 1414.0
1285170 1414.0
1285180 1413.4
1285190 1415.5
1285200 1417.9
1285210 1417.9
1285220 1418.9
1285230 1420.5
1285240 1420.5
1285250 1422.9
1285260 1425.8
1285270 1425.8
1285280 1428.9
1285290 1430.7
1285300 1430.7
1285310 1432.2
1285320 1433.5
1285330 1433.5
1285340 1434.7
1285350 1435.8
1285360 1435.8
1285370 1436.8
1285380 1437.5
1285390 1437.5
1285400 1438.2
1285410 1439.3
1285420 1439.6
1285430 1439.6
1285440 1434.9
1285450 1428.6
1285460 1428.6
1285470 1426.9
1285480 1430.3
1285490 1430.3
1285500 1433.5
1285510 1437.1
1285520 1437.1
1285530 1439.0
1285540 1439.0
1285550 1439.0
1285560 1437.2
1285570 1434.8
1285580 1434.8
1285590 1436.5
1285600 1437.5
1285610 1437.5
1285620 1438.6
1285630 1438.9
1285640 1439.8
1285650 1439.8
1285660 1444.7
1285670 1449.6
1285680 1449.6
1285690 1454.1
1285700 1457.6
1285710 1457.6
1285720 1461.6
1285730 1464.3
1285740 1464.3
1285750 1465.2
1285760 1468.1
1285770 1468.1
1285780 1469.7
1285790 1470.9
1285800 1470.9
1285810 1472.1
1285820 1473.5
1285830 1473.5
1285840 1474.5
1285850 1475.2
1285860 1476.4
1285870 1476.4
1285880 1477.3
1285890 1478.5
1285900 1478.5
1285910 1480.0
1285920 1481.3
1285930 1481.3
1285940 1482.7
1285950 1484.7
1285960 1484.7
1285970 1486.7
1285980 1488.7
1285990 1488.7
1286000 1490.7
1286010 1492.5
1286020 1492.5
1286030 1495.0
1286040 1497.2
1286050 1497.2
1286060 1499.4
1286070 1501.1
1286080 1502.6
1286090 1502.6
1286100 1504.5
1286110 1506.6
1286120 1506.6
1286130 1509.0
1286140 1510.8
1286150 1510.8
1286160 1511.9
1286170 1513.4
1286180 1513.4
1286190 1515.6
1286200 1518.6
1286210 1518.6
1286220 1521.3
1286230 1523.0
1286240 1523.0
1286250 1524.7
1286260 1526.6
1286270 1526.6
1286280 1527.8
1286290 1528.8
1286300 1529.9
1286310 1529.9
1286320 1532.0
1286330 1533.5
1286340 1533.5
1286350 1533.6
1286360 1534.7
1286370 1534.7
1286380 1538.9
1286390 1544.9
1286400 1544.9
1286410 1549.1
1286420 1552.1
1286430 1552.1
1286440 1553.9
1286450 1555.3
1286460 1555.3
1286470 1556.5
1286480 1557.9
1286490 1557.9
1286500 1559.3
1286510 1561.4
1286520 1564.3
1286530 1564.3
1286540 1566.6
1286550 1567.5
1286560 1567.5
1286570 1568.4
1286580 1570.3
1286590 1570.3
1286600 1573.4
1286610 1577.0
1286620 1577.0
1286630 1580.9
1286640 1585.3
1286650 1585.3
1286660 1589.5
1286670 1592.7
1286680 1592.7
1286690 1595.3
1286700 1596.9
1286710 1596.9
1286720 1598.3
1286730 1601.9
1286740 1606.6
1286750 1606.6
1286760 1612.4
1286770 1618.3
1286780 1618.3
1286790 1624.2
1286800 1629.1
1286810 1629.1
1286820 1634.7
1286830 1640.2
1286840 1640.2
1286850 1644.9
1286860 1649.4
1286870 1649.4
1286880 1653.4
1286890 1656.8
1286900 1656.8
1286910 1659.7
1286920 1662.9
1286930 1662.9
1286940 1666.6
1286950 1670.3
1286960 1674.5
1286970 1674.5
1286980 1678.5
1286990 1682.3
1287000 1682.3
1287010 1686.1
1287020 1689.8
1287030 1694.3
1287040 1698.2
1287050 1701.6
1287060 1701.6
1287070 1704.9
1287080 1708.0
1287090 1708.0
1287100 1711.1
1287110 1714.4
1287120 1714.4
1287130 1718.0
1287140 1721.2
1287150 1724.3
1287160 1724.3
1287170 1727.1
1287180 1728.8
1287190 1728.8
1287200 1730.3
1287210 1732.4
1287220 1732.4
1287230 1734.7
1287240 1737.0
1287250 1737.0
1287260 1738.3
1287270 1737.9
1287280 1737.9
1287290 1736.0
1287300 1734.2
1287310 1734.2
1287320 1732.1
1287330 1730.1
1287340 1730.1
1287350 1731.3
1287360 1732.8
1287370 1733.3
1287380 1733.3
1287390 1733.8
1287400 1735.4
1287410 1735.4
1287420 1738.5
1287430 1742.1
1287440 1742.1
1287450 1744.8
1287460 1748.4
1287470 1748.4
1287480 1752.6
1287490 1754.9
1287500 1754.9
1287510 1756.4
1287520 1757.3
1287530 1757.3
1287540 1759.6
1287550 1763.7
1287560 1763.7
1287570 1767.6
1287580 1771.0
1287590 1772.9
1287600 1772.9
1287610 1774.0
1287620 1775.0
1287630 1775.0
1287640 1777.6
1287650 1781.4
1287660 1781.4
1287670 1784.2
1287680 1787.3
1287690 1787.3
1287700 1788.5
1287710 1791.4
1287720 1791.4
1287730 1796.9
1287740 1802.7
1287750 1802.7
1287760 1808.3
1287770 1814.0
1287780 1814.0
1287790 1818.9
1287800 1820.6
1287810 1821.5
1287820 1821.5
1287830 1821.8
1287840 1821.1
1287850 1821.1
1287860 1821.3
1287870 1823.7
1287880 1823.7
1287890 1825.2
1287900 1825.1
1287910 1825.1
1287920 1825.5
1287930 1826.0
1287940 1826.0
1287950 1826.0
1287960 1824.6
1287970 1824.6
1287980 1824.3
1287990 1825.7
1288000 1825.7
1288010 1828.8
1288020 1833.6
1288030 1838.8
1288040 1838.8
1288050 1842.9
1288060 1845.2
1288070 1845.2
1288080 1847.1
1288090 1848.9
1288100 1848.9
1288110 1850.7
1288120 1852.3
1288130 1852.3
1288140 1854.0
1288150 1856.1
1288160 1856.1
1288170 1856.8
1288180 1858.8
1288190 1858.8
1288200 1861.5
1288210 1864.2
1288220 1864.2
1288230 1867.0
1288240 1870.2
1288250 1871.6
1288260 1871.6
1288270 1873.0
1288280 1874.1
1288290 1874.1
1288300 1876.1
1288310 1877.8
1288320 1881.0
1288330 1883.1
1288340 1885.5
1288350 1885.5
1288360 1888.4
1288370 1890.6
1288380 1890.6
1288390 1892.2
1288400 1892.6
1288410 1892.6
1288420 1891.8
1288430 1890.4
1288440 1890.4
1288450 1890.2
1288460 1891.6
1288470 1892.9
1288480 1892.9
1288490 1894.7
1288500 1894.4
1288510 1894.4
1288520 1895.8
1288530 1900.0
1288540 1900.0
1288550 1902.9
1288560 1903.9
1288570 1903.9
1288580 1906.3
1288590 1912.7
1288600 1912.7
1288610 1919.8
1288620 1926.5
1288630 1926.5
1288640 1932.4
1288650 1936.3
1288660 1936.3
1288670 1937.4
1288680 1937.1
1288690 1938.5
1288700 1938.5
1288710 1941.1
1288720 1944.3
1288730 1944.3
1288740 1947.7
1288750 1951.1
1288760 1951.1
1288770 1954.1
1288780 1958.2
1288790 1958.2
1288800 1962.2
1288810 1965.9
1288820 1965.9
1288830 1969.3
1288840 1972.5
1288850 1972.5
1288860 1975.9
1288870 1979.7
1288880 1979.7
1288890 1983.4
1288900 1986.7
1288910 1989.9
1288920 1989.9
1288930 1992.5
1288940 1994.7
1288950 1994.7
1288960 1996.9
1288970 2006.5
1288980 2006.5
1288990 2008.0
1289000 2008.0
1289010 2008.0
1289020 2006.7
1289030 2005.2
1289040 2005.2
1289050 2005.0
1289060 2007.3
1289070 2007.3
1289080 2010.5
1289090 2013.4
1289100 2013.4
1289110 2015.2
1289120 2017.1
1289130 2021.9
1289140 2021.9
1289150 2027.7
1289160 2032.9
1289170 2032.9
1289180 2038.1
1289190 2042.9
1289200 2042.9
1289210 2047.4
1289220 2051.4
1289230 2051.4
1289240 2054.4
1289250 2056.6
1289260 2056.6
1289270 2058.7
1289280 2061.8
1289290 2061.8
1289300 2065.2
1289310 2068.0
1289320 2068.0
1289330 2070.4
1289340 2072.7
1289350 2075.2
1289360 2075.2
1289370 2076.1
1289380 2076.6
1289390 2076.6
1289400 2077.4
1289410 2079.4
1289420 2079.4
1289430 2081.2
1289440 2084.6
1289450 2084.6
1289460 2091.2
1289470 2097.6
1289480 2097.6
1289490 2100.8
1289500 2102.3
1289510 2102.3
1289520 2103.8
1289530 2105.0
1289540 2105.0
1289550 2106.2
1289560 2107.4
1289570 2108.8
1289580 2108.8
1289590 2110.3
1289600 2111.9
1289610 2111.9
1289620 2115.7
1289630 2117.8
1289640 2117.8
1289650 2121.0
1289660 2124.1
1289670 2124.1
1289680 2126.3
1289690 2127.8
1289700 2127.8
1289710 2128.5
1289720 2128.6
1289730 2128.6
1289740 2127.8
1289750 2126.9
1289760 2126.9
1289770 2126.6
1289780 2127.7
1289790 2128.9
1289800 2128.9
1289810 2130.4
1289820 2131.9
1289830 2131.9
1289840 2133.2
1289850 2134.4
1289860 2134.4
1289870 2135.1
1289880 2135.2
1289890 2135.2
1289900 2136.9
1289910 2140.9
1289920 2140.9
1289930 2145.2
1289940 2149.0
1289950 2149.0
1289960 2152.6
1289970 2155.7
1289980 2155.7
1289990 2159.4
1290000 2163.7
1290010 2167.2
1290020 2167.2
1290030 2168.4
1290040 2171.2
1290050 2171.2
1290060 2173.9
1290070 2174.6
1290080 2174.6
1290090 2174.6
1290100 2175.2
1290110 2175.2
1290120 2178.0
1290130 2180.4
1290140 2180.4
1290150 2182.9
1290160 2185.2
1290170 2185.2
1290180 2186.7
1290190 2182.1
1290200 2176.4
1290210 2176.4
1290220 2169.6
1290230 2162.3
1290240 2162.3
1290250 2153.8
1290260 2149.3
1290270 2152.3
1290280 2141.4
1290290 2134.3
1290300 2134.3
1290310 2124.8
1290320 2114.5
1290330 2114.5
1290340 2103.2
1290350 2098.1
1290360 2098.1
1290370 2094.5
1290380 2089.9
1290390 2089.9
1290400 2084.9
1290410 2080.9
1290420 2077.5
1290430 2077.5
1290440 2073.9
1290450 2072.2
1290460 2072.2
1290470 2076.6
1290480 2080.7
1290490 2080.7
1290500 2085.6
1290510 2089.8
1290520 2089.8
1290530 2093.2
1290540 2096.9
1290550 2096.9
1290560 2100.1
1290570 2102.9
1290580 2102.9
1290590 2106.4
1290600 2109.6
1290610 2109.6
1290620 2112.9
1290630 2116.8
1290640 2121.1
1290650 2121.1
1290660 2123.9
1290670 2124.2
1290680 2124.2
1290690 2124.1
1290700 2123.6
1290710 2123.6
1290720 2124.6
1290730 2124.8
1290740 2124.8
1290750 2123.1
1290760 2125.8
1290770 2125.8
1290780 2128.5
1290790 2128.8
1290800 2128.8
1290810 2121.4
1290820 2114.9
1290830 2114.9
1290840 2110.1
1290850 2104.9
1290860 2097.5
1290870 2097.5
1290880 2090.3
1290890 2085.9
1290900 2085.9
1290910 2080.6
1290920 2073.7
1290930 2073.7
1290940 2069.9
1290950 2067.7
1290960 2067.7
1290970 2065.6
1290980 2062.5
1290990 2062.5
1291000 2058.9
1291010 2055.6
1291020 2055.6
1291030 2051.6
1291040 2047.4
1291050 2047.4
1291060 2043.2
1291070 2041.0
1291080 2040.8
1291090 2040.8
1291100 2042.5
1291110 2044.7
1291120 2044.7
1291130 2040.0
1291140 2038.5
1291150 2038.5
1291160 2038.3
1291170 2034.7
1291180 2034.7
1291190 2030.1
1291200 2020.2
1291210 2020.2
1291220 2006.6
1291230 1999.1
1291240 1999.1
1291250 1991.9
1291260 1984.3
1291270 1984.3
1291280 1978.3
1291290 1975.1
1291300 1972.7
1291310 1972.7
1291320 1971.5
1291330 1969.4
1291340 1969.4
1291350 1966.0
1291360 1962.7
1291370 1962.7
1291380 1960.4
1291390 1959.6
1291400 1959.6
1291410 1956.8
1291420 1950.0
1291430 1950.0
1291440 1939.9
1291450 1931.9
1291460 1931.9
1291470 1925.5
1291480 1919.2
1291490 1919.2
1291500 1913.4
1291510 1909.0
1291520 1904.0
1291530 1904.0
1291540 1899.5
1291550 1895.4
1291560 1895.4
1291570 1891.4
1291580 1891.5
1291590 1891.5
1291600 1888.6
1291610 1884.7
1291620 1884.7
1291630 1883.5
1291640 1883.2
1291650 1883.2
1291660 1882.4
1291670 1882.0
1291680 1882.0
1291690 1881.5
1291700 1879.9
1291710 1879.9
1291720 1877.8
1291730 1876.4
1291740 1875.0
1291750 1875.0
1291760 1873.6
1291770 1873.2
1291780 1873.2
1291790 1872.0
1291800 1872.2
1291810 1872.2
1291820 1873.4
1291830 1875.3
1291840 1875.3
1291850 1876.1
1291860 1877.9
1291870 1877.9
1291880 1880.0
1291890 1880.6
1291900 1880.6
1291910 1882.2
1291920 1883.5
1291930 1883.5
1291940 1880.1
1291950 1873.4
1291960 1864.9
1291970 1864.9
1291980 1856.5
1291990 1848.6
1292000 1848.6
1292010 1841.3
1292020 1834.6
1292030 1834.6
1292040 1827.9
1292050 1822.7
1292060 1822.7
1292070 1826.2
1292080 1832.5
1292090 1832.5
1292100 1838.2
1292110 1843.8
1292120 1843.8
1292130 1850.3
1292140 1857.6
1292150 1857.6
1292160 1864.3
1292170 1871.0
1292180 1877.1
1292190 1877.1
1292200 1883.5
1292210 1888.4
1292220 1888.4
1292230 1893.0
1292240 1896.2
1292250 1896.2
1292260 1900.9
1292270 1904.6
1292280 1904.6
1292290 1909.1
1292300 1914.2
1292310 1914.2
1292320 1918.6
1292330 1922.5
1292340 1922.5
1292350 1926.5
1292360 1931.1
1292370 1931.1
1292380 1936.4
1292390 1941.4
1292400 1946.3
1292410 1946.3
1292420 1951.4
1292430 1957.3
1292440 1957.3
1292450 1965.4
1292460 1974.5
1292470 1974.5
1292480 1984.9
1292490 1995.0
1292500 1995.0
1292510 2004.8
1292520 2012.3
1292530 2012.3
1292540 2019.8
1292550 2027.2
1292560 2027.2
1292570 2036.6
1292580 2046.7
1292590 2046.7
1292600 2058.5
1292610 2067.4
1292620 2075.8
1292630 2075.8
1292640 2084.6
1292650 2094.8
1292660 2094.8
1292670 2105.0
1292680 2113.9
1292690 2113.9
1292700 2121.5
1292710 2126.5
1292720 2126.5
1292730 2130.6
1292740 2134.8
1292750 2134.8
1292760 2138.8
1292770 2143.0
1292780 2143.0
1292790 2147.2
1292800 2151.7
1292810 2151.7
1292820 2156.7
1292830 2162.7
1292840 2168.5
1292850 2168.5
1292860 2173.9
1292870 2177.6
1292880 2177.6
1292890 2180.6
1292900 2182.0
1292910 2182.0
1292920 2185.8
1292930 2189.0
1292940 2189.0
1292950 2192.3
1292960 2196.2
1292970 2196.2
1292980 2201.1
1292990 2205.9
1293000 2205.9
1293010 2210.4
1293020 2214.9
1293030 2219.2
1293040 2219.2
1293050 2222.6
1293060 2225.4
1293070 2225.4
1293080 2228.9
1293090 2232.7
1293100 2232.7
1293110 2236.2
1293120 2239.4
1293130 2239.4
1293140 2242.6
1293150 2246.5
1293160 2246.5
1293170 2250.5
1293180 2254.5
1293190 2254.5
1293200 2257.6
1293210 2259.6
1293220 2259.6
1293230 2262.1
1293240 2265.7
1293250 2269.8
1293260 2269.8
1293270 2273.8
1293280 2277.9
1293290 2277.9
1293300 2281.6
1293310 2285.4
1293320 2285.4
1293330 2289.0
1293340 2292.0
1293350 2292.0
1293360 2294.3
1293370 2295.8
1293380 2295.8
1293390 2297.3
1293400 2299.1
1293410 2299.1
1293420 2300.9
1293430 2302.7
1293440 2302.7
1293450 2304.7
1293460 2307.4
1293470 2310.1
1293480 2310.1
1293490 2312.5
1293500 2315.1
1293510 2315.1
1293520 2317.6
1293530 2320.1
1293540 2320.1
1293550 2323.0
1293560 2326.3
1293570 2326.3
1293580 2329.4
1293590 2332.6
1293600 2332.6
1293610 2336.3
1293620 2339.7
1293630 2339.7
1293640 2342.7
1293650 2345.8
1293660 2345.8
1293670 2349.1
1293680 2352.8
1293690 2356.3
1293700 2356.3
1293710 2359.6
1293720 2362.9
1293730 2362.9
1293740 2367.0
1293750 2371.0
1293760 2371.0
1293770 2374.9
1293780 2379.2
1293790 2379.2
1293800 2384.0
1293810 2388.8
1293820 2388.8
1293830 2394.0
1293840 2398.8
1293850 2398.8
1293860 2402.2
1293870 2404.8
1293880 2404.8
1293890 2408.2
1293900 2412.1
1293910 2414.8
1293920 2414.8
1293930 2418.0
1293940 2420.4
1293950 2420.4
1293960 2421.9
1293970 2423.5
1293980 2423.5
1293990 2425.1
1294000 2426.6
1294010 2426.6
1294020 2426.1
1294030 2426.0
1294040 2426.0
1294050 2426.4
1294060 2427.8
1294070 2427.8
1294080 2428.3
1294090 2428.0
1294100 2428.0
1294110 2429.1
1294120 2431.2
1294130 2435.4
1294140 2435.4
1294150 2441.7
1294160 2448.8
1294170 2448.8
1294180 2455.8
1294190 2462.5
1294200 2462.5
1294210 2468.6
1294220 2475.4
1294230 2475.4
1294240 2482.0
1294250 2488.4
1294260 2488.4
1294270 2493.9
1294280 2500.2
1294290 2500.2
1294300 2506.1
1294310 2512.4
1294320 2512.4
1294330 2518.6
1294340 2524.7
1294350 2531.1
1294360 2531.1
1294370 2537.6
1294380 2544.1
1294390 2544.1
1294400 2550.9
1294410 2558.1
1294420 2558.1
1294430 2565.9
1294440 2573.9
1294450 2573.9
1294460 2581.3
1294470 2588.4
1294480 2588.4
1294490 2595.8
1294500 2603.5
1294510 2603.5
1294520 2610.6
1294530 2617.6
1294540 2617.6
1294550 2624.6
1294560 2631.3
1294570 2637.5
1294580 2637.5
1294590 2643.7
1294600 2650.1
1294610 2650.1
1294620 2656.6
1294630 2662.7
1294640 2662.7
1294650 2669.0
1294660 2675.0
1294670 2675.0
1294680 2680.7
1294690 2685.8
1294700 2685.8
1294710 2691.3
1294720 2697.0
1294730 2697.0
1294740 2702.6
1294750 2708.2
1294760 2708.2
1294770 2713.5
1294780 2718.7
1294790 2724.2
1294800 2724.2
1294810 2729.9
1294820 2736.3
1294830 2736.3
1294840 2743.2
1294850 2749.8
1294860 2749.8
1294870 2755.7
1294880 2759.5
1294890 2756.8
1294900 2761.8
1294910 2760.8
1294920 2760.8
1294930 2751.4
1294940 2747.4
1294950 2747.4
1294960 2747.5
1294970 2752.0
1294980 2752.0
1294990 2752.3
1295000 2748.8
1295010 2744.2
1295020 2744.2
1295030 2743.5
1295040 2741.3
1295050 2741.3
1295060 2735.3
1295070 2731.5
1295080 2731.5
1295090 2730.0
1295100 2726.5
1295110 2726.5
1295120 2723.0
1295130 2717.9
1295140 2717.9
1295150 2714.5
1295160 2712.4
1295170 2712.4
1295180 2710.1
1295190 2707.7
1295200 2707.7
1295210 2706.5
1295220 2706.3
1295230 2705.8
1295240 2705.8
1295250 2706.3
1295260 2705.5
1295270 2705.5
1295280 2706.4
1295290 2708.0
1295300 2708.0
1295310 2708.0
1295320 2706.1
1295330 2706.1
1295340 2704.6
1295350 2705.1
1295360 2705.1
1295370 2706.8
1295380 2709.2
1295390 2709.2
1295400 2711.8
1295410 2714.2
1295420 2714.2
1295430 2716.2
1295440 2717.9
1295450 2721.5
1295460 2721.5
1295470 2725.3
1295480 2727.8
1295490 2727.8
1295500 2730.6
1295510 2734.1
1295520 2734.1
1295530 2738.4
1295540 2743.7
1295550 2743.7
1295560 2754.9
1295570 2765.6
1295580 2765.6
1295590 2776.9
1295600 2781.3
1295610 2781.3
1295620 2796.2
1295630 2831.7
1295640 2831.7
1295650 2836.7
1295660 2841.4
1295670 2848.7
1295680 2848.7
1295690 2860.9
1295700 2871.1
1295710 2871.1
1295720 2877.1
1295730 2881.3
1295740 2881.3
1295750 2890.1
1295760 2896.9
1295770 2896.9
1295780 2903.3
1295790 2911.9
1295800 2911.9
1295810 2919.8
1295820 2926.5
1295830 2926.5
1295840 2932.2
1295850 2937.8
1295860 2942.8
1295870 2942.8
1295880 2945.1
1295890 2946.1
1295900 2946.1
1295910 2947.8
1295920 2951.4
1295930 2951.4
1295940 2954.2
1295950 2956.9
1295960 2956.9
1295970 2961.0
1295980 2967.3
1295990 2967.3
1296000 2973.8
1296010 2979.5
1296020 2979.5
1296030 2985.4
1296040 2989.5
1296050 2989.5
1296060 2991.0
1296070 2989.0
1296080 2981.6
1296090 2981.6
1296100 2973.0
1296110 2965.6
1296120 2965.6
1296130 2959.1
1296140 2954.6
1296150 2954.6
1296160 2951.1
1296170 2946.6
1296180 2946.6
1296190 2942.9
1296200 2939.7
1296210 2939.7
1296220 2938.1
1296230 2945.8
1296240 2945.8
1296250 2945.2
1296260 2945.5
1296270 2945.5
1296280 2944.7
1296290 2946.0
1296300 2946.6
1296310 2946.6
1296320 2948.8
1296330 2952.3
1296340 2952.3
1296350 2969.9
1296360 2982.4
1296370 2982.4
1296380 2990.5
1296390 2994.4
1296400 2994.4
1296410 2996.4
1296420 3003.2
1296430 3003.2
1296440 3010.0
1296450 3012.1
1296460 3012.1
1296470 3013.2
1296480 3014.2
1296490 3014.2
1296500 3016.7
1296510 3015.6
1296520 3008.0
1296530 3008.0
1296540 2999.9
1296550 2990.9
1296560 2990.9
1296570 2978.7
1296580 2966.2
1296590 2966.2
1296600 2952.8
1296610 2941.0
1296620 2941.0
1296630 2932.7
1296640 2925.0
1296650 2925.0
1296660 2914.9
1296670 2900.7
1296680 2900.7
1296690 2880.8
1296700 2875.4
1296710 2875.4
1296720 2871.2
1296730 2867.4
1296740 2863.5
1296750 2863.5
1296760 2860.3
1296770 2857.6
1296780 2857.6
1296790 2855.2
1296800 2853.1
1296810 2853.1
1296820 2851.3
1296830 2849.8
1296840 2849.8
1296850 2848.5
1296860 2847.5
1296870 2847.5
1296880 2846.8
1296890 2846.6
1296900 2846.6
1296910 2850.1
1296920 2849.8
1296930 2849.8
1296940 2849.8
1296950 2850.0
1296960 2850.2
1296970 2850.2
1296980 2850.7
1296990 2851.4
1297000 2851.4
1297010 2852.2
1297020 2853.0
1297030 2853.0
1297040 2853.8
1297050 2854.5
1297060 2854.5
1297070 2855.2
1297080 2855.8
1297090 2855.8
1297100 2856.2
1297110 2856.3
1297120 2856.3
1297130 2856.2
1297140 2855.8
1297150 2855.8
1297160 2855.5
1297170 2855.3
1297180 2855.2
1297190 2855.2
1297200 2855.5
1297210 2856.1
1297220 2856.1
1297230 2856.8
1297240 2857.0
1297250 2857.0
1297260 2857.1
1297270 2857.3
1297280 2857.3
1297290 2857.7
1297300 2858.3
1297310 2858.3
1297320 2859.3
1297330 2860.6
1297340 2860.6
1297350 2862.1
1297360 2863.7
1297370 2863.7
1297380 2865.0
1297390 2866.1
1297400 2866.8
1297410 2866.8
1297420 2867.3
1297430 2867.5
1297440 2867.5
1297450 2867.8
1297460 2868.0
1297470 2868.0
1297480 2868.3
1297490 2868.8
1297500 2868.8
1297510 2869.2
1297520 2869.6
1297530 2869.6
1297540 2870.1
1297550 2870.6
1297560 2870.6
1297570 2871.0
1297580 2871.2
1297590 2874.7
1297600 2874.7
1297610 2875.1
1297620 2875.4
1297630 2875.4
1297640 2875.6
1297650 2875.6
1297660 2875.6
1297670 2875.4
1297680 2875.3
1297690 2875.3
1297700 2875.1
1297710 2874.9
1297720 2874.9
1297730 2875.0
1297740 2875.3
1297750 2875.3
1297760 2875.4
1297770 2875.5
1297780 2875.5
1297790 2875.9
1297800 2876.6
1297810 2876.6
1297820 2879.2
1297830 2885.6
1297840 2888.2
1297850 2888.2
1297860 2889.4
1297870 2889.9
1297880 2889.9
1297890 2889.8
1297900 2888.0
1297910 2888.0
1297920 2881.3
1297930 2868.7
1297940 2868.7
1297950 2864.4
1297960 2862.8
1297970 2862.8
1297980 2860.9
1297990 2859.5
1298000 2859.5
1298010 2858.0
1298020 2856.1
1298030 2856.1
1298040 2853.8
1298050 2850.5
1298060 2848.5
1298070 2848.5
1298080 2846.4
1298090 2844.0
1298100 2844.0
1298110 2843.0
1298120 2843.1
1298130 2843.1
1298140 2842.7
1298150 2842.5
1298160 2842.5
1298170 2842.8
1298180 2843.1
1298190 2843.1
1298200 2843.3
1298210 2844.2
1298220 2844.2
1298230 2844.0
1298240 2842.9
1298250 2842.9
1298260 2844.8
1298270 2845.8
1298280 2847.0
1298290 2847.0
1298300 2847.6
1298310 2848.0
1298320 2848.0
1298330 2846.6
1298340 2847.9
1298350 2847.9
1298360 2847.9
1298370 2845.6
1298380 2845.6
1298390 2846.5
1298400 2850.0
1298410 2850.0
1298420 2850.4
1298430 2849.8
1298440 2849.8
1298450 2849.7
1298460 2849.9
1298470 2849.9
1298480 2849.9
1298490 2849.8
1298500 2849.3
1298510 2849.3
1298520 2848.7
1298530 2848.2
1298540 2848.2
1298550 2847.7
1298560 2847.1
1298570 2847.1
1298580 2846.2
1298590 2845.5
1298600 2845.5
1298610 2844.9
1298620 2844.2
1298630 2844.2
1298640 2843.6
1298650 2843.0
1298660 2843.0
1298670 2842.5
1298680 2841.9
1298690 2841.3
1298700 2841.3
1298710 2840.8
1298720 2840.1
1298730 2840.1
1298740 2839.6
1298750 2839.3
1298760 2839.3
1298770 2839.4
1298780 2839.7
1298790 2839.7
1298800 2840.1
1298810 2840.1
1298820 2840.1
1298830 2840.1
1298840 2840.1
1298850 2840.1
1298860 2839.9
1298870 2839.7
1298880 2839.7
1298890 2839.5
1298900 2839.5
1298910 2839.4
1298920 2839.4
1298930 2839.6
1298940 2840.0
1298950 2842.4
1298960 2843.0
1298970 2843.9
1298980 2843.9
1298990 2844.8
1299000 2846.0
1299010 2846.0
1299020 2847.2
1299030 2848.7
1299040 2848.7
1299050 2850.5
1299060 2852.4
1299070 2852.4
1299080 2854.5
1299090 2856.5
1299100 2856.5
1299110 2859.2
1299120 2862.1
1299130 2865.0
1299140 2865.0
1299150 2868.0
1299160 2871.8
1299170 2871.8
1299180 2876.1
1299190 2881.9
1299200 2881.9
1299210 2897.3
1299220 2918.9
1299230 2918.9
1299240 2930.5
1299250 2934.0
1299260 2934.0
1299270 2934.5
1299280 2934.7
1299290 2934.7
1299300 2935.8
1299310 2937.3
1299320 2937.3
1299330 2938.2
1299340 2939.3
1299350 2939.9
1299360 2939.9
1299370 2937.7
1299380 2936.8
1299390 2936.8
1299400 2937.6
1299410 2938.8
1299420 2938.8
1299430 2940.3
1299440 2942.0
1299450 2942.0
1299460 2943.8
1299470 2945.5
1299480 2945.5
1299490 2947.1
1299500 2948.4
1299510 2948.4
1299520 2949.5
1299530 2950.4
1299540 2950.4
1299550 2951.2
1299560 2952.0
1299570 2952.8
1299580 2952.8
1299590 2953.6
1299600 2954.5
1299610 2954.5
1299620 2955.6
1299630 2961.4
1299640 2961.4
1299650 2963.0
1299660 2964.8
1299670 2964.8
1299680 2964.7
1299690 2961.1
1299700 2961.1
1299710 2956.4
1299720 2950.7
1299730 2950.7
1299740 2946.2
1299750 2943.8
1299760 2943.8
1299770 2944.4
1299780 2947.4
1299790 2962.0
1299800 2962.0
1299810 2980.8
1299820 2994.1
1299830 2994.1
1299840 3008.4
1299850 3021.7
1299860 3021.7
1299870 3031.3
1299880 3037.6
1299890 3037.6
1299900 3041.2
1299910 3043.8
1299920 3043.8
1299930 3046.5
1299940 3049.0
1299950 3049.0
1299960 3051.6
1299970 3054.8
1299980 3054.8
1299990 3058.0
