1280000 1659.7
1280010 1666.0
1280020 1672.1
1280030 1672.1
1280040 1678.7
1280050 1684.7
1280060 1691.0
1280070 1691.0
1280080 1697.1
1280090 1703.1
1280100 1703.1
1280110 1709.6
1280120 1716.0
1280130 1716.0
1280140 1721.0
1280150 1722.8
1280160 1722.8
1280170 1726.9
1280180 1732.2
1280190 1732.2
1280200 1737.7
1280210 1742.1
1280220 1742.1
1280230 1744.8
1280240 1747.1
1280250 1747.1
1280260 1750.1
1280270 1752.8
1280280 1754.7
1280290 1754.7
1280300 1757.0
1280310 1757.1
1280320 1757.1
1280330 1757.6
1280340 1760.2
1280350 1760.2
1280360 1762.2
1280370 1763.6
1280380 1763.6
1280390 1763.8
1280400 1763.3
1280410 1763.3
1280420 1761.4
1280430 1758.2
1280440 1758.2
1280450 1756.6
1280460 1756.9
1280470 1756.9
1280480 1756.3
1280490 1753.4
1280500 1746.8
1280510 1746.8
1280520 1738.9
1280530 1732.0
1280540 1732.0
1280550 1725.4
1280560 1719.1
1280570 1712.8
1280580 1706.1
1280590 1697.5
1280600 1697.5
1280610 1687.6
1280620 1677.2
1280630 1677.2
1280640 1667.2
1280650 1658.2
1280660 1658.2
1280670 1650.9
1280680 1643.7
1280690 1643.7
1280700 1634.8
1280710 1625.8
1280720 1621.6
1280730 1621.6
1280740 1621.4
1280750 1621.1
1280760 1621.1
1280770 1620.1
1280780 1617.4
1280790 1617.4
1280800 1613.6
1280810 1608.8
1280820 1608.8
1280830 1603.4
1280840 1597.7
1280850 1597.7
1280860 1591.2
1280870 1583.4
1280880 1583.4
1280890 1576.0
1280900 1572.5
1280910 1572.5
1280920 1572.0
1280930 1570.1
1280940 1568.0
1280950 1568.0
1280960 1565.7
1280970 1563.4
1280980 1563.4
1280990 1561.4
1281000 1559.3
1281010 1559.3
1281020 1557.3
1281030 1555.2
1281040 1555.2
1281050 1552.9
1281060 1548.6
1281070 1548.6
1281080 1539.6
1281090 1530.4
1281100 1530.4
1281110 1523.4
1281120 1515.8
1281130 1515.8
1281140 1507.5
1281150 1506.9
1281160 1507.5
1281170 1507.5
1281180 1505.2
1281190 1496.5
1281200 1496.5
1281210 1493.6
1281220 1491.6
1281230 1491.6
1281240 1489.3
1281250 1485.3
1281260 1485.3
1281270 1474.2
1281280 1468.6
1281290 1468.6
1281300 1470.0
1281310 1472.3
1281320 1472.3
1281330 1475.3
1281340 1480.1
1281350 1480.1
1281360 1485.3
1281370 1488.1
1281380 1488.6
1281390 1488.6
1281400 1488.0
1281410 1486.9
1281420 1486.9
1281430 1486.2
1281440 1486.3
1281450 1486.3
1281460 1486.3
1281470 1486.7
1281480 1486.7
1281490 1487.0
1281500 1485.0
1281510 1485.0
1281520 1480.6
1281530 1475.9
1281540 1475.9
1281550 1473.3
1281560 1471.3
1281570 1471.3
1281580 1467.7
1281590 1461.6
1281600 1451.6
1281610 1451.6
1281620 1443.5
1281630 1444.7
1281640 1444.7
1281650 1446.0
1281660 1444.9
1281670 1444.9
1281680 1450.0
1281690 1456.0
1281700 1456.0
1281710 1460.4
1281720 1464.5
1281730 1464.5
1281740 1468.2
1281750 1469.8
1281760 1469.8
1281770 1469.4
1281780 1468.8
1281790 1468.8
1281800 1468.1
1281810 1459.0
1281820 1458.0
1281830 1458.0
1281840 1456.9
1281850 1455.0
1281860 1455.0
1281870 1452.9
1281880 1451.5
1281890 1451.5
1281900 1450.1
1281910 1449.0
1281920 1449.0
1281930 1443.0
1281940 1438.3
1281950 1438.3
1281960 1435.4
1281970 1432.9
1281980 1432.9
1281990 1430.2
1282000 1426.5
1282010 1426.5
1282020 1423.1
1282030 1420.2
1282040 1418.5
1282050 1418.5
1282060 1418.9
1282070 1419.3
1282080 1419.3
1282090 1419.1
1282100 1418.7
1282110 1418.7
1282120 1418.6
1282130 1418.2
1282140 1418.2
1282150 1415.5
1282160 1409.5
1282170 1409.5
1282180 1399.9
1282190 1386.9
1282200 1386.9
1282210 1377.3
1282220 1367.2
1282230 1367.2
1282240 1367.2
1282250 1373.2
1282260 1377.8
1282270 1377.8
1282280 1381.5
1282290 1385.8
1282300 1385.8
1282310 1385.4
1282320 1384.7
1282330 1384.7
1282340 1385.3
1282350 1385.6
1282360 1385.6
1282370 1390.7
1282380 1395.7
1282390 1395.7
1282400 1396.9
1282410 1397.2
1282420 1397.2
1282430 1400.7
1282440 1399.8
1282450 1399.8
1282460 1403.0
1282470 1405.6
1282480 1407.6
1282490 1407.6
1282500 1409.3
1282510 1411.3
1282520 1411.3
1282530 1413.3
1282540 1413.5
1282550 1413.5
1282560 1415.3
1282570 1417.8
1282580 1417.8
1282590 1421.6
1282600 1423.8
1282610 1423.8
1282620 1425.1
1282630 1426.3
1282640 1426.3
1282650 1429.1
1282660 1432.1
1282670 1432.1
1282680 1435.3
1282690 1439.0
1282700 1443.3
1282710 1443.3
1282720 1448.0
1282730 1452.1
1282740 1452.1
1282750 1455.4
1282760 1457.9
1282770 1457.9
1282780 1460.1
1282790 1461.7
1282800 1461.7
1282810 1462.8
1282820 1463.9
1282830 1463.9
1282840 1463.2
1282850 1461.9
1282860 1461.9
1282870 1461.0
1282880 1460.1
1282890 1460.1
1282900 1459.0
1282910 1458.2
1282920 1457.6
1282930 1457.6
1282940 1457.8
1282950 1458.7
1282960 1458.7
1282970 1459.3
1282980 1460.1
1282990 1460.1
1283000 1461.2
1283010 1462.9
1283020 1462.9
1283030 1463.2
1283040 1460.8
1283050 1460.8
1283060 1458.2
1283070 1450.2
1283080 1450.2
1283090 1449.8
1283100 1451.9
1283110 1454.7
1283120 1454.7
1283130 1456.9
1283140 1458.3
1283150 1458.3
1283160 1458.7
1283170 1458.8
1283180 1458.8
1283190 1459.6
1283200 1460.7
1283210 1460.7
1283220 1463.0
1283230 1466.7
1283240 1466.7
1283250 1471.6
1283260 1473.3
1283270 1473.3
1283280 1472.2
1283290 1470.9
1283300 1470.9
1283310 1469.4
1283320 1467.5
1283330 1465.7
1283340 1465.7
1283350 1464.6
1283360 1463.9
1283370 1463.9
1283380 1463.2
1283390 1462.5
1283400 1462.5
1283410 1459.1
1283420 1457.1
1283430 1457.1
1283440 1457.6
1283450 1460.0
1283460 1460.0
1283470 1459.1
1283480 1458.1
1283490 1458.1
1283500 1457.2
1283510 1456.1
1283520 1456.1
1283530 1455.1
1283540 1453.8
1283550 1452.2
1283560 1452.2
1283570 1450.1
1283580 1449.5
1283590 1449.5
1283600 1448.1
1283610 1444.7
1283620 1444.7
1283630 1443.2
1283640 1444.1
1283650 1444.1
1283660 1444.1
1283670 1443.4
1283680 1443.4
1283690 1442.4
1283700 1435.9
1283710 1435.9
1283720 1434.7
1283730 1432.3
1283740 1432.3
1283750 1429.1
1283760 1427.1
1283770 1426.3
1283780 1426.3
1283790 1425.4
1283800 1424.8
1283810 1424.8
1283820 1424.7
1283830 1424.5
1283840 1424.5
1283850 1423.7
1283860 1422.3
1283870 1422.3
1283880 1420.5
1283890 1418.2
1283900 1418.2
1283910 1415.8
1283920 1413.5
1283930 1413.5
1283940 1411.5
1283950 1409.3
1283960 1409.3
1283970 1407.2
1283980 1405.3
1283990 1403.5
1284000 1403.5
1284010 1400.8
1284020 1398.0
1284030 1398.0
1284040 1395.9
1284050 1392.1
1284060 1392.1
1284070 1389.3
1284080 1388.4
1284090 1388.4
1284100 1386.3
1284110 1384.3
1284120 1384.3
1284130 1381.6
1284140 1380.3
1284150 1380.3
1284160 1378.3
1284170 1376.6
1284180 1376.6
1284190 1375.2
1284200 1373.9
1284210 1372.6
1284220 1372.6
1284230 1370.7
1284240 1369.9
1284250 1369.9
1284260 1369.6
1284270 1368.8
1284280 1368.8
1284290 1367.8
1284300 1366.2
1284310 1366.2
1284320 1365.8
1284330 1358.7
1284340 1358.7
1284350 1359.7
1284360 1360.1
1284370 1360.1
1284380 1359.7
1284390 1359.7
1284400 1359.7
1284410 1359.7
1284420 1360.1
1284430 1360.3
1284440 1360.3
1284450 1359.8
1284460 1359.1
1284470 1359.1
1284480 1358.3
1284490 1357.4
1284500 1357.4
1284510 1357.1
1284520 1357.3
1284530 1357.3
1284540 1357.7
1284550 1357.7
1284560 1357.7
1284570 1357.5
1284580 1357.6
1284590 1357.6
1284600 1357.9
1284610 1358.1
1284620 1358.1
1284630 1358.4
1284640 1358.7
1284650 1358.8
1284660 1358.8
1284670 1358.8
1284680 1358.9
1284690 1358.9
1284700 1359.1
1284710 1359.3
1284720 1359.3
1284730 1359.5
1284740 1359.8
1284750 1359.8
1284760 1360.0
1284770 1360.3
1284780 1360.3
1284790 1360.5
1284800 1360.6
1284810 1360.6
1284820 1360.6
1284830 1360.6
1284840 1360.6
1284850 1360.8
1284860 1360.9
1284870 1360.9
1284880 1360.9
1284890 1360.3
1284900 1359.8
1284910 1359.8
1284920 1359.5
1284930 1359.7
1284940 1359.7
1284950 1360.0
1284960 1360.3
1284970 1360.3
1284980 1360.4
1284990 1360.6
1285000 1360.6
1285010 1360.9
1285020 1361.1
1285030 1361.1
1285040 1361.3
1285050 1361.8
1285060 1361.8
1285070 1362.6
1285080 1362.8
1285090 1363.7
1285100 1363.7
1285110 1364.6
1285120 1365.2
1285130 1365.2
1285140 1365.7
1285150 1366.1
1285160 1366.1
1285170 1366.5
1285180 1366.7
1285190 1366.7
1285200 1367.1
1285210 1367.4
1285220 1367.4
1285230 1367.6
1285240 1367.9
1285250 1367.9
1285260 1368.4
1285270 1368.9
1285280 1368.9
1285290 1369.4
1285300 1369.7
1285310 1369.7
1285320 1369.7
1285330 1369.9
1285340 1370.2
1285350 1370.2
1285360 1370.6
1285370 1370.8
1285380 1370.8
1285390 1371.2
1285400 1371.6
1285410 1371.6
1285420 1372.3
1285430 1373.0
1285440 1373.0
1285450 1373.8
1285460 1374.3
1285470 1374.3
1285480 1374.5
1285490 1375.1
1285500 1375.1
1285510 1376.4
1285520 1377.9
1285530 1379.2
1285540 1379.2
1285550 1380.1
1285560 1380.4
1285570 1380.4
1285580 1381.3
1285590 1382.8
1285600 1390.1
1285610 1390.8
1285620 1389.4
1285630 1389.4
1285640 1388.4
1285650 1388.2
1285660 1388.2
1285670 1386.3
1285680 1385.9
1285690 1385.9
1285700 1389.4
1285710 1392.8
1285720 1392.8
1285730 1394.5
1285740 1395.8
1285750 1396.8
1285760 1396.8
1285770 1397.7
1285780 1398.9
1285790 1398.9
1285800 1402.3
1285810 1405.9
1285820 1405.9
1285830 1409.1
1285840 1412.0
1285850 1412.0
1285860 1414.4
1285870 1416.2
1285880 1416.2
1285890 1417.8
1285900 1419.5
1285910 1419.5
1285920 1421.2
1285930 1423.7
1285940 1423.7
1285950 1425.8
1285960 1426.1
1285970 1426.2
1285980 1426.2
1285990 1427.1
1286000 1428.4
1286010 1428.4
1286020 1429.7
1286030 1431.9
1286040 1431.9
1286050 1433.1
1286060 1432.8
1286070 1432.8
1286080 1430.0
1286090 1430.8
1286100 1430.8
1286110 1436.2
1286120 1441.6
1286130 1441.6
1286140 1445.7
1286150 1448.3
1286160 1448.3
1286170 1450.1
1286180 1451.5
1286190 1453.8
1286200 1453.8
1286210 1456.3
1286220 1458.2
1286230 1458.2
1286240 1462.4
1286250 1463.2
1286260 1463.2
1286270 1463.8
1286280 1464.9
1286290 1464.9
1286300 1465.7
1286310 1467.1
1286320 1467.1
1286330 1469.5
1286340 1471.9
1286350 1471.9
1286360 1474.0
1286370 1477.4
1286380 1477.4
1286390 1482.3
1286400 1486.9
1286410 1490.4
1286420 1490.4
1286430 1492.6
1286440 1493.1
1286450 1493.1
1286460 1495.1
1286470 1497.5
1286480 1497.5
1286490 1499.7
1286500 1503.0
1286510 1503.0
1286520 1506.7
1286530 1510.5
1286540 1510.5
1286550 1514.3
1286560 1517.2
1286570 1517.2
1286580 1519.3
1286590 1521.3
1286600 1521.3
1286610 1525.0
1286620 1529.6
1286630 1532.9
1286640 1532.9
1286650 1535.8
1286660 1539.0
1286670 1539.0
1286680 1542.4
1286690 1544.9
1286700 1544.9
1286710 1547.9
1286720 1550.3
1286730 1550.3
1286740 1552.4
1286750 1554.9
1286760 1554.9
1286770 1557.5
1286780 1559.6
1286790 1559.6
1286800 1561.7
1286810 1564.2
1286820 1564.2
1286830 1566.7
1286840 1568.9
1286850 1571.4
1286860 1571.4
1286870 1574.5
1286880 1581.0
1286890 1581.0
1286900 1584.3
1286910 1588.0
1286920 1588.0
1286930 1592.5
1286940 1596.7
1286950 1596.7
1286960 1600.3
1286970 1603.0
1286980 1603.0
1286990 1605.3
1287000 1607.6
1287010 1607.6
1287020 1610.3
1287030 1612.7
1287040 1612.7
1287050 1612.9
1287060 1611.1
1287070 1611.0
1287080 1611.0
1287090 1613.9
1287100 1617.8
1287110 1617.8
1287120 1621.5
1287130 1624.9
1287140 1624.9
1287150 1627.0
1287160 1628.3
1287170 1628.3
1287180 1627.0
1287190 1624.8
1287200 1624.8
1287210 1623.9
1287220 1624.8
1287230 1624.8
1287240 1626.7
1287250 1628.1
1287260 1628.1
1287270 1630.2
1287280 1632.6
1287290 1635.0
1287300 1635.0
1287310 1637.0
1287320 1639.0
1287330 1639.0
1287340 1641.0
1287350 1642.9
1287360 1642.9
1287370 1644.2
1287380 1645.4
1287390 1645.4
1287400 1648.1
1287410 1652.7
1287420 1652.7
1287430 1657.8
1287440 1662.8
1287450 1662.8
1287460 1668.2
1287470 1674.1
1287480 1679.8
1287490 1679.8
1287500 1684.2
1287510 1688.6
1287520 1691.0
1287530 1695.7
1287540 1700.6
1287550 1700.6
1287560 1705.1
1287570 1709.5
1287580 1709.5
1287590 1713.3
1287600 1715.9
1287610 1715.9
1287620 1717.4
1287630 1719.6
1287640 1719.6
1287650 1721.7
1287660 1723.6
1287670 1723.6
1287680 1726.8
1287690 1730.3
1287700 1732.0
1287710 1732.0
1287720 1734.1
1287730 1735.7
1287740 1735.7
1287750 1735.9
1287760 1736.5
1287770 1736.5
1287780 1738.5
1287790 1741.1
1287800 1741.1
1287810 1744.2
1287820 1747.8
1287830 1747.8
1287840 1750.9
1287850 1754.1
1287860 1754.1
1287870 1757.7
1287880 1762.3
1287890 1762.3
1287900 1766.2
1287910 1768.0
1287920 1771.8
1287930 1771.8
1287940 1778.1
1287950 1780.2
1287960 1780.2
1287970 1781.4
1287980 1782.7
1287990 1782.7
1288000 1784.4
1288010 1785.8
1288020 1785.8
1288030 1787.0
1288040 1788.5
1288050 1788.5
1288060 1790.7
1288070 1793.4
1288080 1793.4
1288090 1795.7
1288100 1797.7
1288110 1797.7
1288120 1800.0
1288130 1803.4
1288140 1807.5
1288150 1807.5
1288160 1811.7
1288170 1815.3
1288180 1815.3
1288190 1818.4
1288200 1820.9
1288210 1820.9
1288220 1823.6
1288230 1826.5
1288240 1826.5
1288250 1829.7
1288260 1833.1
1288270 1833.1
1288280 1836.1
1288290 1838.8
1288300 1838.8
1288310 1841.5
1288320 1844.7
1288330 1844.7
1288340 1848.2
1288350 1851.8
1288360 1856.5
1288370 1856.5
1288380 1861.8
1288390 1867.7
1288400 1867.7
1288410 1873.7
1288420 1879.9
1288430 1879.9
1288440 1885.7
1288450 1891.2
1288460 1891.2
1288470 1895.4
1288480 1898.3
1288490 1898.3
1288500 1898.5
1288510 1898.4
1288520 1898.4
1288530 1898.8
1288540 1897.5
1288550 1897.5
1288560 1895.0
1288570 1893.1
1288580 1890.0
1288590 1890.0
1288600 1887.9
1288610 1886.0
1288620 1886.0
1288630 1884.7
1288640 1884.8
1288650 1884.8
1288660 1886.1
1288670 1888.8
1288680 1888.8
1288690 1891.0
1288700 1893.9
1288710 1893.9
1288720 1897.9
1288730 1901.1
1288740 1901.1
1288750 1904.0
1288760 1905.5
1288770 1905.5
1288780 1905.8
1288790 1906.4
1288800 1906.7
1288810 1910.4
1288820 1911.9
1288830 1913.2
1288840 1913.2
1288850 1915.6
1288860 1919.4
1288870 1919.4
1288880 1922.5
1288890 1926.0
1288900 1926.0
1288910 1930.5
1288920 1935.1
1288930 1935.1
1288940 1940.0
1288950 1944.8
1288960 1944.8
1288970 1949.6
1288980 1954.2
1288990 1954.2
1289000 1958.1
1289010 1961.7
1289020 1965.6
1289030 1965.6
1289040 1968.5
1289050 1971.7
1289060 1971.7
1289070 1975.0
1289080 1978.4
1289090 1978.4
1289100 1982.3
1289110 1986.3
1289120 1986.3
1289130 1989.6
1289140 1992.5
1289150 1992.5
1289160 1996.2
1289170 2000.4
1289180 2000.4
1289190 2004.7
1289200 2009.1
1289210 2009.1
1289220 2013.5
1289230 2018.5
1289240 2024.2
1289250 2024.2
1289260 2030.8
1289270 2038.1
1289280 2038.1
1289290 2045.2
1289300 2053.2
1289310 2053.2
1289320 2061.3
1289330 2069.1
1289340 2069.1
1289350 2076.2
1289360 2082.9
1289370 2082.9
1289380 2089.0
1289390 2095.2
1289400 2095.2
1289410 2101.4
1289420 2107.8
1289430 2107.8
1289440 2114.7
1289450 2121.8
1289460 2127.7
1289470 2127.7
1289480 2134.9
1289490 2142.0
1289500 2142.0
1289510 2148.6
1289520 2153.9
1289530 2153.9
1289540 2157.2
1289550 2157.9
1289560 2157.9
1289570 2157.6
1289580 2157.0
1289590 2157.0
1289600 2156.2
1289610 2155.1
1289620 2155.1
1289630 2154.3
1289640 2154.1
1289650 2154.1
1289660 2153.1
1289670 2151.3
1289680 2151.0
1289690 2151.0
1289700 2152.6
1289710 2155.0
1289720 2155.0
1289730 2157.8
1289740 2161.7
1289750 2161.7
1289760 2166.8
1289770 2172.7
1289780 2172.7
1289790 2179.0
1289800 2186.1
1289810 2186.1
1289820 2193.3
1289830 2200.6
1289840 2200.6
1289850 2207.6
1289860 2213.0
1289870 2213.0
1289880 2214.5
1289890 2214.7
1289900 2215.6
1289910 2215.6
1289920 2215.3
1289930 2216.6
1289940 2216.6
1289950 2218.9
1289960 2220.1
1289970 2220.1
1289980 2218.7
1289990 2210.9
1290000 2210.9
1290010 2187.5
1290020 2172.1
1290030 2172.1
1290040 2167.3
1290050 2165.8
1290060 2165.8
1290070 2161.1
1290080 2152.3
1290090 2152.3
1290100 2141.6
1290110 2140.9
1290120 2124.4
1290130 2124.4
1290140 2107.4
1290150 2093.1
1290160 2093.1
1290170 2081.5
1290180 2074.3
1290190 2074.3
1290200 2067.9
1290210 2061.3
1290220 2061.3
1290230 2054.1
1290240 2047.1
1290250 2047.1
1290260 2040.1
1290270 2033.8
1290280 2033.8
1290290 2028.4
1290300 2023.8
1290310 2023.8
1290320 2020.0
1290330 2017.4
1290340 2014.4
1290350 2014.4
1290360 2009.9
1290370 2007.5
1290380 2007.5
1290390 2005.5
1290400 2003.8
1290410 2003.8
1290420 2003.2
1290430 2002.9
1290440 2002.9
1290450 2001.0
1290460 1999.3
1290470 1999.3
1290480 1999.3
1290490 1999.5
1290500 1999.5
1290510 1998.6
1290520 1996.2
1290530 1996.2
1290540 1991.8
1290550 1986.9
1290560 1981.4
1290570 1981.4
1290580 1978.3
1290590 1976.7
1290600 1976.7
1290610 1974.3
1290620 1973.0
1290630 1973.0
1290640 1972.5
1290650 1973.7
1290660 1973.7
1290670 1976.0
1290680 1975.4
1290690 1975.4
1290700 1974.6
1290710 1973.5
1290720 1973.5
1290730 1972.9
1290740 1973.8
1290750 1973.8
1290760 1981.9
1290770 1983.7
1290780 1985.4
1290790 1985.4
1290800 1988.1
1290810 1990.7
1290820 1990.7
1290830 1991.9
1290840 1991.1
1290850 1991.1
1290860 1987.5
1290870 1984.4
1290880 1984.4
1290890 1982.4
1290900 1978.3
1290910 1978.3
1290920 1974.9
1290930 1970.4
1290940 1970.4
1290950 1967.0
1290960 1966.2
1290970 1966.2
1290980 1967.0
1290990 1965.0
1291000 1959.6
1291010 1959.6
1291020 1954.4
1291030 1945.7
1291040 1945.7
1291050 1941.9
1291060 1941.1
1291070 1941.1
1291080 1939.9
1291090 1936.6
1291100 1936.6
1291110 1929.4
1291120 1924.1
1291130 1924.1
1291140 1921.8
1291150 1919.9
1291160 1919.9
1291170 1922.2
1291180 1924.8
1291190 1923.9
1291200 1923.9
1291210 1914.6
1291220 1909.6
1291230 1909.6
1291240 1908.1
1291250 1895.7
1291260 1895.7
1291270 1884.1
1291280 1871.3
1291290 1871.3
1291300 1858.2
1291310 1842.3
1291320 1842.3
1291330 1833.1
1291340 1829.7
1291350 1829.7
1291360 1827.6
1291370 1825.3
1291380 1825.3
1291390 1821.7
1291400 1816.9
1291410 1813.8
1291420 1820.0
1291430 1818.9
1291440 1815.9
1291450 1815.9
1291460 1813.2
1291470 1811.8
1291480 1811.8
1291490 1810.3
1291500 1809.8
1291510 1809.8
1291520 1810.2
1291530 1810.7
1291540 1810.7
1291550 1810.2
1291560 1809.5
1291570 1809.5
1291580 1808.5
1291590 1806.5
1291600 1806.5
1291610 1803.7
1291620 1801.2
1291630 1800.3
1291640 1800.3
1291650 1799.2
1291660 1796.3
1291670 1796.3
1291680 1789.6
1291690 1783.6
1291700 1783.6
1291710 1778.5
1291720 1773.3
1291730 1773.3
1291740 1768.6
1291750 1765.1
1291760 1765.1
1291770 1763.2
1291780 1760.5
1291790 1760.5
1291800 1757.5
1291810 1755.5
1291820 1755.5
1291830 1752.1
1291840 1750.5
1291850 1758.2
1291860 1758.2
1291870 1769.6
1291880 1781.7
1291890 1781.7
1291900 1790.4
1291910 1794.1
1291920 1794.1
1291930 1797.6
1291940 1801.1
1291950 1801.1
1291960 1805.3
1291970 1810.5
1291980 1810.5
1291990 1815.9
1292000 1822.2
1292010 1822.2
1292020 1828.7
1292030 1834.9
1292040 1834.9
1292050 1841.2
1292060 1847.2
1292070 1853.3
1292080 1851.7
1292090 1857.5
1292100 1862.7
1292110 1862.7
1292120 1868.0
1292130 1873.7
1292140 1873.7
1292150 1880.1
1292160 1887.0
1292170 1887.0
1292180 1893.4
1292190 1900.0
1292200 1900.0
1292210 1907.1
1292220 1914.2
1292230 1914.2
1292240 1921.9
1292250 1933.1
1292260 1933.1
1292270 1945.9
1292280 1954.9
1292290 1961.7
1292300 1961.7
1292310 1967.6
1292320 1972.9
1292330 1972.9
1292340 1978.1
1292350 1983.8
1292360 1983.8
1292370 1990.0
1292380 1996.5
1292390 1996.5
1292400 2003.4
1292410 2010.2
1292420 2010.2
1292430 2017.1
1292440 2023.9
1292450 2023.9
1292460 2030.4
1292470 2035.3
1292480 2035.3
1292490 2041.5
1292500 2047.3
1292510 2052.2
1292520 2052.2
1292530 2058.0
1292540 2063.5
1292550 2063.5
1292560 2070.8
1292570 2079.6
1292580 2079.6
1292590 2089.1
1292600 2098.7
1292610 2098.7
1292620 2106.9
1292630 2115.0
1292640 2115.0
1292650 2121.8
1292660 2128.6
1292670 2128.6
1292680 2136.9
1292690 2145.9
1292700 2145.9
1292710 2158.8
1292720 2171.5
1292730 2178.2
1292740 2165.4
1292750 2169.9
1292760 2175.1
1292770 2175.1
1292780 2182.2
1292790 2186.0
1292800 2186.0
1292810 2188.5
1292820 2192.0
1292830 2192.0
1292840 2195.5
1292850 2200.4
1292860 2200.4
1292870 2205.2
1292880 2211.0
1292890 2211.0
1292900 2218.0
1292910 2224.0
1292920 2224.0
1292930 2228.4
1292940 2233.2
1292950 2238.5
1292960 2238.5
1292970 2243.8
1292980 2247.9
1292990 2247.9
1293000 2251.6
1293010 2255.9
1293020 2255.9
1293030 2260.4
1293040 2265.0
1293050 2265.0
1293060 2270.3
1293070 2274.7
1293080 2274.7
1293090 2278.2
1293100 2281.7
1293110 2281.7
1293120 2285.5
1293130 2288.6
1293140 2288.6
1293150 2291.0
1293160 2292.8
1293170 2294.5
1293180 2294.5
1293190 2296.3
1293200 2296.9
1293210 2296.9
1293220 2297.0
1293230 2297.9
1293240 2297.9
1293250 2299.1
1293260 2299.9
1293270 2299.9
1293280 2300.1
1293290 2300.0
1293300 2300.0
1293310 2299.7
1293320 2300.1
1293330 2300.1
1293340 2300.6
1293350 2300.8
1293360 2300.8
1293370 2301.2
1293380 2301.4
1293390 2301.9
1293400 2303.4
1293410 2303.6
1293420 2304.6
1293430 2304.6
1293440 2306.2
1293450 2308.8
1293460 2308.8
1293470 2311.3
1293480 2314.0
1293490 2314.0
1293500 2317.4
1293510 2322.3
1293520 2322.3
1293530 2326.2
1293540 2328.4
1293550 2328.4
1293560 2331.0
1293570 2333.2
1293580 2333.2
1293590 2334.3
1293600 2334.7
1293610 2334.6
1293620 2334.6
1293630 2335.1
1293640 2337.0
1293650 2337.0
1293660 2340.0
1293670 2342.6
1293680 2342.6
1293690 2345.4
1293700 2348.2
1293710 2348.2
1293720 2350.8
1293730 2354.2
1293740 2354.2
1293750 2358.0
1293760 2362.3
1293770 2362.3
1293780 2367.0
1293790 2371.9
1293800 2371.9
1293810 2377.0
1293820 2381.9
1293830 2386.5
1293840 2386.5
1293850 2391.0
1293860 2396.3
1293870 2396.3
1293880 2402.1
1293890 2407.8
1293900 2407.8
1293910 2413.2
1293920 2418.1
1293930 2418.1
1293940 2422.4
1293950 2425.6
1293960 2425.6
1293970 2429.0
1293980 2432.1
1293990 2432.1
1294000 2434.4
1294010 2437.6
1294020 2437.6
1294030 2443.2
1294040 2448.4
1294050 2452.8
1294060 2454.6
1294070 2458.7
1294080 2461.9
1294090 2461.9
1294100 2466.4
1294110 2472.6
1294120 2472.6
1294130 2476.6
1294140 2480.1
1294150 2480.1
1294160 2484.4
1294170 2489.5
1294180 2489.5
1294190 2494.6
1294200 2498.6
1294210 2498.6
1294220 2502.1
1294230 2506.4
1294240 2506.4
1294250 2510.4
1294260 2513.6
1294270 2516.4
1294280 2516.4
1294290 2517.9
1294300 2520.3
1294310 2520.3
1294320 2523.5
1294330 2527.0
1294340 2527.0
1294350 2530.9
1294360 2535.0
1294370 2535.0
1294380 2538.8
1294390 2542.6
1294400 2542.6
1294410 2547.4
1294420 2552.8
1294430 2552.8
1294440 2557.5
1294450 2561.9
1294460 2565.9
1294470 2565.9
1294480 2569.4
1294490 2572.8
1294500 2572.8
1294510 2576.1
1294520 2580.0
1294530 2580.0
1294540 2584.8
1294550 2590.2
1294560 2590.2
1294570 2595.6
1294580 2600.2
1294590 2600.2
1294600 2604.4
1294610 2607.8
1294620 2607.8
1294630 2610.8
1294640 2613.5
1294650 2613.5
1294660 2616.8
1294670 2620.2
1294680 2622.8
1294690 2622.8
1294700 2624.8
1294710 2626.2
1294720 2626.2
1294730 2632.1
1294740 2632.4
1294750 2632.4
1294760 2632.2
1294770 2631.5
1294780 2631.5
1294790 2630.1
1294800 2628.4
1294810 2628.4
1294820 2627.0
1294830 2626.4
1294840 2626.4
1294850 2624.7
1294860 2620.9
1294870 2620.9
1294880 2615.2
1294890 2606.8
1294900 2596.7
1294910 2596.7
1294920 2586.4
1294930 2579.0
1294940 2579.0
1294950 2572.2
1294960 2564.8
1294970 2564.8
1294980 2558.9
1294990 2554.9
1295000 2554.9
1295010 2550.9
1295020 2548.9
1295030 2548.9
1295040 2546.8
1295050 2540.4
1295060 2540.4
1295070 2534.2
1295080 2533.8
1295090 2533.8
1295100 2535.4
1295110 2540.5
1295120 2547.1
1295130 2547.1
1295140 2552.8
1295150 2556.5
1295160 2556.5
1295170 2558.9
1295180 2563.5
1295190 2563.5
1295200 2566.8
1295210 2570.0
1295220 2570.0
1295230 2573.4
1295240 2576.5
1295250 2576.5
1295260 2581.6
1295270 2581.2
1295280 2581.2
1295290 2575.5
1295300 2573.1
1295310 2573.1
1295320 2569.6
1295330 2564.2
1295340 2562.7
1295350 2562.7
1295360 2572.8
1295370 2585.9
1295380 2585.9
1295390 2594.4
1295400 2601.2
1295410 2601.2
1295420 2607.9
1295430 2617.4
1295440 2617.4
1295450 2634.7
1295460 2654.8
1295470 2654.8
1295480 2664.2
1295490 2675.6
1295500 2675.6
1295510 2686.2
1295520 2691.8
1295530 2691.8
1295540 2695.9
1295550 2709.0
1295560 2726.5
1295570 2726.5
1295580 2732.8
1295590 2739.9
1295600 2739.9
1295610 2746.3
1295620 2752.2
1295630 2752.2
1295640 2758.2
1295650 2765.0
1295660 2765.0
1295670 2770.7
1295680 2774.4
1295690 2774.4
1295700 2775.4
1295710 2775.0
1295720 2775.0
1295730 2777.3
1295740 2782.9
1295750 2782.9
1295760 2787.6
1295770 2791.7
1295780 2793.4
1295790 2793.4
1295800 2794.2
1295810 2798.4
1295820 2798.4
1295830 2802.7
1295840 2802.8
1295850 2802.8
1295860 2803.0
1295870 2804.3
1295880 2804.3
1295890 2806.3
1295900 2809.3
1295910 2809.3
1295920 2812.5
1295930 2815.5
1295940 2815.5
1295950 2817.1
1295960 2818.7
1295970 2818.7
1295980 2819.4
1295990 2820.2
1296000 2821.3
1296010 2821.3
1296020 2822.6
1296030 2825.5
1296040 2825.5
1296050 2830.1
1296060 2833.1
1296070 2839.2
1296080 2842.9
1296090 2845.3
1296100 2845.3
1296110 2845.2
1296120 2844.8
1296130 2844.8
1296140 2844.1
1296150 2838.5
1296160 2838.5
1296170 2823.9
1296180 2807.8
1296190 2807.8
1296200 2793.8
1296210 2787.2
1296220 2783.6
1296230 2783.6
1296240 2781.4
1296250 2781.0
1296260 2781.0
1296270 2782.5
1296280 2783.6
1296290 2783.6
1296300 2784.4
1296310 2786.3
1296320 2786.3
1296330 2788.3
1296340 2791.5
1296350 2791.5
1296360 2796.6
1296370 2802.2
1296380 2802.2
1296390 2810.0
1296400 2822.3
1296410 2822.3
1296420 2834.1
1296430 2846.1
1296440 2859.7
1296450 2859.7
1296460 2867.9
1296470 2874.6
1296480 2874.6
1296490 2880.1
1296500 2886.3
1296510 2886.3
1296520 2893.4
1296530 2899.8
1296540 2899.8
1296550 2906.1
1296560 2912.3
1296570 2912.3
1296580 2918.4
1296590 2925.1
1296600 2925.1
1296610 2931.9
1296620 2939.0
1296630 2939.0
1296640 2940.9
1296650 2924.2
1296660 2900.5
1296670 2900.5
1296680 2885.5
1296690 2864.5
1296700 2864.5
1296710 2843.0
1296720 2826.8
1296730 2826.8
1296740 2814.6
1296750 2807.5
1296760 2807.5
1296770 2802.7
1296780 2799.2
1296790 2799.2
1296800 2796.3
1296810 2793.7
1296820 2793.7
1296830 2790.6
1296840 2787.7
1296850 2787.7
1296860 2785.7
1296870 2783.9
1296880 2782.3
1296890 2782.3
1296900 2780.9
1296910 2779.7
1296920 2779.7
1296930 2778.5
1296940 2777.6
1296950 2777.6
1296960 2776.9
1296970 2776.4
1296980 2776.4
1296990 2775.9
1297000 2775.5
1297010 2775.5
1297020 2775.5
1297030 2775.6
1297040 2775.6
1297050 2776.0
1297060 2776.3
1297070 2776.3
1297080 2776.7
1297090 2777.3
1297100 2778.5
1297110 2778.5
1297120 2779.5
1297130 2780.4
1297140 2780.4
1297150 2781.2
1297160 2781.9
1297170 2781.9
1297180 2782.9
1297190 2784.2
1297200 2784.2
1297210 2785.2
1297220 2786.0
1297230 2786.0
1297240 2786.5
1297250 2786.7
1297260 2786.7
1297270 2786.8
1297280 2787.0
1297290 2787.0
1297300 2787.0
1297310 2787.1
1297320 2787.5
1297330 2787.5
1297340 2788.0
1297350 2788.0
1297360 2788.0
1297370 2788.2
1297380 2788.2
1297390 2788.2
1297400 2788.3
1297410 2788.6
1297420 2792.1
1297430 2792.5
1297440 2793.0
1297450 2793.0
1297460 2793.5
1297470 2794.1
1297480 2794.1
1297490 2794.5
1297500 2794.8
1297510 2795.3
1297520 2795.3
1297530 2795.4
1297540 2795.3
1297550 2795.3
1297560 2795.2
1297570 2795.3
1297580 2795.3
1297590 2795.7
1297600 2795.1
1297610 2795.1
1297620 2794.6
1297630 2793.9
1297640 2793.9
1297650 2791.3
1297660 2789.9
1297670 2789.9
1297680 2788.9
1297690 2788.2
1297700 2788.2
1297710 2787.0
1297720 2785.5
1297730 2783.8
1297740 2783.8
1297750 2782.1
1297760 2780.4
1297770 2780.4
1297780 2778.7
1297790 2777.1
1297800 2777.1
1297810 2775.6
1297820 2774.1
1297830 2774.1
1297840 2772.4
1297850 2770.8
1297860 2770.8
1297870 2769.7
1297880 2769.5
1297890 2769.5
1297900 2769.6
1297910 2768.8
1297920 2768.8
1297930 2767.9
1297940 2767.1
1297950 2766.6
1297960 2766.6
1297970 2765.3
1297980 2764.1
1297990 2764.1
1298000 2762.8
1298010 2762.2
1298020 2762.2
1298030 2762.4
1298040 2762.1
1298050 2762.1
1298060 2762.2
1298070 2763.0
1298080 2763.0
1298090 2764.0
1298100 2768.2
1298110 2768.2
1298120 2768.9
1298130 2769.5
1298140 2769.5
1298150 2770.1
1298160 2770.8
1298170 2770.9
1298180 2770.9
1298190 2771.4
1298200 2772.4
1298210 2772.4
1298220 2773.8
1298230 2775.5
1298240 2775.5
1298250 2777.4
1298260 2779.5
1298270 2779.5
1298280 2781.7
1298290 2784.1
1298300 2784.1
1298310 2786.8
1298320 2789.1
1298330 2789.1
1298340 2791.3
1298350 2792.1
1298360 2792.1
1298370 2793.8
1298380 2795.1
1298390 2796.9
1298400 2796.9
1298410 2798.1
1298420 2799.1
1298430 2799.1
1298440 2799.9
1298450 2800.6
1298460 2800.6
1298470 2801.4
1298480 2802.0
1298490 2802.0
1298500 2802.7
1298510 2803.2
1298520 2803.2
1298530 2804.0
1298540 2804.2
1298550 2804.2
1298560 2804.1
1298570 2803.9
1298580 2803.9
1298590 2802.7
1298600 2803.3
1298610 2803.0
1298620 2803.0
1298630 2802.3
1298640 2801.0
1298650 2801.0
1298660 2799.6
1298670 2797.4
1298680 2797.4
1298690 2795.2
1298700 2794.2
1298710 2794.2
1298720 2795.4
1298730 2796.2
1298740 2796.2
1298750 2796.6
1298760 2797.5
1298770 2797.5
1298780 2803.0
1298790 2804.4
1298800 2804.4
1298810 2804.6
1298820 2804.5
1298830 2804.2
1298840 2804.2
1298850 2804.3
1298860 2805.3
1298870 2805.3
1298880 2805.3
1298890 2804.9
1298900 2804.9
1298910 2804.2
1298920 2803.1
1298930 2803.1
1298940 2800.9
1298950 2799.4
1298960 2799.4
1298970 2798.3
1298980 2796.9
1298990 2796.9
1299000 2795.6
1299010 2794.3
1299020 2794.3
1299030 2792.9
1299040 2791.4
1299050 2789.7
1299060 2789.7
1299070 2788.0
1299080 2786.5
1299090 2786.5
1299100 2785.2
1299110 2784.5
1299120 2784.5
1299130 2784.7
1299140 2784.9
1299150 2784.9
1299160 2785.1
1299170 2785.8
1299180 2785.8
1299190 2786.7
1299200 2787.8
1299210 2787.8
1299220 2789.1
1299230 2790.3
1299240 2790.3
1299250 2791.3
1299260 2791.7
1299270 2791.6
1299280 2791.6
1299290 2791.5
1299300 2791.8
1299310 2791.8
1299320 2792.9
1299330 2795.7
1299340 2795.7
1299350 2798.0
1299360 2799.7
1299370 2799.7
1299380 2801.3
1299390 2803.0
1299400 2803.0
1299410 2804.9
1299420 2807.1
1299430 2807.1
1299440 2809.2
1299450 2811.2
1299460 2811.2
1299470 2821.2
1299480 2821.9
1299490 2823.0
1299500 2823.0
1299510 2823.0
1299520 2823.5
1299530 2823.5
1299540 2826.2
1299550 2827.5
1299560 2827.5
1299570 2828.8
1299580 2830.4
1299590 2830.4
1299600 2831.9
1299610 2833.0
1299620 2833.0
1299630 2833.7
1299640 2834.1
1299650 2834.1
1299660 2834.1
1299670 2833.7
1299680 2833.7
1299690 2833.1
1299700 2832.4
1299710 2831.0
1299720 2831.0
1299730 2829.1
1299740 2827.1
1299750 2827.1
1299760 2824.4
1299770 2820.8
1299780 2820.8
1299790 2816.5
1299800 2813.0
1299810 2813.0
1299820 2810.7
1299830 2809.6
1299840 2809.6
1299850 2809.9
1299860 2811.0
1299870 2811.0
1299880 2809.9
1299890 2806.8
1299900 2806.8
1299910 2801.0
1299920 2796.0
1299930 2783.4
1299940 2783.4
1299950 2758.3
1299960 2751.1
1299970 2751.1
1299980 2747.4
1299990 2744.1
