1280000 1672.8
1280010 1672.8
1280020 1677.2
1280030 1681.2
1280040 1681.2
1280050 1685.3
1280060 1691.2
1280070 1691.2
1280080 1697.1
1280090 1703.7
1280100 1708.0
1280110 1708.0
1280120 1713.3
1280130 1719.1
1280140 1719.1
1280150 1723.4
1280160 1727.8
1280170 1727.8
1280180 1733.4
1280190 1739.2
1280200 1739.2
1280210 1744.5
1280220 1749.8
1280230 1749.8
1280240 1754.8
1280250 1759.1
1280260 1759.1
1280270 1762.3
1280280 1762.9
1280290 1760.3
1280300 1762.8
1280310 1766.4
1280320 1767.9
1280330 1767.9
1280340 1768.9
1280350 1773.6
1280360 1773.6
1280370 1780.4
1280380 1786.2
1280390 1786.2
1280400 1788.8
1280410 1790.7
1280420 1790.7
1280430 1792.0
1280440 1793.6
1280450 1793.6
1280460 1795.0
1280470 1796.1
1280480 1796.1
1280490 1796.3
1280500 1796.7
1280510 1796.7
1280520 1796.5
1280530 1795.1
1280540 1791.3
1280550 1791.3
1280560 1783.2
1280570 1766.2
1280580 1766.2
1280590 1753.2
1280600 1742.2
1280610 1742.2
1280620 1737.4
1280630 1732.8
1280640 1732.8
1280650 1726.7
1280660 1721.9
1280670 1721.9
1280680 1717.8
1280690 1713.6
1280700 1713.6
1280710 1708.9
1280720 1703.8
1280730 1703.8
1280740 1698.0
1280750 1691.1
1280760 1682.5
1280770 1682.5
1280780 1674.6
1280790 1672.7
1280800 1672.7
1280810 1672.1
1280820 1670.2
1280830 1670.2
1280840 1667.7
1280850 1664.2
1280860 1664.2
1280870 1659.9
1280880 1655.6
1280890 1655.6
1280900 1650.2
1280910 1638.6
1280920 1638.6
1280930 1630.8
1280940 1622.4
1280950 1622.4
1280960 1614.0
1280970 1608.8
1280980 1608.6
1280990 1608.6
1281000 1608.4
1281010 1606.7
1281020 1606.7
1281030 1605.2
1281040 1603.1
1281050 1603.1
1281060 1600.6
1281070 1598.1
1281080 1598.1
1281090 1595.9
1281100 1593.5
1281110 1593.5
1281120 1589.8
1281130 1584.3
1281140 1584.3
1281150 1577.3
1281160 1571.7
1281170 1571.7
1281180 1568.8
1281190 1566.3
1281200 1563.4
1281210 1563.4
1281220 1559.7
1281230 1552.4
1281240 1552.4
1281250 1542.3
1281260 1541.9
1281270 1541.9
1281280 1542.5
1281290 1542.8
1281300 1542.8
1281310 1543.9
1281320 1546.3
1281330 1546.3
1281340 1549.8
1281350 1554.4
1281360 1554.4
1281370 1559.5
1281380 1564.7
1281390 1564.7
1281400 1568.6
1281410 1570.5
1281420 1568.9
1281430 1568.9
1281440 1567.3
1281450 1565.7
1281460 1565.7
1281470 1564.5
1281480 1563.2
1281490 1563.2
1281500 1561.5
1281510 1560.0
1281520 1560.0
1281530 1550.1
1281540 1547.7
1281550 1547.7
1281560 1541.0
1281570 1532.4
1281580 1532.4
1281590 1530.6
1281600 1532.2
1281610 1532.2
1281620 1538.5
1281630 1537.8
1281640 1533.6
1281650 1533.6
1281660 1529.3
1281670 1530.1
1281680 1530.1
1281690 1533.6
1281700 1536.8
1281710 1536.8
1281720 1540.3
1281730 1543.3
1281740 1543.3
1281750 1547.7
1281760 1552.5
1281770 1552.5
1281780 1557.0
1281790 1560.1
1281800 1560.1
1281810 1561.1
1281820 1561.4
1281830 1561.4
1281840 1561.5
1281850 1560.9
1281860 1559.5
1281870 1559.5
1281880 1556.9
1281890 1553.6
1281900 1553.6
1281910 1549.5
1281920 1544.9
1281930 1544.9
1281940 1540.1
1281950 1535.3
1281960 1535.3
1281970 1530.1
1281980 1524.4
1281990 1524.4
1282000 1518.2
1282010 1512.6
1282020 1512.6
1282030 1506.8
1282040 1501.2
1282050 1501.2
1282060 1495.7
1282070 1490.6
1282080 1486.3
1282090 1486.3
1282100 1482.0
1282110 1477.2
1282120 1477.2
1282130 1468.9
1282140 1458.3
1282150 1458.3
1282160 1446.4
1282170 1434.2
1282180 1434.2
1282190 1425.1
1282200 1418.4
1282210 1418.4
1282220 1417.7
1282230 1421.0
1282240 1421.0
1282250 1424.3
1282260 1427.6
1282270 1427.6
1282280 1432.5
1282290 1435.6
1282300 1439.5
1282310 1439.5
1282320 1442.3
1282330 1443.9
1282340 1443.9
1282350 1447.0
1282360 1449.4
1282370 1449.4
1282380 1452.3
1282390 1455.6
1282400 1455.6
1282410 1457.9
1282420 1460.7
1282430 1460.7
1282440 1463.6
1282450 1466.1
1282460 1466.1
1282470 1467.9
1282480 1470.8
1282490 1470.8
1282500 1475.7
1282510 1479.9
1282520 1481.2
1282530 1481.2
1282540 1482.6
1282550 1484.1
1282560 1484.1
1282570 1485.4
1282580 1485.5
1282590 1485.5
1282600 1485.0
1282610 1485.6
1282620 1485.6
1282630 1486.9
1282640 1489.1
1282650 1489.1
1282660 1493.0
1282670 1497.4
1282680 1497.4
1282690 1501.1
1282700 1504.1
1282710 1504.1
1282720 1506.9
1282730 1509.6
1282740 1511.8
1282750 1511.8
1282760 1514.0
1282770 1516.8
1282780 1516.8
1282790 1513.7
1282800 1516.9
1282810 1516.9
1282820 1518.7
1282830 1519.4
1282840 1519.4
1282850 1520.2
1282860 1521.0
1282870 1521.0
1282880 1521.8
1282890 1523.3
1282900 1523.3
1282910 1525.0
1282920 1526.6
1282930 1526.6
1282940 1527.6
1282950 1529.2
1282960 1530.5
1282970 1530.5
1282980 1530.9
1282990 1530.5
1283000 1530.5
1283010 1529.4
1283020 1529.3
1283030 1529.3
1283040 1529.8
1283050 1530.1
1283060 1530.1
1283070 1530.0
1283080 1528.9
1283090 1528.9
1283100 1527.8
1283110 1527.3
1283120 1527.3
1283130 1526.4
1283140 1525.7
1283150 1525.7
1283160 1526.7
1283170 1527.9
1283180 1529.4
1283190 1529.4
1283200 1531.5
1283210 1533.9
1283220 1533.9
1283230 1536.5
1283240 1538.3
1283250 1538.3
1283260 1539.2
1283270 1538.9
1283280 1538.9
1283290 1539.5
1283300 1540.8
1283310 1540.8
1283320 1540.2
1283330 1539.4
1283340 1539.4
1283350 1537.7
1283360 1535.7
1283370 1534.5
1283380 1534.5
1283390 1534.3
1283400 1534.6
1283410 1534.6
1283420 1529.7
1283430 1529.8
1283440 1529.8
1283450 1530.1
1283460 1530.4
1283470 1530.4
1283480 1529.3
1283490 1526.0
1283500 1526.0
1283510 1523.4
1283520 1522.0
1283530 1522.0
1283540 1521.4
1283550 1522.7
1283560 1522.7
1283570 1523.9
1283580 1523.4
1283590 1520.6
1283600 1520.6
1283610 1518.6
1283620 1517.4
1283630 1517.4
1283640 1516.7
1283650 1516.3
1283660 1516.3
1283670 1515.5
1283680 1513.6
1283690 1513.6
1283700 1511.0
1283710 1508.1
1283720 1508.1
1283730 1504.6
1283740 1500.3
1283750 1500.3
1283760 1497.0
1283770 1496.1
1283780 1496.1
1283790 1495.3
1283800 1493.4
1283810 1490.9
1283820 1490.9
1283830 1488.3
1283840 1485.3
1283850 1485.3
1283860 1482.7
1283870 1480.3
1283880 1480.3
1283890 1478.2
1283900 1477.0
1283910 1477.0
1283920 1476.0
1283930 1474.2
1283940 1474.2
1283950 1471.7
1283960 1469.5
1283970 1469.5
1283980 1468.5
1283990 1468.5
1284000 1468.5
1284010 1468.0
1284020 1467.4
1284030 1468.6
1284040 1468.6
1284050 1463.1
1284060 1463.2
1284070 1463.2
1284080 1462.7
1284090 1461.3
1284100 1461.3
1284110 1459.5
1284120 1458.3
1284130 1458.3
1284140 1457.4
1284150 1458.2
1284160 1458.2
1284170 1460.1
1284180 1461.5
1284190 1461.5
1284200 1462.1
1284210 1461.5
1284220 1461.5
1284230 1459.5
1284240 1456.7
1284250 1454.8
1284260 1454.8
1284270 1455.0
1284280 1455.6
1284290 1455.6
1284300 1456.1
1284310 1455.2
1284320 1455.2
1284330 1453.2
1284340 1450.9
1284350 1450.9
1284360 1448.8
1284370 1445.7
1284380 1445.7
1284390 1441.9
1284400 1438.7
1284410 1438.7
1284420 1437.4
1284430 1436.3
1284440 1436.3
1284450 1436.1
1284460 1435.5
1284470 1433.4
1284480 1433.4
1284490 1430.7
1284500 1428.1
1284510 1428.1
1284520 1426.3
1284530 1426.6
1284540 1426.6
1284550 1425.9
1284560 1424.5
1284570 1424.5
1284580 1422.9
1284590 1421.6
1284600 1421.6
1284610 1420.0
1284620 1418.3
1284630 1418.3
1284640 1417.1
1284650 1415.5
1284660 1415.5
1284670 1413.5
1284680 1404.7
1284690 1402.5
1284700 1402.5
1284710 1401.7
1284720 1401.4
1284730 1401.4
1284740 1401.3
1284750 1400.6
1284760 1400.6
1284770 1399.4
1284780 1397.2
1284790 1397.2
1284800 1393.0
1284810 1388.0
1284820 1388.0
1284830 1382.3
1284840 1378.5
1284850 1378.5
1284860 1377.8
1284870 1378.2
1284880 1378.2
1284890 1379.0
1284900 1380.3
1284910 1380.4
1284920 1380.4
1284930 1379.8
1284940 1379.6
1284950 1379.6
1284960 1379.6
1284970 1379.7
1284980 1379.7
1284990 1379.3
1285000 1379.1
1285010 1379.1
1285020 1379.4
1285030 1377.1
1285040 1377.1
1285050 1374.8
1285060 1373.6
1285070 1373.6
1285080 1372.7
1285090 1371.5
1285100 1371.5
1285110 1369.6
1285120 1368.6
1285130 1367.7
1285140 1367.7
1285150 1366.8
1285160 1365.7
1285170 1365.7
1285180 1364.4
1285190 1363.6
1285200 1363.6
1285210 1363.3
1285220 1364.1
1285230 1364.1
1285240 1365.2
1285250 1366.2
1285260 1366.2
1285270 1366.3
1285280 1365.2
1285290 1365.2
1285300 1365.1
1285310 1364.9
1285320 1365.3
1285330 1365.2
1285340 1365.1
1285350 1365.7
1285360 1365.7
1285370 1366.0
1285380 1366.1
1285390 1366.1
1285400 1366.1
1285410 1366.8
1285420 1366.8
1285430 1368.8
1285440 1370.2
1285450 1370.2
1285460 1371.0
1285470 1371.4
1285480 1371.4
1285490 1371.6
1285500 1371.2
1285510 1371.2
1285520 1370.1
1285530 1368.7
1285540 1368.7
1285550 1368.2
1285560 1368.7
1285570 1369.4
1285580 1369.4
1285590 1370.7
1285600 1372.2
1285610 1372.2
1285620 1372.2
1285630 1372.3
1285640 1372.3
1285650 1372.6
1285660 1373.2
1285670 1373.2
1285680 1373.7
1285690 1374.3
1285700 1374.3
1285710 1374.9
1285720 1375.6
1285730 1375.6
1285740 1375.8
1285750 1376.1
1285760 1376.1
1285770 1376.6
1285780 1377.4
1285790 1377.8
1285800 1377.8
1285810 1378.0
1285820 1378.1
1285830 1378.1
1285840 1377.2
1285850 1375.2
1285860 1375.2
1285870 1373.7
1285880 1373.2
1285890 1373.2
1285900 1373.2
1285910 1374.1
1285920 1374.1
1285930 1375.5
1285940 1377.5
1285950 1379.0
1285960 1383.0
1285970 1386.9
1285980 1386.9
1285990 1386.7
1286000 1382.5
1286010 1382.0
1286020 1382.0
1286030 1387.0
1286040 1392.3
1286050 1392.3
1286060 1395.4
1286070 1396.8
1286080 1396.8
1286090 1397.7
1286100 1398.5
1286110 1398.5
1286120 1401.2
1286130 1403.0
1286140 1403.0
1286150 1403.7
1286160 1403.1
1286170 1403.1
1286180 1402.4
1286190 1402.2
1286200 1402.2
1286210 1404.2
1286220 1407.2
1286230 1410.1
1286240 1410.1
1286250 1412.9
1286260 1415.2
1286270 1415.2
1286280 1417.1
1286290 1419.1
1286300 1419.1
1286310 1422.7
1286320 1427.9
1286330 1427.9
1286340 1431.4
1286350 1433.9
1286360 1433.9
1286370 1436.1
1286380 1438.5
1286390 1438.5
1286400 1441.3
1286410 1444.4
1286420 1444.4
1286430 1448.8
1286440 1453.5
1286450 1458.4
1286460 1458.4
1286470 1463.8
1286480 1469.2
1286490 1469.2
1286500 1473.5
1286510 1475.8
1286520 1475.8
1286530 1479.3
1286540 1484.0
1286550 1484.0
1286560 1487.1
1286570 1490.0
1286580 1490.0
1286590 1496.1
1286600 1498.5
1286610 1498.5
1286620 1501.1
1286630 1504.7
1286640 1504.7
1286650 1508.6
1286660 1511.6
1286670 1514.5
1286680 1514.5
1286690 1518.3
1286700 1521.9
1286710 1521.9
1286720 1525.1
1286730 1528.1
1286740 1528.1
1286750 1530.4
1286760 1532.8
1286770 1532.8
1286780 1535.8
1286790 1538.8
1286800 1538.8
1286810 1541.7
1286820 1544.4
1286830 1544.4
1286840 1547.0
1286850 1549.0
1286860 1549.0
1286870 1550.1
1286880 1552.3
1286890 1555.0
1286900 1555.0
1286910 1555.8
1286920 1555.4
1286930 1555.4
1286940 1555.4
1286950 1555.6
1286960 1555.6
1286970 1556.2
1286980 1557.4
1286990 1557.4
1287000 1561.3
1287010 1566.9
1287020 1566.9
1287030 1570.6
1287040 1573.0
1287050 1573.0
1287060 1575.2
1287070 1578.0
1287080 1578.0
1287090 1581.9
1287100 1585.2
1287110 1586.1
1287120 1586.1
1287130 1587.9
1287140 1590.8
1287150 1590.8
1287160 1595.4
1287170 1600.0
1287180 1600.0
1287190 1603.2
1287200 1605.7
1287210 1605.7
1287220 1607.8
1287230 1611.0
1287240 1611.0
1287250 1612.2
1287260 1611.8
1287270 1611.8
1287280 1610.4
1287290 1608.1
1287300 1608.1
1287310 1606.1
1287320 1604.7
1287330 1604.4
1287340 1604.4
1287350 1606.2
1287360 1608.0
1287370 1608.0
1287380 1610.0
1287390 1611.6
1287400 1611.6
1287410 1613.2
1287420 1613.4
1287430 1613.4
1287440 1613.8
1287450 1617.9
1287460 1617.9
1287470 1622.8
1287480 1627.1
1287490 1627.1
1287500 1631.7
1287510 1636.3
1287520 1636.3
1287530 1640.8
1287540 1645.2
1287550 1651.3
1287560 1651.3
1287570 1657.7
1287580 1664.2
1287590 1664.2
1287600 1673.6
1287610 1680.1
1287620 1680.1
1287630 1684.3
1287640 1688.0
1287650 1688.0
1287660 1690.5
1287670 1692.5
1287680 1692.5
1287690 1694.7
1287700 1697.3
1287710 1697.3
1287720 1700.7
1287730 1703.7
1287740 1703.7
1287750 1706.4
1287760 1708.8
1287770 1710.6
1287780 1710.6
1287790 1711.3
1287800 1716.4
1287810 1716.4
1287820 1721.4
1287830 1724.6
1287840 1724.6
1287850 1727.7
1287860 1732.1
1287870 1732.1
1287880 1737.6
1287890 1741.9
1287900 1741.9
1287910 1746.0
1287920 1750.1
1287930 1750.1
1287940 1754.0
1287950 1757.6
1287960 1757.6
1287970 1761.6
1287980 1768.0
1287990 1774.8
1288000 1774.8
1288010 1779.0
1288020 1782.0
1288030 1782.0
1288040 1785.2
1288050 1789.3
1288060 1789.3
1288070 1794.0
1288080 1798.9
1288090 1798.9
1288100 1803.4
1288110 1807.4
1288120 1807.4
1288130 1811.4
1288140 1815.3
1288150 1815.3
1288160 1818.7
1288170 1821.9
1288180 1821.9
1288190 1824.9
1288200 1827.8
1288210 1830.5
1288220 1830.5
1288230 1833.6
1288240 1836.3
1288250 1836.3
1288260 1839.4
1288270 1843.0
1288280 1843.0
1288290 1846.1
1288300 1848.6
1288310 1848.6
1288320 1849.7
1288330 1850.2
1288340 1850.2
1288350 1850.3
1288360 1849.1
1288370 1849.1
1288380 1846.6
1288390 1844.2
1288400 1841.3
1288410 1841.3
1288420 1839.2
1288430 1842.1
1288440 1842.1
1288450 1844.8
1288460 1847.7
1288470 1847.7
1288480 1850.7
1288490 1852.8
1288500 1852.8
1288510 1854.2
1288520 1856.4
1288530 1856.4
1288540 1856.9
1288550 1857.4
1288560 1857.4
1288570 1860.6
1288580 1861.1
1288590 1861.1
1288600 1861.3
1288610 1862.0
1288620 1863.3
1288630 1863.3
1288640 1865.2
1288650 1867.5
1288660 1867.5
1288670 1869.1
1288680 1870.6
1288690 1870.6
1288700 1872.0
1288710 1872.8
1288720 1872.8
1288730 1873.8
1288740 1875.2
1288750 1875.2
1288760 1876.5
1288770 1879.0
1288780 1879.0
1288790 1882.6
1288800 1887.7
1288810 1887.7
1288820 1892.0
1288830 1895.1
1288840 1898.4
1288850 1898.4
1288860 1901.7
1288870 1904.7
1288880 1904.7
1288890 1907.1
1288900 1909.6
1288910 1909.6
1288920 1912.3
1288930 1915.0
1288940 1915.0
1288950 1917.6
1288960 1921.0
1288970 1921.0
1288980 1924.8
1288990 1929.7
1289000 1929.7
1289010 1934.7
1289020 1939.8
1289030 1939.8
1289040 1944.6
1289050 1949.6
1289060 1954.8
1289070 1954.8
1289080 1960.2
1289090 1965.4
1289100 1965.4
1289110 1971.2
1289120 1977.0
1289130 1977.0
1289140 1983.3
1289150 1990.1
1289160 1990.1
1289170 1995.6
1289180 2002.9
1289190 2002.9
1289200 2010.7
1289210 2017.9
1289220 2017.9
1289230 2024.8
1289240 2031.6
1289250 2031.6
1289260 2038.2
1289270 2044.9
1289280 2051.3
1289290 2051.3
1289300 2057.3
1289310 2063.3
1289320 2063.3
1289330 2069.3
1289340 2074.9
1289350 2074.9
1289360 2080.6
1289370 2086.2
1289380 2086.2
1289390 2091.8
1289400 2097.4
1289410 2097.4
1289420 2103.0
1289430 2108.3
1289440 2108.3
1289450 2113.3
1289460 2117.6
1289470 2117.6
1289480 2121.5
1289490 2124.4
1289500 2125.2
1289510 2125.2
1289520 2125.0
1289530 2125.9
1289540 2125.9
1289550 2128.3
1289560 2132.0
1289570 2132.0
1289580 2135.6
1289590 2139.0
1289600 2139.0
1289610 2142.7
1289620 2147.0
1289630 2147.0
1289640 2151.3
1289650 2155.7
1289660 2155.7
1289670 2161.0
1289680 2166.8
1289690 2166.8
1289700 2172.7
1289710 2178.0
1289720 2182.9
1289730 2182.9
1289740 2187.2
1289750 2184.5
1289760 2184.5
1289770 2171.9
1289780 2160.1
1289790 2160.1
1289800 2152.2
1289810 2146.6
1289820 2156.7
1289830 2152.4
1289840 2146.9
1289850 2146.9
1289860 2146.5
1289870 2145.9
1289880 2145.9
1289890 2145.3
1289900 2145.1
1289910 2145.1
1289920 2147.5
1289930 2148.6
1289940 2150.9
1289950 2150.9
1289960 2154.5
1289970 2154.2
1289980 2154.2
1289990 2149.3
1290000 2143.8
1290010 2143.8
1290020 2129.6
1290030 2114.4
1290040 2114.4
1290050 2098.1
1290060 2078.5
1290070 2078.5
1290080 2066.1
1290090 2061.7
1290100 2061.7
1290110 2056.9
1290120 2047.1
1290130 2047.1
1290140 2041.6
1290150 2037.7
1290160 2034.4
1290170 2034.4
1290180 2025.0
1290190 2011.3
1290200 2011.3
1290210 2003.5
1290220 1998.4
1290230 1998.4
1290240 1996.6
1290250 1995.5
1290260 1995.5
1290270 1993.7
1290280 1992.3
1290290 1992.3
1290300 1990.7
1290310 1989.2
1290320 1989.2
1290330 1988.2
1290340 1986.0
1290350 1986.0
1290360 1984.2
1290370 1980.7
1290380 1977.1
1290390 1977.1
1290400 1973.6
1290410 1970.4
1290420 1970.4
1290430 1967.5
1290440 1966.1
1290450 1966.1
1290460 1964.2
1290470 1963.5
1290480 1963.5
1290490 1961.2
1290500 1959.7
1290510 1959.7
1290520 1958.4
1290530 1957.9
1290540 1957.9
1290550 1956.9
1290560 1954.8
1290570 1954.8
1290580 1950.7
1290590 1945.5
1290600 1940.9
1290610 1940.9
1290620 1937.1
1290630 1935.9
1290640 1935.9
1290650 1933.6
1290660 1932.0
1290670 1932.0
1290680 1932.5
1290690 1934.2
1290700 1934.2
1290710 1937.5
1290720 1940.1
1290730 1940.1
1290740 1938.0
1290750 1934.5
1290760 1934.5
1290770 1932.2
1290780 1929.7
1290790 1929.7
1290800 1927.2
1290810 1924.9
1290820 1924.7
1290830 1924.7
1290840 1924.2
1290850 1924.9
1290860 1924.9
1290870 1926.0
1290880 1926.5
1290890 1926.5
1290900 1921.8
1290910 1913.3
1290920 1913.3
1290930 1904.3
1290940 1895.5
1290950 1895.5
1290960 1888.1
1290970 1882.7
1290980 1882.7
1290990 1880.1
1291000 1881.6
1291010 1881.6
1291020 1880.6
1291030 1872.3
1291040 1868.7
1291050 1868.7
1291060 1868.8
1291070 1862.6
1291080 1862.6
1291090 1850.5
1291100 1844.1
1291110 1844.1
1291120 1840.3
1291130 1841.3
1291140 1841.3
1291150 1837.6
1291160 1834.3
1291170 1834.3
1291180 1829.9
1291190 1822.0
1291200 1822.0
1291210 1814.8
1291220 1807.6
1291230 1807.6
1291240 1799.9
1291250 1793.8
1291260 1788.4
1291270 1788.4
1291280 1783.1
1291290 1777.4
1291300 1777.4
1291310 1768.3
1291320 1763.1
1291330 1763.1
1291340 1760.2
1291350 1758.8
1291360 1758.8
1291370 1759.0
1291380 1759.3
1291390 1759.3
1291400 1758.8
1291410 1756.4
1291420 1756.4
1291430 1754.1
1291440 1753.7
1291450 1753.7
1291460 1754.0
1291470 1753.6
1291480 1752.2
1291490 1752.2
1291500 1750.9
1291510 1748.7
1291520 1748.7
1291530 1746.3
1291540 1743.9
1291550 1743.9
1291560 1742.0
1291570 1739.4
1291580 1739.4
1291590 1737.0
1291600 1738.0
1291610 1738.0
1291620 1738.9
1291630 1739.1
1291640 1739.1
1291650 1738.5
1291660 1736.6
1291670 1736.6
1291680 1730.7
1291690 1724.8
1291700 1718.8
1291710 1718.8
1291720 1713.0
1291730 1712.0
1291740 1712.0
1291750 1715.5
1291760 1724.1
1291770 1724.1
1291780 1729.7
1291790 1737.2
1291800 1737.2
1291810 1745.1
1291820 1753.6
1291830 1753.6
1291840 1762.1
1291850 1768.8
1291860 1768.8
1291870 1775.6
1291880 1782.3
1291890 1782.3
1291900 1788.6
1291910 1794.1
1291920 1799.8
1291930 1799.8
1291940 1806.7
1291950 1813.5
1291960 1813.5
1291970 1819.4
1291980 1824.4
1291990 1824.4
1292000 1829.2
1292010 1833.8
1292020 1833.8
1292030 1838.5
1292040 1844.7
1292050 1844.7
1292060 1850.6
1292070 1856.1
1292080 1856.1
1292090 1862.7
1292100 1870.3
1292110 1870.3
1292120 1877.8
1292130 1886.0
1292140 1893.3
1292150 1893.3
1292160 1898.7
1292170 1903.9
1292180 1903.9
1292190 1909.8
1292200 1915.3
1292210 1915.3
1292220 1921.3
1292230 1926.4
1292240 1926.4
1292250 1932.4
1292260 1937.3
1292270 1937.3
1292280 1942.5
1292290 1947.9
1292300 1947.9
1292310 1952.5
1292320 1956.6
1292330 1960.0
1292340 1960.0
1292350 1963.5
1292360 1968.1
1292370 1968.1
1292380 1970.4
1292390 1974.4
1292400 1974.4
1292410 1980.4
1292420 1987.0
1292430 1987.0
1292440 1995.8
1292450 2000.9
1292460 2000.9
1292470 2006.4
1292480 2012.6
1292490 2012.6
1292500 2018.3
1292510 2025.0
1292520 2025.0
1292530 2035.7
1292540 2067.1
1292550 2099.7
1292560 2099.7
1292570 2103.4
1292580 2106.0
1292590 2106.0
1292600 2109.4
1292610 2112.9
1292620 2112.9
1292630 2117.7
1292640 2123.7
1292650 2123.7
1292660 2130.1
1292670 2136.4
1292680 2136.4
1292690 2142.0
1292700 2148.4
1292710 2148.4
1292720 2156.4
1292730 2167.1
1292740 2167.1
1292750 2173.3
1292760 2176.9
1292770 2180.4
1292780 2180.4
1292790 2184.2
1292800 2189.7
1292810 2189.7
1292820 2195.8
1292830 2201.9
1292840 2201.9
1292850 2209.2
1292860 2216.4
1292870 2216.4
1292880 2220.7
1292890 2223.9
1292900 2223.9
1292910 2226.1
1292920 2229.5
1292930 2229.5
1292940 2235.9
1292950 2242.9
1292960 2242.9
1292970 2247.5
1292980 2250.9
1292990 2255.9
1293000 2255.9
1293010 2259.9
1293020 2263.2
1293030 2263.2
1293040 2267.0
1293050 2270.9
1293060 2270.9
1293070 2275.4
1293080 2279.1
1293090 2279.1
1293100 2281.6
1293110 2284.8
1293120 2284.8
1293130 2288.0
1293140 2291.7
1293150 2291.7
1293160 2295.2
1293170 2299.2
1293180 2299.2
1293190 2302.7
1293200 2305.8
1293210 2309.5
1293220 2309.5
1293230 2313.4
1293240 2316.1
1293250 2316.1
1293260 2320.1
1293270 2324.8
1293280 2324.8
1293290 2328.8
1293300 2332.6
1293310 2332.6
1293320 2336.5
1293330 2340.5
1293340 2340.5
1293350 2344.5
1293360 2348.6
1293370 2348.6
1293380 2352.3
1293390 2355.9
1293400 2355.9
1293410 2360.1
1293420 2363.9
1293430 2366.9
1293440 2366.9
1293450 2370.3
1293460 2373.6
1293470 2373.6
1293480 2376.0
1293490 2379.9
1293500 2379.9
1293510 2381.3
1293520 2379.3
1293530 2379.3
1293540 2377.4
1293550 2379.4
1293560 2379.4
1293570 2382.7
1293580 2384.5
1293590 2384.5
1293600 2387.5
1293610 2390.6
1293620 2390.6
1293630 2392.9
1293640 2396.2
1293650 2400.2
1293660 2400.2
1293670 2406.9
1293680 2415.3
1293690 2415.3
1293700 2422.9
1293710 2426.5
1293720 2426.5
1293730 2427.1
1293740 2427.4
1293750 2427.4
1293760 2429.7
1293770 2425.3
1293780 2425.3
1293790 2428.2
1293800 2431.3
1293810 2431.3
1293820 2435.6
1293830 2440.1
1293840 2440.1
1293850 2445.4
1293860 2451.9
1293870 2457.9
1293880 2457.9
1293890 2464.4
1293900 2473.5
1293910 2473.5
1293920 2476.1
1293930 2479.7
1293940 2479.7
1293950 2484.1
1293960 2487.7
1293970 2487.7
1293980 2492.0
1293990 2496.9
1294000 2496.9
1294010 2501.3
1294020 2504.8
1294030 2504.8
1294040 2507.1
1294050 2509.9
1294060 2509.9
1294070 2512.9
1294080 2516.7
1294090 2520.5
1294100 2520.5
1294110 2524.1
1294120 2527.0
1294130 2527.0
1294140 2527.7
1294150 2521.8
1294160 2521.8
1294170 2513.7
1294180 2510.5
1294190 2510.5
1294200 2511.8
1294210 2511.5
1294220 2511.5
1294230 2497.0
1294240 2480.9
1294250 2480.9
1294260 2475.6
1294270 2471.5
1294280 2471.5
1294290 2469.0
1294300 2468.2
1294310 2468.5
1294320 2468.5
1294330 2470.1
1294340 2471.3
1294350 2471.3
1294360 2472.8
1294370 2475.4
1294380 2475.4
1294390 2478.1
1294400 2480.9
1294410 2480.9
1294420 2483.3
1294430 2491.5
1294440 2491.5
1294450 2494.0
1294460 2496.2
1294470 2496.2
1294480 2498.7
1294490 2503.9
1294500 2503.9
1294510 2509.2
1294520 2513.3
1294530 2517.6
1294540 2517.6
1294550 2522.4
1294560 2526.5
1294570 2526.5
1294580 2530.8
1294590 2535.4
1294600 2535.4
1294610 2540.2
1294620 2544.5
1294630 2544.5
1294640 2547.7
1294650 2550.1
1294660 2550.1
1294670 2552.3
1294680 2554.9
1294690 2554.9
1294700 2557.9
1294710 2560.2
1294720 2560.2
1294730 2562.2
1294740 2564.2
1294750 2565.3
1294760 2565.3
1294770 2565.4
1294780 2564.2
1294790 2564.2
1294800 2560.0
1294810 2554.6
1294820 2554.6
1294830 2549.0
1294840 2545.0
1294850 2545.0
1294860 2539.6
1294870 2535.0
1294880 2535.0
1294890 2529.6
1294900 2525.8
1294910 2525.8
1294920 2522.5
1294930 2513.0
1294940 2513.0
1294950 2506.4
1294960 2505.0
1294970 2495.5
1294980 2495.5
1294990 2484.6
1295000 2477.6
1295010 2477.6
1295020 2471.2
1295030 2465.0
1295040 2465.0
1295050 2459.7
1295060 2455.4
1295070 2455.4
1295080 2452.9
1295090 2449.9
1295100 2456.1
1295110 2453.9
1295120 2454.0
1295130 2454.0
1295140 2455.5
1295150 2456.4
1295160 2456.4
1295170 2456.5
1295180 2457.1
1295190 2458.6
1295200 2458.6
1295210 2457.8
1295220 2457.6
1295230 2457.6
1295240 2458.7
1295250 2461.1
1295260 2461.1
1295270 2464.6
1295280 2468.4
1295290 2468.4
1295300 2472.0
1295310 2472.1
1295320 2472.1
1295330 2470.6
1295340 2470.8
1295350 2470.8
1295360 2475.0
1295370 2479.1
1295380 2479.1
1295390 2494.0
1295400 2528.0
1295410 2541.2
1295420 2541.2
1295430 2549.4
1295440 2557.4
1295450 2557.4
1295460 2572.3
1295470 2582.4
1295480 2582.4
1295490 2589.6
1295500 2597.0
1295510 2597.0
1295520 2605.3
1295530 2619.8
1295540 2619.8
1295550 2635.9
1295560 2648.9
1295570 2648.9
1295580 2655.2
1295590 2657.1
1295600 2657.1
1295610 2657.5
1295620 2659.1
1295630 2660.8
1295640 2660.8
1295650 2662.6
1295660 2665.8
1295670 2665.8
1295680 2670.2
1295690 2675.0
1295700 2675.0
1295710 2678.7
1295720 2682.0
1295730 2682.0
1295740 2683.2
1295750 2683.3
1295760 2683.3
1295770 2694.3
1295780 2692.3
1295790 2692.3
1295800 2691.8
1295810 2692.9
1295820 2693.6
1295830 2693.6
1295840 2695.1
1295850 2696.7
1295860 2696.7
1295870 2705.4
1295880 2710.9
1295890 2710.9
1295900 2714.2
1295910 2716.8
1295920 2716.8
1295930 2720.2
1295940 2719.8
1295950 2719.8
1295960 2719.7
1295970 2720.3
1295980 2720.3
1295990 2720.4
1296000 2718.9
1296010 2718.9
1296020 2717.6
1296030 2718.7
1296040 2719.6
1296050 2719.6
1296060 2718.6
1296070 2717.5
1296080 2717.5
1296090 2717.3
1296100 2715.8
1296110 2715.8
1296120 2715.3
1296130 2714.4
1296140 2714.4
1296150 2709.9
1296160 2707.4
1296170 2707.4
1296180 2705.6
1296190 2707.8
1296200 2707.8
1296210 2708.3
1296220 2705.8
1296230 2705.8
1296240 2708.1
1296250 2709.0
1296260 2710.6
1296270 2710.6
1296280 2712.4
1296290 2713.7
1296300 2713.7
1296310 2715.0
1296320 2717.3
1296330 2717.3
1296340 2721.5
1296350 2727.6
1296360 2727.6
1296370 2742.7
1296380 2771.4
1296390 2771.4
1296400 2794.2
1296410 2798.7
1296420 2798.7
1296430 2804.6
1296440 2818.2
1296450 2818.2
1296460 2822.8
1296470 2828.0
1296480 2831.9
1296490 2831.9
1296500 2835.2
1296510 2840.0
1296520 2840.0
1296530 2846.6
1296540 2854.6
1296550 2854.6
1296560 2860.4
1296570 2866.3
1296580 2866.3
1296590 2872.2
1296600 2878.8
1296610 2878.8
1296620 2887.1
1296630 2897.0
1296640 2897.0
1296650 2905.5
1296660 2912.5
1296670 2912.5
1296680 2916.2
1296690 2909.4
1296700 2893.3
1296710 2893.3
1296720 2869.3
1296730 2846.3
1296740 2846.3
1296750 2829.4
1296760 2808.4
1296770 2808.4
1296780 2788.5
1296790 2775.0
1296800 2775.0
1296810 2766.3
1296820 2760.1
1296830 2760.1
1296840 2755.9
1296850 2752.6
1296860 2752.6
1296870 2749.3
1296880 2747.2
1296890 2747.2
1296900 2745.4
1296910 2743.9
1296920 2742.6
1296930 2742.6
1296940 2741.3
1296950 2740.5
1296960 2740.5
1296970 2740.0
1296980 2739.4
1296990 2739.4
1297000 2738.8
1297010 2738.4
1297020 2738.4
1297030 2738.1
1297040 2737.8
1297050 2737.8
1297060 2737.8
1297070 2738.1
1297080 2738.1
1297090 2738.7
1297100 2739.3
1297110 2739.3
1297120 2743.3
1297130 2744.0
1297140 2744.6
1297150 2744.6
1297160 2745.0
1297170 2745.5
1297180 2745.5
1297190 2746.0
1297200 2746.4
1297210 2746.4
1297220 2746.7
1297230 2746.9
1297240 2746.9
1297250 2747.2
1297260 2747.7
1297270 2747.7
1297280 2748.1
1297290 2748.4
1297300 2748.4
1297310 2748.9
1297320 2749.6
1297330 2749.6
1297340 2750.2
1297350 2750.8
1297360 2751.4
1297370 2751.4
1297380 2752.1
1297390 2752.9
1297400 2752.9
1297410 2753.2
1297420 2753.2
1297430 2753.2
1297440 2753.1
1297450 2752.8
1297460 2752.8
1297470 2752.3
1297480 2752.2
1297490 2752.2
1297500 2752.3
1297510 2752.1
1297520 2752.1
1297530 2752.8
1297540 2755.3
1297550 2755.3
1297560 2755.5
1297570 2753.7
1297580 2754.5
1297590 2754.5
1297600 2756.2
1297610 2756.9
1297620 2756.9
1297630 2756.2
1297640 2755.2
1297650 2755.2
1297660 2753.9
1297670 2749.8
1297680 2749.8
1297690 2746.2
1297700 2744.5
1297710 2744.5
1297720 2743.2
1297730 2739.9
1297740 2739.9
1297750 2738.5
1297760 2739.1
1297770 2739.1
1297780 2739.5
1297790 2739.4
1297800 2740.2
1297810 2740.2
1297820 2739.3
1297830 2738.0
1297840 2738.0
1297850 2736.2
1297860 2734.8
1297870 2734.8
1297880 2733.3
1297890 2731.4
1297900 2731.4
1297910 2730.2
1297920 2729.1
1297930 2729.1
1297940 2728.4
1297950 2728.4
1297960 2728.4
1297970 2728.1
1297980 2726.3
1297990 2726.3
1298000 2723.9
1298010 2721.5
1298020 2719.4
1298030 2719.4
1298040 2719.5
1298050 2720.5
1298060 2720.5
1298070 2721.5
1298080 2722.6
1298090 2722.6
1298100 2724.3
1298110 2726.8
1298120 2726.8
1298130 2729.4
1298140 2731.2
1298150 2731.2
1298160 2732.3
1298170 2733.6
1298180 2733.6
1298190 2734.7
1298200 2735.4
1298210 2735.4
1298220 2736.2
1298230 2737.1
1298240 2738.2
1298250 2738.2
1298260 2739.7
1298270 2741.7
1298280 2741.7
1298290 2744.0
1298300 2746.7
1298310 2746.7
1298320 2749.6
1298330 2752.5
1298340 2752.5
1298350 2754.2
1298360 2757.2
1298370 2757.2
1298380 2759.3
1298390 2761.2
1298400 2761.2
1298410 2762.2
1298420 2763.7
1298430 2763.7
1298440 2766.1
1298450 2767.4
1298460 2767.8
1298470 2767.8
1298480 2769.0
1298490 2771.5
1298500 2771.5
1298510 2772.2
1298520 2772.1
1298530 2772.1
1298540 2772.0
1298550 2771.9
1298560 2771.9
1298570 2771.8
1298580 2771.7
1298590 2771.7
1298600 2771.2
1298610 2770.5
1298620 2770.5
1298630 2769.9
1298640 2769.1
1298650 2769.1
1298660 2768.7
1298670 2768.0
1298680 2767.8
1298690 2767.8
1298700 2768.0
1298710 2768.8
1298720 2768.8
1298730 2769.8
1298740 2770.3
1298750 2770.3
1298760 2769.5
1298770 2770.6
1298780 2770.6
1298790 2771.7
1298800 2774.4
1298810 2774.4
1298820 2776.1
1298830 2777.8
1298840 2777.8
1298850 2777.8
1298860 2776.9
1298870 2776.9
1298880 2776.1
1298890 2775.9
1298900 2774.6
1298910 2774.6
1298920 2772.2
1298930 2769.7
1298940 2769.7
1298950 2767.3
1298960 2764.4
1298970 2764.4
1298980 2761.7
1298990 2759.7
1299000 2759.7
1299010 2758.5
1299020 2758.4
1299030 2758.4
1299040 2757.8
1299050 2755.4
1299060 2755.4
1299070 2753.7
1299080 2753.9
1299090 2753.9
1299100 2754.4
1299110 2751.3
1299120 2746.9
1299130 2746.9
1299140 2742.1
1299150 2741.8
1299160 2746.3
1299170 2746.0
1299180 2745.1
1299190 2745.1
1299200 2744.2
1299210 2743.4
1299220 2743.4
1299230 2743.2
1299240 2744.4
1299250 2744.4
1299260 2748.0
1299270 2748.3
1299280 2748.3
1299290 2746.7
1299300 2743.5
1299310 2743.2
1299320 2743.2
1299330 2743.6
1299340 2744.3
1299350 2744.3
1299360 2744.9
1299370 2745.4
1299380 2745.4
1299390 2745.9
1299400 2746.3
1299410 2746.3
1299420 2746.8
1299430 2747.1
1299440 2747.1
1299450 2747.5
1299460 2748.0
1299470 2748.0
1299480 2748.6
1299490 2749.3
1299500 2749.3
1299510 2750.0
1299520 2750.9
1299530 2752.0
1299540 2752.0
1299550 2753.1
1299560 2754.2
1299570 2754.2
1299580 2755.4
1299590 2756.5
1299600 2756.5
1299610 2757.7
1299620 2758.8
1299630 2758.8
1299640 2759.9
1299650 2760.7
1299660 2760.7
1299670 2761.7
1299680 2763.0
1299690 2763.0
1299700 2767.6
1299710 2778.8
1299720 2778.8
1299730 2782.4
1299740 2782.0
1299750 2779.1
1299760 2779.1
1299770 2774.5
1299780 2767.8
1299790 2767.8
1299800 2762.3
1299810 2757.2
1299820 2757.2
1299830 2752.9
1299840 2748.9
1299850 2753.6
1299860 2750.5
1299870 2746.3
1299880 2746.3
1299890 2739.0
1299900 2730.3
1299910 2730.3
1299920 2723.4
1299930 2718.4
1299940 2718.4
1299950 2713.6
1299960 2705.8
1299970 2700.9
1299980 2700.9
1299990 2695.8
