1280000 1553.6
1280010 1553.6
1280020 1542.7
1280030 1523.6
1280040 1523.6
1280050 1492.2
1280060 1471.8
1280070 1471.8
1280080 1467.1
1280090 1466.9
1280100 1466.9
1280110 1470.6
1280120 1473.1
1280130 1473.5
1280140 1473.5
1280150 1475.2
1280160 1476.5
1280170 1468.4
1280180 1469.7
1280190 1467.6
1280200 1467.6
1280210 1465.0
1280220 1465.5
1280230 1465.5
1280240 1469.2
1280250 1473.3
1280260 1473.3
1280270 1478.2
1280280 1482.6
1280290 1482.6
1280300 1484.9
1280310 1487.3
1280320 1487.3
1280330 1491.9
1280340 1496.3
1280350 1499.4
1280360 1499.4
1280370 1498.9
1280380 1496.1
1280390 1496.1
1280400 1492.7
1280410 1489.7
1280420 1489.7
1280430 1487.2
1280440 1480.4
1280450 1480.4
1280460 1476.3
1280470 1480.0
1280480 1480.0
1280490 1480.5
1280500 1479.4
1280510 1479.4
1280520 1476.8
1280530 1471.9
1280540 1471.9
1280550 1467.1
1280560 1464.2
1280570 1458.4
1280580 1458.4
1280590 1460.4
1280600 1463.0
1280610 1463.0
1280620 1466.6
1280630 1469.9
1280640 1469.9
1280650 1471.2
1280660 1472.2
1280670 1472.2
1280680 1472.8
1280690 1473.0
1280700 1473.0
1280710 1473.2
1280720 1473.7
1280730 1473.7
1280740 1473.9
1280750 1473.6
1280760 1473.6
1280770 1472.3
1280780 1470.1
1280790 1459.6
1280800 1459.6
1280810 1455.1
1280820 1449.9
1280830 1449.9
1280840 1444.5
1280850 1438.8
1280860 1438.8
1280870 1432.9
1280880 1426.8
1280890 1426.8
1280900 1421.0
1280910 1414.6
1280920 1414.6
1280930 1406.5
1280940 1396.3
1280950 1396.3
1280960 1387.6
1280970 1382.3
1280980 1382.3
1280990 1378.7
1281000 1372.8
1281010 1369.5
1281020 1369.5
1281030 1367.8
1281040 1362.4
1281050 1362.4
1281060 1352.3
1281070 1347.6
1281080 1347.6
1281090 1335.3
1281100 1314.0
1281110 1314.0
1281120 1312.2
1281130 1317.6
1281140 1317.6
1281150 1323.6
1281160 1326.8
1281170 1326.8
1281180 1328.3
1281190 1330.3
1281200 1330.3
1281210 1332.5
1281220 1333.9
1281230 1334.0
1281240 1334.0
1281250 1333.7
1281260 1332.0
1281270 1332.0
1281280 1328.5
1281290 1322.8
1281300 1322.8
1281310 1315.5
1281320 1308.5
1281330 1308.5
1281340 1303.0
1281350 1297.3
1281360 1297.3
1281370 1288.6
1281380 1278.8
1281390 1278.8
1281400 1270.2
1281410 1262.4
1281420 1262.0
1281430 1255.1
1281440 1250.9
1281450 1248.2
1281460 1248.2
1281470 1248.7
1281480 1250.1
1281490 1250.1
1281500 1253.6
1281510 1257.7
1281520 1257.7
1281530 1262.6
1281540 1266.4
1281550 1266.4
1281560 1266.5
1281570 1267.3
1281580 1267.3
1281590 1266.8
1281600 1266.4
1281610 1266.4
1281620 1266.6
1281630 1266.0
1281640 1266.0
1281650 1263.2
1281660 1260.6
1281670 1257.7
1281680 1257.7
1281690 1253.9
1281700 1252.1
1281710 1252.1
1281720 1250.8
1281730 1248.1
1281740 1248.1
1281750 1244.5
1281760 1239.8
1281770 1239.8
1281780 1233.9
1281790 1233.2
1281800 1233.2
1281810 1232.0
1281820 1231.4
1281830 1231.4
1281840 1231.5
1281850 1232.1
1281860 1232.1
1281870 1232.0
1281880 1229.4
1281890 1225.5
1281900 1225.5
1281910 1221.2
1281920 1216.1
1281930 1216.1
1281940 1211.2
1281950 1206.6
1281960 1206.6
1281970 1203.8
1281980 1201.7
1281990 1201.7
1282000 1199.7
1282010 1198.2
1282020 1198.2
1282030 1197.4
1282040 1197.6
1282050 1197.6
1282060 1198.8
1282070 1200.5
1282080 1203.9
1282090 1203.9
1282100 1206.3
1282110 1204.8
1282120 1204.8
1282130 1204.2
1282140 1202.1
1282150 1202.1
1282160 1200.2
1282170 1202.8
1282180 1202.8
1282190 1205.4
1282200 1211.6
1282210 1211.6
1282220 1212.6
1282230 1211.1
1282240 1211.1
1282250 1207.9
1282260 1212.4
1282270 1212.4
1282280 1217.3
1282290 1223.4
1282300 1227.8
1282310 1227.8
1282320 1231.1
1282330 1236.9
1282340 1236.9
1282350 1237.5
1282360 1235.8
1282370 1235.8
1282380 1235.4
1282390 1237.3
1282400 1237.3
1282410 1240.0
1282420 1240.7
1282430 1240.7
1282440 1240.8
1282450 1240.7
1282460 1240.7
1282470 1241.0
1282480 1240.2
1282490 1240.2
1282500 1237.6
1282510 1235.7
1282520 1236.4
1282530 1236.4
1282540 1236.3
1282550 1235.4
1282560 1235.4
1282570 1235.9
1282580 1237.7
1282590 1237.7
1282600 1239.2
1282610 1243.1
1282620 1243.1
1282630 1246.8
1282640 1247.8
1282650 1247.8
1282660 1248.4
1282670 1241.7
1282680 1241.7
1282690 1242.7
1282700 1244.8
1282710 1244.8
1282720 1245.1
1282730 1245.8
1282740 1248.9
1282750 1248.9
1282760 1250.4
1282770 1252.5
1282780 1252.5
1282790 1255.4
1282800 1258.7
1282810 1258.7
1282820 1262.4
1282830 1266.8
1282840 1266.8
1282850 1272.0
1282860 1276.9
1282870 1276.9
1282880 1281.8
1282890 1286.8
1282900 1286.8
1282910 1294.2
1282920 1298.9
1282930 1298.9
1282940 1303.4
1282950 1307.6
1282960 1312.4
1282970 1312.4
1282980 1317.4
1282990 1322.6
1283000 1322.6
1283010 1328.9
1283020 1335.2
1283030 1335.2
1283040 1341.0
1283050 1346.8
1283060 1346.8
1283070 1351.0
1283080 1354.6
1283090 1354.6
1283100 1359.3
1283110 1362.6
1283120 1362.6
1283130 1364.2
1283140 1364.5
1283150 1364.5
1283160 1365.6
1283170 1368.5
1283180 1370.9
1283190 1370.9
1283200 1371.8
1283210 1372.8
1283220 1372.8
1283230 1375.4
1283240 1380.4
1283250 1380.4
1283260 1384.9
1283270 1385.0
1283280 1385.0
1283290 1381.8
1283300 1385.8
1283310 1385.8
1283320 1382.0
1283330 1378.6
1283340 1378.6
1283350 1376.5
1283360 1375.6
1283370 1375.6
1283380 1375.2
1283390 1375.1
1283400 1377.9
1283410 1377.9
1283420 1382.0
1283430 1386.0
1283440 1386.0
1283450 1389.8
1283460 1393.3
1283470 1393.3
1283480 1397.6
1283490 1400.8
1283500 1400.8
1283510 1403.1
1283520 1406.2
1283530 1406.2
1283540 1409.2
1283550 1410.6
1283560 1410.6
1283570 1409.8
1283580 1408.6
1283590 1408.6
1283600 1409.6
1283610 1412.5
1283620 1415.7
1283630 1415.7
1283640 1417.7
1283650 1419.3
1283660 1419.3
1283670 1420.3
1283680 1421.1
1283690 1421.1
1283700 1421.7
1283710 1422.1
1283720 1422.1
1283730 1422.7
1283740 1424.0
1283750 1424.0
1283760 1425.9
1283770 1427.5
1283780 1427.5
1283790 1428.8
1283800 1429.8
1283810 1429.8
1283820 1431.7
1283830 1432.6
1283840 1432.9
1283850 1432.9
1283860 1431.8
1283870 1427.3
1283880 1427.3
1283890 1426.2
1283900 1425.4
1283910 1425.4
1283920 1424.8
1283930 1428.4
1283940 1428.4
1283950 1428.2
1283960 1427.8
1283970 1427.8
1283980 1426.2
1283990 1423.1
1284000 1423.1
1284010 1419.7
1284020 1416.8
1284030 1416.8
1284040 1414.9
1284050 1413.8
1284060 1412.9
1284070 1412.9
1284080 1411.9
1284090 1410.8
1284100 1410.8
1284110 1410.3
1284120 1410.5
1284130 1410.5
1284140 1410.7
1284150 1411.0
1284160 1411.0
1284170 1411.5
1284180 1412.3
1284190 1412.3
1284200 1413.5
1284210 1411.6
1284220 1411.6
1284230 1408.4
1284240 1406.0
1284250 1406.0
1284260 1405.7
1284270 1410.2
1284280 1414.6
1284290 1414.6
1284300 1417.6
1284310 1421.8
1284320 1421.8
1284330 1426.3
1284340 1430.5
1284350 1430.5
1284360 1432.4
1284370 1433.2
1284380 1433.2
1284390 1435.5
1284400 1436.4
1284410 1436.4
1284420 1436.1
1284430 1434.8
1284440 1434.8
1284450 1431.6
1284460 1431.7
1284470 1431.7
1284480 1433.8
1284490 1435.9
1284500 1437.3
1284510 1437.3
1284520 1439.2
1284530 1441.3
1284540 1441.3
1284550 1443.0
1284560 1449.9
1284570 1449.9
1284580 1451.8
1284590 1453.1
1284600 1453.1
1284610 1454.1
1284620 1454.3
1284630 1454.3
1284640 1453.1
1284650 1453.6
1284660 1453.6
1284670 1455.1
1284680 1456.0
1284690 1456.0
1284700 1456.2
1284710 1456.1
1284720 1456.7
1284730 1456.7
1284740 1458.1
1284750 1458.6
1284760 1458.6
1284770 1457.5
1284780 1456.5
1284790 1456.5
1284800 1456.1
1284810 1455.5
1284820 1455.5
1284830 1455.2
1284840 1454.5
1284850 1454.5
1284860 1453.3
1284870 1451.2
1284880 1451.2
1284890 1450.0
1284900 1449.6
1284910 1449.6
1284920 1449.7
1284930 1451.3
1284940 1453.8
1284950 1453.8
1284960 1454.7
1284970 1454.8
1284980 1454.8
1284990 1455.7
1285000 1455.8
1285010 1455.8
1285020 1455.8
1285030 1456.8
1285040 1456.8
1285050 1457.2
1285060 1456.4
1285070 1456.4
1285080 1454.7
1285090 1453.0
1285100 1453.0
1285110 1452.7
1285120 1451.2
1285130 1451.2
1285140 1449.9
1285150 1449.1
1285160 1449.3
1285170 1449.3
1285180 1450.5
1285190 1451.2
1285200 1457.0
1285210 1456.6
1285220 1456.1
1285230 1456.1
1285240 1456.3
1285250 1456.8
1285260 1456.8
1285270 1457.4
1285280 1458.4
1285290 1458.4
1285300 1459.2
1285310 1459.0
1285320 1459.0
1285330 1458.7
1285340 1458.7
1285350 1458.7
1285360 1459.6
1285370 1462.0
1285380 1463.7
1285390 1463.7
1285400 1464.6
1285410 1464.1
1285420 1464.1
1285430 1462.6
1285440 1460.1
1285450 1460.1
1285460 1457.3
1285470 1456.3
1285480 1456.3
1285490 1454.9
1285500 1455.8
1285510 1455.8
1285520 1457.6
1285530 1459.1
1285540 1459.1
1285550 1460.0
1285560 1461.0
1285570 1462.5
1285580 1462.5
1285590 1464.8
1285600 1466.8
1285610 1466.8
1285620 1468.7
1285630 1470.6
1285640 1470.6
1285650 1473.1
1285660 1474.9
1285670 1474.9
1285680 1474.9
1285690 1474.3
1285700 1474.3
1285710 1475.6
1285720 1479.1
1285730 1479.1
1285740 1481.0
1285750 1482.9
1285760 1482.9
1285770 1486.7
1285780 1491.0
1285790 1494.5
1285800 1494.5
1285810 1496.0
1285820 1496.7
1285830 1499.2
1285840 1499.8
1285850 1501.0
1285860 1501.0
1285870 1502.0
1285880 1502.8
1285890 1502.8
1285900 1503.4
1285910 1503.6
1285920 1503.6
1285930 1504.3
1285940 1505.1
1285950 1505.1
1285960 1506.6
1285970 1508.2
1285980 1508.2
1285990 1510.2
1286000 1513.0
1286010 1516.6
1286020 1516.6
1286030 1520.1
1286040 1523.2
1286050 1523.2
1286060 1525.7
1286070 1528.1
1286080 1528.1
1286090 1530.0
1286100 1531.8
1286110 1531.8
1286120 1533.3
1286130 1534.3
1286140 1534.3
1286150 1535.2
1286160 1536.6
1286170 1536.6
1286180 1537.9
1286190 1539.0
1286200 1539.0
1286210 1540.5
1286220 1542.2
1286230 1544.0
1286240 1544.0
1286250 1547.7
1286260 1551.3
1286270 1551.3
1286280 1552.9
1286290 1553.9
1286300 1553.9
1286310 1554.6
1286320 1554.9
1286330 1554.9
1286340 1554.9
1286350 1556.2
1286360 1556.2
1286370 1557.6
1286380 1561.2
1286390 1561.2
1286400 1564.4
1286410 1564.2
1286420 1564.2
1286430 1564.1
1286440 1567.4
1286450 1572.3
1286460 1572.3
1286470 1577.7
1286480 1578.5
1286490 1578.5
1286500 1578.9
1286510 1580.8
1286520 1580.8
1286530 1584.1
1286540 1585.9
1286550 1585.9
1286560 1588.3
1286570 1593.4
1286580 1593.4
1286590 1598.4
1286600 1602.2
1286610 1602.2
1286620 1604.9
1286630 1606.8
1286640 1606.8
1286650 1606.7
1286660 1609.5
1286670 1612.8
1286680 1612.8
1286690 1614.6
1286700 1616.0
1286710 1616.0
1286720 1617.5
1286730 1618.7
1286740 1618.7
1286750 1621.0
1286760 1625.2
1286770 1625.2
1286780 1631.3
1286790 1638.3
1286800 1638.3
1286810 1646.4
1286820 1655.9
1286830 1655.9
1286840 1665.5
1286850 1671.9
1286860 1671.9
1286870 1677.8
1286880 1684.4
1286890 1691.2
1286900 1691.2
1286910 1697.7
1286920 1703.6
1286930 1703.6
1286940 1709.2
1286950 1713.7
1286960 1713.7
1286970 1718.8
1286980 1723.1
1286990 1723.1
1287000 1726.8
1287010 1730.0
1287020 1730.0
1287030 1732.7
1287040 1735.4
1287050 1735.4
1287060 1738.4
1287070 1741.6
1287080 1741.6
1287090 1745.3
1287100 1749.0
1287110 1755.3
1287120 1755.3
1287130 1758.9
1287140 1762.8
1287150 1762.8
1287160 1766.2
1287170 1768.7
1287180 1768.7
1287190 1771.6
1287200 1774.5
1287210 1774.5
1287220 1777.3
1287230 1780.1
1287240 1780.1
1287250 1783.3
1287260 1786.7
1287270 1786.7
1287280 1789.9
1287290 1793.7
1287300 1793.7
1287310 1797.7
1287320 1801.9
1287330 1805.8
1287340 1805.8
1287350 1807.9
1287360 1808.6
1287370 1808.6
1287380 1810.2
1287390 1810.7
1287400 1810.7
1287410 1809.1
1287420 1807.4
1287430 1807.4
1287440 1808.3
1287450 1808.1
1287460 1808.1
1287470 1807.8
1287480 1807.4
1287490 1807.4
1287500 1803.3
1287510 1794.4
1287520 1794.4
1287530 1788.7
1287540 1786.2
1287550 1787.1
1287560 1787.1
1287570 1788.2
1287580 1790.6
1287590 1790.6
1287600 1794.6
1287610 1798.1
1287620 1798.1
1287630 1802.3
1287640 1804.6
1287650 1804.6
1287660 1806.1
1287670 1809.3
1287680 1809.3
1287690 1812.6
1287700 1814.4
1287710 1814.4
1287720 1812.9
1287730 1810.3
1287740 1810.3
1287750 1810.3
1287760 1814.7
1287770 1820.7
1287780 1820.7
1287790 1826.6
1287800 1832.8
1287810 1832.8
1287820 1839.0
1287830 1844.7
1287840 1844.7
1287850 1850.4
1287860 1857.3
1287870 1857.3
1287880 1864.5
1287890 1871.6
1287900 1871.6
1287910 1878.2
1287920 1884.5
1287930 1884.5
1287940 1890.0
1287950 1893.2
1287960 1893.2
1287970 1894.8
1287980 1896.5
1287990 1898.3
1288000 1898.3
1288010 1900.8
1288020 1900.0
1288030 1900.0
1288040 1892.8
1288050 1887.9
1288060 1887.9
1288070 1884.4
1288080 1881.0
1288090 1881.0
1288100 1880.9
1288110 1880.7
1288120 1880.7
1288130 1879.8
1288140 1876.8
1288150 1876.8
1288160 1877.4
1288170 1879.7
1288180 1879.7
1288190 1881.8
1288200 1884.0
1288210 1887.1
1288220 1887.1
1288230 1892.4
1288240 1897.9
1288250 1897.9
1288260 1901.7
1288270 1907.4
1288280 1907.4
1288290 1911.5
1288300 1917.5
1288310 1917.5
1288320 1924.9
1288330 1930.0
1288340 1930.0
1288350 1933.0
1288360 1936.1
1288370 1936.1
1288380 1938.7
1288390 1941.2
1288400 1945.0
1288410 1948.5
1288420 1950.4
1288430 1951.5
1288440 1951.5
1288450 1952.6
1288460 1953.2
1288470 1953.2
1288480 1953.0
1288490 1952.7
1288500 1952.7
1288510 1952.3
1288520 1950.6
1288530 1950.6
1288540 1948.1
1288550 1946.3
1288560 1946.3
1288570 1947.7
1288580 1949.2
1288590 1949.2
1288600 1946.1
1288610 1939.0
1288620 1937.0
1288630 1937.0
1288640 1943.2
1288650 1949.6
1288660 1949.6
1288670 1956.1
1288680 1963.0
1288690 1963.0
1288700 1970.2
1288710 1978.3
1288720 1978.3
1288730 1986.4
1288740 1994.4
1288750 1994.4
1288760 2002.2
1288770 2009.9
1288780 2009.9
1288790 2018.0
1288800 2024.2
1288810 2024.2
1288820 2030.1
1288830 2035.2
1288840 2040.1
1288850 2040.1
1288860 2045.8
1288870 2051.4
1288880 2051.4
1288890 2056.0
1288900 2060.6
1288910 2060.6
1288920 2064.1
1288930 2066.3
1288940 2066.3
1288950 2066.7
1288960 2065.4
1288970 2065.4
1288980 2060.0
1288990 2055.6
1289000 2055.6
1289010 2050.9
1289020 2048.3
1289030 2048.3
1289040 2047.6
1289050 2054.8
1289060 2056.0
1289070 2056.0
1289080 2055.5
1289090 2054.3
1289100 2054.3
1289110 2053.5
1289120 2054.3
1289130 2054.3
1289140 2056.2
1289150 2059.8
1289160 2059.8
1289170 2063.9
1289180 2068.4
1289190 2068.4
1289200 2071.8
1289210 2074.3
1289220 2074.3
1289230 2076.8
1289240 2079.3
1289250 2079.3
1289260 2081.6
1289270 2084.2
1289280 2086.9
1289290 2086.9
1289300 2089.6
1289310 2092.1
1289320 2092.1
1289330 2094.3
1289340 2096.6
1289350 2096.6
1289360 2098.3
1289370 2100.6
1289380 2100.6
1289390 2103.1
1289400 2105.4
1289410 2105.4
1289420 2107.6
1289430 2109.6
1289440 2109.6
1289450 2111.8
1289460 2114.6
1289470 2114.6
1289480 2117.7
1289490 2120.9
1289500 2123.4
1289510 2123.4
1289520 2125.7
1289530 2128.7
1289540 2128.7
1289550 2132.2
1289560 2136.1
1289570 2136.1
1289580 2139.6
1289590 2142.4
1289600 2142.4
1289610 2144.5
1289620 2146.7
1289630 2146.7
1289640 2148.6
1289650 2150.2
1289660 2150.2
1289670 2151.7
1289680 2153.2
1289690 2153.2
1289700 2157.6
1289710 2157.0
1289720 2155.9
1289730 2155.9
1289740 2157.3
1289750 2161.2
1289760 2161.2
1289770 2165.0
1289780 2168.1
1289790 2168.1
1289800 2171.0
1289810 2173.8
1289820 2173.8
1289830 2176.5
1289840 2178.9
1289850 2178.9
1289860 2180.7
1289870 2180.9
1289880 2180.9
1289890 2179.8
1289900 2179.8
1289910 2179.8
1289920 2182.4
1289930 2185.2
1289940 2189.9
1289950 2189.9
1289960 2195.0
1289970 2199.0
1289980 2199.0
1289990 2201.8
1290000 2204.0
1290010 2204.0
1290020 2205.9
1290030 2208.7
1290040 2208.7
1290050 2211.6
1290060 2214.0
1290070 2214.0
1290080 2216.1
1290090 2217.6
1290100 2217.6
1290110 2219.0
1290120 2221.3
1290130 2221.3
1290140 2223.4
1290150 2226.2
1290160 2229.1
1290170 2229.1
1290180 2231.8
1290190 2234.2
1290200 2234.2
1290210 2231.0
1290220 2222.3
1290230 2222.3
1290240 2213.7
1290250 2205.7
1290260 2205.7
1290270 2196.7
1290280 2190.4
1290290 2190.4
1290300 2186.1
1290310 2170.3
1290320 2170.3
1290330 2160.5
1290340 2156.6
1290350 2161.5
1290360 2155.3
1290370 2149.3
1290380 2144.1
1290390 2144.1
1290400 2140.3
1290410 2137.5
1290420 2137.5
1290430 2135.6
1290440 2134.1
1290450 2134.1
1290460 2133.9
1290470 2136.8
1290480 2136.8
1290490 2140.0
1290500 2144.9
1290510 2144.9
1290520 2151.5
1290530 2155.9
1290540 2155.9
1290550 2157.3
1290560 2156.6
1290570 2156.6
1290580 2156.2
1290590 2156.2
1290600 2155.9
1290610 2155.9
1290620 2154.9
1290630 2153.3
1290640 2153.3
1290650 2152.0
1290660 2151.4
1290670 2151.4
1290680 2152.2
1290690 2156.8
1290700 2156.8
1290710 2162.6
1290720 2167.7
1290730 2167.7
1290740 2168.5
1290750 2161.7
1290760 2161.7
1290770 2158.6
1290780 2153.9
1290790 2153.9
1290800 2147.7
1290810 2143.9
1290820 2132.0
1290830 2132.0
1290840 2123.5
1290850 2117.4
1290860 2117.4
1290870 2112.1
1290880 2107.5
1290890 2107.5
1290900 2103.4
1290910 2099.3
1290920 2099.3
1290930 2095.8
1290940 2092.4
1290950 2092.4
1290960 2089.2
1290970 2086.1
1290980 2086.1
1290990 2082.0
1291000 2079.5
1291010 2079.5
1291020 2078.9
1291030 2079.3
1291040 2079.3
1291050 2079.3
1291060 2078.7
1291070 2076.6
1291080 2076.6
1291090 2072.5
1291100 2067.7
1291110 2067.7
1291120 2062.0
1291130 2058.3
1291140 2058.3
1291150 2057.1
1291160 2062.0
1291170 2062.0
1291180 2067.7
1291190 2070.3
1291200 2070.3
1291210 2067.7
1291220 2059.7
1291230 2051.8
1291240 2051.8
1291250 2044.1
1291260 2037.2
1291270 2037.2
1291280 2029.8
1291290 2024.4
1291300 2024.4
1291310 2021.6
1291320 2017.9
1291330 2017.9
1291340 2014.9
1291350 2008.3
1291360 2008.3
1291370 2000.0
1291380 1993.8
1291390 1993.8
1291400 1990.1
1291410 1985.2
1291420 1985.2
1291430 1977.2
1291440 1970.0
1291450 1965.5
1291460 1965.5
1291470 1958.9
1291480 1949.7
1291490 1949.7
1291500 1941.4
1291510 1933.6
1291520 1933.6
1291530 1927.3
1291540 1921.5
1291550 1921.5
1291560 1915.3
1291570 1909.4
1291580 1909.4
1291590 1904.3
1291600 1897.2
1291610 1897.2
1291620 1891.4
1291630 1889.0
1291640 1889.0
1291650 1888.7
1291660 1889.0
1291670 1888.4
1291680 1888.4
1291690 1888.9
1291700 1888.5
1291710 1888.5
1291720 1887.8
1291730 1887.6
1291740 1887.6
1291750 1887.3
1291760 1885.8
1291770 1885.8
1291780 1883.6
1291790 1882.5
1291800 1882.5
1291810 1882.0
1291820 1882.1
1291830 1882.1
1291840 1883.4
1291850 1885.9
1291860 1885.9
1291870 1887.9
1291880 1890.4
1291890 1892.0
1291900 1892.0
1291910 1892.6
1291920 1892.6
1291930 1892.6
1291940 1892.6
1291950 1892.7
1291960 1892.7
1291970 1892.1
1291980 1891.8
1291990 1891.8
1292000 1890.5
1292010 1887.9
1292020 1887.9
1292030 1884.9
1292040 1881.5
1292050 1881.5
1292060 1877.8
1292070 1872.4
1292080 1872.4
1292090 1864.2
1292100 1856.1
1292110 1848.6
1292120 1848.6
1292130 1844.0
1292140 1845.1
1292150 1845.1
1292160 1848.8
1292170 1853.6
1292180 1853.6
1292190 1857.1
1292200 1861.1
1292210 1861.1
1292220 1865.4
1292230 1869.2
1292240 1869.2
1292250 1872.6
1292260 1876.8
1292270 1876.8
1292280 1882.6
1292290 1888.5
1292300 1888.5
1292310 1894.9
1292320 1899.0
1292330 1905.3
1292340 1905.3
1292350 1911.6
1292360 1917.2
1292370 1917.2
1292380 1922.4
1292390 1927.5
1292400 1927.5
1292410 1932.7
1292420 1938.3
1292430 1938.3
1292440 1944.7
1292450 1951.2
1292460 1951.2
1292470 1957.3
1292480 1963.9
1292490 1963.9
1292500 1971.3
1292510 1980.5
1292520 1980.5
1292530 1989.8
1292540 1999.1
1292550 2010.3
1292560 2010.3
1292570 2023.9
1292580 2035.9
1292590 2035.9
1292600 2043.4
1292610 2048.8
1292620 2048.8
1292630 2053.9
1292640 2059.7
1292650 2059.7
1292660 2065.4
1292670 2070.5
1292680 2070.5
1292690 2075.5
1292700 2080.3
1292710 2080.3
1292720 2085.1
1292730 2089.9
1292740 2089.9
1292750 2094.9
1292760 2100.3
1292770 2105.4
1292780 2105.4
1292790 2110.2
1292800 2114.4
1292810 2114.4
1292820 2117.9
1292830 2121.4
1292840 2121.4
1292850 2125.0
1292860 2129.6
1292870 2129.6
1292880 2134.0
1292890 2138.4
1292900 2138.4
1292910 2143.2
1292920 2147.6
1292930 2147.6
1292940 2151.5
1292950 2155.0
1292960 2155.0
1292970 2158.1
1292980 2156.5
1292990 2160.9
1293000 2160.9
1293010 2164.3
1293020 2168.8
1293030 2168.8
1293040 2173.3
1293050 2177.5
1293060 2177.5
1293070 2182.4
1293080 2187.5
1293090 2187.5
1293100 2192.8
1293110 2198.5
1293120 2198.5
1293130 2204.1
1293140 2208.9
1293150 2208.9
1293160 2213.6
1293170 2218.0
1293180 2218.0
1293190 2223.2
1293200 2228.8
1293210 2234.9
1293220 2234.9
1293230 2240.1
1293240 2244.8
1293250 2244.8
1293260 2249.1
1293270 2253.1
1293280 2253.1
1293290 2256.1
1293300 2255.7
1293310 2255.7
1293320 2255.2
1293330 2256.8
1293340 2256.8
1293350 2260.9
1293360 2268.2
1293370 2268.2
1293380 2272.6
1293390 2276.2
1293400 2276.2
1293410 2279.1
1293420 2281.9
1293430 2284.0
1293440 2284.0
1293450 2286.9
1293460 2290.1
1293470 2290.1
1293480 2292.4
1293490 2294.5
1293500 2294.5
1293510 2296.4
1293520 2298.5
1293530 2298.5
1293540 2300.8
1293550 2303.6
1293560 2303.6
1293570 2306.1
1293580 2308.3
1293590 2308.3
1293600 2310.3
1293610 2312.9
1293620 2312.9
1293630 2316.5
1293640 2318.4
1293650 2321.6
1293660 2321.6
1293670 2325.2
1293680 2329.6
1293690 2329.6
1293700 2334.1
1293710 2338.1
1293720 2338.1
1293730 2341.8
1293740 2344.9
1293750 2344.9
1293760 2347.8
1293770 2351.5
1293780 2351.5
1293790 2355.8
1293800 2359.7
1293810 2359.7
1293820 2365.3
1293830 2372.4
1293840 2379.3
1293850 2379.3
1293860 2386.4
1293870 2392.7
1293880 2392.7
1293890 2397.6
1293900 2402.7
1293910 2402.7
1293920 2406.8
1293930 2410.3
1293940 2410.3
1293950 2412.4
1293960 2414.0
1293970 2414.0
1293980 2415.9
1293990 2417.7
1294000 2417.7
1294010 2419.3
1294020 2420.8
1294030 2420.8
1294040 2422.5
1294050 2423.6
1294060 2422.9
1294070 2422.9
1294080 2422.7
1294090 2423.4
1294100 2423.4
1294110 2424.8
1294120 2426.0
1294130 2426.0
1294140 2428.3
1294150 2431.3
1294160 2431.3
1294170 2435.0
1294180 2439.2
1294190 2439.2
1294200 2443.8
1294210 2448.8
1294220 2448.8
1294230 2454.4
1294240 2460.7
1294250 2460.7
1294260 2467.8
1294270 2474.3
1294280 2479.7
1294290 2479.7
1294300 2485.2
1294310 2491.1
1294320 2491.1
1294330 2496.7
1294340 2502.1
1294350 2502.1
1294360 2507.4
1294370 2512.4
1294380 2512.4
1294390 2517.5
1294400 2523.0
1294410 2523.0
1294420 2527.9
1294430 2532.8
1294440 2532.8
1294450 2538.1
1294460 2543.7
1294470 2543.7
1294480 2549.1
1294490 2554.3
1294500 2559.4
1294510 2559.4
1294520 2564.7
1294530 2569.9
1294540 2569.9
1294550 2575.3
1294560 2581.3
1294570 2581.3
1294580 2586.9
1294590 2591.9
1294600 2591.9
1294610 2596.6
1294620 2601.7
1294630 2601.7
1294640 2607.4
1294650 2613.5
1294660 2613.5
1294670 2619.4
1294680 2625.3
1294690 2625.3
1294700 2631.7
1294710 2637.9
1294720 2643.9
1294730 2643.9
1294740 2649.9
1294750 2655.7
1294760 2655.7
1294770 2661.4
1294780 2667.1
1294790 2667.1
1294800 2673.2
1294810 2679.9
1294820 2679.9
1294830 2686.4
1294840 2692.8
1294850 2692.8
1294860 2699.1
1294870 2705.2
1294880 2705.2
1294890 2711.4
1294900 2717.6
1294910 2717.6
1294920 2723.6
1294930 2729.6
1294940 2735.3
1294950 2735.3
1294960 2740.9
1294970 2742.8
1294980 2742.8
1294990 2748.1
1295000 2753.5
1295010 2753.5
1295020 2759.2
1295030 2764.8
1295040 2764.8
1295050 2770.1
1295060 2775.4
1295070 2775.4
1295080 2780.8
1295090 2786.1
1295100 2786.1
1295110 2791.3
1295120 2796.4
1295130 2796.4
1295140 2801.1
1295150 2803.0
1295160 2802.0
1295170 2802.0
1295180 2799.7
1295190 2799.8
1295200 2799.8
1295210 2801.3
1295220 2802.1
1295230 2802.1
1295240 2800.6
1295250 2793.6
1295260 2793.6
1295270 2787.4
1295280 2784.8
1295290 2784.8
1295300 2783.8
1295310 2782.6
1295320 2782.6
1295330 2782.1
1295340 2782.6
1295350 2782.6
1295360 2783.9
1295370 2785.4
1295380 2787.2
1295390 2787.2
1295400 2789.9
1295410 2791.8
1295420 2791.8
1295430 2793.5
1295440 2796.0
1295450 2796.0
1295460 2799.3
1295470 2803.3
1295480 2803.3
1295490 2811.6
1295500 2819.7
1295510 2819.7
1295520 2823.8
1295530 2828.9
1295540 2828.9
1295550 2834.1
1295560 2841.1
1295570 2841.1
1295580 2848.4
1295590 2852.3
1295600 2858.7
1295610 2858.7
1295620 2870.6
1295630 2881.1
1295640 2886.1
1295650 2894.9
1295660 2903.5
1295670 2903.5
1295680 2908.8
1295690 2915.4
1295700 2915.4
1295710 2924.0
1295720 2933.4
1295730 2933.4
1295740 2941.9
1295750 2949.2
1295760 2949.2
1295770 2956.8
1295780 2965.2
1295790 2965.2
1295800 2973.9
1295810 2980.7
1295820 2986.3
1295830 2986.3
1295840 2990.7
1295850 2994.5
1295860 2994.5
1295870 2996.5
1295880 2999.2
1295890 2999.2
1295900 3003.3
1295910 3005.5
1295920 3005.5
1295930 3007.5
1295940 3010.2
1295950 3010.2
1295960 3012.5
1295970 3015.2
1295980 3015.2
1295990 3018.5
1296000 3021.3
1296010 3021.3
1296020 3023.7
1296030 3025.7
1296040 3028.0
1296050 3028.0
1296060 3031.6
1296070 3036.7
1296080 3036.7
1296090 3043.3
1296100 3049.4
1296110 3049.4
1296120 3053.3
1296130 3054.3
1296140 3054.3
1296150 3053.9
1296160 3052.7
1296170 3052.7
1296180 3052.2
1296190 3052.0
1296200 3052.0
1296210 3052.2
1296220 3051.0
1296230 3051.0
1296240 3050.0
1296250 3050.9
1296260 3051.5
1296270 3051.5
1296280 3052.4
1296290 3051.9
1296300 3051.9
1296310 3052.1
1296320 3063.6
1296330 3063.6
1296340 3065.2
1296350 3065.8
1296360 3065.8
1296370 3069.4
1296380 3074.5
1296390 3074.5
1296400 3077.8
1296410 3080.8
1296420 3080.8
1296430 3084.6
1296440 3080.5
1296450 3074.1
1296460 3074.1
1296470 3067.5
1296480 3061.3
1296490 3061.3
1296500 3054.4
1296510 3043.3
1296520 3043.3
1296530 3039.0
1296540 3026.7
1296550 3026.7
1296560 3016.5
1296570 3004.3
1296580 3004.3
1296590 2988.3
1296600 2975.1
1296610 2975.1
1296620 2959.7
1296630 2944.3
1296640 2944.3
1296650 2928.8
1296660 2919.7
1296670 2913.3
1296680 2913.3
1296690 2908.1
1296700 2903.7
1296710 2903.7
1296720 2899.7
1296730 2896.3
1296740 2896.3
1296750 2893.6
1296760 2891.6
1296770 2891.6
1296780 2890.0
1296790 2888.9
1296800 2888.9
1296810 2888.1
1296820 2887.4
1296830 2887.4
1296840 2886.8
1296850 2886.6
1296860 2886.6
1296870 2886.0
1296880 2885.6
1296890 2885.2
1296900 2885.2
1296910 2885.0
1296920 2884.8
1296930 2884.8
1296940 2884.9
1296950 2885.0
1296960 2885.0
1296970 2885.1
1296980 2885.4
1296990 2889.0
1297000 2889.5
1297010 2890.2
1297020 2890.2
1297030 2890.9
1297040 2891.4
1297050 2891.4
1297060 2891.6
1297070 2891.8
1297080 2891.8
1297090 2891.5
1297100 2891.2
1297110 2890.6
1297120 2890.6
1297130 2890.3
1297140 2890.3
1297150 2890.3
1297160 2890.8
1297170 2891.1
1297180 2891.1
1297190 2891.1
1297200 2891.0
1297210 2891.0
1297220 2891.1
1297230 2891.6
1297240 2891.6
1297250 2892.6
1297260 2893.9
1297270 2893.9
1297280 2895.4
1297290 2896.6
1297300 2896.6
1297310 2897.7
1297320 2898.8
1297330 2899.7
1297340 2899.7
1297350 2900.6
1297360 2901.3
1297370 2901.3
1297380 2901.9
1297390 2902.5
1297400 2902.5
1297410 2902.9
1297420 2903.5
1297430 2903.5
1297440 2904.1
1297450 2904.9
1297460 2904.9
1297470 2905.6
1297480 2906.5
1297490 2906.5
1297500 2907.3
1297510 2908.1
1297520 2908.1
1297530 2908.9
1297540 2909.8
1297550 2910.6
1297560 2910.6
1297570 2911.4
1297580 2911.9
1297590 2911.9
1297600 2912.1
1297610 2912.1
1297620 2912.1
1297630 2912.2
1297640 2912.2
1297650 2912.2
1297660 2912.2
1297670 2915.9
1297680 2915.9
1297690 2916.1
1297700 2916.4
1297710 2916.4
1297720 2916.6
1297730 2916.7
1297740 2916.7
1297750 2917.0
1297760 2917.3
1297770 2917.9
1297780 2917.9
1297790 2919.0
1297800 2921.4
1297810 2921.4
1297820 2923.5
1297830 2924.8
1297840 2924.8
1297850 2924.6
1297860 2924.0
1297870 2924.0
1297880 2925.4
1297890 2927.2
1297900 2927.2
1297910 2927.0
1297920 2924.5
1297930 2924.5
1297940 2920.9
1297950 2918.3
1297960 2918.3
1297970 2914.9
1297980 2911.2
1297990 2908.1
1298000 2908.1
1298010 2904.6
1298020 2899.4
1298030 2899.4
1298040 2894.3
1298050 2888.9
1298060 2888.9
1298070 2884.0
1298080 2879.7
1298090 2879.7
1298100 2876.3
1298110 2873.3
1298120 2873.3
1298130 2870.9
1298140 2868.7
1298150 2868.7
1298160 2866.7
1298170 2864.9
1298180 2864.9
1298190 2865.0
1298200 2864.7
1298210 2865.1
1298220 2865.1
1298230 2865.1
1298240 2864.3
1298250 2864.3
1298260 2864.2
1298270 2865.2
1298280 2865.2
1298290 2864.7
1298300 2863.5
1298310 2863.5
1298320 2863.9
1298330 2864.7
1298340 2864.7
1298350 2866.2
1298360 2866.7
1298370 2866.7
1298380 2867.1
1298390 2867.4
1298400 2867.4
1298410 2868.0
1298420 2869.3
1298430 2870.3
1298440 2870.3
1298450 2870.9
1298460 2871.2
1298470 2871.2
1298480 2871.3
1298490 2871.2
1298500 2871.2
1298510 2871.1
1298520 2870.8
1298530 2870.8
1298540 2870.3
1298550 2869.8
1298560 2869.8
1298570 2869.3
1298580 2869.0
1298590 2869.0
1298600 2868.9
1298610 2869.0
1298620 2869.0
1298630 2869.2
1298640 2869.3
1298650 2869.4
1298660 2869.4
1298670 2869.3
1298680 2869.1
1298690 2869.1
1298700 2868.7
1298710 2868.2
1298720 2868.2
1298730 2867.7
1298740 2867.5
1298750 2867.5
1298760 2867.6
1298770 2867.5
1298780 2867.5
1298790 2867.4
1298800 2867.2
1298810 2867.2
1298820 2866.8
1298830 2866.6
1298840 2866.5
1298850 2866.5
1298860 2866.5
1298870 2866.4
1298880 2866.4
1298890 2866.2
1298900 2866.5
1298910 2866.5
1298920 2866.7
1298930 2866.8
1298940 2866.8
1298950 2867.1
1298960 2867.6
1298970 2867.6
1298980 2869.0
1298990 2871.3
1299000 2871.3
1299010 2873.4
1299020 2875.7
1299030 2878.3
1299040 2880.6
1299050 2883.1
1299060 2885.8
1299070 2885.8
1299080 2888.4
1299090 2891.3
1299100 2891.3
1299110 2894.7
1299120 2898.0
1299130 2898.0
1299140 2901.5
1299150 2906.2
1299160 2906.2
1299170 2913.6
1299180 2924.4
1299190 2924.4
1299200 2931.9
1299210 2938.2
1299220 2938.2
1299230 2944.9
1299240 2950.9
1299250 2950.9
1299260 2955.2
1299270 2958.6
1299280 2960.8
1299290 2960.8
1299300 2963.1
1299310 2965.6
1299320 2965.6
1299330 2967.6
1299340 2969.7
1299350 2969.7
1299360 2971.4
1299370 2972.8
1299380 2972.8
1299390 2974.1
1299400 2975.8
1299410 2975.8
1299420 2978.1
1299430 2979.9
1299440 2979.9
1299450 2981.4
1299460 2983.4
1299470 2983.4
1299480 2985.6
1299490 2987.3
1299500 2989.3
1299510 2989.3
1299520 2990.5
1299530 2991.0
1299540 2991.0
1299550 2991.8
1299560 2993.0
1299570 2993.0
1299580 2994.5
1299590 2996.1
1299600 2996.1
1299610 2997.9
1299620 3000.1
1299630 3000.1
1299640 3002.7
1299650 3005.7
1299660 3005.7
1299670 3009.0
1299680 3012.9
1299690 3012.9
1299700 3016.9
1299710 3015.8
1299720 3019.3
1299730 3019.3
1299740 3016.5
1299750 3012.7
1299760 3012.7
1299770 3009.6
1299780 3008.2
1299790 3008.2
1299800 3008.7
1299810 3011.6
1299820 3011.6
1299830 3018.1
1299840 3025.4
1299850 3025.4
1299860 3031.1
1299870 3035.4
1299880 3035.4
1299890 3039.6
1299900 3043.7
1299910 3043.7
1299920 3048.0
1299930 3051.6
1299940 3055.6
1299950 3055.6
1299960 3059.9
1299970 3064.6
1299980 3064.6
1299990 3069.2
