1280000 1369.4
1280010 1372.5
1280020 1375.8
1280030 1375.8
1280040 1376.3
1280050 1376.1
1280060 1376.1
1280070 1375.7
1280080 1375.7
1280090 1375.7
1280100 1375.7
1280110 1375.7
1280120 1374.8
1280130 1374.8
1280140 1373.2
1280150 1371.9
1280160 1371.9
1280170 1372.3
1280180 1374.1
1280190 1374.1
1280200 1376.7
1280210 1381.0
1280220 1381.0
1280230 1385.5
1280240 1390.6
1280250 1390.6
1280260 1393.3
1280270 1394.7
1280280 1394.7
1280290 1397.1
1280300 1400.0
1280310 1402.4
1280320 1402.4
1280330 1402.9
1280340 1402.8
1280350 1402.8
1280360 1403.6
1280370 1405.6
1280380 1405.6
1280390 1406.9
1280400 1407.3
1280410 1407.3
1280420 1407.8
1280430 1408.7
1280440 1408.7
1280450 1402.8
1280460 1401.9
1280470 1401.9
1280480 1397.0
1280490 1390.5
1280500 1390.5
1280510 1388.2
1280520 1388.1
1280530 1385.8
1280540 1385.8
1280550 1381.4
1280560 1373.1
1280570 1373.1
1280580 1360.9
1280590 1362.1
1280600 1362.1
1280610 1368.3
1280620 1372.8
1280630 1372.8
1280640 1377.3
1280650 1380.5
1280660 1380.5
1280670 1382.5
1280680 1383.1
1280690 1383.1
1280700 1380.4
1280710 1384.0
1280720 1384.0
1280730 1388.7
1280740 1390.1
1280750 1390.5
1280760 1390.5
1280770 1389.8
1280780 1387.7
1280790 1387.7
1280800 1384.6
1280810 1381.6
1280820 1381.6
1280830 1378.4
1280840 1375.1
1280850 1375.1
1280860 1371.6
1280870 1368.1
1280880 1368.1
1280890 1364.6
1280900 1360.6
1280910 1360.6
1280920 1355.8
1280930 1351.8
1280940 1351.8
1280950 1348.8
1280960 1345.8
1280970 1343.2
1280980 1343.2
1280990 1340.4
1281000 1336.1
1281010 1336.1
1281020 1330.4
1281030 1320.5
1281040 1320.5
1281050 1307.0
1281060 1294.8
1281070 1287.9
1281080 1282.7
1281090 1277.5
1281100 1277.5
1281110 1271.5
1281120 1264.6
1281130 1264.6
1281140 1261.1
1281150 1257.5
1281160 1257.5
1281170 1250.5
1281180 1244.2
1281190 1246.3
1281200 1246.3
1281210 1250.1
1281220 1254.8
1281230 1254.8
1281240 1259.0
1281250 1262.9
1281260 1262.9
1281270 1266.6
1281280 1265.9
1281290 1265.9
1281300 1258.7
1281310 1251.4
1281320 1251.4
1281330 1245.9
1281340 1242.6
1281350 1242.6
1281360 1241.0
1281370 1240.3
1281380 1240.3
1281390 1240.8
1281400 1241.3
1281410 1241.5
1281420 1241.5
1281430 1241.5
1281440 1241.1
1281450 1241.1
1281460 1239.9
1281470 1237.3
1281480 1237.3
1281490 1231.7
1281500 1225.6
1281510 1225.6
1281520 1220.1
1281530 1215.7
1281540 1215.7
1281550 1213.0
1281560 1209.1
1281570 1209.1
1281580 1210.1
1281590 1210.2
1281600 1210.2
1281610 1209.1
1281620 1207.8
1281630 1206.2
1281640 1206.2
1281650 1204.1
1281660 1201.6
1281670 1201.6
1281680 1198.8
1281690 1191.2
1281700 1191.2
1281710 1189.3
1281720 1187.4
1281730 1187.4
1281740 1185.6
1281750 1184.0
1281760 1184.0
1281770 1182.7
1281780 1181.6
1281790 1181.6
1281800 1181.3
1281810 1181.5
1281820 1181.5
1281830 1181.3
1281840 1180.8
1281850 1181.9
1281860 1181.9
1281870 1183.9
1281880 1186.5
1281890 1186.5
1281900 1188.8
1281910 1193.4
1281920 1193.4
1281930 1201.0
1281940 1208.4
1281950 1208.4
1281960 1216.1
1281970 1225.6
1281980 1225.6
1281990 1234.0
1282000 1240.7
1282010 1240.7
1282020 1245.1
1282030 1248.0
1282040 1248.9
1282050 1248.9
1282060 1251.3
1282070 1254.2
1282080 1254.2
1282090 1256.4
1282100 1258.5
1282110 1258.5
1282120 1260.2
1282130 1261.5
1282140 1261.5
1282150 1264.8
1282160 1269.6
1282170 1269.6
1282180 1274.7
1282190 1278.2
1282200 1278.2
1282210 1281.1
1282220 1283.1
1282230 1283.1
1282240 1284.9
1282250 1287.0
1282260 1288.4
1282270 1288.4
1282280 1290.4
1282290 1291.0
1282300 1291.0
1282310 1288.3
1282320 1294.0
1282330 1294.0
1282340 1290.1
1282350 1288.8
1282360 1288.8
1282370 1291.1
1282380 1289.1
1282390 1289.1
1282400 1286.9
1282410 1287.2
1282420 1287.2
1282430 1287.1
1282440 1286.6
1282450 1286.6
1282460 1287.5
1282470 1291.0
1282480 1294.8
1282490 1294.8
1282500 1298.5
1282510 1302.8
1282520 1302.8
1282530 1303.5
1282540 1303.7
1282550 1303.7
1282560 1304.4
1282570 1305.8
1282580 1305.8
1282590 1306.9
1282600 1307.8
1282610 1307.8
1282620 1310.0
1282630 1311.5
1282640 1311.5
1282650 1312.1
1282660 1313.0
1282670 1313.0
1282680 1312.1
1282690 1311.0
1282700 1312.8
1282710 1312.8
1282720 1314.6
1282730 1315.6
1282740 1315.6
1282750 1314.1
1282760 1312.0
1282770 1312.0
1282780 1308.6
1282790 1306.7
1282800 1306.7
1282810 1307.2
1282820 1309.9
1282830 1309.9
1282840 1315.9
1282850 1322.7
1282860 1322.7
1282870 1329.7
1282880 1335.2
1282890 1335.2
1282900 1338.7
1282910 1340.8
1282920 1344.0
1282930 1344.0
1282940 1349.2
1282950 1358.3
1282960 1358.3
1282970 1364.0
1282980 1369.6
1282990 1369.6
1283000 1374.3
1283010 1379.9
1283020 1379.9
1283030 1386.3
1283040 1393.1
1283050 1393.1
1283060 1397.1
1283070 1398.2
1283080 1398.2
1283090 1398.8
1283100 1399.7
1283110 1399.7
1283120 1401.5
1283130 1403.7
1283140 1406.1
1283150 1406.1
1283160 1408.4
1283170 1410.5
1283180 1410.5
1283190 1412.8
1283200 1415.4
1283210 1415.4
1283220 1418.2
1283230 1420.2
1283240 1420.2
1283250 1422.6
1283260 1424.7
1283270 1424.7
1283280 1427.6
1283290 1430.7
1283300 1430.7
1283310 1432.8
1283320 1433.7
1283330 1433.7
1283340 1433.7
1283350 1433.6
1283360 1433.6
1283370 1433.6
1283380 1434.2
1283390 1435.6
1283400 1435.6
1283410 1436.7
1283420 1436.6
1283430 1436.6
1283440 1439.0
1283450 1443.2
1283460 1443.2
1283470 1444.6
1283480 1445.1
1283490 1445.1
1283500 1444.2
1283510 1443.4
1283520 1443.4
1283530 1444.6
1283540 1445.8
1283550 1445.8
1283560 1448.0
1283570 1450.8
1283580 1459.0
1283590 1459.0
1283600 1461.1
1283610 1463.2
1283620 1463.2
1283630 1464.9
1283640 1465.6
1283650 1465.6
1283660 1463.9
1283670 1460.7
1283680 1460.7
1283690 1459.5
1283700 1461.0
1283710 1461.0
1283720 1463.2
1283730 1464.5
1283740 1464.5
1283750 1464.4
1283760 1464.1
1283770 1464.1
1283780 1464.3
1283790 1464.7
1283800 1465.5
1283810 1465.5
1283820 1467.0
1283830 1467.9
1283840 1467.9
1283850 1468.5
1283860 1468.4
1283870 1468.4
1283880 1468.3
1283890 1469.0
1283900 1469.0
1283910 1470.0
1283920 1470.8
1283930 1470.8
1283940 1470.6
1283950 1470.2
1283960 1470.2
1283970 1469.7
1283980 1469.9
1283990 1469.9
1284000 1470.2
1284010 1470.4
1284020 1470.0
1284030 1470.0
1284040 1469.1
1284050 1468.7
1284060 1468.7
1284070 1468.4
1284080 1467.5
1284090 1467.5
1284100 1466.6
1284110 1464.5
1284120 1464.5
1284130 1462.9
1284140 1463.8
1284150 1463.8
1284160 1466.7
1284170 1467.6
1284180 1467.6
1284190 1468.0
1284200 1469.2
1284210 1474.8
1284220 1474.3
1284230 1468.8
1284240 1465.2
1284250 1465.2
1284260 1464.6
1284270 1462.7
1284280 1462.7
1284290 1460.3
1284300 1457.0
1284310 1457.0
1284320 1454.3
1284330 1454.9
1284340 1454.9
1284350 1460.3
1284360 1465.6
1284370 1465.6
1284380 1469.0
1284390 1471.2
1284400 1471.2
1284410 1473.5
1284420 1474.9
1284430 1474.9
1284440 1475.6
1284450 1476.1
1284460 1477.1
1284470 1477.1
1284480 1477.6
1284490 1477.0
1284500 1477.0
1284510 1477.8
1284520 1481.4
1284530 1481.4
1284540 1484.6
1284550 1486.9
1284560 1486.9
1284570 1488.8
1284580 1490.4
1284590 1490.4
1284600 1491.4
1284610 1491.2
1284620 1491.2
1284630 1489.4
1284640 1489.4
1284650 1489.4
1284660 1489.5
1284670 1490.6
1284680 1491.9
1284690 1491.9
1284700 1493.3
1284710 1494.7
1284720 1494.7
1284730 1496.0
1284740 1497.1
1284750 1497.1
1284760 1498.3
1284770 1499.5
1284780 1499.5
1284790 1500.6
1284800 1501.1
1284810 1501.1
1284820 1500.9
1284830 1500.6
1284840 1505.1
1284850 1505.3
1284860 1504.7
1284870 1504.7
1284880 1503.6
1284890 1502.2
1284900 1500.5
1284910 1500.5
1284920 1499.4
1284930 1499.0
1284940 1499.0
1284950 1497.6
1284960 1493.8
1284970 1493.8
1284980 1491.3
1284990 1492.3
1285000 1492.3
1285010 1493.3
1285020 1494.0
1285030 1494.0
1285040 1494.6
1285050 1495.0
1285060 1495.0
1285070 1494.9
1285080 1495.5
1285090 1495.5
1285100 1495.5
1285110 1493.7
1285120 1492.5
1285130 1492.5
1285140 1495.2
1285150 1498.6
1285160 1498.6
1285170 1501.5
1285180 1502.9
1285190 1502.9
1285200 1503.8
1285210 1503.5
1285220 1503.5
1285230 1503.1
1285240 1503.6
1285250 1503.6
1285260 1503.2
1285270 1502.8
1285280 1502.8
1285290 1502.9
1285300 1502.3
1285310 1500.6
1285320 1500.6
1285330 1500.0
1285340 1499.8
1285350 1499.8
1285360 1499.6
1285370 1499.6
1285380 1499.6
1285390 1499.7
1285400 1500.0
1285410 1500.0
1285420 1500.7
1285430 1501.3
1285440 1501.3
1285450 1502.6
1285460 1503.6
1285470 1503.6
1285480 1507.1
1285490 1506.8
1285500 1506.8
1285510 1507.1
1285520 1507.3
1285530 1506.8
1285540 1506.8
1285550 1505.6
1285560 1506.1
1285570 1506.1
1285580 1504.9
1285590 1501.5
1285600 1501.5
1285610 1500.3
1285620 1501.7
1285630 1501.7
1285640 1503.1
1285650 1504.6
1285660 1504.6
1285670 1506.2
1285680 1507.4
1285690 1507.4
1285700 1508.7
1285710 1510.0
1285720 1510.0
1285730 1511.0
1285740 1511.2
1285750 1512.7
1285760 1512.7
1285770 1513.3
1285780 1514.5
1285790 1514.5
1285800 1515.2
1285810 1515.6
1285820 1515.6
1285830 1516.9
1285840 1519.0
1285850 1519.0
1285860 1521.3
1285870 1523.4
1285880 1523.4
1285890 1525.5
1285900 1527.5
1285910 1527.5
1285920 1530.8
1285930 1534.8
1285940 1534.8
1285950 1537.5
1285960 1540.3
1285970 1542.4
1285980 1542.4
1285990 1543.6
1286000 1545.2
1286010 1545.2
1286020 1547.8
1286030 1552.0
1286040 1552.0
1286050 1555.0
1286060 1556.6
1286070 1556.6
1286080 1558.8
1286090 1561.5
1286100 1561.5
1286110 1563.4
1286120 1567.7
1286130 1567.7
1286140 1569.0
1286150 1570.5
1286160 1570.5
1286170 1572.5
1286180 1574.9
1286190 1577.8
1286200 1577.8
1286210 1580.5
1286220 1584.1
1286230 1584.1
1286240 1588.4
1286250 1593.3
1286260 1593.3
1286270 1598.0
1286280 1602.6
1286290 1602.6
1286300 1606.2
1286310 1609.1
1286320 1609.1
1286330 1611.8
1286340 1614.5
1286350 1614.5
1286360 1617.2
1286370 1619.8
1286380 1619.8
1286390 1622.5
1286400 1624.6
1286410 1627.0
1286420 1627.0
1286430 1630.2
1286440 1632.5
1286450 1632.5
1286460 1633.8
1286470 1635.1
1286480 1635.1
1286490 1636.8
1286500 1639.0
1286510 1639.0
1286520 1641.2
1286530 1642.6
1286540 1642.6
1286550 1644.6
1286560 1644.8
1286570 1644.8
1286580 1640.3
1286590 1636.3
1286600 1636.3
1286610 1635.7
1286620 1636.7
1286630 1636.1
1286640 1636.1
1286650 1635.2
1286660 1635.7
1286670 1635.7
1286680 1637.4
1286690 1638.9
1286700 1638.9
1286710 1640.5
1286720 1642.0
1286730 1642.0
1286740 1643.0
1286750 1642.9
1286760 1645.7
1286770 1645.9
1286780 1647.7
1286790 1647.7
1286800 1651.1
1286810 1656.9
1286820 1656.9
1286830 1662.5
1286840 1668.0
1286850 1673.6
1286860 1673.6
1286870 1679.1
1286880 1685.9
1286890 1685.9
1286900 1692.6
1286910 1698.7
1286920 1698.7
1286930 1704.9
1286940 1711.3
1286950 1711.3
1286960 1717.9
1286970 1724.5
1286980 1724.5
1286990 1731.0
1287000 1737.9
1287010 1737.9
1287020 1745.5
1287030 1753.6
1287040 1753.6
1287050 1761.3
1287060 1768.5
1287070 1776.1
1287080 1776.1
1287090 1784.6
1287100 1794.3
1287110 1794.3
1287120 1800.3
1287130 1804.1
1287140 1804.1
1287150 1808.1
1287160 1812.6
1287170 1812.6
1287180 1817.2
1287190 1822.2
1287200 1822.2
1287210 1826.7
1287220 1830.2
1287230 1830.2
1287240 1833.3
1287250 1837.7
1287260 1837.7
1287270 1842.5
1287280 1847.3
1287290 1852.7
1287300 1852.7
1287310 1858.8
1287320 1864.1
1287330 1864.1
1287340 1868.3
1287350 1872.4
1287360 1872.4
1287370 1875.9
1287380 1879.5
1287390 1879.5
1287400 1886.4
1287410 1890.4
1287420 1890.4
1287430 1893.2
1287440 1890.9
1287450 1890.9
1287460 1882.6
1287470 1877.9
1287480 1877.9
1287490 1869.7
1287500 1855.0
1287510 1847.9
1287520 1847.9
1287530 1843.4
1287540 1840.9
1287550 1840.9
1287560 1838.6
1287570 1838.7
1287580 1838.7
1287590 1839.1
1287600 1841.0
1287610 1841.0
1287620 1844.7
1287630 1848.4
1287640 1848.4
1287650 1851.3
1287660 1852.6
1287670 1852.6
1287680 1852.8
1287690 1853.7
1287700 1853.7
1287710 1855.1
1287720 1855.5
1287730 1855.9
1287740 1855.9
1287750 1856.6
1287760 1857.3
1287770 1857.3
1287780 1859.8
1287790 1863.5
1287800 1863.5
1287810 1868.2
1287820 1874.1
1287830 1874.1
1287840 1880.7
1287850 1887.3
1287860 1887.3
1287870 1893.3
1287880 1899.7
1287890 1899.7
1287900 1906.5
1287910 1914.1
1287920 1922.9
1287930 1922.9
1287940 1930.3
1287950 1936.0
1287960 1936.0
1287970 1942.2
1287980 1949.2
1287990 1949.2
1288000 1957.1
1288010 1965.4
1288020 1965.4
1288030 1968.5
1288040 1973.2
1288050 1973.2
1288060 1974.7
1288070 1975.5
1288080 1975.5
1288090 1979.6
1288100 1980.4
1288110 1980.4
1288120 1983.1
1288130 1985.9
1288140 1982.8
1288150 1982.8
1288160 1967.4
1288170 1965.0
1288180 1965.0
1288190 1969.8
1288200 1976.4
1288210 1976.4
1288220 1979.0
1288230 1979.3
1288240 1979.3
1288250 1976.6
1288260 1973.6
1288270 1973.6
1288280 1968.8
1288290 1966.3
1288300 1966.3
1288310 1966.4
1288320 1968.5
1288330 1968.5
1288340 1969.1
1288350 1969.7
1288360 1970.3
1288370 1970.3
1288380 1972.4
1288390 1976.5
1288400 1976.5
1288410 1979.3
1288420 1978.6
1288430 1978.6
1288440 1978.9
1288450 1979.8
1288460 1979.8
1288470 1980.3
1288480 1980.9
1288490 1980.9
1288500 1981.6
1288510 1981.8
1288520 1981.8
1288530 1981.9
1288540 1982.0
1288550 1982.0
1288560 1983.1
1288570 1984.9
1288580 1986.6
1288590 1986.6
1288600 1983.7
1288610 1985.4
1288620 1985.4
1288630 1989.6
1288640 1988.5
1288650 1988.5
1288660 1987.9
1288670 1988.8
1288680 1988.8
1288690 1993.8
1288700 1995.2
1288710 1995.2
1288720 1996.5
1288730 1999.0
1288740 1999.0
1288750 2002.1
1288760 2006.6
1288770 2006.6
1288780 2012.3
1288790 2019.6
1288800 2027.0
1288810 2027.0
1288820 2035.3
1288830 2043.7
1288840 2043.7
1288850 2051.5
1288860 2059.6
1288870 2059.6
1288880 2068.0
1288890 2076.6
1288900 2076.6
1288910 2085.9
1288920 2095.5
1288930 2095.5
1288940 2104.4
1288950 2116.2
1288960 2116.2
1288970 2127.0
1288980 2135.1
1288990 2135.1
1289000 2142.6
1289010 2145.4
1289020 2141.0
1289030 2141.0
1289040 2138.0
1289050 2136.8
1289060 2136.8
1289070 2135.7
1289080 2137.5
1289090 2137.5
1289100 2142.2
1289110 2149.1
1289120 2149.1
1289130 2156.5
1289140 2162.7
1289150 2162.7
1289160 2168.5
1289170 2174.4
1289180 2174.4
1289190 2178.3
1289200 2181.8
1289210 2181.8
1289220 2186.4
1289230 2189.4
1289240 2186.7
1289250 2186.7
1289260 2177.8
1289270 2165.0
1289280 2165.0
1289290 2160.1
1289300 2160.5
1289310 2160.5
1289320 2161.9
1289330 2163.3
1289340 2171.4
1289350 2172.3
1289360 2172.4
1289370 2172.4
1289380 2174.2
1289390 2175.9
1289400 2175.9
1289410 2176.6
1289420 2179.1
1289430 2179.1
1289440 2180.3
1289450 2182.5
1289460 2183.3
1289470 2183.3
1289480 2184.4
1289490 2182.7
1289500 2182.7
1289510 2183.4
1289520 2186.5
1289530 2186.5
1289540 2190.6
1289550 2193.0
1289560 2193.0
1289570 2196.1
1289580 2200.1
1289590 2200.1
1289600 2204.1
1289610 2208.3
1289620 2208.3
1289630 2212.7
1289640 2215.8
1289650 2215.8
1289660 2218.5
1289670 2220.4
1289680 2223.4
1289690 2223.4
1289700 2226.1
1289710 2227.7
1289720 2227.7
1289730 2229.1
1289740 2230.7
1289750 2230.7
1289760 2233.2
1289770 2236.8
1289780 2236.8
1289790 2239.9
1289800 2243.2
1289810 2243.2
1289820 2246.0
1289830 2246.3
1289840 2246.3
1289850 2246.2
1289860 2246.8
1289870 2246.8
1289880 2247.2
1289890 2250.1
1289900 2252.6
1289910 2252.6
1289920 2256.8
1289930 2261.3
1289940 2261.3
1289950 2264.9
1289960 2267.8
1289970 2267.8
1289980 2269.6
1289990 2278.5
1290000 2278.5
1290010 2280.1
1290020 2281.4
1290030 2281.4
1290040 2282.3
1290050 2283.3
1290060 2283.3
1290070 2285.5
1290080 2288.6
1290090 2288.6
1290100 2291.1
1290110 2292.5
1290120 2293.6
1290130 2293.6
1290140 2294.5
1290150 2295.7
1290160 2295.7
1290170 2295.7
1290180 2291.7
1290190 2291.7
1290200 2288.1
1290210 2283.0
1290220 2283.0
1290230 2275.7
1290240 2266.4
1290250 2266.4
1290260 2258.8
1290270 2255.8
1290280 2255.8
1290290 2254.4
1290300 2226.3
1290310 2226.3
1290320 2206.7
1290330 2202.5
1290340 2198.7
1290350 2198.7
1290360 2194.2
1290370 2189.9
1290380 2189.9
1290390 2186.6
1290400 2184.7
1290410 2184.7
1290420 2184.2
1290430 2184.1
1290440 2184.1
1290450 2183.9
1290460 2184.7
1290470 2184.7
1290480 2186.5
1290490 2188.9
1290500 2188.9
1290510 2190.3
1290520 2190.9
1290530 2190.4
1290540 2190.4
1290550 2190.1
1290560 2190.2
1290570 2190.2
1290580 2189.9
1290590 2189.7
1290600 2189.7
1290610 2188.3
1290620 2186.7
1290630 2186.7
1290640 2189.7
1290650 2188.6
1290660 2188.6
1290670 2190.4
1290680 2195.3
1290690 2195.3
1290700 2200.0
1290710 2202.5
1290720 2202.5
1290730 2199.0
1290740 2194.9
1290750 2191.1
1290760 2191.1
1290770 2186.2
1290780 2184.8
1290790 2184.8
1290800 2180.7
1290810 2174.5
1290820 2174.5
1290830 2167.9
1290840 2163.0
1290850 2163.0
1290860 2155.5
1290870 2147.1
1290880 2147.1
1290890 2139.0
1290900 2133.3
1290910 2133.3
1290920 2128.9
1290930 2127.3
1290940 2127.3
1290950 2127.6
1290960 2127.6
1290970 2129.4
1290980 2129.4
1290990 2131.8
1291000 2131.1
1291010 2131.1
1291020 2130.8
1291030 2121.5
1291040 2121.5
1291050 2108.6
1291060 2101.0
1291070 2101.0
1291080 2098.0
1291090 2098.4
1291100 2098.4
1291110 2098.2
1291120 2100.1
1291130 2100.1
1291140 2101.5
1291150 2095.3
1291160 2095.3
1291170 2088.1
1291180 2081.4
1291190 2073.6
1291200 2073.6
1291210 2067.9
1291220 2062.1
1291230 2062.1
1291240 2057.5
1291250 2055.8
1291260 2055.8
1291270 2056.8
1291280 2056.9
1291290 2055.4
1291300 2056.4
1291310 2058.4
1291320 2058.4
1291330 2060.7
1291340 2063.5
1291350 2063.5
1291360 2061.8
1291370 2057.4
1291380 2057.4
1291390 2051.7
1291400 2047.7
1291410 2047.8
1291420 2047.8
1291430 2047.5
1291440 2048.0
1291450 2048.0
1291460 2046.0
1291470 2038.0
1291480 2038.0
1291490 2027.9
1291500 2015.4
1291510 2015.4
1291520 2004.6
1291530 1993.0
1291540 1993.0
1291550 1982.6
1291560 1971.2
1291570 1971.2
1291580 1961.1
1291590 1954.2
1291600 1954.2
1291610 1947.3
1291620 1943.0
1291630 1938.4
1291640 1938.4
1291650 1934.6
1291660 1930.4
1291670 1930.4
1291680 1926.8
1291690 1924.6
1291700 1924.6
1291710 1922.2
1291720 1917.7
1291730 1917.7
1291740 1912.7
1291750 1908.8
1291760 1908.8
1291770 1905.6
1291780 1902.5
1291790 1902.5
1291800 1900.5
1291810 1898.6
1291820 1898.6
1291830 1897.3
1291840 1896.9
1291850 1897.1
1291860 1897.1
1291870 1897.0
1291880 1896.8
1291890 1896.8
1291900 1896.7
1291910 1896.2
1291920 1896.2
1291930 1895.4
1291940 1894.2
1291950 1895.1
1291960 1893.8
1291970 1892.5
1291980 1892.5
1291990 1890.7
1292000 1888.7
1292010 1888.7
1292020 1886.0
1292030 1883.4
1292040 1883.4
1292050 1881.2
1292060 1878.4
1292070 1876.3
1292080 1876.3
1292090 1875.4
1292100 1874.7
1292110 1874.7
1292120 1874.0
1292130 1873.3
1292140 1873.3
1292150 1872.3
1292160 1871.0
1292170 1871.0
1292180 1868.9
1292190 1865.9
1292200 1865.9
1292210 1862.4
1292220 1859.4
1292230 1859.4
1292240 1858.8
1292250 1858.3
1292260 1858.3
1292270 1859.0
1292280 1862.4
1292290 1866.5
1292300 1866.5
1292310 1869.0
1292320 1871.7
1292330 1871.7
1292340 1876.7
1292350 1881.9
1292360 1881.9
1292370 1886.4
1292380 1891.6
1292390 1891.6
1292400 1897.4
1292410 1903.2
1292420 1903.2
1292430 1909.3
1292440 1915.5
1292450 1915.5
1292460 1922.0
1292470 1928.8
1292480 1928.8
1292490 1935.4
1292500 1940.6
1292510 1944.4
1292520 1944.4
1292530 1948.4
1292540 1952.1
1292550 1952.1
1292560 1955.3
1292570 1959.4
1292580 1959.4
1292590 1964.7
1292600 1970.9
1292610 1962.3
1292620 1967.3
1292630 1971.5
1292640 1971.5
1292650 1976.9
1292660 1983.7
1292670 1983.7
1292680 1989.7
1292690 1996.0
1292700 1996.0
1292710 2002.4
1292720 2009.0
1292730 2014.7
1292740 2014.7
1292750 2020.2
1292760 2026.1
1292770 2026.1
1292780 2031.6
1292790 2037.5
1292800 2037.5
1292810 2042.9
1292820 2048.3
1292830 2048.3
1292840 2052.7
1292850 2056.9
1292860 2056.9
1292870 2063.3
1292880 2068.7
1292890 2068.7
1292900 2072.2
1292910 2076.5
1292920 2082.9
1292930 2082.9
1292940 2086.7
1292950 2091.3
1292960 2091.3
1292970 2097.6
1292980 2102.8
1292990 2102.8
1293000 2108.7
1293010 2114.9
1293020 2114.9
1293030 2120.2
1293040 2124.1
1293050 2124.1
1293060 2127.3
1293070 2130.9
1293080 2130.9
1293090 2134.4
1293100 2137.3
1293110 2137.3
1293120 2140.5
1293130 2143.4
1293140 2146.7
1293150 2146.7
1293160 2151.2
1293170 2156.4
1293180 2156.4
1293190 2162.5
1293200 2166.5
1293210 2166.5
1293220 2168.3
1293230 2170.1
1293240 2170.1
1293250 2172.9
1293260 2175.5
1293270 2171.7
1293280 2177.2
1293290 2183.6
1293300 2183.6
1293310 2188.4
1293320 2192.4
1293330 2192.4
1293340 2196.5
1293350 2200.8
1293360 2205.2
1293370 2205.2
1293380 2209.5
1293390 2214.0
1293400 2214.0
1293410 2218.4
1293420 2222.5
1293430 2222.5
1293440 2226.4
1293450 2231.0
1293460 2231.0
1293470 2235.7
1293480 2241.1
1293490 2241.1
1293500 2247.0
1293510 2252.4
1293520 2252.4
1293530 2257.6
1293540 2262.5
1293550 2262.5
1293560 2267.5
1293570 2273.4
1293580 2280.4
1293590 2280.4
1293600 2286.3
1293610 2291.3
1293620 2291.3
1293630 2296.2
1293640 2298.8
1293650 2298.8
1293660 2298.5
1293670 2301.7
1293680 2301.7
1293690 2307.0
1293700 2311.1
1293710 2311.1
1293720 2315.1
1293730 2319.2
1293740 2319.2
1293750 2323.3
1293760 2327.3
1293770 2327.3
1293780 2331.1
1293790 2334.8
1293800 2338.3
1293810 2338.3
1293820 2341.9
1293830 2345.6
1293840 2345.6
1293850 2348.8
1293860 2351.5
1293870 2351.5
1293880 2354.9
1293890 2358.8
1293900 2358.8
1293910 2362.3
1293920 2365.5
1293930 2365.5
1293940 2366.5
1293950 2371.4
1293960 2371.4
1293970 2376.0
1293980 2380.9
1293990 2380.9
1294000 2386.2
1294010 2391.7
1294020 2398.0
1294030 2398.0
1294040 2404.8
1294050 2409.7
1294060 2409.7
1294070 2412.1
1294080 2413.4
1294090 2413.4
1294100 2414.6
1294110 2415.9
1294120 2415.9
1294130 2417.1
1294140 2419.1
1294150 2419.1
1294160 2422.1
1294170 2425.2
1294180 2425.2
1294190 2428.1
1294200 2431.0
1294210 2431.0
1294220 2434.6
1294230 2439.3
1294240 2445.7
1294250 2445.7
1294260 2452.1
1294270 2457.5
1294280 2457.5
1294290 2463.0
1294300 2468.1
1294310 2468.1
1294320 2473.0
1294330 2477.4
1294340 2477.4
1294350 2481.7
1294360 2486.0
1294370 2486.0
1294380 2490.1
1294390 2494.0
1294400 2494.0
1294410 2497.8
1294420 2501.8
1294430 2501.8
1294440 2506.1
1294450 2510.8
1294460 2516.4
1294470 2516.4
1294480 2522.3
1294490 2527.9
1294500 2527.9
1294510 2533.6
1294520 2539.6
1294530 2539.6
1294540 2545.4
1294550 2550.8
1294560 2550.8
1294570 2556.2
1294580 2562.2
1294590 2562.2
1294600 2568.2
1294610 2574.4
1294620 2574.4
1294630 2580.1
1294640 2585.7
1294650 2585.7
1294660 2591.5
1294670 2597.6
1294680 2603.7
1294690 2603.7
1294700 2609.9
1294710 2615.9
1294720 2615.9
1294730 2622.1
1294740 2628.3
1294750 2628.3
1294760 2634.5
1294770 2640.6
1294780 2640.6
1294790 2647.2
1294800 2654.2
1294810 2654.2
1294820 2660.3
1294830 2666.2
1294840 2666.2
1294850 2672.0
1294860 2677.7
1294870 2677.7
1294880 2683.8
1294890 2689.8
1294900 2695.1
1294910 2695.1
1294920 2700.6
1294930 2706.1
1294940 2706.1
1294950 2711.7
1294960 2717.4
1294970 2717.4
1294980 2723.2
1294990 2728.9
1295000 2728.9
1295010 2735.0
1295020 2740.8
1295030 2740.8
1295040 2746.1
1295050 2751.5
1295060 2751.5
1295070 2756.3
1295080 2761.1
1295090 2761.1
1295100 2765.7
1295110 2770.1
1295120 2774.4
1295130 2774.4
1295140 2779.1
1295150 2783.7
1295160 2783.7
1295170 2788.6
1295180 2793.6
1295190 2793.6
1295200 2798.4
1295210 2803.5
1295220 2803.5
1295230 2809.8
1295240 2815.5
1295250 2815.5
1295260 2820.7
1295270 2823.9
1295280 2823.9
1295290 2828.8
1295300 2833.3
1295310 2838.6
1295320 2838.6
1295330 2844.2
1295340 2849.8
1295350 2849.8
1295360 2855.5
1295370 2860.4
1295380 2860.4
1295390 2864.7
1295400 2867.9
1295410 2867.9
1295420 2869.9
1295430 2870.1
1295440 2870.1
1295450 2869.3
1295460 2867.8
1295470 2867.8
1295480 2865.9
1295490 2864.5
1295500 2864.5
1295510 2864.3
1295520 2862.8
1295530 2860.8
1295540 2860.8
1295550 2860.9
1295560 2862.3
1295570 2862.3
1295580 2863.2
1295590 2863.0
1295600 2863.0
1295610 2857.4
1295620 2856.0
1295630 2856.0
1295640 2853.9
1295650 2848.3
1295660 2848.3
1295670 2848.6
1295680 2855.9
1295690 2855.9
1295700 2862.7
1295710 2865.2
1295720 2865.2
1295730 2865.5
1295740 2865.4
1295750 2848.4
1295760 2848.4
1295770 2846.0
1295780 2857.6
1295790 2857.6
1295800 2859.5
1295810 2860.2
1295820 2860.2
1295830 2854.7
1295840 2854.3
1295850 2854.3
1295860 2853.9
1295870 2855.7
1295880 2855.7
1295890 2849.1
1295900 2859.3
1295910 2859.3
1295920 2865.4
1295930 2866.6
1295940 2848.1
1295950 2860.9
1295960 2864.1
1295970 2864.6
1295980 2864.6
1295990 2871.4
1296000 2873.5
1296010 2873.5
1296020 2880.7
1296030 2892.4
1296040 2892.4
1296050 2894.5
1296060 2891.2
1296070 2891.2
1296080 2890.5
1296090 2897.4
1296100 2897.4
1296110 2908.0
1296120 2909.9
1296130 2909.9
1296140 2901.0
1296150 2904.9
1296160 2904.9
1296170 2913.5
1296180 2926.2
1296190 2931.2
1296200 2931.2
1296210 2936.3
1296220 2943.0
1296230 2943.0
1296240 2954.0
1296250 2963.8
1296260 2963.8
1296270 2970.5
1296280 2974.4
1296290 2974.4
1296300 2978.9
1296310 2976.5
1296320 2976.5
1296330 2974.1
1296340 2973.3
1296350 2973.3
1296360 2979.8
1296370 2988.0
1296380 2988.0
1296390 2995.8
1296400 3003.9
1296410 3007.4
1296420 3007.4
1296430 3013.0
1296440 3016.5
1296450 3016.5
1296460 3021.9
1296470 3030.4
1296480 3030.4
1296490 3039.0
1296500 3048.4
1296510 3048.4
1296520 3053.0
1296530 3049.8
1296540 3049.8
1296550 3041.5
1296560 3032.7
1296570 3032.7
1296580 3021.8
1296590 3008.4
1296600 3008.4
1296610 2997.8
1296620 2990.2
1296630 2977.4
1296640 2977.4
1296650 2957.9
1296660 2943.6
1296670 2943.6
1296680 2939.0
1296690 2935.8
1296700 2935.8
1296710 2933.5
1296720 2931.7
1296730 2931.7
1296740 2930.1
1296750 2928.9
1296760 2928.9
1296770 2928.2
1296780 2927.7
1296790 2927.7
1296800 2927.5
1296810 2927.5
1296820 2927.5
1296830 2927.1
1296840 2926.7
1296850 2926.5
1296860 2926.5
1296870 2926.4
1296880 2926.5
1296890 2926.5
1296900 2926.6
1296910 2926.6
1296920 2926.6
1296930 2926.8
1296940 2927.3
1296950 2927.3
1296960 2927.8
1296970 2928.3
1296980 2928.3
1296990 2928.4
1297000 2928.4
1297010 2928.4
1297020 2928.3
1297030 2927.8
1297040 2927.8
1297050 2927.5
1297060 2927.4
1297070 2927.3
1297080 2927.3
1297090 2927.5
1297100 2928.2
1297110 2928.2
1297120 2928.7
1297130 2928.8
1297140 2928.8
1297150 2928.6
1297160 2928.6
1297170 2928.6
1297180 2928.6
1297190 2928.8
1297200 2928.8
1297210 2929.4
1297220 2930.4
1297230 2930.4
1297240 2931.4
1297250 2932.6
1297260 2932.6
1297270 2933.7
1297280 2934.8
1297290 2939.1
1297300 2939.1
1297310 2940.0
1297320 2940.8
1297330 2940.8
1297340 2941.4
1297350 2941.8
1297360 2941.8
1297370 2942.0
1297380 2942.0
1297390 2942.0
1297400 2942.1
1297410 2942.3
1297420 2942.3
1297430 2942.8
1297440 2943.3
1297450 2943.3
1297460 2944.0
1297470 2944.8
1297480 2944.8
1297490 2945.6
1297500 2946.4
1297510 2947.2
1297520 2947.2
1297530 2947.9
1297540 2948.5
1297550 2948.5
1297560 2948.9
1297570 2949.2
1297580 2949.2
1297590 2949.8
1297600 2950.1
1297610 2950.1
1297620 2950.3
1297630 2950.7
1297640 2950.7
1297650 2951.3
1297660 2951.7
1297670 2951.7
1297680 2952.3
1297690 2952.9
1297700 2953.5
1297710 2953.5
1297720 2954.0
1297730 2954.5
1297740 2954.5
1297750 2955.0
1297760 2955.2
1297770 2955.2
1297780 2955.4
1297790 2955.6
1297800 2955.6
1297810 2956.1
1297820 2956.5
1297830 2956.5
1297840 2956.9
1297850 2957.4
1297860 2957.4
1297870 2957.8
1297880 2958.4
1297890 2958.4
1297900 2959.7
1297910 2960.5
1297920 2959.7
1297930 2959.7
1297940 2959.1
1297950 2953.3
1297960 2953.3
1297970 2950.3
1297980 2946.1
1297990 2946.1
1298000 2941.6
1298010 2937.2
1298020 2937.2
1298030 2933.2
1298040 2928.7
1298050 2928.7
1298060 2923.4
1298070 2917.6
1298080 2917.6
1298090 2912.6
1298100 2908.2
1298110 2908.2
1298120 2904.1
1298130 2900.1
1298140 2896.8
1298150 2896.8
1298160 2893.8
1298170 2891.3
1298180 2891.3
1298190 2889.2
1298200 2887.1
1298210 2887.1
1298220 2886.0
1298230 2886.3
1298240 2886.3
1298250 2886.7
1298260 2887.2
1298270 2887.2
1298280 2886.7
1298290 2886.8
1298300 2886.8
1298310 2887.1
1298320 2886.5
1298330 2886.5
1298340 2885.6
1298350 2887.1
1298360 2887.2
1298370 2887.2
1298380 2887.3
1298390 2887.0
1298400 2887.0
1298410 2887.8
1298420 2888.3
1298430 2888.3
1298440 2888.8
1298450 2889.6
1298460 2889.6
1298470 2890.1
1298480 2890.6
1298490 2890.6
1298500 2891.1
1298510 2891.4
1298520 2891.4
1298530 2891.8
1298540 2892.3
1298550 2892.3
1298560 2892.5
1298570 2892.7
1298580 2892.9
1298590 2892.9
1298600 2893.1
1298610 2893.4
1298620 2893.4
1298630 2893.7
1298640 2893.8
1298650 2895.5
1298660 2895.5
1298670 2895.5
1298680 2895.5
1298690 2895.7
1298700 2896.1
1298710 2896.1
1298720 2896.3
1298730 2896.3
1298740 2896.3
1298750 2896.2
1298760 2895.9
1298770 2895.9
1298780 2895.6
1298790 2895.4
1298800 2895.1
1298810 2895.1
1298820 2894.7
1298830 2894.1
1298840 2894.1
1298850 2893.7
1298860 2893.4
1298870 2893.4
1298880 2893.4
1298890 2893.5
1298900 2893.5
1298910 2894.1
1298920 2895.6
1298930 2895.6
1298940 2897.4
1298950 2899.3
1298960 2899.3
1298970 2901.2
1298980 2903.4
1298990 2903.4
1299000 2905.2
1299010 2906.8
1299020 2909.6
1299030 2909.6
1299040 2912.1
1299050 2914.5
1299060 2914.5
1299070 2917.6
1299080 2922.2
1299090 2922.2
1299100 2927.2
1299110 2932.7
1299120 2932.7
1299130 2937.5
1299140 2941.1
1299150 2941.1
1299160 2944.8
1299170 2948.1
1299180 2948.1
1299190 2951.5
1299200 2954.9
1299210 2954.9
1299220 2958.1
1299230 2962.3
1299240 2965.5
1299250 2965.5
1299260 2969.1
1299270 2972.6
1299280 2972.6
1299290 2975.6
1299300 2979.4
1299310 2979.4
1299320 2982.8
1299330 2987.2
1299340 2987.2
1299350 2989.6
1299360 2991.4
1299370 2991.4
1299380 2993.4
1299390 2995.9
1299400 2995.9
1299410 2998.3
1299420 3000.8
1299430 3000.8
1299440 3002.7
1299450 3003.8
1299460 3006.0
1299470 3006.0
1299480 3008.8
1299490 3012.0
1299500 3012.0
1299510 3015.5
1299520 3018.2
1299530 3018.2
1299540 3021.1
1299550 3024.1
1299560 3024.1
1299570 3027.0
1299580 3029.9
1299590 3029.9
1299600 3032.8
1299610 3035.7
1299620 3035.7
1299630 3038.6
1299640 3041.6
1299650 3041.6
1299660 3044.6
1299670 3048.0
1299680 3052.0
1299690 3052.0
1299700 3056.8
1299710 3062.3
1299720 3062.3
1299730 3066.2
1299740 3066.3
1299750 3066.3
1299760 3065.3
1299770 3064.5
1299780 3064.5
1299790 3063.9
1299800 3063.6
1299810 3063.6
1299820 3063.6
1299830 3063.6
1299840 3063.6
1299850 3063.8
1299860 3064.2
1299870 3064.2
1299880 3064.8
1299890 3065.2
1299900 3065.6
1299910 3065.6
1299920 3066.8
1299930 3069.1
1299940 3069.1
1299950 3072.3
1299960 3077.1
1299970 3077.1
1299980 3081.7
1299990 3086.0
