1280000 1655.6
1280010 1661.6
1280020 1668.1
1280030 1668.1
1280040 1674.9
1280050 1681.7
1280060 1681.7
1280070 1687.8
1280080 1693.3
1280090 1693.3
1280100 1697.5
1280110 1702.4
1280120 1702.4
1280130 1706.9
1280140 1710.8
1280150 1716.4
1280160 1716.4
1280170 1721.9
1280180 1727.7
1280190 1728.2
1280200 1733.1
1280210 1738.8
1280220 1738.8
1280230 1744.9
1280240 1751.4
1280250 1751.4
1280260 1757.7
1280270 1763.4
1280280 1763.4
1280290 1768.6
1280300 1774.4
1280310 1774.4
1280320 1780.6
1280330 1786.7
1280340 1786.7
1280350 1792.4
1280360 1798.2
1280370 1803.7
1280380 1803.7
1280390 1808.5
1280400 1812.9
1280410 1812.9
1280420 1815.5
1280430 1818.1
1280440 1818.1
1280450 1822.6
1280460 1828.4
1280470 1828.4
1280480 1834.4
1280490 1839.9
1280500 1839.9
1280510 1844.5
1280520 1849.0
1280530 1849.0
1280540 1853.1
1280550 1857.1
1280560 1857.1
1280570 1860.8
1280580 1864.0
1280590 1867.0
1280600 1867.0
1280610 1870.0
1280620 1872.2
1280630 1872.2
1280640 1873.0
1280650 1872.9
1280660 1872.9
1280670 1872.3
1280680 1872.2
1280690 1872.2
1280700 1871.5
1280710 1869.8
1280720 1869.8
1280730 1867.4
1280740 1864.2
1280750 1864.2
1280760 1859.8
1280770 1856.3
1280780 1856.3
1280790 1852.4
1280800 1846.3
1280810 1826.7
1280820 1826.7
1280830 1820.2
1280840 1815.8
1280850 1815.8
1280860 1812.0
1280870 1808.6
1280880 1808.6
1280890 1804.5
1280900 1798.6
1280910 1798.6
1280920 1790.7
1280930 1782.5
1280940 1782.5
1280950 1774.9
1280960 1768.5
1280970 1768.5
1280980 1762.8
1280990 1758.4
1281000 1758.4
1281010 1754.1
1281020 1749.7
1281030 1743.8
1281040 1743.8
1281050 1735.5
1281060 1728.2
1281070 1728.2
1281080 1721.9
1281090 1715.2
1281100 1715.2
1281110 1708.9
1281120 1704.8
1281130 1704.8
1281140 1703.0
1281150 1699.8
1281160 1699.8
1281170 1697.2
1281180 1696.6
1281190 1696.6
1281200 1696.6
1281210 1697.9
1281220 1699.6
1281230 1699.6
1281240 1700.1
1281250 1698.1
1281260 1698.1
1281270 1696.0
1281280 1695.5
1281290 1695.5
1281300 1696.2
1281310 1696.6
1281320 1696.6
1281330 1697.4
1281340 1698.5
1281350 1698.5
1281360 1698.2
1281370 1697.6
1281380 1697.6
1281390 1695.0
1281400 1690.8
1281410 1690.8
1281420 1687.0
1281430 1679.4
1281440 1676.5
1281450 1676.5
1281460 1674.9
1281470 1673.8
1281480 1673.8
1281490 1673.3
1281500 1673.2
1281510 1673.2
1281520 1672.6
1281530 1671.5
1281540 1671.5
1281550 1671.9
1281560 1674.0
1281570 1674.0
1281580 1676.5
1281590 1679.6
1281600 1679.6
1281610 1683.0
1281620 1686.8
1281630 1686.8
1281640 1689.8
1281650 1693.3
1281660 1696.2
1281670 1696.2
1281680 1697.7
1281690 1699.1
1281700 1699.1
1281710 1701.5
1281720 1705.0
1281730 1705.0
1281740 1706.9
1281750 1707.4
1281760 1707.4
1281770 1706.9
1281780 1705.0
1281790 1705.0
1281800 1697.7
1281810 1686.4
1281820 1686.4
1281830 1677.8
1281840 1670.0
1281850 1670.0
1281860 1664.6
1281870 1660.7
1281880 1656.4
1281890 1656.4
1281900 1651.7
1281910 1646.2
1281920 1646.2
1281930 1638.5
1281940 1631.6
1281950 1631.6
1281960 1624.0
1281970 1619.1
1281980 1619.1
1281990 1617.3
1282000 1616.5
1282010 1616.5
1282020 1616.4
1282030 1616.2
1282040 1616.2
1282050 1608.6
1282060 1606.2
1282070 1606.2
1282080 1599.5
1282090 1593.5
1282100 1592.5
1282110 1592.5
1282120 1592.2
1282130 1592.3
1282140 1592.3
1282150 1591.3
1282160 1590.1
1282170 1590.1
1282180 1591.4
1282190 1595.4
1282200 1595.4
1282210 1597.0
1282220 1600.2
1282230 1600.2
1282240 1605.1
1282250 1609.1
1282260 1609.1
1282270 1612.1
1282280 1614.6
1282290 1614.6
1282300 1618.0
1282310 1620.7
1282320 1623.4
1282330 1623.4
1282340 1625.2
1282350 1626.8
1282360 1626.8
1282370 1628.8
1282380 1628.0
1282390 1628.0
1282400 1624.7
1282410 1623.3
1282420 1623.3
1282430 1620.6
1282440 1619.3
1282450 1619.3
1282460 1617.7
1282470 1614.9
1282480 1614.9
1282490 1613.2
1282500 1611.8
1282510 1611.8
1282520 1611.0
1282530 1610.9
1282540 1611.7
1282550 1611.7
1282560 1613.7
1282570 1615.2
1282580 1615.2
1282590 1617.2
1282600 1620.4
1282610 1620.4
1282620 1623.3
1282630 1625.6
1282640 1625.6
1282650 1629.2
1282660 1634.5
1282670 1634.5
1282680 1632.0
1282690 1633.1
1282700 1633.1
1282710 1634.1
1282720 1634.8
1282730 1634.8
1282740 1635.1
1282750 1634.2
1282760 1632.7
1282770 1632.7
1282780 1631.5
1282790 1629.0
1282800 1629.0
1282810 1628.4
1282820 1629.0
1282830 1629.0
1282840 1629.4
1282850 1629.9
1282860 1629.9
1282870 1631.1
1282880 1632.6
1282890 1632.6
1282900 1632.0
1282910 1628.4
1282920 1628.4
1282930 1625.5
1282940 1624.2
1282950 1624.2
1282960 1624.2
1282970 1624.4
1282980 1624.1
1282990 1624.1
1283000 1624.5
1283010 1625.8
1283020 1625.8
1283030 1627.6
1283040 1629.4
1283050 1629.4
1283060 1632.1
1283070 1634.6
1283080 1634.6
1283090 1637.6
1283100 1641.2
1283110 1641.2
1283120 1642.3
1283130 1642.6
1283140 1642.6
1283150 1643.9
1283160 1646.8
1283170 1646.8
1283180 1650.8
1283190 1655.4
1283200 1660.0
1283210 1660.0
1283220 1663.9
1283230 1667.7
1283240 1667.7
1283250 1672.6
1283260 1677.3
1283270 1677.3
1283280 1680.2
1283290 1682.6
1283300 1682.6
1283310 1681.5
1283320 1683.8
1283330 1683.8
1283340 1684.5
1283350 1682.0
1283360 1682.0
1283370 1679.2
1283380 1679.9
1283390 1679.9
1283400 1681.1
1283410 1681.9
1283420 1681.4
1283430 1681.4
1283440 1675.9
1283450 1670.0
1283460 1670.0
1283470 1668.0
1283480 1667.9
1283490 1667.9
1283500 1668.5
1283510 1669.0
1283520 1669.0
1283530 1670.0
1283540 1671.3
1283550 1671.3
1283560 1671.2
1283570 1670.7
1283580 1670.7
1283590 1670.3
1283600 1669.6
1283610 1669.6
1283620 1668.8
1283630 1667.7
1283640 1666.7
1283650 1666.7
1283660 1665.6
1283670 1664.4
1283680 1664.4
1283690 1663.6
1283700 1663.5
1283710 1663.5
1283720 1663.6
1283730 1663.8
1283740 1663.8
1283750 1663.9
1283760 1662.0
1283770 1662.0
1283780 1657.2
1283790 1654.0
1283800 1654.0
1283810 1652.8
1283820 1651.5
1283830 1651.5
1283840 1650.5
1283850 1648.2
1283860 1644.7
1283870 1644.7
1283880 1641.4
1283890 1640.1
1283900 1640.1
1283910 1638.4
1283920 1635.5
1283930 1635.5
1283940 1626.7
1283950 1623.5
1283960 1623.5
1283970 1620.8
1283980 1618.9
1283990 1618.9
1284000 1617.4
1284010 1616.7
1284020 1616.7
1284030 1616.0
1284040 1616.3
1284050 1616.3
1284060 1616.5
1284070 1616.6
1284080 1616.7
1284090 1616.7
1284100 1615.7
1284110 1612.7
1284120 1612.7
1284130 1610.3
1284140 1609.0
1284150 1609.0
1284160 1607.2
1284170 1604.7
1284180 1604.7
1284190 1601.1
1284200 1598.4
1284210 1598.4
1284220 1595.9
1284230 1593.1
1284240 1593.1
1284250 1590.2
1284260 1588.1
1284270 1588.1
1284280 1587.5
1284290 1586.7
1284300 1585.3
1284310 1585.3
1284320 1584.1
1284330 1582.5
1284340 1582.5
1284350 1579.8
1284360 1578.0
1284370 1578.0
1284380 1576.8
1284390 1575.5
1284400 1575.5
1284410 1573.6
1284420 1571.9
1284430 1571.9
1284440 1570.5
1284450 1568.6
1284460 1568.6
1284470 1567.0
1284480 1565.9
1284490 1565.9
1284500 1564.7
1284510 1563.7
1284520 1563.4
1284530 1563.4
1284540 1562.8
1284550 1559.9
1284560 1559.9
1284570 1551.4
1284580 1548.9
1284590 1548.9
1284600 1546.6
1284610 1544.0
1284620 1544.0
1284630 1540.4
1284640 1537.0
1284650 1537.0
1284660 1533.5
1284670 1529.0
1284680 1529.0
1284690 1524.9
1284700 1522.2
1284710 1522.2
1284720 1517.8
1284730 1515.9
1284740 1516.7
1284750 1516.7
1284760 1515.2
1284770 1513.4
1284780 1513.4
1284790 1511.4
1284800 1508.4
1284810 1508.4
1284820 1505.4
1284830 1502.5
1284840 1502.5
1284850 1499.8
1284860 1496.2
1284870 1496.2
1284880 1491.4
1284890 1484.7
1284900 1484.7
1284910 1479.6
1284920 1477.1
1284930 1477.1
1284940 1473.6
1284950 1470.9
1284960 1468.7
1284970 1468.7
1284980 1466.4
1284990 1473.9
1285000 1473.9
1285010 1479.8
1285020 1483.1
1285030 1483.1
1285040 1485.9
1285050 1489.4
1285060 1489.4
1285070 1493.7
1285080 1496.4
1285090 1496.4
1285100 1497.3
1285110 1496.9
1285120 1496.9
1285130 1496.7
1285140 1496.0
1285150 1496.0
1285160 1495.1
1285170 1494.9
1285180 1493.9
1285190 1493.9
1285200 1491.5
1285210 1481.6
1285220 1481.6
1285230 1478.2
1285240 1474.2
1285250 1474.2
1285260 1470.2
1285270 1466.3
1285280 1466.3
1285290 1462.9
1285300 1460.4
1285310 1460.4
1285320 1458.6
1285330 1456.3
1285340 1456.3
1285350 1454.7
1285360 1452.9
1285370 1452.9
1285380 1451.1
1285390 1449.4
1285400 1449.2
1285410 1449.2
1285420 1449.9
1285430 1449.8
1285440 1449.8
1285450 1448.1
1285460 1444.1
1285470 1444.1
1285480 1439.9
1285490 1437.2
1285500 1437.2
1285510 1436.3
1285520 1435.9
1285530 1435.9
1285540 1434.9
1285550 1434.5
1285560 1434.5
1285570 1437.3
1285580 1441.0
1285590 1441.0
1285600 1443.1
1285610 1443.8
1285620 1444.6
1285630 1444.6
1285640 1445.1
1285650 1446.6
1285660 1446.6
1285670 1447.3
1285680 1449.7
1285690 1449.7
1285700 1450.5
1285710 1450.8
1285720 1450.8
1285730 1450.5
1285740 1450.1
1285750 1450.1
1285760 1449.7
1285770 1448.6
1285780 1448.6
1285790 1446.1
1285800 1443.9
1285810 1443.9
1285820 1443.0
1285830 1442.8
1285840 1443.0
1285850 1439.7
1285860 1439.2
1285870 1439.1
1285880 1439.1
1285890 1439.2
1285900 1439.4
1285910 1439.4
1285920 1439.3
1285930 1438.8
1285940 1438.8
1285950 1438.0
1285960 1436.7
1285970 1436.7
1285980 1434.8
1285990 1432.2
1286000 1432.2
1286010 1429.1
1286020 1427.1
1286030 1427.1
1286040 1426.3
1286050 1426.0
1286060 1425.5
1286070 1425.5
1286080 1425.1
1286090 1424.6
1286100 1424.6
1286110 1423.5
1286120 1421.5
1286130 1421.5
1286140 1418.7
1286150 1415.7
1286160 1415.7
1286170 1412.2
1286180 1408.0
1286190 1408.0
1286200 1403.9
1286210 1399.7
1286220 1399.7
1286230 1397.6
1286240 1398.5
1286250 1398.5
1286260 1399.9
1286270 1399.8
1286280 1399.6
1286290 1399.6
1286300 1399.8
1286310 1400.8
1286320 1400.8
1286330 1400.1
1286340 1398.7
1286350 1398.7
1286360 1398.0
1286370 1396.3
1286380 1396.3
1286390 1394.5
1286400 1394.0
1286410 1394.0
1286420 1394.1
1286430 1393.9
1286440 1393.9
1286450 1392.8
1286460 1391.2
1286470 1391.2
1286480 1388.7
1286490 1386.5
1286500 1386.6
1286510 1386.6
1286520 1386.5
1286530 1387.8
1286540 1387.8
1286550 1394.1
1286560 1402.0
1286570 1402.0
1286580 1410.7
1286590 1419.1
1286600 1419.1
1286610 1426.3
1286620 1432.9
1286630 1432.9
1286640 1437.4
1286650 1441.2
1286660 1441.2
1286670 1445.3
1286680 1448.7
1286690 1448.7
1286700 1451.8
1286710 1455.9
1286720 1459.0
1286730 1459.0
1286740 1460.8
1286750 1461.5
1286760 1461.5
1286770 1461.3
1286780 1461.0
1286790 1461.0
1286800 1461.5
1286810 1462.8
1286820 1462.8
1286830 1464.6
1286840 1466.5
1286850 1466.5
1286860 1469.0
1286870 1471.5
1286880 1471.5
1286890 1474.1
1286900 1476.8
1286910 1476.8
1286920 1479.8
1286930 1482.2
1286940 1485.6
1286950 1485.6
1286960 1489.2
1286970 1493.0
1286980 1493.0
1286990 1496.6
1287000 1500.3
1287010 1500.3
1287020 1503.6
1287030 1505.5
1287040 1505.5
1287050 1506.6
1287060 1507.9
1287070 1507.9
1287080 1510.2
1287090 1513.3
1287100 1513.3
1287110 1516.6
1287120 1521.0
1287130 1522.9
1287140 1526.8
1287150 1530.6
1287160 1532.8
1287170 1532.8
1287180 1534.1
1287190 1534.9
1287200 1534.9
1287210 1535.7
1287220 1538.2
1287230 1538.2
1287240 1539.6
1287250 1540.2
1287260 1540.2
1287270 1540.7
1287280 1540.2
1287290 1540.2
1287300 1538.7
1287310 1541.4
1287320 1541.4
1287330 1547.8
1287340 1551.7
1287350 1551.7
1287360 1554.6
1287370 1557.2
1287380 1558.7
1287390 1558.7
1287400 1559.9
1287410 1560.9
1287420 1560.9
1287430 1562.4
1287440 1564.3
1287450 1564.3
1287460 1566.8
1287470 1569.6
1287480 1569.6
1287490 1572.7
1287500 1576.6
1287510 1576.6
1287520 1580.5
1287530 1585.2
1287540 1585.2
1287550 1588.5
1287560 1591.9
1287570 1591.9
1287580 1596.6
1287590 1601.9
1287600 1606.8
1287610 1606.8
1287620 1611.8
1287630 1617.4
1287640 1617.4
1287650 1624.1
1287660 1630.0
1287670 1630.0
1287680 1634.7
1287690 1638.3
1287700 1638.3
1287710 1638.5
1287720 1638.6
1287730 1638.6
1287740 1639.6
1287750 1642.0
1287760 1642.0
1287770 1648.7
1287780 1653.4
1287790 1653.4
1287800 1658.4
1287810 1663.5
1287820 1670.1
1287830 1670.1
1287840 1677.1
1287850 1684.8
1287860 1684.8
1287870 1693.7
1287880 1701.2
1287890 1701.2
1287900 1706.8
1287910 1712.7
1287920 1712.7
1287930 1717.6
1287940 1720.2
1287950 1720.2
1287960 1723.3
1287970 1723.9
1287980 1723.9
1287990 1725.0
1288000 1726.7
1288010 1726.7
1288020 1734.2
1288030 1740.6
1288040 1744.6
1288050 1744.6
1288060 1746.6
1288070 1748.0
1288080 1748.0
1288090 1748.3
1288100 1746.5
1288110 1746.5
1288120 1744.3
1288130 1742.0
1288140 1742.0
1288150 1739.2
1288160 1735.2
1288170 1735.2
1288180 1732.2
1288190 1731.0
1288200 1731.0
1288210 1730.5
1288220 1728.5
1288230 1728.5
1288240 1727.5
1288250 1729.8
1288260 1731.9
1288270 1731.9
1288280 1733.0
1288290 1734.0
1288300 1734.0
1288310 1735.4
1288320 1737.0
1288330 1737.0
1288340 1738.7
1288350 1741.8
1288360 1741.8
1288370 1746.5
1288380 1751.8
1288390 1751.8
1288400 1757.2
1288410 1762.0
1288420 1761.6
1288430 1765.7
1288440 1769.9
1288450 1769.9
1288460 1774.3
1288470 1778.8
1288480 1783.9
1288490 1783.9
1288500 1788.7
1288510 1793.4
1288520 1793.4
1288530 1798.1
1288540 1802.1
1288550 1802.1
1288560 1806.4
1288570 1811.8
1288580 1811.8
1288590 1817.8
1288600 1822.3
1288610 1822.3
1288620 1825.5
1288630 1829.5
1288640 1829.5
1288650 1834.0
1288660 1838.8
1288670 1838.8
1288680 1842.9
1288690 1846.6
1288700 1851.0
1288710 1851.0
1288720 1856.4
1288730 1862.8
1288740 1862.8
1288750 1868.1
1288760 1872.4
1288770 1872.4
1288780 1877.2
1288790 1882.0
1288800 1882.0
1288810 1887.2
1288820 1892.7
1288830 1892.7
1288840 1898.7
1288850 1905.3
1288860 1905.3
1288870 1911.7
1288880 1917.5
1288890 1917.5
1288900 1923.5
1288910 1928.8
1288920 1934.5
1288930 1934.5
1288940 1940.2
1288950 1945.2
1288960 1945.2
1288970 1950.5
1288980 1956.0
1288990 1956.0
1289000 1962.8
1289010 1967.4
1289020 1967.4
1289030 1971.7
1289040 1975.2
1289050 1975.2
1289060 1978.7
1289070 1981.6
1289080 1981.6
1289090 1984.8
1289100 1989.0
1289110 1992.3
1289120 1992.3
1289130 1996.0
1289140 2001.6
1289150 2001.6
1289160 2007.6
1289170 2010.9
1289180 2010.9
1289190 2012.4
1289200 2014.7
1289210 2014.7
1289220 2020.7
1289230 2026.6
1289240 2026.6
1289250 2030.9
1289260 2035.4
1289270 2035.4
1289280 2039.2
1289290 2042.5
1289300 2042.5
1289310 2046.5
1289320 2050.7
1289330 2054.9
1289340 2054.9
1289350 2058.1
1289360 2061.0
1289370 2061.0
1289380 2063.5
1289390 2066.1
1289400 2066.1
1289410 2070.2
1289420 2074.8
1289430 2074.8
1289440 2079.0
1289450 2083.2
1289460 2083.2
1289470 2085.0
1289480 2081.6
1289490 2081.6
1289500 2079.4
1289510 2076.7
1289520 2076.7
1289530 2069.3
1289540 2064.4
1289550 2059.8
1289560 2059.8
1289570 2058.3
1289580 2056.1
1289590 2056.1
1289600 2050.1
1289610 2040.7
1289620 2040.7
1289630 2027.1
1289640 2014.9
1289650 2014.9
1289660 2000.1
1289670 1984.8
1289680 1984.8
1289690 1974.0
1289700 1968.4
1289710 1972.6
1289720 1967.8
1289730 1965.3
1289740 1965.3
1289750 1962.4
1289760 1959.9
1289770 1959.3
1289780 1959.3
1289790 1958.5
1289800 1959.1
1289810 1959.1
1289820 1963.1
1289830 1962.9
1289840 1962.9
1289850 1958.8
1289860 1958.2
1289870 1958.2
1289880 1960.8
1289890 1964.9
1289900 1964.9
1289910 1970.0
1289920 1966.4
1289930 1966.4
1289940 1959.1
1289950 1955.3
1289960 1955.3
1289970 1957.1
1289980 1954.7
1289990 1947.4
1290000 1947.4
1290010 1945.3
1290020 1945.8
1290030 1945.8
1290040 1947.8
1290050 1951.7
1290060 1951.7
1290070 1956.1
1290080 1960.9
1290090 1960.9
1290100 1966.5
1290110 1972.3
1290120 1972.3
1290130 1978.1
1290140 1984.1
1290150 1984.1
1290160 1989.3
1290170 1992.9
1290180 1992.9
1290190 1995.9
1290200 1990.2
1290210 1963.7
1290220 1963.7
1290230 1931.7
1290240 1902.3
1290250 1902.3
1290260 1877.3
1290270 1867.9
1290280 1867.9
1290290 1863.2
1290300 1857.3
1290310 1857.3
1290320 1853.0
1290330 1851.0
1290340 1851.0
1290350 1848.6
1290360 1846.4
1290370 1846.4
1290380 1844.1
1290390 1845.4
1290400 1845.4
1290410 1846.7
1290420 1847.9
1290430 1846.6
1290440 1846.6
1290450 1841.8
1290460 1838.9
1290470 1838.9
1290480 1835.1
1290490 1829.0
1290500 1829.0
1290510 1824.8
1290520 1822.0
1290530 1822.0
1290540 1821.4
1290550 1821.4
1290560 1821.4
1290570 1820.9
1290580 1820.5
1290590 1820.5
1290600 1820.1
1290610 1819.7
1290620 1819.7
1290630 1819.4
1290640 1819.7
1290650 1820.1
1290660 1820.1
1290670 1817.8
1290680 1813.6
1290690 1813.6
1290700 1809.5
1290710 1806.1
1290720 1806.1
1290730 1802.0
1290740 1797.6
1290750 1797.6
1290760 1792.7
1290770 1787.0
1290780 1787.0
1290790 1783.2
1290800 1779.5
1290810 1779.5
1290820 1774.7
1290830 1769.6
1290840 1769.6
1290850 1765.7
1290860 1761.7
1290870 1757.5
1290880 1757.5
1290890 1753.9
1290900 1751.0
1290910 1751.0
1290920 1747.7
1290930 1744.4
1290940 1744.4
1290950 1740.9
1290960 1737.3
1290970 1737.3
1290980 1733.4
1290990 1728.9
1291000 1728.9
1291010 1724.0
1291020 1722.7
1291030 1722.7
1291040 1718.5
1291050 1715.7
1291060 1715.7
1291070 1712.8
1291080 1710.3
1291090 1709.7
1291100 1709.7
1291110 1709.3
1291120 1709.7
1291130 1709.7
1291140 1709.5
1291150 1708.7
1291160 1708.7
1291170 1707.1
1291180 1705.3
1291190 1705.3
1291200 1703.7
1291210 1702.7
1291220 1702.7
1291230 1702.1
1291240 1702.9
1291250 1702.9
1291260 1704.8
1291270 1705.9
1291280 1705.9
1291290 1706.5
1291300 1706.9
1291310 1706.4
1291320 1706.4
1291330 1705.8
1291340 1705.3
1291350 1705.3
1291360 1704.8
1291370 1702.5
1291380 1702.5
1291390 1700.2
1291400 1699.5
1291410 1699.5
1291420 1699.2
1291430 1697.8
1291440 1697.8
1291450 1696.2
1291460 1694.4
1291470 1694.4
1291480 1692.4
1291490 1689.9
1291500 1689.9
1291510 1687.9
1291520 1685.5
1291530 1683.4
1291540 1683.4
1291550 1682.5
1291560 1680.9
1291570 1680.9
1291580 1676.1
1291590 1669.1
1291600 1669.1
1291610 1666.6
1291620 1672.7
1291630 1672.7
1291640 1677.6
1291650 1682.0
1291660 1682.0
1291670 1686.5
1291680 1690.8
1291690 1690.8
1291700 1696.3
1291710 1703.0
1291720 1703.0
1291730 1710.0
1291740 1716.8
1291750 1721.2
1291760 1721.2
1291770 1724.2
1291780 1729.1
1291790 1729.1
1291800 1734.6
1291810 1741.0
1291820 1741.0
1291830 1747.3
1291840 1754.3
1291850 1754.3
1291860 1761.3
1291870 1768.2
1291880 1768.2
1291890 1776.0
1291900 1787.8
1291910 1787.8
1291920 1800.4
1291930 1811.3
1291940 1811.3
1291950 1820.3
1291960 1827.1
1291970 1832.8
1291980 1832.8
1291990 1838.3
1292000 1844.2
1292010 1844.2
1292020 1849.8
1292030 1854.5
1292040 1854.5
1292050 1860.9
1292060 1866.8
1292070 1866.8
1292080 1872.6
1292090 1877.4
1292100 1877.4
1292110 1881.9
1292120 1886.6
1292130 1886.6
1292140 1890.7
1292150 1895.4
1292160 1895.4
1292170 1900.0
1292180 1903.4
1292190 1907.5
1292200 1907.5
1292210 1914.3
1292220 1922.1
1292230 1922.1
1292240 1926.6
1292250 1929.0
1292260 1929.0
1292270 1933.6
1292280 1937.2
1292290 1937.2
1292300 1941.0
1292310 1946.8
1292320 1946.8
1292330 1949.1
1292340 1955.5
1292350 1955.5
1292360 1959.3
1292370 1962.8
1292380 1962.8
1292390 1968.4
1292400 1974.3
1292410 1982.1
1292420 1982.1
1292430 1989.2
1292440 1997.7
1292450 1997.7
1292460 2006.1
1292470 2014.2
1292480 2014.2
1292490 2022.1
1292500 2029.8
1292510 2029.8
1292520 2036.9
1292530 2044.6
1292540 2044.6
1292550 2051.8
1292560 2058.9
1292570 2058.9
1292580 2066.7
1292590 2074.9
1292600 2074.9
1292610 2083.3
1292620 2091.5
1292630 2099.6
1292640 2099.6
1292650 2108.4
1292660 2117.5
1292670 2117.5
1292680 2127.6
1292690 2141.1
1292700 2141.1
1292710 2157.8
1292720 2168.1
1292730 2168.1
1292740 2176.2
1292750 2184.4
1292760 2184.4
1292770 2192.7
1292780 2201.3
1292790 2201.3
1292800 2209.5
1292810 2219.3
1292820 2219.3
1292830 2227.7
1292840 2233.7
1292850 2236.9
1292860 2236.9
1292870 2240.0
1292880 2242.0
1292890 2242.0
1292900 2243.1
1292910 2245.2
1292920 2245.2
1292930 2247.6
1292940 2251.3
1292950 2251.3
1292960 2256.0
1292970 2261.0
1292980 2261.0
1292990 2269.3
1293000 2274.0
1293010 2274.0
1293020 2278.4
1293030 2283.3
1293040 2283.3
1293050 2288.4
1293060 2293.6
1293070 2299.6
1293080 2299.6
1293090 2307.1
1293100 2314.5
1293110 2314.5
1293120 2321.2
1293130 2327.8
1293140 2327.8
1293150 2334.6
1293160 2341.1
1293170 2341.1
1293180 2347.2
1293190 2354.9
1293200 2354.9
1293210 2365.8
1293220 2377.8
1293230 2377.8
1293240 2389.2
1293250 2397.2
1293260 2397.2
1293270 2404.3
1293280 2411.7
1293290 2418.1
1293300 2418.1
1293310 2424.1
1293320 2429.6
1293330 2429.6
1293340 2435.2
1293350 2438.6
1293360 2438.6
1293370 2441.9
1293380 2444.6
1293390 2444.6
1293400 2447.4
1293410 2450.5
1293420 2450.5
1293430 2453.5
1293440 2457.9
1293450 2457.9
1293460 2462.5
1293470 2466.3
1293480 2466.3
1293490 2469.6
1293500 2473.4
1293510 2477.3
1293520 2477.3
1293530 2482.2
1293540 2488.2
1293550 2488.2
1293560 2494.1
1293570 2499.7
1293580 2499.7
1293590 2505.9
1293600 2511.9
1293610 2511.9
1293620 2516.8
1293630 2520.0
1293640 2520.0
1293650 2515.5
1293660 2517.8
1293670 2517.8
1293680 2519.6
1293690 2520.2
1293700 2520.2
1293710 2518.8
1293720 2516.6
1293730 2516.2
1293740 2516.2
1293750 2517.7
1293760 2521.7
1293770 2521.7
1293780 2525.5
1293790 2529.5
1293800 2529.5
1293810 2533.5
1293820 2537.8
1293830 2537.8
1293840 2543.5
1293850 2549.6
1293860 2549.6
1293870 2555.3
1293880 2561.4
1293890 2561.4
1293900 2565.7
1293910 2563.8
1293920 2561.7
1293930 2561.7
1293940 2560.2
1293950 2562.8
1293960 2562.8
1293970 2568.8
1293980 2573.7
1293990 2573.7
1294000 2576.0
1294010 2577.8
1294020 2577.8
1294030 2580.6
1294040 2584.9
1294050 2584.9
1294060 2570.8
1294070 2528.2
1294080 2528.2
1294090 2495.9
1294100 2463.9
1294110 2463.9
1294120 2454.0
1294130 2436.1
1294140 2420.7
1294150 2420.7
1294160 2413.0
1294170 2408.1
1294180 2408.1
1294190 2402.3
1294200 2396.4
1294210 2396.4
1294220 2389.9
1294230 2383.2
1294240 2383.2
1294250 2376.3
1294260 2369.4
1294270 2369.4
1294280 2362.7
1294290 2355.8
1294300 2355.8
1294310 2349.3
1294320 2346.6
1294330 2346.6
1294340 2343.5
1294350 2342.0
1294360 2341.1
1294370 2341.1
1294380 2340.6
1294390 2340.7
1294400 2340.7
1294410 2339.8
1294420 2341.7
1294430 2341.7
1294440 2344.2
1294450 2347.4
1294460 2347.4
1294470 2351.1
1294480 2355.2
1294490 2355.2
1294500 2358.3
1294510 2362.6
1294520 2362.6
1294530 2367.5
1294540 2371.9
1294550 2371.9
1294560 2376.3
1294570 2380.8
1294580 2384.9
1294590 2384.9
1294600 2389.0
1294610 2393.1
1294620 2393.1
1294630 2397.1
1294640 2399.2
1294650 2399.2
1294660 2402.0
1294670 2406.4
1294680 2406.4
1294690 2410.2
1294700 2410.6
1294710 2410.6
1294720 2411.8
1294730 2413.6
1294740 2413.6
1294750 2410.7
1294760 2404.9
1294770 2404.9
1294780 2398.6
1294790 2392.4
1294800 2386.5
1294810 2386.5
1294820 2380.9
1294830 2375.4
1294840 2375.4
1294850 2367.3
1294860 2356.8
1294870 2356.8
1294880 2346.6
1294890 2336.1
1294900 2336.1
1294910 2323.0
1294920 2311.6
1294930 2311.6
1294940 2305.3
1294950 2301.0
1294960 2301.0
1294970 2292.0
1294980 2287.2
1294990 2292.9
1295000 2282.0
1295010 2277.2
1295020 2271.1
1295030 2271.1
1295040 2266.5
1295050 2264.0
1295060 2264.0
1295070 2264.1
1295080 2265.1
1295090 2265.1
1295100 2264.5
1295110 2264.2
1295120 2264.2
1295130 2267.3
1295140 2269.1
1295150 2269.1
1295160 2270.5
1295170 2272.1
1295180 2272.1
1295190 2273.5
1295200 2275.1
1295210 2275.1
1295220 2274.9
1295230 2274.4
1295240 2277.6
1295250 2277.6
1295260 2281.5
1295270 2284.3
1295280 2284.3
1295290 2288.8
1295300 2292.0
1295310 2292.0
1295320 2296.1
1295330 2300.2
1295340 2300.2
1295350 2304.6
1295360 2310.1
1295370 2310.1
1295380 2327.8
1295390 2342.7
1295400 2342.7
1295410 2364.6
1295420 2390.2
1295430 2390.2
1295440 2397.8
1295450 2404.4
1295460 2409.7
1295470 2409.7
1295480 2416.5
1295490 2427.8
1295500 2427.8
1295510 2432.9
1295520 2434.9
1295530 2434.9
1295540 2438.8
1295550 2442.5
1295560 2442.5
1295570 2444.7
1295580 2447.0
1295590 2447.0
1295600 2452.2
1295610 2453.8
1295620 2453.8
1295630 2454.5
1295640 2462.3
1295650 2462.3
1295660 2476.5
1295670 2477.4
1295680 2479.0
1295690 2479.0
1295700 2480.6
1295710 2483.6
1295720 2483.6
1295730 2487.6
1295740 2490.6
1295750 2490.6
1295760 2493.5
1295770 2496.5
1295780 2496.5
1295790 2499.4
1295800 2502.2
1295810 2502.2
1295820 2504.5
1295830 2506.9
1295840 2506.9
1295850 2509.3
1295860 2512.4
1295870 2512.4
1295880 2516.2
1295890 2520.4
1295900 2524.4
1295910 2524.4
1295920 2528.4
1295930 2533.0
1295940 2533.0
1295950 2537.8
1295960 2542.4
1295970 2542.4
1295980 2546.9
1295990 2551.0
1296000 2551.0
1296010 2550.5
1296020 2549.0
1296030 2549.0
1296040 2549.6
1296050 2552.7
1296060 2552.7
1296070 2553.5
1296080 2554.1
1296090 2554.1
1296100 2556.4
1296110 2558.2
1296120 2558.8
1296130 2558.8
1296140 2561.1
1296150 2562.7
1296160 2562.7
1296170 2562.7
1296180 2563.5
1296190 2563.5
1296200 2566.4
1296210 2571.4
1296220 2571.4
1296230 2576.7
1296240 2581.5
1296250 2581.5
1296260 2583.4
1296270 2584.8
1296280 2584.8
1296290 2587.8
1296300 2590.4
1296310 2590.4
1296320 2594.8
1296330 2602.9
1296340 2608.0
1296350 2608.0
1296360 2613.6
1296370 2620.1
1296380 2620.1
1296390 2627.5
1296400 2635.4
1296410 2635.4
1296420 2643.6
1296430 2653.9
1296440 2653.9
1296450 2664.4
1296460 2675.0
1296470 2675.0
1296480 2695.9
1296490 2711.6
1296500 2711.6
1296510 2723.5
1296520 2733.2
1296530 2733.2
1296540 2738.1
1296550 2743.4
1296560 2752.6
1296570 2752.6
1296580 2762.0
1296590 2771.6
1296600 2771.6
1296610 2781.0
1296620 2789.3
1296630 2789.3
1296640 2800.1
1296650 2810.6
1296660 2810.6
1296670 2819.1
1296680 2827.7
1296690 2827.7
1296700 2836.2
1296710 2848.6
1296720 2848.6
1296730 2859.9
1296740 2867.2
1296750 2867.2
1296760 2874.1
1296770 2881.5
1296780 2880.4
1296790 2880.4
1296800 2872.7
1296810 2863.8
1296820 2863.8
1296830 2857.1
1296840 2856.4
1296850 2856.4
1296860 2856.1
1296870 2857.8
1296880 2857.8
1296890 2855.0
1296900 2843.0
1296910 2843.0
1296920 2819.7
1296930 2802.4
1296940 2802.4
1296950 2784.5
1296960 2756.5
1296970 2756.5
1296980 2737.1
1296990 2715.9
1297000 2690.9
1297010 2680.4
1297020 2671.1
1297030 2665.6
1297040 2665.6
1297050 2658.6
1297060 2652.2
1297070 2652.2
1297080 2647.7
1297090 2644.3
1297100 2644.3
1297110 2640.9
1297120 2637.6
1297130 2637.6
1297140 2634.4
1297150 2631.5
1297160 2631.5
1297170 2628.9
1297180 2626.9
1297190 2626.9
1297200 2625.5
1297210 2625.9
1297220 2625.2
1297230 2625.2
1297240 2625.3
1297250 2627.6
1297260 2627.6
1297270 2631.0
1297280 2634.4
1297290 2634.4
1297300 2638.2
1297310 2641.7
1297320 2641.7
1297330 2645.1
1297340 2647.3
1297350 2647.3
1297360 2648.3
1297370 2649.3
1297380 2649.3
1297390 2649.9
1297400 2653.3
1297410 2653.3
1297420 2657.5
1297430 2657.3
1297440 2654.1
1297450 2654.1
1297460 2656.6
1297470 2660.9
1297480 2660.9
1297490 2665.0
1297500 2666.9
1297510 2666.9
1297520 2668.1
1297530 2667.6
1297540 2667.6
1297550 2667.4
1297560 2665.5
1297570 2665.5
1297580 2662.6
1297590 2662.5
1297600 2662.5
1297610 2663.8
1297620 2664.5
1297630 2664.5
1297640 2661.9
1297650 2661.7
1297660 2659.5
1297670 2659.5
1297680 2659.6
1297690 2658.9
1297700 2658.9
1297710 2658.6
1297720 2657.3
1297730 2657.3
1297740 2654.9
1297750 2649.3
1297760 2649.3
1297770 2644.5
1297780 2642.7
1297790 2642.7
1297800 2643.1
1297810 2643.7
1297820 2643.7
1297830 2642.5
1297840 2641.4
1297850 2641.4
1297860 2638.4
1297870 2633.2
1297880 2630.1
1297890 2630.1
1297900 2629.5
1297910 2628.9
1297920 2628.9
1297930 2627.7
1297940 2626.7
1297950 2626.7
1297960 2626.2
1297970 2626.9
1297980 2626.9
1297990 2627.2
1298000 2625.9
1298010 2625.9
1298020 2625.6
1298030 2626.1
1298040 2626.1
1298050 2626.3
1298060 2626.2
1298070 2626.2
1298080 2626.7
1298090 2628.0
1298100 2631.2
1298110 2631.2
1298120 2634.9
1298130 2640.3
1298140 2640.3
1298150 2644.2
1298160 2647.7
1298170 2647.7
1298180 2650.8
1298190 2652.6
1298200 2652.6
1298210 2654.9
1298220 2656.6
1298230 2656.6
1298240 2658.9
1298250 2660.5
1298260 2660.5
1298270 2660.9
1298280 2661.3
1298290 2661.3
1298300 2662.5
1298310 2664.4
1298320 2666.6
1298330 2666.6
1298340 2666.7
1298350 2667.9
1298360 2673.3
1298370 2676.8
1298380 2678.6
1298390 2678.6
1298400 2679.4
1298410 2680.4
1298420 2680.4
1298430 2682.5
1298440 2682.3
1298450 2682.3
1298460 2680.8
1298470 2679.0
1298480 2679.0
1298490 2677.0
1298500 2674.7
1298510 2671.9
1298520 2671.9
1298530 2668.6
1298540 2665.2
1298550 2665.2
1298560 2662.5
1298570 2659.6
1298580 2659.6
1298590 2656.5
1298600 2656.1
1298610 2656.1
1298620 2657.6
1298630 2659.1
1298640 2659.1
1298650 2658.3
1298660 2655.1
1298670 2655.1
1298680 2653.6
1298690 2653.2
1298700 2653.2
1298710 2652.8
1298720 2652.8
1298730 2654.7
1298740 2654.7
1298750 2654.8
1298760 2651.6
1298770 2651.6
1298780 2649.7
1298790 2649.3
1298800 2649.3
1298810 2649.5
1298820 2649.9
1298830 2649.9
1298840 2650.4
1298850 2651.1
1298860 2651.1
1298870 2650.9
1298880 2651.5
1298890 2651.5
1298900 2649.6
1298910 2648.9
1298920 2648.9
1298930 2649.3
1298940 2649.7
1298950 2649.4
1298960 2649.4
1298970 2648.6
1298980 2647.8
1298990 2647.8
1299000 2647.0
1299010 2645.9
1299020 2645.9
1299030 2645.3
1299040 2644.6
1299050 2647.5
1299060 2647.5
1299070 2647.6
1299080 2647.6
1299090 2647.8
1299100 2647.5
1299110 2647.5
1299120 2649.3
1299130 2650.7
1299140 2650.7
1299150 2652.2
1299160 2651.9
1299170 2651.2
1299180 2651.2
1299190 2651.8
1299200 2652.8
1299210 2652.8
1299220 2653.5
1299230 2654.8
1299240 2654.8
1299250 2655.3
1299260 2654.4
1299270 2654.4
1299280 2654.2
1299290 2655.5
1299300 2655.5
1299310 2656.3
1299320 2658.3
1299330 2658.3
1299340 2660.2
1299350 2661.6
1299360 2661.6
1299370 2663.5
1299380 2665.7
1299390 2668.8
1299400 2668.8
1299410 2672.3
1299420 2675.8
1299430 2675.8
1299440 2678.9
1299450 2681.8
1299460 2681.8
1299470 2684.0
1299480 2683.3
1299490 2683.3
1299500 2680.5
1299510 2679.9
1299520 2679.9
1299530 2679.8
1299540 2679.2
1299550 2679.2
1299560 2679.7
1299570 2678.8
1299580 2678.8
1299590 2679.3
1299600 2680.3
1299610 2679.6
1299620 2679.6
1299630 2676.5
1299640 2674.4
1299650 2674.4
1299660 2673.6
1299670 2670.2
1299680 2670.2
1299690 2668.5
1299700 2668.1
1299710 2668.1
1299720 2667.3
1299730 2671.5
1299740 2671.5
1299750 2667.2
1299760 2656.7
1299770 2656.7
1299780 2651.7
1299790 2646.2
1299800 2646.2
1299810 2638.0
1299820 2629.3
1299830 2621.1
1299840 2621.1
1299850 2614.8
1299860 2610.9
1299870 2610.9
1299880 2607.3
1299890 2601.7
1299900 2601.7
1299910 2595.5
1299920 2592.6
1299930 2592.6
1299940 2590.5
1299950 2588.8
1299960 2588.8
1299970 2588.0
1299980 2590.3
1299990 2590.3
