1280000 1449.5
1280010 1460.0
1280020 1460.0
1280030 1466.7
1280040 1472.9
1280050 1472.9
1280060 1478.8
1280070 1484.7
1280080 1484.7
1280090 1490.3
1280100 1495.8
1280110 1495.8
1280120 1500.4
1280130 1503.3
1280140 1503.3
1280150 1506.3
1280160 1511.2
1280170 1511.2
1280180 1517.1
1280190 1521.4
1280200 1521.4
1280210 1526.1
1280220 1531.6
1280230 1537.2
1280240 1537.2
1280250 1542.9
1280260 1546.0
1280270 1546.0
1280280 1549.8
1280290 1550.6
1280300 1550.6
1280310 1550.5
1280320 1550.1
1280330 1550.1
1280340 1550.4
1280350 1550.0
1280360 1550.0
1280370 1549.3
1280380 1549.7
1280390 1549.7
1280400 1550.6
1280410 1550.8
1280420 1550.8
1280430 1551.0
1280440 1551.7
1280450 1553.3
1280460 1553.3
1280470 1554.9
1280480 1555.9
1280490 1555.9
1280500 1557.2
1280510 1560.0
1280520 1560.0
1280530 1562.8
1280540 1564.0
1280550 1564.0
1280560 1564.4
1280570 1565.2
1280580 1565.2
1280590 1565.0
1280600 1562.4
1280610 1562.4
1280620 1560.7
1280630 1567.0
1280640 1567.0
1280650 1568.5
1280660 1570.0
1280670 1568.6
1280680 1568.6
1280690 1568.1
1280700 1566.2
1280710 1566.2
1280720 1565.0
1280730 1569.0
1280740 1569.0
1280750 1573.9
1280760 1579.0
1280770 1579.0
1280780 1584.5
1280790 1590.0
1280800 1590.0
1280810 1595.2
1280820 1600.4
1280830 1600.4
1280840 1605.0
1280850 1609.0
1280860 1609.0
1280870 1613.1
1280880 1616.9
1280890 1621.0
1280900 1621.0
1280910 1625.5
1280920 1629.6
1280930 1629.6
1280940 1632.1
1280950 1634.2
1280960 1634.2
1280970 1636.9
1280980 1640.6
1280990 1640.6
1281000 1644.0
1281010 1647.3
1281020 1647.3
1281030 1650.5
1281040 1652.3
1281050 1652.3
1281060 1652.3
1281070 1652.5
1281080 1652.5
1281090 1652.8
1281100 1652.5
1281110 1652.3
1281120 1652.3
1281130 1652.6
1281140 1653.1
1281150 1653.1
1281160 1653.6
1281170 1653.6
1281180 1653.6
1281190 1653.9
1281200 1653.8
1281210 1653.8
1281220 1653.0
1281230 1653.1
1281240 1653.1
1281250 1656.4
1281260 1656.1
1281270 1656.1
1281280 1656.2
1281290 1656.6
1281300 1656.6
1281310 1656.9
1281320 1656.7
1281330 1655.6
1281340 1655.6
1281350 1655.5
1281360 1655.4
1281370 1655.4
1281380 1655.7
1281390 1654.5
1281400 1654.5
1281410 1652.4
1281420 1654.0
1281430 1654.0
1281440 1656.7
1281450 1657.6
1281460 1657.6
1281470 1657.0
1281480 1655.6
1281490 1655.6
1281500 1655.3
1281510 1655.5
1281520 1655.5
1281530 1658.0
1281540 1663.7
1281550 1668.1
1281560 1668.1
1281570 1670.8
1281580 1673.1
1281590 1673.1
1281600 1674.4
1281610 1675.4
1281620 1675.4
1281630 1676.7
1281640 1677.7
1281650 1677.7
1281660 1678.1
1281670 1679.9
1281680 1679.9
1281690 1683.0
1281700 1686.4
1281710 1686.4
1281720 1690.3
1281730 1695.0
1281740 1695.0
1281750 1700.7
1281760 1706.5
1281770 1712.2
1281780 1712.2
1281790 1718.0
1281800 1723.5
1281810 1723.5
1281820 1729.6
1281830 1736.0
1281840 1736.0
1281850 1742.1
1281860 1748.5
1281870 1747.1
1281880 1753.8
1281890 1760.6
1281900 1760.6
1281910 1767.5
1281920 1774.2
1281930 1774.2
1281940 1778.4
1281950 1781.5
1281960 1781.5
1281970 1786.9
1281980 1793.5
1281990 1800.6
1282000 1800.6
1282010 1807.0
1282020 1812.9
1282030 1812.9
1282040 1817.9
1282050 1822.6
1282060 1822.6
1282070 1828.2
1282080 1835.0
1282090 1835.0
1282100 1841.0
1282110 1845.8
1282120 1845.8
1282130 1848.6
1282140 1850.4
1282150 1850.4
1282160 1853.5
1282170 1857.0
1282180 1857.0
1282190 1862.9
1282200 1869.1
1282210 1875.6
1282220 1875.6
1282230 1881.3
1282240 1886.4
1282250 1886.4
1282260 1890.2
1282270 1893.6
1282280 1893.6
1282290 1897.0
1282300 1900.1
1282310 1900.1
1282320 1903.1
1282330 1906.1
1282340 1906.1
1282350 1909.3
1282360 1911.4
1282370 1911.4
1282380 1913.2
1282390 1914.7
1282400 1914.7
1282410 1916.5
1282420 1919.2
1282430 1922.5
1282440 1922.5
1282450 1925.9
1282460 1929.4
1282470 1929.4
1282480 1933.7
1282490 1937.9
1282500 1940.8
1282510 1945.7
1282520 1950.5
1282530 1950.5
1282540 1953.4
1282550 1955.7
1282560 1955.7
1282570 1956.6
1282580 1957.9
1282590 1957.9
1282600 1960.0
1282610 1961.8
1282620 1961.8
1282630 1964.0
1282640 1967.6
1282650 1972.7
1282660 1972.7
1282670 1978.5
1282680 1983.8
1282690 1983.8
1282700 1989.2
1282710 1994.9
1282720 1994.9
1282730 1999.3
1282740 2003.0
1282750 2003.0
1282760 2006.8
1282770 2010.6
1282780 2010.6
1282790 2014.2
1282800 2017.1
1282810 2017.1
1282820 2019.7
1282830 2022.3
1282840 2022.3
1282850 2024.5
1282860 2027.0
1282870 2027.0
1282880 2030.2
1282890 2034.3
1282900 2038.3
1282910 2038.3
1282920 2041.7
1282930 2044.7
1282940 2044.7
1282950 2046.2
1282960 2046.6
1282970 2046.6
1282980 2049.4
1282990 2053.4
1283000 2053.4
1283010 2055.7
1283020 2057.3
1283030 2057.3
1283040 2058.7
1283050 2061.2
1283060 2061.2
1283070 2064.8
1283080 2068.3
1283090 2068.3
1283100 2072.2
1283110 2076.7
1283120 2081.0
1283130 2084.5
1283140 2088.6
1283150 2092.5
1283160 2092.5
1283170 2097.1
1283180 2102.0
1283190 2102.0
1283200 2106.7
1283210 2110.9
1283220 2110.9
1283230 2115.2
1283240 2119.6
1283250 2119.6
1283260 2124.1
1283270 2128.4
1283280 2128.4
1283290 2132.6
1283300 2136.9
1283310 2136.9
1283320 2141.0
1283330 2144.8
1283340 2148.6
1283350 2148.6
1283360 2152.6
1283370 2156.6
1283380 2156.6
1283390 2160.5
1283400 2164.4
1283410 2164.4
1283420 2168.0
1283430 2171.8
1283440 2171.8
1283450 2175.8
1283460 2179.6
1283470 2179.6
1283480 2183.4
1283490 2187.1
1283500 2187.1
1283510 2191.0
1283520 2195.0
1283530 2195.0
1283540 2198.9
1283550 2203.2
1283560 2207.7
1283570 2207.7
1283580 2211.7
1283590 2215.8
1283600 2215.8
1283610 2220.1
1283620 2224.3
1283630 2224.3
1283640 2228.5
1283650 2232.6
1283660 2232.6
1283670 2237.6
1283680 2242.5
1283690 2242.5
1283700 2246.1
1283710 2250.4
1283720 2250.4
1283730 2253.7
1283740 2256.5
1283750 2256.5
1283760 2241.8
1283770 2240.2
1283780 2230.4
1283790 2230.4
1283800 2224.9
1283810 2222.7
1283820 2222.7
1283830 2221.0
1283840 2218.9
1283850 2218.9
1283860 2216.7
1283870 2213.1
1283880 2213.1
1283890 2210.4
1283900 2208.7
1283910 2208.7
1283920 2207.4
1283930 2205.5
1283940 2205.5
1283950 2203.5
1283960 2201.6
1283970 2201.6
1283980 2200.7
1283990 2199.5
1284000 2200.0
1284010 2200.0
1284020 2202.1
1284030 2202.7
1284040 2202.7
1284050 2202.5
1284060 2201.2
1284070 2201.2
1284080 2200.3
1284090 2201.8
1284100 2201.8
1284110 2202.5
1284120 2202.8
1284130 2202.8
1284140 2204.9
1284150 2206.4
1284160 2206.4
1284170 2207.1
1284180 2207.5
1284190 2207.5
1284200 2207.1
1284210 2206.6
1284220 2207.3
1284230 2207.3
1284240 2207.5
1284250 2204.6
1284260 2204.6
1284270 2200.5
1284280 2196.2
1284290 2196.2
1284300 2191.9
1284310 2188.5
1284320 2188.5
1284330 2187.3
1284340 2185.2
1284350 2185.2
1284360 2182.7
1284370 2179.6
1284380 2179.6
1284390 2172.9
1284400 2171.7
1284410 2171.7
1284420 2169.0
1284430 2166.1
1284440 2164.8
1284450 2164.8
1284460 2163.6
1284470 2162.0
1284480 2162.0
1284490 2158.5
1284500 2153.7
1284510 2153.7
1284520 2149.3
1284530 2146.1
1284540 2146.1
1284550 2143.9
1284560 2140.8
1284570 2140.8
1284580 2137.9
1284590 2135.9
1284600 2135.9
1284610 2133.5
1284620 2130.6
1284630 2130.6
1284640 2128.1
1284650 2123.9
1284660 2117.3
1284670 2117.3
1284680 2110.7
1284690 2105.1
1284700 2105.1
1284710 2099.8
1284720 2095.5
1284730 2095.5
1284740 2094.0
1284750 2093.6
1284760 2093.6
1284770 2090.5
1284780 2086.9
1284790 2086.9
1284800 2083.0
1284810 2078.3
1284820 2078.3
1284830 2074.4
1284840 2071.0
1284850 2071.0
1284860 2067.8
1284870 2064.7
1284880 2062.0
1284890 2062.0
1284900 2058.7
1284910 2054.8
1284920 2054.8
1284930 2050.1
1284940 2045.2
1284950 2045.2
1284960 2040.7
1284970 2038.5
1284980 2038.5
1284990 2035.5
1285000 2032.1
1285010 2032.1
1285020 2029.1
1285030 2023.9
1285040 2023.9
1285050 2022.7
1285060 2021.0
1285070 2021.0
1285080 2020.9
1285090 2021.1
1285100 2021.8
1285110 2021.8
1285120 2021.2
1285130 2021.4
1285140 2021.4
1285150 2021.2
1285160 2021.1
1285170 2021.1
1285180 2018.8
1285190 2012.3
1285200 2012.3
1285210 2007.8
1285220 2002.9
1285230 2002.9
1285240 1999.0
1285250 1997.1
1285260 1997.1
1285270 1993.1
1285280 1989.6
1285290 1989.6
1285300 1987.7
1285310 1986.1
1285320 1984.1
1285330 1984.1
1285340 1981.1
1285350 1976.9
1285360 1976.9
1285370 1973.2
1285380 1970.2
1285390 1970.2
1285400 1968.1
1285410 1964.1
1285420 1964.1
1285430 1961.7
1285440 1960.5
1285450 1960.5
1285460 1960.4
1285470 1960.0
1285480 1960.0
1285490 1958.7
1285500 1957.6
1285510 1957.6
1285520 1955.4
1285530 1953.5
1285540 1952.7
1285550 1952.7
1285560 1951.3
1285570 1949.6
1285580 1949.6
1285590 1948.1
1285600 1946.9
1285610 1946.9
1285620 1946.7
1285630 1948.6
1285640 1948.6
1285650 1946.5
1285660 1938.2
1285670 1938.2
1285680 1932.5
1285690 1925.8
1285700 1925.8
1285710 1920.8
1285720 1921.9
1285730 1921.9
1285740 1921.2
1285750 1919.2
1285760 1916.9
1285770 1916.9
1285780 1913.9
1285790 1910.5
1285800 1910.5
1285810 1907.0
1285820 1902.8
1285830 1902.8
1285840 1897.7
1285850 1888.6
1285860 1888.6
1285870 1875.7
1285880 1869.9
1285890 1869.9
1285900 1869.1
1285910 1870.2
1285920 1870.2
1285930 1871.1
1285940 1871.8
1285950 1871.8
1285960 1870.1
1285970 1867.4
1285980 1864.4
1285990 1864.4
1286000 1861.3
1286010 1858.0
1286020 1858.0
1286030 1854.5
1286040 1850.1
1286050 1850.1
1286060 1845.1
1286070 1838.8
1286080 1838.8
1286090 1833.2
1286100 1830.2
1286110 1830.2
1286120 1826.7
1286130 1819.3
1286140 1819.3
1286150 1808.5
1286160 1809.6
1286170 1809.6
1286180 1812.6
1286190 1813.4
1286200 1810.0
1286210 1810.0
1286220 1807.3
1286230 1805.4
1286240 1805.4
1286250 1804.7
1286260 1804.2
1286270 1804.2
1286280 1802.1
1286290 1800.0
1286300 1784.8
1286310 1783.0
1286320 1780.9
1286330 1780.9
1286340 1777.9
1286350 1774.5
1286360 1774.5
1286370 1770.7
1286380 1766.5
1286390 1766.5
1286400 1762.7
1286410 1758.7
1286420 1755.2
1286430 1755.2
1286440 1751.4
1286450 1747.6
1286460 1747.6
1286470 1744.3
1286480 1741.5
1286490 1741.5
1286500 1739.6
1286510 1739.5
1286520 1739.5
1286530 1735.9
1286540 1730.1
1286550 1730.1
1286560 1724.6
1286570 1719.9
1286580 1719.9
1286590 1715.7
1286600 1711.9
1286610 1711.9
1286620 1709.2
1286630 1708.5
1286640 1707.6
1286650 1707.6
1286660 1704.5
1286670 1701.6
1286680 1701.6
1286690 1698.6
1286700 1695.9
1286710 1695.9
1286720 1693.2
1286730 1690.1
1286740 1690.1
1286750 1686.8
1286760 1683.0
1286770 1683.0
1286780 1679.2
1286790 1674.8
1286800 1674.8
1286810 1671.7
1286820 1669.8
1286830 1669.8
1286840 1668.2
1286850 1665.5
1286860 1663.0
1286870 1663.0
1286880 1661.3
1286890 1657.4
1286900 1657.4
1286910 1651.6
1286920 1646.1
1286930 1646.1
1286940 1634.1
1286950 1631.5
1286960 1631.5
1286970 1631.4
1286980 1628.1
1286990 1628.1
1287000 1624.2
1287010 1620.4
1287020 1620.4
1287030 1615.8
1287040 1611.0
1287050 1611.0
1287060 1606.5
1287070 1603.1
1287080 1599.7
1287090 1599.7
1287100 1595.1
1287110 1590.7
1287120 1590.7
1287130 1587.7
1287140 1584.8
1287150 1584.8
1287160 1581.6
1287170 1578.7
1287180 1578.7
1287190 1576.2
1287200 1573.9
1287210 1573.9
1287220 1569.5
1287230 1564.6
1287240 1564.6
1287250 1561.9
1287260 1560.6
1287270 1560.6
1287280 1558.1
1287290 1554.0
1287300 1548.8
1287310 1548.8
1287320 1543.4
1287330 1538.5
1287340 1538.5
1287350 1534.4
1287360 1529.5
1287370 1529.5
1287380 1523.8
1287390 1519.6
1287400 1519.6
1287410 1516.9
1287420 1515.2
1287430 1515.2
1287440 1515.3
1287450 1513.6
1287460 1513.6
1287470 1509.7
1287480 1505.1
1287490 1505.1
1287500 1501.4
1287510 1497.4
1287520 1493.7
1287530 1493.7
1287540 1490.4
1287550 1487.4
1287560 1487.4
1287570 1486.0
1287580 1484.9
1287590 1481.1
1287600 1481.0
1287610 1480.1
1287620 1480.1
1287630 1477.4
1287640 1473.4
1287650 1473.4
1287660 1469.4
1287670 1465.4
1287680 1465.4
1287690 1460.3
1287700 1455.4
1287710 1455.4
1287720 1455.0
1287730 1455.7
1287740 1456.5
1287750 1456.5
1287760 1457.5
1287770 1457.8
1287780 1457.8
1287790 1458.1
1287800 1458.1
1287810 1458.1
1287820 1458.3
1287830 1458.6
1287840 1458.6
1287850 1458.8
1287860 1458.7
1287870 1458.7
1287880 1458.7
1287890 1457.9
1287900 1457.9
1287910 1457.0
1287920 1455.8
1287930 1455.8
1287940 1452.9
1287950 1452.7
1287960 1452.7
1287970 1452.7
1287980 1452.8
1287990 1452.6
1288000 1452.6
1288010 1452.1
1288020 1451.3
1288030 1451.3
1288040 1450.2
1288050 1448.9
1288060 1448.9
1288070 1448.3
1288080 1448.2
1288090 1448.2
1288100 1448.3
1288110 1448.4
1288120 1448.4
1288130 1448.1
1288140 1447.3
1288150 1447.3
1288160 1445.1
1288170 1441.9
1288180 1439.0
1288190 1439.0
1288200 1437.2
1288210 1437.6
1288220 1437.6
1288230 1446.1
1288240 1449.3
1288250 1449.3
1288260 1453.2
1288270 1457.2
1288280 1457.2
1288290 1460.2
1288300 1462.4
1288310 1462.4
1288320 1464.1
1288330 1465.4
1288340 1465.4
1288350 1467.9
1288360 1471.0
1288370 1471.0
1288380 1473.4
1288390 1475.1
1288400 1476.0
1288410 1476.0
1288420 1477.5
1288430 1479.4
1288440 1479.4
1288450 1480.9
1288460 1483.2
1288470 1483.2
1288480 1485.7
1288490 1487.7
1288500 1487.7
1288510 1489.4
1288520 1491.5
1288530 1491.5
1288540 1493.4
1288550 1495.0
1288560 1495.0
1288570 1497.1
1288580 1499.4
1288590 1499.4
1288600 1501.1
1288610 1502.3
1288620 1503.5
1288630 1503.5
1288640 1504.8
1288650 1505.7
1288660 1505.7
1288670 1506.5
1288680 1507.7
1288690 1507.7
1288700 1508.7
1288710 1510.1
1288720 1510.1
1288730 1511.8
1288740 1513.9
1288750 1513.9
1288760 1517.2
1288770 1520.3
1288780 1520.3
1288790 1522.4
1288800 1524.8
1288810 1524.8
1288820 1528.2
1288830 1532.6
1288840 1536.5
1288850 1536.5
1288860 1539.3
1288870 1541.3
1288880 1544.8
1288890 1547.0
1288900 1548.8
1288910 1548.8
1288920 1550.5
1288930 1552.1
1288940 1552.1
1288950 1552.9
1288960 1553.1
1288970 1553.1
1288980 1553.6
1288990 1556.5
1289000 1556.5
1289010 1559.7
1289020 1562.3
1289030 1562.3
1289040 1564.0
1289050 1564.8
1289060 1565.4
1289070 1565.4
1289080 1565.7
1289090 1564.6
1289100 1564.6
1289110 1563.0
1289120 1561.8
1289130 1561.8
1289140 1560.7
1289150 1560.3
1289160 1560.3
1289170 1560.0
1289180 1558.7
1289190 1558.7
1289200 1558.3
1289210 1557.5
1289220 1557.5
1289230 1555.7
1289240 1554.6
1289250 1554.6
1289260 1553.0
1289270 1552.5
1289280 1554.7
1289290 1554.7
1289300 1555.8
1289310 1554.7
1289320 1554.7
1289330 1551.2
1289340 1546.7
1289350 1546.7
1289360 1543.6
1289370 1542.9
1289380 1542.9
1289390 1542.7
1289400 1541.6
1289410 1541.6
1289420 1541.5
1289430 1543.2
1289440 1543.2
1289450 1545.0
1289460 1545.6
1289470 1545.6
1289480 1545.0
1289490 1543.4
1289500 1542.8
1289510 1542.8
1289520 1541.8
1289530 1545.7
1289540 1545.7
1289550 1542.0
1289560 1538.7
1289570 1538.7
1289580 1535.9
1289590 1533.8
1289600 1533.8
1289610 1531.1
1289620 1528.6
1289630 1528.6
1289640 1526.4
1289650 1524.1
1289660 1524.1
1289670 1521.6
1289680 1519.0
1289690 1519.0
1289700 1516.6
1289710 1513.7
1289720 1510.0
1289730 1510.0
1289740 1506.1
1289750 1501.4
1289760 1501.4
1289770 1496.5
1289780 1492.9
1289790 1492.9
1289800 1492.3
1289810 1494.5
1289820 1494.5
1289830 1494.3
1289840 1494.0
1289850 1494.0
1289860 1494.2
1289870 1494.8
1289880 1494.8
1289890 1495.5
1289900 1496.0
1289910 1496.0
1289920 1496.2
1289930 1496.2
1289940 1496.2
1289950 1496.2
1289960 1496.8
1289970 1497.7
1289980 1497.7
1289990 1499.0
1290000 1501.3
1290010 1501.3
1290020 1503.6
1290030 1505.8
1290040 1505.8
1290050 1508.1
1290060 1510.4
1290070 1510.4
1290080 1512.7
1290090 1515.0
1290100 1515.0
1290110 1517.1
1290120 1519.0
1290130 1519.0
1290140 1521.1
1290150 1523.5
1290160 1525.9
1290170 1525.9
1290180 1526.7
1290190 1529.1
1290200 1529.1
1290210 1531.4
1290220 1533.7
1290230 1533.7
1290240 1536.3
1290250 1538.4
1290260 1538.4
1290270 1540.3
1290280 1541.7
1290290 1541.7
1290300 1543.4
1290310 1545.6
1290320 1545.6
1290330 1547.8
1290340 1549.7
1290350 1549.7
1290360 1552.0
1290370 1555.5
1290380 1555.5
1290390 1559.5
1290400 1563.8
1290410 1568.4
1290420 1568.4
1290430 1573.3
1290440 1579.0
1290450 1579.0
1290460 1585.5
1290470 1592.8
1290480 1592.8
1290490 1602.1
1290500 1612.1
1290510 1612.1
1290520 1619.1
1290530 1625.0
1290540 1625.0
1290550 1629.9
1290560 1633.2
1290570 1633.2
1290580 1637.4
1290590 1641.8
1290600 1641.8
1290610 1646.0
1290620 1649.0
1290630 1650.3
1290640 1650.3
1290650 1649.5
1290660 1650.4
1290670 1650.4
1290680 1654.8
1290690 1659.5
1290700 1659.5
1290710 1664.4
1290720 1669.9
1290730 1669.9
1290740 1674.9
1290750 1678.9
1290760 1678.9
1290770 1683.1
1290780 1687.1
1290790 1687.1
1290800 1691.1
1290810 1695.0
1290820 1695.0
1290830 1695.4
1290840 1698.4
1290850 1702.8
1290860 1702.8
1290870 1708.1
1290880 1713.6
1290890 1713.6
1290900 1718.0
1290910 1721.2
1290920 1721.2
1290930 1723.1
1290940 1724.6
1290950 1724.6
1290960 1726.1
1290970 1727.7
1290980 1727.7
1290990 1729.2
1291000 1731.8
1291010 1731.8
1291020 1735.9
1291030 1740.6
1291040 1740.6
1291050 1746.2
1291060 1751.8
1291070 1758.2
1291080 1758.2
1291090 1765.2
1291100 1772.0
1291110 1772.0
1291120 1778.1
1291130 1784.3
1291140 1784.3
1291150 1790.4
1291160 1795.7
1291170 1795.7
1291180 1800.9
1291190 1805.1
1291200 1805.1
1291210 1808.6
1291220 1812.4
1291230 1812.4
1291240 1817.3
1291250 1823.5
1291260 1823.5
1291270 1830.3
1291280 1838.4
1291290 1845.3
1291300 1845.3
1291310 1851.1
1291320 1857.8
1291330 1857.8
1291340 1866.1
1291350 1874.1
1291360 1874.1
1291370 1880.0
1291380 1880.7
1291390 1880.7
1291400 1883.9
1291410 1887.1
1291420 1887.1
1291430 1889.7
1291440 1891.3
1291450 1891.3
1291460 1893.5
1291470 1898.1
1291480 1898.1
1291490 1900.2
1291500 1908.0
1291510 1916.6
1291520 1916.6
1291530 1924.1
1291540 1927.7
1291550 1927.7
1291560 1930.3
1291570 1933.0
1291580 1933.0
1291590 1938.1
1291600 1942.3
1291610 1942.3
1291620 1944.0
1291630 1949.4
1291640 1949.4
1291650 1958.1
1291660 1964.4
1291670 1964.4
1291680 1970.5
1291690 1976.6
1291700 1976.6
1291710 1982.5
1291720 1988.3
1291730 1992.9
1291740 1992.9
1291750 1999.2
1291760 2008.1
1291770 2008.1
1291780 2017.8
1291790 2026.3
1291800 2026.3
1291810 2034.1
1291820 2041.1
1291830 2041.1
1291840 2047.0
1291850 2052.7
1291860 2052.7
1291870 2057.8
1291880 2061.7
1291890 2061.7
1291900 2064.4
1291910 2067.2
1291920 2067.2
1291930 2069.8
1291940 2070.9
1291950 2070.6
1291960 2070.6
1291970 2070.1
1291980 2071.9
1291990 2071.9
1292000 2075.5
1292010 2080.1
1292020 2080.1
1292030 2085.0
1292040 2090.8
1292050 2090.8
1292060 2096.6
1292070 2103.1
1292080 2103.1
1292090 2110.8
1292100 2118.3
1292110 2118.3
1292120 2124.9
1292130 2131.6
1292140 2131.4
1292150 2138.2
1292160 2145.2
1292170 2152.2
1292180 2152.2
1292190 2159.8
1292200 2167.1
1292210 2167.1
1292220 2173.9
1292230 2180.3
1292240 2180.3
1292250 2187.1
1292260 2193.0
1292270 2193.0
1292280 2198.6
1292290 2203.9
1292300 2203.9
1292310 2209.4
1292320 2215.1
1292330 2215.1
1292340 2220.3
1292350 2225.2
1292360 2225.2
1292370 2231.8
1292380 2238.4
1292390 2244.5
1292400 2244.5
1292410 2250.2
1292420 2256.0
1292430 2256.0
1292440 2262.1
1292450 2268.0
1292460 2268.0
1292470 2273.8
1292480 2279.7
1292490 2279.7
1292500 2285.5
1292510 2291.0
1292520 2291.0
1292530 2297.1
1292540 2303.8
1292550 2303.8
1292560 2310.8
1292570 2317.4
1292580 2317.4
1292590 2323.5
1292600 2329.2
1292610 2334.3
1292620 2334.3
1292630 2338.5
1292640 2342.5
1292650 2342.5
1292660 2347.1
1292670 2352.1
1292680 2352.1
1292690 2355.7
1292700 2359.5
1292710 2359.5
1292720 2363.6
1292730 2367.1
1292740 2367.1
1292750 2370.7
1292760 2374.5
1292770 2374.5
1292780 2378.8
1292790 2382.8
1292800 2378.3
1292810 2380.8
1292820 2381.2
1292830 2383.0
1292840 2383.0
1292850 2384.5
1292860 2385.3
1292870 2385.3
1292880 2385.7
1292890 2386.8
1292900 2386.8
1292910 2388.3
1292920 2390.8
1292930 2390.8
1292940 2393.8
1292950 2397.0
1292960 2397.0
1292970 2400.3
1292980 2403.9
1292990 2403.9
1293000 2407.0
1293010 2409.2
1293020 2409.2
1293030 2409.2
1293040 2406.9
1293050 2403.4
1293060 2403.4
1293070 2402.5
1293080 2400.5
1293090 2400.5
1293100 2396.5
1293110 2395.5
1293120 2395.5
1293130 2394.4
1293140 2395.5
1293150 2395.5
1293160 2396.9
1293170 2398.8
1293180 2398.8
1293190 2401.8
1293200 2405.5
1293210 2405.5
1293220 2401.7
1293230 2386.7
1293240 2386.7
1293250 2376.0
1293260 2367.4
1293270 2361.0
1293280 2361.0
1293290 2360.3
1293300 2363.0
1293310 2363.0
1293320 2366.3
1293330 2368.7
1293340 2368.7
1293350 2371.0
1293360 2369.3
1293370 2369.3
1293380 2368.8
1293390 2372.4
1293400 2372.4
1293410 2374.3
1293420 2377.6
1293430 2377.6
1293440 2379.7
1293450 2367.9
1293460 2367.9
1293470 2351.9
1293480 2343.9
1293490 2338.1
1293500 2338.1
1293510 2329.9
1293520 2324.5
1293530 2324.5
1293540 2322.9
1293550 2318.8
1293560 2318.8
1293570 2311.4
1293580 2312.2
1293590 2312.2
1293600 2314.6
1293610 2313.8
1293620 2313.8
1293630 2304.0
1293640 2297.1
1293650 2297.1
1293660 2292.2
1293670 2287.8
1293680 2287.8
1293690 2288.1
1293700 2284.7
1293710 2278.6
1293720 2278.6
1293730 2266.0
1293740 2257.1
1293750 2257.1
1293760 2250.9
1293770 2245.7
1293780 2245.7
1293790 2240.1
1293800 2234.5
1293810 2234.5
1293820 2229.7
1293830 2222.7
1293840 2222.7
1293850 2216.9
1293860 2210.2
1293870 2210.2
1293880 2201.4
1293890 2191.5
1293900 2191.5
1293910 2178.8
1293920 2165.9
1293930 2153.0
1293940 2153.0
1293950 2144.4
1293960 2138.8
1293970 2138.8
1293980 2133.5
1293990 2127.9
1294000 2127.9
1294010 2122.3
1294020 2117.6
1294030 2117.6
1294040 2114.8
1294050 2109.3
1294060 2109.3
1294070 2103.0
1294080 2097.6
1294090 2097.6
1294100 2089.1
1294110 2081.0
1294120 2081.0
1294130 2081.1
1294140 2071.3
1294150 2069.0
1294160 2069.0
1294170 2074.5
1294180 2077.3
1294190 2077.3
1294200 2080.7
1294210 2078.7
1294220 2078.7
1294230 2068.3
1294240 2052.4
1294250 2052.4
1294260 2039.2
1294270 2029.9
1294280 2029.9
1294290 2021.6
1294300 2013.4
1294310 2013.4
1294320 2006.1
1294330 1999.0
1294340 1999.0
1294350 1992.6
1294360 1987.4
1294370 1983.3
1294380 1983.3
1294390 1980.8
1294400 1978.6
1294410 1978.6
1294420 1976.4
1294430 1972.7
1294440 1972.7
1294450 1967.2
1294460 1961.7
1294470 1961.7
1294480 1955.9
1294490 1953.6
1294500 1953.6
1294510 1952.6
1294520 1950.7
1294530 1950.7
1294540 1947.0
1294550 1941.8
1294560 1941.8
1294570 1937.8
1294580 1932.8
1294590 1928.1
1294600 1928.1
1294610 1923.9
1294620 1920.5
1294630 1920.5
1294640 1917.8
1294650 1913.4
1294660 1913.4
1294670 1909.4
1294680 1908.5
1294690 1908.5
1294700 1907.7
1294710 1907.6
1294720 1907.6
1294730 1908.1
1294740 1908.7
1294750 1908.7
1294760 1909.5
1294770 1909.7
1294780 1909.7
1294790 1909.1
1294800 1911.1
1294810 1911.9
1294820 1911.9
1294830 1913.6
1294840 1915.1
1294850 1915.1
1294860 1916.9
1294870 1918.6
1294880 1918.6
1294890 1920.2
1294900 1922.1
1294910 1922.1
1294920 1924.5
1294930 1926.4
1294940 1926.4
1294950 1928.5
1294960 1930.2
1294970 1930.2
1294980 1932.6
1294990 1935.8
1295000 1935.8
1295010 1941.5
1295020 1948.5
1295030 1955.5
1295040 1955.5
1295050 1962.8
1295060 1970.6
1295070 1970.6
1295080 1978.0
1295090 1985.2
1295100 1985.2
1295110 1992.0
1295120 1998.2
1295130 1998.2
1295140 2004.4
1295150 2011.1
1295160 2011.1
1295170 2017.9
1295180 2025.7
1295190 2025.7
1295200 2033.8
1295210 2041.9
1295220 2041.9
1295230 2049.2
1295240 2056.7
1295250 2066.2
1295260 2066.2
1295270 2076.4
1295280 2086.4
1295290 2086.4
1295300 2096.6
1295310 2106.5
1295320 2106.5
1295330 2115.8
1295340 2125.6
1295350 2125.6
1295360 2136.2
1295370 2146.8
1295380 2146.8
1295390 2158.7
1295400 2166.8
1295410 2166.8
1295420 2170.6
1295430 2175.2
1295440 2175.2
1295450 2187.7
1295460 2200.5
1295470 2198.5
1295480 2198.5
1295490 2205.4
1295500 2210.2
1295510 2210.2
1295520 2214.9
1295530 2217.5
1295540 2217.5
1295550 2221.7
1295560 2228.6
1295570 2228.6
1295580 2233.0
1295590 2235.9
1295600 2235.9
1295610 2242.6
1295620 2252.5
1295630 2252.5
1295640 2260.9
1295650 2266.8
1295660 2266.8
1295670 2270.5
1295680 2274.8
1295690 2284.5
1295700 2284.5
1295710 2295.7
1295720 2306.1
1295730 2306.1
1295740 2313.6
1295750 2317.5
1295760 2317.5
1295770 2321.9
1295780 2322.5
1295790 2322.5
1295800 2322.8
1295810 2326.8
1295820 2326.8
1295830 2332.6
1295840 2338.2
1295850 2338.2
1295860 2341.7
1295870 2346.7
1295880 2346.7
1295890 2351.6
1295900 2356.4
1295910 2361.2
1295920 2361.2
1295930 2366.4
1295940 2373.8
1295950 2373.8
1295960 2380.5
1295970 2386.2
1295980 2386.2
1295990 2393.9
1296000 2403.2
1296010 2403.2
1296020 2412.8
1296030 2418.9
1296040 2418.9
1296050 2423.6
1296060 2433.5
1296070 2433.5
1296080 2443.1
1296090 2454.6
1296100 2454.6
1296110 2468.0
1296120 2475.6
1296130 2481.4
1296140 2476.1
1296150 2471.7
1296160 2460.2
1296170 2460.2
1296180 2450.0
1296190 2441.2
1296200 2441.2
1296210 2434.7
1296220 2429.0
1296230 2429.0
1296240 2423.9
1296250 2419.4
1296260 2419.4
1296270 2415.5
1296280 2411.4
1296290 2411.4
1296300 2407.0
1296310 2402.5
1296320 2402.5
1296330 2397.4
1296340 2392.2
1296350 2387.5
1296360 2387.5
1296370 2383.4
1296380 2379.8
1296390 2379.8
1296400 2376.4
1296410 2373.0
1296420 2373.0
1296430 2370.2
1296440 2369.9
1296450 2369.9
1296460 2369.1
1296470 2369.2
1296480 2369.2
1296490 2369.8
1296500 2369.7
1296510 2369.7
1296520 2369.7
1296530 2368.4
1296540 2368.4
1296550 2366.7
1296560 2364.3
1296570 2360.9
1296580 2360.9
1296590 2354.7
1296600 2348.4
1296610 2348.4
1296620 2341.9
1296630 2335.9
1296640 2335.9
1296650 2329.9
1296660 2323.6
1296670 2323.6
1296680 2317.6
1296690 2312.1
1296700 2312.1
1296710 2307.0
1296720 2301.9
1296730 2301.9
1296740 2297.7
1296750 2296.0
1296760 2296.0
1296770 2296.1
1296780 2297.4
1296790 2297.0
1296800 2297.0
1296810 2297.9
1296820 2296.7
1296830 2296.7
1296840 2295.2
1296850 2294.1
1296860 2294.1
1296870 2293.2
1296880 2292.0
1296890 2292.0
1296900 2290.5
1296910 2286.3
1296920 2286.3
1296930 2283.2
1296940 2282.0
1296950 2282.0
1296960 2280.0
1296970 2278.5
1296980 2278.5
1296990 2277.8
1297000 2277.2
1297010 2276.7
1297020 2276.7
1297030 2276.2
1297040 2276.8
1297050 2276.8
1297060 2278.2
1297070 2280.8
1297080 2280.8
1297090 2283.9
1297100 2287.1
1297110 2287.1
1297120 2289.4
1297130 2289.8
1297140 2289.8
1297150 2289.0
1297160 2288.6
1297170 2288.6
1297180 2288.7
1297190 2287.9
1297200 2287.9
1297210 2287.7
1297220 2287.3
1297230 2286.2
1297240 2286.2
1297250 2282.3
1297260 2279.7
1297270 2279.7
1297280 2279.1
1297290 2278.7
1297300 2278.7
1297310 2278.6
1297320 2277.8
1297330 2277.8
1297340 2275.9
1297350 2273.4
1297360 2273.4
1297370 2270.8
1297380 2268.7
1297390 2268.7
1297400 2266.7
1297410 2265.4
1297420 2265.4
1297430 2265.6
1297440 2266.9
1297450 2268.2
1297460 2268.2
1297470 2270.3
1297480 2271.7
1297490 2271.2
1297500 2270.9
1297510 2269.7
1297520 2269.7
1297530 2268.7
1297540 2267.8
1297550 2267.8
1297560 2266.8
1297570 2265.9
1297580 2265.9
1297590 2263.5
1297600 2256.9
1297610 2256.9
1297620 2252.9
1297630 2250.9
1297640 2250.9
1297650 2250.9
1297660 2252.1
1297670 2249.1
1297680 2249.1
1297690 2244.1
1297700 2238.9
1297710 2238.9
1297720 2236.0
1297730 2234.3
1297740 2234.3
1297750 2232.3
1297760 2228.2
1297770 2228.2
1297780 2221.6
1297790 2214.4
1297800 2214.4
1297810 2207.2
1297820 2202.1
1297830 2202.1
1297840 2199.2
1297850 2197.0
1297860 2197.0
1297870 2196.4
1297880 2195.2
1297890 2189.7
1297900 2189.7
1297910 2183.8
1297920 2180.9
1297930 2180.9
1297940 2182.8
1297950 2183.9
1297960 2183.9
1297970 2181.3
1297980 2175.7
1297990 2175.7
1298000 2171.0
1298010 2167.4
1298020 2167.4
1298030 2167.2
1298040 2169.3
1298050 2169.3
1298060 2170.3
1298070 2172.2
1298080 2172.2
1298090 2174.5
1298100 2177.0
1298110 2177.9
1298120 2177.9
1298130 2177.7
1298140 2181.2
1298150 2181.2
1298160 2184.1
1298170 2193.8
1298180 2193.8
1298190 2194.2
1298200 2192.9
1298210 2192.9
1298220 2193.4
1298230 2195.2
1298240 2195.2
1298250 2195.9
1298260 2195.0
1298270 2195.0
1298280 2194.1
1298290 2197.3
1298300 2197.3
1298310 2203.7
1298320 2207.3
1298330 2209.0
1298340 2209.0
1298350 2211.1
1298360 2213.9
1298370 2213.9
1298380 2216.9
1298390 2220.0
1298400 2220.0
1298410 2223.4
1298420 2228.4
1298430 2228.4
1298440 2233.6
1298450 2238.7
1298460 2238.7
1298470 2244.5
1298480 2250.8
1298490 2250.8
1298500 2257.5
1298510 2264.3
1298520 2264.3
1298530 2271.6
1298540 2279.0
1298550 2282.4
1298560 2282.4
1298570 2279.7
1298580 2277.1
1298590 2277.1
1298600 2274.4
1298610 2272.4
1298620 2272.4
1298630 2270.8
1298640 2269.2
1298650 2269.2
1298660 2268.8
1298670 2269.7
1298680 2269.7
1298690 2270.7
1298700 2272.2
1298710 2272.2
1298720 2275.1
1298730 2278.7
1298740 2278.7
1298750 2283.2
1298760 2288.1
1298770 2288.9
1298780 2288.9
1298790 2290.2
1298800 2294.2
1298810 2294.2
1298820 2298.8
1298830 2303.0
1298840 2303.0
1298850 2306.0
1298860 2308.5
1298870 2308.5
1298880 2311.7
1298890 2314.6
1298900 2314.6
1298910 2317.0
1298920 2319.7
1298930 2319.7
1298940 2322.8
1298950 2327.1
1298960 2327.1
1298970 2330.8
1298980 2334.9
1298990 2338.1
1299000 2338.1
1299010 2340.0
1299020 2341.2
1299030 2341.2
1299040 2341.7
1299050 2341.9
1299060 2341.9
1299070 2341.1
1299080 2335.2
1299090 2335.2
1299100 2329.6
1299110 2320.9
1299120 2320.9
1299130 2317.0
1299140 2317.0
1299150 2317.0
1299160 2319.2
1299170 2320.3
1299180 2320.3
1299190 2319.9
1299200 2320.3
1299210 2320.5
1299220 2320.5
1299230 2320.7
1299240 2318.8
1299250 2318.8
1299260 2317.6
1299270 2316.9
1299280 2316.9
1299290 2315.8
1299300 2310.2
1299310 2310.2
1299320 2304.5
1299330 2299.5
1299340 2299.5
1299350 2298.1
1299360 2295.8
1299370 2295.8
1299380 2292.9
1299390 2288.9
1299400 2288.9
1299410 2283.8
1299420 2278.1
1299430 2273.7
1299440 2273.7
1299450 2269.7
1299460 2261.6
1299470 2261.6
1299480 2250.0
1299490 2241.7
1299500 2241.7
1299510 2233.3
1299520 2220.8
1299530 2220.8
1299540 2209.8
1299550 2197.5
1299560 2197.5
1299570 2190.3
1299580 2186.6
1299590 2186.6
1299600 2185.4
1299610 2186.4
1299620 2186.4
1299630 2185.8
1299640 2186.1
1299650 2186.9
1299660 2186.9
1299670 2187.4
1299680 2188.6
1299690 2188.6
1299700 2189.0
1299710 2190.3
1299720 2190.3
1299730 2191.7
1299740 2193.1
1299750 2193.1
1299760 2194.6
1299770 2195.4
1299780 2195.4
1299790 2196.7
1299800 2197.3
1299810 2197.3
1299820 2197.4
1299830 2197.6
1299840 2197.6
1299850 2198.8
1299860 2199.4
1299870 2199.9
1299880 2199.9
1299890 2200.3
1299900 2201.4
1299910 2201.4
1299920 2201.2
1299930 2200.1
1299940 2200.1
1299950 2200.3
1299960 2199.9
1299970 2199.9
1299980 2201.7
1299990 2206.1
