1280000 1912.7
1280010 1917.3
1280020 1917.3
1280030 1920.6
1280040 1925.0
1280050 1925.0
1280060 1929.8
1280070 1934.0
1280080 1937.3
1280090 1937.3
1280100 1941.8
1280110 1944.5
1280120 1944.5
1280130 1946.3
1280140 1945.7
1280150 1945.7
1280160 1943.3
1280170 1940.7
1280180 1940.7
1280190 1937.5
1280200 1932.4
1280210 1932.4
1280220 1926.8
1280230 1921.0
1280240 1921.0
1280250 1915.0
1280260 1909.0
1280270 1909.0
1280280 1902.7
1280290 1895.8
1280300 1888.6
1280310 1888.6
1280320 1881.7
1280330 1875.2
1280340 1875.2
1280350 1869.5
1280360 1864.1
1280370 1858.8
1280380 1853.1
1280390 1847.7
1280400 1847.7
1280410 1843.0
1280420 1838.7
1280430 1838.7
1280440 1834.8
1280450 1831.4
1280460 1831.4
1280470 1828.3
1280480 1825.7
1280490 1825.7
1280500 1822.4
1280510 1818.9
1280520 1815.5
1280530 1815.5
1280540 1811.7
1280550 1807.1
1280560 1807.1
1280570 1803.7
1280580 1800.0
1280590 1800.0
1280600 1796.5
1280610 1793.1
1280620 1793.1
1280630 1789.2
1280640 1783.8
1280650 1783.8
1280660 1775.9
1280670 1769.0
1280680 1769.0
1280690 1761.4
1280700 1754.7
1280710 1754.7
1280720 1748.2
1280730 1740.6
1280740 1730.4
1280750 1730.4
1280760 1720.6
1280770 1714.1
1280780 1714.1
1280790 1715.4
1280800 1719.9
1280810 1719.9
1280820 1723.0
1280830 1721.6
1280840 1721.6
1280850 1716.2
1280860 1720.1
1280870 1720.1
1280880 1725.4
1280890 1728.1
1280900 1728.1
1280910 1731.0
1280920 1735.0
1280930 1735.0
1280940 1738.4
1280950 1739.3
1280960 1738.8
1280970 1738.8
1280980 1737.9
1280990 1729.1
1281000 1729.1
1281010 1728.0
1281020 1727.4
1281030 1727.4
1281040 1727.6
1281050 1728.0
1281060 1728.0
1281070 1728.5
1281080 1728.8
1281090 1728.8
1281100 1728.7
1281110 1728.2
1281120 1728.2
1281130 1727.6
1281140 1724.3
1281150 1724.3
1281160 1716.7
1281170 1712.6
1281180 1712.6
1281190 1712.7
1281200 1712.4
1281210 1712.5
1281220 1712.5
1281230 1716.3
1281240 1723.1
1281250 1723.1
1281260 1730.7
1281270 1738.9
1281280 1738.9
1281290 1747.8
1281300 1756.7
1281310 1756.7
1281320 1764.7
1281330 1772.1
1281340 1772.1
1281350 1779.4
1281360 1787.5
1281370 1787.5
1281380 1795.8
1281390 1803.3
1281400 1803.3
1281410 1810.7
1281420 1817.8
1281430 1824.6
1281440 1824.6
1281450 1830.8
1281460 1836.8
1281470 1836.8
1281480 1843.3
1281490 1849.9
1281500 1849.9
1281510 1856.9
1281520 1864.1
1281530 1864.1
1281540 1870.5
1281550 1876.2
1281560 1876.2
1281570 1881.6
1281580 1887.3
1281590 1887.3
1281600 1893.6
1281610 1900.3
1281620 1903.3
1281630 1908.7
1281640 1914.4
1281650 1919.5
1281660 1919.5
1281670 1925.5
1281680 1931.4
1281690 1931.4
1281700 1937.2
1281710 1943.1
1281720 1943.1
1281730 1948.8
1281740 1954.4
1281750 1954.4
1281760 1960.3
1281770 1966.2
1281780 1966.2
1281790 1972.3
1281800 1978.6
1281810 1978.6
1281820 1985.0
1281830 1991.0
1281840 1991.0
1281850 1997.0
1281860 2002.9
1281870 2008.9
1281880 2008.9
1281890 2014.8
1281900 2020.9
1281910 2020.9
1281920 2027.4
1281930 2034.1
1281940 2034.1
1281950 2040.7
1281960 2046.8
1281970 2046.8
1281980 2052.6
1281990 2058.1
1282000 2058.1
1282010 2063.9
1282020 2069.7
1282030 2069.7
1282040 2074.4
1282050 2077.8
1282060 2077.8
1282070 2080.2
1282080 2081.7
1282090 2082.0
1282100 2082.0
1282110 2079.3
1282120 2071.8
1282130 2071.8
1282140 2062.8
1282150 2054.6
1282160 2054.6
1282170 2046.6
1282180 2037.3
1282190 2037.3
1282200 2029.3
1282210 2029.7
1282220 2029.7
1282230 2034.1
1282240 2028.0
1282250 2028.0
1282260 2024.5
1282270 2016.4
1282280 2016.4
1282290 2008.3
1282300 2003.3
1282310 1995.5
1282320 1995.5
1282330 1989.2
1282340 1991.7
1282350 1991.7
1282360 1994.9
1282370 1995.0
1282380 1995.0
1282390 1991.9
1282400 1991.8
1282410 1991.8
1282420 1994.5
1282430 1996.1
1282440 1996.1
1282450 1994.5
1282460 1991.7
1282470 1991.7
1282480 1987.6
1282490 1978.5
1282500 1978.5
1282510 1966.6
1282520 1956.7
1282530 1947.0
1282540 1947.0
1282550 1935.5
1282560 1919.8
1282570 1919.8
1282580 1905.7
1282590 1892.2
1282600 1892.2
1282610 1883.6
1282620 1888.6
1282630 1888.6
1282640 1892.5
1282650 1887.6
1282660 1887.6
1282670 1881.0
1282680 1876.4
1282690 1876.4
1282700 1873.4
1282710 1872.0
1282720 1872.0
1282730 1870.2
1282740 1867.4
1282750 1863.7
1282760 1863.7
1282770 1858.4
1282780 1852.2
1282790 1852.2
1282800 1846.6
1282810 1841.8
1282820 1841.8
1282830 1838.0
1282840 1834.9
1282850 1834.9
1282860 1831.8
1282870 1822.2
1282880 1822.2
1282890 1818.2
1282900 1813.2
1282910 1813.2
1282920 1808.1
1282930 1805.9
1282940 1805.9
1282950 1802.8
1282960 1798.4
1282970 1796.0
1282980 1796.0
1282990 1797.3
1283000 1797.2
1283010 1797.2
1283020 1794.5
1283030 1790.2
1283040 1790.2
1283050 1784.5
1283060 1781.9
1283070 1781.9
1283080 1780.1
1283090 1778.6
1283100 1778.6
1283110 1776.3
1283120 1773.5
1283130 1773.5
1283140 1771.1
1283150 1768.8
1283160 1768.8
1283170 1767.7
1283180 1767.9
1283190 1767.9
1283200 1766.8
1283210 1765.0
1283220 1763.3
1283230 1763.3
1283240 1762.2
1283250 1761.7
1283260 1761.7
1283270 1761.8
1283280 1762.0
1283290 1762.0
1283300 1761.5
1283310 1760.8
1283320 1760.8
1283330 1759.8
1283340 1759.3
1283350 1759.3
1283360 1759.8
1283370 1761.0
1283380 1761.0
1283390 1761.8
1283400 1762.7
1283410 1762.7
1283420 1763.5
1283430 1764.4
1283440 1765.4
1283450 1765.4
1283460 1766.5
1283470 1767.5
1283480 1767.5
1283490 1768.6
1283500 1768.9
1283510 1768.9
1283520 1770.0
1283530 1771.9
1283540 1771.9
1283550 1774.5
1283560 1777.8
1283570 1777.8
1283580 1781.1
1283590 1782.3
1283600 1782.3
1283610 1783.6
1283620 1786.3
1283630 1786.3
1283640 1788.5
1283650 1791.0
1283660 1792.2
1283670 1792.2
1283680 1792.7
1283690 1793.4
1283700 1793.4
1283710 1794.6
1283720 1796.3
1283730 1796.3
1283740 1798.3
1283750 1800.5
1283760 1800.5
1283770 1802.7
1283780 1805.4
1283790 1805.4
1283800 1807.5
1283810 1810.0
1283820 1810.0
1283830 1812.5
1283840 1814.1
1283850 1814.1
1283860 1815.6
1283870 1817.3
1283880 1818.6
1283890 1818.6
1283900 1820.5
1283910 1822.1
1283920 1822.1
1283930 1823.2
1283940 1824.2
1283950 1824.2
1283960 1825.4
1283970 1825.9
1283980 1825.9
1283990 1826.6
1284000 1828.6
1284010 1828.6
1284020 1831.6
1284030 1835.3
1284040 1835.3
1284050 1837.2
1284060 1838.9
1284070 1838.9
1284080 1841.2
1284090 1843.0
1284100 1843.0
1284110 1843.0
1284120 1841.2
1284130 1846.0
1284140 1846.0
1284150 1850.1
1284160 1853.1
1284170 1853.1
1284180 1855.6
1284190 1857.7
1284200 1857.7
1284210 1858.7
1284220 1860.5
1284230 1860.5
1284240 1862.0
1284250 1862.7
1284260 1862.7
1284270 1862.8
1284280 1862.0
1284290 1862.0
1284300 1861.5
1284310 1861.3
1284320 1860.3
1284330 1860.3
1284340 1859.8
1284350 1859.7
1284360 1859.7
1284370 1863.5
1284380 1867.9
1284390 1867.9
1284400 1873.1
1284410 1877.6
1284420 1877.6
1284430 1884.4
1284440 1891.4
1284450 1891.4
1284460 1895.7
1284470 1900.4
1284480 1900.4
1284490 1904.8
1284500 1909.6
1284510 1909.6
1284520 1914.9
1284530 1918.8
1284540 1923.1
1284550 1923.1
1284560 1928.1
1284570 1932.7
1284580 1932.7
1284590 1937.8
1284600 1943.0
1284610 1943.0
1284620 1948.4
1284630 1953.7
1284640 1953.7
1284650 1959.2
1284660 1964.9
1284670 1964.9
1284680 1970.8
1284690 1977.1
1284700 1977.1
1284710 1983.4
1284720 1989.2
1284730 1989.2
1284740 1994.5
1284750 1999.8
1284760 2005.9
1284770 2007.5
1284780 2013.3
1284790 2018.8
1284800 2018.8
1284810 2023.6
1284820 2028.2
1284830 2028.2
1284840 2033.3
1284850 2038.7
1284860 2038.7
1284870 2043.3
1284880 2047.6
1284890 2047.6
1284900 2052.2
1284910 2058.1
1284920 2058.1
1284930 2064.2
1284940 2070.4
1284950 2070.4
1284960 2077.1
1284970 2083.4
1284980 2089.1
1284990 2089.1
1285000 2094.8
1285010 2100.6
1285020 2100.6
1285030 2106.6
1285040 2112.3
1285050 2112.3
1285060 2118.1
1285070 2124.6
1285080 2124.6
1285090 2130.9
1285100 2137.0
1285110 2137.0
1285120 2143.6
1285130 2150.0
1285140 2150.0
1285150 2157.0
1285160 2166.8
1285170 2166.8
1285180 2176.4
1285190 2185.0
1285200 2185.0
1285210 2192.5
1285220 2195.0
1285230 2196.0
1285240 2196.0
1285250 2196.5
1285260 2197.1
1285270 2197.1
1285280 2197.9
1285290 2198.9
1285300 2198.9
1285310 2201.3
1285320 2206.3
1285330 2206.3
1285340 2213.2
1285350 2219.3
1285360 2219.3
1285370 2225.1
1285380 2232.0
1285390 2232.0
1285400 2235.7
1285410 2241.0
1285420 2241.0
1285430 2245.9
1285440 2251.6
1285450 2259.6
1285460 2259.6
1285470 2266.4
1285480 2272.3
1285490 2272.3
1285500 2277.1
1285510 2279.9
1285520 2279.9
1285530 2281.2
1285540 2283.4
1285550 2283.4
1285560 2287.3
1285570 2290.6
1285580 2290.6
1285590 2293.4
1285600 2296.4
1285610 2296.4
1285620 2299.3
1285630 2301.5
1285640 2301.5
1285650 2303.3
1285660 2304.8
1285670 2307.2
1285680 2307.2
1285690 2310.7
1285700 2313.9
1285710 2313.9
1285720 2317.0
1285730 2320.3
1285740 2320.3
1285750 2324.8
1285760 2330.4
1285770 2330.4
1285780 2336.8
1285790 2343.2
1285800 2343.2
1285810 2349.5
1285820 2355.8
1285830 2355.8
1285840 2361.6
1285850 2367.6
1285860 2367.6
1285870 2374.4
1285880 2381.2
1285890 2387.7
1285900 2387.7
1285910 2394.8
1285920 2402.2
1285930 2402.2
1285940 2409.9
1285950 2423.1
1285960 2423.1
1285970 2438.2
1285980 2448.2
1285990 2448.2
1286000 2463.7
1286010 2473.9
1286020 2473.9
1286030 2473.6
1286040 2450.8
1286050 2450.8
1286060 2437.8
1286070 2428.7
1286080 2428.7
1286090 2419.9
1286100 2408.1
1286110 2386.0
1286120 2386.0
1286130 2364.9
1286140 2349.0
1286150 2349.0
1286160 2340.2
1286170 2332.8
1286180 2332.8
1286190 2325.9
1286200 2319.9
1286210 2319.9
1286220 2314.3
1286230 2308.8
1286240 2308.8
1286250 2304.5
1286260 2300.4
1286270 2300.4
1286280 2296.3
1286290 2292.4
1286300 2292.4
1286310 2289.5
1286320 2289.4
1286330 2288.1
1286340 2288.1
1286350 2286.3
1286360 2287.0
1286370 2287.0
1286380 2285.2
1286390 2286.0
1286400 2286.0
1286410 2287.0
1286420 2287.2
1286430 2287.2
1286440 2291.4
1286450 2293.3
1286460 2293.3
1286470 2292.2
1286480 2289.5
1286490 2289.5
1286500 2281.3
1286510 2272.4
1286520 2272.4
1286530 2268.8
1286540 2268.2
1286550 2267.9
1286560 2267.9
1286570 2264.6
1286580 2255.5
1286590 2255.5
1286600 2246.6
1286610 2241.0
1286620 2241.0
1286630 2238.4
1286640 2237.4
1286650 2237.4
1286660 2232.7
1286670 2225.2
1286680 2226.3
1286690 2222.3
1286700 2219.6
1286710 2219.6
1286720 2217.6
1286730 2215.3
1286740 2215.3
1286750 2215.2
1286760 2213.0
1286770 2207.6
1286780 2207.6
1286790 2202.1
1286800 2198.1
1286810 2198.1
1286820 2195.5
1286830 2193.1
1286840 2193.1
1286850 2192.1
1286860 2190.7
1286870 2190.7
1286880 2188.7
1286890 2185.9
1286900 2185.9
1286910 2180.4
1286920 2175.4
1286930 2175.4
1286940 2167.0
1286950 2156.6
1286960 2156.6
1286970 2148.9
1286980 2142.2
1286990 2137.0
1287000 2137.0
1287010 2133.5
1287020 2130.3
1287030 2130.3
1287040 2129.3
1287050 2128.8
1287060 2128.8
1287070 2125.5
1287080 2123.1
1287090 2123.1
1287100 2117.7
1287110 2111.8
1287120 2111.8
1287130 2106.2
1287140 2101.7
1287150 2101.7
1287160 2095.8
1287170 2089.6
1287180 2089.6
1287190 2084.2
1287200 2078.6
1287210 2078.6
1287220 2073.1
1287230 2068.2
1287240 2063.0
1287250 2063.0
1287260 2059.8
1287270 2054.4
1287280 2054.4
1287290 2049.2
1287300 2046.2
1287310 2046.2
1287320 2040.4
1287330 2033.2
1287340 2033.2
1287350 2026.8
1287360 2019.2
1287370 2019.2
1287380 2011.8
1287390 2004.8
1287400 2004.8
1287410 1998.2
1287420 1993.4
1287430 1993.4
1287440 1988.0
1287450 1982.1
1287460 1977.4
1287470 1977.4
1287480 1971.6
1287490 1966.5
1287500 1966.5
1287510 1962.6
1287520 1958.6
1287530 1958.6
1287540 1955.5
1287550 1952.7
1287560 1952.7
1287570 1949.3
1287580 1945.3
1287590 1945.3
1287600 1940.1
1287610 1941.5
1287620 1941.5
1287630 1946.1
1287640 1949.8
1287650 1949.8
1287660 1954.5
1287670 1958.7
1287680 1963.4
1287690 1963.4
1287700 1969.1
1287710 1974.8
1287720 1974.8
1287730 1979.8
1287740 1985.0
1287750 1985.0
1287760 1990.6
1287770 1996.7
1287780 1996.7
1287790 2002.9
1287800 2008.8
1287810 2008.8
1287820 2015.0
1287830 2021.2
1287840 2021.2
1287850 2027.3
1287860 2033.6
1287870 2033.6
1287880 2039.9
1287890 2046.1
1287900 2052.9
1287910 2052.9
1287920 2059.4
1287930 2065.9
1287940 2065.9
1287950 2072.3
1287960 2078.2
1287970 2075.4
1287980 2080.1
1287990 2084.1
1288000 2084.1
1288010 2087.6
1288020 2091.9
1288030 2091.9
1288040 2096.8
1288050 2102.1
1288060 2102.1
1288070 2107.1
1288080 2113.6
1288090 2113.6
1288100 2121.0
1288110 2128.1
1288120 2135.5
1288130 2135.5
1288140 2143.3
1288150 2151.4
1288160 2151.4
1288170 2159.4
1288180 2166.9
1288190 2166.9
1288200 2174.3
1288210 2181.7
1288220 2181.7
1288230 2189.4
1288240 2196.8
1288250 2196.8
1288260 2196.6
1288270 2185.0
1288280 2185.0
1288290 2176.0
1288300 2168.9
1288310 2168.9
1288320 2162.2
1288330 2156.1
1288340 2150.7
1288350 2150.7
1288360 2146.6
1288370 2144.0
1288380 2144.0
1288390 2144.4
1288400 2146.3
1288410 2146.3
1288420 2141.3
1288430 2131.5
1288440 2131.5
1288450 2122.6
1288460 2115.9
1288470 2115.9
1288480 2113.3
1288490 2116.5
1288500 2116.5
1288510 2115.0
1288520 2108.9
1288530 2108.9
1288540 2101.6
1288550 2092.3
1288560 2085.0
1288570 2085.0
1288580 2078.0
1288590 2073.0
1288600 2073.0
1288610 2064.0
1288620 2065.8
1288630 2065.8
1288640 2069.2
1288650 2073.7
1288660 2073.7
1288670 2074.4
1288680 2069.4
1288690 2069.4
1288700 2063.5
1288710 2057.7
1288720 2057.7
1288730 2051.6
1288740 2045.6
1288750 2045.6
1288760 2039.9
1288770 2034.7
1288780 2029.2
1288790 2029.2
1288800 2022.8
1288810 2016.5
1288820 2016.5
1288830 2012.5
1288840 2009.8
1288850 2009.8
1288860 2006.6
1288870 2002.6
1288880 2002.6
1288890 1998.4
1288900 1993.6
1288910 1993.6
1288920 1988.0
1288930 1981.8
1288940 1981.8
1288950 1976.4
1288960 1970.5
1288970 1970.5
1288980 1964.2
1288990 1957.2
1289000 1949.5
1289010 1949.5
1289020 1940.8
1289030 1932.1
1289040 1932.1
1289050 1924.5
1289060 1915.4
1289070 1915.4
1289080 1906.8
1289090 1898.7
1289100 1898.7
1289110 1891.1
1289120 1883.5
1289130 1883.5
1289140 1877.7
1289150 1873.4
1289160 1873.4
1289170 1869.2
1289180 1863.9
1289190 1863.9
1289200 1857.6
1289210 1851.6
1289220 1844.7
1289230 1844.7
1289240 1840.9
1289250 1839.1
1289260 1827.7
1289270 1825.4
1289280 1820.2
1289290 1820.2
1289300 1814.8
1289310 1809.8
1289320 1809.8
1289330 1808.5
1289340 1806.3
1289350 1806.3
1289360 1794.9
1289370 1785.1
1289380 1785.1
1289390 1779.5
1289400 1773.9
1289410 1773.9
1289420 1768.3
1289430 1762.2
1289440 1762.2
1289450 1755.2
1289460 1747.7
1289470 1740.6
1289480 1740.6
1289490 1733.6
1289500 1726.7
1289510 1726.7
1289520 1720.0
1289530 1711.5
1289540 1711.5
1289550 1697.9
1289560 1687.6
1289570 1687.6
1289580 1676.2
1289590 1663.3
1289600 1663.3
1289610 1664.0
1289620 1662.4
1289630 1662.4
1289640 1660.1
1289650 1651.7
1289660 1651.7
1289670 1645.4
1289680 1634.3
1289690 1623.4
1289700 1623.4
1289710 1610.6
1289720 1596.3
1289730 1596.3
1289740 1588.2
1289750 1581.5
1289760 1581.5
1289770 1576.9
1289780 1573.5
1289790 1573.5
1289800 1569.3
1289810 1565.0
1289820 1565.0
1289830 1561.3
1289840 1557.2
1289850 1557.2
1289860 1553.3
1289870 1552.4
1289880 1552.4
1289890 1552.0
1289900 1551.6
1289910 1548.7
1289920 1548.7
1289930 1547.9
1289940 1547.0
1289950 1547.0
1289960 1546.3
1289970 1545.5
1289980 1545.5
1289990 1544.6
1290000 1543.5
1290010 1543.5
1290020 1542.2
1290030 1541.1
1290040 1541.1
1290050 1539.2
1290060 1539.2
1290070 1539.2
1290080 1537.5
1290090 1536.5
1290100 1536.5
1290110 1535.9
1290120 1533.3
1290130 1525.2
1290140 1525.2
1290150 1517.4
1290160 1516.3
1290170 1516.3
1290180 1519.6
1290190 1525.7
1290200 1525.7
1290210 1531.4
1290220 1536.5
1290230 1536.5
1290240 1542.8
1290250 1549.1
1290260 1549.1
1290270 1554.3
1290280 1558.2
1290290 1558.2
1290300 1560.9
1290310 1563.3
1290320 1563.3
1290330 1565.9
1290340 1568.8
1290350 1572.4
1290360 1572.4
1290370 1576.4
1290380 1580.6
1290390 1580.6
1290400 1584.4
1290410 1588.2
1290420 1588.2
1290430 1591.8
1290440 1595.0
1290450 1595.0
1290460 1598.5
1290470 1603.3
1290480 1603.3
1290490 1608.4
1290500 1613.6
1290510 1613.6
1290520 1618.7
1290530 1623.6
1290540 1623.6
1290550 1628.8
1290560 1636.2
1290570 1641.7
1290580 1641.7
1290590 1646.3
1290600 1650.7
1290610 1650.7
1290620 1655.8
1290630 1661.1
1290640 1661.1
1290650 1666.1
1290660 1671.9
1290670 1671.9
1290680 1679.3
1290690 1687.1
1290700 1687.1
1290710 1694.7
1290720 1702.5
1290730 1702.5
1290740 1710.3
1290750 1717.8
1290760 1717.8
1290770 1725.8
1290780 1733.5
1290790 1741.3
1290800 1741.3
1290810 1749.9
1290820 1756.3
1290830 1756.3
1290840 1762.4
1290850 1769.3
1290860 1769.3
1290870 1776.3
1290880 1783.1
1290890 1783.1
1290900 1789.7
1290910 1796.2
1290920 1796.2
1290930 1803.3
1290940 1811.4
1290950 1811.4
1290960 1818.1
1290970 1825.3
1290980 1825.3
1290990 1830.6
1291000 1836.1
1291010 1843.1
1291020 1843.1
1291030 1851.2
1291040 1860.0
1291050 1860.0
1291060 1868.0
1291070 1877.3
1291080 1877.3
1291090 1885.6
1291100 1892.0
1291110 1892.0
1291120 1898.3
1291130 1900.3
1291140 1900.3
1291150 1903.7
1291160 1908.6
1291170 1908.6
1291180 1915.1
1291190 1922.2
1291200 1922.2
1291210 1928.7
1291220 1936.8
1291230 1940.3
1291240 1940.3
1291250 1943.3
1291260 1947.1
1291270 1947.1
1291280 1951.0
1291290 1954.7
1291300 1954.7
1291310 1959.2
1291320 1964.1
1291330 1964.1
1291340 1968.9
1291350 1973.4
1291360 1973.4
1291370 1977.2
1291380 1981.4
1291390 1981.4
1291400 1984.9
1291410 1987.8
1291420 1987.8
1291430 1991.8
1291440 1996.3
1291450 1999.9
1291460 1999.9
1291470 2002.9
1291480 2006.2
1291490 2006.2
1291500 2010.3
1291510 2014.4
1291520 2014.4
1291530 2018.0
1291540 2021.7
1291550 2021.7
1291560 2026.8
1291570 2033.9
1291580 2033.9
1291590 2039.0
1291600 2043.0
1291610 2043.0
1291620 2047.5
1291630 2051.9
1291640 2051.9
1291650 2056.1
1291660 2059.7
1291670 2059.7
1291680 2063.4
1291690 2069.9
1291700 2075.0
1291710 2075.0
1291720 2078.6
1291730 2084.5
1291740 2084.5
1291750 2091.0
1291760 2094.4
1291770 2094.4
1291780 2097.3
1291790 2100.4
1291800 2100.4
1291810 2099.9
1291820 2087.6
1291830 2087.6
1291840 2080.6
1291850 2079.5
1291860 2079.5
1291870 2075.5
1291880 2073.1
1291890 2073.1
1291900 2064.7
1291910 2059.4
1291920 2055.8
1291930 2055.8
1291940 2053.7
1291950 2054.0
1291960 2054.0
1291970 2055.1
1291980 2056.1
1291990 2056.1
1292000 2056.5
1292010 2056.7
1292020 2056.7
1292030 2056.0
1292040 2055.7
1292050 2055.7
1292060 2056.7
1292070 2057.3
1292080 2057.3
1292090 2056.4
1292100 2055.9
1292110 2055.9
1292120 2054.9
1292130 2054.3
1292140 2054.3
1292150 2054.3
1292160 2054.7
1292170 2055.3
1292180 2055.3
1292190 2056.5
1292200 2058.1
1292210 2058.1
1292220 2058.5
1292230 2060.3
1292240 2060.3
1292250 2062.7
1292260 2065.5
1292270 2065.5
1292280 2069.2
1292290 2073.5
1292300 2073.5
1292310 2079.4
1292320 2086.8
1292330 2086.8
1292340 2095.6
1292350 2103.4
1292360 2105.2
1292370 2105.2
1292380 2096.3
1292390 2093.1
1292400 2093.1
1292410 2088.7
1292420 2077.9
1292430 2077.9
1292440 2069.4
1292450 2067.1
1292460 2067.1
1292470 2067.8
1292480 2063.8
1292490 2063.8
1292500 2060.6
1292510 2054.4
1292520 2054.4
1292530 2050.5
1292540 2055.9
1292550 2055.9
1292560 2055.2
1292570 2053.6
1292580 2052.5
1292590 2052.5
1292600 2044.2
1292610 2041.3
1292620 2041.3
1292630 2039.4
1292640 2038.6
1292650 2038.6
1292660 2034.0
1292670 2028.2
1292680 2028.2
1292690 2022.5
1292700 2015.9
1292710 2015.9
1292720 2008.8
1292730 1999.4
1292740 1999.4
1292750 1985.2
1292760 1964.6
1292770 1964.6
1292780 1948.5
1292790 1943.8
1292800 1942.9
1292810 1942.9
1292820 1944.8
1292830 1948.6
1292840 1948.6
1292850 1950.4
1292860 1950.4
1292870 1950.4
1292880 1948.3
1292890 1935.3
1292900 1935.3
1292910 1917.6
1292920 1905.6
1292930 1905.6
1292940 1895.5
1292950 1889.5
1292960 1889.5
1292970 1883.9
1292980 1877.9
1292990 1877.9
1293000 1872.5
1293010 1867.1
1293020 1862.8
1293030 1862.8
1293040 1859.6
1293050 1862.3
1293060 1862.3
1293070 1866.2
1293080 1856.3
1293090 1856.3
1293100 1836.7
1293110 1821.1
1293120 1821.1
1293130 1814.2
1293140 1810.1
1293150 1810.1
1293160 1806.7
1293170 1802.7
1293180 1802.7
1293190 1797.9
1293200 1801.8
1293210 1801.8
1293220 1800.0
1293230 1795.4
1293240 1786.3
1293250 1786.3
1293260 1780.1
1293270 1774.4
1293280 1774.4
1293290 1763.0
1293300 1750.8
1293310 1750.8
1293320 1743.4
1293330 1737.5
1293340 1737.5
1293350 1731.2
1293360 1723.8
1293370 1723.8
1293380 1716.2
1293390 1710.8
1293400 1710.8
1293410 1708.7
1293420 1707.3
1293430 1707.3
1293440 1705.0
1293450 1702.6
1293460 1700.1
1293470 1700.1
1293480 1698.0
1293490 1696.0
1293500 1696.0
1293510 1693.9
1293520 1692.4
1293530 1692.4
1293540 1691.7
1293550 1691.6
1293560 1691.6
1293570 1691.5
1293580 1691.3
1293590 1691.3
1293600 1691.0
1293610 1691.1
1293620 1691.1
1293630 1691.5
1293640 1691.7
1293650 1691.7
1293660 1692.0
1293670 1692.7
1293680 1693.8
1293690 1693.8
1293700 1695.8
1293710 1698.0
1293720 1698.0
1293730 1700.4
1293740 1702.9
1293750 1702.9
1293760 1705.8
1293770 1709.0
1293780 1709.0
1293790 1711.9
1293800 1715.2
1293810 1715.2
1293820 1718.8
1293830 1722.2
1293840 1722.2
1293850 1725.6
1293860 1724.1
1293870 1724.1
1293880 1724.5
1293890 1725.9
1293900 1729.0
1293910 1729.0
1293920 1735.3
1293930 1745.5
1293940 1745.5
1293950 1758.5
1293960 1768.7
1293970 1768.7
1293980 1782.6
1293990 1796.3
1294000 1796.3
1294010 1806.8
1294020 1816.5
1294030 1816.5
1294040 1824.6
1294050 1831.4
1294060 1831.4
1294070 1836.6
1294080 1842.4
1294090 1842.4
1294100 1848.9
1294110 1856.0
1294120 1856.0
1294130 1863.7
1294140 1871.7
1294150 1880.0
1294160 1880.0
1294170 1889.5
1294180 1897.5
1294190 1897.5
1294200 1903.7
1294210 1909.9
1294220 1909.9
1294230 1916.2
1294240 1923.8
1294250 1923.8
1294260 1932.1
1294270 1942.4
1294280 1942.4
1294290 1953.5
1294300 1968.4
1294310 1968.4
1294320 1978.2
1294330 1984.7
1294340 1984.7
1294350 1990.9
1294360 1997.6
1294370 2003.8
1294380 2003.8
1294390 2009.4
1294400 2014.5
1294410 2014.5
1294420 2019.5
1294430 2025.2
1294440 2025.2
1294450 2031.0
1294460 2036.8
1294470 2036.8
1294480 2042.5
1294490 2048.0
1294500 2048.0
1294510 2053.7
1294520 2059.7
1294530 2054.7
1294540 2057.2
1294550 2060.0
1294560 2060.0
1294570 2066.6
1294580 2075.9
1294590 2082.9
1294600 2082.9
1294610 2085.6
1294620 2087.4
1294630 2087.4
1294640 2095.1
1294650 2106.1
1294660 2106.1
1294670 2108.9
1294680 2102.9
1294690 2102.9
1294700 2100.3
1294710 2100.0
1294720 2100.0
1294730 2105.6
1294740 2103.3
1294750 2103.3
1294760 2102.2
1294770 2104.6
1294780 2104.6
1294790 2111.1
1294800 2117.6
1294810 2124.9
1294820 2124.9
1294830 2134.4
1294840 2141.2
1294850 2141.2
1294860 2145.8
1294870 2151.1
1294880 2151.1
1294890 2153.4
1294900 2152.5
1294910 2152.5
1294920 2155.0
1294930 2161.3
1294940 2161.3
1294950 2169.3
1294960 2176.7
1294970 2176.7
1294980 2184.3
1294990 2192.2
1295000 2192.2
1295010 2201.7
1295020 2211.4
1295030 2219.8
1295040 2219.8
1295050 2229.1
1295060 2242.2
1295070 2242.2
1295080 2251.4
1295090 2261.6
1295100 2261.6
1295110 2270.1
1295120 2277.9
1295130 2277.9
1295140 2286.1
1295150 2294.1
1295160 2294.1
1295170 2301.6
1295180 2308.9
1295190 2308.9
1295200 2307.7
1295210 2303.2
1295220 2303.2
1295230 2297.3
1295240 2294.0
1295250 2293.8
1295260 2293.8
1295270 2294.5
1295280 2296.7
1295290 2296.7
1295300 2300.8
1295310 2307.5
1295320 2307.5
1295330 2312.0
1295340 2315.4
1295350 2315.4
1295360 2312.8
1295370 2315.2
1295380 2315.2
1295390 2316.2
1295400 2315.9
1295410 2315.9
1295420 2319.9
1295430 2319.7
1295440 2319.7
1295450 2320.0
1295460 2323.5
1295470 2325.0
1295480 2325.0
1295490 2320.8
1295500 2318.3
1295510 2318.3
1295520 2321.9
1295530 2327.3
1295540 2327.3
1295550 2330.9
1295560 2336.9
1295570 2336.9
1295580 2342.5
1295590 2346.2
1295600 2346.2
1295610 2348.7
1295620 2351.8
1295630 2351.8
1295640 2354.0
1295650 2356.1
1295660 2356.1
1295670 2359.9
1295680 2365.4
1295690 2367.2
1295700 2367.2
1295710 2368.8
1295720 2375.2
1295730 2375.2
1295740 2380.1
1295750 2383.3
1295760 2383.3
1295770 2386.2
1295780 2388.0
1295790 2388.0
1295800 2391.7
1295810 2390.7
1295820 2390.7
1295830 2387.5
1295840 2381.0
1295850 2381.0
1295860 2376.0
1295870 2377.4
1295880 2377.4
1295890 2372.2
1295900 2364.6
1295910 2358.5
1295920 2358.5
1295930 2353.9
1295940 2349.8
1295950 2349.8
1295960 2344.8
1295970 2340.5
1295980 2340.5
1295990 2340.2
1296000 2341.1
1296010 2341.1
1296020 2342.8
1296030 2345.1
1296040 2345.1
1296050 2347.4
1296060 2348.2
1296070 2348.2
1296080 2347.6
1296090 2345.8
1296100 2345.8
1296110 2342.5
1296120 2339.9
1296130 2339.1
1296140 2339.1
1296150 2335.7
1296160 2332.0
1296170 2332.0
1296180 2329.6
1296190 2326.6
1296200 2326.6
1296210 2323.7
1296220 2321.9
1296230 2321.9
1296240 2322.0
1296250 2322.0
1296260 2322.0
1296270 2321.4
1296280 2320.8
1296290 2320.8
1296300 2320.2
1296310 2319.9
1296320 2319.9
1296330 2320.8
1296340 2321.5
1296350 2321.5
1296360 2321.5
1296370 2321.7
1296380 2322.0
1296390 2322.0
1296400 2322.6
1296410 2326.1
1296420 2326.1
1296430 2326.5
1296440 2328.0
1296450 2328.0
1296460 2329.8
1296470 2331.6
1296480 2331.6
1296490 2333.2
1296500 2334.8
1296510 2334.8
1296520 2335.5
1296530 2334.4
1296540 2335.0
1296550 2334.0
1296560 2333.4
1296570 2333.4
1296580 2333.5
1296590 2333.9
1296600 2334.5
1296610 2334.5
1296620 2335.1
1296630 2334.8
1296640 2334.8
1296650 2334.1
1296660 2332.8
1296670 2332.8
1296680 2330.2
1296690 2326.5
1296700 2326.5
1296710 2321.5
1296720 2316.3
1296730 2316.3
1296740 2309.6
1296750 2302.4
1296760 2302.4
1296770 2296.4
1296780 2289.8
1296790 2289.8
1296800 2284.4
1296810 2279.9
1296820 2275.4
1296830 2275.4
1296840 2269.3
1296850 2263.2
1296860 2263.2
1296870 2258.0
1296880 2253.9
1296890 2253.9
1296900 2251.3
1296910 2249.7
1296920 2249.7
1296930 2248.5
1296940 2247.3
1296950 2247.3
1296960 2245.7
1296970 2243.9
1296980 2243.9
1296990 2242.1
1297000 2240.2
1297010 2240.2
1297020 2238.4
1297030 2236.7
1297040 2235.1
1297050 2235.1
1297060 2232.6
1297070 2229.4
1297080 2229.4
1297090 2228.1
1297100 2226.8
1297110 2226.8
1297120 2224.8
1297130 2221.4
1297140 2221.4
1297150 2215.1
1297160 2210.0
1297170 2210.0
1297180 2205.4
1297190 2200.4
1297200 2200.4
1297210 2196.1
1297220 2190.7
1297230 2190.7
1297240 2187.5
1297250 2184.8
1297260 2183.0
1297270 2183.0
1297280 2182.0
1297290 2181.4
1297300 2181.4
1297310 2181.0
1297320 2180.4
1297330 2180.4
1297340 2180.1
1297350 2180.0
1297360 2180.0
1297370 2179.9
1297380 2178.9
1297390 2178.9
1297400 2177.8
1297410 2176.9
1297420 2176.9
1297430 2174.8
1297440 2171.5
1297450 2171.5
1297460 2167.9
1297470 2164.5
1297480 2161.6
1297490 2161.6
1297500 2158.0
1297510 2154.4
1297520 2154.4
1297530 2150.0
1297540 2146.5
1297550 2146.5
1297560 2144.0
1297570 2141.7
1297580 2141.7
1297590 2139.2
1297600 2137.1
1297610 2137.1
1297620 2135.3
1297630 2133.4
1297640 2133.4
1297650 2131.4
1297660 2128.8
1297670 2128.8
1297680 2125.7
1297690 2122.6
1297700 2120.0
1297710 2120.0
1297720 2117.7
1297730 2115.6
1297740 2115.6
1297750 2113.7
1297760 2111.7
1297770 2111.7
1297780 2108.9
1297790 2106.3
1297800 2106.3
1297810 2103.9
1297820 2101.8
1297830 2101.8
1297840 2099.7
1297850 2097.7
1297860 2097.7
1297870 2095.8
1297880 2093.7
1297890 2093.7
1297900 2090.3
1297910 2088.2
1297920 2086.2
1297930 2086.2
1297940 2084.3
1297950 2082.5
1297960 2082.5
1297970 2080.3
1297980 2078.0
1297990 2078.0
1298000 2074.8
1298010 2070.8
1298020 2070.8
1298030 2069.8
1298040 2069.3
1298050 2069.3
1298060 2068.9
1298070 2068.6
1298080 2068.6
1298090 2068.2
1298100 2067.7
1298110 2067.7
1298120 2067.1
1298130 2066.1
1298140 2065.0
1298150 2065.0
1298160 2064.4
1298170 2064.2
1298180 2064.2
1298190 2063.5
1298200 2059.7
1298210 2059.7
1298220 2054.4
1298230 2049.4
1298240 2049.4
1298250 2044.7
1298260 2040.1
1298270 2040.1
1298280 2036.8
1298290 2037.2
1298300 2037.2
1298310 2036.2
1298320 2031.6
1298330 2031.6
1298340 2027.7
1298350 2027.6
1298360 2023.7
1298370 2023.7
1298380 2020.3
1298390 2016.0
1298400 2016.0
1298410 2010.3
1298420 2004.9
1298430 2004.9
1298440 1999.8
1298450 1994.8
1298460 1994.8
1298470 1989.5
1298480 1984.5
1298490 1984.5
1298500 1980.6
1298510 1979.2
1298520 1979.2
1298530 1980.3
1298540 1982.1
1298550 1982.1
1298560 1985.3
1298570 1983.9
1298580 1977.5
1298590 1977.5
1298600 1976.3
1298610 1973.3
1298620 1973.3
1298630 1971.6
1298640 1971.9
1298650 1971.9
1298660 1972.9
1298670 1975.1
1298680 1975.1
1298690 1978.4
1298700 1982.7
1298710 1982.7
1298720 1987.0
1298730 1988.1
1298740 1988.1
1298750 1984.0
1298760 1979.5
1298770 1979.5
1298780 1980.7
1298790 1982.5
1298800 1981.3
1298810 1981.3
1298820 1973.3
1298830 1959.5
1298840 1959.5
1298850 1941.4
1298860 1932.5
1298870 1932.5
1298880 1929.4
1298890 1917.5
1298900 1917.5
1298910 1910.7
1298920 1907.3
1298930 1907.3
1298940 1903.8
1298950 1901.3
1298960 1901.3
1298970 1897.6
1298980 1892.3
1298990 1892.3
1299000 1884.9
1299010 1878.7
1299020 1878.7
1299030 1873.9
1299040 1868.6
1299050 1861.8
1299060 1861.8
1299070 1857.7
1299080 1852.7
1299090 1852.7
1299100 1845.8
1299110 1836.6
1299120 1836.6
1299130 1826.1
1299140 1816.0
1299150 1816.0
1299160 1801.4
1299170 1790.9
1299180 1790.9
1299190 1783.8
1299200 1778.1
1299210 1778.1
1299220 1774.4
1299230 1771.3
1299240 1771.3
1299250 1767.8
1299260 1765.9
1299270 1765.6
1299280 1765.6
1299290 1764.8
1299300 1766.4
1299310 1766.4
1299320 1765.5
1299330 1764.7
1299340 1764.7
1299350 1761.7
1299360 1758.4
1299370 1758.4
1299380 1757.4
1299390 1756.1
1299400 1756.1
1299410 1755.6
1299420 1755.3
1299430 1755.3
1299440 1754.9
1299450 1753.1
1299460 1753.1
1299470 1752.3
1299480 1751.1
1299490 1750.0
1299500 1750.0
1299510 1749.5
1299520 1751.6
1299530 1751.6
1299540 1752.7
1299550 1756.2
1299560 1756.2
1299570 1757.8
1299580 1758.9
1299590 1758.9
1299600 1760.4
1299610 1762.7
1299620 1762.7
1299630 1763.3
1299640 1764.5
1299650 1764.5
1299660 1767.2
1299670 1769.8
1299680 1769.8
1299690 1771.7
1299700 1773.1
1299710 1774.9
1299720 1774.9
1299730 1776.8
1299740 1779.3
1299750 1779.3
1299760 1781.7
1299770 1783.3
1299780 1783.3
1299790 1785.2
1299800 1789.3
1299810 1789.3
1299820 1794.2
1299830 1799.5
1299840 1799.5
1299850 1804.5
1299860 1808.8
1299870 1808.8
1299880 1812.2
1299890 1817.1
1299900 1817.1
1299910 1821.9
1299920 1828.4
1299930 1833.2
1299940 1833.2
1299950 1843.0
1299960 1847.2
1299970 1847.2
1299980 1851.7
1299990 1857.1
