1280000 1934.6
1280010 1934.7
1280020 1934.7
1280030 1933.0
1280040 1927.3
1280050 1927.3
1280060 1920.5
1280070 1913.8
1280080 1913.8
1280090 1908.0
1280100 1902.8
1280110 1902.8
1280120 1899.9
1280130 1899.8
1280140 1899.8
1280150 1899.9
1280160 1893.1
1280170 1893.1
1280180 1885.0
1280190 1886.1
1280200 1886.1
1280210 1892.3
1280220 1887.9
1280230 1875.6
1280240 1875.6
1280250 1870.4
1280260 1865.5
1280270 1865.5
1280280 1860.3
1280290 1852.6
1280300 1852.6
1280310 1846.6
1280320 1842.8
1280330 1842.8
1280340 1836.3
1280350 1828.1
1280360 1828.1
1280370 1818.6
1280380 1809.1
1280390 1809.1
1280400 1803.1
1280410 1798.5
1280420 1798.5
1280430 1793.8
1280440 1789.2
1280450 1785.1
1280460 1785.1
1280470 1775.2
1280480 1771.0
1280490 1771.0
1280500 1766.3
1280510 1761.1
1280520 1761.1
1280530 1755.5
1280540 1751.2
1280550 1751.2
1280560 1748.0
1280570 1744.4
1280580 1744.4
1280590 1739.7
1280600 1734.5
1280610 1734.5
1280620 1730.7
1280630 1727.7
1280640 1727.7
1280650 1724.4
1280660 1721.0
1280670 1717.6
1280680 1717.6
1280690 1714.4
1280700 1711.6
1280710 1711.6
1280720 1709.1
1280730 1706.3
1280740 1706.3
1280750 1702.9
1280760 1698.1
1280770 1698.1
1280780 1692.9
1280790 1685.1
1280800 1685.1
1280810 1672.5
1280820 1663.0
1280830 1663.0
1280840 1655.1
1280850 1655.8
1280860 1655.8
1280870 1664.0
1280880 1672.1
1280890 1680.1
1280900 1680.1
1280910 1683.2
1280920 1683.0
1280930 1683.0
1280940 1682.3
1280950 1681.2
1280960 1681.2
1280970 1679.5
1280980 1673.0
1280990 1673.0
1281000 1664.6
1281010 1662.3
1281020 1662.3
1281030 1659.6
1281040 1659.8
1281050 1659.8
1281060 1661.7
1281070 1665.2
1281080 1665.2
1281090 1672.0
1281100 1684.3
1281110 1690.7
1281120 1690.7
1281130 1699.6
1281140 1708.7
1281150 1708.7
1281160 1716.5
1281170 1723.8
1281180 1723.8
1281190 1729.8
1281200 1735.1
1281210 1735.1
1281220 1741.0
1281230 1746.8
1281240 1746.8
1281250 1752.7
1281260 1758.7
1281270 1758.7
1281280 1764.1
1281290 1770.6
1281300 1770.6
1281310 1778.2
1281320 1785.1
1281330 1791.6
1281340 1791.6
1281350 1798.3
1281360 1805.6
1281370 1805.6
1281380 1813.0
1281390 1820.6
1281400 1820.6
1281410 1827.6
1281420 1834.9
1281430 1834.9
1281440 1841.7
1281450 1848.8
1281460 1848.8
1281470 1855.7
1281480 1862.4
1281490 1862.4
1281500 1869.3
1281510 1876.0
1281520 1876.0
1281530 1883.0
1281540 1890.2
1281550 1897.4
1281560 1897.4
1281570 1904.4
1281580 1911.3
1281590 1911.3
1281600 1918.2
1281610 1924.8
1281620 1924.8
1281630 1931.4
1281640 1938.5
1281650 1938.5
1281660 1944.6
1281670 1950.4
1281680 1950.4
1281690 1955.4
1281700 1960.5
1281710 1960.5
1281720 1968.4
1281730 1973.6
1281740 1973.6
1281750 1979.2
1281760 1984.9
1281770 1990.5
1281780 1990.5
1281790 1996.0
1281800 2001.3
1281810 2001.3
1281820 2006.1
1281830 2010.8
1281840 2010.8
1281850 2016.1
1281860 2021.6
1281870 2021.6
1281880 2026.9
1281890 2032.0
1281900 2032.0
1281910 2036.9
1281920 2041.8
1281930 2041.8
1281940 2045.8
1281950 2048.9
1281960 2048.9
1281970 2051.5
1281980 2053.8
1281990 2056.5
1282000 2056.5
1282010 2059.0
1282020 2060.3
1282030 2060.3
1282040 2059.9
1282050 2053.8
1282060 2053.8
1282070 2043.6
1282080 2035.4
1282090 2035.4
1282100 2027.2
1282110 2018.9
1282120 2018.9
1282130 2012.0
1282140 2005.9
1282150 2005.9
1282160 2000.7
1282170 1994.2
1282180 1994.2
1282190 1985.8
1282200 1974.7
1282210 1974.7
1282220 1965.4
1282230 1956.0
1282240 1947.8
1282250 1947.8
1282260 1941.2
1282270 1935.3
1282280 1935.3
1282290 1929.0
1282300 1926.8
1282310 1926.8
1282320 1924.3
1282330 1922.1
1282340 1922.1
1282350 1916.5
1282360 1922.3
1282370 1922.3
1282380 1924.9
1282390 1926.6
1282400 1926.6
1282410 1928.1
1282420 1924.4
1282430 1924.4
1282440 1917.3
1282450 1903.5
1282460 1888.4
1282470 1888.4
1282480 1873.6
1282490 1865.2
1282500 1865.2
1282510 1859.1
1282520 1853.1
1282530 1853.1
1282540 1848.3
1282550 1845.6
1282560 1845.6
1282570 1843.5
1282580 1839.3
1282590 1839.3
1282600 1833.3
1282610 1826.0
1282620 1826.0
1282630 1818.0
1282640 1810.8
1282650 1810.8
1282660 1803.0
1282670 1797.5
1282680 1799.2
1282690 1799.2
1282700 1802.3
1282710 1804.4
1282720 1804.4
1282730 1804.8
1282740 1803.0
1282750 1803.0
1282760 1800.1
1282770 1797.7
1282780 1797.7
1282790 1795.1
1282800 1791.9
1282810 1791.9
1282820 1787.9
1282830 1783.0
1282840 1783.0
1282850 1778.0
1282860 1773.2
1282870 1773.2
1282880 1766.8
1282890 1761.3
1282900 1758.2
1282910 1758.2
1282920 1758.3
1282930 1756.6
1282940 1756.6
1282950 1755.5
1282960 1754.1
1282970 1754.1
1282980 1747.5
1282990 1746.5
1283000 1746.5
1283010 1745.1
1283020 1744.2
1283030 1744.2
1283040 1744.5
1283050 1745.3
1283060 1745.3
1283070 1745.7
1283080 1744.3
1283090 1744.3
1283100 1742.9
1283110 1744.1
1283120 1746.3
1283130 1746.3
1283140 1747.4
1283150 1748.6
1283160 1748.6
1283170 1749.6
1283180 1750.3
1283190 1750.3
1283200 1751.3
1283210 1752.4
1283220 1752.4
1283230 1754.0
1283240 1755.8
1283250 1755.8
1283260 1757.5
1283270 1759.7
1283280 1759.7
1283290 1762.9
1283300 1766.8
1283310 1766.8
1283320 1769.4
1283330 1771.8
1283340 1775.2
1283350 1775.2
1283360 1777.8
1283370 1776.5
1283380 1776.5
1283390 1775.6
1283400 1780.1
1283410 1780.1
1283420 1784.6
1283430 1787.6
1283440 1787.6
1283450 1789.4
1283460 1790.4
1283470 1790.4
1283480 1792.4
1283490 1794.7
1283500 1794.7
1283510 1797.3
1283520 1799.6
1283530 1799.6
1283540 1802.3
1283550 1804.8
1283560 1807.5
1283570 1807.5
1283580 1810.5
1283590 1812.6
1283600 1812.6
1283610 1819.5
1283620 1821.5
1283630 1821.5
1283640 1823.0
1283650 1823.9
1283660 1823.9
1283670 1825.0
1283680 1826.0
1283690 1826.0
1283700 1827.3
1283710 1829.0
1283720 1829.0
1283730 1830.6
1283740 1833.1
1283750 1833.1
1283760 1834.8
1283770 1836.0
1283780 1836.9
1283790 1836.9
1283800 1837.9
1283810 1837.0
1283820 1837.0
1283830 1837.6
1283840 1840.5
1283850 1840.5
1283860 1845.9
1283870 1850.0
1283880 1850.0
1283890 1852.9
1283900 1855.1
1283910 1855.1
1283920 1857.4
1283930 1859.4
1283940 1859.4
1283950 1861.3
1283960 1863.6
1283970 1863.6
1283980 1865.9
1283990 1866.8
1284000 1867.8
1284010 1867.8
1284020 1869.3
1284030 1870.7
1284040 1870.7
1284050 1871.5
1284060 1872.2
1284070 1872.2
1284080 1874.7
1284090 1876.8
1284100 1876.8
1284110 1879.5
1284120 1882.5
1284130 1882.5
1284140 1885.0
1284150 1887.5
1284160 1887.5
1284170 1888.4
1284180 1887.2
1284190 1887.2
1284200 1888.0
1284210 1891.4
1284220 1891.4
1284230 1893.6
1284240 1899.7
1284250 1901.0
1284260 1901.0
1284270 1903.5
1284280 1905.1
1284290 1905.1
1284300 1906.6
1284310 1909.1
1284320 1909.1
1284330 1910.6
1284340 1911.4
1284350 1911.4
1284360 1912.5
1284370 1914.1
1284380 1914.1
1284390 1914.5
1284400 1914.1
1284410 1914.1
1284420 1918.2
1284430 1920.8
1284440 1920.8
1284450 1923.1
1284460 1923.0
1284470 1922.4
1284480 1922.4
1284490 1927.8
1284500 1931.0
1284510 1931.0
1284520 1933.3
1284530 1936.4
1284540 1936.4
1284550 1940.0
1284560 1944.2
1284570 1944.2
1284580 1948.5
1284590 1953.0
1284600 1953.0
1284610 1957.3
1284620 1961.4
1284630 1961.4
1284640 1965.7
1284650 1971.0
1284660 1971.0
1284670 1978.0
1284680 1984.2
1284690 1990.9
1284700 1990.9
1284710 1997.8
1284720 2003.9
1284730 2003.9
1284740 2009.0
1284750 2014.6
1284760 2014.6
1284770 2019.9
1284780 2025.7
1284790 2025.7
1284800 2031.4
1284810 2035.8
1284820 2035.8
1284830 2040.4
1284840 2044.9
1284850 2044.9
1284860 2048.9
1284870 2055.6
1284880 2055.6
1284890 2060.1
1284900 2063.5
1284910 2067.9
1284920 2067.9
1284930 2072.1
1284940 2075.5
1284950 2075.5
1284960 2079.3
1284970 2083.6
1284980 2083.6
1284990 2087.5
1285000 2092.1
1285010 2092.1
1285020 2096.1
1285030 2099.9
1285040 2099.9
1285050 2104.4
1285060 2108.9
1285070 2108.9
1285080 2112.8
1285090 2117.1
1285100 2117.1
1285110 2122.7
1285120 2128.6
1285130 2134.0
1285140 2134.0
1285150 2138.9
1285160 2143.5
1285170 2143.5
1285180 2147.6
1285190 2151.5
1285200 2151.5
1285210 2156.5
1285220 2162.7
1285230 2162.7
1285240 2168.4
1285250 2173.9
1285260 2173.9
1285270 2178.6
1285280 2182.8
1285290 2182.8
1285300 2187.3
1285310 2192.7
1285320 2192.7
1285330 2198.1
1285340 2202.6
1285350 2206.3
1285360 2206.3
1285370 2210.8
1285380 2217.5
1285390 2217.5
1285400 2224.6
1285410 2230.8
1285420 2230.8
1285430 2236.0
1285440 2240.5
1285450 2240.5
1285460 2244.8
1285470 2249.3
1285480 2249.3
1285490 2255.7
1285500 2261.2
1285510 2260.0
1285520 2264.9
1285530 2269.9
1285540 2269.9
1285550 2275.8
1285560 2283.2
1285570 2288.7
1285580 2288.7
1285590 2292.5
1285600 2296.3
1285610 2296.3
1285620 2299.9
1285630 2303.3
1285640 2303.3
1285650 2307.1
1285660 2311.1
1285670 2311.1
1285680 2315.1
1285690 2318.6
1285700 2318.6
1285710 2322.9
1285720 2327.8
1285730 2327.8
1285740 2332.0
1285750 2335.0
1285760 2335.0
1285770 2338.4
1285780 2342.4
1285790 2347.1
1285800 2347.1
1285810 2352.3
1285820 2358.2
1285830 2358.2
1285840 2364.3
1285850 2371.0
1285860 2371.0
1285870 2377.9
1285880 2383.0
1285890 2383.0
1285900 2387.3
1285910 2392.2
1285920 2392.2
1285930 2399.8
1285940 2409.3
1285950 2409.3
1285960 2417.6
1285970 2424.9
1285980 2424.9
1285990 2432.9
1286000 2441.2
1286010 2446.3
1286020 2446.3
1286030 2430.6
1286040 2407.4
1286050 2407.4
1286060 2395.7
1286070 2387.8
1286080 2387.8
1286090 2379.4
1286100 2371.6
1286110 2371.6
1286120 2364.6
1286130 2356.5
1286140 2356.5
1286150 2348.5
1286160 2343.2
1286170 2343.2
1286180 2338.1
1286190 2331.2
1286200 2331.2
1286210 2323.7
1286220 2317.3
1286230 2317.3
1286240 2311.5
1286250 2305.5
1286260 2299.6
1286270 2299.6
1286280 2293.8
1286290 2288.2
1286300 2288.2
1286310 2282.7
1286320 2278.0
1286330 2278.0
1286340 2274.3
1286350 2273.8
1286360 2273.8
1286370 2276.8
1286380 2279.7
1286390 2279.7
1286400 2281.8
1286410 2282.5
1286420 2282.5
1286430 2285.3
1286440 2289.1
1286450 2289.1
1286460 2293.2
1286470 2291.1
1286480 2285.0
1286490 2285.0
1286500 2276.3
1286510 2268.5
1286520 2268.5
1286530 2265.1
1286540 2264.2
1286550 2264.2
1286560 2262.9
1286570 2264.6
1286580 2264.6
1286590 2259.8
1286600 2252.8
1286610 2252.8
1286620 2248.1
1286630 2243.5
1286640 2243.5
1286650 2238.5
1286660 2236.2
1286670 2236.2
1286680 2236.4
1286690 2234.5
1286700 2230.4
1286710 2230.4
1286720 2225.5
1286730 2223.3
1286740 2223.3
1286750 2223.4
1286760 2223.1
1286770 2223.1
1286780 2219.1
1286790 2215.9
1286800 2215.9
1286810 2210.1
1286820 2200.0
1286830 2200.0
1286840 2191.2
1286850 2180.4
1286860 2180.4
1286870 2170.4
1286880 2163.6
1286890 2163.6
1286900 2162.9
1286910 2162.5
1286920 2157.5
1286930 2157.5
1286940 2153.2
1286950 2147.1
1286960 2147.1
1286970 2139.6
1286980 2133.0
1286990 2133.0
1287000 2126.2
1287010 2119.8
1287020 2119.8
1287030 2115.1
1287040 2109.8
1287050 2109.8
1287060 2103.5
1287070 2097.3
1287080 2097.3
1287090 2092.2
1287100 2087.2
1287110 2087.2
1287120 2081.9
1287130 2077.3
1287140 2073.2
1287150 2073.2
1287160 2068.2
1287170 2063.3
1287180 2063.3
1287190 2060.3
1287200 2058.3
1287210 2058.3
1287220 2056.3
1287230 2053.5
1287240 2053.5
1287250 2050.1
1287260 2048.8
1287270 2048.8
1287280 2047.8
1287290 2043.9
1287300 2043.9
1287310 2040.1
1287320 2033.6
1287330 2033.6
1287340 2026.1
1287350 2019.0
1287360 2012.0
1287370 2012.0
1287380 2004.6
1287390 1998.5
1287400 1998.5
1287410 1994.1
1287420 1988.3
1287430 1988.2
1287440 1981.0
1287450 1974.3
1287460 1974.3
1287470 1968.4
1287480 1963.5
1287490 1963.5
1287500 1958.0
1287510 1952.5
1287520 1952.5
1287530 1947.2
1287540 1942.8
1287550 1942.8
1287560 1937.7
1287570 1930.8
1287580 1922.7
1287590 1922.7
1287600 1916.6
1287610 1912.3
1287620 1912.3
1287630 1907.7
1287640 1910.3
1287650 1910.3
1287660 1916.2
1287670 1922.0
1287680 1922.0
1287690 1927.1
1287700 1931.9
1287710 1931.9
1287720 1937.0
1287730 1944.8
1287740 1944.8
1287750 1953.7
1287760 1963.5
1287770 1963.5
1287780 1973.6
1287790 1982.4
1287800 1990.9
1287810 1990.9
1287820 1997.6
1287830 2002.9
1287840 2002.9
1287850 2007.6
1287860 2011.4
1287870 2011.4
1287880 2013.6
1287890 2013.6
1287900 2013.6
1287910 2012.8
1287920 2015.4
1287930 2015.4
1287940 2022.3
1287950 2030.9
1287960 2030.9
1287970 2039.1
1287980 2047.2
1287990 2047.2
1288000 2054.7
1288010 2062.0
1288020 2069.1
1288030 2069.1
1288040 2076.2
1288050 2083.5
1288060 2083.5
1288070 2092.3
1288080 2099.6
1288090 2099.6
1288100 2106.5
1288110 2113.5
1288120 2113.5
1288130 2120.5
1288140 2127.6
1288150 2127.6
1288160 2134.3
1288170 2139.8
1288180 2139.8
1288190 2140.7
1288200 2134.6
1288210 2134.6
1288220 2129.0
1288230 2116.7
1288240 2102.6
1288250 2102.6
1288260 2097.5
1288270 2101.7
1288280 2101.7
1288290 2104.4
1288300 2108.0
1288310 2108.0
1288320 2104.4
1288330 2097.7
1288340 2097.7
1288350 2090.2
1288360 2085.8
1288370 2085.8
1288380 2072.7
1288390 2048.4
1288400 2048.4
1288410 2046.1
1288420 2060.9
1288430 2060.9
1288440 2063.1
1288450 2056.7
1288460 2056.7
1288470 2051.1
1288480 2045.0
1288490 2036.9
1288500 2036.9
1288510 2026.3
1288520 2013.7
1288530 2013.7
1288540 2009.2
1288550 2016.2
1288560 2016.2
1288570 2021.1
1288580 2014.3
1288590 2014.3
1288600 2007.4
1288610 1998.9
1288620 1998.9
1288630 2004.9
1288640 2003.5
1288650 2003.5
1288660 2001.5
1288670 2005.1
1288680 2005.1
1288690 2010.2
1288700 2015.4
1288710 2015.9
1288720 2011.0
1288730 2006.7
1288740 2001.4
1288750 2001.4
1288760 1995.6
1288770 1989.8
1288780 1989.8
1288790 1984.6
1288800 1980.9
1288810 1980.9
1288820 1977.4
1288830 1971.9
1288840 1971.9
1288850 1965.4
1288860 1957.5
1288870 1957.5
1288880 1950.4
1288890 1944.1
1288900 1944.1
1288910 1939.1
1288920 1934.9
1288930 1932.4
1288940 1932.4
1288950 1932.2
1288960 1933.0
1288970 1933.0
1288980 1933.0
1288990 1931.6
1289000 1931.6
1289010 1928.6
1289020 1923.8
1289030 1923.8
1289040 1918.2
1289050 1912.0
1289060 1912.0
1289070 1905.4
1289080 1898.3
1289090 1898.3
1289100 1890.5
1289110 1882.5
1289120 1882.5
1289130 1875.0
1289140 1868.0
1289150 1861.5
1289160 1861.5
1289170 1854.3
1289180 1846.6
1289190 1846.6
1289200 1839.3
1289210 1828.1
1289220 1828.1
1289230 1812.5
1289240 1803.3
1289250 1803.3
1289260 1794.9
1289270 1786.7
1289280 1786.7
1289290 1779.1
1289300 1772.9
1289310 1772.9
1289320 1766.6
1289330 1760.1
1289340 1760.1
1289350 1753.5
1289360 1745.7
1289370 1735.7
1289380 1735.7
1289390 1728.2
1289400 1721.8
1289410 1721.8
1289420 1715.3
1289430 1711.0
1289440 1711.0
1289450 1705.8
1289460 1700.4
1289470 1700.4
1289480 1696.9
1289490 1692.5
1289500 1692.5
1289510 1687.3
1289520 1682.8
1289530 1682.8
1289540 1677.9
1289550 1667.0
1289560 1667.0
1289570 1652.7
1289580 1643.3
1289590 1635.0
1289600 1635.0
1289610 1626.9
1289620 1618.9
1289630 1618.9
1289640 1611.9
1289650 1604.5
1289660 1604.5
1289670 1597.8
1289680 1591.6
1289690 1591.6
1289700 1585.9
1289710 1580.6
1289720 1580.6
1289730 1575.7
1289740 1571.2
1289750 1571.2
1289760 1567.1
1289770 1562.5
1289780 1562.5
1289790 1557.6
1289800 1552.9
1289810 1549.7
1289820 1549.7
1289830 1546.7
1289840 1543.7
1289850 1543.7
1289860 1541.2
1289870 1539.0
1289880 1539.0
1289890 1537.3
1289900 1535.7
1289910 1535.7
1289920 1534.0
1289930 1532.5
1289940 1532.5
1289950 1531.2
1289960 1530.2
1289970 1530.2
1289980 1529.2
1289990 1528.4
1290000 1528.4
1290010 1527.7
1290020 1523.8
1290030 1522.3
1290040 1522.3
1290050 1520.4
1290060 1515.6
1290070 1515.6
1290080 1514.9
1290090 1513.9
1290100 1513.9
1290110 1511.2
1290120 1513.8
1290130 1513.8
1290140 1522.0
1290150 1530.9
1290160 1530.9
1290170 1539.9
1290180 1547.9
1290190 1547.9
1290200 1553.5
1290210 1557.9
1290220 1557.9
1290230 1562.1
1290240 1565.8
1290250 1568.6
1290260 1568.6
1290270 1571.2
1290280 1573.5
1290290 1573.5
1290300 1576.2
1290310 1578.9
1290320 1578.9
1290330 1581.1
1290340 1583.0
1290350 1583.0
1290360 1585.3
1290370 1588.8
1290380 1588.8
1290390 1592.9
1290400 1597.1
1290410 1597.1
1290420 1601.4
1290430 1605.4
1290440 1605.4
1290450 1608.8
1290460 1612.5
1290470 1616.8
1290480 1616.8
1290490 1621.2
1290500 1626.0
1290510 1626.0
1290520 1630.6
1290530 1634.8
1290540 1634.8
1290550 1638.7
1290560 1642.7
1290570 1642.7
1290580 1647.1
1290590 1652.1
1290600 1652.1
1290610 1657.8
1290620 1664.3
1290630 1664.3
1290640 1670.8
1290650 1677.4
1290660 1677.4
1290670 1684.7
1290680 1692.3
1290690 1699.2
1290700 1699.2
1290710 1706.0
1290720 1712.4
1290730 1712.4
1290740 1719.1
1290750 1726.9
1290760 1726.9
1290770 1734.8
1290780 1741.5
1290790 1741.5
1290800 1748.7
1290810 1757.3
1290820 1757.3
1290830 1767.4
1290840 1776.5
1290850 1776.5
1290860 1786.1
1290870 1796.4
1290880 1796.4
1290890 1804.6
1290900 1813.0
1290910 1813.0
1290920 1822.2
1290930 1832.1
1290940 1840.8
1290950 1840.8
1290960 1849.0
1290970 1857.6
1290980 1857.6
1290990 1866.6
1291000 1874.8
1291010 1874.8
1291020 1881.9
1291030 1889.5
1291040 1889.5
1291050 1897.5
1291060 1905.5
1291070 1905.5
1291080 1912.4
1291090 1918.4
1291100 1918.4
1291110 1925.3
1291120 1935.1
1291130 1935.1
1291140 1943.1
1291150 1946.9
1291160 1952.2
1291170 1952.2
1291180 1958.9
1291190 1965.9
1291200 1965.9
1291210 1969.7
1291220 1973.5
1291230 1973.5
1291240 1978.9
1291250 1985.4
1291260 1985.4
1291270 1991.9
1291280 1997.2
1291290 1997.2
1291300 2002.0
1291310 2006.9
1291320 2006.9
1291330 2015.7
1291340 2021.1
1291350 2021.1
1291360 2026.2
1291370 2031.2
1291380 2035.8
1291390 2035.8
1291400 2040.6
1291410 2044.7
1291420 2044.7
1291430 2049.1
1291440 2052.0
1291450 2052.0
1291460 2054.8
1291470 2058.5
1291480 2058.5
1291490 2061.3
1291500 2064.6
1291510 2064.6
1291520 2067.8
1291530 2071.3
1291540 2071.3
1291550 2074.2
1291560 2076.6
1291570 2076.6
1291580 2079.3
1291590 2082.4
1291600 2087.5
1291610 2087.5
1291620 2092.9
1291630 2097.8
1291640 2097.8
1291650 2103.0
1291660 2107.7
1291670 2107.7
1291680 2110.4
1291690 2112.0
1291700 2112.0
1291710 2115.6
1291720 2120.3
1291730 2120.3
1291740 2127.1
1291750 2135.3
1291760 2135.3
1291770 2140.3
1291780 2137.8
1291790 2137.8
1291800 2133.1
1291810 2129.1
1291820 2126.8
1291830 2126.8
1291840 2125.4
1291850 2118.8
1291860 2118.8
1291870 2113.8
1291880 2109.6
1291890 2109.6
1291900 2099.8
1291910 2091.9
1291920 2091.9
1291930 2088.2
1291940 2084.8
1291950 2084.8
1291960 2083.1
1291970 2082.1
1291980 2082.1
1291990 2084.8
1292000 2083.8
1292010 2083.8
1292020 2083.4
1292030 2083.4
1292040 2083.8
1292050 2083.8
1292060 2084.5
1292070 2084.7
1292080 2084.7
1292090 2085.3
1292100 2086.2
1292110 2086.2
1292120 2087.1
1292130 2087.7
1292140 2087.7
1292150 2088.1
1292160 2088.7
1292170 2088.7
1292180 2089.2
1292190 2089.6
1292200 2089.6
1292210 2089.9
1292220 2089.0
1292230 2089.0
1292240 2087.7
1292250 2084.9
1292260 2083.9
1292270 2083.9
1292280 2084.5
1292290 2088.6
1292300 2088.6
1292310 2094.4
1292320 2099.1
1292330 2099.1
1292340 2103.5
1292350 2109.6
1292360 2109.6
1292370 2117.0
1292380 2124.2
1292390 2124.2
1292400 2131.2
1292410 2139.2
1292420 2139.2
1292430 2146.4
1292440 2146.3
1292450 2146.3
1292460 2144.3
1292470 2135.9
1292480 2132.2
1292490 2132.2
1292500 2130.7
1292510 2131.9
1292520 2131.9
1292530 2133.2
1292540 2130.5
1292550 2130.5
1292560 2116.3
1292570 2105.0
1292580 2105.0
1292590 2096.2
1292600 2089.3
1292610 2089.3
1292620 2080.2
1292630 2068.9
1292640 2068.9
1292650 2063.5
1292660 2055.6
1292670 2055.6
1292680 2048.9
1292690 2043.3
1292700 2037.8
1292710 2037.8
1292720 2034.5
1292730 2032.5
1292740 2032.5
1292750 2031.5
1292760 2030.4
1292770 2030.4
1292780 2030.2
1292790 2028.4
1292800 2028.4
1292810 2013.3
1292820 1996.1
1292830 1996.1
1292840 1990.0
1292850 1989.9
1292860 1989.9
1292870 1987.7
1292880 1985.0
1292890 1985.0
1292900 1980.1
1292910 1967.3
1292920 1963.3
1292930 1963.3
1292940 1965.8
1292950 1967.0
1292960 1967.0
1292970 1958.2
1292980 1942.9
1292990 1942.9
1293000 1931.6
1293010 1920.7
1293020 1920.7
1293030 1909.3
1293040 1899.2
1293050 1899.2
1293060 1892.6
1293070 1888.6
1293080 1888.6
1293090 1886.5
1293100 1883.5
1293110 1883.5
1293120 1881.3
1293130 1880.9
1293140 1878.4
1293150 1878.4
1293160 1875.9
1293170 1874.4
1293180 1874.4
1293190 1874.3
1293200 1872.5
1293210 1872.5
1293220 1864.8
1293230 1856.1
1293240 1856.1
1293250 1829.7
1293260 1805.9
1293270 1805.9
1293280 1795.9
1293290 1788.9
1293300 1788.9
1293310 1783.7
1293320 1777.3
1293330 1777.3
1293340 1771.1
1293350 1764.7
1293360 1764.7
1293370 1758.1
1293380 1753.4
1293390 1750.1
1293400 1750.1
1293410 1746.5
1293420 1742.2
1293430 1742.2
1293440 1737.8
1293450 1732.9
1293460 1732.9
1293470 1727.7
1293480 1722.3
1293490 1722.3
1293500 1717.1
1293510 1712.2
1293520 1712.2
1293530 1708.1
1293540 1704.5
1293550 1704.5
1293560 1701.5
1293570 1699.3
1293580 1699.3
1293590 1697.6
1293600 1697.3
1293610 1697.8
1293620 1697.8
1293630 1698.3
1293640 1698.8
1293650 1698.8
1293660 1699.2
1293670 1699.8
1293680 1699.8
1293690 1699.8
1293700 1699.7
1293710 1699.7
1293720 1700.1
1293730 1700.6
1293740 1700.6
1293750 1700.6
1293760 1700.6
1293770 1700.6
1293780 1701.5
1293790 1702.6
1293800 1702.6
1293810 1703.7
1293820 1704.6
1293830 1705.4
1293840 1705.4
1293850 1705.9
1293860 1706.3
1293870 1706.3
1293880 1706.8
1293890 1708.5
1293900 1708.5
1293910 1712.1
1293920 1717.9
1293930 1717.9
1293940 1724.7
1293950 1731.2
1293960 1731.2
1293970 1736.8
1293980 1743.6
1293990 1743.6
1294000 1749.2
1294010 1755.7
1294020 1755.7
1294030 1762.8
1294040 1769.7
1294050 1776.0
1294060 1776.0
1294070 1782.0
1294080 1788.5
1294090 1788.5
1294100 1795.1
1294110 1801.4
1294120 1801.4
1294130 1807.8
1294140 1814.9
1294150 1814.9
1294160 1822.6
1294170 1832.2
1294180 1832.2
1294190 1842.8
1294200 1852.6
1294210 1852.6
1294220 1863.7
1294230 1874.1
1294240 1874.1
1294250 1882.7
1294260 1892.2
1294270 1899.4
1294280 1899.4
1294290 1904.1
1294300 1907.7
1294310 1907.7
1294320 1912.4
1294330 1911.2
1294340 1911.2
1294350 1912.0
1294360 1916.5
1294370 1916.5
1294380 1922.3
1294390 1930.4
1294400 1930.4
1294410 1939.3
1294420 1944.1
1294430 1944.1
1294440 1942.6
1294450 1945.4
1294460 1945.4
1294470 1954.9
1294480 1962.9
1294490 1963.9
1294500 1963.9
1294510 1959.3
1294520 1959.7
1294530 1959.7
1294540 1964.3
1294550 1969.5
1294560 1969.5
1294570 1976.2
1294580 1984.8
1294590 1984.8
1294600 1992.9
1294610 1994.6
1294620 1994.6
1294630 1995.8
1294640 1993.2
1294650 1993.2
1294660 2000.1
1294670 2008.6
1294680 2008.6
1294690 2017.5
1294700 2026.6
1294710 2037.0
1294720 2037.0
1294730 2047.2
1294740 2059.8
1294750 2059.8
1294760 2068.8
1294770 2077.7
1294780 2077.7
1294790 2088.4
1294800 2097.4
1294810 2097.4
1294820 2107.9
1294830 2118.1
1294840 2118.1
1294850 2127.7
1294860 2136.6
1294870 2136.6
1294880 2144.5
1294890 2152.6
1294900 2152.6
1294910 2161.0
1294920 2170.7
1294930 2179.7
1294940 2179.7
1294950 2186.9
1294960 2194.0
1294970 2194.0
1294980 2202.0
1294990 2209.6
1295000 2209.6
1295010 2215.8
1295020 2219.1
1295030 2219.1
1295040 2223.0
1295050 2228.6
1295060 2228.6
1295070 2234.4
1295080 2237.1
1295090 2237.1
1295100 2237.8
1295110 2242.1
1295120 2242.1
1295130 2240.4
1295140 2234.2
1295150 2227.7
1295160 2227.7
1295170 2220.9
1295180 2220.6
1295190 2220.6
1295200 2222.5
1295210 2224.6
1295220 2224.6
1295230 2224.0
1295240 2223.9
1295250 2223.9
1295260 2225.7
1295270 2226.8
1295280 2226.8
1295290 2226.9
1295300 2231.8
1295310 2219.6
1295320 2223.6
1295330 2226.0
1295340 2226.0
1295350 2225.7
1295360 2227.2
1295370 2230.2
1295380 2230.2
1295390 2232.2
1295400 2233.8
1295410 2233.8
1295420 2236.5
1295430 2239.6
1295440 2239.6
1295450 2243.0
1295460 2246.4
1295470 2246.4
1295480 2249.3
1295490 2249.5
1295500 2249.5
1295510 2248.9
1295520 2249.3
1295530 2249.3
1295540 2250.8
1295550 2254.2
1295560 2254.2
1295570 2257.3
1295580 2260.1
1295590 2263.6
1295600 2263.6
1295610 2266.7
1295620 2269.8
1295630 2269.8
1295640 2272.7
1295650 2275.7
1295660 2275.7
1295670 2278.6
1295680 2279.6
1295690 2279.6
1295700 2281.0
1295710 2283.7
1295720 2283.7
1295730 2286.3
1295740 2288.8
1295750 2288.8
1295760 2292.1
1295770 2296.8
1295780 2296.8
1295790 2299.5
1295800 2300.3
1295810 2302.8
1295820 2302.8
1295830 2305.4
1295840 2307.7
1295850 2307.7
1295860 2310.1
1295870 2314.8
1295880 2314.8
1295890 2318.9
1295900 2322.7
1295910 2322.7
1295920 2328.8
1295930 2334.1
1295940 2334.1
1295950 2339.4
1295960 2345.6
1295970 2345.6
1295980 2344.5
1295990 2351.4
1296000 2351.4
1296010 2357.7
1296020 2360.4
1296030 2360.4
1296040 2358.8
1296050 2355.9
1296060 2352.7
1296070 2352.7
1296080 2349.5
1296090 2347.0
1296100 2347.0
1296110 2346.4
1296120 2347.6
1296130 2347.6
1296140 2349.7
1296150 2351.3
1296160 2351.3
1296170 2352.5
1296180 2350.6
1296190 2350.6
1296200 2347.1
1296210 2342.5
1296220 2342.5
1296230 2339.0
1296240 2338.2
1296250 2338.2
1296260 2338.0
1296270 2338.0
1296280 2338.0
1296290 2338.0
1296300 2338.0
1296310 2338.0
1296320 2338.0
1296330 2337.9
1296340 2337.8
1296350 2337.8
1296360 2337.8
1296370 2337.8
1296380 2337.8
1296390 2337.8
1296400 2337.8
1296410 2337.8
1296420 2338.5
1296430 2341.1
1296440 2341.1
1296450 2343.6
1296460 2344.7
1296470 2344.7
1296480 2346.7
1296490 2350.7
1296500 2353.3
1296510 2353.3
1296520 2353.4
1296530 2353.1
1296540 2353.1
1296550 2352.7
1296560 2353.0
1296570 2353.0
1296580 2352.3
1296590 2351.7
1296600 2351.7
1296610 2351.3
1296620 2349.5
1296630 2349.5
1296640 2346.8
1296650 2334.5
1296660 2334.5
1296670 2328.1
1296680 2321.9
1296690 2321.9
1296700 2315.2
1296710 2309.0
1296720 2304.3
1296730 2304.3
1296740 2301.2
1296750 2298.1
1296760 2298.1
1296770 2294.1
1296780 2290.1
1296790 2290.1
1296800 2286.0
1296810 2282.3
1296820 2282.3
1296830 2278.9
1296840 2275.0
1296850 2275.0
1296860 2271.1
1296870 2266.9
1296880 2266.9
1296890 2263.7
1296900 2263.3
1296910 2263.3
1296920 2262.6
1296930 2260.0
1296940 2252.9
1296950 2252.9
1296960 2248.5
1296970 2246.6
1296980 2246.6
1296990 2244.9
1297000 2243.1
1297010 2243.1
1297020 2241.3
1297030 2241.1
1297040 2241.1
1297050 2242.9
1297060 2244.2
1297070 2244.2
1297080 2244.4
1297090 2242.1
1297100 2242.1
1297110 2237.1
1297120 2233.4
1297130 2233.4
1297140 2230.7
1297150 2226.9
1297160 2221.8
1297170 2221.8
1297180 2216.0
1297190 2210.5
1297200 2210.5
1297210 2206.4
1297220 2204.9
1297230 2204.9
1297240 2203.9
1297250 2202.8
1297260 2202.8
1297270 2201.2
1297280 2198.8
1297290 2198.8
1297300 2196.7
1297310 2194.5
1297320 2194.5
1297330 2194.9
1297340 2193.9
1297350 2193.9
1297360 2191.5
1297370 2189.8
1297380 2189.3
1297390 2189.3
1297400 2189.9
1297410 2191.2
1297420 2191.2
1297430 2190.9
1297440 2187.5
1297450 2187.5
1297460 2184.1
1297470 2178.1
1297480 2178.1
1297490 2170.6
1297500 2165.5
1297510 2165.5
1297520 2161.8
1297530 2158.0
1297540 2158.0
1297550 2155.1
1297560 2152.3
1297570 2152.3
1297580 2149.3
1297590 2145.5
1297600 2141.3
1297610 2141.3
1297620 2137.5
1297630 2134.5
1297640 2134.5
1297650 2132.0
1297660 2129.6
1297670 2129.6
1297680 2126.9
1297690 2123.8
1297700 2123.8
1297710 2120.2
1297720 2116.6
1297730 2116.6
1297740 2113.6
1297750 2110.9
1297760 2110.9
1297770 2108.5
1297780 2106.5
1297790 2106.5
1297800 2105.1
1297810 2103.4
1297820 2102.1
1297830 2102.1
1297840 2101.2
1297850 2099.9
1297860 2099.9
1297870 2098.4
1297880 2096.6
1297890 2096.6
1297900 2094.9
1297910 2093.9
1297920 2093.9
1297930 2092.4
1297940 2090.8
1297950 2090.8
1297960 2089.3
1297970 2088.0
1297980 2088.0
1297990 2086.9
1298000 2086.3
1298010 2088.4
1298020 2087.5
1298030 2086.6
1298040 2085.5
1298050 2085.5
1298060 2083.1
1298070 2080.2
1298080 2080.2
1298090 2077.9
1298100 2078.3
1298110 2078.3
1298120 2079.7
1298130 2077.6
1298140 2077.6
1298150 2073.1
1298160 2067.1
1298170 2067.1
1298180 2060.9
1298190 2054.7
1298200 2054.7
1298210 2050.1
1298220 2048.2
1298230 2048.2
1298240 2049.1
1298250 2050.0
1298260 2047.8
1298270 2047.8
1298280 2043.3
1298290 2040.0
1298300 2040.0
1298310 2040.5
1298320 2038.4
1298330 2038.4
1298340 2033.3
1298350 2025.6
1298360 2025.6
1298370 2019.3
1298380 2014.8
1298390 2014.8
1298400 2010.5
1298410 2005.7
1298420 2005.7
1298430 2001.5
1298440 1996.6
1298450 1996.6
1298460 1990.2
1298470 1984.6
1298480 1984.6
1298490 1981.2
1298500 1979.5
1298510 1977.2
1298520 1977.2
1298530 1975.1
1298540 1974.5
1298550 1974.5
1298560 1974.5
1298570 1974.7
1298580 1974.7
1298590 1974.7
1298600 1974.8
1298610 1974.8
1298620 1975.5
1298630 1977.6
1298640 1977.6
1298650 1981.2
1298660 1983.9
1298670 1983.9
1298680 1986.2
1298690 1986.0
1298700 1986.0
1298710 1988.4
1298720 1989.3
1298730 1983.6
1298740 1983.6
1298750 1976.7
1298760 1975.9
1298770 1975.9
1298780 1975.8
1298790 1976.1
1298800 1976.1
1298810 1976.6
1298820 1977.3
1298830 1977.3
1298840 1977.8
1298850 1977.6
1298860 1977.6
1298870 1976.3
1298880 1975.4
1298890 1975.4
1298900 1976.8
1298910 1977.8
1298920 1977.8
1298930 1976.8
1298940 1974.5
1298950 1968.6
1298960 1968.6
1298970 1962.3
1298980 1955.2
1298990 1955.2
1299000 1948.5
1299010 1941.4
1299020 1941.4
1299030 1929.7
1299040 1914.6
1299050 1914.6
1299060 1898.8
1299070 1883.5
1299080 1883.5
1299090 1869.7
1299100 1852.0
1299110 1852.0
1299120 1836.5
1299130 1830.3
1299140 1830.3
1299150 1820.9
1299160 1807.8
1299170 1791.7
1299180 1791.7
1299190 1783.1
1299200 1780.7
1299210 1780.7
1299220 1776.4
1299230 1773.5
1299240 1773.5
1299250 1773.3
1299260 1772.2
1299270 1772.2
1299280 1770.1
1299290 1769.3
1299300 1769.3
1299310 1767.4
1299320 1767.2
1299330 1767.2
1299340 1769.8
1299350 1770.9
1299360 1770.9
1299370 1770.2
1299380 1770.7
1299390 1770.4
1299400 1770.4
1299410 1769.2
1299420 1771.9
1299430 1771.9
1299440 1773.2
1299450 1773.8
1299460 1773.8
1299470 1775.8
1299480 1779.0
1299490 1779.0
1299500 1780.2
1299510 1779.6
1299520 1779.6
1299530 1779.1
1299540 1779.1
1299550 1779.1
1299560 1778.9
1299570 1779.7
1299580 1779.7
1299590 1780.1
1299600 1781.3
1299610 1784.2
1299620 1784.2
1299630 1788.3
1299640 1792.3
1299650 1792.3
1299660 1794.4
1299670 1795.3
1299680 1795.3
1299690 1798.0
1299700 1802.0
1299710 1802.0
1299720 1806.7
1299730 1810.9
1299740 1810.9
1299750 1816.2
1299760 1819.3
1299770 1819.3
1299780 1824.5
1299790 1831.5
1299800 1831.5
1299810 1836.5
1299820 1841.5
1299830 1848.0
1299840 1848.0
1299850 1857.2
1299860 1863.0
1299870 1863.0
1299880 1868.8
1299890 1874.3
1299900 1874.3
1299910 1878.3
1299920 1879.8
1299930 1879.8
1299940 1881.2
1299950 1885.7
1299960 1885.7
1299970 1892.6
1299980 1896.1
1299990 1896.1
