1280000 1994.9
1280010 2000.2
1280020 2000.2
1280030 1999.8
1280040 2003.9
1280050 2003.9
1280060 2006.9
1280070 2009.1
1280080 2009.1
1280090 2009.9
1280100 2008.8
1280110 2008.8
1280120 2008.7
1280130 2009.0
1280140 2009.0
1280150 2009.4
1280160 2011.8
1280170 2011.8
1280180 2014.0
1280190 2017.5
1280200 2019.7
1280210 2019.7
1280220 2022.2
1280230 2024.8
1280240 2024.8
1280250 2027.5
1280260 2029.2
1280270 2029.2
1280280 2031.6
1280290 2034.2
1280300 2034.2
1280310 2036.3
1280320 2037.8
1280330 2037.8
1280340 2037.9
1280350 2037.9
1280360 2037.9
1280370 2039.8
1280380 2040.8
1280390 2040.8
1280400 2041.1
1280410 2042.0
1280420 2044.0
1280430 2044.0
1280440 2047.2
1280450 2050.8
1280460 2050.8
1280470 2053.6
1280480 2055.6
1280490 2055.6
1280500 2056.2
1280510 2057.2
1280520 2057.2
1280530 2059.8
1280540 2064.1
1280550 2064.1
1280560 2067.1
1280570 2065.9
1280580 2065.9
1280590 2066.3
1280600 2068.2
1280610 2068.2
1280620 2070.8
1280630 2070.9
1280640 2068.0
1280650 2074.6
1280660 2071.9
1280670 2070.6
1280680 2070.6
1280690 2067.6
1280700 2061.7
1280710 2061.7
1280720 2056.5
1280730 2052.7
1280740 2052.7
1280750 2050.1
1280760 2049.5
1280770 2049.5
1280780 2049.8
1280790 2053.0
1280800 2053.0
1280810 2058.3
1280820 2063.7
1280830 2063.7
1280840 2068.7
1280850 2073.3
1280860 2075.2
1280870 2075.2
1280880 2077.3
1280890 2078.9
1280900 2078.9
1280910 2080.8
1280920 2083.8
1280930 2083.8
1280940 2087.1
1280950 2091.4
1280960 2091.4
1280970 2095.5
1280980 2097.4
1280990 2097.4
1281000 2098.0
1281010 2099.3
1281020 2099.3
1281030 2102.3
1281040 2105.0
1281050 2105.0
1281060 2108.6
1281070 2112.7
1281080 2114.6
1281090 2114.6
1281100 2115.1
1281110 2117.0
1281120 2117.0
1281130 2120.6
1281140 2124.8
1281150 2124.8
1281160 2128.1
1281170 2132.3
1281180 2132.3
1281190 2135.3
1281200 2137.1
1281210 2137.1
1281220 2138.3
1281230 2139.9
1281240 2139.9
1281250 2142.3
1281260 2145.8
1281270 2145.8
1281280 2150.0
1281290 2150.8
1281300 2150.8
1281310 2151.3
1281320 2152.2
1281330 2153.1
1281340 2153.1
1281350 2153.2
1281360 2153.5
1281370 2153.5
1281380 2154.6
1281390 2156.8
1281400 2156.8
1281410 2159.6
1281420 2162.3
1281430 2162.3
1281440 2165.3
1281450 2168.0
1281460 2168.0
1281470 2170.4
1281480 2172.3
1281490 2172.3
1281500 2174.2
1281510 2175.6
1281520 2175.6
1281530 2176.9
1281540 2178.6
1281550 2180.6
1281560 2180.6
1281570 2183.4
1281580 2185.5
1281590 2185.5
1281600 2187.1
1281610 2189.2
1281620 2189.2
1281630 2191.1
1281640 2192.9
1281650 2192.9
1281660 2195.0
1281670 2197.5
1281680 2197.5
1281690 2200.8
1281700 2204.4
1281710 2204.4
1281720 2207.0
1281730 2209.6
1281740 2209.6
1281750 2212.7
1281760 2216.8
1281770 2220.5
1281780 2220.5
1281790 2224.2
1281800 2228.1
1281810 2228.1
1281820 2231.8
1281830 2235.0
1281840 2235.0
1281850 2238.3
1281860 2242.1
1281870 2242.1
1281880 2246.2
1281890 2250.0
1281900 2250.1
1281910 2254.5
1281920 2258.9
1281930 2258.9
1281940 2262.9
1281950 2267.2
1281960 2267.2
1281970 2271.1
1281980 2275.1
1281990 2278.7
1282000 2278.7
1282010 2282.6
1282020 2286.3
1282030 2286.3
1282040 2289.7
1282050 2293.1
1282060 2293.1
1282070 2296.2
1282080 2299.6
1282090 2299.6
1282100 2302.7
1282110 2305.3
1282120 2305.3
1282130 2308.1
1282140 2311.3
1282150 2311.3
1282160 2314.2
1282170 2317.2
1282180 2317.2
1282190 2320.4
1282200 2323.7
1282210 2327.1
1282220 2327.1
1282230 2330.7
1282240 2334.4
1282250 2334.4
1282260 2337.9
1282270 2341.1
1282280 2341.1
1282290 2344.7
1282300 2348.2
1282310 2348.2
1282320 2351.8
1282330 2355.5
1282340 2355.5
1282350 2359.5
1282360 2363.3
1282370 2363.3
1282380 2366.9
1282390 2370.8
1282400 2370.8
1282410 2374.9
1282420 2379.0
1282430 2383.0
1282440 2383.0
1282450 2386.8
1282460 2390.7
1282470 2390.7
1282480 2394.8
1282490 2399.1
1282500 2399.1
1282510 2403.0
1282520 2406.9
1282530 2408.1
1282540 2412.1
1282550 2415.7
1282560 2415.7
1282570 2419.1
1282580 2422.8
1282590 2422.8
1282600 2426.1
1282610 2429.4
1282620 2429.4
1282630 2432.5
1282640 2431.9
1282650 2428.8
1282660 2428.8
1282670 2425.5
1282680 2420.6
1282690 2420.6
1282700 2415.4
1282710 2410.9
1282720 2410.9
1282730 2406.0
1282740 2402.5
1282750 2402.5
1282760 2399.3
1282770 2398.0
1282780 2398.0
1282790 2397.4
1282800 2398.1
1282810 2398.1
1282820 2398.4
1282830 2397.7
1282840 2397.7
1282850 2396.5
1282860 2392.7
1282870 2392.7
1282880 2387.9
1282890 2382.2
1282900 2376.8
1282910 2376.8
1282920 2371.7
1282930 2365.8
1282940 2365.8
1282950 2359.4
1282960 2356.0
1282970 2356.0
1282980 2352.5
1282990 2347.1
1283000 2347.1
1283010 2341.6
1283020 2337.3
1283030 2337.3
1283040 2335.8
1283050 2337.7
1283060 2337.7
1283070 2340.5
1283080 2342.2
1283090 2342.2
1283100 2343.0
1283110 2343.1
1283120 2342.0
1283130 2342.0
1283140 2338.5
1283150 2334.5
1283160 2348.4
1283170 2346.1
1283180 2339.9
1283190 2339.9
1283200 2334.3
1283210 2329.5
1283220 2329.5
1283230 2327.3
1283240 2328.3
1283250 2328.3
1283260 2329.1
1283270 2327.9
1283280 2327.9
1283290 2325.8
1283300 2321.5
1283310 2321.5
1283320 2318.9
1283330 2318.2
1283340 2318.6
1283350 2318.6
1283360 2320.0
1283370 2319.6
1283380 2319.6
1283390 2313.2
1283400 2305.8
1283410 2305.8
1283420 2298.0
1283430 2290.2
1283440 2290.2
1283450 2282.0
1283460 2273.7
1283470 2273.7
1283480 2266.6
1283490 2260.8
1283500 2260.8
1283510 2257.0
1283520 2254.9
1283530 2254.9
1283540 2254.5
1283550 2255.9
1283560 2253.8
1283570 2253.8
1283580 2254.6
1283590 2256.0
1283600 2256.0
1283610 2248.7
1283620 2230.2
1283630 2230.2
1283640 2220.5
1283650 2216.8
1283660 2216.8
1283670 2218.6
1283680 2221.9
1283690 2221.9
1283700 2219.8
1283710 2214.1
1283720 2214.1
1283730 2211.1
1283740 2209.5
1283750 2209.5
1283760 2211.2
1283770 2214.8
1283780 2219.3
1283790 2214.8
1283800 2220.1
1283810 2226.4
1283820 2226.4
1283830 2232.1
1283840 2234.7
1283850 2234.7
1283860 2227.1
1283870 2212.0
1283880 2212.0
1283890 2204.7
1283900 2202.8
1283910 2202.8
1283920 2206.8
1283930 2213.6
1283940 2213.6
1283950 2220.7
1283960 2227.7
1283970 2227.7
1283980 2235.3
1283990 2243.0
1284000 2250.3
1284010 2250.3
1284020 2255.5
1284030 2248.7
1284040 2248.7
1284050 2242.3
1284060 2242.0
1284070 2242.0
1284080 2245.6
1284090 2252.3
1284100 2252.3
1284110 2260.4
1284120 2268.5
1284130 2268.5
1284140 2274.3
1284150 2273.4
1284160 2273.4
1284170 2264.3
1284180 2265.6
1284190 2265.6
1284200 2267.3
1284210 2266.2
1284220 2266.2
1284230 2267.4
1284240 2274.0
1284250 2282.5
1284260 2282.5
1284270 2290.2
1284280 2297.3
1284290 2297.3
1284300 2304.4
1284310 2311.7
1284320 2311.7
1284330 2319.2
1284340 2326.7
1284350 2326.7
1284360 2333.5
1284370 2338.9
1284380 2338.9
1284390 2342.3
1284400 2346.3
1284410 2346.3
1284420 2335.3
1284430 2338.5
1284440 2338.5
1284450 2332.3
1284460 2324.7
1284470 2317.6
1284480 2317.6
1284490 2309.5
1284500 2300.8
1284510 2300.8
1284520 2292.4
1284530 2285.2
1284540 2285.2
1284550 2279.8
1284560 2275.2
1284570 2275.2
1284580 2270.7
1284590 2266.2
1284600 2266.2
1284610 2259.9
1284620 2251.6
1284630 2251.6
1284640 2244.7
1284650 2239.0
1284660 2239.0
1284670 2232.9
1284680 2226.1
1284690 2219.2
1284700 2219.2
1284710 2212.6
1284720 2205.6
1284730 2205.6
1284740 2196.0
1284750 2186.6
1284760 2186.6
1284770 2179.9
1284780 2177.4
1284790 2177.4
1284800 2178.0
1284810 2175.7
1284820 2175.7
1284830 2170.9
1284840 2166.8
1284850 2166.8
1284860 2167.6
1284870 2173.7
1284880 2173.7
1284890 2179.1
1284900 2181.5
1284910 2178.4
1284920 2178.4
1284930 2178.2
1284940 2182.8
1284950 2182.8
1284960 2188.8
1284970 2191.7
1284980 2191.7
1284990 2196.3
1285000 2202.2
1285010 2202.2
1285020 2205.2
1285030 2209.4
1285040 2209.4
1285050 2215.5
1285060 2219.3
1285070 2219.3
1285080 2225.2
1285090 2231.4
1285100 2231.4
1285110 2237.9
1285120 2244.4
1285130 2251.3
1285140 2251.3
1285150 2258.0
1285160 2264.5
1285170 2264.5
1285180 2271.3
1285190 2278.0
1285200 2278.0
1285210 2285.0
1285220 2291.9
1285230 2291.9
1285240 2298.6
1285250 2305.4
1285260 2305.4
1285270 2312.2
1285280 2318.5
1285290 2318.5
1285300 2323.8
1285310 2328.4
1285320 2328.4
1285330 2333.3
1285340 2338.8
1285350 2343.7
1285360 2343.7
1285370 2347.4
1285380 2350.0
1285390 2350.0
1285400 2351.8
1285410 2356.1
1285420 2356.1
1285430 2360.1
1285440 2361.6
1285450 2361.6
1285460 2360.4
1285470 2358.9
1285480 2358.9
1285490 2357.6
1285500 2357.2
1285510 2357.2
1285520 2356.0
1285530 2356.0
1285540 2356.0
1285550 2361.3
1285560 2366.4
1285570 2366.4
1285580 2370.0
1285590 2372.9
1285600 2376.0
1285610 2376.0
1285620 2379.7
1285630 2383.2
1285640 2383.2
1285650 2387.9
1285660 2394.3
1285670 2394.3
1285680 2401.4
1285690 2406.5
1285700 2406.5
1285710 2413.1
1285720 2419.5
1285730 2419.5
1285740 2426.0
1285750 2432.6
1285760 2432.6
1285770 2439.3
1285780 2445.8
1285790 2445.8
1285800 2452.3
1285810 2458.8
1285820 2466.0
1285830 2466.0
1285840 2473.5
1285850 2481.0
1285860 2481.0
1285870 2489.8
1285880 2496.7
1285890 2496.7
1285900 2500.6
1285910 2505.5
1285920 2505.5
1285930 2509.6
1285940 2512.8
1285950 2512.8
1285960 2518.4
1285970 2525.2
1285980 2525.2
1285990 2530.7
1286000 2535.2
1286010 2535.2
1286020 2539.1
1286030 2545.3
1286040 2552.2
1286050 2552.2
1286060 2557.7
1286070 2563.1
1286080 2563.1
1286090 2568.0
1286100 2569.9
1286110 2569.9
1286120 2570.3
1286130 2564.9
1286140 2564.9
1286150 2561.4
1286160 2560.5
1286170 2560.5
1286180 2557.0
1286190 2555.3
1286200 2555.3
1286210 2555.7
1286220 2543.4
1286230 2543.4
1286240 2523.2
1286250 2508.6
1286260 2503.4
1286270 2503.4
1286280 2501.0
1286290 2498.8
1286300 2498.8
1286310 2497.0
1286320 2496.1
1286330 2504.2
1286340 2504.2
1286350 2503.9
1286360 2503.9
1286370 2503.5
1286380 2503.0
1286390 2503.0
1286400 2503.4
1286410 2502.4
1286420 2502.4
1286430 2499.3
1286440 2496.5
1286450 2496.5
1286460 2494.4
1286470 2491.7
1286480 2489.3
1286490 2489.3
1286500 2485.9
1286510 2478.3
1286520 2478.3
1286530 2476.5
1286540 2474.7
1286550 2474.7
1286560 2474.7
1286570 2475.0
1286580 2475.0
1286590 2476.1
1286600 2478.3
1286610 2478.3
1286620 2474.9
1286630 2468.6
1286640 2468.6
1286650 2466.5
1286660 2465.0
1286670 2465.0
1286680 2463.6
1286690 2462.0
1286700 2461.7
1286710 2461.7
1286720 2461.7
1286730 2461.3
1286740 2461.3
1286750 2457.7
1286760 2453.0
1286770 2453.0
1286780 2450.9
1286790 2451.5
1286800 2451.5
1286810 2453.0
1286820 2453.4
1286830 2453.4
1286840 2453.9
1286850 2455.3
1286860 2455.3
1286870 2458.7
1286880 2461.9
1286890 2461.9
1286900 2466.5
1286910 2470.8
1286920 2472.7
1286930 2472.7
1286940 2474.7
1286950 2476.7
1286960 2476.7
1286970 2485.6
1286980 2488.0
1286990 2488.0
1287000 2488.5
1287010 2483.9
1287020 2483.9
1287030 2477.2
1287040 2469.3
1287050 2469.3
1287060 2460.5
1287070 2452.8
1287080 2452.8
1287090 2445.9
1287100 2437.5
1287110 2437.5
1287120 2428.3
1287130 2420.2
1287140 2420.2
1287150 2412.6
1287160 2406.6
1287170 2401.3
1287180 2401.3
1287190 2393.4
1287200 2385.5
1287210 2385.5
1287220 2378.5
1287230 2372.2
1287240 2372.2
1287250 2365.4
1287260 2358.9
1287270 2358.9
1287280 2352.5
1287290 2345.5
1287300 2345.5
1287310 2337.8
1287320 2331.9
1287330 2331.9
1287340 2327.9
1287350 2327.3
1287360 2327.3
1287370 2327.5
1287380 2325.6
1287390 2323.6
1287400 2323.6
1287410 2321.7
1287420 2320.1
1287430 2320.1
1287440 2318.6
1287450 2317.5
1287460 2317.5
1287470 2317.0
1287480 2317.0
1287490 2317.0
1287500 2316.5
1287510 2316.1
1287520 2316.1
1287530 2313.7
1287540 2310.0
1287550 2310.0
1287560 2305.3
1287570 2299.9
1287580 2299.9
1287590 2294.2
1287600 2289.1
1287610 2284.9
1287620 2280.1
1287630 2276.5
1287640 2272.7
1287650 2272.7
1287660 2268.4
1287670 2263.2
1287680 2263.2
1287690 2256.8
1287700 2257.5
1287710 2257.5
1287720 2262.1
1287730 2267.2
1287740 2267.2
1287750 2272.7
1287760 2278.8
1287770 2278.8
1287780 2284.7
1287790 2290.2
1287800 2290.2
1287810 2295.5
1287820 2300.9
1287830 2306.2
1287840 2306.2
1287850 2311.3
1287860 2316.5
1287870 2316.5
1287880 2321.6
1287890 2326.5
1287900 2326.5
1287910 2331.1
1287920 2335.0
1287930 2335.0
1287940 2337.5
1287950 2339.1
1287960 2339.1
1287970 2340.9
1287980 2342.6
1287990 2342.6
1288000 2344.0
1288010 2344.8
1288020 2344.8
1288030 2345.5
1288040 2346.5
1288050 2347.6
1288060 2347.6
1288070 2349.4
1288080 2353.5
1288090 2353.5
1288100 2357.5
1288110 2361.0
1288120 2361.0
1288130 2363.8
1288140 2367.3
1288150 2367.3
1288160 2371.6
1288170 2375.6
1288180 2375.6
1288190 2379.1
1288200 2383.1
1288210 2383.1
1288220 2387.1
1288230 2390.6
1288240 2390.6
1288250 2393.2
1288260 2380.4
1288270 2369.5
1288280 2369.5
1288290 2362.3
1288300 2355.4
1288310 2355.4
1288320 2346.3
1288330 2336.8
1288340 2336.8
1288350 2330.4
1288360 2325.0
1288370 2325.0
1288380 2313.6
1288390 2302.6
1288400 2302.6
1288410 2294.3
1288420 2285.6
1288430 2285.6
1288440 2278.6
1288450 2272.4
1288460 2272.4
1288470 2265.8
1288480 2259.1
1288490 2252.7
1288500 2252.7
1288510 2246.1
1288520 2239.1
1288530 2239.1
1288540 2232.6
1288550 2226.0
1288560 2226.0
1288570 2219.3
1288580 2212.9
1288590 2212.9
1288600 2208.6
1288610 2204.1
1288620 2204.1
1288630 2199.1
1288640 2196.1
1288650 2196.1
1288660 2193.5
1288670 2187.2
1288680 2187.2
1288690 2179.8
1288700 2172.8
1288710 2172.8
1288720 2166.8
1288730 2160.5
1288740 2153.5
1288750 2153.5
1288760 2147.0
1288770 2141.0
1288780 2141.0
1288790 2135.2
1288800 2129.6
1288810 2129.6
1288820 2123.1
1288830 2115.0
1288840 2115.0
1288850 2107.3
1288860 2100.8
1288870 2100.8
1288880 2093.4
1288890 2085.7
1288900 2085.7
1288910 2076.3
1288920 2071.8
1288930 2071.8
1288940 2066.2
1288950 2060.7
1288960 2055.9
1288970 2055.9
1288980 2050.3
1288990 2044.6
1289000 2044.6
1289010 2038.6
1289020 2031.9
1289030 2031.9
1289040 2024.7
1289050 2018.9
1289060 2018.9
1289070 2013.9
1289080 2009.5
1289090 2009.5
1289100 2005.6
1289110 2002.3
1289120 2002.3
1289130 1999.6
1289140 1997.9
1289150 1997.9
1289160 1996.7
1289170 1995.8
1289180 1995.0
1289190 1995.0
1289200 1994.0
1289210 1993.7
1289220 1993.7
1289230 1994.7
1289240 1996.8
1289250 1996.8
1289260 1998.9
1289270 2001.7
1289280 2001.7
1289290 2004.1
1289300 2005.5
1289310 2005.5
1289320 2004.5
1289330 1999.2
1289340 1999.2
1289350 1993.2
1289360 1987.4
1289370 1987.4
1289380 1984.7
1289390 1984.4
1289400 1981.9
1289410 1981.9
1289420 1979.9
1289430 1979.1
1289440 1979.1
1289450 1975.9
1289460 1970.8
1289470 1970.8
1289480 1967.1
1289490 1963.7
1289500 1963.7
1289510 1959.2
1289520 1954.8
1289530 1954.8
1289540 1950.0
1289550 1945.8
1289560 1941.5
1289570 1937.8
1289580 1934.7
1289590 1934.7
1289600 1931.3
1289610 1927.7
1289620 1925.5
1289630 1925.5
1289640 1925.6
1289650 1925.3
1289660 1925.3
1289670 1924.4
1289680 1922.2
1289690 1922.2
1289700 1918.1
1289710 1912.8
1289720 1912.8
1289730 1910.4
1289740 1908.1
1289750 1908.1
1289760 1903.0
1289770 1896.1
1289780 1896.1
1289790 1889.0
1289800 1885.6
1289810 1885.6
1289820 1886.1
1289830 1883.9
1289840 1880.0
1289850 1880.0
1289860 1874.4
1289870 1869.2
1289880 1869.2
1289890 1865.0
1289900 1860.5
1289910 1860.5
1289920 1857.4
1289930 1856.6
1289940 1856.6
1289950 1855.9
1289960 1854.8
1289970 1854.8
1289980 1854.1
1289990 1852.1
1290000 1852.1
1290010 1847.5
1290020 1842.5
1290030 1842.5
1290040 1840.1
1290050 1838.8
1290060 1835.9
1290070 1835.9
1290080 1832.0
1290090 1827.1
1290100 1827.1
1290110 1823.4
1290120 1821.0
1290130 1821.0
1290140 1819.1
1290150 1816.8
1290160 1816.8
1290170 1813.5
1290180 1810.5
1290190 1810.5
1290200 1807.2
1290210 1803.8
1290220 1803.8
1290230 1801.9
1290240 1798.8
1290250 1798.8
1290260 1793.9
1290270 1788.8
1290280 1788.8
1290290 1781.3
1290300 1771.9
1290310 1765.0
1290320 1765.0
1290330 1758.6
1290340 1752.2
1290350 1752.2
1290360 1746.4
1290370 1741.4
1290380 1741.4
1290390 1737.0
1290400 1732.9
1290410 1732.9
1290420 1729.3
1290430 1725.4
1290440 1725.4
1290450 1722.0
1290460 1718.9
1290470 1718.9
1290480 1714.4
1290490 1709.1
1290500 1709.1
1290510 1705.2
1290520 1701.8
1290530 1697.5
1290540 1697.5
1290550 1693.0
1290560 1688.3
1290570 1688.3
1290580 1683.9
1290590 1680.6
1290600 1680.6
1290610 1677.7
1290620 1674.9
1290630 1674.9
1290640 1672.1
1290650 1669.3
1290660 1669.3
1290670 1666.3
1290680 1662.2
1290690 1662.2
1290700 1657.2
1290710 1652.5
1290720 1652.5
1290730 1649.1
1290740 1646.0
1290750 1641.6
1290760 1641.6
1290770 1636.9
1290780 1632.0
1290790 1632.0
1290800 1626.4
1290810 1620.9
1290820 1620.9
1290830 1616.7
1290840 1614.0
1290850 1614.0
1290860 1608.7
1290870 1606.5
1290880 1606.5
1290890 1604.4
1290900 1601.7
1290910 1601.7
1290920 1597.8
1290930 1592.4
1290940 1592.4
1290950 1589.7
1290960 1588.9
1290970 1588.6
1290980 1588.6
1290990 1588.6
1291000 1588.9
1291010 1588.9
1291020 1588.8
1291030 1588.3
1291040 1588.3
1291050 1588.1
1291060 1588.0
1291070 1588.0
1291080 1587.6
1291090 1587.1
1291100 1587.1
1291110 1585.1
1291120 1581.3
1291130 1581.3
1291140 1579.9
1291150 1578.4
1291160 1578.4
1291170 1577.2
1291180 1577.5
1291190 1577.3
1291200 1577.3
1291210 1577.3
1291220 1576.9
1291230 1576.9
1291240 1576.0
1291250 1575.3
1291260 1575.3
1291270 1577.1
1291280 1582.8
1291290 1582.8
1291300 1589.4
1291310 1596.0
1291320 1596.0
1291330 1602.8
1291340 1610.0
1291350 1610.0
1291360 1613.5
1291370 1616.7
1291380 1616.7
1291390 1620.4
1291400 1624.0
1291410 1626.3
1291420 1626.3
1291430 1627.9
1291440 1630.3
1291450 1630.3
1291460 1634.5
1291470 1639.3
1291480 1639.3
1291490 1644.1
1291500 1649.1
1291510 1649.1
1291520 1656.2
1291530 1659.5
1291540 1659.5
1291550 1662.4
1291560 1664.7
1291570 1664.7
1291580 1666.4
1291590 1667.5
1291600 1667.5
1291610 1668.0
1291620 1670.0
1291630 1672.2
1291640 1672.2
1291650 1674.5
1291660 1677.1
1291670 1677.1
1291680 1680.1
1291690 1683.5
1291700 1683.5
1291710 1686.4
1291720 1689.6
1291730 1689.6
1291740 1692.7
1291750 1694.3
1291760 1694.3
1291770 1694.9
1291780 1695.9
1291790 1695.9
1291800 1696.6
1291810 1697.1
1291820 1697.1
1291830 1696.3
1291840 1694.9
1291850 1694.9
1291860 1693.0
1291870 1691.3
1291880 1690.6
1291890 1690.6
1291900 1690.9
1291910 1692.6
1291920 1692.6
1291930 1694.7
1291940 1696.2
1291950 1696.2
1291960 1697.2
1291970 1697.5
1291980 1697.5
1291990 1696.8
1292000 1693.8
1292010 1693.8
1292020 1690.2
1292030 1686.2
1292040 1686.2
1292050 1688.3
1292060 1692.8
1292070 1692.8
1292080 1693.9
1292090 1694.1
1292100 1693.6
1292110 1693.6
1292120 1692.6
1292130 1690.5
1292140 1690.5
1292150 1688.1
1292160 1686.1
1292170 1686.1
1292180 1690.8
1292190 1689.8
1292200 1689.8
1292210 1687.9
1292220 1685.9
1292230 1685.9
1292240 1683.8
1292250 1681.3
1292260 1681.3
1292270 1679.1
1292280 1676.5
1292290 1676.5
1292300 1674.0
1292310 1671.6
1292320 1668.6
1292330 1668.6
1292340 1666.2
1292350 1663.4
1292360 1663.4
1292370 1660.3
1292380 1658.8
1292390 1658.8
1292400 1658.4
1292410 1656.7
1292420 1656.7
1292430 1653.7
1292440 1650.7
1292450 1650.7
1292460 1647.7
1292470 1644.8
1292480 1644.8
1292490 1641.6
1292500 1638.4
1292510 1638.4
1292520 1635.1
1292530 1631.0
1292540 1626.5
1292550 1626.5
1292560 1623.6
1292570 1623.6
1292580 1623.6
1292590 1624.4
1292600 1624.9
1292610 1624.9
1292620 1625.2
1292630 1625.7
1292640 1625.7
1292650 1626.3
1292660 1626.6
1292670 1626.6
1292680 1627.0
1292690 1627.2
1292700 1627.2
1292710 1627.4
1292720 1627.6
1292730 1627.6
1292740 1628.1
1292750 1628.7
1292760 1629.1
1292770 1629.1
1292780 1629.4
1292790 1629.8
1292800 1629.8
1292810 1630.3
1292820 1630.5
1292830 1630.5
1292840 1632.1
1292850 1632.4
1292860 1632.4
1292870 1633.1
1292880 1633.8
1292890 1633.8
1292900 1634.3
1292910 1635.0
1292920 1635.0
1292930 1636.3
1292940 1637.8
1292950 1637.8
1292960 1639.7
1292970 1642.0
1292980 1644.6
1292990 1644.6
1293000 1647.5
1293010 1650.3
1293020 1650.3
1293030 1653.4
1293040 1656.8
1293050 1656.8
1293060 1660.6
1293070 1664.6
1293080 1664.6
1293090 1668.3
1293100 1672.2
1293110 1672.2
1293120 1676.2
1293130 1680.7
1293140 1680.7
1293150 1685.4
1293160 1689.5
1293170 1689.5
1293180 1693.7
1293190 1698.4
1293200 1703.3
1293210 1703.3
1293220 1708.3
1293230 1713.5
1293240 1713.5
1293250 1718.2
1293260 1723.3
1293270 1723.3
1293280 1728.4
1293290 1733.4
1293300 1733.4
1293310 1738.5
1293320 1743.5
1293330 1743.5
1293340 1747.4
1293350 1749.6
1293360 1749.6
1293370 1754.9
1293380 1760.0
1293390 1760.0
1293400 1767.2
1293410 1779.8
1293420 1779.8
1293430 1788.5
1293440 1795.6
1293450 1803.3
1293460 1803.3
1293470 1813.0
1293480 1823.3
1293490 1823.3
1293500 1829.3
1293510 1840.1
1293520 1840.1
1293530 1851.0
1293540 1860.0
1293550 1860.0
1293560 1868.6
1293570 1875.6
1293580 1875.6
1293590 1883.8
1293600 1893.9
1293610 1893.9
1293620 1900.3
1293630 1905.4
1293640 1905.4
1293650 1911.3
1293660 1918.6
1293670 1928.6
1293680 1928.6
1293690 1939.2
1293700 1948.8
1293710 1948.8
1293720 1956.1
1293730 1962.7
1293740 1962.7
1293750 1971.8
1293760 1982.2
1293770 1982.2
1293780 1993.7
1293790 2005.0
1293800 2005.0
1293810 2015.1
1293820 2023.3
1293830 2023.3
1293840 2029.9
1293850 2035.3
1293860 2035.3
1293870 2042.3
1293880 2047.7
1293890 2049.0
1293900 2049.0
1293910 2049.7
1293920 2045.9
1293930 2045.9
1293940 2046.2
1293950 2049.7
1293960 2049.7
1293970 2054.9
1293980 2057.0
1293990 2057.0
1294000 2056.6
1294010 2061.1
1294020 2061.1
1294030 2067.7
1294040 2071.1
1294050 2071.1
1294060 2073.3
1294070 2080.9
1294080 2080.9
1294090 2090.0
1294100 2110.1
1294110 2131.0
1294120 2131.0
1294130 2141.1
1294140 2143.3
1294150 2143.3
1294160 2148.9
1294170 2136.7
1294180 2136.7
1294190 2143.4
1294200 2148.6
1294210 2148.6
1294220 2153.5
1294230 2157.3
1294240 2157.3
1294250 2162.5
1294260 2168.3
1294270 2168.3
1294280 2174.3
1294290 2179.8
1294300 2179.8
1294310 2187.8
1294320 2200.0
1294330 2215.3
1294340 2215.3
1294350 2226.4
1294360 2235.1
1294370 2235.1
1294380 2242.1
1294390 2249.0
1294400 2249.0
1294410 2256.5
1294420 2266.9
1294430 2266.9
1294440 2277.5
1294450 2286.1
1294460 2286.1
1294470 2294.7
1294480 2303.2
1294490 2303.2
1294500 2311.8
1294510 2318.6
1294520 2318.6
1294530 2324.8
1294540 2332.3
1294550 2341.2
1294560 2341.2
1294570 2350.5
1294580 2359.6
1294590 2359.6
1294600 2369.1
1294610 2378.1
1294620 2378.1
1294630 2386.5
1294640 2394.3
1294650 2394.3
1294660 2402.2
1294670 2409.8
1294680 2409.8
1294690 2417.7
1294700 2426.4
1294710 2426.4
1294720 2436.3
1294730 2450.1
1294740 2450.1
1294750 2459.3
1294760 2468.8
1294770 2490.7
1294780 2490.7
1294790 2504.4
1294800 2510.3
1294810 2510.3
1294820 2513.7
1294830 2503.1
1294840 2503.1
1294850 2506.7
1294860 2512.2
1294870 2512.2
1294880 2517.9
1294890 2526.0
1294900 2526.0
1294910 2525.8
1294920 2522.2
1294930 2522.2
1294940 2524.2
1294950 2527.8
1294960 2527.8
1294970 2530.6
1294980 2536.2
1294990 2536.2
1295000 2544.1
1295010 2552.5
1295020 2559.6
1295030 2559.6
1295040 2564.9
1295050 2569.8
1295060 2569.8
1295070 2575.0
1295080 2581.3
1295090 2581.3
1295100 2588.7
1295110 2596.3
1295120 2596.3
1295130 2598.1
1295140 2582.6
1295150 2582.6
1295160 2577.6
1295170 2578.4
1295180 2578.4
1295190 2580.8
1295200 2584.6
1295210 2584.6
1295220 2587.6
1295230 2586.4
1295240 2581.9
1295250 2581.9
1295260 2579.3
1295270 2569.2
1295280 2569.2
1295290 2560.4
1295300 2549.9
1295310 2549.9
1295320 2543.9
1295330 2542.9
1295340 2542.9
1295350 2538.6
1295360 2532.3
1295370 2532.3
1295380 2523.9
1295390 2512.4
1295400 2512.4
1295410 2507.4
1295420 2490.6
1295430 2490.6
1295440 2474.5
1295450 2476.3
1295460 2471.5
1295470 2471.5
1295480 2459.6
1295490 2446.5
1295500 2447.2
1295510 2435.9
1295520 2406.8
1295530 2406.8
1295540 2368.9
1295550 2359.1
1295560 2359.1
1295570 2348.5
1295580 2322.9
1295590 2322.9
1295600 2304.6
1295610 2296.1
1295620 2296.1
1295630 2289.5
1295640 2282.9
1295650 2282.9
1295660 2275.7
1295670 2268.5
1295680 2261.8
1295690 2261.8
1295700 2255.3
1295710 2248.7
1295720 2248.7
1295730 2242.3
1295740 2236.0
1295750 2236.0
1295760 2229.3
1295770 2222.8
1295780 2222.8
1295790 2216.5
1295800 2210.9
1295810 2210.9
1295820 2205.7
1295830 2200.6
1295840 2200.6
1295850 2195.3
1295860 2190.4
1295870 2190.4
1295880 2185.8
1295890 2181.5
1295900 2177.3
1295910 2177.3
1295920 2173.2
1295930 2169.2
1295940 2169.2
1295950 2165.3
1295960 2162.0
1295970 2162.0
1295980 2158.8
1295990 2155.1
1296000 2155.1
1296010 2157.3
1296020 2160.8
1296030 2160.8
1296040 2162.5
1296050 2164.9
1296060 2164.9
1296070 2169.6
1296080 2173.8
1296090 2173.8
1296100 2177.4
1296110 2181.6
1296120 2186.6
1296130 2186.6
1296140 2192.0
1296150 2196.5
1296160 2196.5
1296170 2200.3
1296180 2204.6
1296190 2204.6
1296200 2209.5
1296210 2215.5
1296220 2215.5
1296230 2222.0
1296240 2228.2
1296250 2228.2
1296260 2232.6
1296270 2236.6
1296280 2236.6
1296290 2239.9
1296300 2242.2
1296310 2242.2
1296320 2243.6
1296330 2245.1
1296340 2246.7
1296350 2246.7
1296360 2248.4
1296370 2250.2
1296380 2250.2
1296390 2251.6
1296400 2252.5
1296410 2252.5
1296420 2253.7
1296430 2254.7
1296440 2254.7
1296450 2256.1
1296460 2257.8
1296470 2257.8
1296480 2259.9
1296490 2261.3
1296500 2261.3
1296510 2261.6
1296520 2261.6
1296530 2261.6
1296540 2262.5
1296550 2263.5
1296560 2264.9
1296570 2264.9
1296580 2266.8
1296590 2268.5
1296600 2268.5
1296610 2270.8
1296620 2273.0
1296630 2273.0
1296640 2274.1
1296650 2273.9
1296660 2273.9
1296670 2275.7
1296680 2280.0
1296690 2280.0
1296700 2282.2
1296710 2285.3
1296720 2285.3
1296730 2289.1
1296740 2293.5
1296750 2293.5
1296760 2298.8
1296770 2305.5
1296780 2305.5
1296790 2313.9
1296800 2323.0
1296810 2331.8
1296820 2331.8
1296830 2331.4
1296840 2321.7
1296850 2313.4
1296860 2304.1
1296870 2293.2
1296880 2293.2
1296890 2282.8
1296900 2275.8
1296910 2275.8
1296920 2270.3
1296930 2265.5
1296940 2265.5
1296950 2260.0
1296960 2254.4
1296970 2254.4
1296980 2248.8
1296990 2243.0
1297000 2243.0
1297010 2237.1
1297020 2231.3
1297030 2225.5
1297040 2225.5
1297050 2220.9
1297060 2217.9
1297070 2217.9
1297080 2215.2
1297090 2212.9
1297100 2212.9
1297110 2211.7
1297120 2210.5
1297130 2210.5
1297140 2208.5
1297150 2205.4
1297160 2205.4
1297170 2202.0
1297180 2198.0
1297190 2198.0
1297200 2192.6
1297210 2188.2
1297220 2188.2
1297230 2185.6
1297240 2183.0
1297250 2179.8
1297260 2179.8
1297270 2176.5
1297280 2172.6
1297290 2172.6
1297300 2168.7
1297310 2165.7
1297320 2165.7
1297330 2163.5
1297340 2161.2
1297350 2161.2
1297360 2159.2
1297370 2157.2
1297380 2157.2
1297390 2155.0
1297400 2152.1
1297410 2152.1
1297420 2148.3
1297430 2143.5
1297440 2143.5
1297450 2138.9
1297460 2134.9
1297470 2131.3
1297480 2131.3
1297490 2128.7
1297500 2126.3
1297510 2126.3
1297520 2124.0
1297530 2123.3
1297540 2123.3
1297550 2122.1
1297560 2120.9
1297570 2120.9
1297580 2118.7
1297590 2115.4
1297600 2115.4
1297610 2110.8
1297620 2107.7
1297630 2107.7
1297640 2106.3
1297650 2104.3
1297660 2104.3
1297670 2103.1
1297680 2103.0
1297690 2103.7
1297700 2103.7
1297710 2104.0
1297720 2104.3
1297730 2104.3
1297740 2104.7
1297750 2104.7
1297760 2104.7
1297770 2104.2
1297780 2102.7
1297790 2102.7
1297800 2101.2
1297810 2100.6
1297820 2100.6
1297830 2099.7
1297840 2098.7
1297850 2098.7
1297860 2099.3
1297870 2100.8
1297880 2100.8
1297890 2099.5
1297900 2093.4
1297910 2089.5
1297920 2089.5
1297930 2083.2
1297940 2071.7
1297950 2071.7
1297960 2063.7
1297970 2059.8
1297980 2059.8
1297990 2057.5
1298000 2049.8
1298010 2049.8
1298020 2042.9
1298030 2037.6
1298040 2037.6
1298050 2034.4
1298060 2031.4
1298070 2031.4
1298080 2028.2
1298090 2023.3
1298100 2023.3
1298110 2017.9
1298120 2013.6
1298130 2010.2
1298140 2010.2
1298150 2006.1
1298160 1999.0
1298170 1999.0
1298180 1991.7
1298190 1985.8
1298200 1985.8
1298210 1982.8
1298220 1979.6
1298230 1979.6
1298240 1975.5
1298250 1971.5
1298260 1971.5
1298270 1967.4
1298280 1963.2
1298290 1963.2
1298300 1960.2
1298310 1957.0
1298320 1957.0
1298330 1950.8
1298340 1945.5
1298350 1945.5
1298360 1940.6
1298370 1936.1
1298380 1932.6
1298390 1932.6
1298400 1929.5
1298410 1926.8
1298420 1926.8
1298430 1923.5
1298440 1919.5
1298450 1919.5
1298460 1913.9
1298470 1902.5
1298480 1902.5
1298490 1895.6
1298500 1890.7
1298510 1890.7
1298520 1885.4
1298530 1878.8
1298540 1878.8
1298550 1871.3
1298560 1863.3
1298570 1863.3
1298580 1854.9
1298590 1847.2
1298600 1841.1
1298610 1841.1
1298620 1835.0
1298630 1829.9
1298640 1829.9
1298650 1825.0
1298660 1819.7
1298670 1819.7
1298680 1815.4
1298690 1811.0
1298700 1811.0
1298710 1804.8
1298720 1798.7
1298730 1798.7
1298740 1794.3
1298750 1790.4
1298760 1790.4
1298770 1786.1
1298780 1780.6
1298790 1780.6
1298800 1773.4
1298810 1768.3
1298820 1769.4
1298830 1769.4
1298840 1772.8
1298850 1775.9
1298860 1775.9
1298870 1778.1
1298880 1774.7
1298890 1778.4
1298900 1773.1
1298910 1769.6
1298920 1769.6
1298930 1763.7
1298940 1757.1
1298950 1757.1
1298960 1749.8
1298970 1741.8
1298980 1741.8
1298990 1734.0
1299000 1729.0
1299010 1729.0
1299020 1723.6
1299030 1723.8
1299040 1724.1
1299050 1724.1
1299060 1724.2
1299070 1722.5
1299080 1722.5
1299090 1718.8
1299100 1705.8
1299110 1705.8
1299120 1690.7
1299130 1676.1
1299140 1676.1
1299150 1668.0
1299160 1661.9
1299170 1661.9
1299180 1656.0
1299190 1648.4
1299200 1648.4
1299210 1640.3
1299220 1633.9
1299230 1633.9
1299240 1628.2
1299250 1622.7
1299260 1616.6
1299270 1616.6
1299280 1610.2
1299290 1604.6
1299300 1604.6
1299310 1600.9
1299320 1598.1
1299330 1598.1
1299340 1596.7
1299350 1594.9
1299360 1594.9
1299370 1595.0
1299380 1596.6
1299390 1596.6
1299400 1597.6
1299410 1589.5
1299420 1589.5
1299430 1586.5
1299440 1585.2
1299450 1585.2
1299460 1588.6
1299470 1593.7
1299480 1596.6
1299490 1596.6
1299500 1599.9
1299510 1602.7
1299520 1602.7
1299530 1600.2
1299540 1579.6
1299550 1579.6
1299560 1583.6
1299570 1601.2
1299580 1600.8
1299590 1603.8
1299600 1605.0
1299610 1605.0
1299620 1607.5
1299630 1610.8
1299640 1610.8
1299650 1615.6
1299660 1619.9
1299670 1619.9
1299680 1623.0
1299690 1626.0
1299700 1627.0
1299710 1627.0
1299720 1628.9
1299730 1630.4
1299740 1630.4
1299750 1632.0
1299760 1634.3
1299770 1634.3
1299780 1636.7
1299790 1639.3
1299800 1639.3
1299810 1641.8
1299820 1644.7
1299830 1644.7
1299840 1647.1
1299850 1649.1
1299860 1649.1
1299870 1652.1
1299880 1656.7
1299890 1656.7
1299900 1661.6
1299910 1666.9
1299920 1666.9
1299930 1672.4
1299940 1679.3
1299950 1685.8
1299960 1685.8
1299970 1691.9
1299980 1697.9
1299990 1697.9
