1280000 1884.2
1280010 1884.2
1280020 1888.4
1280030 1893.1
1280040 1893.1
1280050 1899.1
1280060 1906.8
1280070 1906.8
1280080 1912.6
1280090 1918.5
1280100 1922.4
1280110 1922.4
1280120 1925.5
1280130 1929.3
1280140 1929.3
1280150 1933.8
1280160 1938.0
1280170 1938.0
1280180 1942.0
1280190 1945.2
1280200 1945.2
1280210 1948.8
1280220 1952.1
1280230 1952.1
1280240 1955.7
1280250 1958.6
1280260 1958.6
1280270 1961.8
1280280 1965.1
1280290 1965.1
1280300 1968.1
1280310 1971.4
1280320 1974.4
1280330 1974.4
1280340 1977.0
1280350 1979.3
1280360 1979.3
1280370 1980.9
1280380 1980.3
1280390 1980.3
1280400 1976.7
1280410 1972.1
1280420 1972.1
1280430 1966.6
1280440 1959.8
1280450 1959.8
1280460 1952.6
1280470 1945.6
1280480 1945.6
1280490 1939.4
1280500 1933.6
1280510 1933.6
1280520 1927.5
1280530 1921.5
1280540 1915.3
1280550 1915.3
1280560 1909.3
1280570 1902.6
1280580 1902.6
1280590 1895.7
1280600 1889.1
1280610 1889.1
1280620 1886.8
1280630 1890.6
1280640 1890.6
1280650 1893.0
1280660 1893.9
1280670 1893.9
1280680 1885.1
1280690 1883.8
1280700 1883.8
1280710 1884.7
1280720 1890.2
1280730 1890.2
1280740 1893.9
1280750 1897.8
1280760 1897.8
1280770 1902.3
1280780 1907.0
1280790 1911.9
1280800 1911.9
1280810 1915.9
1280820 1918.6
1280830 1918.6
1280840 1919.2
1280850 1919.7
1280860 1919.7
1280870 1921.1
1280880 1922.8
1280890 1922.8
1280900 1925.1
1280910 1923.9
1280920 1923.9
1280930 1915.0
1280940 1908.5
1280950 1908.5
1280960 1911.0
1280970 1916.1
1280980 1916.1
1280990 1920.9
1281000 1925.7
1281010 1926.2
1281020 1926.2
1281030 1925.4
1281040 1927.7
1281050 1927.7
1281060 1931.3
1281070 1934.3
1281080 1934.3
1281090 1935.8
1281100 1933.3
1281110 1933.3
1281120 1929.4
1281130 1925.3
1281140 1925.3
1281150 1924.1
1281160 1925.9
1281170 1925.9
1281180 1927.3
1281190 1927.4
1281200 1927.4
1281210 1924.6
1281220 1921.5
1281230 1919.0
1281240 1919.0
1281250 1915.3
1281260 1911.5
1281270 1911.5
1281280 1904.7
1281290 1896.6
1281300 1893.8
1281310 1886.5
1281320 1879.1
1281330 1879.1
1281340 1869.7
1281350 1856.6
1281360 1856.6
1281370 1851.5
1281380 1851.4
1281390 1851.4
1281400 1858.0
1281410 1865.9
1281420 1865.9
1281430 1873.9
1281440 1882.2
1281450 1891.4
1281460 1891.4
1281470 1900.2
1281480 1907.4
1281490 1907.4
1281500 1909.7
1281510 1910.6
1281520 1910.6
1281530 1914.7
1281540 1919.3
1281550 1919.3
1281560 1923.4
1281570 1926.8
1281580 1926.8
1281590 1930.8
1281600 1935.0
1281610 1935.0
1281620 1941.8
1281630 1951.1
1281640 1951.1
1281650 1960.2
1281660 1969.0
1281670 1977.9
1281680 1977.9
1281690 1986.4
1281700 1994.7
1281710 1994.7
1281720 2002.1
1281730 2008.5
1281740 2008.5
1281750 2014.5
1281760 2020.6
1281770 2020.6
1281780 2028.6
1281790 2037.6
1281800 2037.6
1281810 2045.8
1281820 2053.5
1281830 2053.5
1281840 2061.1
1281850 2068.6
1281860 2068.6
1281870 2076.0
1281880 2082.9
1281890 2089.9
1281900 2089.9
1281910 2096.8
1281920 2103.7
1281930 2101.7
1281940 2107.8
1281950 2114.1
1281960 2114.1
1281970 2120.0
1281980 2125.5
1281990 2125.5
1282000 2130.6
1282010 2135.4
1282020 2135.4
1282030 2139.9
1282040 2144.1
1282050 2144.1
1282060 2148.0
1282070 2151.8
1282080 2151.8
1282090 2156.0
1282100 2161.4
1282110 2167.9
1282120 2167.9
1282130 2174.2
1282140 2180.0
1282150 2180.0
1282160 2187.1
1282170 2194.9
1282180 2194.9
1282190 2202.1
1282200 2208.9
1282210 2208.9
1282220 2215.9
1282230 2222.2
1282240 2222.2
1282250 2222.6
1282260 2213.4
1282270 2213.4
1282280 2204.8
1282290 2196.2
1282300 2196.2
1282310 2187.5
1282320 2179.2
1282330 2173.4
1282340 2173.4
1282350 2169.1
1282360 2166.5
1282370 2166.5
1282380 2166.0
1282390 2162.6
1282400 2162.6
1282410 2155.6
1282420 2143.7
1282430 2143.7
1282440 2139.1
1282450 2144.9
1282460 2144.9
1282470 2146.9
1282480 2143.4
1282490 2143.4
1282500 2133.3
1282510 2125.2
1282520 2125.2
1282530 2122.6
1282540 2117.1
1282550 2117.1
1282560 2107.7
1282570 2113.7
1282580 2119.4
1282590 2119.4
1282600 2124.7
1282610 2127.8
1282620 2127.8
1282630 2127.8
1282640 2126.9
1282650 2126.9
1282660 2115.1
1282670 2101.1
1282680 2101.1
1282690 2095.5
1282700 2093.0
1282710 2093.0
1282720 2095.3
1282730 2089.7
1282740 2089.7
1282750 2081.4
1282760 2074.8
1282770 2074.8
1282780 2068.7
1282790 2060.6
1282800 2052.8
1282810 2052.8
1282820 2043.8
1282830 2034.4
1282840 2034.4
1282850 2021.5
1282860 2006.6
1282870 2006.6
1282880 1995.8
1282890 1991.9
1282900 1991.9
1282910 1998.1
1282920 2006.8
1282930 2006.8
1282940 2007.3
1282950 2004.1
1282960 2004.1
1282970 2009.9
1282980 2012.3
1282990 2012.3
1283000 2016.1
1283010 2015.9
1283020 2013.2
1283030 2013.2
1283040 2010.9
1283050 2008.8
1283060 2008.8
1283070 2000.6
1283080 1994.8
1283090 1994.8
1283100 1992.7
1283110 1986.0
1283120 1986.0
1283130 1979.2
1283140 1974.1
1283150 1974.1
1283160 1957.1
1283170 1946.0
1283180 1946.0
1283190 1940.8
1283200 1951.0
1283210 1951.0
1283220 1959.9
1283230 1963.2
1283240 1963.5
1283250 1963.5
1283260 1956.7
1283270 1949.1
1283280 1949.1
1283290 1939.6
1283300 1928.0
1283310 1928.0
1283320 1931.8
1283330 1937.5
1283340 1937.5
1283350 1940.6
1283360 1937.1
1283370 1937.1
1283380 1933.3
1283390 1930.3
1283400 1930.3
1283410 1925.5
1283420 1920.4
1283430 1920.4
1283440 1918.0
1283450 1916.2
1283460 1914.1
1283470 1914.1
1283480 1909.9
1283490 1906.1
1283500 1906.1
1283510 1907.0
1283520 1905.4
1283530 1905.4
1283540 1902.6
1283550 1900.1
1283560 1900.1
1283570 1896.7
1283580 1893.6
1283590 1893.6
1283600 1891.2
1283610 1889.6
1283620 1889.6
1283630 1888.2
1283640 1885.8
1283650 1885.8
1283660 1882.8
1283670 1880.6
1283680 1878.0
1283690 1878.0
1283700 1876.3
1283710 1874.4
1283720 1874.4
1283730 1870.8
1283740 1866.7
1283750 1866.7
1283760 1862.2
1283770 1860.1
1283780 1860.1
1283790 1860.8
1283800 1868.3
1283810 1868.3
1283820 1865.9
1283830 1868.9
1283840 1868.9
1283850 1872.7
1283860 1874.9
1283870 1874.9
1283880 1873.6
1283890 1872.0
1283900 1872.8
1283910 1872.8
1283920 1875.7
1283930 1876.8
1283940 1876.8
1283950 1878.4
1283960 1879.0
1283970 1879.0
1283980 1879.4
1283990 1880.1
1284000 1880.1
1284010 1880.4
1284020 1879.4
1284030 1879.4
1284040 1877.8
1284050 1877.2
1284060 1877.2
1284070 1878.7
1284080 1880.5
1284090 1880.5
1284100 1882.5
1284110 1884.2
1284120 1884.2
1284130 1886.2
1284140 1889.1
1284150 1891.3
1284160 1891.3
1284170 1892.1
1284180 1892.5
1284190 1892.5
1284200 1892.4
1284210 1891.0
1284220 1891.0
1284230 1888.3
1284240 1889.2
1284250 1889.2
1284260 1891.4
1284270 1893.3
1284280 1893.3
1284290 1894.9
1284300 1894.2
1284310 1894.2
1284320 1892.8
1284330 1889.9
1284340 1889.9
1284350 1888.8
1284360 1887.3
1284370 1885.5
1284380 1885.5
1284390 1884.0
1284400 1883.2
1284410 1883.2
1284420 1883.0
1284430 1884.4
1284440 1884.4
1284450 1884.5
1284460 1886.0
1284470 1886.0
1284480 1888.5
1284490 1895.2
1284500 1895.2
1284510 1903.1
1284520 1910.8
1284530 1910.8
1284540 1916.5
1284550 1920.3
1284560 1920.3
1284570 1924.4
1284580 1928.3
1284590 1932.9
1284600 1932.9
1284610 1937.6
1284620 1941.3
1284630 1941.3
1284640 1944.9
1284650 1947.9
1284660 1947.9
1284670 1951.1
1284680 1954.6
1284690 1954.6
1284700 1957.8
1284710 1962.3
1284720 1962.3
1284730 1969.9
1284740 1978.9
1284750 1978.9
1284760 1985.4
1284770 1990.8
1284780 1990.8
1284790 1996.1
1284800 2001.3
1284810 2005.7
1284820 2005.7
1284830 2009.8
1284840 2012.3
1284850 2012.3
1284860 2015.9
1284870 2020.6
1284880 2020.6
1284890 2025.4
1284900 2030.1
1284910 2030.1
1284920 2034.9
1284930 2039.0
1284940 2039.0
1284950 2042.9
1284960 2047.0
1284970 2047.0
1284980 2051.4
1284990 2057.3
1285000 2057.3
1285010 2063.3
1285020 2068.2
1285030 2074.1
1285040 2074.1
1285050 2079.8
1285060 2084.4
1285070 2084.4
1285080 2085.6
1285090 2089.0
1285100 2089.0
1285110 2093.7
1285120 2099.7
1285130 2099.7
1285140 2105.8
1285150 2110.9
1285160 2110.9
1285170 2114.4
1285180 2117.7
1285190 2117.7
1285200 2121.1
1285210 2124.3
1285220 2124.3
1285230 2127.3
1285240 2130.6
1285250 2134.0
1285260 2134.0
1285270 2137.2
1285280 2140.0
1285290 2140.0
1285300 2142.7
1285310 2145.6
1285320 2145.6
1285330 2148.5
1285340 2151.5
1285350 2151.5
1285360 2154.7
1285370 2158.9
1285380 2158.9
1285390 2164.1
1285400 2168.8
1285410 2168.8
1285420 2173.2
1285430 2176.7
1285440 2176.7
1285450 2178.2
1285460 2179.5
1285470 2183.9
1285480 2183.9
1285490 2191.5
1285500 2198.9
1285510 2198.9
1285520 2206.4
1285530 2213.8
1285540 2213.8
1285550 2220.0
1285560 2225.6
1285570 2225.6
1285580 2232.5
1285590 2240.4
1285600 2240.4
1285610 2249.2
1285620 2259.5
1285630 2259.5
1285640 2267.6
1285650 2274.8
1285660 2274.8
1285670 2281.4
1285680 2282.0
1285690 2283.8
1285700 2283.8
1285710 2290.2
1285720 2296.4
1285730 2296.4
1285740 2303.6
1285750 2311.2
1285760 2311.2
1285770 2320.1
1285780 2329.6
1285790 2329.6
1285800 2337.6
1285810 2345.5
1285820 2345.5
1285830 2353.0
1285840 2360.8
1285850 2360.8
1285860 2367.8
1285870 2372.4
1285880 2372.4
1285890 2378.7
1285900 2387.5
1285910 2387.5
1285920 2397.6
1285930 2409.1
1285940 2419.9
1285950 2419.9
1285960 2428.5
1285970 2437.0
1285980 2437.0
1285990 2445.0
1286000 2453.1
1286010 2453.1
1286020 2461.2
1286030 2469.2
1286040 2469.2
1286050 2477.5
1286060 2485.8
1286070 2485.8
1286080 2493.7
1286090 2497.0
1286100 2497.0
1286110 2488.6
1286120 2481.0
1286130 2481.0
1286140 2475.3
1286150 2468.8
1286160 2460.5
1286170 2460.5
1286180 2452.0
1286190 2445.1
1286200 2445.1
1286210 2437.2
1286220 2428.9
1286230 2428.9
1286240 2420.8
1286250 2412.8
1286260 2412.8
1286270 2405.3
1286280 2397.4
1286290 2397.4
1286300 2390.4
1286310 2383.2
1286320 2383.2
1286330 2376.6
1286340 2370.6
1286350 2370.6
1286360 2364.6
1286370 2356.4
1286380 2348.0
1286390 2348.0
1286400 2340.2
1286410 2332.7
1286420 2332.7
1286430 2325.9
1286440 2318.9
1286450 2318.9
1286460 2312.2
1286470 2306.0
1286480 2306.0
1286490 2300.1
1286500 2293.1
1286510 2293.1
1286520 2282.9
1286530 2273.8
1286540 2273.8
1286550 2267.3
1286560 2259.7
1286570 2259.7
1286580 2251.3
1286590 2244.6
1286600 2239.0
1286610 2239.0
1286620 2233.0
1286630 2227.0
1286640 2227.0
1286650 2220.3
1286660 2213.0
1286670 2213.0
1286680 2205.1
1286690 2196.5
1286700 2196.5
1286710 2186.9
1286720 2179.7
1286730 2179.7
1286740 2176.4
1286750 2172.8
1286760 2172.8
1286770 2169.5
1286780 2165.7
1286790 2165.7
1286800 2161.2
1286810 2155.0
1286820 2149.5
1286830 2149.5
1286840 2147.0
1286850 2144.6
1286860 2144.6
1286870 2142.2
1286880 2139.4
1286890 2139.4
1286900 2134.6
1286910 2130.5
1286920 2130.5
1286930 2129.1
1286940 2127.5
1286950 2127.5
1286960 2124.8
1286970 2120.7
1286980 2120.7
1286990 2117.5
1287000 2118.4
1287010 2118.4
1287020 2115.4
1287030 2112.8
1287040 2109.6
1287050 2109.6
1287060 2105.6
1287070 2100.6
1287080 2100.6
1287090 2096.0
1287100 2092.7
1287110 2092.7
1287120 2088.6
1287130 2085.2
1287140 2085.2
1287150 2082.3
1287160 2079.1
1287170 2079.1
1287180 2075.7
1287190 2072.6
1287200 2072.6
1287210 2070.5
1287220 2069.1
1287230 2069.1
1287240 2066.5
1287250 2061.6
1287260 2057.1
1287270 2057.1
1287280 2054.9
1287290 2057.2
1287300 2057.2
1287310 2059.0
1287320 2059.5
1287330 2059.5
1287340 2060.5
1287350 2062.0
1287360 2062.0
1287370 2064.1
1287380 2066.7
1287390 2066.7
1287400 2069.0
1287410 2070.1
1287420 2070.1
1287430 2070.1
1287440 2069.1
1287450 2069.1
1287460 2066.1
1287470 2062.6
1287480 2058.5
1287490 2058.5
1287500 2053.6
1287510 2048.4
1287520 2048.4
1287530 2045.1
1287540 2041.3
1287550 2041.3
1287560 2037.4
1287570 2033.4
1287580 2033.4
1287590 2030.0
1287600 2025.1
1287610 2025.1
1287620 2020.4
1287630 2019.6
1287640 2020.2
1287650 2029.4
1287660 2036.4
1287670 2036.4
1287680 2039.8
1287690 2042.4
1287700 2045.6
1287710 2045.6
1287720 2048.2
1287730 2050.3
1287740 2050.3
1287750 2052.8
1287760 2055.7
1287770 2055.7
1287780 2059.5
1287790 2064.3
1287800 2064.3
1287810 2069.5
1287820 2075.3
1287830 2075.3
1287840 2081.5
1287850 2087.7
1287860 2087.7
1287870 2092.9
1287880 2097.8
1287890 2097.8
1287900 2102.7
1287910 2107.9
1287920 2107.9
1287930 2113.1
1287940 2118.0
1287950 2122.7
1287960 2122.7
1287970 2127.2
1287980 2131.8
1287990 2131.8
1288000 2136.2
1288010 2140.0
1288020 2140.0
1288030 2143.5
1288040 2147.3
1288050 2147.3
1288060 2151.1
1288070 2155.4
1288080 2155.4
1288090 2160.1
1288100 2165.0
1288110 2165.0
1288120 2169.9
1288130 2174.6
1288140 2174.6
1288150 2179.2
1288160 2183.6
1288170 2188.3
1288180 2188.3
1288190 2193.2
1288200 2198.3
1288210 2198.3
1288220 2203.9
1288230 2209.5
1288240 2209.5
1288250 2215.1
1288260 2220.3
1288270 2220.3
1288280 2225.5
1288290 2229.0
1288300 2229.0
1288310 2234.1
1288320 2239.2
1288330 2239.2
1288340 2243.9
1288350 2247.9
1288360 2247.9
1288370 2251.8
1288380 2255.5
1288390 2258.8
1288400 2258.8
1288410 2261.1
1288420 2258.0
1288430 2258.0
1288440 2250.5
1288450 2243.0
1288460 2243.0
1288470 2234.6
1288480 2225.4
1288490 2225.4
1288500 2216.0
1288510 2202.9
1288520 2202.9
1288530 2191.9
1288540 2183.1
1288550 2183.1
1288560 2173.7
1288570 2163.9
1288580 2163.9
1288590 2151.0
1288600 2140.2
1288610 2131.0
1288620 2131.0
1288630 2124.0
1288640 2117.7
1288650 2117.7
1288660 2112.3
1288670 2108.3
1288680 2108.3
1288690 2105.3
1288700 2102.0
1288710 2102.0
1288720 2098.1
1288730 2094.2
1288740 2094.2
1288750 2091.3
1288760 2088.4
1288770 2088.4
1288780 2085.3
1288790 2082.7
1288800 2082.7
1288810 2079.4
1288820 2072.4
1288830 2065.4
1288840 2065.4
1288850 2058.9
1288860 2053.9
1288870 2053.9
1288880 2049.2
1288890 2046.7
1288900 2046.7
1288910 2044.1
1288920 2039.0
1288930 2039.0
1288940 2031.7
1288950 2028.5
1288960 2028.5
1288970 2025.1
1288980 2019.0
1288990 2019.0
1289000 2011.7
1289010 2005.3
1289020 2005.3
1289030 1998.4
1289040 1992.4
1289050 1987.1
1289060 1987.1
1289070 1981.4
1289080 1975.9
1289090 1975.9
1289100 1970.1
1289110 1964.7
1289120 1964.7
1289130 1959.7
1289140 1955.6
1289150 1955.6
1289160 1951.8
1289170 1949.1
1289180 1949.1
1289190 1947.4
1289200 1946.5
1289210 1946.5
1289220 1947.5
1289230 1946.8
1289240 1946.8
1289250 1945.9
1289260 1946.3
1289270 1946.8
1289280 1946.8
1289290 1946.3
1289300 1944.9
1289310 1944.9
1289320 1943.1
1289330 1940.6
1289340 1940.6
1289350 1936.5
1289360 1932.3
1289370 1932.3
1289380 1927.5
1289390 1921.3
1289400 1921.3
1289410 1913.3
1289420 1904.3
1289430 1904.3
1289440 1893.6
1289450 1881.5
1289460 1881.5
1289470 1871.9
1289480 1863.8
1289490 1855.4
1289500 1855.4
1289510 1846.1
1289520 1837.6
1289530 1837.6
1289540 1833.8
1289550 1830.4
1289560 1830.4
1289570 1824.7
1289580 1818.6
1289590 1812.0
1289600 1806.5
1289610 1800.3
1289620 1800.3
1289630 1791.6
1289640 1781.5
1289650 1781.5
1289660 1773.0
1289670 1764.3
1289680 1764.3
1289690 1756.5
1289700 1749.4
1289710 1749.4
1289720 1741.8
1289730 1734.0
1289740 1726.9
1289750 1726.9
1289760 1716.3
1289770 1704.8
1289780 1704.8
1289790 1696.4
1289800 1693.0
1289810 1693.0
1289820 1686.1
1289830 1677.1
1289840 1677.1
1289850 1668.5
1289860 1658.4
1289870 1658.4
1289880 1644.6
1289890 1632.5
1289900 1632.5
1289910 1625.8
1289920 1627.4
1289930 1627.4
1289940 1629.8
1289950 1635.4
1289960 1637.6
1289970 1637.6
1289980 1636.7
1289990 1635.8
1290000 1635.8
1290010 1634.3
1290020 1632.5
1290030 1632.5
1290040 1631.0
1290050 1628.8
1290060 1628.8
1290070 1625.9
1290080 1622.4
1290090 1622.4
1290100 1617.7
1290110 1613.0
1290120 1613.0
1290130 1610.7
1290140 1610.3
1290150 1610.3
1290160 1609.8
1290170 1608.9
1290180 1607.5
1290190 1607.5
1290200 1605.4
1290210 1603.0
1290220 1603.0
1290230 1600.6
1290240 1592.4
1290250 1592.4
1290260 1590.6
1290270 1588.5
1290280 1588.5
1290290 1585.7
1290300 1581.4
1290310 1581.4
1290320 1577.2
1290330 1574.2
1290340 1574.2
1290350 1571.7
1290360 1568.3
1290370 1568.3
1290380 1565.3
1290390 1563.0
1290400 1561.0
1290410 1561.0
1290420 1556.0
1290430 1550.4
1290440 1550.4
1290450 1544.1
1290460 1537.6
1290470 1537.6
1290480 1535.3
1290490 1540.3
1290500 1540.3
1290510 1549.6
1290520 1556.4
1290530 1556.4
1290540 1562.8
1290550 1569.4
1290560 1569.4
1290570 1575.6
1290580 1581.8
1290590 1581.8
1290600 1587.5
1290610 1591.4
1290620 1595.5
1290630 1595.5
1290640 1599.5
1290650 1604.1
1290660 1604.1
1290670 1608.8
1290680 1613.4
1290690 1613.4
1290700 1619.4
1290710 1625.4
1290720 1625.4
1290730 1630.3
1290740 1634.2
1290750 1634.2
1290760 1638.1
1290770 1642.7
1290780 1642.7
1290790 1648.4
1290800 1655.6
1290810 1655.6
1290820 1663.2
1290830 1670.8
1290840 1678.6
1290850 1678.6
1290860 1686.2
1290870 1693.6
1290880 1693.6
1290890 1704.6
1290900 1712.3
1290910 1712.3
1290920 1719.7
1290930 1726.3
1290940 1726.3
1290950 1733.2
1290960 1739.9
1290970 1739.9
1290980 1745.8
1290990 1751.8
1291000 1751.8
1291010 1758.1
1291020 1763.8
1291030 1763.8
1291040 1768.9
1291050 1773.6
1291060 1778.7
1291070 1778.7
1291080 1783.5
1291090 1787.7
1291100 1787.7
1291110 1791.4
1291120 1794.9
1291130 1794.9
1291140 1798.2
1291150 1802.6
1291160 1802.6
1291170 1807.2
1291180 1811.5
1291190 1811.5
1291200 1815.2
1291210 1818.4
1291220 1818.4
1291230 1821.9
1291240 1825.2
1291250 1825.2
1291260 1827.4
1291270 1829.3
1291280 1830.8
1291290 1830.8
1291300 1834.5
1291310 1837.4
1291320 1837.4
1291330 1839.1
1291340 1841.9
1291350 1841.9
1291360 1845.3
1291370 1848.1
1291380 1848.1
1291390 1850.3
1291400 1851.9
1291410 1851.9
1291420 1852.8
1291430 1853.3
1291440 1853.3
1291450 1855.2
1291460 1857.3
1291470 1857.3
1291480 1860.4
1291490 1864.5
1291500 1869.4
1291510 1869.4
1291520 1873.6
1291530 1878.1
1291540 1878.1
1291550 1888.4
1291560 1894.5
1291570 1894.5
1291580 1900.9
1291590 1907.5
1291600 1907.5
1291610 1914.3
1291620 1920.9
1291630 1920.9
1291640 1927.2
1291650 1933.2
1291660 1933.2
1291670 1937.4
1291680 1939.2
1291690 1939.2
1291700 1939.1
1291710 1939.3
1291720 1939.3
1291730 1938.8
1291740 1933.8
1291750 1929.5
1291760 1929.5
1291770 1927.4
1291780 1927.0
1291790 1927.0
1291800 1927.4
1291810 1928.3
1291820 1928.3
1291830 1928.8
1291840 1930.0
1291850 1930.0
1291860 1931.7
1291870 1934.7
1291880 1934.7
1291890 1938.6
1291900 1942.3
1291910 1942.3
1291920 1945.0
1291930 1947.1
1291940 1947.1
1291950 1948.9
1291960 1951.6
1291970 1954.1
1291980 1954.1
1291990 1955.8
1292000 1956.5
1292010 1956.5
1292020 1956.2
1292030 1955.8
1292040 1955.8
1292050 1954.4
1292060 1951.5
1292070 1951.5
1292080 1949.7
1292090 1949.7
1292100 1949.7
1292110 1949.4
1292120 1949.0
1292130 1949.0
1292140 1949.8
1292150 1953.3
1292160 1953.3
1292170 1957.7
1292180 1961.6
1292190 1964.8
1292200 1964.8
1292210 1972.2
1292220 1975.5
1292230 1975.5
1292240 1980.9
1292250 1994.1
1292260 1994.1
1292270 2003.0
1292280 2005.1
1292290 2005.1
1292300 2007.2
1292310 2010.1
1292320 2010.1
1292330 2011.3
1292340 2011.3
1292350 2011.3
1292360 2012.0
1292370 2012.9
1292380 2012.9
1292390 2012.9
1292400 1998.2
1292410 1987.3
1292420 1987.3
1292430 1986.0
1292440 1983.7
1292450 1983.7
1292460 1981.2
1292470 1976.9
1292480 1976.9
1292490 1976.3
1292500 1975.4
1292510 1975.4
1292520 1974.6
1292530 1975.4
1292540 1975.4
1292550 1975.6
1292560 1971.7
1292570 1971.7
1292580 1957.6
1292590 1943.4
1292600 1943.4
1292610 1925.6
1292620 1904.8
1292630 1894.0
1292640 1894.0
1292650 1889.8
1292660 1889.0
1292670 1889.0
1292680 1888.6
1292690 1878.8
1292700 1878.8
1292710 1859.9
1292720 1842.9
1292730 1842.9
1292740 1830.0
1292750 1822.3
1292760 1822.3
1292770 1817.4
1292780 1813.0
1292790 1813.0
1292800 1809.0
1292810 1803.9
1292820 1803.9
1292830 1798.2
1292840 1793.8
1292850 1788.7
1292860 1788.7
1292870 1786.7
1292880 1779.9
1292890 1779.9
1292900 1774.6
1292910 1768.5
1292920 1768.5
1292930 1763.2
1292940 1755.5
1292950 1755.5
1292960 1743.6
1292970 1736.7
1292980 1736.7
1292990 1730.0
1293000 1724.1
1293010 1724.1
1293020 1719.9
1293030 1716.5
1293040 1716.5
1293050 1712.5
1293060 1709.0
1293070 1706.1
1293080 1706.1
1293090 1702.6
1293100 1698.9
1293110 1698.9
1293120 1695.1
1293130 1691.4
1293140 1691.4
1293150 1688.2
1293160 1685.2
1293170 1685.2
1293180 1682.0
1293190 1679.0
1293200 1679.0
1293210 1676.1
1293220 1673.7
1293230 1673.7
1293240 1671.6
1293250 1669.5
1293260 1669.5
1293270 1668.1
1293280 1667.6
1293290 1667.5
1293300 1667.5
1293310 1667.8
1293320 1668.0
1293330 1668.0
1293340 1668.7
1293350 1669.2
1293360 1669.2
1293370 1670.3
1293380 1672.2
1293390 1672.2
1293400 1674.4
1293410 1676.4
1293420 1676.4
1293430 1678.4
1293440 1680.3
1293450 1680.3
1293460 1682.3
1293470 1684.9
1293480 1684.9
1293490 1687.2
1293500 1689.6
1293510 1692.3
1293520 1692.3
1293530 1694.5
1293540 1697.1
1293550 1697.1
1293560 1699.8
1293570 1703.0
1293580 1703.0
1293590 1706.3
1293600 1710.0
1293610 1710.0
1293620 1713.6
1293630 1717.6
1293640 1717.6
1293650 1721.7
1293660 1725.8
1293670 1725.8
1293680 1729.1
1293690 1732.6
1293700 1732.6
1293710 1736.5
1293720 1740.5
1293730 1743.3
1293740 1743.3
1293750 1746.5
1293760 1750.9
1293770 1750.9
1293780 1754.3
1293790 1757.6
1293800 1757.6
1293810 1760.9
1293820 1768.4
1293830 1768.4
1293840 1780.8
1293850 1790.4
1293860 1790.4
1293870 1800.1
1293880 1810.0
1293890 1810.0
1293900 1817.7
1293910 1822.8
1293920 1822.8
1293930 1829.5
1293940 1837.0
1293950 1837.0
1293960 1844.0
1293970 1851.3
1293980 1859.6
1293990 1859.6
1294000 1868.7
1294010 1880.3
1294020 1880.3
1294030 1891.9
1294040 1903.6
1294050 1903.6
1294060 1917.1
1294070 1929.8
1294080 1929.8
1294090 1937.6
1294100 1943.7
1294110 1943.7
1294120 1951.2
1294130 1955.2
1294140 1955.2
1294150 1954.0
1294160 1954.9
1294170 1954.9
1294180 1957.1
1294190 1967.3
1294200 1971.7
1294210 1971.7
1294220 1976.4
1294230 1982.3
1294240 1982.3
1294250 1991.8
1294260 2003.3
1294270 2003.3
1294280 2017.5
1294290 2032.7
1294300 2032.7
1294310 2043.7
1294320 2051.0
1294330 2051.0
1294340 2057.8
1294350 2065.0
1294360 2065.0
1294370 2072.8
1294380 2080.3
1294390 2080.3
1294400 2084.3
1294410 2087.8
1294420 2094.9
1294430 2094.9
1294440 2107.7
1294450 2118.3
1294460 2118.3
1294470 2126.9
1294480 2134.9
1294490 2134.9
1294500 2142.2
1294510 2149.9
1294520 2149.9
1294530 2155.4
1294540 2158.5
1294550 2158.5
1294560 2163.7
1294570 2169.2
1294580 2169.2
1294590 2170.8
1294600 2172.0
1294610 2172.0
1294620 2175.4
1294630 2179.2
1294640 2180.6
1294650 2180.6
1294660 2183.3
1294670 2187.4
1294680 2187.4
1294690 2190.9
1294700 2195.3
1294710 2195.3
1294720 2200.1
1294730 2205.7
1294740 2205.7
1294750 2213.2
1294760 2221.7
1294770 2221.7
1294780 2229.3
1294790 2236.0
1294800 2236.0
1294810 2242.0
1294820 2247.1
1294830 2247.1
1294840 2252.0
1294850 2255.3
1294860 2251.5
1294870 2251.5
1294880 2256.7
1294890 2262.1
1294900 2262.1
1294910 2267.9
1294920 2273.2
1294930 2273.2
1294940 2278.7
1294950 2285.3
1294960 2285.3
1294970 2292.4
1294980 2299.1
1294990 2299.1
1295000 2305.5
1295010 2310.9
1295020 2310.9
1295030 2316.5
1295040 2322.5
1295050 2322.5
1295060 2330.0
1295070 2335.9
1295080 2341.5
1295090 2341.5
1295100 2349.1
1295110 2356.8
1295120 2356.8
1295130 2362.4
1295140 2367.5
1295150 2367.5
1295160 2373.2
1295170 2379.0
1295180 2379.0
1295190 2384.8
1295200 2391.7
1295210 2391.7
1295220 2398.7
1295230 2406.0
1295240 2406.0
1295250 2413.2
1295260 2420.6
1295270 2420.6
1295280 2428.1
1295290 2435.5
1295300 2442.9
1295310 2442.9
1295320 2449.9
1295330 2456.7
1295340 2456.7
1295350 2463.9
1295360 2471.4
1295370 2471.4
1295380 2478.7
1295390 2485.4
1295400 2485.4
1295410 2491.8
1295420 2497.6
1295430 2497.6
1295440 2491.4
1295450 2475.2
1295460 2475.2
1295470 2462.0
1295480 2450.7
1295490 2450.7
1295500 2438.9
1295510 2428.6
1295520 2421.0
1295530 2422.0
1295540 2415.9
1295550 2409.8
1295560 2409.8
1295570 2404.6
1295580 2399.1
1295590 2399.1
1295600 2393.1
1295610 2388.0
1295620 2388.0
1295630 2383.8
1295640 2380.3
1295650 2380.3
1295660 2376.8
1295670 2372.2
1295680 2372.2
1295690 2367.6
1295700 2363.8
1295710 2363.8
1295720 2360.8
1295730 2357.4
1295740 2354.4
1295750 2354.4
1295760 2354.3
1295770 2355.0
1295780 2355.0
1295790 2353.7
1295800 2348.0
1295810 2348.0
1295820 2345.3
1295830 2344.5
1295840 2344.5
1295850 2340.2
1295860 2329.8
1295870 2329.8
1295880 2318.8
1295890 2309.2
1295900 2309.2
1295910 2301.4
1295920 2294.4
1295930 2294.4
1295940 2287.7
1295950 2280.0
1295960 2280.0
1295970 2273.8
1295980 2268.0
1295990 2264.5
1296000 2264.5
1296010 2259.9
1296020 2259.0
1296030 2259.0
1296040 2257.1
1296050 2255.0
1296060 2255.0
1296070 2252.1
1296080 2247.1
1296090 2247.1
1296100 2242.1
1296110 2247.3
1296120 2247.3
1296130 2250.1
1296140 2249.1
1296150 2249.1
1296160 2249.5
1296170 2250.6
1296180 2250.6
1296190 2251.5
1296200 2252.3
1296210 2259.1
1296220 2259.1
1296230 2259.8
1296240 2258.9
1296250 2258.9
1296260 2257.4
1296270 2255.6
1296280 2255.6
1296290 2253.7
1296300 2253.9
1296310 2253.9
1296320 2255.3
1296330 2255.6
1296340 2255.6
1296350 2255.4
1296360 2255.6
1296370 2255.6
1296380 2255.9
1296390 2257.1
1296400 2257.1
1296410 2258.9
1296420 2260.2
1296430 2261.2
1296440 2261.2
1296450 2262.2
1296460 2262.9
1296470 2262.9
1296480 2263.7
1296490 2265.5
1296500 2265.5
1296510 2267.3
1296520 2268.7
1296530 2268.7
1296540 2269.6
1296550 2270.6
1296560 2270.6
1296570 2271.7
1296580 2273.4
1296590 2273.4
1296600 2275.9
1296610 2279.0
1296620 2279.0
1296630 2282.3
1296640 2285.2
1296650 2286.8
1296660 2286.8
1296670 2286.8
1296680 2288.1
1296690 2288.1
1296700 2290.9
1296710 2294.0
1296720 2294.0
1296730 2297.9
1296740 2302.7
1296750 2302.7
1296760 2307.6
1296770 2311.3
1296780 2311.3
1296790 2314.1
1296800 2315.1
1296810 2315.1
1296820 2316.0
1296830 2317.3
1296840 2317.3
1296850 2318.5
1296860 2319.5
1296870 2320.3
1296880 2317.5
1296890 2317.0
1296900 2316.3
1296910 2316.3
1296920 2315.5
1296930 2312.4
1296940 2312.4
1296950 2309.1
1296960 2303.6
1296970 2303.6
1296980 2295.9
1296990 2292.3
1297000 2292.3
1297010 2288.6
1297020 2285.5
1297030 2285.5
1297040 2283.1
1297050 2281.9
1297060 2281.9
1297070 2280.6
1297080 2278.8
1297090 2275.6
1297100 2275.6
1297110 2274.0
1297120 2269.5
1297130 2269.5
1297140 2264.8
1297150 2263.4
1297160 2263.4
1297170 2259.8
1297180 2254.3
1297190 2254.3
1297200 2249.8
1297210 2247.4
1297220 2247.4
1297230 2243.3
1297240 2238.7
1297250 2238.7
1297260 2234.2
1297270 2230.0
1297280 2230.0
1297290 2226.5
1297300 2222.5
1297310 2216.9
1297320 2216.9
1297330 2211.7
1297340 2206.5
1297350 2206.5
1297360 2200.6
1297370 2195.7
1297380 2195.7
1297390 2191.7
1297400 2186.7
1297410 2186.7
1297420 2182.7
1297430 2178.9
1297440 2178.9
1297450 2174.4
1297460 2168.8
1297470 2168.8
1297480 2163.2
1297490 2158.0
1297500 2158.0
1297510 2153.3
1297520 2148.9
1297530 2145.2
1297540 2145.2
1297550 2141.9
1297560 2138.7
1297570 2138.7
1297580 2136.2
1297590 2133.5
1297600 2133.5
1297610 2131.3
1297620 2129.1
1297630 2129.1
1297640 2126.3
1297650 2123.8
1297660 2123.8
1297670 2121.0
1297680 2116.6
1297690 2116.6
1297700 2115.5
1297710 2116.2
1297720 2116.2
1297730 2114.9
1297740 2112.3
1297750 2106.7
1297760 2106.7
1297770 2101.1
1297780 2095.5
1297790 2095.5
1297800 2090.7
1297810 2088.0
1297820 2088.0
1297830 2087.0
1297840 2084.9
1297850 2084.9
1297860 2082.4
1297870 2080.5
1297880 2080.5
1297890 2079.3
1297900 2078.3
1297910 2078.3
1297920 2076.2
1297930 2073.3
1297940 2073.3
1297950 2068.6
1297960 2061.8
1297970 2061.8
1297980 2054.7
1297990 2047.7
1298000 2040.5
1298010 2040.5
1298020 2034.5
1298030 2029.6
1298040 2029.6
1298050 2024.9
1298060 2019.6
1298070 2019.6
1298080 2012.5
1298090 2010.2
1298100 2010.2
1298110 2011.2
1298120 2013.6
1298130 2013.6
1298140 2018.6
1298150 2024.3
1298160 2024.3
1298170 2024.7
1298180 2021.2
1298190 2021.2
1298200 2015.2
1298210 2011.3
1298220 2012.7
1298230 2012.7
1298240 2014.5
1298250 2010.9
1298260 2010.9
1298270 2006.3
1298280 1999.8
1298290 1999.8
1298300 1993.8
1298310 1991.9
1298320 1991.9
1298330 1992.4
1298340 1990.3
1298350 1990.3
1298360 1985.0
1298370 1977.4
1298380 1977.4
1298390 1970.2
1298400 1969.7
1298410 1969.7
1298420 1973.6
1298430 1975.6
1298440 1972.7
1298450 1972.7
1298460 1970.4
1298470 1968.8
1298480 1968.8
1298490 1966.5
1298500 1964.3
1298510 1964.3
1298520 1961.4
1298530 1961.0
1298540 1961.0
1298550 1962.4
1298560 1965.9
1298570 1965.9
1298580 1969.3
1298590 1971.6
1298600 1971.6
1298610 1971.7
1298620 1971.6
1298630 1971.6
1298640 1971.3
1298650 1970.0
1298660 1969.2
1298670 1969.2
1298680 1969.1
1298690 1968.7
1298700 1968.7
1298710 1966.6
1298720 1963.8
1298730 1963.8
1298740 1962.0
1298750 1960.7
1298760 1960.7
1298770 1959.3
1298780 1958.7
1298790 1958.7
1298800 1957.7
1298810 1954.9
1298820 1954.9
1298830 1945.0
1298840 1933.2
1298850 1933.2
1298860 1924.6
1298870 1918.1
1298880 1913.0
1298890 1913.0
1298900 1910.6
1298910 1906.4
1298920 1895.9
1298930 1894.3
1298940 1881.8
1298950 1881.8
1298960 1863.5
1298970 1852.1
1298980 1852.1
1298990 1845.6
1299000 1838.4
1299010 1838.4
1299020 1831.7
1299030 1825.9
1299040 1825.9
1299050 1821.1
1299060 1815.6
1299070 1815.6
1299080 1809.9
1299090 1805.4
1299100 1801.9
1299110 1801.9
1299120 1797.9
1299130 1794.4
1299140 1794.4
1299150 1790.9
1299160 1786.8
1299170 1786.8
1299180 1783.0
1299190 1780.7
1299200 1780.7
1299210 1779.9
1299220 1779.6
1299230 1779.6
1299240 1780.1
1299250 1781.0
1299260 1781.0
1299270 1782.3
1299280 1784.0
1299290 1784.0
1299300 1786.1
1299310 1787.9
1299320 1788.4
1299330 1788.4
1299340 1787.9
1299350 1787.3
1299360 1787.3
1299370 1787.5
1299380 1787.4
1299390 1787.4
1299400 1787.4
1299410 1787.2
1299420 1787.2
1299430 1785.8
1299440 1785.0
1299450 1785.0
1299460 1784.5
1299470 1780.8
1299480 1780.8
1299490 1774.4
1299500 1770.1
1299510 1770.1
1299520 1767.1
1299530 1764.7
1299540 1760.1
1299550 1760.1
1299560 1755.9
1299570 1752.1
1299580 1752.1
1299590 1749.5
1299600 1740.2
1299610 1740.0
1299620 1733.0
1299630 1728.0
1299640 1728.0
1299650 1722.6
1299660 1718.0
1299670 1718.0
1299680 1712.0
1299690 1705.3
1299700 1705.3
1299710 1703.3
1299720 1710.7
1299730 1710.7
1299740 1715.2
1299750 1716.6
1299760 1717.9
1299770 1717.9
1299780 1719.9
1299790 1722.3
1299800 1722.3
1299810 1724.3
1299820 1727.6
1299830 1727.6
1299840 1729.9
1299850 1732.2
1299860 1732.2
1299870 1735.1
1299880 1738.7
1299890 1738.7
1299900 1741.7
1299910 1745.3
1299920 1745.3
1299930 1749.6
1299940 1755.0
1299950 1755.0
1299960 1761.4
1299970 1767.7
1299980 1774.1
1299990 1774.1
