1280000 1893.8
1280010 1897.6
1280020 1900.9
1280030 1900.9
1280040 1906.3
1280050 1913.9
1280060 1913.9
1280070 1920.7
1280080 1927.6
1280090 1933.4
1280100 1933.4
1280110 1938.0
1280120 1941.9
1280130 1941.9
1280140 1945.5
1280150 1949.9
1280160 1949.9
1280170 1954.0
1280180 1957.7
1280190 1957.7
1280200 1960.5
1280210 1963.2
1280220 1963.2
1280230 1965.9
1280240 1968.3
1280250 1968.3
1280260 1970.6
1280270 1972.3
1280280 1972.3
1280290 1970.5
1280300 1966.1
1280310 1961.4
1280320 1961.4
1280330 1956.5
1280340 1951.5
1280350 1951.5
1280360 1946.7
1280370 1941.1
1280380 1941.1
1280390 1934.8
1280400 1928.4
1280410 1928.4
1280420 1922.1
1280430 1915.0
1280440 1915.0
1280450 1907.2
1280460 1899.6
1280470 1899.6
1280480 1892.4
1280490 1885.9
1280500 1885.9
1280510 1879.6
1280520 1873.9
1280530 1868.1
1280540 1862.3
1280550 1856.3
1280560 1850.1
1280570 1850.1
1280580 1843.8
1280590 1837.5
1280600 1837.5
1280610 1830.4
1280620 1823.2
1280630 1823.2
1280640 1815.7
1280650 1808.4
1280660 1808.4
1280670 1801.4
1280680 1800.7
1280690 1800.7
1280700 1803.9
1280710 1805.6
1280720 1805.6
1280730 1808.2
1280740 1810.1
1280750 1811.9
1280760 1811.9
1280770 1813.5
1280780 1815.1
1280790 1815.1
1280800 1816.2
1280810 1818.6
1280820 1818.6
1280830 1822.7
1280840 1826.7
1280850 1826.7
1280860 1829.7
1280870 1830.1
1280880 1830.1
1280890 1828.2
1280900 1823.9
1280910 1823.9
1280920 1817.4
1280930 1817.1
1280940 1817.1
1280950 1822.1
1280960 1826.8
1280970 1831.1
1280980 1831.1
1280990 1835.3
1281000 1839.2
1281010 1839.2
1281020 1843.2
1281030 1846.3
1281040 1846.3
1281050 1847.4
1281060 1846.7
1281070 1846.7
1281080 1845.8
1281090 1844.4
1281100 1844.4
1281110 1843.0
1281120 1842.1
1281130 1842.1
1281140 1841.4
1281150 1839.4
1281160 1832.6
1281170 1829.6
1281180 1828.0
1281190 1828.0
1281200 1828.0
1281210 1826.3
1281220 1822.3
1281230 1822.3
1281240 1810.6
1281250 1807.7
1281260 1807.7
1281270 1808.0
1281280 1793.5
1281290 1793.5
1281300 1781.9
1281310 1781.1
1281320 1781.1
1281330 1785.5
1281340 1791.7
1281350 1791.7
1281360 1798.2
1281370 1806.1
1281380 1806.1
1281390 1815.7
1281400 1827.7
1281410 1839.5
1281420 1839.5
1281430 1848.4
1281440 1856.4
1281450 1856.4
1281460 1864.9
1281470 1872.4
1281480 1872.4
1281490 1879.8
1281500 1886.5
1281510 1886.5
1281520 1893.0
1281530 1899.2
1281540 1899.2
1281550 1905.4
1281560 1911.3
1281570 1911.3
1281580 1916.9
1281590 1922.7
1281600 1922.7
1281610 1928.1
1281620 1933.5
1281630 1938.7
1281640 1938.7
1281650 1943.9
1281660 1949.1
1281670 1949.1
1281680 1954.7
1281690 1960.5
1281700 1960.5
1281710 1966.0
1281720 1971.6
1281730 1971.6
1281740 1977.3
1281750 1983.0
1281760 1983.0
1281770 1988.1
1281780 1993.2
1281790 1987.6
1281800 1992.6
1281810 1997.4
1281820 1997.4
1281830 2001.5
1281840 2005.5
1281850 2010.8
1281860 2010.8
1281870 2018.3
1281880 2026.6
1281890 2026.6
1281900 2034.2
1281910 2041.6
1281920 2041.6
1281930 2049.1
1281940 2056.6
1281950 2056.6
1281960 2064.1
1281970 2071.4
1281980 2071.4
1281990 2078.6
1282000 2085.7
1282010 2085.7
1282020 2092.9
1282030 2100.3
1282040 2100.3
1282050 2108.1
1282060 2115.5
1282070 2115.5
1282080 2122.8
1282090 2130.0
1282100 2137.0
1282110 2137.0
1282120 2143.7
1282130 2150.7
1282140 2150.7
1282150 2157.9
1282160 2162.3
1282170 2162.3
1282180 2161.1
1282190 2163.3
1282200 2163.3
1282210 2167.8
1282220 2168.0
1282230 2168.0
1282240 2166.0
1282250 2168.1
1282260 2168.1
1282270 2166.3
1282280 2157.5
1282290 2157.5
1282300 2141.6
1282310 2133.1
1282320 2138.2
1282330 2138.2
1282340 2133.2
1282350 2124.0
1282360 2124.0
1282370 2114.9
1282380 2106.1
1282390 2106.1
1282400 2098.1
1282410 2090.7
1282420 2090.7
1282430 2083.5
1282440 2075.6
1282450 2075.6
1282460 2066.7
1282470 2056.8
1282480 2056.8
1282490 2048.0
1282500 2043.0
1282510 2043.0
1282520 2038.4
1282530 2030.2
1282540 2016.6
1282550 2016.6
1282560 2019.7
1282570 2025.4
1282580 2025.4
1282590 2024.9
1282600 2025.5
1282610 2025.5
1282620 2027.3
1282630 2029.1
1282640 2029.1
1282650 2030.6
1282660 2025.0
1282670 2025.0
1282680 2012.8
1282690 1999.1
1282700 1999.1
1282710 1986.4
1282720 1981.3
1282730 1981.3
1282740 1977.2
1282750 1968.4
1282760 1956.5
1282770 1956.5
1282780 1954.1
1282790 1948.1
1282800 1948.1
1282810 1942.8
1282820 1938.4
1282830 1938.4
1282840 1933.5
1282850 1929.2
1282860 1929.2
1282870 1925.7
1282880 1921.2
1282890 1921.2
1282900 1918.3
1282910 1916.9
1282920 1916.9
1282930 1918.2
1282940 1917.2
1282950 1917.2
1282960 1912.0
1282970 1902.9
1282980 1887.8
1282990 1887.8
1283000 1885.0
1283010 1890.2
1283020 1890.2
1283030 1887.1
1283040 1873.9
1283050 1873.9
1283060 1868.1
1283070 1865.2
1283080 1865.2
1283090 1861.9
1283100 1857.7
1283110 1857.7
1283120 1854.6
1283130 1850.3
1283140 1850.3
1283150 1848.2
1283160 1846.7
1283170 1846.7
1283180 1845.3
1283190 1842.9
1283200 1839.5
1283210 1839.5
1283220 1835.4
1283230 1831.9
1283240 1831.9
1283250 1831.3
1283260 1830.5
1283270 1830.5
1283280 1828.9
1283290 1828.6
1283300 1828.6
1283310 1829.6
1283320 1831.4
1283330 1831.4
1283340 1831.8
1283350 1829.8
1283360 1829.8
1283370 1826.5
1283380 1823.5
1283390 1823.5
1283400 1821.7
1283410 1820.1
1283420 1817.3
1283430 1817.3
1283440 1814.5
1283450 1813.6
1283460 1813.6
1283470 1813.8
1283480 1815.3
1283490 1815.3
1283500 1817.1
1283510 1817.8
1283520 1817.8
1283530 1817.0
1283540 1815.0
1283550 1815.0
1283560 1813.3
1283570 1811.9
1283580 1811.9
1283590 1811.1
1283600 1811.1
1283610 1811.1
1283620 1811.9
1283630 1812.5
1283640 1811.9
1283650 1811.9
1283660 1810.5
1283670 1803.9
1283680 1803.9
1283690 1802.9
1283700 1804.1
1283710 1804.1
1283720 1804.7
1283730 1805.0
1283740 1805.0
1283750 1805.5
1283760 1805.5
1283770 1805.5
1283780 1805.2
1283790 1804.3
1283800 1804.3
1283810 1803.4
1283820 1804.2
1283830 1804.2
1283840 1804.6
1283850 1805.4
1283860 1805.4
1283870 1806.5
1283880 1807.3
1283890 1807.2
1283900 1807.2
1283910 1807.4
1283920 1808.2
1283930 1808.2
1283940 1809.1
1283950 1810.3
1283960 1810.3
1283970 1812.0
1283980 1813.8
1283990 1813.8
1284000 1815.4
1284010 1816.9
1284020 1816.9
1284030 1818.4
1284040 1820.2
1284050 1820.2
1284060 1821.9
1284070 1823.7
1284080 1823.7
1284090 1825.3
1284100 1827.5
1284110 1829.3
1284120 1829.3
1284130 1831.0
1284140 1832.8
1284150 1832.8
1284160 1834.7
1284170 1836.6
1284180 1836.6
1284190 1838.5
1284200 1840.3
1284210 1840.3
1284220 1842.1
1284230 1843.9
1284240 1843.9
1284250 1846.1
1284260 1848.1
1284270 1848.1
1284280 1849.4
1284290 1851.0
1284300 1850.4
1284310 1852.3
1284320 1853.7
1284330 1854.7
1284340 1854.7
1284350 1855.8
1284360 1856.6
1284370 1856.6
1284380 1857.2
1284390 1859.8
1284400 1859.8
1284410 1864.1
1284420 1869.0
1284430 1869.0
1284440 1873.7
1284450 1878.9
1284460 1878.9
1284470 1884.4
1284480 1890.3
1284490 1890.3
1284500 1896.3
1284510 1901.7
1284520 1901.7
1284530 1908.0
1284540 1914.7
1284550 1919.8
1284560 1919.8
1284570 1923.8
1284580 1927.9
1284590 1927.9
1284600 1932.9
1284610 1938.7
1284620 1938.7
1284630 1944.3
1284640 1948.8
1284650 1948.8
1284660 1953.3
1284670 1958.4
1284680 1958.4
1284690 1963.0
1284700 1967.1
1284710 1967.1
1284720 1971.2
1284730 1977.0
1284740 1977.0
1284750 1983.0
1284760 1987.8
1284770 1991.8
1284780 1991.8
1284790 1998.0
1284800 2004.4
1284810 2004.4
1284820 2010.2
1284830 2016.1
1284840 2016.1
1284850 2021.8
1284860 2028.2
1284870 2028.2
1284880 2035.1
1284890 2041.2
1284900 2041.2
1284910 2046.9
1284920 2052.2
1284930 2052.2
1284940 2058.2
1284950 2066.8
1284960 2066.8
1284970 2075.7
1284980 2084.3
1284990 2090.0
1285000 2090.0
1285010 2094.1
1285020 2097.6
1285030 2097.6
1285040 2100.4
1285050 2102.8
1285060 2102.8
1285070 2105.3
1285080 2107.9
1285090 2107.9
1285100 2110.7
1285110 2113.8
1285120 2113.8
1285130 2116.5
1285140 2119.1
1285150 2119.1
1285160 2120.8
1285170 2122.6
1285180 2122.6
1285190 2124.5
1285200 2126.0
1285210 2128.8
1285220 2128.8
1285230 2131.3
1285240 2133.6
1285250 2133.6
1285260 2136.8
1285270 2142.6
1285280 2142.6
1285290 2149.7
1285300 2154.4
1285310 2154.4
1285320 2158.7
1285330 2165.0
1285340 2165.0
1285350 2171.5
1285360 2177.7
1285370 2177.7
1285380 2184.4
1285390 2190.6
1285400 2190.6
1285410 2196.4
1285420 2201.1
1285430 2206.1
1285440 2206.1
1285450 2211.2
1285460 2216.0
1285470 2216.0
1285480 2220.1
1285490 2222.5
1285500 2222.5
1285510 2225.8
1285520 2227.5
1285530 2227.5
1285540 2230.5
1285550 2235.1
1285560 2235.1
1285570 2241.7
1285580 2245.8
1285590 2245.8
1285600 2250.2
1285610 2255.0
1285620 2255.0
1285630 2259.5
1285640 2264.8
1285650 2264.8
1285660 2271.5
1285670 2278.1
1285680 2284.6
1285690 2284.6
1285700 2291.5
1285710 2298.7
1285720 2298.7
1285730 2305.8
1285740 2313.0
1285750 2313.0
1285760 2320.3
1285770 2327.4
1285780 2327.4
1285790 2333.7
1285800 2340.1
1285810 2340.1
1285820 2346.3
1285830 2352.7
1285840 2352.7
1285850 2358.4
1285860 2364.9
1285870 2364.9
1285880 2372.7
1285890 2381.5
1285900 2390.3
1285910 2390.3
1285920 2399.4
1285930 2407.0
1285940 2407.0
1285950 2414.5
1285960 2421.7
1285970 2421.7
1285980 2428.6
1285990 2435.5
1286000 2435.5
1286010 2442.5
1286020 2449.6
1286030 2449.6
1286040 2457.1
1286050 2464.7
1286060 2464.7
1286070 2472.2
1286080 2480.7
1286090 2480.7
1286100 2487.5
1286110 2484.6
1286120 2477.3
1286130 2477.3
1286140 2468.9
1286150 2457.5
1286160 2457.5
1286170 2451.6
1286180 2444.1
1286190 2444.1
1286200 2436.7
1286210 2416.5
1286220 2416.5
1286230 2414.2
1286240 2398.9
1286250 2398.9
1286260 2384.6
1286270 2373.2
1286280 2373.2
1286290 2369.3
1286300 2363.1
1286310 2363.1
1286320 2349.7
1286330 2336.7
1286340 2329.2
1286350 2329.2
1286360 2323.9
1286370 2318.5
1286380 2318.5
1286390 2312.2
1286400 2305.2
1286410 2305.2
1286420 2298.6
1286430 2292.5
1286440 2292.5
1286450 2287.3
1286460 2282.9
1286470 2282.9
1286480 2278.3
1286490 2273.2
1286500 2273.2
1286510 2268.7
1286520 2264.6
1286530 2264.6
1286540 2260.4
1286550 2255.5
1286560 2252.0
1286570 2252.0
1286580 2248.3
1286590 2245.3
1286600 2245.3
1286610 2239.8
1286620 2233.9
1286630 2233.9
1286640 2226.4
1286650 2221.0
1286660 2221.0
1286670 2216.3
1286680 2210.9
1286690 2210.9
1286700 2205.0
1286710 2197.8
1286720 2197.8
1286730 2192.4
1286740 2189.3
1286750 2189.3
1286760 2185.5
1286770 2178.6
1286780 2173.1
1286790 2173.1
1286800 2169.0
1286810 2162.9
1286820 2162.9
1286830 2154.7
1286840 2147.9
1286850 2150.9
1286860 2152.1
1286870 2154.9
1286880 2154.9
1286890 2155.2
1286900 2151.8
1286910 2151.8
1286920 2146.5
1286930 2144.0
1286940 2144.0
1286950 2140.6
1286960 2137.6
1286970 2137.6
1286980 2136.0
1286990 2132.4
1287000 2129.8
1287010 2129.8
1287020 2127.7
1287030 2123.8
1287040 2123.8
1287050 2119.0
1287060 2117.5
1287070 2117.5
1287080 2115.2
1287090 2117.2
1287100 2117.2
1287110 2114.5
1287120 2108.5
1287130 2108.5
1287140 2102.4
1287150 2095.3
1287160 2095.3
1287170 2089.1
1287180 2082.5
1287190 2082.5
1287200 2077.0
1287210 2071.8
1287220 2068.2
1287230 2068.2
1287240 2064.1
1287250 2060.3
1287260 2060.3
1287270 2057.2
1287280 2054.0
1287290 2054.0
1287300 2051.0
1287310 2048.3
1287320 2048.3
1287330 2044.7
1287340 2039.7
1287350 2039.7
1287360 2033.2
1287370 2026.3
1287380 2026.3
1287390 2018.4
1287400 2010.3
1287410 2010.3
1287420 2003.1
1287430 2000.8
1287440 1998.6
1287450 1998.6
1287460 1997.3
1287470 1995.5
1287480 1995.5
1287490 1993.9
1287500 1987.2
1287510 1987.2
1287520 1985.5
1287530 1984.1
1287540 1984.1
1287550 1982.8
1287560 1980.1
1287570 1980.1
1287580 1974.0
1287590 1966.4
1287600 1966.4
1287610 1966.0
1287620 1972.8
1287630 1972.8
1287640 1980.7
1287650 1988.7
1287660 1988.7
1287670 1996.3
1287680 2004.0
1287690 2011.0
1287700 2011.0
1287710 2016.7
1287720 2022.1
1287730 2022.1
1287740 2027.2
1287750 2032.1
1287760 2032.1
1287770 2037.1
1287780 2041.6
1287790 2041.6
1287800 2046.5
1287810 2051.8
1287820 2051.8
1287830 2056.0
1287840 2060.3
1287850 2060.3
1287860 2064.2
1287870 2068.7
1287880 2068.7
1287890 2073.9
1287900 2079.5
1287910 2084.7
1287920 2084.7
1287930 2089.7
1287940 2095.0
1287950 2095.0
1287960 2100.4
1287970 2106.0
1287980 2106.0
1287990 2111.7
1288000 2117.7
1288010 2117.7
1288020 2123.4
1288030 2128.6
1288040 2128.6
1288050 2133.7
1288060 2139.1
1288070 2139.1
1288080 2144.2
1288090 2149.5
1288100 2149.5
1288110 2154.8
1288120 2160.1
1288130 2165.0
1288140 2166.6
1288150 2171.5
1288160 2176.3
1288170 2176.3
1288180 2181.0
1288190 2185.8
1288200 2185.8
1288210 2190.7
1288220 2195.9
1288230 2195.9
1288240 2201.7
1288250 2207.6
1288260 2207.6
1288270 2213.5
1288280 2219.2
1288290 2219.2
1288300 2224.6
1288310 2229.8
1288320 2229.8
1288330 2234.9
1288340 2239.8
1288350 2243.1
1288360 2243.1
1288370 2239.0
1288380 2232.5
1288390 2232.5
1288400 2227.5
1288410 2222.0
1288420 2222.0
1288430 2215.1
1288440 2207.0
1288450 2207.0
1288460 2197.6
1288470 2187.3
1288480 2187.3
1288490 2176.9
1288500 2167.0
1288510 2167.0
1288520 2158.9
1288530 2152.1
1288540 2152.1
1288550 2145.7
1288560 2139.1
1288570 2132.7
1288580 2132.7
1288590 2127.1
1288600 2121.4
1288610 2121.4
1288620 2116.0
1288630 2110.5
1288640 2110.5
1288650 2105.5
1288660 2101.2
1288670 2101.2
1288680 2097.1
1288690 2093.2
1288700 2093.2
1288710 2090.5
1288720 2088.7
1288730 2088.7
1288740 2086.7
1288750 2085.2
1288760 2085.2
1288770 2081.9
1288780 2079.9
1288790 2073.6
1288800 2073.6
1288810 2066.8
1288820 2061.1
1288830 2061.1
1288840 2054.9
1288850 2048.4
1288860 2048.4
1288870 2042.5
1288880 2036.4
1288890 2036.4
1288900 2030.0
1288910 2024.3
1288920 2024.3
1288930 2019.8
1288940 2015.1
1288950 2015.1
1288960 2008.5
1288970 2001.4
1288980 2001.4
1288990 1995.1
1289000 1988.2
1289010 1981.3
1289020 1981.3
1289030 1974.1
1289040 1966.9
1289050 1966.9
1289060 1960.1
1289070 1953.5
1289080 1953.5
1289090 1946.4
1289100 1939.8
1289110 1939.8
1289120 1933.6
1289130 1927.4
1289140 1927.4
1289150 1921.7
1289160 1915.9
1289170 1915.9
1289180 1909.6
1289190 1903.0
1289200 1903.0
1289210 1896.3
1289220 1890.1
1289230 1884.3
1289240 1884.3
1289250 1878.7
1289260 1872.6
1289270 1872.6
1289280 1866.2
1289290 1861.0
1289300 1861.0
1289310 1859.5
1289320 1860.8
1289330 1860.8
1289340 1864.3
1289350 1860.8
1289360 1860.8
1289370 1858.2
1289380 1856.3
1289390 1856.3
1289400 1854.1
1289410 1852.2
1289420 1852.2
1289430 1848.4
1289440 1837.7
1289450 1831.4
1289460 1831.4
1289470 1824.8
1289480 1817.9
1289490 1817.9
1289500 1810.7
1289510 1803.4
1289520 1803.4
1289530 1795.8
1289540 1785.7
1289550 1785.7
1289560 1776.5
1289570 1767.9
1289580 1767.9
1289590 1759.7
1289600 1751.5
1289610 1751.5
1289620 1743.5
1289630 1735.5
1289640 1735.5
1289650 1727.6
1289660 1720.7
1289670 1720.7
1289680 1713.6
1289690 1706.0
1289700 1698.3
1289710 1698.3
1289720 1690.6
1289730 1682.4
1289740 1682.4
1289750 1673.9
1289760 1664.2
1289770 1664.2
1289780 1652.6
1289790 1637.9
1289800 1637.9
1289810 1627.3
1289820 1620.4
1289830 1620.4
1289840 1614.6
1289850 1608.0
1289860 1608.0
1289870 1601.6
1289880 1595.5
1289890 1595.5
1289900 1590.6
1289910 1588.4
1289920 1587.5
1289930 1587.5
1289940 1584.5
1289950 1585.2
1289960 1585.2
1289970 1584.8
1289980 1582.4
1289990 1582.4
1290000 1580.7
1290010 1579.7
1290020 1579.7
1290030 1577.9
1290040 1575.8
1290050 1575.8
1290060 1573.5
1290070 1571.6
1290080 1571.6
1290090 1567.7
1290100 1566.0
1290110 1566.0
1290120 1564.6
1290130 1563.5
1290140 1562.3
1290150 1562.3
1290160 1560.8
1290170 1559.6
1290180 1559.6
1290190 1558.6
1290200 1556.8
1290210 1556.8
1290220 1554.2
1290230 1551.5
1290240 1551.5
1290250 1546.6
1290260 1544.5
1290270 1544.5
1290280 1539.8
1290290 1533.1
1290300 1533.1
1290310 1527.8
1290320 1525.5
1290330 1525.5
1290340 1526.3
1290350 1531.4
1290360 1536.5
1290370 1536.5
1290380 1543.4
1290390 1550.6
1290400 1550.6
1290410 1557.2
1290420 1561.9
1290430 1561.9
1290440 1565.5
1290450 1569.5
1290460 1569.5
1290470 1575.7
1290480 1582.4
1290490 1582.4
1290500 1589.3
1290510 1596.6
1290520 1596.6
1290530 1603.4
1290540 1608.3
1290550 1608.3
1290560 1613.0
1290570 1617.3
1290580 1621.8
1290590 1621.8
1290600 1626.4
1290610 1631.0
1290620 1631.0
1290630 1635.7
1290640 1640.6
1290650 1640.6
1290660 1645.2
1290670 1649.8
1290680 1649.8
1290690 1654.1
1290700 1658.3
1290710 1658.3
1290720 1662.4
1290730 1666.7
1290740 1669.1
1290750 1673.9
1290760 1678.5
1290770 1678.5
1290780 1682.9
1290790 1687.7
1290800 1692.7
1290810 1692.7
1290820 1698.8
1290830 1706.4
1290840 1706.4
1290850 1713.6
1290860 1719.7
1290870 1719.7
1290880 1725.5
1290890 1731.5
1290900 1731.5
1290910 1737.9
1290920 1744.7
1290930 1744.7
1290940 1752.3
1290950 1761.1
1290960 1761.1
1290970 1768.7
1290980 1776.1
1290990 1776.1
1291000 1783.7
1291010 1791.2
1291020 1798.3
1291030 1798.3
1291040 1805.9
1291050 1813.9
1291060 1813.9
1291070 1821.2
1291080 1827.6
1291090 1827.6
1291100 1834.3
1291110 1841.3
1291120 1841.3
1291130 1847.7
1291140 1853.6
1291150 1853.6
1291160 1858.0
1291170 1861.3
1291180 1861.3
1291190 1865.3
1291200 1869.7
1291210 1869.7
1291220 1873.6
1291230 1877.4
1291240 1881.5
1291250 1881.5
1291260 1885.7
1291270 1889.9
1291280 1889.9
1291290 1893.8
1291300 1898.7
1291310 1898.7
1291320 1903.9
1291330 1908.3
1291340 1908.3
1291350 1911.3
1291360 1912.9
1291370 1912.9
1291380 1914.0
1291390 1915.4
1291400 1920.3
1291410 1922.7
1291420 1925.1
1291430 1925.1
1291440 1928.4
1291450 1932.2
1291460 1936.7
1291470 1936.7
1291480 1940.4
1291490 1944.5
1291500 1944.5
1291510 1949.7
1291520 1954.8
1291530 1954.8
1291540 1960.1
1291550 1964.3
1291560 1964.3
1291570 1965.8
1291580 1967.3
1291590 1967.3
1291600 1971.6
1291610 1976.5
1291620 1976.5
1291630 1977.9
1291640 1979.3
1291650 1979.3
1291660 1982.5
1291670 1987.6
1291680 1987.6
1291690 1992.1
1291700 1997.2
1291710 2003.7
1291720 2003.7
1291730 2009.3
1291740 2012.1
1291750 2012.1
1291760 2012.5
1291770 2011.7
1291780 2011.7
1291790 2011.3
1291800 2011.2
1291810 2011.2
1291820 2010.4
1291830 2009.8
1291840 2009.8
1291850 2009.6
1291860 2010.2
1291870 2010.2
1291880 2009.8
1291890 2008.3
1291900 2008.3
1291910 2007.4
1291920 2007.8
1291930 2009.3
1291940 2009.3
1291950 2011.2
1291960 2011.2
1291970 2011.2
1291980 2010.9
1291990 2009.9
1292000 2009.9
1292010 2008.7
1292020 2007.0
1292030 2007.0
1292040 2004.5
1292050 2005.8
1292060 2005.8
1292070 2002.4
1292080 1999.2
1292090 1999.2
1292100 1996.4
1292110 1993.8
1292120 1993.8
1292130 1992.0
1292140 1994.2
1292150 1998.8
1292160 1998.8
1292170 2001.6
1292180 2004.0
1292190 2004.0
1292200 2007.6
1292210 2013.1
1292220 2013.1
1292230 2019.4
1292240 2025.8
1292250 2025.8
1292260 2038.3
1292270 2055.2
1292280 2055.2
1292290 2065.2
1292300 2073.4
1292310 2073.4
1292320 2075.7
1292330 2079.0
1292340 2079.0
1292350 2084.6
1292360 2091.8
1292370 2095.9
1292380 2095.9
1292390 2098.1
1292400 2098.8
1292410 2098.8
1292420 2100.5
1292430 2097.3
1292440 2097.3
1292450 2078.0
1292460 2050.7
1292470 2050.7
1292480 2030.5
1292490 2020.0
1292500 2020.0
1292510 2011.2
1292520 1986.9
1292530 1986.9
1292540 1965.1
1292550 1955.8
1292560 1955.8
1292570 1947.9
1292580 1940.7
1292590 1934.7
1292600 1934.7
1292610 1929.9
1292620 1924.9
1292630 1924.9
1292640 1920.3
1292650 1917.3
1292660 1917.3
1292670 1916.1
1292680 1906.8
1292690 1906.8
1292700 1901.9
1292710 1907.6
1292720 1907.6
1292730 1905.8
1292740 1908.5
1292750 1908.5
1292760 1904.2
1292770 1895.4
1292780 1895.4
1292790 1892.2
1292800 1889.3
1292810 1887.1
1292820 1887.1
1292830 1885.2
1292840 1880.7
1292850 1880.7
1292860 1867.1
1292870 1845.4
1292880 1845.4
1292890 1834.0
1292900 1833.3
1292910 1833.3
1292920 1831.5
1292930 1817.4
1292940 1817.4
1292950 1801.2
1292960 1793.9
1292970 1793.9
1292980 1793.2
1292990 1794.3
1293000 1794.3
1293010 1797.2
1293020 1796.8
1293030 1782.3
1293040 1782.3
1293050 1772.1
1293060 1765.7
1293070 1765.7
1293080 1759.3
1293090 1755.0
1293100 1755.0
1293110 1752.1
1293120 1749.1
1293130 1749.1
1293140 1745.1
1293150 1740.8
1293160 1740.8
1293170 1736.5
1293180 1732.2
1293190 1732.2
1293200 1727.4
1293210 1722.4
1293220 1722.4
1293230 1717.2
1293240 1712.6
1293250 1708.9
1293260 1708.9
1293270 1705.6
1293280 1702.0
1293290 1702.0
1293300 1698.5
1293310 1695.0
1293320 1695.0
1293330 1691.4
1293340 1688.1
1293350 1688.1
1293360 1685.1
1293370 1682.2
1293380 1684.1
1293390 1680.5
1293400 1678.2
1293410 1678.2
1293420 1677.9
1293430 1678.0
1293440 1678.0
1293450 1678.2
1293460 1679.3
1293470 1681.0
1293480 1681.0
1293490 1682.4
1293500 1683.9
1293510 1683.9
1293520 1685.3
1293530 1686.9
1293540 1686.9
1293550 1688.5
1293560 1690.0
1293570 1690.0
1293580 1691.6
1293590 1693.2
1293600 1693.2
1293610 1695.1
1293620 1696.7
1293630 1696.7
1293640 1698.3
1293650 1700.1
1293660 1700.1
1293670 1702.0
1293680 1704.4
1293690 1705.9
1293700 1705.9
1293710 1707.5
1293720 1710.4
1293730 1710.4
1293740 1716.8
1293750 1722.3
1293760 1722.3
1293770 1727.4
1293780 1733.4
1293790 1733.4
1293800 1739.1
1293810 1743.7
1293820 1743.7
1293830 1748.7
1293840 1755.5
1293850 1755.5
1293860 1763.8
1293870 1770.8
1293880 1770.8
1293890 1777.7
1293900 1787.6
1293910 1787.6
1293920 1803.3
1293930 1815.4
1293940 1822.2
1293950 1822.2
1293960 1830.0
1293970 1843.6
1293980 1843.6
1293990 1855.1
1294000 1863.6
1294010 1863.6
1294020 1873.3
1294030 1883.3
1294040 1882.4
1294050 1891.6
1294060 1900.5
1294070 1900.5
1294080 1908.9
1294090 1916.9
1294100 1916.9
1294110 1925.1
1294120 1933.7
1294130 1933.7
1294140 1942.6
1294150 1949.9
1294160 1956.6
1294170 1956.6
1294180 1963.8
1294190 1971.7
1294200 1971.7
1294210 1980.6
1294220 1988.9
1294230 1988.9
1294240 1996.5
1294250 2004.5
1294260 2004.5
1294270 2009.1
1294280 2010.9
1294290 2010.9
1294300 2014.8
1294310 2017.1
1294320 2017.1
1294330 2015.4
1294340 2014.6
1294350 2014.6
1294360 2012.9
1294370 2009.2
1294380 2005.0
1294390 2005.0
1294400 2004.3
1294410 2006.0
1294420 2006.0
1294430 2009.6
1294440 2017.2
1294450 2017.2
1294460 2027.7
1294470 2036.4
1294480 2036.4
1294490 2042.8
1294500 2051.0
1294510 2051.0
1294520 2060.3
1294530 2067.7
1294540 2067.7
1294550 2073.3
1294560 2078.0
1294570 2078.0
1294580 2086.2
1294590 2095.6
1294600 2104.1
1294610 2104.1
1294620 2112.1
1294630 2119.9
1294640 2119.9
1294650 2128.0
1294660 2135.3
1294670 2135.3
1294680 2142.6
1294690 2149.9
1294700 2149.9
1294710 2158.8
1294720 2166.0
1294730 2166.0
1294740 2173.1
1294750 2180.0
1294760 2180.0
1294770 2186.7
1294780 2193.7
1294790 2193.7
1294800 2200.8
1294810 2208.0
1294820 2215.8
1294830 2215.8
1294840 2223.8
1294850 2231.5
1294860 2231.5
1294870 2239.4
1294880 2247.2
1294890 2247.2
1294900 2254.4
1294910 2261.3
1294920 2261.3
1294930 2268.5
1294940 2276.2
1294950 2276.2
1294960 2284.0
1294970 2290.1
1294980 2290.1
1294990 2293.9
1295000 2295.5
1295010 2295.5
1295020 2296.7
1295030 2300.1
1295040 2305.3
1295050 2305.3
1295060 2308.9
1295070 2311.6
1295080 2311.6
1295090 2315.0
1295100 2319.9
1295110 2319.9
1295120 2323.9
1295130 2327.2
1295140 2327.2
1295150 2330.8
1295160 2334.9
1295170 2334.9
1295180 2339.0
1295190 2343.3
1295200 2343.3
1295210 2348.8
1295220 2354.6
1295230 2354.6
1295240 2359.5
1295250 2365.3
1295260 2371.2
1295270 2371.2
1295280 2377.0
1295290 2383.5
1295300 2383.5
1295310 2390.8
1295320 2398.4
1295330 2398.4
1295340 2405.8
1295350 2413.5
1295360 2413.5
1295370 2420.8
1295380 2424.7
1295390 2424.7
1295400 2432.1
1295410 2439.6
1295420 2439.6
1295430 2447.4
1295440 2453.4
1295450 2453.4
1295460 2457.8
1295470 2463.8
1295480 2469.3
1295490 2469.3
1295500 2470.0
1295510 2468.2
1295520 2468.2
1295530 2468.3
1295540 2467.8
1295550 2467.8
1295560 2461.8
1295570 2459.2
1295580 2459.2
1295590 2455.5
1295600 2448.1
1295610 2448.1
1295620 2440.6
1295630 2433.6
1295640 2433.6
1295650 2427.3
1295660 2421.4
1295670 2421.4
1295680 2414.8
1295690 2408.2
1295700 2402.8
1295710 2402.8
1295720 2398.1
1295730 2392.7
1295740 2392.7
1295750 2387.1
1295760 2382.5
1295770 2382.5
1295780 2377.2
1295790 2370.6
1295800 2370.6
1295810 2364.7
1295820 2360.0
1295830 2360.0
1295840 2355.0
1295850 2349.5
1295860 2349.5
1295870 2344.5
1295880 2338.7
1295890 2338.7
1295900 2332.6
1295910 2327.2
1295920 2322.1
1295930 2322.1
1295940 2317.1
1295950 2311.9
1295960 2311.9
1295970 2307.3
1295980 2303.0
1295990 2303.0
1296000 2298.7
1296010 2295.3
1296020 2295.3
1296030 2292.7
1296040 2290.9
1296050 2293.3
1296060 2294.9
1296070 2296.5
1296080 2296.5
1296090 2296.6
1296100 2294.9
1296110 2294.9
1296120 2292.5
1296130 2289.9
1296140 2289.9
1296150 2287.9
1296160 2286.8
1296170 2286.2
1296180 2286.2
1296190 2285.5
1296200 2284.8
1296210 2284.8
1296220 2283.3
1296230 2282.0
1296240 2282.0
1296250 2281.7
1296260 2282.0
1296270 2282.0
1296280 2283.1
1296290 2283.5
1296300 2283.5
1296310 2283.3
1296320 2282.9
1296330 2282.9
1296340 2282.7
1296350 2283.8
1296360 2283.8
1296370 2285.0
1296380 2285.4
1296390 2285.3
1296400 2285.3
1296410 2285.8
1296420 2287.0
1296430 2287.0
1296440 2288.2
1296450 2289.9
1296460 2289.9
1296470 2291.8
1296480 2294.4
1296490 2294.4
1296500 2298.4
1296510 2302.1
1296520 2302.1
1296530 2305.7
1296540 2308.7
1296550 2308.7
1296560 2309.3
1296570 2310.7
1296580 2310.7
1296590 2313.0
1296600 2315.2
1296610 2316.8
1296620 2316.8
1296630 2317.8
1296640 2318.7
1296650 2318.7
1296660 2321.9
1296670 2324.2
1296680 2324.2
1296690 2323.9
1296700 2322.3
1296710 2322.3
1296720 2320.1
1296730 2313.9
1296740 2313.9
1296750 2307.6
1296760 2301.8
1296770 2301.8
1296780 2296.4
1296790 2290.7
1296800 2290.7
1296810 2285.6
1296820 2281.2
1296830 2277.6
1296840 2277.6
1296850 2274.6
1296860 2271.7
1296870 2271.7
1296880 2269.3
1296890 2267.9
1296900 2267.9
1296910 2265.1
1296920 2261.1
1296930 2261.1
1296940 2256.8
1296950 2251.8
1296960 2251.8
1296970 2246.0
1296980 2240.9
1296990 2240.9
1297000 2237.8
1297010 2235.6
1297020 2235.6
1297030 2233.1
1297040 2229.2
1297050 2225.2
1297060 2225.2
1297070 2222.0
1297080 2219.4
1297090 2219.4
1297100 2217.6
1297110 2216.5
1297120 2216.5
1297130 2215.5
1297140 2213.9
1297150 2213.9
1297160 2211.7
1297170 2209.6
1297180 2209.6
1297190 2207.6
1297200 2205.6
1297210 2205.6
1297220 2203.6
1297230 2200.6
1297240 2200.6
1297250 2196.2
1297260 2192.3
1297270 2187.9
1297280 2187.9
1297290 2185.6
1297300 2182.6
1297310 2182.6
1297320 2178.8
1297330 2176.2
1297340 2176.2
1297350 2174.9
1297360 2173.9
1297370 2173.9
1297380 2172.4
1297390 2171.1
1297400 2172.4
1297410 2171.5
1297420 2171.0
1297430 2171.0
1297440 2170.3
1297450 2169.2
1297460 2169.2
1297470 2167.7
1297480 2166.0
1297490 2164.2
1297500 2164.2
1297510 2162.1
1297520 2159.5
1297530 2159.5
1297540 2155.4
1297550 2149.1
1297560 2149.1
1297570 2143.7
1297580 2140.3
1297590 2140.3
1297600 2137.1
1297610 2133.9
1297620 2133.9
1297630 2130.6
1297640 2125.0
1297650 2125.0
1297660 2120.8
1297670 2117.7
1297680 2117.7
1297690 2115.6
1297700 2116.3
1297710 2115.7
1297720 2115.7
1297730 2112.5
1297740 2107.2
1297750 2107.2
1297760 2102.3
1297770 2097.5
1297780 2097.5
1297790 2093.7
1297800 2092.3
1297810 2092.3
1297820 2091.6
1297830 2091.2
1297840 2091.2
1297850 2090.5
1297860 2088.8
1297870 2088.8
1297880 2087.0
1297890 2085.2
1297900 2085.2
1297910 2081.6
1297920 2077.3
1297930 2073.9
1297940 2073.9
1297950 2072.3
1297960 2073.2
1297970 2073.2
1297980 2073.3
1297990 2073.3
1298000 2073.3
1298010 2072.3
1298020 2070.0
1298030 2070.0
1298040 2067.3
1298050 2064.2
1298060 2064.2
1298070 2061.4
1298080 2061.8
1298090 2061.8
1298100 2059.4
1298110 2057.0
1298120 2057.0
1298130 2053.9
1298140 2048.4
1298150 2040.8
1298160 2040.8
1298170 2033.8
1298180 2028.8
1298190 2028.8
1298200 2027.4
1298210 2026.1
1298220 2026.1
1298230 2024.4
1298240 2024.6
1298250 2024.6
1298260 2028.9
1298270 2031.9
1298280 2031.9
1298290 2032.4
1298300 2033.1
1298310 2033.1
1298320 2033.9
1298330 2034.4
1298340 2034.4
1298350 2034.3
1298360 2033.0
1298370 2033.0
1298380 2031.0
1298390 2028.3
1298400 2022.6
1298410 2022.6
1298420 2018.7
1298430 2016.0
1298440 2016.0
1298450 2014.0
1298460 2012.5
1298470 2012.5
1298480 2010.0
1298490 2008.1
1298500 2008.1
1298510 2007.1
1298520 2003.7
1298530 2003.7
1298540 1997.0
1298550 1990.7
1298560 1990.7
1298570 1984.4
1298580 1977.0
1298590 1977.0
1298600 1969.8
1298610 1963.9
1298620 1958.0
1298630 1958.0
1298640 1953.2
1298650 1949.2
1298660 1949.2
1298670 1945.4
1298680 1940.9
1298690 1940.9
1298700 1937.1
1298710 1933.7
1298720 1933.7
1298730 1930.3
1298740 1927.4
1298750 1927.4
1298760 1929.0
1298770 1926.8
1298780 1926.8
1298790 1925.6
1298800 1916.1
1298810 1916.1
1298820 1903.9
1298830 1895.6
1298840 1887.3
1298850 1887.3
1298860 1880.6
1298870 1873.3
1298880 1873.3
1298890 1863.6
1298900 1854.4
1298910 1854.4
1298920 1843.3
1298930 1835.4
1298940 1835.4
1298950 1828.4
1298960 1822.5
1298970 1822.5
1298980 1817.4
1298990 1812.6
1299000 1812.6
1299010 1808.9
1299020 1805.4
1299030 1805.4
1299040 1802.1
1299050 1799.0
1299060 1796.2
1299070 1796.2
1299080 1793.9
1299090 1792.0
1299100 1792.0
1299110 1790.6
1299120 1789.9
1299130 1789.9
1299140 1789.7
1299150 1789.4
1299160 1789.4
1299170 1789.6
1299180 1790.3
1299190 1790.3
1299200 1792.1
1299210 1793.0
1299220 1793.0
1299230 1793.9
1299240 1795.1
1299250 1795.1
1299260 1795.8
1299270 1795.6
1299280 1795.3
1299290 1795.3
1299300 1794.7
1299310 1793.1
1299320 1793.1
1299330 1790.6
1299340 1787.5
1299350 1787.5
1299360 1784.3
1299370 1781.7
1299380 1781.7
1299390 1779.5
1299400 1776.7
1299410 1776.7
1299420 1773.8
1299430 1770.5
1299440 1770.5
1299450 1761.4
1299460 1758.8
1299470 1758.8
1299480 1758.0
1299490 1758.2
1299500 1759.3
1299510 1759.3
1299520 1759.1
1299530 1757.0
1299540 1757.0
1299550 1752.0
1299560 1746.7
1299570 1746.7
1299580 1743.5
1299590 1745.8
1299600 1745.8
1299610 1750.4
1299620 1753.9
1299630 1753.9
1299640 1758.1
1299650 1761.3
1299660 1761.3
1299670 1762.2
1299680 1763.7
1299690 1763.7
1299700 1766.2
1299710 1768.0
1299720 1769.1
1299730 1769.1
1299740 1770.0
1299750 1770.9
1299760 1770.9
1299770 1771.3
1299780 1773.4
1299790 1773.4
1299800 1775.2
1299810 1773.7
1299820 1773.7
1299830 1771.1
1299840 1767.5
1299850 1767.5
1299860 1766.2
1299870 1767.9
1299880 1767.9
1299890 1770.8
1299900 1774.2
1299910 1774.2
1299920 1778.1
1299930 1783.2
1299940 1789.7
1299950 1789.7
1299960 1797.0
1299970 1804.5
1299980 1804.5
1299990 1812.0
