1280000 1794.6
1280010 1797.8
1280020 1800.7
1280030 1800.7
1280040 1803.2
1280050 1805.0
1280060 1805.0
1280070 1810.0
1280080 1809.1
1280090 1809.1
1280100 1806.9
1280110 1804.3
1280120 1804.3
1280130 1802.8
1280140 1802.3
1280150 1802.3
1280160 1801.3
1280170 1799.8
1280180 1799.0
1280190 1799.0
1280200 1798.7
1280210 1798.2
1280220 1798.2
1280230 1798.0
1280240 1798.1
1280250 1798.1
1280260 1798.9
1280270 1801.1
1280280 1801.1
1280290 1803.6
1280300 1797.7
1280310 1797.7
1280320 1779.2
1280330 1773.1
1280340 1773.1
1280350 1771.1
1280360 1772.8
1280370 1772.8
1280380 1773.0
1280390 1773.3
1280400 1772.6
1280410 1772.6
1280420 1771.7
1280430 1770.7
1280440 1770.7
1280450 1768.5
1280460 1766.5
1280470 1766.5
1280480 1763.6
1280490 1760.3
1280500 1760.3
1280510 1758.3
1280520 1757.3
1280530 1757.3
1280540 1756.2
1280550 1755.4
1280560 1755.4
1280570 1755.1
1280580 1755.7
1280590 1755.7
1280600 1756.5
1280610 1754.3
1280620 1751.5
1280630 1751.5
1280640 1748.0
1280650 1744.5
1280660 1744.5
1280670 1743.4
1280680 1743.8
1280690 1748.2
1280700 1750.5
1280710 1751.5
1280720 1751.5
1280730 1749.2
1280740 1746.7
1280750 1746.7
1280760 1748.4
1280770 1749.0
1280780 1749.0
1280790 1750.3
1280800 1753.5
1280810 1753.5
1280820 1756.7
1280830 1762.7
1280840 1762.7
1280850 1770.3
1280860 1777.5
1280870 1784.0
1280880 1784.0
1280890 1789.8
1280900 1795.1
1280910 1795.1
1280920 1800.5
1280930 1806.6
1280940 1806.6
1280950 1812.9
1280960 1818.5
1280970 1818.5
1280980 1824.0
1280990 1830.0
1281000 1830.0
1281010 1836.3
1281020 1841.8
1281030 1841.8
1281040 1847.2
1281050 1852.4
1281060 1852.4
1281070 1857.6
1281080 1862.9
1281090 1867.1
1281100 1867.1
1281110 1871.2
1281120 1874.8
1281130 1874.8
1281140 1878.4
1281150 1881.7
1281160 1881.7
1281170 1884.9
1281180 1888.3
1281190 1888.3
1281200 1891.4
1281210 1893.9
1281220 1893.9
1281230 1895.3
1281240 1896.1
1281250 1896.1
1281260 1896.9
1281270 1897.7
1281280 1897.7
1281290 1898.5
1281300 1899.6
1281310 1900.7
1281320 1908.6
1281330 1909.4
1281340 1910.3
1281350 1910.3
1281360 1911.2
1281370 1911.7
1281380 1911.7
1281390 1912.9
1281400 1914.9
1281410 1914.9
1281420 1916.0
1281430 1915.4
1281440 1915.4
1281450 1917.0
1281460 1918.6
1281470 1918.6
1281480 1915.5
1281490 1913.5
1281500 1913.5
1281510 1913.9
1281520 1915.5
1281530 1916.6
1281540 1916.6
1281550 1918.3
1281560 1920.4
1281570 1920.4
1281580 1921.7
1281590 1924.2
1281600 1924.2
1281610 1928.3
1281620 1931.9
1281630 1931.9
1281640 1933.0
1281650 1934.1
1281660 1934.1
1281670 1936.8
1281680 1938.3
1281690 1938.3
1281700 1939.1
1281710 1940.3
1281720 1940.3
1281730 1941.6
1281740 1944.3
1281750 1946.8
1281760 1946.8
1281770 1949.5
1281780 1951.6
1281790 1951.6
1281800 1952.6
1281810 1953.8
1281820 1953.8
1281830 1955.8
1281840 1961.5
1281850 1961.5
1281860 1968.7
1281870 1975.6
1281880 1975.6
1281890 1982.7
1281900 1990.2
1281910 1990.2
1281920 1998.4
1281930 2006.2
1281940 2003.4
1281950 2010.6
1281960 2017.1
1281970 2017.1
1281980 2023.2
1281990 2030.3
1282000 2038.4
1282010 2038.4
1282020 2046.0
1282030 2053.0
1282040 2053.0
1282050 2058.6
1282060 2065.3
1282070 2065.3
1282080 2072.6
1282090 2079.7
1282100 2079.7
1282110 2086.8
1282120 2090.4
1282130 2090.4
1282140 2096.1
1282150 2103.3
1282160 2103.3
1282170 2110.1
1282180 2116.6
1282190 2116.6
1282200 2123.1
1282210 2130.1
1282220 2136.8
1282230 2136.8
1282240 2142.8
1282250 2149.8
1282260 2149.8
1282270 2156.8
1282280 2163.3
1282290 2163.3
1282300 2169.2
1282310 2174.9
1282320 2174.9
1282330 2181.1
1282340 2187.1
1282350 2187.1
1282360 2189.7
1282370 2185.2
1282380 2185.2
1282390 2182.0
1282400 2174.6
1282410 2174.6
1282420 2162.3
1282430 2157.1
1282440 2154.9
1282450 2154.9
1282460 2153.6
1282470 2147.8
1282480 2147.8
1282490 2142.4
1282500 2137.1
1282510 2137.1
1282520 2131.7
1282530 2125.7
1282540 2125.7
1282550 2122.1
1282560 2121.6
1282570 2127.2
1282580 2119.1
1282590 2118.5
1282600 2118.5
1282610 2114.7
1282620 2110.7
1282630 2110.7
1282640 2107.9
1282650 2105.9
1282660 2106.4
1282670 2106.4
1282680 2108.3
1282690 2109.3
1282700 2109.3
1282710 2112.6
1282720 2117.5
1282730 2117.5
1282740 2121.8
1282750 2120.9
1282760 2120.9
1282770 2113.6
1282780 2103.9
1282790 2103.9
1282800 2095.1
1282810 2084.2
1282820 2084.2
1282830 2080.9
1282840 2075.9
1282850 2075.9
1282860 2063.7
1282870 2053.8
1282880 2044.9
1282890 2044.9
1282900 2035.1
1282910 2026.9
1282920 2026.9
1282930 2021.7
1282940 2016.2
1282950 2016.2
1282960 2011.6
1282970 2008.6
1282980 2008.6
1282990 2007.4
1283000 2007.1
1283010 2007.1
1283020 2006.4
1283030 2004.7
1283040 2004.7
1283050 2003.6
1283060 2002.5
1283070 2002.5
1283080 2001.5
1283090 2000.2
1283100 2000.2
1283110 1999.3
1283120 1998.2
1283130 1996.5
1283140 1996.5
1283150 1995.7
1283160 1994.9
1283170 1994.9
1283180 1993.9
1283190 1993.1
1283200 1997.3
1283210 1998.1
1283220 1999.1
1283230 1999.1
1283240 2000.6
1283250 2003.2
1283260 2003.2
1283270 2005.9
1283280 2009.4
1283290 2009.4
1283300 2014.7
1283310 2020.5
1283320 2020.5
1283330 2027.0
1283340 2034.2
1283350 2041.1
1283360 2041.1
1283370 2047.8
1283380 2054.0
1283390 2054.0
1283400 2059.5
1283410 2064.5
1283420 2064.5
1283430 2068.9
1283440 2073.8
1283450 2073.8
1283460 2079.0
1283470 2083.5
1283480 2083.5
1283490 2087.7
1283500 2091.5
1283510 2091.5
1283520 2095.0
1283530 2098.5
1283540 2098.5
1283550 2102.3
1283560 2105.3
1283570 2108.6
1283580 2108.6
1283590 2113.8
1283600 2118.9
1283610 2118.9
1283620 2123.4
1283630 2127.4
1283640 2127.4
1283650 2131.5
1283660 2136.0
1283670 2136.0
1283680 2140.6
1283690 2145.3
1283700 2145.3
1283710 2149.4
1283720 2152.8
1283730 2152.8
1283740 2155.8
1283750 2159.1
1283760 2159.1
1283770 2161.0
1283780 2164.6
1283790 2169.8
1283800 2169.8
1283810 2175.9
1283820 2181.7
1283830 2182.6
1283840 2188.5
1283850 2194.6
1283860 2194.6
1283870 2200.8
1283880 2206.9
1283890 2206.9
1283900 2213.0
1283910 2218.1
1283920 2218.1
1283930 2220.0
1283940 2217.9
1283950 2217.9
1283960 2217.1
1283970 2217.2
1283980 2217.2
1283990 2218.2
1284000 2217.1
1284010 2210.3
1284020 2210.3
1284030 2204.8
1284040 2198.8
1284050 2198.8
1284060 2192.7
1284070 2189.2
1284080 2189.2
1284090 2185.6
1284100 2182.8
1284110 2182.8
1284120 2182.3
1284130 2182.4
1284140 2182.4
1284150 2181.6
1284160 2181.4
1284170 2181.4
1284180 2182.5
1284190 2182.9
1284200 2182.9
1284210 2183.8
1284220 2184.7
1284230 2185.0
1284240 2185.0
1284250 2186.0
1284260 2187.2
1284270 2187.2
1284280 2189.0
1284290 2190.7
1284300 2190.7
1284310 2192.4
1284320 2194.0
1284330 2194.0
1284340 2195.4
1284350 2195.4
1284360 2195.4
1284370 2197.7
1284380 2200.9
1284390 2200.9
1284400 2202.5
1284410 2206.5
1284420 2206.5
1284430 2211.5
1284440 2215.2
1284450 2215.2
1284460 2224.4
1284470 2228.4
1284480 2232.9
1284490 2232.9
1284500 2237.4
1284510 2241.9
1284520 2241.9
1284530 2246.4
1284540 2252.3
1284550 2252.3
1284560 2259.8
1284570 2265.8
1284580 2265.8
1284590 2269.7
1284600 2272.3
1284610 2272.3
1284620 2267.6
1284630 2263.5
1284640 2263.5
1284650 2259.6
1284660 2257.4
1284670 2257.4
1284680 2255.7
1284690 2253.7
1284700 2250.9
1284710 2250.9
1284720 2247.6
1284730 2243.1
1284740 2243.1
1284750 2239.3
1284760 2236.8
1284770 2236.8
1284780 2234.3
1284790 2231.8
1284800 2231.8
1284810 2229.7
1284820 2227.8
1284830 2227.8
1284840 2226.3
1284850 2226.5
1284860 2226.5
1284870 2226.2
1284880 2223.0
1284890 2223.0
1284900 2219.0
1284910 2218.6
1284920 2218.5
1284930 2218.5
1284940 2215.1
1284950 2211.3
1284960 2211.3
1284970 2208.7
1284980 2208.4
1284990 2208.4
1285000 2207.2
1285010 2204.8
1285020 2204.8
1285030 2203.3
1285040 2202.9
1285050 2202.9
1285060 2202.0
1285070 2200.9
1285080 2200.9
1285090 2200.7
1285100 2207.1
1285110 2207.1
1285120 2210.5
1285130 2214.4
1285140 2218.1
1285150 2218.1
1285160 2221.6
1285170 2226.0
1285180 2226.0
1285190 2231.1
1285200 2235.7
1285210 2235.7
1285220 2240.0
1285230 2245.1
1285240 2245.1
1285250 2250.0
1285260 2254.5
1285270 2254.5
1285280 2259.2
1285290 2263.7
1285300 2263.7
1285310 2268.7
1285320 2274.0
1285330 2274.0
1285340 2280.2
1285350 2286.8
1285360 2292.6
1285370 2292.6
1285380 2299.4
1285390 2304.3
1285400 2304.3
1285410 2308.8
1285420 2314.9
1285430 2314.9
1285440 2321.0
1285450 2325.5
1285460 2325.5
1285470 2329.6
1285480 2333.8
1285490 2333.8
1285500 2338.3
1285510 2342.3
1285520 2342.3
1285530 2346.6
1285540 2350.6
1285550 2350.6
1285560 2355.3
1285570 2361.6
1285580 2361.6
1285590 2365.9
1285600 2368.1
1285610 2365.5
1285620 2365.5
1285630 2361.8
1285640 2357.2
1285650 2357.2
1285660 2353.8
1285670 2351.4
1285680 2351.4
1285690 2349.4
1285700 2348.9
1285710 2348.9
1285720 2348.5
1285730 2350.6
1285740 2350.6
1285750 2344.5
1285760 2338.1
1285770 2338.1
1285780 2332.0
1285790 2327.6
1285800 2327.6
1285810 2325.0
1285820 2323.5
1285830 2323.7
1285840 2323.7
1285850 2322.9
1285860 2321.7
1285870 2321.7
1285880 2319.9
1285890 2318.4
1285900 2318.4
1285910 2317.3
1285920 2316.8
1285930 2316.8
1285940 2317.7
1285950 2319.0
1285960 2319.0
1285970 2320.3
1285980 2321.5
1285990 2321.5
1286000 2322.3
1286010 2322.1
1286020 2322.1
1286030 2315.3
1286040 2309.5
1286050 2306.9
1286060 2306.9
1286070 2299.7
1286080 2293.9
1286090 2293.9
1286100 2288.8
1286110 2286.5
1286120 2286.5
1286130 2284.2
1286140 2280.3
1286150 2280.3
1286160 2278.3
1286170 2278.2
1286180 2278.2
1286190 2279.1
1286200 2278.0
1286210 2278.0
1286220 2269.0
1286230 2254.1
1286240 2254.1
1286250 2234.4
1286260 2221.4
1286270 2214.7
1286280 2214.7
1286290 2206.6
1286300 2198.4
1286310 2198.4
1286320 2190.0
1286330 2182.7
1286340 2182.7
1286350 2179.5
1286360 2177.7
1286370 2182.4
1286380 2180.7
1286390 2178.6
1286400 2178.6
1286410 2175.8
1286420 2173.2
1286430 2173.2
1286440 2170.5
1286450 2167.5
1286460 2167.5
1286470 2164.6
1286480 2161.7
1286490 2158.8
1286500 2158.8
1286510 2155.7
1286520 2152.4
1286530 2152.4
1286540 2149.5
1286550 2146.3
1286560 2146.3
1286570 2143.0
1286580 2138.9
1286590 2138.9
1286600 2133.1
1286610 2133.5
1286620 2133.5
1286630 2133.8
1286640 2134.3
1286650 2134.3
1286660 2135.7
1286670 2135.8
1286680 2135.8
1286690 2135.7
1286700 2136.0
1286710 2136.0
1286720 2136.6
1286730 2137.8
1286740 2138.6
1286750 2138.6
1286760 2139.6
1286770 2140.1
1286780 2140.1
1286790 2141.6
1286800 2143.8
1286810 2143.8
1286820 2146.0
1286830 2148.3
1286840 2148.3
1286850 2150.6
1286860 2153.6
1286870 2153.6
1286880 2157.4
1286890 2161.9
1286900 2161.9
1286910 2166.0
1286920 2169.4
1286930 2169.4
1286940 2172.8
1286950 2176.8
1286960 2180.4
1286970 2180.4
1286980 2184.7
1286990 2189.5
1287000 2189.5
1287010 2194.1
1287020 2204.7
1287030 2204.7
1287040 2208.0
1287050 2214.1
1287060 2214.1
1287070 2221.6
1287080 2227.6
1287090 2227.6
1287100 2233.4
1287110 2239.2
1287120 2239.2
1287130 2245.0
1287140 2251.4
1287150 2251.4
1287160 2265.7
1287170 2277.5
1287180 2280.4
1287190 2280.4
1287200 2282.5
1287210 2285.3
1287220 2285.3
1287230 2291.8
1287240 2298.9
1287250 2298.9
1287260 2305.6
1287270 2308.8
1287280 2308.8
1287290 2309.8
1287300 2309.6
1287310 2309.6
1287320 2311.6
1287330 2314.6
1287340 2314.6
1287350 2317.2
1287360 2319.0
1287370 2319.0
1287380 2320.1
1287390 2320.6
1287400 2320.8
1287410 2320.8
1287420 2320.3
1287430 2319.6
1287440 2319.6
1287450 2317.5
1287460 2314.2
1287470 2314.2
1287480 2312.7
1287490 2312.8
1287500 2312.8
1287510 2311.0
1287520 2309.6
1287530 2309.6
1287540 2309.4
1287550 2310.2
1287560 2310.2
1287570 2310.8
1287580 2312.0
1287590 2312.0
1287600 2313.9
1287610 2315.7
1287620 2316.8
1287630 2316.8
1287640 2317.3
1287650 2318.9
1287660 2325.5
1287670 2328.1
1287680 2329.3
1287690 2329.3
1287700 2332.6
1287710 2338.1
1287720 2338.1
1287730 2343.6
1287740 2349.0
1287750 2349.0
1287760 2354.8
1287770 2361.6
1287780 2361.6
1287790 2368.7
1287800 2362.0
1287810 2362.0
1287820 2334.3
1287830 2323.9
1287840 2320.2
1287850 2320.2
1287860 2316.6
1287870 2313.1
1287880 2313.1
1287890 2304.0
1287900 2296.6
1287910 2296.6
1287920 2294.1
1287930 2291.8
1287940 2291.8
1287950 2288.7
1287960 2285.4
1287970 2285.4
1287980 2282.2
1287990 2280.0
1288000 2280.0
1288010 2276.6
1288020 2272.9
1288030 2272.9
1288040 2269.7
1288050 2266.6
1288060 2266.6
1288070 2262.4
1288080 2258.7
1288090 2255.9
1288100 2255.9
1288110 2254.1
1288120 2252.6
1288130 2252.6
1288140 2250.7
1288150 2249.1
1288160 2249.1
1288170 2248.0
1288180 2247.4
1288190 2247.4
1288200 2247.6
1288210 2248.4
1288220 2248.4
1288230 2249.1
1288240 2249.9
1288250 2249.9
1288260 2250.1
1288270 2250.9
1288280 2250.9
1288290 2253.1
1288300 2261.4
1288310 2265.6
1288320 2265.6
1288330 2270.4
1288340 2275.6
1288350 2275.6
1288360 2279.5
1288370 2283.3
1288380 2283.3
1288390 2287.5
1288400 2290.7
1288410 2290.7
1288420 2295.1
1288430 2300.5
1288440 2300.5
1288450 2308.2
1288460 2316.4
1288470 2316.4
1288480 2321.7
1288490 2327.0
1288500 2327.0
1288510 2331.3
1288520 2334.6
1288530 2338.8
1288540 2338.8
1288550 2344.1
1288560 2350.9
1288570 2350.9
1288580 2360.7
1288590 2372.5
1288600 2372.5
1288610 2382.4
1288620 2388.7
1288630 2388.7
1288640 2394.1
1288650 2397.4
1288660 2397.4
1288670 2395.6
1288680 2397.5
1288690 2397.5
1288700 2403.4
1288710 2412.6
1288720 2412.6
1288730 2421.0
1288740 2425.3
1288750 2423.8
1288760 2423.8
1288770 2424.6
1288780 2426.9
1288790 2426.9
1288800 2432.4
1288810 2438.3
1288820 2438.3
1288830 2439.3
1288840 2432.4
1288850 2432.4
1288860 2422.1
1288870 2403.5
1288880 2403.5
1288890 2390.5
1288900 2381.1
1288910 2381.1
1288920 2370.1
1288930 2361.8
1288940 2361.8
1288950 2324.7
1288960 2310.9
1288970 2299.7
1288980 2299.7
1288990 2290.9
1289000 2282.9
1289010 2282.9
1289020 2274.4
1289030 2266.0
1289040 2266.0
1289050 2257.3
1289060 2246.4
1289070 2246.4
1289080 2238.3
1289090 2231.1
1289100 2231.1
1289110 2224.1
1289120 2219.4
1289130 2219.4
1289140 2215.6
1289150 2211.3
1289160 2211.3
1289170 2207.4
1289180 2203.5
1289190 2203.5
1289200 2199.8
1289210 2196.3
1289220 2193.7
1289230 2193.7
1289240 2191.6
1289250 2188.4
1289260 2188.4
1289270 2185.1
1289280 2182.8
1289290 2182.8
1289300 2181.5
1289310 2180.8
1289320 2180.8
1289330 2178.6
1289340 2175.7
1289350 2175.7
1289360 2172.4
1289370 2168.8
1289380 2168.8
1289390 2165.6
1289400 2162.3
1289410 2162.3
1289420 2158.4
1289430 2154.1
1289440 2149.5
1289450 2149.5
1289460 2145.1
1289470 2141.6
1289480 2141.6
1289490 2139.3
1289500 2137.8
1289510 2137.8
1289520 2135.7
1289530 2132.7
1289540 2132.7
1289550 2129.6
1289560 2125.8
1289570 2125.8
1289580 2120.3
1289590 2115.8
1289600 2111.8
1289610 2109.8
1289620 2107.3
1289630 2107.3
1289640 2104.2
1289650 2101.4
1289660 2098.4
1289670 2098.4
1289680 2095.2
1289690 2091.5
1289700 2091.5
1289710 2086.9
1289720 2081.6
1289730 2081.6
1289740 2076.0
1289750 2070.4
1289760 2070.4
1289770 2064.3
1289780 2058.3
1289790 2058.3
1289800 2052.6
1289810 2047.1
1289820 2047.1
1289830 2042.5
1289840 2037.4
1289850 2037.4
1289860 2033.6
1289870 2030.5
1289880 2027.1
1289890 2027.1
1289900 2023.3
1289910 2019.1
1289920 2019.1
1289930 2014.6
1289940 2010.2
1289950 2010.2
1289960 2006.4
1289970 2002.8
1289980 2002.8
1289990 1999.1
1290000 1994.5
1290010 1994.5
1290020 1990.2
1290030 1985.2
1290040 1985.2
1290050 1980.2
1290060 1976.0
1290070 1976.0
1290080 1972.8
1290090 1970.4
1290100 1966.9
1290110 1966.9
1290120 1962.7
1290130 1958.1
1290140 1958.1
1290150 1954.0
1290160 1950.1
1290170 1950.1
1290180 1945.9
1290190 1943.0
1290200 1943.0
1290210 1940.2
1290220 1937.0
1290230 1937.0
1290240 1932.9
1290250 1922.0
1290260 1922.0
1290270 1917.7
1290280 1914.1
1290290 1914.1
1290300 1909.5
1290310 1904.0
1290320 1897.6
1290330 1897.6
1290340 1891.5
1290350 1886.2
1290360 1886.2
1290370 1880.7
1290380 1875.8
1290390 1875.8
1290400 1870.6
1290410 1864.4
1290420 1864.4
1290430 1858.1
1290440 1853.1
1290450 1853.1
1290460 1849.2
1290470 1845.6
1290480 1845.6
1290490 1841.8
1290500 1837.1
1290510 1837.1
1290520 1832.0
1290530 1825.7
1290540 1825.7
1290550 1818.7
1290560 1811.0
1290570 1802.6
1290580 1802.6
1290590 1796.7
1290600 1793.7
1290610 1793.7
1290620 1790.0
1290630 1787.2
1290640 1787.2
1290650 1785.3
1290660 1782.3
1290670 1782.3
1290680 1779.5
1290690 1777.5
1290700 1777.5
1290710 1775.9
1290720 1773.7
1290730 1773.7
1290740 1771.1
1290750 1770.1
1290760 1770.1
1290770 1770.1
1290780 1769.5
1290790 1768.7
1290800 1768.7
1290810 1771.6
1290820 1776.3
1290830 1776.3
1290840 1781.1
1290850 1782.9
1290860 1782.9
1290870 1781.1
1290880 1777.0
1290890 1777.0
1290900 1774.2
1290910 1768.7
1290920 1768.7
1290930 1767.6
1290940 1765.0
1290950 1765.0
1290960 1762.1
1290970 1759.2
1290980 1759.2
1290990 1754.9
1291000 1752.0
1291010 1749.8
1291020 1749.8
1291030 1747.3
1291040 1744.1
1291050 1744.1
1291060 1739.6
1291070 1734.1
1291080 1734.1
1291090 1731.2
1291100 1729.6
1291110 1729.6
1291120 1727.8
1291130 1726.1
1291140 1726.1
1291150 1724.1
1291160 1721.2
1291170 1721.2
1291180 1717.6
1291190 1714.3
1291200 1714.3
1291210 1711.3
1291220 1707.8
1291230 1704.1
1291240 1704.1
1291250 1700.6
1291260 1697.3
1291270 1697.3
1291280 1693.8
1291290 1689.2
1291300 1689.2
1291310 1684.9
1291320 1681.3
1291330 1681.3
1291340 1678.2
1291350 1675.6
1291360 1675.6
1291370 1673.6
1291380 1671.7
1291390 1671.7
1291400 1669.4
1291410 1667.0
1291420 1667.0
1291430 1664.4
1291440 1660.4
1291450 1655.0
1291460 1655.0
1291470 1649.5
1291480 1644.0
1291490 1644.0
1291500 1638.7
1291510 1634.3
1291520 1634.3
1291530 1630.6
1291540 1628.2
1291550 1628.2
1291560 1626.7
1291570 1627.4
1291580 1627.4
1291590 1628.0
1291600 1626.7
1291610 1626.7
1291620 1623.1
1291630 1622.8
1291640 1622.8
1291650 1626.6
1291660 1627.1
1291670 1627.4
1291680 1627.4
1291690 1627.9
1291700 1628.5
1291710 1628.5
1291720 1628.9
1291730 1628.7
1291740 1628.7
1291750 1628.7
1291760 1628.9
1291770 1628.9
1291780 1628.6
1291790 1627.8
1291800 1627.8
1291810 1627.0
1291820 1626.4
1291830 1626.4
1291840 1625.9
1291850 1625.2
1291860 1625.2
1291870 1624.8
1291880 1624.5
1291890 1624.5
1291900 1624.0
1291910 1623.6
1291920 1623.2
1291930 1623.2
1291940 1622.6
1291950 1621.9
1291960 1621.9
1291970 1621.5
1291980 1621.8
1291990 1621.8
1292000 1622.9
1292010 1625.1
1292020 1625.1
1292030 1627.9
1292040 1629.5
1292050 1629.5
1292060 1630.9
1292070 1634.7
1292080 1634.7
1292090 1639.8
1292100 1645.2
1292110 1645.2
1292120 1651.8
1292130 1658.6
1292140 1664.1
1292150 1664.1
1292160 1667.8
1292170 1673.7
1292180 1673.7
1292190 1680.8
1292200 1685.3
1292210 1685.3
1292220 1676.2
1292230 1679.7
1292240 1679.7
1292250 1684.7
1292260 1689.1
1292270 1689.1
1292280 1693.1
1292290 1698.7
1292300 1698.7
1292310 1703.2
1292320 1707.7
1292330 1707.7
1292340 1710.4
1292350 1703.6
1292360 1684.9
1292370 1684.9
1292380 1688.9
1292390 1697.2
1292400 1697.2
1292410 1712.3
1292420 1715.4
1292430 1715.4
1292440 1724.1
1292450 1729.8
1292460 1729.8
1292470 1733.9
1292480 1738.6
1292490 1738.6
1292500 1743.9
1292510 1749.1
1292520 1749.1
1292530 1755.6
1292540 1762.2
1292550 1762.2
1292560 1768.8
1292570 1774.6
1292580 1779.8
1292590 1779.8
1292600 1785.5
1292610 1790.9
1292620 1790.9
1292630 1796.1
1292640 1800.9
1292650 1800.9
1292660 1805.7
1292670 1811.3
1292680 1811.3
1292690 1817.5
1292700 1823.3
1292710 1823.3
1292720 1829.4
1292730 1835.7
1292740 1835.7
1292750 1842.1
1292760 1849.8
1292770 1849.8
1292780 1860.5
1292790 1868.8
1292800 1875.8
1292810 1875.8
1292820 1883.2
1292830 1891.3
1292840 1891.3
1292850 1898.7
1292860 1906.6
1292870 1906.6
1292880 1906.0
1292890 1912.5
1292900 1912.5
1292910 1919.7
1292920 1927.9
1292930 1927.9
1292940 1936.3
1292950 1945.6
1292960 1945.6
1292970 1954.2
1292980 1962.0
1292990 1962.0
1293000 1970.6
1293010 1978.2
1293020 1983.2
1293030 1983.2
1293040 1987.8
1293050 1993.5
1293060 1993.5
1293070 2000.1
1293080 2006.4
1293090 2006.4
1293100 2012.4
1293110 2018.2
1293120 2018.2
1293130 2023.6
1293140 2028.1
1293150 2028.1
1293160 2031.9
1293170 2034.9
1293180 2034.9
1293190 2037.3
1293200 2038.3
1293210 2038.3
1293220 2036.0
1293230 2031.8
1293240 2031.8
1293250 2028.3
1293260 2025.7
1293270 2021.1
1293280 2021.1
1293290 2017.8
1293300 2015.3
1293310 2015.3
1293320 2013.9
1293330 2012.1
1293340 2012.1
1293350 2010.4
1293360 2009.6
1293370 2009.6
1293380 2008.9
1293390 2007.8
1293400 2007.8
1293410 2007.4
1293420 2006.9
1293430 2006.9
1293440 2007.3
1293450 2008.3
1293460 2008.3
1293470 2009.1
1293480 2010.2
1293490 2012.0
1293500 2012.0
1293510 2013.6
1293520 2014.9
1293530 2014.9
1293540 2016.2
1293550 2019.0
1293560 2019.0
1293570 2019.7
1293580 2020.6
1293590 2020.6
1293600 2021.8
1293610 2024.3
1293620 2024.3
1293630 2025.9
1293640 2027.6
1293650 2027.6
1293660 2029.4
1293670 2031.2
1293680 2031.2
1293690 2033.5
1293700 2035.9
1293710 2038.2
1293720 2038.2
1293730 2040.9
1293740 2043.5
1293750 2043.5
1293760 2046.4
1293770 2049.4
1293780 2049.4
1293790 2052.6
1293800 2056.1
1293810 2056.1
1293820 2058.6
1293830 2063.1
1293840 2063.1
1293850 2069.5
1293860 2076.3
1293870 2076.3
1293880 2083.2
1293890 2090.8
1293900 2090.8
1293910 2098.5
1293920 2105.6
1293930 2110.5
1293940 2110.5
1293950 2115.0
1293960 2120.0
1293970 2120.0
1293980 2124.8
1293990 2128.8
1294000 2128.8
1294010 2133.3
1294020 2137.0
1294030 2137.0
1294040 2139.4
1294050 2142.2
1294060 2142.2
1294070 2146.4
1294080 2151.6
1294090 2151.6
1294100 2157.1
1294110 2161.8
1294120 2161.8
1294130 2166.2
1294140 2170.5
1294150 2175.8
1294160 2175.8
1294170 2181.2
1294180 2186.0
1294190 2186.0
1294200 2190.3
1294210 2196.7
1294220 2196.7
1294230 2201.7
1294240 2207.2
1294250 2207.2
1294260 2212.8
1294270 2217.6
1294280 2217.6
1294290 2221.2
1294300 2224.7
1294310 2224.7
1294320 2227.4
1294330 2228.7
1294340 2228.7
1294350 2229.5
1294360 2230.4
1294370 2230.4
1294380 2232.7
1294390 2234.8
1294400 2236.4
1294410 2236.4
1294420 2237.8
1294430 2239.6
1294440 2239.6
1294450 2241.3
1294460 2242.5
1294470 2242.5
1294480 2243.4
1294490 2244.4
1294500 2244.4
1294510 2246.0
1294520 2248.2
1294530 2248.2
1294540 2250.4
1294550 2253.0
1294560 2253.0
1294570 2255.8
1294580 2258.4
1294590 2258.4
1294600 2261.1
1294610 2264.2
1294620 2267.7
1294630 2267.7
1294640 2271.4
1294650 2275.5
1294660 2275.5
1294670 2280.6
1294680 2286.2
1294690 2286.2
1294700 2291.3
1294710 2296.2
1294720 2296.2
1294730 2301.3
1294740 2306.6
1294750 2306.6
1294760 2313.2
1294770 2320.0
1294780 2320.0
1294790 2325.6
1294800 2332.1
1294810 2332.1
1294820 2339.7
1294830 2347.2
1294840 2355.0
1294850 2355.0
1294860 2363.8
1294870 2374.5
1294880 2373.4
1294890 2383.0
1294900 2390.4
1294910 2390.4
1294920 2398.4
1294930 2405.6
1294940 2405.6
1294950 2411.0
1294960 2415.7
1294970 2415.7
1294980 2422.0
1294990 2431.2
1295000 2431.2
1295010 2443.0
1295020 2449.4
1295030 2449.4
1295040 2451.3
1295050 2455.8
1295060 2462.6
1295070 2462.6
1295080 2469.1
1295090 2471.7
1295100 2471.7
1295110 2475.4
1295120 2481.9
1295130 2481.9
1295140 2481.1
1295150 2473.2
1295160 2473.2
1295170 2465.2
1295180 2456.1
1295190 2456.1
1295200 2447.5
1295210 2430.1
1295220 2430.1
1295230 2403.5
1295240 2377.2
1295250 2377.2
1295260 2369.1
1295270 2369.7
1295280 2362.2
1295290 2362.2
1295300 2342.5
1295310 2331.7
1295320 2331.7
1295330 2323.5
1295340 2315.3
1295350 2315.3
1295360 2301.8
1295370 2290.3
1295380 2290.3
1295390 2282.2
1295400 2275.3
1295410 2275.3
1295420 2269.3
1295430 2263.2
1295440 2263.2
1295450 2258.1
1295460 2253.9
1295470 2253.9
1295480 2244.0
1295490 2225.9
1295500 2212.1
1295510 2212.1
1295520 2209.0
1295530 2205.5
1295540 2205.5
1295550 2195.3
1295560 2190.4
1295570 2190.4
1295580 2184.5
1295590 2178.5
1295600 2178.5
1295610 2172.4
1295620 2166.5
1295630 2166.5
1295640 2160.7
1295650 2154.9
1295660 2154.9
1295670 2149.5
1295680 2144.4
1295690 2144.4
1295700 2139.8
1295710 2135.5
1295720 2135.5
1295730 2131.2
1295740 2127.4
1295750 2123.7
1295760 2123.7
1295770 2119.6
1295780 2115.9
1295790 2115.9
1295800 2112.1
1295810 2108.2
1295820 2108.2
1295830 2104.8
1295840 2101.8
1295850 2101.8
1295860 2098.8
1295870 2096.1
1295880 2096.1
1295890 2093.2
1295900 2090.3
1295910 2090.3
1295920 2088.0
1295930 2085.9
1295940 2085.9
1295950 2084.0
1295960 2082.1
1295970 2080.0
1295980 2080.0
1295990 2077.0
1296000 2072.8
1296010 2072.8
1296020 2074.1
1296030 2077.4
1296040 2077.4
1296050 2080.8
1296060 2084.4
1296070 2084.4
1296080 2087.5
1296090 2090.8
1296100 2090.8
1296110 2094.8
1296120 2098.3
1296130 2098.3
1296140 2101.8
1296150 2105.6
1296160 2105.6
1296170 2109.4
1296180 2113.0
1296190 2116.9
1296200 2116.9
1296210 2121.2
1296220 2129.9
1296230 2129.9
1296240 2134.1
1296250 2138.1
1296260 2138.1
1296270 2142.1
1296280 2145.8
1296290 2145.8
1296300 2149.4
1296310 2153.1
1296320 2153.1
1296330 2156.9
1296340 2160.5
1296350 2160.5
1296360 2163.8
1296370 2166.9
1296380 2166.9
1296390 2169.9
1296400 2173.1
1296410 2175.7
1296420 2175.7
1296430 2177.6
1296440 2178.7
1296450 2178.7
1296460 2178.0
1296470 2176.8
1296480 2176.8
1296490 2175.7
1296500 2173.1
1296510 2173.1
1296520 2169.4
1296530 2167.2
1296540 2167.2
1296550 2167.1
1296560 2169.3
1296570 2169.3
1296580 2171.6
1296590 2172.3
1296600 2172.3
1296610 2172.0
1296620 2170.5
1296630 2168.3
1296640 2168.3
1296650 2167.0
1296660 2166.5
1296670 2166.5
1296680 2167.1
1296690 2168.4
1296700 2168.4
1296710 2169.9
1296720 2171.1
1296730 2171.1
1296740 2172.6
1296750 2174.4
1296760 2174.4
1296770 2176.8
1296780 2179.0
1296790 2179.0
1296800 2181.2
1296810 2185.1
1296820 2185.1
1296830 2190.9
1296840 2196.6
1296850 2201.2
1296860 2201.2
1296870 2204.2
1296880 2203.1
1296890 2203.1
1296900 2192.9
1296910 2169.6
1296920 2169.6
1296930 2156.2
1296940 2146.5
1296950 2146.5
1296960 2138.1
1296970 2127.6
1296980 2127.6
1296990 2118.6
1297000 2111.8
1297010 2111.8
1297020 2100.9
1297030 2091.9
1297040 2091.9
1297050 2084.1
1297060 2077.4
1297070 2077.4
1297080 2071.3
1297090 2065.6
1297100 2059.1
1297110 2059.1
1297120 2052.4
1297130 2046.0
1297140 2046.0
1297150 2040.1
1297160 2034.7
1297170 2034.7
1297180 2030.4
1297190 2025.5
1297200 2025.5
1297210 2020.3
1297220 2015.0
1297230 2015.0
1297240 2010.3
1297250 2005.2
1297260 2005.2
1297270 1999.0
1297280 1993.8
1297290 1993.8
1297300 1989.5
1297310 1985.6
1297320 1981.5
1297330 1981.5
1297340 1977.4
1297350 1971.9
1297360 1971.9
1297370 1965.8
1297380 1963.4
1297390 1963.4
1297400 1963.0
1297410 1961.6
1297420 1961.6
1297430 1959.9
1297440 1957.8
1297450 1957.8
1297460 1955.1
1297470 1951.8
1297480 1951.8
1297490 1947.9
1297500 1943.8
1297510 1943.8
1297520 1940.8
1297530 1938.3
1297540 1935.1
1297550 1935.1
1297560 1932.1
1297570 1931.0
1297580 1936.9
1297590 1933.4
1297600 1927.5
1297610 1927.5
1297620 1921.5
1297630 1918.4
1297640 1918.4
1297650 1916.4
1297660 1914.0
1297670 1914.0
1297680 1910.6
1297690 1909.2
1297700 1909.2
1297710 1907.0
1297720 1905.8
1297730 1905.8
1297740 1904.1
1297750 1902.1
1297760 1899.2
1297770 1899.2
1297780 1896.0
1297790 1894.2
1297800 1894.2
1297810 1893.3
1297820 1889.3
1297830 1889.3
1297840 1886.5
1297850 1885.1
1297860 1885.1
1297870 1883.5
1297880 1883.4
1297890 1883.4
1297900 1883.9
1297910 1882.9
1297920 1882.9
1297930 1881.2
1297940 1879.1
1297950 1879.1
1297960 1876.2
1297970 1874.4
1297980 1874.2
1297990 1874.2
1298000 1874.3
1298010 1874.1
1298020 1874.1
1298030 1873.9
1298040 1874.1
1298050 1874.1
1298060 1874.4
1298070 1874.1
1298080 1874.1
1298090 1873.3
1298100 1873.2
1298110 1873.2
1298120 1873.4
1298130 1874.0
1298140 1874.0
1298150 1873.0
1298160 1871.8
1298170 1871.8
1298180 1871.3
1298190 1871.0
1298200 1869.4
1298210 1869.4
1298220 1867.5
1298230 1866.8
1298240 1866.8
1298250 1866.7
1298260 1870.6
1298270 1870.6
1298280 1869.4
1298290 1868.7
1298300 1868.7
1298310 1868.6
1298320 1866.8
1298330 1866.8
1298340 1865.8
1298350 1864.0
1298360 1864.0
1298370 1862.9
1298380 1862.4
1298390 1862.4
1298400 1861.0
1298410 1859.7
1298420 1859.7
1298430 1858.4
1298440 1856.6
1298450 1855.3
1298460 1855.3
1298470 1853.1
1298480 1851.3
1298490 1851.3
1298500 1849.6
1298510 1848.1
1298520 1848.1
1298530 1845.7
1298540 1843.8
1298550 1843.8
1298560 1841.5
1298570 1838.6
1298580 1838.6
1298590 1834.9
1298600 1827.2
1298610 1827.2
1298620 1819.4
1298630 1812.3
1298640 1812.3
1298650 1805.1
1298660 1799.0
1298670 1792.3
1298680 1792.3
1298690 1784.0
1298700 1776.1
1298710 1776.1
1298720 1769.0
1298730 1763.2
1298740 1763.2
1298750 1759.5
1298760 1754.3
1298770 1754.3
1298780 1749.8
1298790 1745.0
1298800 1745.0
1298810 1739.6
1298820 1732.5
1298830 1732.5
1298840 1726.9
1298850 1722.2
1298860 1722.2
1298870 1716.2
1298880 1710.9
1298890 1705.3
1298900 1705.3
1298910 1701.2
1298920 1696.7
1298930 1696.7
1298940 1697.1
1298950 1689.3
1298960 1689.3
1298970 1683.6
1298980 1678.7
1298990 1678.7
1299000 1672.3
1299010 1664.7
1299020 1664.7
1299030 1660.4
1299040 1657.1
1299050 1657.1
1299060 1650.8
1299070 1643.8
1299080 1643.8
1299090 1636.8
1299100 1629.8
1299110 1621.9
1299120 1621.9
1299130 1615.0
1299140 1609.2
1299150 1609.2
1299160 1602.8
1299170 1595.7
1299180 1595.7
1299190 1589.2
1299200 1582.9
1299210 1582.9
1299220 1576.4
1299230 1569.9
1299240 1569.9
1299250 1564.4
1299260 1558.5
1299270 1558.5
1299280 1552.8
1299290 1546.6
1299300 1546.6
1299310 1541.4
1299320 1536.2
1299330 1528.8
1299340 1528.8
1299350 1523.4
1299360 1519.4
1299370 1519.4
1299380 1516.0
1299390 1513.2
1299400 1513.2
1299410 1509.8
1299420 1506.7
1299430 1506.7
1299440 1506.6
1299450 1505.8
1299460 1505.8
1299470 1505.2
1299480 1504.8
1299490 1504.8
1299500 1504.3
1299510 1503.9
1299520 1503.9
1299530 1503.3
1299540 1502.8
1299550 1502.3
1299560 1502.3
1299570 1501.8
1299580 1501.3
1299590 1501.3
1299600 1500.7
1299610 1500.0
1299620 1500.0
1299630 1499.1
1299640 1498.5
1299650 1498.5
1299660 1498.1
1299670 1497.9
1299680 1497.9
1299690 1497.8
1299700 1497.5
1299710 1497.5
1299720 1497.2
1299730 1496.8
1299740 1496.8
1299750 1496.3
1299760 1495.7
1299770 1495.7
1299780 1495.1
1299790 1494.7
1299800 1494.4
1299810 1494.4
1299820 1494.1
1299830 1493.8
1299840 1493.8
1299850 1493.6
1299860 1493.3
1299870 1493.3
1299880 1492.9
1299890 1491.8
1299900 1491.8
1299910 1490.8
1299920 1491.7
1299930 1491.7
1299940 1494.6
1299950 1499.9
1299960 1499.9
1299970 1505.3
1299980 1510.7
1299990 1510.7
