1280000 1969.5
1280010 1972.1
1280020 1975.0
1280030 1975.0
1280040 1978.3
1280050 1981.9
1280060 1981.9
1280070 1984.9
1280080 1987.5
1280090 1987.5
1280100 1990.0
1280110 1992.5
1280120 1992.5
1280130 1995.4
1280140 1996.8
1280150 1996.8
1280160 1997.8
1280170 2000.7
1280180 2000.7
1280190 2002.0
1280200 2003.0
1280210 2005.6
1280220 2005.6
1280230 2007.7
1280240 2009.5
1280250 2009.5
1280260 2008.6
1280270 2008.0
1280280 2008.0
1280290 2008.2
1280300 2007.1
1280310 2007.1
1280320 2007.9
1280330 2008.4
1280340 2008.4
1280350 2007.4
1280360 2007.0
1280370 2007.0
1280380 2003.9
1280390 1998.9
1280400 1998.9
1280410 1994.9
1280420 1992.6
1280430 1992.6
1280440 1988.5
1280450 1984.8
1280460 1981.8
1280470 1981.8
1280480 1979.0
1280490 1977.3
1280500 1977.3
1280510 1976.2
1280520 1975.8
1280530 1975.8
1280540 1973.6
1280550 1971.9
1280560 1971.9
1280570 1969.7
1280580 1968.5
1280590 1968.5
1280600 1968.8
1280610 1967.9
1280620 1967.9
1280630 1966.7
1280640 1966.1
1280650 1966.1
1280660 1965.8
1280670 1965.1
1280680 1965.3
1280690 1965.3
1280700 1965.5
1280710 1966.9
1280720 1966.9
1280730 1968.9
1280740 1971.9
1280750 1971.9
1280760 1977.1
1280770 1981.6
1280780 1981.6
1280790 1985.9
1280800 1996.9
1280810 1996.9
1280820 2001.3
1280830 2006.4
1280840 2006.4
1280850 2011.4
1280860 2015.4
1280870 2015.4
1280880 2020.0
1280890 2022.9
1280900 2025.6
1280910 2025.6
1280920 2029.2
1280930 2032.4
1280940 2032.4
1280950 2035.0
1280960 2037.5
1280970 2037.5
1280980 2039.8
1280990 2042.1
1281000 2042.1
1281010 2045.0
1281020 2047.6
1281030 2047.6
1281040 2049.4
1281050 2051.8
1281060 2051.8
1281070 2054.3
1281080 2056.9
1281090 2056.9
1281100 2059.0
1281110 2061.3
1281120 2063.8
1281130 2063.8
1281140 2066.4
1281150 2069.9
1281160 2069.9
1281170 2073.6
1281180 2076.7
1281190 2076.7
1281200 2078.8
1281210 2080.8
1281220 2080.8
1281230 2084.1
1281240 2086.6
1281250 2086.6
1281260 2088.3
1281270 2091.3
1281280 2091.3
1281290 2095.3
1281300 2099.2
1281310 2099.2
1281320 2102.5
1281330 2105.9
1281340 2110.1
1281350 2110.1
1281360 2114.2
1281370 2118.1
1281380 2118.1
1281390 2121.7
1281400 2124.2
1281410 2124.2
1281420 2129.1
1281430 2132.1
1281440 2132.1
1281450 2135.2
1281460 2138.2
1281470 2138.2
1281480 2141.1
1281490 2144.3
1281500 2144.3
1281510 2147.4
1281520 2150.9
1281530 2150.9
1281540 2154.8
1281550 2158.7
1281560 2162.1
1281570 2162.1
1281580 2165.0
1281590 2167.8
1281600 2167.8
1281610 2170.8
1281620 2173.5
1281630 2173.5
1281640 2175.9
1281650 2178.3
1281660 2178.3
1281670 2180.9
1281680 2183.7
1281690 2183.7
1281700 2186.9
1281710 2190.3
1281720 2190.3
1281730 2193.5
1281740 2196.8
1281750 2196.8
1281760 2200.2
1281770 2203.3
1281780 2203.3
1281790 2205.4
1281800 2207.5
1281810 2210.4
1281820 2210.4
1281830 2213.8
1281840 2217.2
1281850 2217.2
1281860 2220.2
1281870 2219.4
1281880 2219.4
1281890 2222.3
1281900 2222.0
1281910 2222.0
1281920 2223.9
1281930 2228.3
1281940 2228.3
1281950 2231.6
1281960 2237.0
1281970 2237.0
1281980 2233.5
1281990 2224.4
1282000 2224.4
1282010 2216.4
1282020 2211.3
1282030 2213.5
1282040 2223.4
1282050 2224.0
1282060 2228.1
1282070 2228.1
1282080 2233.4
1282090 2239.2
1282100 2239.2
1282110 2245.0
1282120 2250.8
1282130 2250.8
1282140 2257.2
1282150 2264.1
1282160 2264.1
1282170 2274.0
1282180 2285.9
1282190 2285.9
1282200 2296.2
1282210 2301.0
1282220 2301.0
1282230 2303.4
1282240 2305.7
1282250 2307.3
1282260 2307.3
1282270 2308.5
1282280 2312.2
1282290 2312.2
1282300 2315.0
1282310 2315.1
1282320 2315.1
1282330 2308.8
1282340 2307.5
1282350 2307.5
1282360 2311.0
1282370 2313.1
1282380 2313.1
1282390 2314.5
1282400 2315.9
1282410 2315.9
1282420 2317.2
1282430 2321.0
1282440 2321.0
1282450 2324.5
1282460 2327.2
1282470 2331.3
1282480 2331.3
1282490 2336.5
1282500 2342.5
1282510 2342.5
1282520 2348.6
1282530 2352.6
1282540 2352.6
1282550 2356.3
1282560 2360.6
1282570 2360.6
1282580 2364.2
1282590 2366.1
1282600 2366.1
1282610 2366.7
1282620 2368.1
1282630 2368.1
1282640 2371.1
1282650 2374.2
1282660 2374.2
1282670 2379.2
1282680 2382.9
1282690 2386.8
1282700 2386.8
1282710 2390.1
1282720 2392.8
1282730 2392.8
1282740 2393.5
1282750 2395.3
1282760 2395.3
1282770 2398.2
1282780 2400.7
1282790 2400.7
1282800 2403.8
1282810 2407.9
1282820 2407.9
1282830 2411.4
1282840 2413.9
1282850 2413.9
1282860 2413.7
1282870 2406.5
1282880 2406.5
1282890 2407.8
1282900 2414.3
1282910 2413.2
1282920 2413.2
1282930 2411.2
1282940 2406.7
1282950 2406.7
1282960 2393.9
1282970 2384.5
1282980 2384.5
1282990 2378.7
1283000 2372.2
1283010 2372.2
1283020 2361.9
1283030 2350.7
1283040 2350.7
1283050 2341.2
1283060 2329.8
1283070 2329.8
1283080 2319.5
1283090 2308.3
1283100 2308.3
1283110 2291.9
1283120 2280.1
1283130 2280.1
1283140 2273.2
1283150 2269.7
1283160 2269.5
1283170 2269.5
1283180 2271.9
1283190 2269.3
1283200 2269.3
1283210 2255.5
1283220 2249.5
1283230 2249.5
1283240 2241.5
1283250 2235.6
1283260 2235.6
1283270 2233.9
1283280 2232.5
1283290 2232.5
1283300 2237.7
1283310 2236.5
1283320 2236.5
1283330 2234.9
1283340 2233.6
1283350 2233.6
1283360 2232.3
1283370 2232.9
1283380 2234.6
1283390 2234.6
1283400 2236.0
1283410 2236.9
1283420 2236.9
1283430 2239.3
1283440 2242.0
1283450 2242.0
1283460 2243.9
1283470 2246.1
1283480 2246.1
1283490 2248.4
1283500 2250.7
1283510 2250.7
1283520 2253.1
1283530 2255.8
1283540 2255.8
1283550 2259.0
1283560 2261.8
1283570 2261.8
1283580 2263.9
1283590 2265.7
1283600 2266.4
1283610 2266.4
1283620 2268.5
1283630 2270.7
1283640 2270.7
1283650 2271.8
1283660 2272.8
1283670 2272.8
1283680 2274.1
1283690 2275.5
1283700 2275.5
1283710 2276.1
1283720 2276.0
1283730 2276.0
1283740 2275.8
1283750 2276.4
1283760 2276.4
1283770 2277.6
1283780 2279.2
1283790 2279.2
1283800 2279.6
1283810 2279.4
1283820 2279.5
1283830 2279.5
1283840 2280.6
1283850 2282.4
1283860 2282.4
1283870 2284.6
1283880 2287.0
1283890 2287.0
1283900 2289.5
1283910 2290.6
1283920 2290.6
1283930 2284.4
1283940 2284.1
1283950 2284.1
1283960 2284.5
1283970 2286.0
1283980 2286.0
1283990 2288.9
1284000 2292.1
1284010 2292.1
1284020 2295.7
1284030 2299.7
1284040 2302.7
1284050 2302.7
1284060 2306.7
1284070 2311.8
1284080 2311.8
1284090 2317.3
1284100 2322.5
1284110 2322.5
1284120 2328.2
1284130 2334.3
1284140 2334.3
1284150 2340.2
1284160 2345.5
1284170 2345.5
1284180 2349.8
1284190 2353.2
1284200 2353.2
1284210 2352.4
1284220 2350.3
1284230 2350.3
1284240 2349.3
1284250 2349.4
1284260 2351.3
1284270 2351.3
1284280 2354.4
1284290 2358.4
1284300 2358.4
1284310 2362.2
1284320 2366.0
1284330 2366.0
1284340 2369.9
1284350 2373.9
1284360 2373.9
1284370 2377.0
1284380 2377.4
1284390 2377.4
1284400 2375.1
1284410 2371.9
1284420 2371.9
1284430 2367.2
1284440 2361.2
1284450 2361.2
1284460 2354.9
1284470 2349.0
1284480 2349.0
1284490 2342.3
1284500 2334.7
1284510 2326.8
1284520 2326.8
1284530 2318.3
1284540 2310.2
1284550 2310.2
1284560 2303.2
1284570 2294.9
1284580 2294.9
1284590 2289.3
1284600 2285.4
1284610 2285.4
1284620 2281.9
1284630 2278.7
1284640 2278.7
1284650 2275.0
1284660 2270.6
1284670 2270.6
1284680 2267.7
1284690 2269.0
1284700 2269.0
1284710 2270.3
1284720 2270.0
1284730 2268.9
1284740 2268.9
1284750 2267.8
1284760 2265.8
1284770 2265.8
1284780 2262.8
1284790 2259.2
1284800 2259.2
1284810 2255.3
1284820 2250.5
1284830 2250.5
1284840 2245.5
1284850 2241.5
1284860 2241.5
1284870 2237.1
1284880 2234.0
1284890 2234.0
1284900 2232.9
1284910 2236.9
1284920 2236.9
1284930 2243.1
1284940 2249.2
1284950 2254.7
1284960 2254.7
1284970 2259.7
1284980 2264.9
1284990 2264.9
1285000 2270.1
1285010 2274.8
1285020 2274.8
1285030 2279.0
1285040 2283.4
1285050 2283.4
1285060 2287.5
1285070 2291.2
1285080 2291.2
1285090 2294.2
1285100 2296.6
1285110 2296.6
1285120 2299.2
1285130 2302.3
1285140 2302.3
1285150 2305.6
1285160 2309.2
1285170 2312.8
1285180 2312.8
1285190 2317.0
1285200 2317.4
1285210 2317.4
1285220 2322.1
1285230 2326.8
1285240 2326.8
1285250 2331.6
1285260 2336.7
1285270 2336.7
1285280 2342.1
1285290 2347.7
1285300 2347.7
1285310 2353.4
1285320 2359.2
1285330 2359.2
1285340 2365.2
1285350 2371.6
1285360 2371.6
1285370 2377.9
1285380 2384.0
1285390 2390.4
1285400 2390.4
1285410 2396.5
1285420 2402.9
1285430 2402.9
1285440 2409.6
1285450 2416.1
1285460 2416.1
1285470 2422.8
1285480 2429.2
1285490 2429.2
1285500 2435.1
1285510 2439.1
1285520 2439.1
1285530 2439.8
1285540 2440.3
1285550 2440.3
1285560 2441.0
1285570 2442.2
1285580 2442.2
1285590 2443.8
1285600 2446.0
1285610 2448.6
1285620 2448.6
1285630 2451.9
1285640 2455.9
1285650 2455.9
1285660 2459.8
1285670 2463.7
1285680 2463.7
1285690 2467.4
1285700 2471.0
1285710 2471.0
1285720 2474.4
1285730 2477.8
1285740 2477.8
1285750 2481.2
1285760 2484.5
1285770 2484.5
1285780 2487.8
1285790 2490.9
1285800 2490.9
1285810 2494.5
1285820 2498.0
1285830 2502.0
1285840 2499.7
1285850 2504.7
1285860 2509.8
1285870 2509.8
1285880 2514.8
1285890 2519.8
1285900 2519.8
1285910 2525.3
1285920 2531.5
1285930 2531.5
1285940 2537.3
1285950 2543.2
1285960 2543.2
1285970 2549.3
1285980 2555.6
1285990 2555.6
1286000 2561.1
1286010 2565.3
1286020 2565.3
1286030 2565.2
1286040 2564.5
1286050 2564.5
1286060 2561.9
1286070 2554.7
1286080 2513.2
1286090 2513.2
1286100 2494.5
1286110 2475.4
1286120 2475.4
1286130 2458.5
1286140 2450.2
1286150 2450.2
1286160 2444.8
1286170 2443.5
1286180 2443.5
1286190 2445.0
1286200 2447.2
1286210 2447.2
1286220 2448.5
1286230 2443.6
1286240 2443.6
1286250 2440.0
1286260 2436.0
1286270 2436.0
1286280 2422.4
1286290 2414.8
1286300 2411.5
1286310 2411.5
1286320 2410.1
1286330 2409.6
1286340 2409.6
1286350 2409.5
1286360 2410.2
1286370 2410.2
1286380 2410.8
1286390 2411.5
1286400 2411.5
1286410 2411.3
1286420 2409.7
1286430 2409.7
1286440 2406.6
1286450 2403.0
1286460 2403.0
1286470 2399.2
1286480 2404.6
1286490 2404.6
1286500 2404.6
1286510 2401.5
1286520 2395.0
1286530 2395.0
1286540 2388.1
1286550 2383.9
1286560 2383.9
1286570 2384.0
1286580 2385.3
1286590 2385.3
1286600 2384.9
1286610 2382.6
1286620 2382.6
1286630 2382.4
1286640 2381.6
1286650 2381.6
1286660 2378.1
1286670 2373.8
1286680 2373.8
1286690 2375.1
1286700 2375.4
1286710 2375.4
1286720 2375.3
1286730 2375.3
1286740 2375.9
1286750 2375.9
1286760 2372.4
1286770 2369.6
1286780 2369.6
1286790 2371.8
1286800 2374.1
1286810 2374.1
1286820 2374.4
1286830 2375.0
1286840 2375.0
1286850 2377.1
1286860 2378.7
1286870 2378.7
1286880 2381.6
1286890 2386.4
1286900 2386.4
1286910 2390.3
1286920 2392.9
1286930 2392.9
1286940 2391.9
1286950 2391.9
1286960 2394.5
1286970 2394.5
1286980 2397.6
1286990 2400.6
1287000 2400.6
1287010 2404.5
1287020 2409.9
1287030 2409.9
1287040 2415.6
1287050 2421.8
1287060 2421.8
1287070 2427.5
1287080 2432.1
1287090 2432.1
1287100 2438.6
1287110 2442.8
1287120 2447.3
1287130 2444.0
1287140 2438.7
1287150 2438.7
1287160 2434.4
1287170 2431.0
1287180 2428.6
1287190 2428.6
1287200 2425.5
1287210 2421.7
1287220 2421.7
1287230 2418.0
1287240 2415.6
1287250 2415.6
1287260 2414.2
1287270 2412.9
1287280 2412.9
1287290 2412.3
1287300 2411.8
1287310 2411.8
1287320 2410.6
1287330 2409.2
1287340 2409.2
1287350 2408.3
1287360 2407.3
1287370 2407.3
1287380 2406.4
1287390 2406.3
1287400 2406.3
1287410 2406.7
1287420 2403.4
1287430 2398.7
1287440 2398.7
1287450 2393.4
1287460 2387.5
1287470 2387.5
1287480 2380.9
1287490 2374.9
1287500 2374.9
1287510 2369.3
1287520 2364.1
1287530 2364.1
1287540 2359.0
1287550 2354.0
1287560 2354.0
1287570 2349.9
1287580 2346.6
1287590 2346.6
1287600 2342.6
1287610 2337.3
1287620 2337.3
1287630 2332.9
1287640 2329.5
1287650 2329.7
1287660 2329.7
1287670 2330.4
1287680 2328.7
1287690 2328.7
1287700 2330.8
1287710 2334.6
1287720 2334.6
1287730 2337.8
1287740 2341.5
1287750 2341.5
1287760 2340.6
1287770 2344.9
1287780 2344.9
1287790 2349.2
1287800 2353.3
1287810 2353.3
1287820 2357.5
1287830 2361.7
1287840 2361.7
1287850 2366.0
1287860 2370.4
1287870 2375.0
1287880 2375.0
1287890 2379.8
1287900 2384.5
1287910 2384.5
1287920 2389.2
1287930 2393.8
1287940 2393.8
1287950 2398.5
1287960 2403.3
1287970 2403.3
1287980 2408.0
1287990 2412.6
1288000 2412.6
1288010 2417.3
1288020 2422.2
1288030 2422.2
1288040 2426.5
1288050 2430.3
1288060 2430.3
1288070 2432.1
1288080 2432.6
1288090 2432.9
1288100 2432.9
1288110 2434.0
1288120 2435.8
1288130 2435.8
1288140 2438.2
1288150 2440.8
1288160 2440.8
1288170 2443.7
1288180 2445.4
1288190 2445.4
1288200 2442.5
1288210 2435.7
1288220 2435.7
1288230 2427.6
1288240 2420.2
1288250 2420.2
1288260 2412.7
1288270 2406.5
1288280 2406.5
1288290 2400.9
1288300 2396.8
1288310 2393.1
1288320 2393.1
1288330 2383.9
1288340 2372.8
1288350 2372.8
1288360 2362.4
1288370 2352.6
1288380 2352.6
1288390 2345.2
1288400 2339.2
1288410 2335.1
1288420 2328.7
1288430 2324.6
1288440 2324.6
1288450 2320.3
1288460 2314.6
1288470 2314.6
1288480 2308.3
1288490 2301.4
1288500 2301.4
1288510 2295.1
1288520 2288.5
1288530 2281.3
1288540 2281.3
1288550 2273.5
1288560 2265.3
1288570 2265.3
1288580 2257.8
1288590 2251.1
1288600 2251.1
1288610 2245.0
1288620 2239.3
1288630 2239.3
1288640 2234.6
1288650 2229.9
1288660 2229.9
1288670 2224.1
1288680 2217.9
1288690 2217.9
1288700 2212.5
1288710 2205.7
1288720 2205.7
1288730 2199.8
1288740 2195.9
1288750 2195.9
1288760 2191.5
1288770 2186.6
1288780 2182.7
1288790 2182.7
1288800 2179.4
1288810 2176.2
1288820 2176.2
1288830 2173.2
1288840 2168.1
1288850 2168.1
1288860 2164.7
1288870 2162.6
1288880 2162.6
1288890 2156.9
1288900 2150.0
1288910 2150.0
1288920 2144.3
1288930 2136.4
1288940 2136.4
1288950 2125.6
1288960 2113.0
1288970 2113.0
1288980 2101.1
1288990 2090.0
1289000 2078.9
1289010 2078.9
1289020 2072.0
1289030 2067.5
1289040 2067.5
1289050 2065.3
1289060 2058.5
1289070 2058.5
1289080 2055.3
1289090 2051.9
1289100 2051.9
1289110 2048.5
1289120 2046.3
1289130 2046.3
1289140 2045.2
1289150 2044.4
1289160 2044.4
1289170 2044.4
1289180 2045.7
1289190 2045.7
1289200 2046.9
1289210 2047.7
1289220 2048.2
1289230 2048.2
1289240 2049.5
1289250 2050.5
1289260 2050.5
1289270 2045.4
1289280 2037.6
1289290 2037.6
1289300 2032.8
1289310 2032.7
1289320 2032.7
1289330 2031.2
1289340 2028.7
1289350 2028.7
1289360 2026.8
1289370 2026.0
1289380 2026.0
1289390 2027.3
1289400 2029.9
1289410 2029.9
1289420 2031.9
1289430 2032.8
1289440 2034.9
1289450 2034.9
1289460 2036.5
1289470 2037.2
1289480 2037.2
1289490 2035.2
1289500 2024.5
1289510 2024.5
1289520 2015.8
1289530 2009.4
1289540 2009.4
1289550 2002.5
1289560 1997.1
1289570 1997.1
1289580 1991.9
1289590 1986.2
1289600 1986.2
1289610 1979.9
1289620 1972.4
1289630 1972.4
1289640 1964.9
1289650 1957.2
1289660 1949.6
1289670 1949.6
1289680 1941.5
1289690 1935.0
1289700 1935.0
1289710 1926.2
1289720 1917.5
1289730 1917.5
1289740 1910.3
1289750 1904.5
1289760 1904.5
1289770 1898.3
1289780 1891.7
1289790 1891.7
1289800 1887.3
1289810 1884.2
1289820 1884.2
1289830 1883.8
1289840 1883.9
1289850 1883.9
1289860 1884.1
1289870 1884.3
1289880 1883.1
1289890 1883.1
1289900 1881.8
1289910 1881.6
1289920 1881.6
1289930 1882.4
1289940 1878.3
1289950 1878.3
1289960 1872.9
1289970 1871.4
1289980 1871.4
1289990 1870.1
1290000 1867.6
1290010 1867.6
1290020 1864.4
1290030 1862.1
1290040 1862.1
1290050 1860.1
1290060 1857.9
1290070 1857.9
1290080 1854.9
1290090 1851.8
1290100 1848.9
1290110 1848.9
1290120 1846.7
1290130 1844.7
1290140 1844.7
1290150 1841.8
1290160 1837.4
1290170 1837.4
1290180 1833.9
1290190 1831.6
1290200 1831.6
1290210 1829.1
1290220 1826.9
1290230 1826.9
1290240 1824.0
1290250 1820.6
1290260 1820.6
1290270 1818.9
1290280 1815.8
1290290 1815.8
1290300 1811.6
1290310 1806.5
1290320 1806.5
1290330 1805.9
1290340 1804.2
1290350 1802.1
1290360 1798.9
1290370 1797.4
1290380 1796.7
1290390 1796.7
1290400 1792.6
1290410 1786.9
1290420 1786.9
1290430 1781.8
1290440 1778.8
1290450 1778.8
1290460 1773.3
1290470 1766.1
1290480 1766.1
1290490 1758.9
1290500 1752.3
1290510 1752.3
1290520 1747.1
1290530 1743.4
1290540 1743.4
1290550 1740.3
1290560 1735.7
1290570 1731.6
1290580 1731.6
1290590 1726.7
1290600 1720.1
1290610 1720.1
1290620 1714.5
1290630 1710.6
1290640 1710.6
1290650 1707.7
1290660 1702.6
1290670 1702.6
1290680 1697.0
1290690 1691.4
1290700 1691.4
1290710 1685.6
1290720 1678.0
1290730 1678.0
1290740 1669.8
1290750 1663.0
1290760 1663.0
1290770 1656.8
1290780 1652.4
1290790 1648.6
1290800 1648.6
1290810 1644.5
1290820 1640.4
1290830 1640.4
1290840 1638.3
1290850 1638.2
1290860 1638.2
1290870 1638.3
1290880 1637.5
1290890 1637.5
1290900 1636.2
1290910 1634.0
1290920 1634.0
1290930 1631.5
1290940 1628.3
1290950 1628.3
1290960 1624.6
1290970 1620.6
1290980 1620.6
1290990 1616.8
1291000 1615.1
1291010 1612.7
1291020 1612.7
1291030 1612.8
1291040 1613.1
1291050 1613.1
1291060 1612.9
1291070 1611.8
1291080 1611.8
1291090 1611.0
1291100 1610.1
1291110 1610.1
1291120 1608.9
1291130 1607.5
1291140 1607.5
1291150 1606.5
1291160 1605.8
1291170 1605.8
1291180 1604.9
1291190 1604.0
1291200 1604.0
1291210 1602.8
1291220 1601.9
1291230 1600.5
1291240 1600.5
1291250 1598.6
1291260 1596.7
1291270 1596.7
1291280 1594.7
1291290 1592.6
1291300 1592.6
1291310 1592.0
1291320 1591.0
1291330 1591.0
1291340 1590.0
1291350 1590.2
1291360 1590.2
1291370 1588.9
1291380 1587.6
1291390 1587.6
1291400 1587.1
1291410 1587.6
1291420 1587.6
1291430 1588.5
1291440 1589.2
1291450 1589.8
1291460 1589.8
1291470 1590.0
1291480 1590.3
1291490 1590.3
1291500 1590.7
1291510 1591.1
1291520 1591.1
1291530 1592.7
1291540 1595.5
1291550 1595.5
1291560 1600.5
1291570 1605.8
1291580 1605.8
1291590 1610.4
1291600 1613.7
1291610 1613.7
1291620 1616.6
1291630 1618.5
1291640 1618.5
1291650 1619.6
1291660 1620.9
1291670 1627.2
1291680 1627.2
1291690 1628.4
1291700 1629.6
1291710 1629.6
1291720 1630.8
1291730 1631.8
1291740 1631.8
1291750 1632.2
1291760 1632.3
1291770 1632.3
1291780 1631.7
1291790 1631.5
1291800 1631.5
1291810 1631.8
1291820 1632.3
1291830 1632.3
1291840 1633.0
1291850 1634.7
1291860 1634.7
1291870 1636.6
1291880 1637.4
1291890 1637.4
1291900 1637.9
1291910 1638.9
1291920 1639.2
1291930 1639.2
1291940 1638.7
1291950 1638.9
1291960 1638.9
1291970 1639.4
1291980 1639.1
1291990 1639.1
1292000 1637.6
1292010 1637.1
1292020 1637.1
1292030 1636.2
1292040 1635.7
1292050 1635.7
1292060 1633.5
1292070 1630.9
1292080 1630.9
1292090 1631.5
1292100 1631.8
1292110 1631.8
1292120 1630.9
1292130 1628.8
1292140 1625.9
1292150 1625.9
1292160 1622.4
1292170 1619.7
1292180 1619.7
1292190 1617.9
1292200 1615.6
1292210 1615.6
1292220 1613.4
1292230 1613.6
1292240 1613.6
1292250 1614.0
1292260 1614.2
1292270 1614.2
1292280 1614.4
1292290 1614.6
1292300 1614.6
1292310 1614.8
1292320 1614.9
1292330 1615.3
1292340 1615.5
1292350 1615.7
1292360 1615.9
1292370 1615.9
1292380 1616.1
1292390 1616.4
1292400 1616.4
1292410 1616.6
1292420 1616.8
1292430 1616.8
1292440 1617.0
1292450 1617.4
1292460 1617.4
1292470 1617.8
1292480 1618.0
1292490 1618.0
1292500 1618.1
1292510 1618.2
1292520 1618.2
1292530 1618.4
1292540 1618.6
1292550 1618.6
1292560 1619.4
1292570 1619.9
1292580 1620.2
1292590 1620.2
1292600 1620.5
1292610 1620.8
1292620 1620.8
1292630 1621.1
1292640 1621.3
1292650 1621.3
1292660 1621.5
1292670 1621.8
1292680 1621.8
1292690 1622.1
1292700 1622.5
1292710 1622.5
1292720 1622.8
1292730 1623.3
1292740 1623.3
1292750 1623.7
1292760 1624.2
1292770 1624.2
1292780 1624.7
1292790 1625.2
1292800 1625.8
1292810 1625.8
1292820 1626.4
1292830 1627.0
1292840 1627.0
1292850 1628.1
1292860 1629.7
1292870 1629.7
1292880 1631.3
1292890 1633.7
1292900 1633.7
1292910 1637.4
1292920 1640.8
1292930 1640.8
1292940 1643.7
1292950 1645.8
1292960 1645.8
1292970 1648.2
1292980 1651.9
1292990 1649.8
1293000 1655.4
1293010 1661.4
1293020 1668.3
1293030 1668.3
1293040 1675.4
1293050 1682.3
1293060 1682.3
1293070 1689.0
1293080 1694.8
1293090 1694.8
1293100 1700.3
1293110 1706.2
1293120 1706.2
1293130 1712.3
1293140 1718.2
1293150 1718.2
1293160 1723.4
1293170 1727.4
1293180 1727.4
1293190 1733.7
1293200 1744.7
1293210 1744.7
1293220 1760.3
1293230 1777.2
1293240 1789.1
1293250 1789.1
1293260 1798.9
1293270 1808.2
1293280 1808.2
1293290 1818.9
1293300 1833.3
1293310 1833.3
1293320 1842.8
1293330 1850.7
1293340 1850.7
1293350 1857.4
1293360 1864.9
1293370 1864.9
1293380 1874.0
1293390 1882.8
1293400 1882.8
1293410 1894.7
1293420 1902.0
1293430 1902.0
1293440 1902.0
1293450 1902.9
1293460 1902.9
1293470 1904.3
1293480 1907.9
1293490 1911.1
1293500 1911.1
1293510 1915.4
1293520 1919.3
1293530 1919.3
1293540 1923.3
1293550 1926.5
1293560 1926.5
1293570 1931.7
1293580 1938.6
1293590 1938.6
1293600 1948.6
1293610 1962.1
1293620 1962.1
1293630 1978.2
1293640 1987.7
1293650 1961.4
1293660 1965.8
1293670 1966.2
1293680 1966.2
1293690 1966.9
1293700 1971.5
1293710 1965.4
1293720 1965.4
1293730 1965.9
1293740 1967.5
1293750 1967.5
1293760 1968.5
1293770 1971.4
1293780 1971.4
1293790 1975.5
1293800 1981.1
1293810 1981.1
1293820 1987.8
1293830 1995.1
1293840 1995.1
1293850 2002.4
1293860 2009.8
1293870 2009.8
1293880 2018.3
1293890 2026.6
1293900 2026.6
1293910 2034.9
1293920 2042.6
1293930 2050.4
1293940 2050.4
1293950 2059.0
1293960 2068.0
1293970 2068.0
1293980 2079.0
1293990 2090.7
1294000 2090.7
1294010 2099.9
1294020 2109.3
1294030 2109.3
1294040 2120.5
1294050 2130.6
1294060 2130.6
1294070 2141.5
1294080 2148.8
1294090 2148.8
1294100 2155.0
1294110 2160.0
1294120 2160.0
1294130 2165.5
1294140 2171.7
1294150 2178.3
1294160 2178.3
1294170 2184.1
1294180 2190.4
1294190 2190.4
1294200 2197.1
1294210 2203.4
1294220 2203.4
1294230 2210.2
1294240 2217.6
1294250 2217.6
1294260 2225.6
1294270 2234.1
1294280 2234.1
1294290 2242.0
1294300 2250.6
1294310 2250.6
1294320 2263.0
1294330 2271.6
1294340 2271.6
1294350 2281.5
1294360 2290.8
1294370 2299.1
1294380 2299.1
1294390 2306.7
1294400 2314.2
1294410 2314.2
1294420 2321.9
1294430 2329.8
1294440 2329.8
1294450 2338.2
1294460 2347.1
1294470 2347.1
1294480 2355.4
1294490 2362.9
1294500 2362.9
1294510 2370.5
1294520 2378.1
1294530 2378.1
1294540 2385.8
1294550 2393.5
1294560 2393.5
1294570 2400.9
1294580 2406.5
1294590 2409.6
1294600 2409.6
1294610 2412.4
1294620 2414.8
1294630 2414.8
1294640 2418.6
1294650 2422.1
1294660 2422.1
1294670 2427.8
1294680 2430.9
1294690 2430.9
1294700 2433.8
1294710 2436.0
1294720 2436.0
1294730 2439.0
1294740 2442.7
1294750 2442.7
1294760 2446.3
1294770 2451.9
1294780 2451.9
1294790 2458.7
1294800 2463.8
1294810 2463.8
1294820 2466.8
1294830 2470.9
1294840 2475.2
1294850 2475.2
1294860 2477.9
1294870 2480.9
1294880 2480.9
1294890 2484.1
1294900 2488.6
1294910 2488.6
1294920 2493.5
1294930 2497.3
1294940 2497.3
1294950 2501.3
1294960 2505.2
1294970 2505.2
1294980 2509.5
1294990 2520.9
1295000 2520.9
1295010 2526.6
1295020 2537.9
1295030 2537.9
1295040 2546.7
1295050 2554.8
1295060 2559.1
1295070 2559.1
1295080 2564.8
1295090 2570.7
1295100 2570.7
1295110 2581.2
1295120 2588.6
1295130 2588.6
1295140 2594.3
1295150 2593.8
1295160 2593.8
1295170 2585.5
1295180 2568.4
1295190 2568.4
1295200 2546.5
1295210 2516.7
1295220 2516.7
1295230 2489.1
1295240 2468.8
1295250 2468.8
1295260 2462.6
1295270 2464.8
1295280 2468.1
1295290 2468.1
1295300 2472.4
1295310 2436.3
1295320 2436.3
1295330 2398.6
1295340 2394.3
1295350 2394.3
1295360 2387.9
1295370 2390.1
1295380 2390.1
1295390 2393.3
1295400 2396.5
1295410 2396.5
1295420 2386.7
1295430 2381.2
1295440 2381.2
1295450 2371.8
1295460 2358.4
1295470 2358.4
1295480 2362.4
1295490 2366.3
1295500 2366.4
1295510 2366.4
1295520 2336.7
1295530 2289.1
1295540 2289.1
1295550 2276.2
1295560 2270.4
1295570 2270.4
1295580 2264.6
1295590 2252.1
1295600 2252.1
1295610 2244.3
1295620 2239.8
1295630 2239.8
1295640 2234.2
1295650 2226.9
1295660 2236.2
1295670 2229.5
1295680 2220.1
1295690 2220.1
1295700 2206.5
1295710 2198.7
1295720 2192.7
1295730 2192.7
1295740 2188.6
1295750 2185.2
1295760 2185.2
1295770 2181.7
1295780 2177.6
1295790 2177.6
1295800 2173.3
1295810 2169.2
1295820 2169.2
1295830 2165.6
1295840 2162.4
1295850 2162.4
1295860 2159.6
1295870 2157.3
1295880 2157.3
1295890 2155.4
1295900 2153.9
1295910 2153.9
1295920 2152.6
1295930 2151.1
1295940 2149.0
1295950 2149.0
1295960 2144.2
1295970 2139.7
1295980 2139.7
1295990 2139.9
1296000 2144.2
1296010 2144.2
1296020 2148.9
1296030 2153.0
1296040 2153.0
1296050 2158.2
1296060 2163.8
1296070 2163.8
1296080 2169.3
1296090 2174.5
1296100 2174.5
1296110 2179.1
1296120 2184.3
1296130 2184.3
1296140 2190.4
1296150 2196.9
1296160 2203.7
1296170 2203.7
1296180 2210.9
1296190 2218.1
1296200 2218.1
1296210 2223.1
1296220 2226.7
1296230 2226.7
1296240 2229.0
1296250 2230.5
1296260 2230.5
1296270 2231.4
1296280 2232.2
1296290 2232.2
1296300 2233.4
1296310 2234.2
1296320 2234.2
1296330 2237.2
1296340 2236.5
1296350 2236.5
1296360 2236.8
1296370 2238.5
1296380 2238.5
1296390 2240.7
1296400 2242.3
1296410 2243.5
1296420 2243.5
1296430 2245.1
1296440 2247.8
1296450 2247.8
1296460 2251.0
1296470 2253.8
1296480 2253.8
1296490 2255.9
1296500 2257.7
1296510 2257.7
1296520 2259.5
1296530 2260.8
1296540 2260.8
1296550 2261.3
1296560 2261.9
1296570 2261.9
1296580 2262.9
1296590 2263.0
1296600 2263.0
1296610 2262.3
1296620 2262.2
1296630 2262.5
1296640 2262.5
1296650 2265.0
1296660 2268.4
1296670 2268.4
1296680 2271.6
1296690 2273.0
1296700 2273.0
1296710 2272.0
1296720 2271.8
1296730 2271.8
1296740 2273.7
1296750 2276.6
1296760 2276.6
1296770 2279.5
1296780 2283.2
1296790 2283.2
1296800 2288.0
1296810 2287.3
1296820 2287.3
1296830 2281.0
1296840 2275.0
1296850 2270.7
1296860 2270.7
1296870 2265.7
1296880 2262.1
1296890 2262.1
1296900 2256.4
1296910 2248.9
1296920 2248.9
1296930 2242.9
1296940 2238.1
1296950 2238.1
1296960 2235.0
1296970 2229.7
1296980 2229.7
1296990 2223.7
1297000 2216.8
1297010 2221.0
1297020 2215.1
1297030 2207.5
1297040 2207.5
1297050 2202.0
1297060 2198.3
1297070 2190.7
1297080 2190.7
1297090 2184.1
1297100 2176.7
1297110 2176.7
1297120 2170.7
1297130 2166.1
1297140 2166.1
1297150 2162.3
1297160 2157.1
1297170 2157.1
1297180 2152.5
1297190 2149.0
1297200 2149.0
1297210 2146.3
1297220 2143.5
1297230 2143.5
1297240 2140.6
1297250 2137.4
1297260 2137.4
1297270 2134.3
1297280 2131.6
1297290 2128.0
1297300 2128.0
1297310 2126.6
1297320 2126.4
1297330 2126.4
1297340 2127.7
1297350 2124.0
1297360 2124.0
1297370 2118.8
1297380 2115.5
1297390 2115.5
1297400 2112.4
1297410 2109.2
1297420 2109.2
1297430 2106.0
1297440 2103.0
1297450 2103.0
1297460 2099.9
1297470 2097.4
1297480 2097.4
1297490 2093.8
1297500 2090.5
1297510 2088.1
1297520 2088.1
1297530 2086.8
1297540 2086.3
1297550 2086.3
1297560 2085.0
1297570 2084.0
1297580 2084.0
1297590 2082.2
1297600 2080.2
1297610 2080.2
1297620 2078.5
1297630 2077.4
1297640 2077.4
1297650 2074.2
1297660 2072.2
1297670 2072.2
1297680 2071.0
1297690 2070.9
1297700 2070.9
1297710 2070.1
1297720 2068.7
1297730 2068.0
1297740 2068.0
1297750 2067.5
1297760 2067.0
1297770 2067.0
1297780 2066.6
1297790 2066.8
1297800 2066.8
1297810 2067.9
1297820 2070.3
1297830 2070.3
1297840 2071.6
1297850 2072.5
1297860 2072.5
1297870 2072.5
1297880 2070.8
1297890 2070.8
1297900 2070.0
1297910 2070.9
1297920 2070.9
1297930 2073.5
1297940 2078.0
1297950 2078.0
1297960 2080.4
1297970 2081.4
1297980 2069.4
1297990 2069.4
1298000 2054.8
1298010 2046.3
1298020 2046.3
1298030 2038.0
1298040 2031.9
1298050 2031.9
1298060 2024.6
1298070 2020.3
1298080 2020.3
1298090 2018.4
1298100 2012.6
1298110 2012.6
1298120 2006.2
1298130 1996.9
1298140 1996.9
1298150 1990.0
1298160 1986.5
1298170 1986.5
1298180 1982.8
1298190 1979.4
1298200 1976.1
1298210 1976.1
1298220 1973.0
1298230 1971.3
1298240 1971.3
1298250 1971.3
1298260 1968.7
1298270 1968.7
1298280 1964.1
1298290 1957.2
1298300 1957.2
1298310 1952.9
1298320 1949.0
1298330 1949.0
1298340 1944.9
1298350 1943.6
1298360 1943.6
1298370 1939.5
1298380 1935.2
1298390 1935.2
1298400 1931.4
1298410 1927.9
1298420 1923.8
1298430 1923.8
1298440 1917.8
1298450 1912.7
1298460 1912.7
1298470 1907.9
1298480 1905.0
1298490 1905.0
1298500 1900.6
1298510 1896.4
1298520 1896.4
1298530 1887.7
1298540 1880.5
1298550 1880.5
1298560 1873.8
1298570 1866.9
1298580 1866.9
1298590 1860.2
1298600 1851.5
1298610 1851.5
1298620 1842.7
1298630 1835.0
1298640 1829.4
1298650 1829.4
1298660 1824.7
1298670 1821.0
1298680 1821.0
1298690 1816.8
1298700 1811.7
1298710 1811.7
1298720 1804.6
1298730 1798.6
1298740 1798.6
1298750 1793.0
1298760 1786.5
1298770 1786.5
1298780 1778.9
1298790 1771.3
1298800 1771.3
1298810 1763.4
1298820 1756.4
1298830 1756.4
1298840 1749.7
1298850 1740.8
1298860 1731.7
1298870 1731.7
1298880 1723.2
1298890 1718.8
1298900 1718.8
1298910 1715.6
1298920 1710.1
1298930 1710.1
1298940 1705.7
1298950 1700.7
1298960 1700.7
1298970 1695.5
1298980 1690.0
1298990 1690.0
1299000 1683.3
1299010 1674.9
1299020 1674.9
1299030 1667.0
1299040 1661.7
1299050 1658.7
1299060 1652.9
1299070 1647.6
1299080 1641.2
1299090 1641.2
1299100 1636.1
1299110 1628.8
1299120 1628.8
1299130 1622.0
1299140 1616.9
1299150 1616.9
1299160 1611.6
1299170 1606.1
1299180 1606.1
1299190 1601.9
1299200 1599.1
1299210 1599.1
1299220 1595.7
1299230 1591.5
1299240 1591.5
1299250 1586.7
1299260 1581.5
1299270 1581.5
1299280 1576.2
1299290 1570.8
1299300 1565.1
1299310 1565.1
1299320 1558.9
1299330 1553.4
1299340 1553.4
1299350 1549.1
1299360 1546.7
1299370 1546.7
1299380 1543.4
1299390 1540.3
1299400 1540.3
1299410 1537.7
1299420 1535.1
1299430 1535.1
1299440 1532.9
1299450 1531.6
1299460 1531.6
1299470 1530.2
1299480 1528.7
1299490 1528.7
1299500 1528.1
1299510 1528.7
1299520 1528.7
1299530 1530.3
1299540 1529.2
1299550 1525.7
1299560 1525.7
1299570 1522.3
1299580 1518.8
1299590 1518.8
1299600 1523.4
1299610 1527.1
1299620 1527.1
1299630 1529.4
1299640 1529.8
1299650 1529.8
1299660 1532.1
1299670 1537.4
1299680 1537.4
1299690 1546.1
1299700 1549.5
1299710 1549.5
1299720 1552.6
1299730 1555.0
1299740 1557.2
1299750 1558.4
1299760 1560.4
1299770 1564.0
1299780 1564.0
1299790 1568.3
1299800 1573.0
1299810 1573.0
1299820 1579.3
1299830 1585.0
1299840 1585.0
1299850 1591.3
1299860 1600.0
1299870 1600.0
1299880 1607.5
1299890 1613.4
1299900 1613.4
1299910 1618.2
1299920 1623.0
1299930 1623.0
1299940 1630.3
1299950 1637.4
1299960 1637.4
1299970 1642.4
1299980 1648.8
1299990 1655.9
