1280000 1703.2
1280010 1703.2
1280020 1706.1
1280030 1708.7
1280040 1708.7
1280050 1711.0
1280060 1713.3
1280070 1713.3
1280080 1715.8
1280090 1718.3
1280100 1718.3
1280110 1720.6
1280120 1722.5
1280130 1722.5
1280140 1720.3
1280150 1716.4
1280160 1712.1
1280170 1712.1
1280180 1707.7
1280190 1703.0
1280200 1703.0
1280210 1697.4
1280220 1689.8
1280230 1689.8
1280240 1684.8
1280250 1685.6
1280260 1685.6
1280270 1689.5
1280280 1693.6
1280290 1693.6
1280300 1696.8
1280310 1699.4
1280320 1699.4
1280330 1698.5
1280340 1691.0
1280350 1691.0
1280360 1685.0
1280370 1683.7
1280380 1682.4
1280390 1682.4
1280400 1681.4
1280410 1679.7
1280420 1679.7
1280430 1676.4
1280440 1673.3
1280450 1673.3
1280460 1677.5
1280470 1677.5
1280480 1677.5
1280490 1678.2
1280500 1678.4
1280510 1678.4
1280520 1679.2
1280530 1679.4
1280540 1679.4
1280550 1677.9
1280560 1675.5
1280570 1675.5
1280580 1674.2
1280590 1674.8
1280600 1677.2
1280610 1677.2
1280620 1680.0
1280630 1681.8
1280640 1681.8
1280650 1680.5
1280660 1678.1
1280670 1678.1
1280680 1674.3
1280690 1676.2
1280700 1676.2
1280710 1680.9
1280720 1683.5
1280730 1683.5
1280740 1684.9
1280750 1687.2
1280760 1687.2
1280770 1693.0
1280780 1699.8
1280790 1699.8
1280800 1706.6
1280810 1713.3
1280820 1720.2
1280830 1720.2
1280840 1727.5
1280850 1734.7
1280860 1734.7
1280870 1742.7
1280880 1751.2
1280890 1751.2
1280900 1760.3
1280910 1766.8
1280920 1766.8
1280930 1769.5
1280940 1770.2
1280950 1770.2
1280960 1770.7
1280970 1771.5
1280980 1771.5
1280990 1772.2
1281000 1772.9
1281010 1772.9
1281020 1774.3
1281030 1775.9
1281040 1775.9
1281050 1777.1
1281060 1777.7
1281070 1777.9
1281080 1783.9
1281090 1784.3
1281100 1784.7
1281110 1784.7
1281120 1785.4
1281130 1786.1
1281140 1786.1
1281150 1787.8
1281160 1789.5
1281170 1789.5
1281180 1791.1
1281190 1791.9
1281200 1791.9
1281210 1791.8
1281220 1791.3
1281230 1791.3
1281240 1789.6
1281250 1787.7
1281260 1787.7
1281270 1785.8
1281280 1783.4
1281290 1781.6
1281300 1781.6
1281310 1782.1
1281320 1784.8
1281330 1784.8
1281340 1787.6
1281350 1791.1
1281360 1791.1
1281370 1795.9
1281380 1800.9
1281390 1800.9
1281400 1805.6
1281410 1809.7
1281420 1809.7
1281430 1813.2
1281440 1816.0
1281450 1816.0
1281460 1821.1
1281470 1827.6
1281480 1827.6
1281490 1832.7
1281500 1836.5
1281510 1839.7
1281520 1839.7
1281530 1844.0
1281540 1847.4
1281550 1847.4
1281560 1852.9
1281570 1859.0
1281580 1859.0
1281590 1863.2
1281600 1867.9
1281610 1867.9
1281620 1871.1
1281630 1873.9
1281640 1873.9
1281650 1876.8
1281660 1878.7
1281670 1878.7
1281680 1881.1
1281690 1883.4
1281700 1883.4
1281710 1890.1
1281720 1895.9
1281730 1903.3
1281740 1903.3
1281750 1910.9
1281760 1918.9
1281770 1918.9
1281780 1927.4
1281790 1936.1
1281800 1936.1
1281810 1946.4
1281820 1957.0
1281830 1957.0
1281840 1966.2
1281850 1974.7
1281860 1974.7
1281870 1983.3
1281880 1991.4
1281890 1991.4
1281900 1998.5
1281910 2005.6
1281920 2005.6
1281930 2012.6
1281940 2018.8
1281950 2024.8
1281960 2024.8
1281970 2030.4
1281980 2036.4
1281990 2036.4
1282000 2041.2
1282010 2045.2
1282020 2045.2
1282030 2049.7
1282040 2052.8
1282050 2052.8
1282060 2056.4
1282070 2061.2
1282080 2061.2
1282090 2065.9
1282100 2069.5
1282110 2069.5
1282120 2072.2
1282130 2076.0
1282140 2076.0
1282150 2081.0
1282160 2086.5
1282170 2086.5
1282180 2092.2
1282190 2096.7
1282200 2100.7
1282210 2100.7
1282220 2103.8
1282230 2101.6
1282240 2101.6
1282250 2097.9
1282260 2093.1
1282270 2093.1
1282280 2088.8
1282290 2084.2
1282300 2084.2
1282310 2077.7
1282320 2070.0
1282330 2076.9
1282340 2074.3
1282350 2071.6
1282360 2071.6
1282370 2071.8
1282380 2072.4
1282390 2072.4
1282400 2072.8
1282410 2073.1
1282420 2070.5
1282430 2070.5
1282440 2068.0
1282450 2066.5
1282460 2066.5
1282470 2065.3
1282480 2066.9
1282490 2066.9
1282500 2068.8
1282510 2064.0
1282520 2064.0
1282530 2053.3
1282540 2042.5
1282550 2042.5
1282560 2030.8
1282570 2020.0
1282580 2020.0
1282590 2011.3
1282600 2001.7
1282610 2001.7
1282620 1992.0
1282630 1985.8
1282640 1981.3
1282650 1981.3
1282660 1977.7
1282670 1977.5
1282680 1977.5
1282690 1976.9
1282700 1975.9
1282710 1975.9
1282720 1982.0
1282730 1989.2
1282740 1989.2
1282750 1990.6
1282760 1987.2
1282770 1987.2
1282780 1981.0
1282790 1976.6
1282800 1976.6
1282810 1969.2
1282820 1961.5
1282830 1961.5
1282840 1952.9
1282850 1945.7
1282860 1940.7
1282870 1940.7
1282880 1936.7
1282890 1933.0
1282900 1933.0
1282910 1929.1
1282920 1926.9
1282930 1926.9
1282940 1924.1
1282950 1921.5
1282960 1927.2
1282970 1923.1
1282980 1920.1
1282990 1920.1
1283000 1920.3
1283010 1921.8
1283020 1921.8
1283030 1926.6
1283040 1928.3
1283050 1928.3
1283060 1929.0
1283070 1930.2
1283080 1930.0
1283090 1930.0
1283100 1930.4
1283110 1931.5
1283120 1931.5
1283130 1931.9
1283140 1933.5
1283150 1933.5
1283160 1939.2
1283170 1944.6
1283180 1944.6
1283190 1950.3
1283200 1956.0
1283210 1956.0
1283220 1961.8
1283230 1968.3
1283240 1968.3
1283250 1975.6
1283260 1983.9
1283270 1983.9
1283280 1993.3
1283290 2003.3
1283300 2003.3
1283310 2012.3
1283320 2019.9
1283330 2027.6
1283340 2027.6
1283350 2034.1
1283360 2040.5
1283370 2040.5
1283380 2047.1
1283390 2053.0
1283400 2053.0
1283410 2058.4
1283420 2061.5
1283430 2061.5
1283440 2063.1
1283450 2065.4
1283460 2065.4
1283470 2069.7
1283480 2075.6
1283490 2075.6
1283500 2079.9
1283510 2084.5
1283520 2084.5
1283530 2089.6
1283540 2095.0
1283550 2100.8
1283560 2100.8
1283570 2106.9
1283580 2113.5
1283590 2112.0
1283600 2119.2
1283610 2126.3
1283620 2126.3
1283630 2133.5
1283640 2140.7
1283650 2140.7
1283660 2148.2
1283670 2155.7
1283680 2155.7
1283690 2162.6
1283700 2169.5
1283710 2169.5
1283720 2176.2
1283730 2182.5
1283740 2182.5
1283750 2188.5
1283760 2193.7
1283770 2191.9
1283780 2191.9
1283790 2183.6
1283800 2173.9
1283810 2173.9
1283820 2166.0
1283830 2158.4
1283840 2158.4
1283850 2150.1
1283860 2143.2
1283870 2143.2
1283880 2136.6
1283890 2129.3
1283900 2129.3
1283910 2122.9
1283920 2117.8
1283930 2117.8
1283940 2115.0
1283950 2113.0
1283960 2113.0
1283970 2110.9
1283980 2109.5
1283990 2110.0
1284000 2110.0
1284010 2111.7
1284020 2113.6
1284030 2113.6
1284040 2116.8
1284050 2119.9
1284060 2119.9
1284070 2123.0
1284080 2125.3
1284090 2125.3
1284100 2125.8
1284110 2125.6
1284120 2125.6
1284130 2125.9
1284140 2128.2
1284150 2128.2
1284160 2130.5
1284170 2132.1
1284180 2132.1
1284190 2132.9
1284200 2132.9
1284210 2132.8
1284220 2136.0
1284230 2135.8
1284240 2135.5
1284250 2135.5
1284260 2136.1
1284270 2137.3
1284280 2137.3
1284290 2138.4
1284300 2140.3
1284310 2140.3
1284320 2144.3
1284330 2144.6
1284340 2144.6
1284350 2143.2
1284360 2144.4
1284370 2144.4
1284380 2145.7
1284390 2147.4
1284400 2147.4
1284410 2152.0
1284420 2157.9
1284430 2157.9
1284440 2164.2
1284450 2171.1
1284460 2177.7
1284470 2177.7
1284480 2185.5
1284490 2193.7
1284500 2193.7
1284510 2201.7
1284520 2210.2
1284530 2210.2
1284540 2219.0
1284550 2226.5
1284560 2226.5
1284570 2225.7
1284580 2217.8
1284590 2217.8
1284600 2207.4
1284610 2196.2
1284620 2196.2
1284630 2185.2
1284640 2175.8
1284650 2175.8
1284660 2169.9
1284670 2163.2
1284680 2158.1
1284690 2158.1
1284700 2154.9
1284710 2152.4
1284720 2152.4
1284730 2150.7
1284740 2149.7
1284750 2149.7
1284760 2148.0
1284770 2144.7
1284780 2144.7
1284790 2140.5
1284800 2137.0
1284810 2137.0
1284820 2134.3
1284830 2133.5
1284840 2133.5
1284850 2133.2
1284860 2135.8
1284870 2135.8
1284880 2135.9
1284890 2137.1
1284900 2138.5
1284910 2138.5
1284920 2139.9
1284930 2141.2
1284940 2141.2
1284950 2143.7
1284960 2146.8
1284970 2146.8
1284980 2149.0
1284990 2151.1
1285000 2151.1
1285010 2152.7
1285020 2154.2
1285030 2154.2
1285040 2155.8
1285050 2157.3
1285060 2157.3
1285070 2158.6
1285080 2160.7
1285090 2160.7
1285100 2165.5
1285110 2170.6
1285120 2174.6
1285130 2174.6
1285140 2177.4
1285150 2178.3
1285160 2178.3
1285170 2178.9
1285180 2180.3
1285190 2180.3
1285200 2182.2
1285210 2183.9
1285220 2183.9
1285230 2185.4
1285240 2188.6
1285250 2188.6
1285260 2193.1
1285270 2198.2
1285280 2198.2
1285290 2204.6
1285300 2211.8
1285310 2211.8
1285320 2218.7
1285330 2225.2
1285340 2231.6
1285350 2231.6
1285360 2238.3
1285370 2245.2
1285380 2245.2
1285390 2253.3
1285400 2263.9
1285410 2263.9
1285420 2278.7
1285430 2294.2
1285440 2294.2
1285450 2303.3
1285460 2313.6
1285470 2313.6
1285480 2322.7
1285490 2317.7
1285500 2317.7
1285510 2326.7
1285520 2332.2
1285530 2332.2
1285540 2330.5
1285550 2320.5
1285560 2320.5
1285570 2313.1
1285580 2310.1
1285590 2301.7
1285600 2301.7
1285610 2292.6
1285620 2289.2
1285630 2289.2
1285640 2284.6
1285650 2270.4
1285660 2270.4
1285670 2261.2
1285680 2257.6
1285690 2257.6
1285700 2254.9
1285710 2252.2
1285720 2252.2
1285730 2249.5
1285740 2246.7
1285750 2246.7
1285760 2245.0
1285770 2243.3
1285780 2243.3
1285790 2244.4
1285800 2244.2
1285810 2242.1
1285820 2242.1
1285830 2244.1
1285840 2243.8
1285850 2243.8
1285860 2239.5
1285870 2237.4
1285880 2237.4
1285890 2239.1
1285900 2239.1
1285910 2239.1
1285920 2237.2
1285930 2234.3
1285940 2234.3
1285950 2232.5
1285960 2230.5
1285970 2230.5
1285980 2227.3
1285990 2224.8
1286000 2224.8
1286010 2224.1
1286020 2222.5
1286030 2220.8
1286040 2220.8
1286050 2218.9
1286060 2218.3
1286070 2218.3
1286080 2218.4
1286090 2218.7
1286100 2218.7
1286110 2219.1
1286120 2218.7
1286130 2216.0
1286140 2214.6
1286150 2211.7
1286160 2211.7
1286170 2208.2
1286180 2204.9
1286190 2204.9
1286200 2201.8
1286210 2199.8
1286220 2199.8
1286230 2198.9
1286240 2196.2
1286250 2190.1
1286260 2190.1
1286270 2183.4
1286280 2179.3
1286290 2179.3
1286300 2175.1
1286310 2163.4
1286320 2163.4
1286330 2147.6
1286340 2138.7
1286350 2138.7
1286360 2132.1
1286370 2127.9
1286380 2127.9
1286390 2126.6
1286400 2125.7
1286410 2125.7
1286420 2124.2
1286430 2123.1
1286440 2123.1
1286450 2121.3
1286460 2119.6
1286470 2118.3
1286480 2118.3
1286490 2116.3
1286500 2114.7
1286510 2114.7
1286520 2113.1
1286530 2110.5
1286540 2110.5
1286550 2107.5
1286560 2105.3
1286570 2105.3
1286580 2102.3
1286590 2097.5
1286600 2097.5
1286610 2091.6
1286620 2085.9
1286630 2085.9
1286640 2080.7
1286650 2076.9
1286660 2076.9
1286670 2074.0
1286680 2071.1
1286690 2071.1
1286700 2067.9
1286710 2063.3
1286720 2059.0
1286730 2059.0
1286740 2062.1
1286750 2066.9
1286760 2066.9
1286770 2077.6
1286780 2081.8
1286790 2081.8
1286800 2085.7
1286810 2088.5
1286820 2088.5
1286830 2089.8
1286840 2090.5
1286850 2090.5
1286860 2091.5
1286870 2092.7
1286880 2092.7
1286890 2094.2
1286900 2096.9
1286910 2096.9
1286920 2099.1
1286930 2100.1
1286940 2101.8
1286950 2101.8
1286960 2104.2
1286970 2107.6
1286980 2107.6
1286990 2111.5
1287000 2115.6
1287010 2115.6
1287020 2120.9
1287030 2126.0
1287040 2126.0
1287050 2133.0
1287060 2139.1
1287070 2139.1
1287080 2146.8
1287090 2156.1
1287100 2156.1
1287110 2164.1
1287120 2171.8
1287130 2171.8
1287140 2181.8
1287150 2191.8
1287160 2198.4
1287170 2198.4
1287180 2202.6
1287190 2205.3
1287200 2205.3
1287210 2208.4
1287220 2210.7
1287230 2210.7
1287240 2212.5
1287250 2214.3
1287260 2214.3
1287270 2216.3
1287280 2219.7
1287290 2219.7
1287300 2223.4
1287310 2228.4
1287320 2228.4
1287330 2233.3
1287340 2234.6
1287350 2234.6
1287360 2233.1
1287370 2232.9
1287380 2233.4
1287390 2233.4
1287400 2231.3
1287410 2226.4
1287420 2232.1
1287430 2227.2
1287440 2223.5
1287450 2223.5
1287460 2220.3
1287470 2219.3
1287480 2219.3
1287490 2219.9
1287500 2220.6
1287510 2220.6
1287520 2221.6
1287530 2222.7
1287540 2222.7
1287550 2223.7
1287560 2224.7
1287570 2224.7
1287580 2226.2
1287590 2227.4
1287600 2228.6
1287610 2228.6
1287620 2229.4
1287630 2230.5
1287640 2230.5
1287650 2234.0
1287660 2239.5
1287670 2239.5
1287680 2246.5
1287690 2255.2
1287700 2255.2
1287710 2262.6
1287720 2269.5
1287730 2269.5
1287740 2277.1
1287750 2276.3
1287760 2276.3
1287770 2274.2
1287780 2271.2
1287790 2271.2
1287800 2259.1
1287810 2243.4
1287820 2243.4
1287830 2236.4
1287840 2228.6
1287850 2221.9
1287860 2221.9
1287870 2215.9
1287880 2211.7
1287890 2211.7
1287900 2209.1
1287910 2207.6
1287920 2207.6
1287930 2206.7
1287940 2206.0
1287950 2206.0
1287960 2205.8
1287970 2205.9
1287980 2205.9
1287990 2205.6
1288000 2206.2
1288010 2206.2
1288020 2207.2
1288030 2208.2
1288040 2208.2
1288050 2208.8
1288060 2209.8
1288070 2210.2
1288080 2210.2
1288090 2210.4
1288100 2209.8
1288110 2209.8
1288120 2210.6
1288130 2211.3
1288140 2211.3
1288150 2210.4
1288160 2210.0
1288170 2210.0
1288180 2209.9
1288190 2209.5
1288200 2209.5
1288210 2209.1
1288220 2209.4
1288230 2209.4
1288240 2209.0
1288250 2208.0
1288260 2208.0
1288270 2206.7
1288280 2207.5
1288290 2208.6
1288300 2208.6
1288310 2209.1
1288320 2209.9
1288330 2209.9
1288340 2211.0
1288350 2211.9
1288360 2211.9
1288370 2213.2
1288380 2215.5
1288390 2215.5
1288400 2217.2
1288410 2218.9
1288420 2218.9
1288430 2221.4
1288440 2225.1
1288450 2225.1
1288460 2230.0
1288470 2235.7
1288480 2235.7
1288490 2240.8
1288500 2244.5
1288510 2249.2
1288520 2249.2
1288530 2254.0
1288540 2258.6
1288550 2258.6
1288560 2270.0
1288570 2280.1
1288580 2280.1
1288590 2282.1
1288600 2283.5
1288610 2283.5
1288620 2288.8
1288630 2298.7
1288640 2298.7
1288650 2308.7
1288660 2314.7
1288670 2314.7
1288680 2319.5
1288690 2324.2
1288700 2324.2
1288710 2335.3
1288720 2338.8
1288730 2343.9
1288740 2343.9
1288750 2349.8
1288760 2356.7
1288770 2356.7
1288780 2365.2
1288790 2374.3
1288800 2374.3
1288810 2383.2
1288820 2389.9
1288830 2389.9
1288840 2396.7
1288850 2400.0
1288860 2400.0
1288870 2403.2
1288880 2408.9
1288890 2408.9
1288900 2414.1
1288910 2418.8
1288920 2418.8
1288930 2418.6
1288940 2419.4
1288950 2419.4
1288960 2421.2
1288970 2418.4
1288980 2417.6
1288990 2417.6
1289000 2412.8
1289010 2404.4
1289020 2404.4
1289030 2395.2
1289040 2386.7
1289050 2386.7
1289060 2378.4
1289070 2368.6
1289080 2368.6
1289090 2360.0
1289100 2355.4
1289110 2355.4
1289120 2349.6
1289130 2342.1
1289140 2342.1
1289150 2334.3
1289160 2325.5
1289170 2325.5
1289180 2318.7
1289190 2314.6
1289200 2310.0
1289210 2310.0
1289220 2303.9
1289230 2301.5
1289240 2301.5
1289250 2300.4
1289260 2300.6
1289270 2300.6
1289280 2302.7
1289290 2304.8
1289300 2304.8
1289310 2305.4
1289320 2305.6
1289330 2305.6
1289340 2305.6
1289350 2303.0
1289360 2291.4
1289370 2282.2
1289380 2280.0
1289390 2280.0
1289400 2278.7
1289410 2283.6
1289420 2276.8
1289430 2276.8
1289440 2264.2
1289450 2259.2
1289460 2259.2
1289470 2250.0
1289480 2246.7
1289490 2246.7
1289500 2241.9
1289510 2233.5
1289520 2233.5
1289530 2231.4
1289540 2233.2
1289550 2233.2
1289560 2232.2
1289570 2229.1
1289580 2229.1
1289590 2224.8
1289600 2218.8
1289610 2218.8
1289620 2219.1
1289630 2219.7
1289640 2216.8
1289650 2216.8
1289660 2214.9
1289670 2209.2
1289680 2209.2
1289690 2201.3
1289700 2194.0
1289710 2194.0
1289720 2188.2
1289730 2179.5
1289740 2179.5
1289750 2174.1
1289760 2161.3
1289770 2161.3
1289780 2149.4
1289790 2140.9
1289800 2140.9
1289810 2133.4
1289820 2126.2
1289830 2126.2
1289840 2119.3
1289850 2113.7
1289860 2109.1
1289870 2109.1
1289880 2105.9
1289890 2105.2
1289900 2105.2
1289910 2103.8
1289920 2097.6
1289930 2097.6
1289940 2089.1
1289950 2078.9
1289960 2078.9
1289970 2071.4
1289980 2067.0
1289990 2067.0
1290000 2063.3
1290010 2055.8
1290020 2055.8
1290030 2055.7
1290040 2057.0
1290050 2057.0
1290060 2060.7
1290070 2065.2
1290080 2067.8
1290090 2067.8
1290100 2060.7
1290110 2053.0
1290120 2053.0
1290130 2045.1
1290140 2035.3
1290150 2035.3
1290160 2025.6
1290170 2017.3
1290180 2017.3
1290190 2009.8
1290200 2001.9
1290210 2001.9
1290220 1993.9
1290230 1985.7
1290240 1985.7
1290250 1978.1
1290260 1970.2
1290270 1970.2
1290280 1962.1
1290290 1953.7
1290300 1953.7
1290310 1945.9
1290320 1937.7
1290330 1929.1
1290340 1929.1
1290350 1921.5
1290360 1913.8
1290370 1913.8
1290380 1905.0
1290390 1895.8
1290400 1895.8
1290410 1888.0
1290420 1881.6
1290430 1881.6
1290440 1874.8
1290450 1871.3
1290460 1871.3
1290470 1871.9
1290480 1869.6
1290490 1869.6
1290500 1866.6
1290510 1863.9
1290520 1863.9
1290530 1862.1
1290540 1859.8
1290550 1860.3
1290560 1860.3
1290570 1861.6
1290580 1863.1
1290590 1863.1
1290600 1863.0
1290610 1863.8
1290620 1863.8
1290630 1867.2
1290640 1872.7
1290650 1872.7
1290660 1870.4
1290670 1880.0
1290680 1880.0
1290690 1882.7
1290700 1878.3
1290710 1878.3
1290720 1879.1
1290730 1881.4
1290740 1881.4
1290750 1887.1
1290760 1888.2
1290770 1884.1
1290780 1884.1
1290790 1879.3
1290800 1877.6
1290810 1877.6
1290820 1875.4
1290830 1870.6
1290840 1870.6
1290850 1865.2
1290860 1861.9
1290870 1861.9
1290880 1860.9
1290890 1858.5
1290900 1858.5
1290910 1856.0
1290920 1852.0
1290930 1852.0
1290940 1847.6
1290950 1845.7
1290960 1845.7
1290970 1843.7
1290980 1840.3
1290990 1837.0
1291000 1837.0
1291010 1833.2
1291020 1829.3
1291030 1829.3
1291040 1825.9
1291050 1822.8
1291060 1822.8
1291070 1819.7
1291080 1817.2
1291090 1817.2
1291100 1814.2
1291110 1811.1
1291120 1811.1
1291130 1808.3
1291140 1805.6
1291150 1805.6
1291160 1802.7
1291170 1800.0
1291180 1800.0
1291190 1796.9
1291200 1794.3
1291210 1791.3
1291220 1791.3
1291230 1788.0
1291240 1784.4
1291250 1784.4
1291260 1780.7
1291270 1777.2
1291280 1777.2
1291290 1773.8
1291300 1770.5
1291310 1770.5
1291320 1761.2
1291330 1758.2
1291340 1758.2
1291350 1755.4
1291360 1752.7
1291370 1752.7
1291380 1749.4
1291390 1743.4
1291400 1743.4
1291410 1736.2
1291420 1728.2
1291430 1728.2
1291440 1720.1
1291450 1712.5
1291460 1705.4
1291470 1705.4
1291480 1699.0
1291490 1692.4
1291500 1692.4
1291510 1685.1
1291520 1676.4
1291530 1676.4
1291540 1667.5
1291550 1656.3
1291560 1656.3
1291570 1645.9
1291580 1640.9
1291590 1640.9
1291600 1640.1
1291610 1639.9
1291620 1639.9
1291630 1639.7
1291640 1638.7
1291650 1638.7
1291660 1636.1
1291670 1636.4
1291680 1638.7
1291690 1638.7
1291700 1640.4
1291710 1644.5
1291720 1644.5
1291730 1648.9
1291740 1653.2
1291750 1653.2
1291760 1659.3
1291770 1666.6
1291780 1666.6
1291790 1673.8
1291800 1678.6
1291810 1678.6
1291820 1682.2
1291830 1685.4
1291840 1685.4
1291850 1686.2
1291860 1684.2
1291870 1684.2
1291880 1682.1
1291890 1681.1
1291900 1680.8
1291910 1680.8
1291920 1681.9
1291930 1685.1
1291940 1685.1
1291950 1690.1
1291960 1696.7
1291970 1692.7
1291980 1697.0
1291990 1700.4
1292000 1700.4
1292010 1703.2
1292020 1705.4
1292030 1705.4
1292040 1707.7
1292050 1711.0
1292060 1711.0
1292070 1714.3
1292080 1716.8
1292090 1716.8
1292100 1721.1
1292110 1727.5
1292120 1732.9
1292130 1732.9
1292140 1737.7
1292150 1743.2
1292160 1743.2
1292170 1748.7
1292180 1754.1
1292190 1754.1
1292200 1760.5
1292210 1768.1
1292220 1768.1
1292230 1775.7
1292240 1781.4
1292250 1781.4
1292260 1786.3
1292270 1790.8
1292280 1790.8
1292290 1794.6
1292300 1797.4
1292310 1797.4
1292320 1799.4
1292330 1801.3
1292340 1802.9
1292350 1802.9
1292360 1803.7
1292370 1803.5
1292380 1803.5
1292390 1802.3
1292400 1801.1
1292410 1801.1
1292420 1800.2
1292430 1799.0
1292440 1799.0
1292450 1797.5
1292460 1796.6
1292470 1796.6
1292480 1795.9
1292490 1795.4
1292500 1795.4
1292510 1793.3
1292520 1792.7
1292530 1792.7
1292540 1790.2
1292550 1785.5
1292560 1780.6
1292570 1780.6
1292580 1775.2
1292590 1770.6
1292600 1770.6
1292610 1775.0
1292620 1782.1
1292630 1782.1
1292640 1790.7
1292650 1797.0
1292660 1797.0
1292670 1802.1
1292680 1807.8
1292690 1807.8
1292700 1813.1
1292710 1818.5
1292720 1818.5
1292730 1824.2
1292740 1829.6
1292750 1829.6
1292760 1835.4
1292770 1840.9
1292780 1840.9
1292790 1846.4
1292800 1852.1
1292810 1857.8
1292820 1857.8
1292830 1862.5
1292840 1867.2
1292850 1867.2
1292860 1871.9
1292870 1875.9
1292880 1875.9
1292890 1879.3
1292900 1883.4
1292910 1883.4
1292920 1887.8
1292930 1891.6
1292940 1891.6
1292950 1894.9
1292960 1899.3
1292970 1899.3
1292980 1903.9
1292990 1907.9
1293000 1907.9
1293010 1911.7
1293020 1915.7
1293030 1919.7
1293040 1919.7
1293050 1924.5
1293060 1928.0
1293070 1928.0
1293080 1928.4
1293090 1929.1
1293100 1929.1
1293110 1933.4
1293120 1939.5
1293130 1939.5
1293140 1945.8
1293150 1952.1
1293160 1952.1
1293170 1956.5
1293180 1959.9
1293190 1959.9
1293200 1963.5
1293210 1966.8
1293220 1966.8
1293230 1969.6
1293240 1971.4
1293250 1973.3
1293260 1973.3
1293270 1975.2
1293280 1976.4
1293290 1976.4
1293300 1980.5
1293310 1981.0
1293320 1981.0
1293330 1981.2
1293340 1981.3
1293350 1981.3
1293360 1978.9
1293370 1974.5
1293380 1974.5
1293390 1975.0
1293400 1979.5
1293410 1979.5
1293420 1985.0
1293430 1989.7
1293440 1989.7
1293450 1994.3
1293460 1997.4
1293470 2000.2
1293480 2000.2
1293490 2003.1
1293500 2006.4
1293510 2006.4
1293520 2009.2
1293530 2012.2
1293540 2012.2
1293550 2015.4
1293560 2019.1
1293570 2019.1
1293580 2023.0
1293590 2026.4
1293600 2026.4
1293610 2030.0
1293620 2034.7
1293630 2034.7
1293640 2039.8
1293650 2044.6
1293660 2044.6
1293670 2049.1
1293680 2053.7
1293690 2058.4
1293700 2058.4
1293710 2063.5
1293720 2067.9
1293730 2067.9
1293740 2072.1
1293750 2076.1
1293760 2076.1
1293770 2080.1
1293780 2084.0
1293790 2084.0
1293800 2088.5
1293810 2093.0
1293820 2093.0
1293830 2097.9
1293840 2102.1
1293850 2102.1
1293860 2105.6
1293870 2109.9
1293880 2109.9
1293890 2115.1
1293900 2119.5
1293910 2119.5
1293920 2123.6
1293930 2128.7
1293940 2133.9
1293950 2133.9
1293960 2136.0
1293970 2140.8
1293980 2140.8
1293990 2145.6
1294000 2149.9
1294010 2149.9
1294020 2154.1
1294030 2159.4
1294040 2159.4
1294050 2164.4
1294060 2168.9
1294070 2168.9
1294080 2173.0
1294090 2177.3
1294100 2177.3
1294110 2180.4
1294120 2183.3
1294130 2183.3
1294140 2185.4
1294150 2187.4
1294160 2190.7
1294170 2190.7
1294180 2194.8
1294190 2199.1
1294200 2199.1
1294210 2203.0
1294220 2206.2
1294230 2206.2
1294240 2210.2
1294250 2213.4
1294260 2213.4
1294270 2215.3
1294280 2217.3
1294290 2217.3
1294300 2219.9
1294310 2223.6
1294320 2223.6
1294330 2228.0
1294340 2232.8
1294350 2232.8
1294360 2236.7
1294370 2240.6
1294380 2245.6
1294390 2245.6
1294400 2251.0
1294410 2255.4
1294420 2255.4
1294430 2259.4
1294440 2264.2
1294450 2264.2
1294460 2269.5
1294470 2274.9
1294480 2274.9
1294490 2279.3
1294500 2283.6
1294510 2283.6
1294520 2288.2
1294530 2292.8
1294540 2292.8
1294550 2297.5
1294560 2301.9
1294570 2301.9
1294580 2305.4
1294590 2308.1
1294600 2311.3
1294610 2311.3
1294620 2315.4
1294630 2318.0
1294640 2318.0
1294650 2321.3
1294660 2324.4
1294670 2324.4
1294680 2327.1
1294690 2330.3
1294700 2330.3
1294710 2333.7
1294720 2335.8
1294730 2335.8
1294740 2336.9
1294750 2337.2
1294760 2337.2
1294770 2336.0
1294780 2335.7
1294790 2335.7
1294800 2336.4
1294810 2337.3
1294820 2338.4
1294830 2338.4
1294840 2340.0
1294850 2342.6
1294860 2342.6
1294870 2345.5
1294880 2347.8
1294890 2347.8
1294900 2351.1
1294910 2354.3
1294920 2354.3
1294930 2357.7
1294940 2361.2
1294950 2361.2
1294960 2364.7
1294970 2368.0
1294980 2368.0
1294990 2371.5
1295000 2375.8
1295010 2375.8
1295020 2380.1
1295030 2384.3
1295040 2388.8
1295050 2388.8
1295060 2395.0
1295070 2402.3
1295080 2402.3
1295090 2408.6
1295100 2415.5
1295110 2415.5
1295120 2424.0
1295130 2432.7
1295140 2432.7
1295150 2440.8
1295160 2448.3
1295170 2448.3
1295180 2455.2
1295190 2456.9
1295200 2456.9
1295210 2452.0
1295220 2446.2
1295230 2446.2
1295240 2439.9
1295250 2434.1
1295260 2434.1
1295270 2429.2
1295280 2423.6
1295290 2416.2
1295300 2417.3
1295310 2388.5
1295320 2365.1
1295330 2365.1
1295340 2351.4
1295350 2339.3
1295360 2339.3
1295370 2328.9
1295380 2319.9
1295390 2319.9
1295400 2306.6
1295410 2292.6
1295420 2292.6
1295430 2285.1
1295440 2275.2
1295450 2275.2
1295460 2266.9
1295470 2263.3
1295480 2263.3
1295490 2252.7
1295500 2240.8
1295510 2232.7
1295520 2232.7
1295530 2224.6
1295540 2214.8
1295550 2214.8
1295560 2207.6
1295570 2201.6
1295580 2201.6
1295590 2196.9
1295600 2189.7
1295610 2189.7
1295620 2177.3
1295630 2173.2
1295640 2173.2
1295650 2168.0
1295660 2161.9
1295670 2161.9
1295680 2155.5
1295690 2148.9
1295700 2148.9
1295710 2142.5
1295720 2136.0
1295730 2129.5
1295740 2129.5
1295750 2123.1
1295760 2117.2
1295770 2117.2
1295780 2111.5
1295790 2106.0
1295800 2106.0
1295810 2101.1
1295820 2096.0
1295830 2096.0
1295840 2091.6
1295850 2089.9
1295860 2089.9
1295870 2086.3
1295880 2082.3
1295890 2082.3
1295900 2079.1
1295910 2076.0
1295920 2076.0
1295930 2073.4
1295940 2071.1
1295950 2068.8
1295960 2068.8
1295970 2065.8
1295980 2063.5
1295990 2063.5
1296000 2061.3
1296010 2059.2
1296020 2059.2
1296030 2056.9
1296040 2055.0
1296050 2055.0
1296060 2053.1
1296070 2050.9
1296080 2050.9
1296090 2049.0
1296100 2047.2
1296110 2047.2
1296120 2045.0
1296130 2043.3
1296140 2043.3
1296150 2044.3
1296160 2047.6
1296170 2052.3
1296180 2052.3
1296190 2056.3
1296200 2059.9
1296210 2059.9
1296220 2063.9
1296230 2067.6
1296240 2067.6
1296250 2070.6
1296260 2073.2
1296270 2073.2
1296280 2075.4
1296290 2078.1
1296300 2078.1
1296310 2080.6
1296320 2082.9
1296330 2082.9
1296340 2085.5
1296350 2088.0
1296360 2088.0
1296370 2090.4
1296380 2092.7
1296390 2092.7
1296400 2095.5
1296410 2099.2
1296420 2102.8
1296430 2102.8
1296440 2106.5
1296450 2109.0
1296460 2109.0
1296470 2111.7
1296480 2114.9
1296490 2114.9
1296500 2117.9
1296510 2119.5
1296520 2119.5
1296530 2120.6
1296540 2122.1
1296550 2122.1
1296560 2124.4
1296570 2127.2
1296580 2127.2
1296590 2129.7
1296600 2131.1
1296610 2131.1
1296620 2129.8
1296630 2122.3
1296640 2128.6
1296650 2128.6
1296660 2130.7
1296670 2135.4
1296680 2135.4
1296690 2138.6
1296700 2140.6
1296710 2140.6
1296720 2141.5
1296730 2142.1
1296740 2142.1
1296750 2143.0
1296760 2145.6
1296770 2145.6
1296780 2148.5
1296790 2151.9
1296800 2151.9
1296810 2155.1
1296820 2157.4
1296830 2157.4
1296840 2159.8
1296850 2163.0
1296860 2166.2
1296870 2166.2
1296880 2167.8
1296890 2169.7
1296900 2169.7
1296910 2172.8
1296920 2174.1
1296930 2174.1
1296940 2172.0
1296950 2154.8
1296960 2154.8
1296970 2141.4
1296980 2134.0
1296990 2134.0
1297000 2121.1
1297010 2105.5
1297020 2105.5
1297030 2089.2
1297040 2077.7
1297050 2077.7
1297060 2066.9
1297070 2054.6
1297080 2043.7
1297090 2043.7
1297100 2036.3
1297110 2028.7
1297120 2028.7
1297130 2021.2
1297140 2014.4
1297150 2014.4
1297160 2007.7
1297170 2001.1
1297180 2001.1
1297190 1994.8
1297200 1988.6
1297210 1988.6
1297220 1982.6
1297230 1976.7
1297240 1976.7
1297250 1971.0
1297260 1965.0
1297270 1965.0
1297280 1959.3
1297290 1954.0
1297300 1949.0
1297310 1949.0
1297320 1945.5
1297330 1939.5
1297340 1939.5
1297350 1932.9
1297360 1927.0
1297370 1927.0
1297380 1921.9
1297390 1917.3
1297400 1917.3
1297410 1913.5
1297420 1910.1
1297430 1910.1
1297440 1905.6
1297450 1900.5
1297460 1900.5
1297470 1894.6
1297480 1887.4
1297490 1887.4
1297500 1881.3
1297510 1878.5
1297520 1879.6
1297530 1879.6
1297540 1881.9
1297550 1880.4
1297560 1880.4
1297570 1874.7
1297580 1867.7
1297590 1867.7
1297600 1861.7
1297610 1857.5
1297620 1857.5
1297630 1857.5
1297640 1858.7
1297650 1858.7
1297660 1859.4
1297670 1857.7
1297680 1857.7
1297690 1854.7
1297700 1852.4
1297710 1852.4
1297720 1850.8
1297730 1847.7
1297740 1847.7
1297750 1845.6
1297760 1842.5
1297770 1838.4
1297780 1838.4
1297790 1837.2
1297800 1837.4
1297810 1837.4
1297820 1836.5
1297830 1835.2
1297840 1835.2
1297850 1833.6
1297860 1829.3
1297870 1829.3
1297880 1824.8
1297890 1825.8
1297900 1825.8
1297910 1827.9
1297920 1827.1
1297930 1827.1
1297940 1824.2
1297950 1821.3
1297960 1821.3
1297970 1819.8
1297980 1817.8
1297990 1815.8
1298000 1818.9
1298010 1818.1
1298020 1818.3
1298030 1818.3
1298040 1818.7
1298050 1818.8
1298060 1818.8
1298070 1819.2
1298080 1820.1
1298090 1820.1
1298100 1820.2
1298110 1819.7
1298120 1819.7
1298130 1819.2
1298140 1818.1
1298150 1818.1
1298160 1816.6
1298170 1813.9
1298180 1813.9
1298190 1810.5
1298200 1807.6
1298210 1805.8
1298220 1805.8
1298230 1805.3
1298240 1805.1
1298250 1805.1
1298260 1805.0
1298270 1804.4
1298280 1804.4
1298290 1802.7
1298300 1800.9
1298310 1800.9
1298320 1799.6
1298330 1797.7
1298340 1797.7
1298350 1795.8
1298360 1794.4
1298370 1794.4
1298380 1792.6
1298390 1790.3
1298400 1790.3
1298410 1786.9
1298420 1785.2
1298430 1784.6
1298440 1784.6
1298450 1783.9
1298460 1782.8
1298470 1782.8
1298480 1781.4
1298490 1780.8
1298500 1780.8
1298510 1781.0
1298520 1781.5
1298530 1781.5
1298540 1781.9
1298550 1781.2
1298560 1781.2
1298570 1778.3
1298580 1775.2
1298590 1775.2
1298600 1771.9
1298610 1766.9
1298620 1766.9
1298630 1762.2
1298640 1760.2
1298650 1760.2
1298660 1760.2
1298670 1759.7
1298680 1756.4
1298690 1758.5
1298700 1756.4
1298710 1754.3
1298720 1754.3
1298730 1752.0
1298740 1748.6
1298750 1748.6
1298760 1745.4
1298770 1741.7
1298780 1741.7
1298790 1737.9
1298800 1732.9
1298810 1732.9
1298820 1727.1
1298830 1721.4
1298840 1721.4
1298850 1714.9
1298860 1708.7
1298870 1708.7
1298880 1704.3
1298890 1699.0
1298900 1690.6
1298910 1690.6
1298920 1685.1
1298930 1679.1
1298940 1679.1
1298950 1671.5
1298960 1664.3
1298970 1664.3
1298980 1656.4
1298990 1642.5
1299000 1642.5
1299010 1630.1
1299020 1620.5
1299030 1620.5
1299040 1612.5
1299050 1607.1
1299060 1607.1
1299070 1600.9
1299080 1595.5
1299090 1595.5
1299100 1590.4
1299110 1585.4
1299120 1581.1
1299130 1581.1
1299140 1577.1
1299150 1572.7
1299160 1572.7
1299170 1566.9
1299180 1562.2
1299190 1562.2
1299200 1559.8
1299210 1557.3
1299220 1557.3
1299230 1553.3
1299240 1550.0
1299250 1550.0
1299260 1545.1
1299270 1539.1
1299280 1539.1
1299290 1533.0
1299300 1526.7
1299310 1526.7
1299320 1525.2
1299330 1525.6
1299340 1524.5
1299350 1524.5
1299360 1522.8
1299370 1517.9
1299380 1517.9
1299390 1516.3
1299400 1514.7
1299410 1514.7
1299420 1513.6
1299430 1513.2
1299440 1513.2
1299450 1512.9
1299460 1512.3
1299470 1512.3
1299480 1511.0
1299490 1508.7
1299500 1508.7
1299510 1506.6
1299520 1505.7
1299530 1505.7
1299540 1505.1
1299550 1504.6
1299560 1503.9
1299570 1503.9
1299580 1503.1
1299590 1502.3
1299600 1502.3
1299610 1501.7
1299620 1501.2
1299630 1501.2
1299640 1500.6
1299650 1500.1
1299660 1500.1
1299670 1499.6
1299680 1499.1
1299690 1499.1
1299700 1498.9
1299710 1498.4
1299720 1498.4
1299730 1497.4
1299740 1496.9
1299750 1496.9
1299760 1496.2
1299770 1495.9
1299780 1495.4
1299790 1495.4
1299800 1495.2
1299810 1494.6
1299820 1494.6
1299830 1494.1
1299840 1493.8
1299850 1493.8
1299860 1493.4
1299870 1492.9
1299880 1492.9
1299890 1492.4
1299900 1492.1
1299910 1492.1
1299920 1491.7
1299930 1490.7
1299940 1490.7
1299950 1489.7
1299960 1489.4
1299970 1489.4
1299980 1489.3
1299990 1489.4
