1280000 1634.5
1280010 1636.9
1280020 1636.9
1280030 1639.7
1280040 1643.8
1280050 1643.8
1280060 1647.4
1280070 1650.5
1280080 1650.5
1280090 1652.7
1280100 1654.0
1280110 1654.0
1280120 1654.7
1280130 1653.9
1280140 1653.9
1280150 1651.8
1280160 1648.6
1280170 1648.6
1280180 1645.0
1280190 1640.8
1280200 1640.8
1280210 1635.9
1280220 1630.9
1280230 1625.2
1280240 1625.2
1280250 1619.1
1280260 1618.8
1280270 1618.8
1280280 1623.0
1280290 1625.1
1280300 1625.1
1280310 1623.2
1280320 1620.6
1280330 1620.6
1280340 1619.2
1280350 1626.5
1280360 1626.5
1280370 1627.7
1280380 1627.8
1280390 1627.8
1280400 1627.0
1280410 1626.4
1280420 1626.4
1280430 1626.6
1280440 1628.0
1280450 1628.0
1280460 1629.1
1280470 1629.1
1280480 1628.2
1280490 1628.2
1280500 1626.4
1280510 1625.3
1280520 1625.3
1280530 1626.7
1280540 1629.3
1280550 1629.3
1280560 1630.4
1280570 1631.1
1280580 1631.1
1280590 1632.0
1280600 1632.5
1280610 1632.5
1280620 1630.4
1280630 1627.3
1280640 1627.3
1280650 1628.9
1280660 1635.4
1280670 1635.4
1280680 1639.3
1280690 1642.5
1280700 1647.0
1280710 1647.0
1280720 1652.0
1280730 1656.5
1280740 1656.5
1280750 1661.5
1280760 1668.8
1280770 1668.8
1280780 1676.9
1280790 1685.2
1280800 1685.2
1280810 1693.3
1280820 1700.9
1280830 1700.9
1280840 1708.5
1280850 1714.0
1280860 1714.0
1280870 1714.8
1280880 1713.8
1280890 1713.8
1280900 1713.0
1280910 1712.4
1280920 1711.7
1280930 1711.7
1280940 1710.7
1280950 1709.5
1280960 1709.5
1280970 1710.0
1280980 1719.4
1280990 1719.4
1281000 1721.6
1281010 1722.8
1281020 1722.8
1281030 1722.1
1281040 1720.8
1281050 1720.8
1281060 1720.4
1281070 1720.0
1281080 1720.0
1281090 1719.1
1281100 1719.2
1281110 1719.2
1281120 1721.6
1281130 1724.7
1281140 1728.4
1281150 1728.4
1281160 1732.9
1281170 1734.7
1281180 1734.7
1281190 1732.5
1281200 1730.3
1281210 1730.3
1281220 1727.3
1281230 1724.6
1281240 1724.6
1281250 1722.5
1281260 1721.2
1281270 1721.2
1281280 1724.6
1281290 1729.8
1281300 1729.8
1281310 1736.1
1281320 1742.5
1281330 1742.5
1281340 1748.8
1281350 1755.0
1281360 1759.9
1281370 1759.9
1281380 1764.4
1281390 1769.2
1281400 1769.2
1281410 1774.0
1281420 1778.7
1281430 1778.7
1281440 1783.5
1281450 1789.1
1281460 1789.1
1281470 1795.1
1281480 1801.8
1281490 1801.8
1281500 1808.7
1281510 1813.7
1281520 1813.7
1281530 1817.7
1281540 1821.5
1281550 1821.5
1281560 1825.4
1281570 1828.9
1281580 1828.9
1281590 1832.9
1281600 1841.8
1281610 1847.1
1281620 1847.1
1281630 1852.0
1281640 1857.1
1281650 1857.1
1281660 1862.6
1281670 1867.7
1281680 1867.7
1281690 1872.9
1281700 1879.2
1281710 1879.2
1281720 1886.2
1281730 1893.8
1281740 1893.8
1281750 1901.2
1281760 1908.6
1281770 1908.6
1281780 1915.6
1281790 1922.8
1281800 1922.8
1281810 1930.2
1281820 1936.7
1281830 1943.9
1281840 1943.9
1281850 1951.6
1281860 1959.4
1281870 1959.4
1281880 1967.1
1281890 1974.0
1281900 1974.0
1281910 1979.4
1281920 1984.6
1281930 1984.6
1281940 1989.9
1281950 1995.7
1281960 1995.7
1281970 2001.6
1281980 2007.6
1281990 2007.6
1282000 2013.5
1282010 2019.3
1282020 2019.3
1282030 2024.8
1282040 2029.6
1282050 2034.1
1282060 2034.1
1282070 2039.5
1282080 2045.1
1282090 2045.1
1282100 2048.5
1282110 2050.6
1282120 2050.6
1282130 2054.3
1282140 2058.6
1282150 2058.6
1282160 2061.8
1282170 2060.7
1282180 2060.7
1282190 2057.7
1282200 2053.5
1282210 2053.5
1282220 2048.2
1282230 2052.8
1282240 2052.8
1282250 2051.2
1282260 2048.8
1282270 2039.5
1282280 2039.5
1282290 2032.8
1282300 2024.6
1282310 2024.6
1282320 2011.9
1282330 2003.7
1282340 2003.7
1282350 2004.2
1282360 2007.2
1282370 2007.2
1282380 2006.0
1282390 2007.1
1282400 2007.1
1282410 2009.1
1282420 2001.4
1282430 2001.4
1282440 1997.2
1282450 1998.0
1282460 1998.0
1282470 1998.3
1282480 1990.4
1282490 1986.2
1282500 1986.2
1282510 1985.4
1282520 1983.5
1282530 1983.5
1282540 1975.7
1282550 1967.9
1282560 1967.9
1282570 1963.7
1282580 1961.8
1282590 1961.8
1282600 1956.3
1282610 1949.5
1282620 1949.5
1282630 1939.6
1282640 1931.5
1282650 1931.5
1282660 1929.1
1282670 1928.9
1282680 1928.9
1282690 1929.9
1282700 1928.5
1282710 1928.5
1282720 1921.5
1282730 1907.0
1282740 1889.9
1282750 1889.9
1282760 1883.5
1282770 1884.5
1282780 1884.5
1282790 1884.6
1282800 1882.7
1282810 1882.7
1282820 1879.4
1282830 1876.9
1282840 1876.9
1282850 1873.7
1282860 1879.2
1282870 1879.2
1282880 1877.1
1282890 1875.3
1282900 1875.3
1282910 1873.1
1282920 1870.2
1282930 1870.2
1282940 1867.1
1282950 1864.6
1282960 1860.7
1282970 1860.7
1282980 1859.7
1282990 1864.4
1283000 1864.4
1283010 1865.9
1283020 1866.0
1283030 1866.0
1283040 1869.6
1283050 1877.9
1283060 1877.9
1283070 1886.4
1283080 1894.7
1283090 1894.7
1283100 1902.4
1283110 1906.5
1283120 1906.5
1283130 1911.2
1283140 1918.2
1283150 1918.2
1283160 1926.5
1283170 1935.4
1283180 1945.4
1283190 1945.4
1283200 1955.1
1283210 1964.9
1283220 1964.9
1283230 1975.4
1283240 1985.3
1283250 1985.3
1283260 1995.5
1283270 2003.9
1283280 2003.9
1283290 2010.8
1283300 2018.7
1283310 2018.7
1283320 2026.6
1283330 2034.9
1283340 2034.9
1283350 2043.4
1283360 2052.0
1283370 2052.0
1283380 2061.8
1283390 2070.4
1283400 2075.9
1283410 2075.9
1283420 2079.5
1283430 2081.4
1283440 2081.4
1283450 2085.0
1283460 2089.3
1283470 2089.3
1283480 2093.5
1283490 2101.0
1283500 2101.0
1283510 2106.2
1283520 2111.3
1283530 2111.3
1283540 2117.4
1283550 2124.0
1283560 2124.0
1283570 2130.2
1283580 2136.2
1283590 2136.2
1283600 2142.1
1283610 2148.0
1283620 2154.2
1283630 2154.2
1283640 2160.2
1283650 2166.3
1283660 2166.3
1283670 2172.6
1283680 2178.8
1283690 2178.8
1283700 2180.0
1283710 2176.0
1283720 2176.0
1283730 2172.2
1283740 2165.6
1283750 2165.6
1283760 2157.6
1283770 2150.5
1283780 2150.5
1283790 2144.3
1283800 2137.9
1283810 2137.9
1283820 2131.8
1283830 2125.8
1283840 2125.8
1283850 2119.2
1283860 2113.4
1283870 2108.4
1283880 2108.4
1283890 2104.8
1283900 2103.7
1283910 2103.7
1283920 2103.4
1283930 2103.2
1283940 2103.2
1283950 2102.3
1283960 2102.3
1283970 2102.3
1283980 2102.8
1283990 2101.9
1284000 2101.9
1284010 2103.0
1284020 2103.9
1284030 2103.9
1284040 2104.7
1284050 2105.5
1284060 2105.5
1284070 2106.1
1284080 2106.6
1284090 2107.2
1284100 2107.2
1284110 2108.8
1284120 2112.3
1284130 2112.3
1284140 2113.3
1284150 2114.0
1284160 2114.0
1284170 2114.2
1284180 2114.3
1284190 2114.3
1284200 2114.7
1284210 2114.8
1284220 2114.8
1284230 2115.1
1284240 2117.2
1284250 2117.2
1284260 2120.4
1284270 2122.4
1284280 2122.4
1284290 2123.5
1284300 2123.1
1284310 2123.2
1284320 2123.2
1284330 2126.1
1284340 2129.5
1284350 2129.5
1284360 2132.8
1284370 2135.9
1284380 2135.9
1284390 2140.0
1284400 2146.7
1284410 2146.7
1284420 2154.0
1284430 2161.5
1284440 2161.5
1284450 2169.3
1284460 2177.5
1284470 2177.5
1284480 2185.7
1284490 2192.9
1284500 2192.9
1284510 2198.0
1284520 2199.8
1284530 2199.3
1284540 2199.3
1284550 2191.5
1284560 2183.4
1284570 2183.4
1284580 2175.8
1284590 2166.7
1284600 2166.7
1284610 2156.9
1284620 2146.1
1284630 2146.1
1284640 2138.0
1284650 2131.7
1284660 2131.7
1284670 2125.4
1284680 2120.0
1284690 2120.0
1284700 2116.2
1284710 2113.6
1284720 2113.6
1284730 2113.6
1284740 2114.9
1284750 2119.0
1284760 2119.0
1284770 2120.4
1284780 2121.1
1284790 2121.1
1284800 2120.7
1284810 2121.5
1284820 2121.5
1284830 2124.1
1284840 2127.3
1284850 2127.3
1284860 2129.2
1284870 2131.5
1284880 2131.5
1284890 2135.3
1284900 2139.3
1284910 2139.3
1284920 2141.8
1284930 2141.8
1284940 2141.8
1284950 2140.9
1284960 2142.5
1284970 2142.5
1284980 2145.7
1284990 2149.0
1285000 2152.3
1285010 2152.3
1285020 2153.5
1285030 2153.8
1285040 2153.8
1285050 2153.7
1285060 2154.2
1285070 2154.2
1285080 2158.5
1285090 2162.0
1285100 2162.0
1285110 2163.5
1285120 2164.1
1285130 2164.1
1285140 2164.8
1285150 2165.7
1285160 2165.7
1285170 2167.2
1285180 2167.3
1285190 2167.3
1285200 2167.9
1285210 2170.2
1285220 2173.5
1285230 2173.5
1285240 2178.2
1285250 2184.5
1285260 2184.5
1285270 2191.7
1285280 2199.4
1285290 2199.4
1285300 2207.1
1285310 2214.5
1285320 2214.5
1285330 2222.0
1285340 2229.4
1285350 2229.4
1285360 2237.1
1285370 2245.4
1285380 2245.4
1285390 2254.6
1285400 2263.0
1285410 2263.0
1285420 2270.9
1285430 2279.1
1285440 2287.7
1285450 2287.7
1285460 2296.2
1285470 2305.4
1285480 2305.4
1285490 2311.1
1285500 2305.0
1285510 2305.0
1285520 2293.7
1285530 2278.7
1285540 2278.7
1285550 2268.7
1285560 2261.7
1285570 2261.7
1285580 2255.0
1285590 2249.0
1285600 2249.0
1285610 2242.7
1285620 2237.5
1285630 2237.5
1285640 2232.2
1285650 2225.8
1285660 2218.5
1285670 2218.5
1285680 2212.5
1285690 2208.4
1285700 2208.4
1285710 2204.7
1285720 2202.9
1285730 2202.9
1285740 2202.5
1285750 2202.6
1285760 2202.6
1285770 2202.4
1285780 2202.7
1285790 2202.7
1285800 2202.3
1285810 2202.5
1285820 2202.5
1285830 2202.9
1285840 2200.6
1285850 2200.6
1285860 2198.3
1285870 2196.6
1285880 2195.6
1285890 2195.6
1285900 2195.4
1285910 2194.4
1285920 2194.4
1285930 2192.9
1285940 2192.3
1285950 2192.3
1285960 2190.5
1285970 2188.6
1285980 2188.6
1285990 2187.0
1286000 2186.1
1286010 2186.1
1286020 2185.2
1286030 2187.7
1286040 2187.7
1286050 2186.5
1286060 2183.4
1286070 2183.4
1286080 2181.2
1286090 2178.7
1286100 2178.7
1286110 2174.7
1286120 2174.0
1286130 2177.1
1286140 2177.1
1286150 2181.7
1286160 2187.1
1286170 2187.1
1286180 2193.5
1286190 2201.2
1286200 2201.2
1286210 2207.8
1286220 2211.5
1286230 2211.5
1286240 2206.1
1286250 2194.8
1286260 2194.8
1286270 2183.8
1286280 2174.6
1286290 2174.6
1286300 2166.0
1286310 2156.8
1286320 2156.8
1286330 2149.1
1286340 2143.2
1286350 2136.6
1286360 2136.6
1286370 2130.4
1286380 2124.3
1286390 2124.3
1286400 2118.9
1286410 2113.4
1286420 2113.4
1286430 2108.2
1286440 2104.0
1286450 2104.0
1286460 2100.7
1286470 2097.3
1286480 2097.3
1286490 2095.9
1286500 2093.7
1286510 2093.7
1286520 2092.2
1286530 2092.1
1286540 2092.1
1286550 2091.1
1286560 2090.5
1286570 2089.3
1286580 2089.3
1286590 2087.4
1286600 2085.2
1286610 2085.2
1286620 2082.8
1286630 2079.8
1286640 2079.8
1286650 2075.9
1286660 2069.7
1286670 2069.2
1286680 2062.5
1286690 2057.5
1286700 2057.5
1286710 2051.7
1286720 2044.3
1286730 2044.3
1286740 2035.8
1286750 2026.7
1286760 2026.7
1286770 2021.4
1286780 2024.4
1286790 2026.0
1286800 2026.0
1286810 2028.9
1286820 2030.1
1286830 2030.1
1286840 2028.1
1286850 2027.1
1286860 2027.1
1286870 2027.9
1286880 2029.0
1286890 2029.0
1286900 2030.7
1286910 2034.7
1286920 2034.7
1286930 2039.7
1286940 2045.4
1286950 2045.4
1286960 2050.8
1286970 2056.4
1286980 2056.4
1286990 2062.8
1287000 2069.2
1287010 2075.3
1287020 2075.3
1287030 2082.2
1287040 2089.8
1287050 2089.8
1287060 2097.4
1287070 2104.4
1287080 2104.4
1287090 2109.1
1287100 2113.7
1287110 2113.7
1287120 2118.0
1287130 2123.2
1287140 2123.2
1287150 2128.7
1287160 2133.7
1287170 2133.7
1287180 2138.5
1287190 2143.3
1287200 2143.3
1287210 2147.1
1287220 2151.2
1287230 2151.2
1287240 2155.5
1287250 2157.2
1287260 2161.9
1287270 2161.9
1287280 2169.2
1287290 2177.2
1287300 2177.2
1287310 2188.0
1287320 2191.5
1287330 2191.5
1287340 2194.6
1287350 2196.6
1287360 2196.6
1287370 2197.8
1287380 2197.7
1287390 2197.7
1287400 2195.4
1287410 2190.9
1287420 2190.9
1287430 2186.2
1287440 2183.4
1287450 2183.4
1287460 2182.5
1287470 2182.1
1287480 2181.9
1287490 2181.9
1287500 2182.2
1287510 2183.0
1287520 2183.0
1287530 2184.6
1287540 2187.6
1287550 2187.6
1287560 2191.6
1287570 2195.9
1287580 2195.9
1287590 2200.1
1287600 2203.6
1287610 2203.6
1287620 2206.4
1287630 2210.3
1287640 2210.3
1287650 2213.4
1287660 2216.3
1287670 2216.3
1287680 2220.1
1287690 2225.0
1287700 2230.9
1287710 2230.9
1287720 2236.1
1287730 2240.1
1287740 2240.1
1287750 2239.4
1287760 2225.9
1287770 2225.9
1287780 2217.4
1287790 2211.6
1287800 2211.6
1287810 2207.2
1287820 2203.4
1287830 2203.4
1287840 2202.8
1287850 2203.5
1287860 2203.5
1287870 2202.5
1287880 2202.6
1287890 2202.6
1287900 2204.3
1287910 2205.2
1287920 2205.0
1287930 2205.0
1287940 2204.7
1287950 2203.5
1287960 2203.5
1287970 2203.2
1287980 2202.7
1287990 2202.7
1288000 2201.2
1288010 2198.9
1288020 2198.9
1288030 2199.4
1288040 2201.2
1288050 2201.2
1288060 2202.0
1288070 2202.1
1288080 2202.1
1288090 2202.7
1288100 2204.4
1288110 2204.4
1288120 2204.3
1288130 2204.9
1288140 2205.0
1288150 2205.0
1288160 2203.7
1288170 2202.3
1288180 2202.3
1288190 2201.0
1288200 2199.5
1288210 2199.5
1288220 2196.6
1288230 2194.9
1288240 2194.9
1288250 2193.3
1288260 2191.3
1288270 2191.3
1288280 2191.5
1288290 2191.5
1288300 2191.5
1288310 2190.2
1288320 2189.1
1288330 2189.1
1288340 2188.9
1288350 2191.2
1288360 2191.2
1288370 2193.1
1288380 2196.0
1288390 2199.6
1288400 2199.6
1288410 2202.7
1288420 2204.2
1288430 2204.2
1288440 2205.5
1288450 2208.1
1288460 2208.1
1288470 2210.2
1288480 2212.3
1288490 2212.3
1288500 2215.3
1288510 2219.5
1288520 2219.5
1288530 2224.2
1288540 2228.9
1288550 2228.9
1288560 2233.7
1288570 2238.7
1288580 2238.7
1288590 2243.9
1288600 2252.0
1288610 2256.4
1288620 2256.4
1288630 2261.3
1288640 2265.9
1288650 2265.9
1288660 2273.2
1288670 2281.9
1288680 2281.9
1288690 2289.0
1288700 2297.3
1288710 2297.3
1288720 2304.9
1288730 2310.8
1288740 2310.8
1288750 2316.4
1288760 2325.3
1288770 2325.3
1288780 2333.7
1288790 2341.7
1288800 2341.7
1288810 2350.3
1288820 2358.8
1288830 2366.4
1288840 2366.4
1288850 2373.6
1288860 2381.0
1288870 2381.0
1288880 2388.9
1288890 2393.3
1288900 2393.3
1288910 2397.9
1288920 2399.1
1288930 2399.1
1288940 2396.2
1288950 2390.7
1288960 2390.7
1288970 2386.6
1288980 2383.6
1288990 2383.6
1289000 2381.3
1289010 2378.1
1289020 2378.1
1289030 2374.8
1289040 2372.6
1289050 2370.6
1289060 2370.6
1289070 2367.6
1289080 2365.9
1289090 2365.9
1289100 2365.7
1289110 2366.3
1289120 2366.3
1289130 2366.4
1289140 2366.2
1289150 2366.2
1289160 2366.3
1289170 2366.6
1289180 2366.6
1289190 2367.0
1289200 2368.6
1289210 2368.6
1289220 2369.7
1289230 2367.0
1289240 2367.0
1289250 2363.0
1289260 2363.3
1289270 2362.4
1289280 2362.4
1289290 2360.0
1289300 2357.4
1289310 2357.4
1289320 2357.3
1289330 2360.2
1289340 2360.2
1289350 2362.9
1289360 2360.2
1289370 2360.2
1289380 2355.8
1289390 2351.0
1289400 2351.0
1289410 2345.7
1289420 2338.5
1289430 2338.5
1289440 2332.4
1289450 2326.9
1289460 2326.9
1289470 2322.8
1289480 2317.8
1289490 2317.8
1289500 2312.2
1289510 2306.8
1289520 2299.7
1289530 2299.7
1289540 2291.9
1289550 2285.2
1289560 2285.2
1289570 2279.1
1289580 2272.4
1289590 2272.4
1289600 2265.8
1289610 2260.1
1289620 2260.1
1289630 2255.3
1289640 2249.8
1289650 2249.8
1289660 2243.6
1289670 2237.2
1289680 2237.2
1289690 2231.0
1289700 2224.9
1289710 2224.9
1289720 2219.4
1289730 2213.8
1289740 2208.4
1289750 2208.4
1289760 2202.6
1289770 2196.9
1289780 2196.9
1289790 2191.6
1289800 2187.8
1289810 2187.8
1289820 2184.7
1289830 2181.2
1289840 2181.2
1289850 2177.1
1289860 2170.8
1289870 2170.8
1289880 2162.5
1289890 2154.2
1289900 2152.1
1289910 2144.7
1289920 2136.2
1289930 2136.2
1289940 2126.9
1289950 2121.6
1289960 2121.8
1289970 2121.8
1289980 2115.2
1289990 2103.9
1290000 2103.9
1290010 2094.1
1290020 2085.6
1290030 2085.6
1290040 2076.2
1290050 2067.8
1290060 2067.8
1290070 2061.1
1290080 2052.9
1290090 2052.9
1290100 2044.2
1290110 2035.9
1290120 2035.9
1290130 2026.8
1290140 2018.6
1290150 2018.6
1290160 2011.3
1290170 2004.1
1290180 1997.2
1290190 1997.2
1290200 1989.7
1290210 1982.7
1290220 1982.7
1290230 1976.1
1290240 1969.6
1290250 1969.6
1290260 1963.7
1290270 1957.9
1290280 1957.9
1290290 1951.8
1290300 1944.5
1290310 1944.5
1290320 1937.0
1290330 1933.6
1290340 1933.6
1290350 1930.9
1290360 1928.4
1290370 1928.4
1290380 1926.7
1290390 1929.1
1290400 1930.5
1290410 1930.5
1290420 1930.3
1290430 1929.1
1290440 1929.1
1290450 1926.2
1290460 1923.0
1290470 1923.0
1290480 1928.2
1290490 1932.3
1290500 1932.3
1290510 1937.0
1290520 1938.3
1290530 1938.3
1290540 1930.2
1290550 1918.8
1290560 1918.8
1290570 1919.4
1290580 1920.5
1290590 1920.5
1290600 1921.0
1290610 1923.5
1290620 1923.5
1290630 1924.6
1290640 1926.6
1290650 1931.0
1290660 1931.0
1290670 1936.0
1290680 1940.6
1290690 1940.6
1290700 1946.5
1290710 1951.8
1290720 1951.8
1290730 1951.5
1290740 1948.8
1290750 1948.8
1290760 1944.5
1290770 1940.0
1290780 1940.0
1290790 1935.6
1290800 1933.0
1290810 1933.0
1290820 1930.5
1290830 1927.5
1290840 1927.5
1290850 1924.1
1290860 1920.3
1290870 1918.2
1290880 1918.2
1290890 1915.8
1290900 1912.5
1290910 1912.5
1290920 1909.2
1290930 1906.1
1290940 1906.1
1290950 1902.9
1290960 1899.1
1290970 1899.1
1290980 1895.0
1290990 1891.4
1291000 1891.4
1291010 1887.3
1291020 1884.1
1291030 1884.1
1291040 1882.2
1291050 1880.2
1291060 1880.2
1291070 1878.0
1291080 1875.9
1291090 1874.2
1291100 1874.2
1291110 1872.8
1291120 1871.7
1291130 1871.7
1291140 1869.5
1291150 1866.8
1291160 1866.8
1291170 1862.8
1291180 1857.3
1291190 1857.3
1291200 1850.9
1291210 1843.4
1291220 1843.4
1291230 1834.4
1291240 1825.6
1291250 1825.6
1291260 1818.0
1291270 1809.8
1291280 1809.8
1291290 1801.5
1291300 1792.0
1291310 1782.8
1291320 1782.8
1291330 1773.8
1291340 1765.1
1291350 1765.1
1291360 1756.7
1291370 1745.6
1291380 1745.6
1291390 1736.4
1291400 1728.5
1291410 1728.5
1291420 1720.9
1291430 1713.2
1291440 1713.2
1291450 1705.5
1291460 1698.0
1291470 1698.0
1291480 1689.3
1291490 1684.0
1291500 1684.0
1291510 1678.6
1291520 1670.4
1291530 1663.5
1291540 1663.5
1291550 1658.6
1291560 1652.8
1291570 1652.8
1291580 1648.7
1291590 1647.5
1291600 1647.5
1291610 1645.0
1291620 1643.3
1291630 1643.3
1291640 1644.6
1291650 1646.1
1291660 1646.1
1291670 1649.2
1291680 1655.2
1291690 1655.2
1291700 1660.3
1291710 1664.3
1291720 1664.3
1291730 1668.2
1291740 1671.4
1291750 1671.4
1291760 1674.6
1291770 1677.7
1291780 1680.3
1291790 1680.3
1291800 1682.8
1291810 1685.3
1291820 1685.3
1291830 1689.9
1291840 1695.3
1291850 1695.3
1291860 1700.0
1291870 1706.1
1291880 1706.1
1291890 1710.9
1291900 1715.0
1291910 1715.0
1291920 1720.7
1291930 1728.4
1291940 1728.4
1291950 1735.4
1291960 1737.9
1291970 1737.9
1291980 1739.2
1291990 1742.4
1292000 1746.0
1292010 1746.0
1292020 1750.9
1292030 1756.1
1292040 1756.1
1292050 1760.5
1292060 1765.1
1292070 1765.1
1292080 1769.6
1292090 1775.6
1292100 1775.6
1292110 1781.1
1292120 1785.4
1292130 1785.4
1292140 1790.1
1292150 1794.9
1292160 1794.9
1292170 1799.4
1292180 1804.8
1292190 1804.8
1292200 1810.8
1292210 1818.4
1292220 1827.5
1292230 1827.5
1292240 1837.0
1292250 1845.8
1292260 1845.8
1292270 1851.5
1292280 1856.0
1292290 1856.0
1292300 1860.4
1292310 1863.6
1292320 1863.6
1292330 1865.5
1292340 1867.0
1292350 1867.0
1292360 1867.3
1292370 1866.0
1292380 1866.0
1292390 1863.8
1292400 1861.0
1292410 1861.0
1292420 1858.9
1292430 1857.2
1292440 1855.2
1292450 1855.2
1292460 1853.4
1292470 1851.8
1292480 1851.8
1292490 1850.1
1292500 1847.9
1292510 1847.9
1292520 1839.9
1292530 1837.2
1292540 1837.2
1292550 1833.6
1292560 1829.5
1292570 1829.5
1292580 1824.8
1292590 1818.3
1292600 1818.3
1292610 1811.2
1292620 1802.5
1292630 1802.5
1292640 1795.8
1292650 1799.7
1292660 1807.5
1292670 1807.5
1292680 1815.7
1292690 1824.2
1292700 1824.2
1292710 1832.9
1292720 1839.8
1292730 1839.8
1292740 1843.5
1292750 1846.3
1292760 1846.3
1292770 1848.7
1292780 1851.5
1292790 1851.5
1292800 1854.3
1292810 1856.9
1292820 1856.9
1292830 1859.6
1292840 1861.9
1292850 1861.9
1292860 1864.3
1292870 1867.0
1292880 1869.7
1292890 1869.7
1292900 1872.2
1292910 1874.6
1292920 1874.6
1292930 1876.9
1292940 1879.6
1292950 1879.6
1292960 1882.8
1292970 1885.7
1292980 1885.7
1292990 1888.6
1293000 1891.0
1293010 1891.0
1293020 1893.7
1293030 1897.1
1293040 1897.1
1293050 1900.9
1293060 1904.7
1293070 1904.7
1293080 1908.5
1293090 1912.7
1293100 1912.7
1293110 1916.7
1293120 1920.4
1293130 1924.4
1293140 1924.4
1293150 1928.2
1293160 1930.6
1293170 1930.6
1293180 1928.7
1293190 1934.9
1293200 1934.9
1293210 1932.5
1293220 1929.9
1293230 1929.9
1293240 1933.8
1293250 1941.2
1293260 1941.2
1293270 1948.8
1293280 1956.5
1293290 1956.5
1293300 1962.9
1293310 1967.3
1293320 1967.3
1293330 1971.1
1293340 1974.7
1293350 1978.2
1293360 1978.2
1293370 1982.7
1293380 1987.6
1293390 1987.6
1293400 1992.4
1293410 1996.6
1293420 1996.6
1293430 2000.5
1293440 2005.1
1293450 2005.1
1293460 2010.7
1293470 2016.1
1293480 2016.1
1293490 2020.7
1293500 2025.1
1293510 2025.1
1293520 2029.6
1293530 2035.4
1293540 2035.4
1293550 2041.8
1293560 2047.0
1293570 2051.7
1293580 2051.7
1293590 2056.9
1293600 2062.6
1293610 2062.6
1293620 2068.5
1293630 2074.9
1293640 2074.9
1293650 2081.8
1293660 2088.8
1293670 2088.8
1293680 2096.2
1293690 2103.5
1293700 2103.5
1293710 2111.5
1293720 2119.5
1293730 2119.5
1293740 2126.3
1293750 2131.7
1293760 2131.7
1293770 2134.7
1293780 2136.6
1293790 2138.7
1293800 2138.7
1293810 2141.5
1293820 2144.9
1293830 2144.9
1293840 2148.7
1293850 2144.1
1293860 2144.1
1293870 2149.2
1293880 2154.5
1293890 2154.5
1293900 2159.4
1293910 2164.4
1293920 2164.4
1293930 2169.0
1293940 2173.4
1293950 2173.4
1293960 2177.9
1293970 2182.5
1293980 2182.5
1293990 2187.3
1294000 2191.6
1294010 2196.1
1294020 2196.1
1294030 2201.9
1294040 2208.6
1294050 2208.6
1294060 2215.1
1294070 2220.6
1294080 2220.6
1294090 2224.7
1294100 2227.9
1294110 2227.9
1294120 2230.0
1294130 2231.5
1294140 2231.5
1294150 2233.8
1294160 2236.8
1294170 2236.8
1294180 2239.9
1294190 2242.6
1294200 2242.6
1294210 2244.9
1294220 2247.1
1294230 2247.1
1294240 2250.3
1294250 2255.2
1294260 2258.7
1294270 2258.7
1294280 2260.2
1294290 2262.2
1294300 2262.2
1294310 2265.5
1294320 2269.0
1294330 2269.0
1294340 2270.1
1294350 2273.6
1294360 2273.6
1294370 2280.9
1294380 2285.1
1294390 2285.1
1294400 2287.4
1294410 2289.7
1294420 2289.7
1294430 2292.7
1294440 2296.0
1294450 2296.0
1294460 2299.6
1294470 2303.2
1294480 2306.6
1294490 2306.6
1294500 2309.0
1294510 2310.8
1294520 2307.1
1294530 2308.8
1294540 2309.8
1294550 2309.8
1294560 2311.7
1294570 2314.0
1294580 2314.0
1294590 2316.1
1294600 2317.9
1294610 2317.9
1294620 2319.5
1294630 2320.7
1294640 2320.7
1294650 2322.9
1294660 2326.5
1294670 2326.5
1294680 2329.7
1294690 2331.4
1294700 2332.9
1294710 2332.9
1294720 2334.7
1294730 2336.2
1294740 2336.2
1294750 2337.9
1294760 2340.9
1294770 2340.9
1294780 2343.8
1294790 2346.4
1294800 2346.4
1294810 2349.0
1294820 2351.3
1294830 2351.3
1294840 2354.0
1294850 2356.2
1294860 2356.2
1294870 2359.6
1294880 2363.1
1294890 2363.1
1294900 2366.0
1294910 2369.6
1294920 2374.0
1294930 2374.0
1294940 2378.1
1294950 2381.3
1294960 2381.3
1294970 2384.8
1294980 2388.1
1294990 2388.1
1295000 2391.8
1295010 2395.2
1295020 2395.2
1295030 2398.0
1295040 2402.1
1295050 2402.1
1295060 2405.9
1295070 2409.8
1295080 2409.8
1295090 2414.3
1295100 2420.5
1295110 2420.5
1295120 2427.5
1295130 2434.8
1295140 2441.9
1295150 2441.9
1295160 2444.7
1295170 2438.5
1295180 2440.4
1295190 2431.5
1295200 2425.1
1295210 2425.1
1295220 2419.7
1295230 2414.7
1295240 2414.7
1295250 2409.4
1295260 2404.1
1295270 2404.1
1295280 2398.8
1295290 2393.9
1295300 2393.9
1295310 2389.7
1295320 2385.5
1295330 2385.5
1295340 2380.8
1295350 2376.0
1295360 2371.5
1295370 2371.5
1295380 2366.4
1295390 2360.1
1295400 2360.1
1295410 2351.9
1295420 2344.8
1295430 2344.8
1295440 2336.9
1295450 2327.0
1295460 2327.0
1295470 2316.7
1295480 2306.3
1295490 2306.3
1295500 2293.7
1295510 2283.1
1295520 2283.1
1295530 2274.8
1295540 2263.1
1295550 2263.1
1295560 2253.7
1295570 2248.8
1295580 2248.8
1295590 2245.2
1295600 2239.2
1295610 2222.8
1295620 2222.8
1295630 2205.3
1295640 2196.5
1295650 2196.5
1295660 2189.0
1295670 2177.3
1295680 2177.3
1295690 2161.7
1295700 2152.2
1295710 2152.2
1295720 2144.3
1295730 2138.0
1295740 2138.0
1295750 2131.3
1295760 2124.8
1295770 2124.8
1295780 2119.1
1295790 2114.6
1295800 2114.6
1295810 2111.4
1295820 2108.8
1295830 2106.4
1295840 2106.4
1295850 2103.3
1295860 2097.4
1295870 2097.4
1295880 2093.8
1295890 2090.0
1295900 2090.0
1295910 2085.9
1295920 2082.1
1295930 2082.1
1295940 2078.7
1295950 2075.2
1295960 2075.2
1295970 2072.0
1295980 2068.9
1295990 2068.9
1296000 2065.7
1296010 2062.5
1296020 2062.5
1296030 2059.5
1296040 2056.9
1296050 2054.4
1296060 2054.4
1296070 2052.0
1296080 2050.0
1296090 2050.0
1296100 2048.0
1296110 2046.1
1296120 2046.1
1296130 2044.4
1296140 2043.0
1296150 2043.0
1296160 2041.4
1296170 2039.8
1296180 2039.8
1296190 2038.3
1296200 2036.8
1296210 2036.8
1296220 2035.2
1296230 2033.5
1296240 2033.5
1296250 2031.4
1296260 2030.3
1296270 2029.8
1296280 2029.8
1296290 2029.6
1296300 2032.3
1296310 2032.3
1296320 2036.3
1296330 2039.7
1296340 2039.7
1296350 2041.7
1296360 2043.2
1296370 2043.2
1296380 2044.7
1296390 2046.2
1296400 2046.2
1296410 2047.7
1296420 2049.8
1296430 2049.8
1296440 2051.4
1296450 2052.5
1296460 2052.5
1296470 2054.3
1296480 2056.0
1296490 2057.0
1296500 2057.0
1296510 2057.3
1296520 2057.9
1296530 2064.6
1296540 2065.7
1296550 2066.3
1296560 2066.3
1296570 2067.9
1296580 2066.5
1296590 2066.5
1296600 2065.5
1296610 2070.0
1296620 2070.0
1296630 2072.1
1296640 2072.0
1296650 2072.0
1296660 2073.1
1296670 2073.9
1296680 2073.9
1296690 2075.4
1296700 2077.7
1296710 2077.7
1296720 2079.4
1296730 2080.4
1296740 2082.0
1296750 2082.0
1296760 2084.1
1296770 2086.7
1296780 2086.7
1296790 2089.9
1296800 2093.0
1296810 2093.0
1296820 2095.6
1296830 2098.3
1296840 2098.3
1296850 2100.5
1296860 2102.1
1296870 2102.1
1296880 2104.1
1296890 2105.8
1296900 2105.8
1296910 2105.7
1296920 2104.5
1296930 2104.5
1296940 2104.2
1296950 2105.7
1296960 2107.2
1296970 2107.2
1296980 2108.0
1296990 2108.1
1297000 2108.1
1297010 2105.5
1297020 2100.9
1297030 2100.9
1297040 2099.0
1297050 2091.3
1297060 2091.3
1297070 2075.5
1297080 2060.6
1297090 2060.6
1297100 2048.8
1297110 2036.8
1297120 2036.8
1297130 2024.5
1297140 2015.5
1297150 2015.5
1297160 2008.2
1297170 2001.4
1297180 1995.9
1297190 1995.9
1297200 1989.7
1297210 1982.9
1297220 1982.9
1297230 1977.2
1297240 1971.4
1297250 1971.4
1297260 1965.9
1297270 1960.6
1297280 1960.6
1297290 1955.0
1297300 1949.5
1297310 1949.5
1297320 1943.8
1297330 1938.5
1297340 1938.5
1297350 1932.9
1297360 1927.4
1297370 1927.4
1297380 1921.4
1297390 1915.0
1297400 1909.8
1297410 1909.8
1297420 1905.5
1297430 1901.1
1297440 1901.1
1297450 1895.5
1297460 1889.4
1297470 1889.4
1297480 1883.6
1297490 1876.5
1297500 1876.5
1297510 1869.0
1297520 1861.6
1297530 1861.6
1297540 1855.0
1297550 1849.8
1297560 1849.8
1297570 1845.9
1297580 1842.2
1297590 1842.2
1297600 1837.6
1297610 1834.1
1297620 1832.2
1297630 1832.2
1297640 1830.4
1297650 1827.5
1297660 1827.5
1297670 1824.6
1297680 1821.4
1297690 1821.4
1297700 1818.5
1297710 1816.5
1297720 1816.5
1297730 1815.6
1297740 1815.1
1297750 1815.1
1297760 1814.0
1297770 1813.6
1297780 1813.6
1297790 1814.4
1297800 1813.5
1297810 1813.5
1297820 1812.9
1297830 1812.6
1297840 1812.6
1297850 1811.3
1297860 1810.7
1297870 1809.9
1297880 1809.9
1297890 1807.2
1297900 1806.4
1297910 1806.4
1297920 1804.3
1297930 1803.2
1297940 1803.2
1297950 1803.1
1297960 1802.3
1297970 1802.3
1297980 1801.4
1297990 1800.4
1298000 1800.4
1298010 1799.5
1298020 1798.8
1298030 1798.8
1298040 1797.2
1298050 1792.6
1298060 1792.6
1298070 1789.7
1298080 1788.6
1298090 1787.4
1298100 1787.4
1298110 1785.8
1298120 1784.5
1298130 1784.5
1298140 1783.0
1298150 1781.8
1298160 1781.8
1298170 1781.0
1298180 1780.2
1298190 1780.2
1298200 1779.2
1298210 1777.6
1298220 1777.6
1298230 1775.6
1298240 1773.5
1298250 1773.5
1298260 1771.4
1298270 1769.7
1298280 1769.7
1298290 1768.9
1298300 1768.8
1298310 1767.9
1298320 1767.9
1298330 1765.9
1298340 1764.3
1298350 1764.3
1298360 1763.4
1298370 1762.6
1298380 1762.6
1298390 1761.4
1298400 1759.7
1298410 1759.7
1298420 1758.2
1298430 1757.3
1298440 1757.3
1298450 1757.0
1298460 1756.5
1298470 1756.5
1298480 1753.4
1298490 1750.1
1298500 1750.1
1298510 1747.6
1298520 1747.2
1298530 1746.2
1298540 1746.2
1298550 1745.8
1298560 1747.1
1298570 1742.0
1298580 1743.2
1298590 1742.1
1298600 1742.1
1298610 1740.4
1298620 1737.2
1298630 1737.2
1298640 1735.5
1298650 1735.8
1298660 1735.8
1298670 1735.6
1298680 1733.5
1298690 1733.5
1298700 1730.5
1298710 1726.9
1298720 1726.9
1298730 1723.4
1298740 1722.4
1298750 1721.6
1298760 1721.6
1298770 1720.0
1298780 1718.3
1298790 1718.3
1298800 1716.1
1298810 1714.5
1298820 1714.5
1298830 1712.3
1298840 1709.2
1298850 1709.2
1298860 1706.0
1298870 1701.9
1298880 1701.9
1298890 1696.0
1298900 1689.4
1298910 1689.4
1298920 1681.2
1298930 1672.0
1298940 1672.0
1298950 1666.0
1298960 1664.3
1298970 1661.7
1298980 1661.7
1298990 1646.8
1299000 1635.9
1299010 1635.9
1299020 1619.8
1299030 1610.8
1299040 1610.8
1299050 1608.5
1299060 1607.7
1299070 1607.7
1299080 1606.0
1299090 1603.8
1299100 1603.8
1299110 1600.5
1299120 1597.9
1299130 1597.9
1299140 1594.8
1299150 1591.1
1299160 1591.1
1299170 1587.2
1299180 1584.8
1299190 1584.8
1299200 1582.9
1299210 1581.1
1299220 1577.6
1299230 1577.6
1299240 1574.3
1299250 1570.7
1299260 1566.9
1299270 1564.1
1299280 1561.2
1299290 1561.2
1299300 1558.4
1299310 1555.9
1299320 1555.9
1299330 1554.8
1299340 1553.5
1299350 1553.5
1299360 1552.5
1299370 1552.0
1299380 1552.0
1299390 1550.2
1299400 1547.6
1299410 1547.6
1299420 1545.3
1299430 1542.3
1299440 1539.0
1299450 1539.0
1299460 1536.5
1299470 1533.8
1299480 1533.8
1299490 1530.5
1299500 1528.4
1299510 1528.4
1299520 1527.4
1299530 1527.7
1299540 1527.7
1299550 1527.4
1299560 1524.3
1299570 1524.3
1299580 1521.4
1299590 1518.7
1299600 1518.7
1299610 1516.5
1299620 1514.1
1299630 1514.1
1299640 1511.5
1299650 1508.4
1299660 1505.5
1299670 1505.5
1299680 1501.0
1299690 1498.2
1299700 1498.2
1299710 1498.3
1299720 1498.2
1299730 1498.2
1299740 1497.2
1299750 1496.6
1299760 1496.6
1299770 1495.5
1299780 1495.0
1299790 1495.0
1299800 1494.9
1299810 1494.8
1299820 1494.8
1299830 1494.3
1299840 1493.3
1299850 1493.3
1299860 1493.0
1299870 1492.7
1299880 1492.5
1299890 1492.5
1299900 1492.1
1299910 1492.0
1299920 1492.0
1299930 1491.9
1299940 1491.8
1299950 1491.8
1299960 1491.6
1299970 1491.4
1299980 1491.4
1299990 1491.1
