1280000 1315.8
1280010 1315.8
1280020 1316.9
1280030 1317.6
1280040 1317.6
1280050 1317.6
1280060 1317.3
1280070 1317.3
1280080 1317.1
1280090 1317.0
1280100 1317.0
1280110 1316.8
1280120 1315.6
1280130 1315.1
1280140 1312.9
1280150 1314.0
1280160 1314.2
1280170 1314.2
1280180 1312.6
1280190 1310.2
1280200 1310.2
1280210 1307.3
1280220 1305.2
1280230 1305.2
1280240 1303.2
1280250 1299.8
1280260 1299.8
1280270 1297.6
1280280 1298.6
1280290 1298.6
1280300 1299.8
1280310 1299.4
1280320 1299.4
1280330 1298.5
1280340 1297.4
1280350 1295.9
1280360 1295.9
1280370 1294.0
1280380 1292.2
1280390 1292.2
1280400 1290.0
1280410 1289.5
1280420 1289.5
1280430 1290.6
1280440 1291.0
1280450 1291.0
1280460 1291.1
1280470 1293.1
1280480 1293.1
1280490 1293.7
1280500 1293.8
1280510 1293.8
1280520 1294.0
1280530 1293.0
1280540 1293.0
1280550 1291.6
1280560 1290.6
1280570 1290.6
1280580 1290.8
1280590 1289.6
1280600 1289.9
1280610 1289.9
1280620 1291.2
1280630 1292.9
1280640 1292.9
1280650 1294.2
1280660 1295.5
1280670 1295.5
1280680 1296.2
1280690 1296.0
1280700 1296.0
1280710 1294.8
1280720 1293.2
1280730 1293.2
1280740 1291.6
1280750 1290.3
1280760 1287.3
1280770 1286.7
1280780 1286.8
1280790 1286.8
1280800 1287.1
1280810 1286.5
1280820 1286.2
1280830 1286.2
1280840 1286.3
1280850 1286.5
1280860 1286.5
1280870 1286.7
1280880 1286.3
1280890 1286.3
1280900 1285.6
1280910 1283.6
1280920 1283.6
1280930 1280.4
1280940 1277.2
1280950 1277.2
1280960 1279.5
1280970 1279.9
1280980 1279.9
1280990 1279.8
1281000 1280.0
1281010 1280.0
1281020 1280.0
1281030 1280.3
1281040 1281.2
1281050 1281.2
1281060 1283.6
1281070 1286.0
1281080 1286.0
1281090 1286.3
1281100 1290.1
1281110 1290.1
1281120 1293.8
1281130 1296.6
1281140 1296.6
1281150 1299.3
1281160 1301.0
1281170 1301.0
1281180 1302.0
1281190 1302.8
1281200 1302.8
1281210 1304.2
1281220 1305.3
1281230 1305.3
1281240 1305.9
1281250 1306.3
1281260 1306.3
1281270 1306.6
1281280 1305.5
1281290 1304.4
1281300 1304.4
1281310 1303.5
1281320 1302.7
1281330 1302.7
1281340 1301.5
1281350 1300.0
1281360 1300.0
1281370 1298.3
1281380 1292.9
1281390 1292.9
1281400 1291.1
1281410 1287.0
1281420 1287.0
1281430 1282.9
1281440 1282.0
1281450 1282.0
1281460 1283.1
1281470 1284.5
1281480 1284.5
1281490 1284.9
1281500 1284.8
1281510 1283.9
1281520 1283.9
1281530 1283.6
1281540 1283.9
1281550 1283.9
1281560 1284.3
1281570 1285.2
1281580 1285.2
1281590 1285.9
1281600 1286.2
1281610 1286.2
1281620 1287.4
1281630 1288.2
1281640 1288.2
1281650 1288.4
1281660 1288.1
1281670 1288.1
1281680 1288.7
1281690 1288.7
1281700 1288.7
1281710 1288.5
1281720 1288.2
1281730 1288.3
1281740 1288.3
1281750 1288.7
1281760 1289.1
1281770 1289.1
1281780 1289.3
1281790 1289.9
1281800 1289.9
1281810 1290.6
1281820 1290.7
1281830 1290.7
1281840 1290.5
1281850 1290.7
1281860 1290.7
1281870 1291.5
1281880 1292.7
1281890 1292.7
1281900 1293.7
1281910 1294.9
1281920 1294.9
1281930 1295.3
1281940 1295.6
1281950 1295.6
1281960 1295.8
1281970 1295.7
1281980 1295.5
1281990 1295.5
1282000 1295.2
1282010 1291.2
1282020 1291.2
1282030 1290.7
1282040 1290.0
1282050 1290.0
1282060 1289.2
1282070 1287.9
1282080 1287.9
1282090 1286.5
1282100 1285.2
1282110 1285.2
1282120 1282.7
1282130 1279.4
1282140 1279.4
1282150 1277.5
1282160 1275.1
1282170 1275.1
1282180 1272.3
1282190 1269.3
1282200 1266.0
1282210 1266.0
1282220 1262.3
1282230 1259.1
1282240 1259.1
1282250 1256.4
1282260 1252.2
1282270 1252.2
1282280 1248.4
1282290 1246.5
1282300 1246.5
1282310 1244.3
1282320 1241.6
1282330 1241.6
1282340 1239.4
1282350 1237.0
1282360 1237.0
1282370 1234.7
1282380 1232.6
1282390 1232.6
1282400 1229.3
1282410 1225.6
1282420 1222.6
1282430 1222.6
1282440 1220.7
1282450 1220.0
1282460 1220.0
1282470 1219.8
1282480 1219.8
1282490 1219.8
1282500 1220.4
1282510 1221.3
1282520 1221.3
1282530 1222.1
1282540 1223.9
1282550 1223.9
1282560 1226.5
1282570 1228.2
1282580 1228.2
1282590 1228.3
1282600 1227.9
1282610 1227.9
1282620 1228.0
1282630 1234.2
1282640 1236.5
1282650 1236.5
1282660 1238.4
1282670 1240.6
1282680 1240.6
1282690 1244.4
1282700 1247.0
1282710 1247.0
1282720 1249.7
1282730 1252.0
1282740 1252.0
1282750 1252.2
1282760 1252.2
1282770 1252.2
1282780 1254.1
1282790 1255.6
1282800 1255.6
1282810 1255.5
1282820 1257.0
1282830 1257.0
1282840 1259.9
1282850 1264.7
1282860 1264.7
1282870 1268.0
1282880 1271.5
1282890 1273.0
1282900 1273.0
1282910 1274.2
1282920 1276.8
1282930 1276.8
1282940 1279.0
1282950 1280.6
1282960 1280.6
1282970 1282.9
1282980 1285.5
1282990 1285.5
1283000 1288.9
1283010 1290.4
1283020 1290.4
1283030 1290.9
1283040 1291.9
1283050 1291.9
1283060 1293.5
1283070 1294.8
1283080 1294.8
1283090 1295.8
1283100 1298.9
1283110 1303.6
1283120 1303.6
1283130 1307.4
1283140 1312.1
1283150 1312.1
1283160 1315.9
1283170 1318.6
1283180 1318.6
1283190 1321.2
1283200 1324.8
1283210 1324.8
1283220 1328.9
1283230 1333.1
1283240 1333.1
1283250 1337.1
1283260 1345.5
1283270 1345.5
1283280 1349.4
1283290 1353.3
1283300 1353.3
1283310 1355.8
1283320 1356.4
1283330 1356.2
1283340 1356.2
1283350 1356.9
1283360 1356.9
1283370 1356.9
1283380 1354.1
1283390 1349.6
1283400 1349.6
1283410 1342.5
1283420 1335.3
1283430 1335.3
1283440 1329.7
1283450 1326.3
1283460 1326.3
1283470 1329.3
1283480 1335.2
1283490 1335.2
1283500 1342.9
1283510 1353.4
1283520 1353.4
1283530 1362.1
1283540 1369.1
1283550 1369.1
1283560 1375.6
1283570 1381.7
1283580 1386.1
1283590 1386.1
1283600 1388.9
1283610 1391.5
1283620 1391.5
1283630 1393.3
1283640 1395.7
1283650 1395.7
1283660 1397.1
1283670 1396.3
1283680 1396.3
1283690 1396.0
1283700 1396.4
1283710 1396.4
1283720 1397.1
1283730 1398.1
1283740 1398.1
1283750 1398.8
1283760 1398.9
1283770 1398.9
1283780 1400.3
1283790 1403.0
1283800 1404.0
1283810 1404.0
1283820 1404.7
1283830 1406.9
1283840 1406.9
1283850 1409.0
1283860 1410.9
1283870 1410.9
1283880 1413.5
1283890 1416.7
1283900 1424.3
1283910 1427.4
1283920 1429.5
1283930 1429.5
1283940 1431.2
1283950 1432.3
1283960 1432.3
1283970 1434.1
1283980 1436.1
1283990 1436.1
1284000 1438.8
1284010 1441.0
1284020 1441.3
1284030 1441.3
1284040 1440.8
1284050 1443.0
1284060 1443.0
1284070 1446.5
1284080 1450.3
1284090 1450.3
1284100 1453.5
1284110 1456.3
1284120 1456.3
1284130 1459.5
1284140 1463.4
1284150 1463.4
1284160 1466.3
1284170 1468.7
1284180 1468.7
1284190 1470.5
1284200 1472.0
1284210 1472.0
1284220 1473.1
1284230 1473.2
1284240 1473.2
1284250 1471.6
1284260 1469.6
1284270 1466.7
1284280 1466.7
1284290 1462.9
1284300 1458.6
1284310 1458.6
1284320 1454.5
1284330 1449.4
1284340 1449.4
1284350 1443.2
1284360 1437.1
1284370 1437.1
1284380 1430.6
1284390 1424.2
1284400 1424.2
1284410 1419.6
1284420 1416.7
1284430 1416.7
1284440 1415.0
1284450 1415.1
1284460 1415.1
1284470 1416.4
1284480 1417.7
1284490 1420.8
1284500 1420.8
1284510 1426.0
1284520 1431.3
1284530 1430.9
1284540 1436.1
1284550 1441.3
1284560 1441.3
1284570 1446.1
1284580 1451.3
1284590 1451.3
1284600 1457.0
1284610 1463.2
1284620 1463.2
1284630 1469.4
1284640 1475.0
1284650 1475.0
1284660 1480.9
1284670 1487.4
1284680 1487.4
1284690 1493.9
1284700 1498.6
1284710 1504.5
1284720 1504.5
1284730 1509.9
1284740 1513.7
1284750 1513.7
1284760 1517.0
1284770 1519.9
1284780 1519.9
1284790 1521.4
1284800 1522.3
1284810 1522.3
1284820 1523.7
1284830 1527.3
1284840 1527.3
1284850 1532.0
1284860 1536.8
1284870 1536.8
1284880 1541.9
1284890 1547.2
1284900 1547.2
1284910 1552.3
1284920 1557.1
1284930 1562.1
1284940 1562.1
1284950 1565.9
1284960 1569.9
1284970 1569.9
1284980 1574.9
1284990 1580.6
1285000 1580.6
1285010 1585.3
1285020 1589.8
1285030 1589.8
1285040 1595.5
1285050 1600.7
1285060 1600.7
1285070 1605.2
1285080 1610.8
1285090 1610.8
1285100 1615.3
1285110 1616.1
1285120 1616.1
1285130 1616.2
1285140 1617.8
1285150 1617.8
1285160 1634.7
1285170 1637.1
1285180 1635.2
1285190 1635.2
1285200 1636.7
1285210 1639.2
1285220 1639.2
1285230 1641.5
1285240 1645.4
1285250 1645.4
1285260 1648.7
1285270 1652.5
1285280 1652.5
1285290 1656.2
1285300 1659.7
1285310 1659.7
1285320 1664.0
1285330 1668.9
1285340 1668.9
1285350 1672.4
1285360 1674.2
1285370 1674.2
1285380 1678.1
1285390 1684.2
1285400 1690.9
1285410 1690.9
1285420 1698.0
1285430 1704.4
1285440 1704.4
1285450 1710.8
1285460 1716.3
1285470 1716.3
1285480 1720.3
1285490 1724.4
1285500 1724.4
1285510 1730.6
1285520 1735.6
1285530 1735.6
1285540 1739.1
1285550 1741.2
1285560 1741.2
1285570 1743.0
1285580 1745.1
1285590 1745.1
1285600 1748.2
1285610 1751.6
1285620 1755.1
1285630 1755.1
1285640 1758.4
1285650 1761.0
1285660 1761.0
1285670 1761.5
1285680 1759.5
1285690 1759.5
1285700 1755.7
1285710 1749.9
1285720 1749.9
1285730 1745.1
1285740 1740.2
1285750 1740.2
1285760 1735.5
1285770 1729.9
1285780 1729.9
1285790 1726.0
1285800 1728.3
1285810 1728.3
1285820 1727.0
1285830 1726.8
1285840 1726.8
1285850 1726.7
1285860 1726.4
1285870 1727.8
1285880 1727.8
1285890 1728.4
1285900 1728.2
1285910 1728.2
1285920 1727.7
1285930 1727.4
1285940 1727.4
1285950 1726.3
1285960 1725.0
1285970 1725.0
1285980 1723.5
1285990 1721.7
1286000 1721.7
1286010 1719.2
1286020 1717.8
1286030 1717.8
1286040 1715.7
1286050 1713.5
1286060 1713.5
1286070 1711.3
1286080 1707.7
1286090 1704.9
1286100 1704.9
1286110 1703.7
1286120 1701.7
1286130 1701.7
1286140 1700.8
1286150 1699.7
1286160 1699.7
1286170 1697.5
1286180 1697.1
1286190 1697.1
1286200 1697.1
1286210 1697.0
1286220 1697.0
1286230 1696.6
1286240 1695.7
1286250 1695.7
1286260 1695.0
1286270 1695.4
1286280 1695.4
1286290 1695.8
1286300 1695.6
1286310 1694.0
1286320 1694.0
1286330 1692.3
1286340 1690.0
1286350 1690.0
1286360 1687.6
1286370 1683.7
1286380 1683.7
1286390 1679.5
1286400 1675.0
1286410 1675.0
1286420 1670.3
1286430 1666.4
1286440 1668.7
1286450 1664.2
1286460 1657.2
1286470 1657.2
1286480 1651.3
1286490 1647.4
1286500 1647.4
1286510 1644.0
1286520 1640.1
1286530 1640.1
1286540 1635.6
1286550 1632.0
1286560 1629.0
1286570 1629.0
1286580 1626.4
1286590 1622.3
1286600 1622.3
1286610 1618.1
1286620 1615.1
1286630 1615.1
1286640 1613.7
1286650 1613.3
1286660 1613.3
1286670 1613.0
1286680 1611.6
1286690 1611.6
1286700 1608.0
1286710 1601.5
1286720 1601.5
1286730 1596.8
1286740 1596.9
1286750 1596.9
1286760 1597.3
1286770 1597.7
1286780 1597.8
1286790 1597.8
1286800 1598.0
1286810 1598.7
1286820 1598.7
1286830 1604.6
1286840 1612.7
1286850 1612.7
1286860 1620.4
1286870 1626.6
1286880 1626.6
1286890 1628.9
1286900 1629.6
1286910 1629.6
1286920 1631.1
1286930 1632.6
1286940 1632.6
1286950 1634.5
1286960 1636.3
1286970 1636.3
1286980 1637.9
1286990 1640.0
1287000 1643.8
1287010 1643.8
1287020 1649.1
1287030 1654.6
1287040 1654.6
1287050 1660.2
1287060 1665.9
1287070 1665.9
1287080 1671.7
1287090 1678.2
1287100 1678.2
1287110 1684.8
1287120 1691.3
1287130 1691.3
1287140 1697.7
1287150 1704.4
1287160 1704.4
1287170 1710.9
1287180 1717.4
1287190 1717.4
1287200 1724.2
1287210 1731.5
1287220 1739.0
1287230 1739.0
1287240 1746.1
1287250 1751.0
1287260 1751.0
1287270 1752.5
1287280 1751.5
1287290 1751.5
1287300 1749.7
1287310 1746.3
1287320 1746.3
1287330 1743.6
1287340 1741.4
1287350 1741.4
1287360 1738.4
1287370 1735.0
1287380 1735.0
1287390 1731.8
1287400 1728.7
1287410 1728.7
1287420 1724.9
1287430 1722.0
1287440 1722.0
1287450 1719.1
1287460 1716.4
1287470 1713.3
1287480 1713.3
1287490 1709.9
1287500 1706.2
1287510 1706.2
1287520 1701.0
1287530 1695.0
1287540 1695.0
1287550 1693.0
1287560 1692.0
1287570 1692.0
1287580 1689.6
1287590 1686.0
1287600 1686.0
1287610 1683.1
1287620 1680.7
1287630 1680.7
1287640 1677.2
1287650 1675.4
1287660 1675.4
1287670 1675.1
1287680 1673.9
1287690 1673.0
1287700 1673.0
1287710 1672.4
1287720 1672.0
1287730 1677.1
1287740 1675.6
1287750 1674.4
1287760 1674.4
1287770 1673.1
1287780 1671.8
1287790 1671.8
1287800 1669.5
1287810 1665.8
1287820 1665.8
1287830 1661.0
1287840 1656.8
1287850 1656.8
1287860 1654.0
1287870 1651.8
1287880 1651.8
1287890 1650.8
1287900 1651.4
1287910 1651.3
1287920 1651.3
1287930 1652.4
1287940 1652.7
1287950 1652.7
1287960 1652.3
1287970 1651.9
1287980 1651.9
1287990 1652.9
1288000 1654.4
1288010 1654.4
1288020 1654.9
1288030 1655.9
1288040 1655.9
1288050 1657.4
1288060 1658.9
1288070 1658.9
1288080 1660.2
1288090 1661.5
1288100 1661.5
1288110 1662.9
1288120 1664.5
1288130 1664.5
1288140 1666.2
1288150 1667.3
1288160 1668.2
1288170 1668.2
1288180 1669.1
1288190 1670.6
1288200 1670.6
1288210 1672.8
1288220 1674.5
1288230 1674.5
1288240 1675.5
1288250 1676.4
1288260 1676.4
1288270 1677.7
1288280 1679.6
1288290 1679.6
1288300 1682.3
1288310 1684.6
1288320 1684.6
1288330 1685.7
1288340 1686.9
1288350 1686.9
1288360 1689.0
1288370 1691.1
1288380 1694.0
1288390 1694.0
1288400 1696.8
1288410 1700.6
1288420 1700.6
1288430 1706.8
1288440 1713.5
1288450 1713.5
1288460 1719.2
1288470 1725.1
1288480 1725.1
1288490 1730.9
1288500 1735.6
1288510 1735.6
1288520 1738.6
1288530 1741.9
1288540 1741.9
1288550 1745.5
1288560 1748.9
1288570 1748.9
1288580 1752.8
1288590 1758.8
1288600 1764.6
1288610 1764.6
1288620 1768.7
1288630 1771.5
1288640 1771.5
1288650 1774.8
1288660 1779.5
1288670 1779.5
1288680 1784.8
1288690 1791.5
1288700 1791.5
1288710 1798.1
1288720 1804.7
1288730 1804.7
1288740 1810.6
1288750 1816.5
1288760 1816.5
1288770 1822.0
1288780 1826.5
1288790 1826.5
1288800 1831.8
1288810 1837.6
1288820 1842.9
1288830 1842.9
1288840 1848.9
1288850 1855.1
1288860 1855.1
1288870 1860.0
1288880 1864.1
1288890 1864.1
1288900 1868.7
1288910 1873.1
1288920 1873.1
1288930 1873.6
1288940 1870.4
1288950 1870.4
1288960 1868.5
1288970 1868.1
1288980 1868.1
1288990 1868.0
1289000 1868.7
1289010 1868.7
1289020 1864.5
1289030 1866.2
1289040 1866.2
1289050 1866.9
1289060 1869.5
1289070 1872.4
1289080 1872.4
1289090 1875.0
1289100 1875.9
1289110 1875.9
1289120 1875.3
1289130 1873.4
1289140 1873.4
1289150 1871.4
1289160 1871.1
1289170 1871.1
1289180 1872.6
1289190 1872.4
1289200 1872.4
1289210 1874.0
1289220 1879.7
1289230 1879.7
1289240 1885.3
1289250 1889.4
1289260 1889.4
1289270 1890.8
1289280 1892.2
1289290 1896.3
1289300 1896.3
1289310 1899.4
1289320 1898.5
1289330 1898.5
1289340 1900.5
1289350 1906.0
1289360 1906.0
1289370 1911.7
1289380 1913.6
1289390 1913.6
1289400 1913.8
1289410 1911.9
1289420 1911.9
1289430 1911.5
1289440 1913.7
1289450 1913.7
1289460 1915.1
1289470 1917.3
1289480 1917.3
1289490 1919.7
1289500 1920.4
1289510 1920.9
1289520 1920.9
1289530 1920.8
1289540 1922.7
1289550 1922.7
1289560 1924.4
1289570 1923.4
1289580 1923.4
1289590 1921.1
1289600 1921.9
1289610 1921.9
1289620 1919.6
1289630 1918.0
1289640 1918.0
1289650 1918.4
1289660 1920.5
1289670 1912.0
1289680 1916.0
1289690 1921.5
1289700 1921.5
1289710 1926.9
1289720 1934.1
1289730 1934.1
1289740 1939.2
1289750 1945.1
1289760 1950.0
1289770 1950.0
1289780 1953.7
1289790 1956.8
1289800 1956.8
1289810 1961.4
1289820 1966.4
1289830 1966.4
1289840 1968.9
1289850 1969.2
1289860 1969.2
1289870 1968.4
1289880 1969.1
1289890 1969.1
1289900 1968.8
1289910 1967.1
1289920 1967.1
1289930 1969.5
1289940 1975.8
1289950 1975.8
1289960 1982.9
1289970 1988.5
1289980 1993.8
1289990 1993.8
1290000 2000.9
1290010 2007.8
1290020 2007.8
1290030 2013.5
1290040 2021.2
1290050 2021.2
1290060 2028.8
1290070 2035.9
1290080 2035.9
1290090 2041.8
1290100 2048.7
1290110 2048.7
1290120 2055.3
1290130 2060.8
1290140 2060.8
1290150 2064.6
1290160 2067.8
1290170 2067.8
1290180 2071.6
1290190 2077.1
1290200 2088.1
1290210 2088.1
1290220 2098.9
1290230 2105.2
1290240 2105.2
1290250 2109.9
1290260 2114.2
1290270 2114.2
1290280 2118.4
1290290 2123.1
1290300 2123.1
1290310 2127.6
1290320 2135.7
1290330 2135.7
1290340 2143.1
1290350 2149.6
1290360 2149.6
1290370 2154.6
1290380 2161.2
1290390 2161.2
1290400 2166.9
1290410 2172.8
1290420 2178.5
1290430 2178.5
1290440 2184.0
1290450 2188.9
1290460 2188.9
1290470 2193.9
1290480 2199.5
1290490 2199.5
1290500 2205.1
1290510 2210.4
1290520 2210.4
1290530 2216.0
1290540 2221.5
1290550 2221.5
1290560 2226.6
1290570 2232.3
1290580 2232.3
1290590 2237.9
1290600 2243.4
1290610 2243.4
1290620 2249.6
1290630 2255.7
1290640 2255.7
1290650 2261.9
1290660 2268.4
1290670 2274.9
1290680 2274.9
1290690 2281.4
1290700 2287.5
1290710 2287.5
1290720 2293.6
1290730 2299.4
1290740 2299.4
1290750 2305.4
1290760 2311.7
1290770 2311.7
1290780 2317.8
1290790 2323.4
1290800 2323.4
1290810 2328.9
1290820 2334.1
1290830 2334.1
1290840 2339.4
1290850 2344.7
1290860 2344.7
1290870 2349.5
1290880 2353.9
1290890 2358.2
1290900 2358.2
1290910 2362.5
1290920 2366.9
1290930 2366.9
1290940 2371.0
1290950 2374.1
1290960 2374.1
1290970 2375.5
1290980 2368.0
1290990 2368.0
1291000 2361.6
1291010 2354.9
1291020 2354.9
1291030 2348.7
1291040 2342.8
1291050 2342.8
1291060 2337.5
1291070 2332.6
1291080 2332.6
1291090 2325.6
1291100 2317.8
1291110 2310.8
1291120 2310.8
1291130 2304.4
1291140 2298.7
1291150 2298.7
1291160 2295.3
1291170 2291.6
1291180 2291.6
1291190 2285.0
1291200 2277.5
1291210 2277.5
1291220 2270.7
1291230 2264.3
1291240 2264.3
1291250 2258.5
1291260 2252.9
1291270 2252.9
1291280 2249.0
1291290 2243.7
1291300 2243.7
1291310 2235.8
1291320 2227.7
1291330 2227.7
1291340 2219.3
1291350 2211.7
1291360 2205.0
1291370 2205.0
1291380 2198.2
1291390 2191.3
1291400 2191.3
1291410 2184.1
1291420 2178.1
1291430 2178.1
1291440 2172.9
1291450 2167.1
1291460 2167.1
1291470 2161.3
1291480 2155.9
1291490 2155.9
1291500 2150.0
1291510 2143.5
1291520 2143.5
1291530 2136.2
1291540 2129.7
1291550 2129.7
1291560 2125.6
1291570 2121.3
1291580 2116.8
1291590 2116.8
1291600 2111.4
1291610 2106.5
1291620 2106.5
1291630 2103.1
1291640 2098.1
1291650 2098.1
1291660 2093.5
1291670 2088.2
1291680 2088.2
1291690 2082.5
1291700 2077.2
1291710 2077.2
1291720 2071.8
1291730 2066.9
1291740 2066.9
1291750 2061.9
1291760 2054.9
1291770 2054.9
1291780 2046.6
1291790 2040.6
1291800 2038.1
1291810 2038.1
1291820 2036.8
1291830 2040.6
1291840 2040.6
1291850 2042.9
1291860 2043.9
1291870 2043.9
1291880 2045.7
1291890 2046.7
1291900 2046.7
1291910 2048.1
1291920 2050.8
1291930 2050.8
1291940 2053.9
1291950 2057.4
1291960 2057.4
1291970 2060.4
1291980 2064.0
1291990 2064.0
1292000 2067.6
1292010 2071.3
1292020 2074.6
1292030 2074.6
1292040 2078.2
1292050 2081.6
1292060 2081.6
1292070 2085.2
1292080 2088.4
1292090 2088.4
1292100 2091.7
1292110 2095.5
1292120 2095.5
1292130 2099.5
1292140 2103.1
1292150 2103.1
1292160 2105.7
1292170 2107.7
1292180 2107.7
1292190 2108.5
1292200 2103.5
1292210 2103.5
1292220 2095.6
1292230 2089.0
1292240 2089.0
1292250 2080.7
1292260 2069.1
1292270 2053.6
1292280 2053.6
1292290 2035.0
1292300 2028.9
1292310 2028.9
1292320 2023.3
1292330 2018.4
1292340 2018.4
1292350 2013.9
1292360 2010.2
1292370 2010.2
1292380 2007.6
1292390 2004.4
1292400 2004.4
1292410 2001.5
1292420 1999.0
1292430 1999.0
1292440 1997.0
1292450 1990.5
1292460 1990.5
1292470 1982.1
1292480 1972.7
1292490 1964.9
1292500 1964.9
1292510 1958.9
1292520 1952.1
1292530 1952.1
1292540 1942.0
1292550 1929.3
1292560 1929.3
1292570 1915.7
1292580 1909.9
1292590 1909.9
1292600 1915.7
1292610 1925.1
1292620 1925.1
1292630 1933.1
1292640 1943.0
1292650 1943.0
1292660 1957.3
1292670 1969.2
1292680 1969.2
1292690 1974.7
1292700 1979.4
1292710 1981.6
1292720 1981.6
1292730 1983.3
1292740 1987.5
1292750 1987.5
1292760 1993.1
1292770 1998.6
1292780 1998.6
1292790 2003.4
1292800 2003.6
1292810 2003.6
1292820 2005.2
1292830 2007.0
1292840 2007.0
1292850 2008.2
1292860 2007.5
1292870 2007.5
1292880 2004.2
1292890 2001.5
1292900 2001.5
1292910 2001.7
1292920 2003.3
1292930 2003.3
1292940 2006.2
1292950 2001.7
1292960 2003.6
1292970 2003.6
1292980 1995.0
1292990 1986.7
1293000 1986.7
1293010 1981.0
1293020 1975.1
1293030 1975.1
1293040 1970.9
1293050 1966.9
1293060 1966.9
1293070 1959.8
1293080 1951.3
1293090 1951.3
1293100 1942.4
1293110 1933.0
1293120 1933.0
1293130 1923.9
1293140 1914.0
1293150 1914.0
1293160 1908.2
1293170 1906.6
1293180 1906.9
1293190 1906.9
1293200 1908.1
1293210 1908.2
1293220 1908.2
1293230 1912.6
1293240 1919.4
1293250 1919.4
1293260 1926.8
1293270 1933.7
1293280 1933.7
1293290 1941.2
1293300 1951.2
1293310 1951.2
1293320 1958.1
1293330 1962.6
1293340 1962.6
1293350 1967.7
1293360 1971.1
1293370 1971.1
1293380 1974.7
1293390 1980.7
1293400 1986.5
1293410 1986.5
1293420 1993.0
1293430 1998.8
1293440 1998.8
1293450 2002.4
1293460 2005.6
1293470 2005.6
1293480 2011.7
1293490 2018.6
1293500 2018.6
1293510 2024.8
1293520 2027.2
1293530 2027.2
1293540 2026.0
1293550 2029.0
1293560 2029.0
1293570 2034.1
1293580 2040.6
1293590 2040.6
1293600 2047.7
1293610 2055.0
1293620 2051.8
1293630 2051.8
1293640 2056.7
1293650 2060.1
1293660 2060.1
1293670 2062.5
1293680 2066.9
1293690 2066.9
1293700 2071.7
1293710 2076.8
1293720 2076.8
1293730 2082.4
1293740 2088.8
1293750 2088.8
1293760 2096.2
1293770 2104.1
1293780 2104.1
1293790 2112.2
1293800 2119.3
1293810 2119.3
1293820 2125.5
1293830 2131.9
1293840 2131.9
1293850 2139.5
1293860 2148.7
1293870 2157.6
1293880 2157.6
1293890 2165.7
1293900 2176.6
1293910 2176.6
1293920 2187.0
1293930 2192.8
1293940 2192.8
1293950 2199.8
1293960 2206.6
1293970 2206.6
1293980 2213.2
1293990 2220.9
1294000 2220.9
1294010 2229.3
1294020 2238.8
1294030 2238.8
1294040 2251.2
1294050 2263.0
1294060 2263.0
1294070 2276.7
1294080 2288.0
1294090 2294.7
1294100 2294.7
1294110 2304.2
1294120 2311.3
1294130 2311.3
1294140 2315.2
1294150 2318.0
1294160 2318.0
1294170 2321.1
1294180 2324.7
1294190 2324.7
1294200 2327.9
1294210 2331.3
1294220 2331.3
1294230 2334.8
1294240 2338.0
1294250 2338.0
1294260 2340.1
1294270 2344.7
1294280 2339.0
1294290 2342.2
1294300 2344.2
1294310 2349.1
1294320 2349.1
1294330 2353.6
1294340 2358.2
1294350 2358.2
1294360 2362.7
1294370 2367.2
1294380 2367.2
1294390 2371.3
1294400 2375.7
1294410 2375.7
1294420 2381.0
1294430 2385.6
1294440 2385.6
1294450 2389.1
1294460 2391.4
1294470 2391.4
1294480 2391.1
1294490 2391.0
1294500 2391.0
1294510 2391.7
1294520 2392.8
1294530 2392.8
1294540 2393.4
1294550 2398.6
1294560 2403.6
1294570 2403.6
1294580 2407.1
1294590 2410.2
1294600 2410.2
1294610 2412.2
1294620 2415.9
1294630 2415.9
1294640 2417.2
1294650 2416.4
1294660 2416.4
1294670 2416.7
1294680 2419.5
1294690 2419.5
1294700 2424.8
1294710 2425.5
1294720 2425.5
1294730 2423.4
1294740 2423.1
1294750 2423.1
1294760 2429.5
1294770 2437.5
1294780 2444.5
1294790 2444.5
1294800 2446.7
1294810 2445.5
1294820 2445.5
1294830 2451.1
1294840 2452.3
1294850 2452.3
1294860 2448.3
1294870 2451.4
1294880 2451.4
1294890 2452.3
1294900 2457.4
1294910 2457.4
1294920 2470.5
1294930 2473.8
1294940 2473.8
1294950 2464.5
1294960 2467.4
1294970 2467.4
1294980 2473.7
1294990 2477.5
1295000 2482.2
1295010 2482.2
1295020 2487.7
1295030 2493.8
1295040 2493.8
1295050 2500.6
1295060 2508.8
1295070 2508.8
1295080 2516.7
1295090 2523.7
1295100 2523.7
1295110 2530.4
1295120 2536.3
1295130 2536.3
1295140 2540.9
1295150 2546.8
1295160 2546.8
1295170 2555.5
1295180 2564.3
1295190 2564.3
1295200 2570.0
1295210 2574.9
1295220 2583.5
1295230 2583.5
1295240 2597.5
1295250 2614.5
1295260 2614.5
1295270 2625.8
1295280 2632.9
1295290 2632.9
1295300 2637.1
1295310 2635.9
1295320 2635.9
1295330 2632.1
1295340 2625.8
1295350 2625.8
1295360 2618.1
1295370 2610.5
1295380 2610.5
1295390 2605.3
1295400 2599.8
1295410 2599.8
1295420 2593.9
1295430 2591.3
1295440 2591.3
1295450 2589.3
1295460 2586.8
1295470 2585.5
1295480 2585.5
1295490 2584.8
1295500 2584.9
1295510 2584.9
1295520 2585.1
1295530 2585.2
1295540 2585.2
1295550 2585.3
1295560 2586.0
1295570 2586.0
1295580 2586.5
1295590 2587.2
1295600 2587.2
1295610 2587.9
1295620 2592.0
1295630 2592.0
1295640 2592.1
1295650 2591.5
1295660 2591.5
1295670 2589.6
1295680 2588.2
1295690 2586.8
1295700 2586.8
1295710 2583.9
1295720 2580.4
1295730 2580.4
1295740 2578.4
1295750 2576.5
1295760 2576.5
1295770 2574.8
1295780 2573.2
1295790 2573.2
1295800 2570.3
1295810 2566.8
1295820 2566.8
1295830 2563.7
1295840 2560.8
1295850 2560.8
1295860 2559.1
1295870 2558.3
1295880 2558.3
1295890 2557.2
1295900 2555.0
1295910 2551.6
1295920 2551.6
1295930 2548.9
1295940 2549.9
1295950 2549.9
1295960 2553.6
1295970 2554.3
1295980 2554.3
1295990 2556.3
1296000 2558.4
1296010 2558.4
1296020 2559.0
1296030 2559.0
1296040 2559.0
1296050 2560.9
1296060 2562.9
1296070 2562.9
1296080 2563.8
1296090 2565.2
1296100 2565.2
1296110 2567.0
1296120 2569.5
1296130 2569.5
1296140 2572.4
1296150 2574.8
1296160 2576.5
1296170 2576.5
1296180 2577.2
1296190 2577.2
1296200 2577.2
1296210 2574.8
1296220 2570.9
1296230 2570.9
1296240 2566.6
1296250 2564.1
1296260 2564.1
1296270 2563.2
1296280 2561.8
1296290 2561.8
1296300 2565.8
1296310 2564.5
1296320 2564.5
1296330 2563.5
1296340 2563.0
1296350 2563.0
1296360 2562.3
1296370 2560.7
1296380 2560.4
1296390 2560.4
1296400 2559.7
1296410 2560.5
1296420 2560.5
1296430 2561.6
1296440 2561.7
1296450 2561.7
1296460 2561.9
1296470 2562.6
1296480 2562.6
1296490 2563.8
1296500 2566.1
1296510 2566.1
1296520 2569.0
1296530 2571.3
1296540 2571.3
1296550 2573.1
1296560 2574.7
1296570 2574.7
1296580 2575.6
1296590 2576.0
1296600 2576.3
1296610 2576.3
1296620 2576.4
1296630 2576.3
1296640 2576.3
1296650 2577.5
1296660 2579.3
1296670 2579.3
1296680 2580.1
1296690 2579.8
1296700 2579.8
1296710 2577.9
1296720 2573.6
1296730 2573.6
1296740 2568.3
1296750 2564.8
1296760 2564.8
1296770 2562.0
1296780 2559.0
1296790 2559.0
1296800 2555.2
1296810 2551.5
1296820 2549.8
1296830 2549.8
1296840 2549.0
1296850 2548.4
1296860 2548.4
1296870 2547.4
1296880 2546.6
1296890 2546.6
1296900 2546.0
1296910 2545.3
1296920 2545.3
1296930 2544.8
1296940 2544.1
1296950 2544.1
1296960 2543.2
1296970 2552.0
1296980 2552.0
1296990 2554.8
1297000 2557.6
1297010 2557.6
1297020 2556.5
1297030 2545.9
1297040 2545.9
1297050 2533.6
1297060 2520.8
1297070 2508.6
1297080 2508.6
1297090 2498.7
1297100 2488.8
1297110 2488.8
1297120 2476.5
1297130 2464.7
1297140 2464.7
1297150 2453.5
1297160 2444.2
1297170 2444.2
1297180 2435.2
1297190 2425.2
1297200 2425.2
1297210 2414.0
1297220 2403.7
1297230 2403.7
1297240 2397.3
1297250 2392.6
1297260 2392.6
1297270 2388.5
1297280 2384.5
1297290 2379.0
1297300 2379.0
1297310 2372.6
1297320 2365.9
1297330 2365.9
1297340 2359.4
1297350 2354.4
1297360 2354.4
1297370 2350.4
1297380 2347.0
1297390 2347.0
1297400 2345.8
1297410 2345.4
1297420 2345.4
1297430 2345.0
1297440 2342.4
1297450 2342.4
1297460 2338.0
1297470 2333.2
1297480 2333.2
1297490 2326.4
1297500 2322.9
1297510 2319.7
1297520 2319.7
1297530 2316.1
1297540 2312.0
1297550 2312.0
1297560 2308.6
1297570 2304.8
1297580 2304.8
1297590 2301.8
1297600 2298.4
1297610 2298.4
1297620 2292.3
1297630 2286.6
1297640 2286.6
1297650 2294.6
1297660 2299.1
1297670 2299.1
1297680 2292.6
1297690 2287.8
1297700 2287.8
1297710 2284.8
1297720 2283.0
1297730 2283.0
1297740 2282.2
1297750 2281.3
1297760 2279.9
1297770 2279.9
1297780 2277.1
1297790 2273.2
1297800 2273.2
1297810 2266.7
1297820 2255.8
1297830 2255.8
1297840 2249.9
1297850 2250.8
1297860 2250.8
1297870 2252.0
1297880 2242.4
1297890 2242.4
1297900 2247.3
1297910 2258.1
1297920 2258.1
1297930 2256.8
1297940 2256.1
1297950 2256.1
1297960 2254.0
1297970 2252.0
1297980 2248.6
1297990 2248.6
1298000 2252.1
1298010 2254.7
1298020 2254.7
1298030 2255.6
1298040 2254.9
1298050 2254.9
1298060 2254.0
1298070 2253.7
1298080 2253.7
1298090 2254.0
1298100 2255.8
1298110 2255.8
1298120 2258.2
1298130 2261.0
1298140 2261.0
1298150 2263.5
1298160 2263.4
1298170 2263.4
1298180 2261.7
1298190 2259.4
1298200 2255.0
1298210 2255.0
1298220 2250.6
1298230 2246.6
1298240 2246.6
1298250 2245.5
1298260 2245.7
1298270 2245.7
1298280 2245.2
1298290 2243.8
1298300 2243.8
1298310 2246.1
1298320 2247.1
1298330 2251.8
1298340 2252.6
1298350 2253.4
1298360 2253.4
1298370 2254.4
1298380 2258.1
1298390 2258.1
1298400 2262.0
1298410 2262.7
1298420 2262.9
1298430 2262.9
1298440 2262.9
1298450 2260.5
1298460 2260.5
1298470 2257.6
1298480 2253.9
1298490 2253.9
1298500 2247.5
1298510 2242.7
1298520 2242.7
1298530 2240.2
1298540 2237.6
1298550 2237.6
1298560 2233.8
1298570 2228.9
1298580 2228.9
1298590 2224.4
1298600 2221.0
1298610 2221.0
1298620 2218.3
1298630 2216.0
1298640 2216.0
1298650 2215.0
1298660 2213.7
1298670 2211.8
1298680 2211.8
1298690 2208.7
1298700 2204.9
1298710 2204.9
1298720 2200.7
1298730 2197.2
1298740 2197.2
1298750 2193.9
1298760 2191.2
1298770 2191.2
1298780 2189.7
1298790 2187.7
1298800 2187.7
1298810 2186.4
1298820 2184.9
1298830 2184.9
1298840 2183.2
1298850 2180.8
1298860 2180.8
1298870 2178.8
1298880 2176.3
1298890 2174.6
1298900 2174.6
1298910 2173.9
1298920 2174.1
1298930 2174.1
1298940 2176.5
1298950 2179.4
1298960 2179.4
1298970 2182.2
1298980 2184.9
1298990 2184.9
1299000 2189.0
1299010 2194.3
1299020 2200.0
1299030 2203.6
1299040 2206.2
1299050 2206.2
1299060 2208.3
1299070 2211.1
1299080 2211.1
1299090 2213.6
1299100 2212.5
1299110 2207.9
1299120 2207.9
1299130 2190.2
1299140 2178.6
1299150 2178.6
1299160 2173.8
1299170 2170.7
1299180 2170.7
1299190 2166.3
1299200 2162.4
1299210 2162.4
1299220 2159.5
1299230 2159.0
1299240 2159.0
1299250 2159.5
1299260 2159.4
1299270 2159.4
1299280 2162.2
1299290 2162.7
1299300 2162.7
1299310 2161.2
1299320 2160.2
1299330 2163.0
1299340 2163.0
1299350 2166.8
1299360 2169.9
1299370 2169.9
1299380 2172.8
1299390 2175.9
1299400 2175.9
1299410 2179.4
1299420 2183.6
1299430 2183.6
1299440 2187.4
1299450 2190.2
1299460 2190.2
1299470 2192.6
1299480 2194.2
1299490 2194.2
1299500 2195.4
1299510 2195.2
1299520 2195.2
1299530 2194.6
1299540 2191.5
1299550 2191.5
1299560 2182.7
1299570 2170.6
1299580 2159.7
1299590 2159.7
1299600 2148.4
1299610 2140.5
1299620 2140.5
1299630 2137.1
1299640 2132.7
1299650 2132.7
1299660 2121.7
1299670 2116.8
1299680 2116.8
1299690 2124.2
1299700 2097.7
1299710 2097.7
1299720 2080.9
1299730 2069.7
1299740 2069.7
1299750 2064.5
1299760 2059.5
1299770 2059.5
1299780 2053.6
1299790 2048.1
1299800 2042.9
1299810 2042.9
1299820 2038.2
1299830 2033.4
1299840 2033.4
1299850 2028.5
1299860 2023.1
1299870 2023.1
1299880 2017.0
1299890 2011.7
1299900 2011.7
1299910 2006.2
1299920 2000.6
1299930 2000.6
1299940 1994.9
1299950 1989.2
1299960 1989.2
1299970 1982.8
1299980 1977.0
1299990 1977.0
