1280000 1695.4
1280010 1695.4
1280020 1693.1
1280030 1690.8
1280040 1690.8
1280050 1688.3
1280060 1685.8
1280070 1685.8
1280080 1683.3
1280090 1681.3
1280100 1681.3
1280110 1679.1
1280120 1676.2
1280130 1672.9
1280140 1672.9
1280150 1670.2
1280160 1666.1
1280170 1666.1
1280180 1662.0
1280190 1656.5
1280200 1656.5
1280210 1650.7
1280220 1647.9
1280230 1647.9
1280240 1646.6
1280250 1645.2
1280260 1641.8
1280270 1640.2
1280280 1638.7
1280290 1638.7
1280300 1637.8
1280310 1637.0
1280320 1637.0
1280330 1637.3
1280340 1640.2
1280350 1640.2
1280360 1640.5
1280370 1640.5
1280380 1641.4
1280390 1641.4
1280400 1643.0
1280410 1646.0
1280420 1646.0
1280430 1648.0
1280440 1650.2
1280450 1650.2
1280460 1651.1
1280470 1651.4
1280480 1651.4
1280490 1653.2
1280500 1656.7
1280510 1656.7
1280520 1658.0
1280530 1658.4
1280540 1658.4
1280550 1657.9
1280560 1656.3
1280570 1656.3
1280580 1654.8
1280590 1653.2
1280600 1650.7
1280610 1650.7
1280620 1647.9
1280630 1645.0
1280640 1645.0
1280650 1642.1
1280660 1638.9
1280670 1638.9
1280680 1636.7
1280690 1634.1
1280700 1634.1
1280710 1631.8
1280720 1630.4
1280730 1630.4
1280740 1629.2
1280750 1628.6
1280760 1628.6
1280770 1628.6
1280780 1628.7
1280790 1628.7
1280800 1628.6
1280810 1628.5
1280820 1628.5
1280830 1628.5
1280840 1628.1
1280850 1627.4
1280860 1627.4
1280870 1625.9
1280880 1622.8
1280890 1622.8
1280900 1622.2
1280910 1623.4
1280920 1623.4
1280930 1625.9
1280940 1627.8
1280950 1627.8
1280960 1629.2
1280970 1629.9
1280980 1629.9
1280990 1630.3
1281000 1631.8
1281010 1631.8
1281020 1632.7
1281030 1632.3
1281040 1632.3
1281050 1630.3
1281060 1628.8
1281070 1628.9
1281080 1628.9
1281090 1632.1
1281100 1634.9
1281110 1634.9
1281120 1636.5
1281130 1637.3
1281140 1637.3
1281150 1637.9
1281160 1638.0
1281170 1638.0
1281180 1638.5
1281190 1638.3
1281200 1638.3
1281210 1635.2
1281220 1634.7
1281230 1634.7
1281240 1637.2
1281250 1638.6
1281260 1638.6
1281270 1638.9
1281280 1637.1
1281290 1636.5
1281300 1636.5
1281310 1638.5
1281320 1639.9
1281330 1639.9
1281340 1640.8
1281350 1641.1
1281360 1641.1
1281370 1641.0
1281380 1640.8
1281390 1640.8
1281400 1641.2
1281410 1641.8
1281420 1641.8
1281430 1642.1
1281440 1642.5
1281450 1642.5
1281460 1642.4
1281470 1642.5
1281480 1642.5
1281490 1642.9
1281500 1643.6
1281510 1640.7
1281520 1640.7
1281530 1641.4
1281540 1641.5
1281550 1641.5
1281560 1641.4
1281570 1641.4
1281580 1641.4
1281590 1641.3
1281600 1640.9
1281610 1640.9
1281620 1640.5
1281630 1638.4
1281640 1638.4
1281650 1634.9
1281660 1634.6
1281670 1634.6
1281680 1636.0
1281690 1636.7
1281700 1636.7
1281710 1637.4
1281720 1637.6
1281730 1637.6
1281740 1636.2
1281750 1634.4
1281760 1632.7
1281770 1632.7
1281780 1631.5
1281790 1631.1
1281800 1631.1
1281810 1631.2
1281820 1630.4
1281830 1630.4
1281840 1629.2
1281850 1627.7
1281860 1627.7
1281870 1626.9
1281880 1627.7
1281890 1627.7
1281900 1628.8
1281910 1629.9
1281920 1629.9
1281930 1630.7
1281940 1631.6
1281950 1631.6
1281960 1632.0
1281970 1631.7
1281980 1631.7
1281990 1631.7
1282000 1631.0
1282010 1629.9
1282020 1629.9
1282030 1629.4
1282040 1628.6
1282050 1628.6
1282060 1627.0
1282070 1624.5
1282080 1624.5
1282090 1621.9
1282100 1620.4
1282110 1620.4
1282120 1619.1
1282130 1613.0
1282140 1613.0
1282150 1611.4
1282160 1609.3
1282170 1609.3
1282180 1606.5
1282190 1603.8
1282200 1601.1
1282210 1601.1
1282220 1600.2
1282230 1600.0
1282240 1600.0
1282250 1599.6
1282260 1598.8
1282270 1598.8
1282280 1598.5
1282290 1597.4
1282300 1597.4
1282310 1595.3
1282320 1593.4
1282330 1593.4
1282340 1590.4
1282350 1586.8
1282360 1586.8
1282370 1584.6
1282380 1582.1
1282390 1582.1
1282400 1579.3
1282410 1576.4
1282420 1576.4
1282430 1573.1
1282440 1567.6
1282450 1566.0
1282460 1566.0
1282470 1565.1
1282480 1563.1
1282490 1563.1
1282500 1560.4
1282510 1557.7
1282520 1557.7
1282530 1555.0
1282540 1552.0
1282550 1552.0
1282560 1547.5
1282570 1541.4
1282580 1541.4
1282590 1533.7
1282600 1525.0
1282610 1525.0
1282620 1514.5
1282630 1504.5
1282640 1504.5
1282650 1501.9
1282660 1506.3
1282670 1512.1
1282680 1512.1
1282690 1517.4
1282700 1522.4
1282710 1522.4
1282720 1527.5
1282730 1531.5
1282740 1531.5
1282750 1535.1
1282760 1535.1
1282770 1535.1
1282780 1537.0
1282790 1538.0
1282800 1538.0
1282810 1539.9
1282820 1541.8
1282830 1541.8
1282840 1543.5
1282850 1545.2
1282860 1545.2
1282870 1546.7
1282880 1547.7
1282890 1548.7
1282900 1548.7
1282910 1549.8
1282920 1550.9
1282930 1550.9
1282940 1551.4
1282950 1551.5
1282960 1551.5
1282970 1551.4
1282980 1551.2
1282990 1551.2
1283000 1550.8
1283010 1550.1
1283020 1550.1
1283030 1549.0
1283040 1548.2
1283050 1548.2
1283060 1547.2
1283070 1546.4
1283080 1546.4
1283090 1546.0
1283100 1544.0
1283110 1544.0
1283120 1540.6
1283130 1539.7
1283140 1540.1
1283150 1540.1
1283160 1538.6
1283170 1535.9
1283180 1535.9
1283190 1532.8
1283200 1529.9
1283210 1529.9
1283220 1526.5
1283230 1523.3
1283240 1523.3
1283250 1520.9
1283260 1518.6
1283270 1518.6
1283280 1516.6
1283290 1514.6
1283300 1514.6
1283310 1513.1
1283320 1511.0
1283330 1511.0
1283340 1508.2
1283350 1505.2
1283360 1502.2
1283370 1502.2
1283380 1500.2
1283390 1494.6
1283400 1494.6
1283410 1492.4
1283420 1491.0
1283430 1491.0
1283440 1490.2
1283450 1489.5
1283460 1489.5
1283470 1488.6
1283480 1487.2
1283490 1487.2
1283500 1485.7
1283510 1484.1
1283520 1484.1
1283530 1482.8
1283540 1481.3
1283550 1481.3
1283560 1480.0
1283570 1478.9
1283580 1478.9
1283590 1478.6
1283600 1478.9
1283610 1479.4
1283620 1479.4
1283630 1480.0
1283640 1480.7
1283650 1480.7
1283660 1480.7
1283670 1480.9
1283680 1480.9
1283690 1481.2
1283700 1481.2
1283710 1481.2
1283720 1480.4
1283730 1479.2
1283740 1479.2
1283750 1478.7
1283760 1477.9
1283770 1477.9
1283780 1476.2
1283790 1473.4
1283800 1473.4
1283810 1469.7
1283820 1465.9
1283830 1461.8
1283840 1461.8
1283850 1457.6
1283860 1453.8
1283870 1453.8
1283880 1450.6
1283890 1447.7
1283900 1447.7
1283910 1443.6
1283920 1437.2
1283930 1437.2
1283940 1430.9
1283950 1428.4
1283960 1428.4
1283970 1425.1
1283980 1425.5
1283990 1425.5
1284000 1428.5
1284010 1429.1
1284020 1428.1
1284030 1428.3
1284040 1428.7
1284050 1430.6
1284060 1430.6
1284070 1432.6
1284080 1434.0
1284090 1434.0
1284100 1434.7
1284110 1434.7
1284120 1434.7
1284130 1432.7
1284140 1428.8
1284150 1428.8
1284160 1425.8
1284170 1422.6
1284180 1422.6
1284190 1420.2
1284200 1420.7
1284210 1420.7
1284220 1422.6
1284230 1425.2
1284240 1425.2
1284250 1428.9
1284260 1433.0
1284270 1433.0
1284280 1435.7
1284290 1438.0
1284300 1438.9
1284310 1438.9
1284320 1437.9
1284330 1435.9
1284340 1435.9
1284350 1434.0
1284360 1431.9
1284370 1431.9
1284380 1429.2
1284390 1426.1
1284400 1426.1
1284410 1422.7
1284420 1420.3
1284430 1420.3
1284440 1418.9
1284450 1417.3
1284460 1417.3
1284470 1416.5
1284480 1415.7
1284490 1415.7
1284500 1414.3
1284510 1413.6
1284520 1413.1
1284530 1413.1
1284540 1412.6
1284550 1411.6
1284560 1411.6
1284570 1407.3
1284580 1401.5
1284590 1401.5
1284600 1397.7
1284610 1399.8
1284620 1399.8
1284630 1405.7
1284640 1408.2
1284650 1408.2
1284660 1405.3
1284670 1405.3
1284680 1405.3
1284690 1405.3
1284700 1405.4
1284710 1405.4
1284720 1405.5
1284730 1405.6
1284740 1405.7
1284750 1405.7
1284760 1405.4
1284770 1403.9
1284780 1403.9
1284790 1401.0
1284800 1397.7
1284810 1397.7
1284820 1394.4
1284830 1391.5
1284840 1391.5
1284850 1388.7
1284860 1386.0
1284870 1386.0
1284880 1383.8
1284890 1381.6
1284900 1381.6
1284910 1379.8
1284920 1378.4
1284930 1378.4
1284940 1374.2
1284950 1366.2
1284960 1366.2
1284970 1359.6
1284980 1356.0
1284990 1353.9
1285000 1353.9
1285010 1352.8
1285020 1352.3
1285030 1352.3
1285040 1352.1
1285050 1352.2
1285060 1352.2
1285070 1352.3
1285080 1353.0
1285090 1353.0
1285100 1354.3
1285110 1356.2
1285120 1356.2
1285130 1358.4
1285140 1360.8
1285150 1360.8
1285160 1362.9
1285170 1364.5
1285180 1364.5
1285190 1365.7
1285200 1365.7
1285210 1365.3
1285220 1365.3
1285230 1366.9
1285240 1368.4
1285250 1368.4
1285260 1367.4
1285270 1365.2
1285280 1365.2
1285290 1371.5
1285300 1378.0
1285310 1378.0
1285320 1383.8
1285330 1390.6
1285340 1390.6
1285350 1397.9
1285360 1405.5
1285370 1405.5
1285380 1413.0
1285390 1420.8
1285400 1420.8
1285410 1428.9
1285420 1436.6
1285430 1441.9
1285440 1441.9
1285450 1445.7
1285460 1448.8
1285470 1448.8
1285480 1451.2
1285490 1452.7
1285500 1452.7
1285510 1453.9
1285520 1455.8
1285530 1455.8
1285540 1458.0
1285550 1460.0
1285560 1460.0
1285570 1462.7
1285580 1465.7
1285590 1465.7
1285600 1467.9
1285610 1470.3
1285620 1470.3
1285630 1473.2
1285640 1476.0
1285650 1476.0
1285660 1479.2
1285670 1482.7
1285680 1487.6
1285690 1487.6
1285700 1494.2
1285710 1499.9
1285720 1499.9
1285730 1504.3
1285740 1506.8
1285750 1506.8
1285760 1508.7
1285770 1511.1
1285780 1511.1
1285790 1513.2
1285800 1515.2
1285810 1515.2
1285820 1520.4
1285830 1526.5
1285840 1526.5
1285850 1530.1
1285860 1537.0
1285870 1537.0
1285880 1547.6
1285890 1560.4
1285900 1572.3
1285910 1572.3
1285920 1580.5
1285930 1622.1
1285940 1622.1
1285950 1627.7
1285960 1634.3
1285970 1634.3
1285980 1638.3
1285990 1642.0
1286000 1642.0
1286010 1647.5
1286020 1652.1
1286030 1652.1
1286040 1656.1
1286050 1657.6
1286060 1657.6
1286070 1657.6
1286080 1657.6
1286090 1657.6
1286100 1657.0
1286110 1654.8
1286120 1650.7
1286130 1650.7
1286140 1643.9
1286150 1636.7
1286160 1636.7
1286170 1633.0
1286180 1636.5
1286190 1636.5
1286200 1645.0
1286210 1657.4
1286220 1657.4
1286230 1669.8
1286240 1675.2
1286250 1675.2
1286260 1678.3
1286270 1681.1
1286280 1681.1
1286290 1683.7
1286300 1686.4
1286310 1686.4
1286320 1688.8
1286330 1691.1
1286340 1691.1
1286350 1693.2
1286360 1696.3
1286370 1699.3
1286380 1699.3
1286390 1701.9
1286400 1704.3
1286410 1704.3
1286420 1706.5
1286430 1708.7
1286440 1708.7
1286450 1710.9
1286460 1713.0
1286470 1713.0
1286480 1714.5
1286490 1716.0
1286500 1716.0
1286510 1717.6
1286520 1719.5
1286530 1719.5
1286540 1720.9
1286550 1722.3
1286560 1722.3
1286570 1719.5
1286580 1721.9
1286590 1724.1
1286600 1724.1
1286610 1726.7
1286620 1729.5
1286630 1729.5
1286640 1733.1
1286650 1736.4
1286660 1736.4
1286670 1739.9
1286680 1742.5
1286690 1742.5
1286700 1743.6
1286710 1744.1
1286720 1744.1
1286730 1745.3
1286740 1747.8
1286750 1747.8
1286760 1749.2
1286770 1748.4
1286780 1748.4
1286790 1746.6
1286800 1744.7
1286810 1743.1
1286820 1743.1
1286830 1741.6
1286840 1740.9
1286850 1740.9
1286860 1740.5
1286870 1740.4
1286880 1740.4
1286890 1741.3
1286900 1742.4
1286910 1742.4
1286920 1742.8
1286930 1742.5
1286940 1742.5
1286950 1742.1
1286960 1742.3
1286970 1742.3
1286980 1742.8
1286990 1744.1
1287000 1744.1
1287010 1745.7
1287020 1747.3
1287030 1747.3
1287040 1748.2
1287050 1749.5
1287060 1750.3
1287070 1750.3
1287080 1750.1
1287090 1749.7
1287100 1749.7
1287110 1748.6
1287120 1747.2
1287130 1747.2
1287140 1746.3
1287150 1746.8
1287160 1746.8
1287170 1747.7
1287180 1748.5
1287190 1748.5
1287200 1749.8
1287210 1745.6
1287220 1745.6
1287230 1746.4
1287240 1747.2
1287250 1747.2
1287260 1747.3
1287270 1747.9
1287280 1748.4
1287290 1748.4
1287300 1747.7
1287310 1747.5
1287320 1747.5
1287330 1746.3
1287340 1744.2
1287350 1744.2
1287360 1747.9
1287370 1748.1
1287380 1748.1
1287390 1747.6
1287400 1749.4
1287410 1749.4
1287420 1753.0
1287430 1755.7
1287440 1755.7
1287450 1760.3
1287460 1765.4
1287470 1765.4
1287480 1768.2
1287490 1770.9
1287500 1770.9
1287510 1772.7
1287520 1773.0
1287530 1770.7
1287540 1770.7
1287550 1769.3
1287560 1769.9
1287570 1769.9
1287580 1771.3
1287590 1771.9
1287600 1771.9
1287610 1772.0
1287620 1772.8
1287630 1772.8
1287640 1774.5
1287650 1776.3
1287660 1776.3
1287670 1776.8
1287680 1779.3
1287690 1779.3
1287700 1781.5
1287710 1782.9
1287720 1782.9
1287730 1784.4
1287740 1785.4
1287750 1785.9
1287760 1785.9
1287770 1787.4
1287780 1791.1
1287790 1791.1
1287800 1794.7
1287810 1797.1
1287820 1797.1
1287830 1797.4
1287840 1797.1
1287850 1797.1
1287860 1794.0
1287870 1797.3
1287880 1797.3
1287890 1800.3
1287900 1803.9
1287910 1803.9
1287920 1805.0
1287930 1806.1
1287940 1806.1
1287950 1813.5
1287960 1816.7
1287970 1818.0
1287980 1818.0
1287990 1819.4
1288000 1820.6
1288010 1820.6
1288020 1820.5
1288030 1821.2
1288040 1821.2
1288050 1823.6
1288060 1826.1
1288070 1826.1
1288080 1828.2
1288090 1830.7
1288100 1830.7
1288110 1833.3
1288120 1834.4
1288130 1834.4
1288140 1834.3
1288150 1836.2
1288160 1836.2
1288170 1838.9
1288180 1839.8
1288190 1839.8
1288200 1841.8
1288210 1845.3
1288220 1848.3
1288230 1848.3
1288240 1848.2
1288250 1846.6
1288260 1846.6
1288270 1845.7
1288280 1845.8
1288290 1845.8
1288300 1845.7
1288310 1846.9
1288320 1846.9
1288330 1846.6
1288340 1846.0
1288350 1846.0
1288360 1847.3
1288370 1849.2
1288380 1849.2
1288390 1850.7
1288400 1852.9
1288410 1852.9
1288420 1856.4
1288430 1860.7
1288440 1865.5
1288450 1865.5
1288460 1869.9
1288470 1875.0
1288480 1875.0
1288490 1880.3
1288500 1890.2
1288510 1890.2
1288520 1898.7
1288530 1906.2
1288540 1906.2
1288550 1909.2
1288560 1908.9
1288570 1908.9
1288580 1908.7
1288590 1910.6
1288600 1910.6
1288610 1914.7
1288620 1922.0
1288630 1922.0
1288640 1930.0
1288650 1936.6
1288660 1946.1
1288670 1946.1
1288680 1952.5
1288690 1953.7
1288700 1953.7
1288710 1953.9
1288720 1955.8
1288730 1955.8
1288740 1960.0
1288750 1964.7
1288760 1964.7
1288770 1968.8
1288780 1972.9
1288790 1972.9
1288800 1977.7
1288810 1982.2
1288820 1982.2
1288830 1985.9
1288840 1990.0
1288850 1990.0
1288860 1992.0
1288870 1993.3
1288880 1993.3
1288890 1995.3
1288900 1997.8
1288910 1998.4
1288920 1998.4
1288930 1996.0
1288940 1995.2
1288950 1995.2
1288960 1998.8
1288970 2004.2
1288980 2004.2
1288990 2011.1
1289000 2017.4
1289010 2017.4
1289020 2023.3
1289030 2029.8
1289040 2029.8
1289050 2035.9
1289060 2041.8
1289070 2041.8
1289080 2047.5
1289090 2053.4
1289100 2053.4
1289110 2058.6
1289120 2063.5
1289130 2066.6
1289140 2066.6
1289150 2061.1
1289160 2067.4
1289170 2067.4
1289180 2072.0
1289190 2075.7
1289200 2075.7
1289210 2074.4
1289220 2074.5
1289230 2074.5
1289240 2077.3
1289250 2082.5
1289260 2082.5
1289270 2088.4
1289280 2092.7
1289290 2092.7
1289300 2096.9
1289310 2103.7
1289320 2103.7
1289330 2110.7
1289340 2117.5
1289350 2122.6
1289360 2122.6
1289370 2125.8
1289380 2128.5
1289390 2128.5
1289400 2131.0
1289410 2134.3
1289420 2134.3
1289430 2139.3
1289440 2145.4
1289450 2145.4
1289460 2151.1
1289470 2156.1
1289480 2156.1
1289490 2161.0
1289500 2166.7
1289510 2166.7
1289520 2172.6
1289530 2178.4
1289540 2178.4
1289550 2182.2
1289560 2185.3
1289570 2185.3
1289580 2189.2
1289590 2193.3
1289600 2196.5
1289610 2196.5
1289620 2199.0
1289630 2201.8
1289640 2201.8
1289650 2205.4
1289660 2210.2
1289670 2210.2
1289680 2216.4
1289690 2222.7
1289700 2222.7
1289710 2227.3
1289720 2231.6
1289730 2231.6
1289740 2236.1
1289750 2239.7
1289760 2239.7
1289770 2242.4
1289780 2244.7
1289790 2244.7
1289800 2249.8
1289810 2252.0
1289820 2253.5
1289830 2253.5
1289840 2256.8
1289850 2262.7
1289860 2262.7
1289870 2270.6
1289880 2275.9
1289890 2275.9
1289900 2278.9
1289910 2282.8
1289920 2282.8
1289930 2287.2
1289940 2292.6
1289950 2292.6
1289960 2298.3
1289970 2304.3
1289980 2304.3
1289990 2311.6
1290000 2318.4
1290010 2318.4
1290020 2325.5
1290030 2330.5
1290040 2334.4
1290050 2334.4
1290060 2337.4
1290070 2341.2
1290080 2341.2
1290090 2345.9
1290100 2352.3
1290110 2352.3
1290120 2359.1
1290130 2366.0
1290140 2366.0
1290150 2373.1
1290160 2380.0
1290170 2380.0
1290180 2386.1
1290190 2392.5
1290200 2392.5
1290210 2399.4
1290220 2406.4
1290230 2406.4
1290240 2413.6
1290250 2420.7
1290260 2420.7
1290270 2424.2
1290280 2426.0
1290290 2427.3
1290300 2427.3
1290310 2428.7
1290320 2429.9
1290330 2429.9
1290340 2431.6
1290350 2432.7
1290360 2432.7
1290370 2433.5
1290380 2436.8
1290390 2436.8
1290400 2441.2
1290410 2445.9
1290420 2445.9
1290430 2451.6
1290440 2456.4
1290450 2456.4
1290460 2457.5
1290470 2458.3
1290480 2458.3
1290490 2458.5
1290500 2458.8
1290510 2459.2
1290520 2459.2
1290530 2459.1
1290540 2459.5
1290550 2459.5
1290560 2461.2
1290570 2463.2
1290580 2463.2
1290590 2465.7
1290600 2468.5
1290610 2468.5
1290620 2471.4
1290630 2474.8
1290640 2474.8
1290650 2478.4
1290660 2481.7
1290670 2481.7
1290680 2485.1
1290690 2488.6
1290700 2488.6
1290710 2492.5
1290720 2496.0
1290730 2498.3
1290740 2498.3
1290750 2500.2
1290760 2500.2
1290770 2500.2
1290780 2498.4
1290790 2494.4
1290800 2494.4
1290810 2486.9
1290820 2481.2
1290830 2481.2
1290840 2477.9
1290850 2473.7
1290860 2473.7
1290870 2473.5
1290880 2467.7
1290890 2467.7
1290900 2463.0
1290910 2460.7
1290920 2460.7
1290930 2458.8
1290940 2458.0
1290950 2458.0
1290960 2458.1
1290970 2458.1
1290980 2458.0
1290990 2458.0
1291000 2459.6
1291010 2461.0
1291020 2461.0
1291030 2462.9
1291040 2467.3
1291050 2467.3
1291060 2470.7
1291070 2472.8
1291080 2472.8
1291090 2474.4
1291100 2476.8
1291110 2480.3
1291120 2481.8
1291130 2483.0
1291140 2483.0
1291150 2484.6
1291160 2486.6
1291170 2486.6
1291180 2488.8
1291190 2490.6
1291200 2492.5
1291210 2492.5
1291220 2495.4
1291230 2497.9
1291240 2497.9
1291250 2500.8
1291260 2503.3
1291270 2503.3
1291280 2505.3
1291290 2507.7
1291300 2507.7
1291310 2510.1
1291320 2512.6
1291330 2512.6
1291340 2514.8
1291350 2515.6
1291360 2515.6
1291370 2515.6
1291380 2515.1
1291390 2515.1
1291400 2514.1
1291410 2512.6
1291420 2511.5
1291430 2511.5
1291440 2512.0
1291450 2513.1
1291460 2513.1
1291470 2512.4
1291480 2509.9
1291490 2509.9
1291500 2508.1
1291510 2507.1
1291520 2507.1
1291530 2506.3
1291540 2505.7
1291550 2505.7
1291560 2505.7
1291570 2505.5
1291580 2505.5
1291590 2505.1
1291600 2505.2
1291610 2505.2
1291620 2505.6
1291630 2506.2
1291640 2506.2
1291650 2506.6
1291660 2506.6
1291670 2506.4
1291680 2506.4
1291690 2505.8
1291700 2504.0
1291710 2504.0
1291720 2502.0
1291730 2500.0
1291740 2500.0
1291750 2497.9
1291760 2495.4
1291770 2491.2
1291780 2488.7
1291790 2486.6
1291800 2486.6
1291810 2484.9
1291820 2483.6
1291830 2483.6
1291840 2482.5
1291850 2482.0
1291860 2482.0
1291870 2482.2
1291880 2482.8
1291890 2484.1
1291900 2484.1
1291910 2485.5
1291920 2485.9
1291930 2485.9
1291940 2485.2
1291950 2485.3
1291960 2485.3
1291970 2485.4
1291980 2485.3
1291990 2485.3
1292000 2485.1
1292010 2484.6
1292020 2484.6
1292030 2484.4
1292040 2483.1
1292050 2483.1
1292060 2475.7
1292070 2454.0
1292080 2454.0
1292090 2441.1
1292100 2430.4
1292110 2420.4
1292120 2420.4
1292130 2414.7
1292140 2407.4
1292150 2407.4
1292160 2406.0
1292170 2400.6
1292180 2400.6
1292190 2393.3
1292200 2389.7
1292210 2389.7
1292220 2386.5
1292230 2385.7
1292240 2385.7
1292250 2385.8
1292260 2380.9
1292270 2380.9
1292280 2379.3
1292290 2374.1
1292300 2374.1
1292310 2370.4
1292320 2369.9
1292330 2369.9
1292340 2375.8
1292350 2374.8
1292360 2374.6
1292370 2374.6
1292380 2378.1
1292390 2380.5
1292400 2380.5
1292410 2380.5
1292420 2386.3
1292430 2377.9
1292440 2386.8
1292450 2388.8
1292460 2388.8
1292470 2383.8
1292480 2377.9
1292490 2377.9
1292500 2369.6
1292510 2366.2
1292520 2366.2
1292530 2371.0
1292540 2383.1
1292550 2383.1
1292560 2383.1
1292570 2379.2
1292580 2382.1
1292590 2382.1
1292600 2388.7
1292610 2389.2
1292620 2389.2
1292630 2390.8
1292640 2399.1
1292650 2399.1
1292660 2408.3
1292670 2416.5
1292680 2416.5
1292690 2417.0
1292700 2413.5
1292710 2413.5
1292720 2406.1
1292730 2390.9
1292740 2390.9
1292750 2380.9
1292760 2372.3
1292770 2372.3
1292780 2364.0
1292790 2355.9
1292800 2348.6
1292810 2348.6
1292820 2342.5
1292830 2335.5
1292840 2335.5
1292850 2328.1
1292860 2319.3
1292870 2319.3
1292880 2310.0
1292890 2301.9
1292900 2301.9
1292910 2294.6
1292920 2287.8
1292930 2287.8
1292940 2281.9
1292950 2277.0
1292960 2277.0
1292970 2271.8
1292980 2266.2
1292990 2266.2
1293000 2260.5
1293010 2256.4
1293020 2256.4
1293030 2253.1
1293040 2251.2
1293050 2248.9
1293060 2248.9
1293070 2245.9
1293080 2243.8
1293090 2238.1
1293100 2237.2
1293110 2236.1
1293120 2236.1
1293130 2232.5
1293140 2226.4
1293150 2226.4
1293160 2220.6
1293170 2217.2
1293180 2217.2
1293190 2214.2
1293200 2214.2
1293210 2214.2
1293220 2209.1
1293230 2207.3
1293240 2207.3
1293250 2204.5
1293260 2201.8
1293270 2199.4
1293280 2199.4
1293290 2197.0
1293300 2197.7
1293310 2197.7
1293320 2199.7
1293330 2201.0
1293340 2201.0
1293350 2202.2
1293360 2203.2
1293370 2203.2
1293380 2204.0
1293390 2204.0
1293400 2204.0
1293410 2202.9
1293420 2202.1
1293430 2202.1
1293440 2203.2
1293450 2204.7
1293460 2204.7
1293470 2205.7
1293480 2205.8
1293490 2205.8
1293500 2205.8
1293510 2206.1
1293520 2205.3
1293530 2205.3
1293540 2203.8
1293550 2202.7
1293560 2202.7
1293570 2208.2
1293580 2212.1
1293590 2212.1
1293600 2211.7
1293610 2213.9
1293620 2213.9
1293630 2218.5
1293640 2224.0
1293650 2224.0
1293660 2229.2
1293670 2235.2
1293680 2235.2
1293690 2242.0
1293700 2248.1
1293710 2248.1
1293720 2251.9
1293730 2249.1
1293740 2242.3
1293750 2233.3
1293760 2230.0
1293770 2225.2
1293780 2225.2
1293790 2219.6
1293800 2218.4
1293810 2218.4
1293820 2221.5
1293830 2228.4
1293840 2228.4
1293850 2235.9
1293860 2242.7
1293870 2242.7
1293880 2249.6
1293890 2259.2
1293900 2259.2
1293910 2267.8
1293920 2276.6
1293930 2276.6
1293940 2288.8
1293950 2298.9
1293960 2307.0
1293970 2307.0
1293980 2312.0
1293990 2321.8
1294000 2321.8
1294010 2329.9
1294020 2333.5
1294030 2333.5
1294040 2337.2
1294050 2343.2
1294060 2343.2
1294070 2349.4
1294080 2356.0
1294090 2356.0
1294100 2362.3
1294110 2368.4
1294120 2368.4
1294130 2375.0
1294140 2382.6
1294150 2382.6
1294160 2389.3
1294170 2395.1
1294180 2398.4
1294190 2398.4
1294200 2402.0
1294210 2406.4
1294220 2406.4
1294230 2410.1
1294240 2414.8
1294250 2414.8
1294260 2419.9
1294270 2425.6
1294280 2425.6
1294290 2432.7
1294300 2437.2
1294310 2437.2
1294320 2439.6
1294330 2443.0
1294340 2443.0
1294350 2447.0
1294360 2451.9
1294370 2451.9
1294380 2456.6
1294390 2461.4
1294400 2461.4
1294410 2465.7
1294420 2473.8
1294430 2478.7
1294440 2478.7
1294450 2484.5
1294460 2491.7
1294470 2491.7
1294480 2498.1
1294490 2503.2
1294500 2503.2
1294510 2509.0
1294520 2514.8
1294530 2514.8
1294540 2520.1
1294550 2525.3
1294560 2525.3
1294570 2530.9
1294580 2537.4
1294590 2537.4
1294600 2543.7
1294610 2550.4
1294620 2550.4
1294630 2557.5
1294640 2562.5
1294650 2566.6
1294660 2566.6
1294670 2571.6
1294680 2577.8
1294690 2577.8
1294700 2584.1
1294710 2588.4
1294720 2588.4
1294730 2592.9
1294740 2598.1
1294750 2598.1
1294760 2603.8
1294770 2608.9
1294780 2608.9
1294790 2611.7
1294800 2614.4
1294810 2614.4
1294820 2618.0
1294830 2622.3
1294840 2622.3
1294850 2627.1
1294860 2632.1
1294870 2638.4
1294880 2638.4
1294890 2644.9
1294900 2652.2
1294910 2652.2
1294920 2660.6
1294930 2669.6
1294940 2669.6
1294950 2679.8
1294960 2687.6
1294970 2687.6
1294980 2693.5
1294990 2699.9
1295000 2699.9
1295010 2705.4
1295020 2707.0
1295030 2707.0
1295040 2704.3
1295050 2701.8
1295060 2701.8
1295070 2698.3
1295080 2693.1
1295090 2688.5
1295100 2682.3
1295110 2675.3
1295120 2667.5
1295130 2667.5
1295140 2660.0
1295150 2652.9
1295160 2652.9
1295170 2646.0
1295180 2637.2
1295190 2637.2
1295200 2626.8
1295210 2615.5
1295220 2615.5
1295230 2606.2
1295240 2600.4
1295250 2600.4
1295260 2595.4
1295270 2590.1
1295280 2590.1
1295290 2584.4
1295300 2578.3
1295310 2578.3
1295320 2572.0
1295330 2567.1
1295340 2563.8
1295350 2563.8
1295360 2559.9
1295370 2556.1
1295380 2556.1
1295390 2552.4
1295400 2548.9
1295410 2548.9
1295420 2545.5
1295430 2542.1
1295440 2542.1
1295450 2538.4
1295460 2533.5
1295470 2533.5
1295480 2528.6
1295490 2524.5
1295500 2524.5
1295510 2521.3
1295520 2518.6
1295530 2518.6
1295540 2516.1
1295550 2513.8
1295560 2512.9
1295570 2512.9
1295580 2512.3
1295590 2513.4
1295600 2513.4
1295610 2515.8
1295620 2518.7
1295630 2518.7
1295640 2521.3
1295650 2523.1
1295660 2523.1
1295670 2523.6
1295680 2522.2
1295690 2522.2
1295700 2520.1
1295710 2519.2
1295720 2519.2
1295730 2520.8
1295740 2521.6
1295750 2521.6
1295760 2513.2
1295770 2506.5
1295780 2506.5
1295790 2499.7
1295800 2494.1
1295810 2488.8
1295820 2488.8
1295830 2484.7
1295840 2481.7
1295850 2481.7
1295860 2479.7
1295870 2478.0
1295880 2478.0
1295890 2476.8
1295900 2475.3
1295910 2475.3
1295920 2474.9
1295930 2474.3
1295940 2474.3
1295950 2473.6
1295960 2472.6
1295970 2472.6
1295980 2471.3
1295990 2468.2
1296000 2468.2
1296010 2461.5
1296020 2457.2
1296030 2454.5
1296040 2454.5
1296050 2452.6
1296060 2451.2
1296070 2451.2
1296080 2449.9
1296090 2448.8
1296100 2448.8
1296110 2447.6
1296120 2447.4
1296130 2447.4
1296140 2447.8
1296150 2448.1
1296160 2448.1
1296170 2448.3
1296180 2448.6
1296190 2448.6
1296200 2449.4
1296210 2450.6
1296220 2450.6
1296230 2451.6
1296240 2453.4
1296250 2456.0
1296260 2456.0
1296270 2459.7
1296280 2463.9
1296290 2463.9
1296300 2467.8
1296310 2471.8
1296320 2471.8
1296330 2476.1
1296340 2480.1
1296350 2480.1
1296360 2483.0
1296370 2485.2
1296380 2485.2
1296390 2487.1
1296400 2489.6
1296410 2489.6
1296420 2492.0
1296430 2501.7
1296440 2501.7
1296450 2504.3
1296460 2506.4
1296470 2506.4
1296480 2508.9
1296490 2509.3
1296500 2508.7
1296510 2508.7
1296520 2505.7
1296530 2500.0
1296540 2500.0
1296550 2494.9
1296560 2491.4
1296570 2491.4
1296580 2489.4
1296590 2487.9
1296600 2487.9
1296610 2487.4
1296620 2486.2
1296630 2486.2
1296640 2484.0
1296650 2482.9
1296660 2482.9
1296670 2484.4
1296680 2488.0
1296690 2488.0
1296700 2490.5
1296710 2493.3
1296720 2494.9
1296730 2494.9
1296740 2494.1
1296750 2491.0
1296760 2491.0
1296770 2487.2
1296780 2484.6
1296790 2484.6
1296800 2481.4
1296810 2478.2
1296820 2478.2
1296830 2476.7
1296840 2475.4
1296850 2475.4
1296860 2475.1
1296870 2474.7
1296880 2474.7
1296890 2472.2
1296900 2470.0
1296910 2470.0
1296920 2469.1
1296930 2467.9
1296940 2466.3
1296950 2466.3
1296960 2464.7
1296970 2462.6
1296980 2462.6
1296990 2460.8
1297000 2459.5
1297010 2459.5
1297020 2458.6
1297030 2459.1
1297040 2459.1
1297050 2461.2
1297060 2461.7
1297070 2461.7
1297080 2460.1
1297090 2456.7
1297100 2456.7
1297110 2447.8
1297120 2445.2
1297130 2445.2
1297140 2442.1
1297150 2439.6
1297160 2439.6
1297170 2435.3
1297180 2428.7
1297190 2423.3
1297200 2423.3
1297210 2424.5
1297220 2430.0
1297230 2430.0
1297240 2435.3
1297250 2439.6
1297260 2439.6
1297270 2445.1
1297280 2452.1
1297290 2452.1
1297300 2458.9
1297310 2461.8
1297320 2461.8
1297330 2462.3
1297340 2461.3
1297350 2461.3
1297360 2459.8
1297370 2459.3
1297380 2459.3
1297390 2459.5
1297400 2460.6
1297410 2462.1
1297420 2462.1
1297430 2462.9
1297440 2463.5
1297450 2463.5
1297460 2463.5
1297470 2463.1
1297480 2463.1
1297490 2461.9
1297500 2459.9
1297510 2459.9
1297520 2457.5
1297530 2454.9
1297540 2454.9
1297550 2451.2
1297560 2444.9
1297570 2444.9
1297580 2436.8
1297590 2430.9
1297600 2430.9
1297610 2427.0
1297620 2424.3
1297630 2421.9
1297640 2421.9
1297650 2418.3
1297660 2415.2
1297670 2415.2
1297680 2413.6
1297690 2412.8
1297700 2412.8
1297710 2411.8
1297720 2410.0
1297730 2410.0
1297740 2408.0
1297750 2407.5
1297760 2407.5
1297770 2407.1
1297780 2407.0
1297790 2405.3
1297800 2404.5
1297810 2403.7
1297820 2403.7
1297830 2402.4
1297840 2400.4
1297850 2400.4
1297860 2398.2
1297870 2394.0
1297880 2387.5
1297890 2387.5
1297900 2382.5
1297910 2378.6
1297920 2378.6
1297930 2375.5
1297940 2372.4
1297950 2372.4
1297960 2363.7
1297970 2354.2
1297980 2354.2
1297990 2347.4
1298000 2342.7
1298010 2342.7
1298020 2339.3
1298030 2333.9
1298040 2333.9
1298050 2330.3
1298060 2330.2
1298070 2330.2
1298080 2332.2
1298090 2329.0
1298100 2329.0
1298110 2329.0
1298120 2330.7
1298130 2331.5
1298140 2331.5
1298150 2333.7
1298160 2337.3
1298170 2337.3
1298180 2341.2
1298190 2345.0
1298200 2345.0
1298210 2347.8
1298220 2351.9
1298230 2351.9
1298240 2356.4
1298250 2360.9
1298260 2360.9
1298270 2366.6
1298280 2372.7
1298290 2372.7
1298300 2378.1
1298310 2383.2
1298320 2385.8
1298330 2385.8
1298340 2392.7
1298350 2400.5
1298360 2400.5
1298370 2405.2
1298380 2408.5
1298390 2408.5
1298400 2411.9
1298410 2415.0
1298420 2415.0
1298430 2417.8
1298440 2420.4
1298450 2420.4
1298460 2422.4
1298470 2416.9
1298480 2416.9
1298490 2416.3
1298500 2415.5
1298510 2415.5
1298520 2414.1
1298530 2412.4
1298540 2412.4
1298550 2409.6
1298560 2406.0
1298570 2403.9
1298580 2403.9
1298590 2402.7
1298600 2400.2
1298610 2400.2
1298620 2397.9
1298630 2397.0
1298640 2397.0
1298650 2396.7
1298660 2395.8
1298670 2395.8
1298680 2394.6
1298690 2395.0
1298700 2395.0
1298710 2396.6
1298720 2398.7
1298730 2398.7
1298740 2399.5
1298750 2398.0
1298760 2398.0
1298770 2394.8
1298780 2391.3
1298790 2387.7
1298800 2387.7
1298810 2383.9
1298820 2378.3
1298830 2378.3
1298840 2371.8
1298850 2365.2
1298860 2365.2
1298870 2359.3
1298880 2353.4
1298890 2353.4
1298900 2346.9
1298910 2341.0
1298920 2341.0
1298930 2335.7
1298940 2330.7
1298950 2330.7
1298960 2325.9
1298970 2321.9
1298980 2321.9
1298990 2316.3
1299000 2308.6
1299010 2301.8
1299020 2301.8
1299030 2294.1
1299040 2286.4
1299050 2286.4
1299060 2277.1
1299070 2267.6
1299080 2267.6
1299090 2260.4
1299100 2253.6
1299110 2253.6
1299120 2246.2
1299130 2239.0
1299140 2239.0
1299150 2227.8
1299160 2220.7
1299170 2220.7
1299180 2213.7
1299190 2206.9
1299200 2206.9
1299210 2200.1
1299220 2194.4
1299230 2194.4
1299240 2189.2
1299250 2183.3
1299260 2176.7
1299270 2176.7
1299280 2169.0
1299290 2160.7
1299300 2160.7
1299310 2153.6
1299320 2148.2
1299330 2148.2
1299340 2145.0
1299350 2139.7
1299360 2139.7
1299370 2133.2
1299380 2126.1
1299390 2126.1
1299400 2121.4
1299410 2122.9
1299420 2122.9
1299430 2125.0
1299440 2119.4
1299450 2119.4
1299460 2113.2
1299470 2108.7
1299480 2104.5
1299490 2104.5
1299500 2098.6
1299510 2092.5
1299520 2092.5
1299530 2083.0
1299540 2068.8
1299550 2068.8
1299560 2055.8
1299570 2044.2
1299580 2044.2
1299590 2036.4
1299600 2031.6
1299610 2031.6
1299620 2021.0
1299630 2010.8
1299640 2010.8
1299650 2001.6
1299660 1993.0
1299670 1993.0
1299680 1985.3
1299690 1978.2
1299700 1970.9
1299710 1970.9
1299720 1963.0
1299730 1953.7
1299740 1953.7
1299750 1943.3
1299760 1932.0
1299770 1932.0
1299780 1923.3
1299790 1918.4
1299800 1918.4
1299810 1917.4
1299820 1916.4
1299830 1916.4
1299840 1906.3
1299850 1901.5
1299860 1901.5
1299870 1898.3
1299880 1894.7
1299890 1894.7
1299900 1889.5
1299910 1886.2
1299920 1886.2
1299930 1884.0
1299940 1881.3
1299950 1877.1
1299960 1877.1
1299970 1872.3
1299980 1865.8
1299990 1865.8
