1280000 1496.5
1280010 1496.5
1280020 1494.9
1280030 1492.0
1280040 1492.0
1280050 1488.7
1280060 1485.3
1280070 1485.3
1280080 1482.0
1280090 1480.6
1280100 1480.6
1280110 1478.6
1280120 1476.7
1280130 1476.7
1280140 1476.4
1280150 1474.8
1280160 1475.6
1280170 1475.6
1280180 1476.6
1280190 1477.3
1280200 1477.3
1280210 1478.3
1280220 1480.2
1280230 1480.2
1280240 1481.9
1280250 1482.9
1280260 1482.9
1280270 1483.8
1280280 1484.6
1280290 1484.6
1280300 1485.1
1280310 1485.4
1280320 1485.4
1280330 1485.3
1280340 1484.7
1280350 1484.7
1280360 1484.8
1280370 1484.6
1280380 1484.7
1280390 1484.7
1280400 1485.1
1280410 1484.3
1280420 1484.3
1280430 1482.4
1280440 1480.9
1280450 1480.9
1280460 1479.6
1280470 1479.0
1280480 1479.0
1280490 1477.2
1280500 1475.2
1280510 1475.2
1280520 1472.8
1280530 1471.2
1280540 1471.2
1280550 1471.3
1280560 1472.5
1280570 1472.5
1280580 1472.9
1280590 1471.4
1280600 1467.0
1280610 1465.4
1280620 1463.5
1280630 1463.2
1280640 1463.2
1280650 1463.8
1280660 1462.7
1280670 1462.7
1280680 1462.1
1280690 1460.9
1280700 1460.9
1280710 1460.6
1280720 1460.9
1280730 1460.9
1280740 1461.3
1280750 1460.6
1280760 1460.6
1280770 1459.1
1280780 1457.2
1280790 1457.2
1280800 1455.2
1280810 1454.5
1280820 1454.5
1280830 1454.4
1280840 1453.6
1280850 1455.1
1280860 1455.1
1280870 1453.8
1280880 1449.9
1280890 1449.9
1280900 1445.8
1280910 1442.0
1280920 1442.0
1280930 1439.8
1280940 1439.7
1280950 1439.7
1280960 1439.1
1280970 1437.5
1280980 1437.5
1280990 1435.2
1281000 1432.6
1281010 1432.6
1281020 1431.2
1281030 1431.7
1281040 1431.7
1281050 1431.4
1281060 1429.7
1281070 1432.8
1281080 1432.8
1281090 1436.2
1281100 1439.6
1281110 1439.6
1281120 1442.6
1281130 1444.0
1281140 1444.0
1281150 1443.4
1281160 1441.5
1281170 1441.5
1281180 1439.8
1281190 1439.0
1281200 1439.0
1281210 1438.6
1281220 1436.2
1281230 1436.2
1281240 1435.2
1281250 1432.2
1281260 1432.2
1281270 1428.3
1281280 1426.5
1281290 1426.5
1281300 1427.1
1281310 1428.3
1281320 1428.5
1281330 1428.5
1281340 1428.1
1281350 1427.2
1281360 1427.2
1281370 1425.4
1281380 1423.0
1281390 1423.0
1281400 1422.1
1281410 1422.9
1281420 1422.9
1281430 1424.2
1281440 1425.5
1281450 1425.5
1281460 1426.5
1281470 1427.4
1281480 1427.4
1281490 1427.7
1281500 1426.8
1281510 1426.8
1281520 1425.9
1281530 1425.9
1281540 1425.8
1281550 1425.8
1281560 1425.6
1281570 1425.7
1281580 1425.7
1281590 1426.1
1281600 1426.9
1281610 1426.9
1281620 1427.8
1281630 1428.1
1281640 1428.1
1281650 1427.6
1281660 1426.1
1281670 1426.1
1281680 1423.9
1281690 1422.0
1281700 1422.0
1281710 1419.9
1281720 1418.2
1281730 1418.2
1281740 1418.0
1281750 1418.3
1281760 1418.9
1281770 1418.9
1281780 1419.9
1281790 1420.6
1281800 1420.6
1281810 1420.8
1281820 1420.2
1281830 1420.2
1281840 1418.7
1281850 1412.9
1281860 1412.9
1281870 1411.4
1281880 1410.1
1281890 1410.1
1281900 1408.7
1281910 1407.5
1281920 1407.5
1281930 1408.3
1281940 1411.8
1281950 1411.8
1281960 1414.5
1281970 1415.8
1281980 1415.8
1281990 1415.2
1282000 1413.7
1282010 1412.4
1282020 1412.4
1282030 1411.6
1282040 1410.8
1282050 1410.8
1282060 1410.6
1282070 1410.3
1282080 1410.3
1282090 1409.6
1282100 1409.3
1282110 1409.3
1282120 1409.4
1282130 1409.6
1282140 1409.6
1282150 1409.9
1282160 1410.1
1282170 1410.1
1282180 1410.1
1282190 1410.2
1282200 1410.2
1282210 1410.4
1282220 1410.9
1282230 1411.4
1282240 1411.4
1282250 1411.1
1282260 1410.8
1282270 1410.8
1282280 1410.8
1282290 1411.0
1282300 1411.0
1282310 1411.1
1282320 1411.4
1282330 1411.4
1282340 1411.5
1282350 1410.3
1282360 1410.3
1282370 1407.9
1282380 1405.6
1282390 1405.6
1282400 1403.1
1282410 1400.3
1282420 1400.3
1282430 1397.7
1282440 1395.4
1282450 1393.5
1282460 1393.5
1282470 1388.7
1282480 1387.1
1282490 1387.1
1282500 1383.3
1282510 1375.9
1282520 1375.9
1282530 1368.9
1282540 1364.2
1282550 1364.2
1282560 1360.0
1282570 1355.8
1282580 1355.8
1282590 1352.7
1282600 1348.0
1282610 1348.0
1282620 1350.7
1282630 1359.3
1282640 1359.3
1282650 1365.8
1282660 1370.1
1282670 1370.1
1282680 1374.6
1282690 1378.7
1282700 1382.6
1282710 1382.6
1282720 1387.2
1282730 1390.9
1282740 1390.9
1282750 1392.4
1282760 1393.9
1282770 1393.9
1282780 1394.8
1282790 1395.1
1282800 1395.1
1282810 1395.3
1282820 1395.6
1282830 1395.6
1282840 1395.2
1282850 1394.3
1282860 1394.3
1282870 1393.2
1282880 1392.1
1282890 1392.1
1282900 1391.1
1282910 1389.4
1282920 1387.4
1282930 1387.4
1282940 1385.5
1282950 1383.5
1282960 1383.5
1282970 1381.1
1282980 1378.7
1282990 1378.7
1283000 1376.6
1283010 1374.9
1283020 1374.9
1283030 1373.8
1283040 1373.0
1283050 1373.0
1283060 1372.3
1283070 1371.6
1283080 1371.6
1283090 1371.6
1283100 1365.1
1283110 1365.1
1283120 1363.5
1283130 1361.9
1283140 1360.7
1283150 1360.7
1283160 1359.8
1283170 1358.6
1283180 1358.6
1283190 1357.2
1283200 1355.3
1283210 1355.3
1283220 1353.3
1283230 1351.3
1283240 1351.3
1283250 1349.1
1283260 1347.5
1283270 1347.5
1283280 1347.2
1283290 1347.9
1283300 1347.9
1283310 1349.0
1283320 1349.5
1283330 1349.5
1283340 1349.4
1283350 1349.2
1283360 1348.7
1283370 1348.7
1283380 1347.8
1283390 1346.2
1283400 1346.2
1283410 1344.0
1283420 1341.5
1283430 1341.5
1283440 1339.1
1283450 1336.7
1283460 1336.7
1283470 1333.4
1283480 1329.4
1283490 1329.4
1283500 1325.3
1283510 1322.8
1283520 1322.8
1283530 1321.1
1283540 1319.8
1283550 1319.8
1283560 1319.6
1283570 1319.1
1283580 1319.1
1283590 1318.4
1283600 1318.1
1283610 1317.6
1283620 1317.6
1283630 1317.3
1283640 1316.8
1283650 1316.8
1283660 1316.4
1283670 1315.9
1283680 1315.9
1283690 1315.3
1283700 1314.9
1283710 1314.9
1283720 1314.9
1283730 1310.8
1283740 1310.8
1283750 1310.4
1283760 1310.3
1283770 1310.3
1283780 1310.0
1283790 1309.9
1283800 1309.9
1283810 1308.6
1283820 1306.7
1283830 1305.4
1283840 1305.4
1283850 1304.3
1283860 1303.4
1283870 1303.4
1283880 1302.9
1283890 1302.9
1283900 1302.9
1283910 1302.6
1283920 1302.1
1283930 1302.1
1283940 1303.0
1283950 1303.5
1283960 1303.5
1283970 1303.6
1283980 1303.8
1283990 1303.8
1284000 1304.2
1284010 1304.6
1284020 1304.6
1284030 1304.8
1284040 1304.8
1284050 1304.8
1284060 1304.8
1284070 1305.2
1284080 1305.2
1284090 1305.2
1284100 1305.1
1284110 1305.2
1284120 1305.2
1284130 1305.2
1284140 1304.5
1284150 1304.5
1284160 1303.2
1284170 1301.5
1284180 1301.5
1284190 1300.0
1284200 1299.6
1284210 1299.6
1284220 1299.6
1284230 1299.7
1284240 1299.7
1284250 1299.8
1284260 1299.9
1284270 1299.9
1284280 1299.9
1284290 1300.0
1284300 1300.7
1284310 1300.7
1284320 1301.2
1284330 1300.0
1284340 1300.0
1284350 1298.8
1284360 1302.9
1284370 1304.1
1284380 1308.7
1284390 1313.4
1284400 1313.4
1284410 1318.1
1284420 1322.7
1284430 1322.7
1284440 1326.1
1284450 1329.3
1284460 1329.3
1284470 1332.4
1284480 1335.7
1284490 1335.7
1284500 1338.4
1284510 1340.8
1284520 1344.2
1284530 1344.2
1284540 1349.4
1284550 1353.9
1284560 1353.9
1284570 1355.6
1284580 1359.6
1284590 1359.6
1284600 1365.5
1284610 1372.0
1284620 1372.0
1284630 1377.8
1284640 1383.9
1284650 1383.9
1284660 1389.0
1284670 1395.3
1284680 1395.3
1284690 1398.6
1284700 1400.8
1284710 1400.8
1284720 1403.2
1284730 1405.4
1284740 1405.7
1284750 1405.7
1284760 1405.0
1284770 1406.5
1284780 1406.5
1284790 1409.3
1284800 1412.8
1284810 1412.8
1284820 1416.1
1284830 1419.6
1284840 1419.6
1284850 1423.4
1284860 1426.9
1284870 1426.9
1284880 1429.2
1284890 1429.7
1284900 1429.7
1284910 1428.5
1284920 1426.9
1284930 1426.9
1284940 1426.5
1284950 1427.8
1284960 1427.8
1284970 1430.0
1284980 1433.4
1284990 1436.8
1285000 1441.6
1285010 1444.8
1285020 1448.9
1285030 1448.9
1285040 1455.0
1285050 1461.9
1285060 1461.9
1285070 1467.3
1285080 1472.0
1285090 1472.0
1285100 1476.9
1285110 1481.8
1285120 1481.8
1285130 1485.5
1285140 1487.0
1285150 1487.0
1285160 1489.0
1285170 1492.0
1285180 1492.0
1285190 1494.9
1285200 1496.8
1285210 1498.1
1285220 1498.1
1285230 1499.3
1285240 1499.3
1285250 1499.3
1285260 1499.1
1285270 1499.1
1285280 1499.1
1285290 1499.4
1285300 1500.5
1285310 1500.5
1285320 1501.3
1285330 1502.1
1285340 1502.1
1285350 1505.4
1285360 1506.5
1285370 1506.5
1285380 1502.9
1285390 1499.5
1285400 1499.5
1285410 1497.7
1285420 1497.1
1285430 1496.9
1285440 1496.9
1285450 1497.6
1285460 1499.2
1285470 1499.2
1285480 1501.1
1285490 1498.6
1285500 1498.6
1285510 1496.6
1285520 1497.1
1285530 1497.1
1285540 1498.4
1285550 1499.6
1285560 1499.6
1285570 1495.9
1285580 1494.0
1285590 1494.0
1285600 1494.9
1285610 1495.1
1285620 1495.1
1285630 1495.6
1285640 1503.4
1285650 1503.4
1285660 1506.1
1285670 1509.3
1285680 1511.7
1285690 1511.7
1285700 1513.1
1285710 1513.3
1285720 1513.3
1285730 1513.7
1285740 1515.1
1285750 1515.1
1285760 1517.7
1285770 1519.3
1285780 1519.3
1285790 1520.2
1285800 1521.1
1285810 1521.1
1285820 1522.7
1285830 1523.0
1285840 1523.0
1285850 1522.8
1285860 1524.5
1285870 1524.5
1285880 1527.5
1285890 1533.0
1285900 1536.7
1285910 1536.7
1285920 1540.1
1285930 1543.1
1285940 1543.1
1285950 1546.2
1285960 1548.3
1285970 1548.3
1285980 1548.4
1285990 1546.9
1286000 1546.9
1286010 1543.1
1286020 1538.9
1286030 1538.9
1286040 1536.6
1286050 1536.1
1286060 1536.1
1286070 1537.6
1286080 1538.5
1286090 1538.5
1286100 1540.1
1286110 1540.4
1286120 1541.2
1286130 1541.2
1286140 1542.9
1286150 1538.3
1286160 1538.3
1286170 1533.3
1286180 1533.9
1286190 1533.9
1286200 1537.7
1286210 1538.2
1286220 1538.2
1286230 1536.8
1286240 1536.7
1286250 1536.7
1286260 1537.6
1286270 1538.5
1286280 1541.3
1286290 1541.1
1286300 1541.7
1286310 1541.7
1286320 1541.1
1286330 1539.7
1286340 1539.7
1286350 1538.6
1286360 1536.9
1286370 1535.0
1286380 1535.0
1286390 1536.1
1286400 1537.0
1286410 1537.0
1286420 1538.3
1286430 1538.2
1286440 1538.2
1286450 1536.9
1286460 1535.3
1286470 1535.3
1286480 1533.6
1286490 1533.4
1286500 1533.4
1286510 1533.2
1286520 1532.6
1286530 1532.6
1286540 1533.7
1286550 1533.4
1286560 1533.4
1286570 1533.5
1286580 1533.9
1286590 1533.9
1286600 1533.9
1286610 1534.5
1286620 1534.8
1286630 1534.8
1286640 1537.0
1286650 1539.6
1286660 1539.6
1286670 1541.0
1286680 1541.8
1286690 1541.8
1286700 1542.9
1286710 1544.2
1286720 1544.2
1286730 1545.9
1286740 1548.4
1286750 1548.4
1286760 1549.8
1286770 1550.6
1286780 1550.6
1286790 1552.6
1286800 1555.6
1286810 1559.2
1286820 1559.2
1286830 1563.1
1286840 1566.2
1286850 1566.2
1286860 1568.5
1286870 1569.8
1286880 1569.8
1286890 1570.4
1286900 1571.0
1286910 1571.0
1286920 1567.9
1286930 1567.7
1286940 1567.7
1286950 1567.4
1286960 1568.2
1286970 1568.2
1286980 1569.5
1286990 1570.8
1287000 1570.8
1287010 1572.0
1287020 1573.2
1287030 1573.2
1287040 1574.2
1287050 1575.5
1287060 1576.9
1287070 1576.9
1287080 1578.7
1287090 1580.4
1287100 1580.4
1287110 1581.8
1287120 1583.2
1287130 1583.2
1287140 1584.8
1287150 1586.4
1287160 1586.4
1287170 1587.9
1287180 1589.5
1287190 1589.5
1287200 1591.3
1287210 1593.0
1287220 1593.0
1287230 1594.5
1287240 1596.1
1287250 1596.1
1287260 1597.5
1287270 1598.8
1287280 1600.3
1287290 1600.3
1287300 1601.8
1287310 1603.4
1287320 1603.4
1287330 1605.2
1287340 1607.0
1287350 1607.0
1287360 1608.7
1287370 1610.2
1287380 1610.2
1287390 1611.7
1287400 1613.2
1287410 1613.2
1287420 1614.6
1287430 1616.2
1287440 1616.2
1287450 1618.0
1287460 1619.8
1287470 1619.8
1287480 1621.7
1287490 1623.4
1287500 1624.9
1287510 1624.9
1287520 1626.4
1287530 1628.0
1287540 1628.0
1287550 1629.7
1287560 1630.6
1287570 1630.6
1287580 1632.5
1287590 1634.3
1287600 1634.3
1287610 1635.7
1287620 1637.0
1287630 1637.0
1287640 1638.8
1287650 1640.8
1287660 1640.8
1287670 1642.5
1287680 1644.8
1287690 1644.8
1287700 1646.7
1287710 1648.4
1287720 1648.4
1287730 1650.8
1287740 1653.3
1287750 1657.2
1287760 1657.2
1287770 1659.0
1287780 1659.3
1287790 1659.3
1287800 1660.0
1287810 1663.3
1287820 1663.3
1287830 1665.6
1287840 1667.7
1287850 1667.7
1287860 1670.0
1287870 1672.3
1287880 1672.3
1287890 1674.9
1287900 1676.9
1287910 1676.9
1287920 1679.4
1287930 1682.3
1287940 1682.3
1287950 1684.5
1287960 1686.3
1287970 1688.4
1287980 1688.4
1287990 1690.5
1288000 1692.7
1288010 1692.7
1288020 1695.0
1288030 1697.8
1288040 1697.8
1288050 1700.5
1288060 1702.7
1288070 1702.7
1288080 1703.7
1288090 1703.1
1288100 1703.1
1288110 1702.2
1288120 1704.8
1288130 1704.8
1288140 1711.9
1288150 1718.9
1288160 1718.9
1288170 1725.4
1288180 1732.7
1288190 1740.1
1288200 1740.1
1288210 1751.3
1288220 1758.8
1288230 1758.8
1288240 1765.4
1288250 1772.2
1288260 1772.2
1288270 1779.2
1288280 1786.6
1288290 1786.6
1288300 1793.8
1288310 1801.1
1288320 1801.1
1288330 1808.5
1288340 1816.1
1288350 1816.1
1288360 1823.9
1288370 1831.0
1288380 1831.0
1288390 1838.1
1288400 1844.6
1288410 1844.6
1288420 1852.2
1288430 1861.0
1288440 1868.3
1288450 1868.3
1288460 1874.6
1288470 1882.1
1288480 1882.1
1288490 1890.4
1288500 1898.3
1288510 1898.3
1288520 1905.4
1288530 1911.8
1288540 1911.8
1288550 1917.5
1288560 1922.8
1288570 1922.8
1288580 1928.2
1288590 1934.8
1288600 1934.8
1288610 1941.7
1288620 1949.3
1288630 1949.3
1288640 1956.0
1288650 1960.1
1288660 1964.9
1288670 1964.9
1288680 1970.1
1288690 1974.6
1288700 1974.6
1288710 1979.6
1288720 1983.3
1288730 1983.3
1288740 1987.2
1288750 1991.2
1288760 1991.2
1288770 1994.9
1288780 1998.2
1288790 1998.2
1288800 1999.7
1288810 2001.6
1288820 2001.6
1288830 2006.3
1288840 2011.0
1288850 2011.0
1288860 2016.8
1288870 2019.2
1288880 2022.8
1288890 2022.8
1288900 2027.7
1288910 2032.1
1288920 2032.1
1288930 2034.5
1288940 2038.0
1288950 2038.0
1288960 2042.2
1288970 2044.0
1288980 2044.0
1288990 2046.0
1289000 2050.4
1289010 2050.4
1289020 2055.6
1289030 2058.5
1289040 2058.5
1289050 2059.5
1289060 2061.9
1289070 2061.9
1289080 2064.3
1289090 2066.0
1289100 2066.0
1289110 2067.9
1289120 2069.7
1289130 2071.6
1289140 2071.6
1289150 2073.9
1289160 2076.7
1289170 2076.7
1289180 2080.2
1289190 2083.6
1289200 2083.6
1289210 2087.1
1289220 2090.5
1289230 2090.5
1289240 2093.6
1289250 2096.8
1289260 2096.8
1289270 2099.7
1289280 2101.8
1289290 2101.8
1289300 2104.1
1289310 2106.1
1289320 2106.1
1289330 2107.8
1289340 2109.9
1289350 2113.1
1289360 2113.1
1289370 2116.3
1289380 2119.1
1289390 2119.1
1289400 2122.0
1289410 2125.1
1289420 2125.1
1289430 2128.2
1289440 2131.5
1289450 2131.5
1289460 2135.2
1289470 2139.4
1289480 2139.4
1289490 2143.7
1289500 2148.0
1289510 2144.1
1289520 2148.2
1289530 2152.4
1289540 2152.4
1289550 2156.9
1289560 2161.9
1289570 2166.9
1289580 2166.9
1289590 2171.4
1289600 2175.4
1289610 2175.4
1289620 2179.1
1289630 2182.4
1289640 2182.4
1289650 2185.2
1289660 2187.5
1289670 2187.5
1289680 2189.4
1289690 2191.3
1289700 2191.3
1289710 2193.3
1289720 2194.8
1289730 2194.8
1289740 2196.5
1289750 2198.2
1289760 2198.2
1289770 2199.7
1289780 2200.8
1289790 2201.3
1289800 2201.3
1289810 2202.5
1289820 2203.8
1289830 2203.8
1289840 2205.5
1289850 2207.3
1289860 2207.3
1289870 2208.8
1289880 2209.9
1289890 2209.9
1289900 2210.7
1289910 2210.9
1289920 2210.9
1289930 2210.5
1289940 2209.4
1289950 2209.4
1289960 2208.3
1289970 2206.6
1289980 2206.6
1289990 2204.1
1290000 2201.0
1290010 2201.0
1290020 2197.9
1290030 2195.3
1290040 2192.6
1290050 2192.6
1290060 2188.9
1290070 2184.7
1290080 2184.7
1290090 2178.3
1290100 2174.8
1290110 2174.8
1290120 2179.2
1290130 2182.0
1290140 2182.0
1290150 2184.4
1290160 2181.0
1290170 2181.0
1290180 2183.2
1290190 2184.8
1290200 2184.8
1290210 2185.8
1290220 2187.3
1290230 2187.3
1290240 2189.3
1290250 2190.8
1290260 2191.9
1290270 2191.9
1290280 2192.5
1290290 2192.8
1290300 2192.8
1290310 2195.4
1290320 2198.2
1290330 2198.2
1290340 2200.8
1290350 2202.8
1290360 2202.8
1290370 2203.4
1290380 2203.0
1290390 2203.0
1290400 2198.7
1290410 2192.2
1290420 2192.2
1290430 2192.7
1290440 2206.1
1290450 2206.1
1290460 2221.3
1290470 2228.0
1290480 2232.4
1290490 2232.4
1290500 2235.9
1290510 2240.6
1290520 2240.6
1290530 2246.8
1290540 2254.5
1290550 2254.5
1290560 2262.8
1290570 2270.1
1290580 2270.1
1290590 2276.0
1290600 2281.8
1290610 2281.8
1290620 2287.4
1290630 2293.3
1290640 2293.3
1290650 2299.8
1290660 2306.3
1290670 2306.3
1290680 2311.8
1290690 2317.2
1290700 2317.2
1290710 2323.0
1290720 2329.4
1290730 2335.1
1290740 2335.1
1290750 2341.1
1290760 2347.3
1290770 2347.3
1290780 2352.5
1290790 2357.9
1290800 2357.9
1290810 2362.5
1290820 2368.2
1290830 2368.2
1290840 2374.1
1290850 2380.8
1290860 2380.8
1290870 2387.5
1290880 2393.6
1290890 2393.6
1290900 2399.4
1290910 2404.7
1290920 2404.7
1290930 2410.0
1290940 2415.7
1290950 2421.3
1290960 2421.3
1290970 2426.0
1290980 2429.8
1290990 2429.8
1291000 2433.8
1291010 2436.4
1291020 2436.4
1291030 2434.4
1291040 2428.9
1291050 2428.9
1291060 2422.6
1291070 2417.4
1291080 2417.4
1291090 2413.4
1291100 2409.6
1291110 2409.6
1291120 2406.0
1291130 2403.0
1291140 2403.0
1291150 2400.5
1291160 2398.3
1291170 2396.1
1291180 2396.1
1291190 2393.5
1291200 2389.7
1291210 2389.7
1291220 2384.0
1291230 2377.9
1291240 2377.9
1291250 2372.5
1291260 2367.0
1291270 2367.0
1291280 2361.9
1291290 2356.9
1291300 2356.9
1291310 2350.7
1291320 2345.4
1291330 2345.4
1291340 2340.4
1291350 2334.8
1291360 2334.8
1291370 2329.4
1291380 2323.1
1291390 2323.1
1291400 2316.6
1291410 2310.7
1291420 2304.6
1291430 2304.6
1291440 2299.0
1291450 2293.3
1291460 2293.3
1291470 2285.6
1291480 2279.5
1291490 2279.5
1291500 2273.5
1291510 2268.0
1291520 2268.0
1291530 2261.7
1291540 2259.0
1291550 2259.0
1291560 2256.8
1291570 2254.8
1291580 2254.8
1291590 2253.2
1291600 2248.0
1291610 2248.0
1291620 2248.3
1291630 2251.7
1291640 2255.4
1291650 2255.4
1291660 2257.1
1291670 2257.8
1291680 2257.8
1291690 2258.0
1291700 2258.2
1291710 2258.2
1291720 2259.3
1291730 2260.0
1291740 2260.0
1291750 2259.7
1291760 2259.8
1291770 2259.8
1291780 2259.6
1291790 2257.1
1291800 2257.1
1291810 2254.4
1291820 2253.1
1291830 2253.1
1291840 2250.7
1291850 2247.5
1291860 2243.1
1291870 2243.1
1291880 2239.6
1291890 2234.2
1291900 2234.2
1291910 2230.1
1291920 2236.7
1291930 2236.7
1291940 2239.8
1291950 2243.0
1291960 2243.0
1291970 2246.9
1291980 2249.0
1291990 2249.0
1292000 2252.3
1292010 2257.2
1292020 2257.2
1292030 2262.5
1292040 2267.3
1292050 2267.3
1292060 2271.7
1292070 2270.0
1292080 2270.0
1292090 2262.2
1292100 2255.9
1292110 2251.1
1292120 2251.1
1292130 2246.1
1292140 2244.7
1292150 2244.7
1292160 2242.1
1292170 2237.6
1292180 2237.6
1292190 2233.6
1292200 2229.2
1292210 2229.2
1292220 2230.6
1292230 2231.4
1292240 2231.4
1292250 2222.9
1292260 2212.0
1292270 2212.0
1292280 2202.7
1292290 2198.1
1292300 2198.1
1292310 2199.1
1292320 2191.2
1292330 2177.3
1292340 2177.3
1292350 2167.2
1292360 2158.9
1292370 2158.9
1292380 2147.9
1292390 2134.9
1292400 2134.9
1292410 2125.6
1292420 2119.6
1292430 2119.6
1292440 2114.5
1292450 2109.2
1292460 2109.2
1292470 2100.7
1292480 2091.9
1292490 2091.9
1292500 2082.3
1292510 2078.0
1292520 2078.0
1292530 2085.6
1292540 2093.8
1292550 2101.4
1292560 2101.4
1292570 2110.0
1292580 2119.9
1292590 2119.9
1292600 2127.2
1292610 2136.6
1292620 2136.6
1292630 2147.0
1292640 2155.3
1292650 2155.3
1292660 2164.2
1292670 2173.7
1292680 2173.7
1292690 2181.7
1292700 2186.4
1292710 2186.4
1292720 2189.6
1292730 2192.8
1292740 2192.8
1292750 2201.1
1292760 2210.3
1292770 2210.3
1292780 2207.7
1292790 2200.1
1292800 2204.4
1292810 2204.4
1292820 2203.7
1292830 2211.2
1292840 2211.2
1292850 2217.4
1292860 2214.7
1292870 2214.7
1292880 2206.9
1292890 2198.9
1292900 2198.9
1292910 2191.7
1292920 2184.7
1292930 2184.7
1292940 2178.0
1292950 2171.2
1292960 2171.2
1292970 2164.1
1292980 2157.2
1292990 2157.2
1293000 2149.8
1293010 2142.1
1293020 2134.0
1293030 2134.0
1293040 2126.9
1293050 2120.2
1293060 2120.2
1293070 2113.9
1293080 2107.1
1293090 2107.1
1293100 2099.4
1293110 2092.4
1293120 2092.4
1293130 2084.9
1293140 2075.2
1293150 2075.2
1293160 2064.8
1293170 2058.0
1293180 2058.0
1293190 2049.2
1293200 2038.4
1293210 2038.4
1293220 2030.6
1293230 2025.7
1293240 2024.3
1293250 2024.3
1293260 2024.3
1293270 2022.3
1293280 2022.3
1293290 2007.6
1293300 1992.4
1293310 1992.4
1293320 1990.9
1293330 1995.3
1293340 1995.3
1293350 2002.0
1293360 2011.6
1293370 2011.6
1293380 2022.9
1293390 2032.0
1293400 2032.0
1293410 2033.9
1293420 2035.9
1293430 2035.9
1293440 2037.4
1293450 2030.9
1293460 2035.3
1293470 2035.3
1293480 2040.4
1293490 2044.5
1293500 2044.5
1293510 2047.2
1293520 2051.9
1293530 2051.9
1293540 2055.5
1293550 2057.6
1293560 2057.6
1293570 2062.7
1293580 2068.6
1293590 2068.6
1293600 2072.6
1293610 2075.2
1293620 2075.2
1293630 2075.5
1293640 2075.3
1293650 2075.3
1293660 2077.1
1293670 2077.3
1293680 2077.3
1293690 2079.0
1293700 2082.5
1293710 2086.4
1293720 2086.4
1293730 2089.4
1293740 2092.8
1293750 2092.8
1293760 2098.2
1293770 2100.0
1293780 2100.0
1293790 2100.6
1293800 2104.0
1293810 2104.0
1293820 2105.5
1293830 2106.3
1293840 2106.3
1293850 2106.8
1293860 2109.2
1293870 2109.2
1293880 2110.1
1293890 2112.9
1293900 2112.9
1293910 2114.8
1293920 2115.3
1293930 2115.9
1293940 2115.9
1293950 2115.3
1293960 2115.7
1293970 2115.7
1293980 2115.2
1293990 2117.2
1294000 2117.2
1294010 2120.0
1294020 2123.3
1294030 2123.3
1294040 2128.6
1294050 2134.2
1294060 2134.2
1294070 2138.2
1294080 2140.9
1294090 2140.9
1294100 2144.9
1294110 2144.7
1294120 2144.7
1294130 2148.7
1294140 2155.1
1294150 2161.4
1294160 2161.4
1294170 2165.2
1294180 2168.7
1294190 2168.7
1294200 2175.1
1294210 2181.4
1294220 2181.4
1294230 2187.1
1294240 2191.4
1294250 2191.4
1294260 2195.0
1294270 2199.4
1294280 2199.4
1294290 2203.6
1294300 2208.0
1294310 2208.0
1294320 2212.4
1294330 2217.0
1294340 2217.0
1294350 2221.1
1294360 2225.9
1294370 2225.9
1294380 2231.3
1294390 2234.7
1294400 2238.5
1294410 2238.5
1294420 2243.9
1294430 2249.7
1294440 2249.7
1294450 2256.4
1294460 2262.6
1294470 2262.6
1294480 2267.2
1294490 2271.3
1294500 2271.3
1294510 2275.6
1294520 2280.3
1294530 2280.3
1294540 2284.9
1294550 2290.2
1294560 2290.2
1294570 2295.6
1294580 2302.1
1294590 2302.1
1294600 2309.1
1294610 2316.3
1294620 2323.2
1294630 2323.2
1294640 2330.2
1294650 2336.8
1294660 2336.8
1294670 2343.2
1294680 2349.5
1294690 2349.5
1294700 2355.9
1294710 2362.3
1294720 2362.3
1294730 2367.0
1294740 2370.7
1294750 2370.7
1294760 2375.5
1294770 2382.0
1294780 2387.0
1294790 2396.3
1294800 2406.0
1294810 2406.0
1294820 2415.5
1294830 2423.4
1294840 2427.4
1294850 2427.4
1294860 2434.7
1294870 2440.7
1294880 2440.7
1294890 2446.0
1294900 2451.0
1294910 2451.0
1294920 2456.7
1294930 2463.0
1294940 2463.0
1294950 2469.3
1294960 2474.8
1294970 2474.8
1294980 2481.2
1294990 2488.9
1295000 2488.9
1295010 2496.3
1295020 2503.7
1295030 2503.7
1295040 2511.2
1295050 2518.6
1295060 2518.6
1295070 2525.5
1295080 2530.8
1295090 2536.3
1295100 2536.3
1295110 2542.2
1295120 2549.3
1295130 2549.3
1295140 2556.9
1295150 2564.6
1295160 2564.6
1295170 2571.9
1295180 2579.3
1295190 2579.3
1295200 2586.8
1295210 2590.5
1295220 2590.5
1295230 2587.3
1295240 2584.2
1295250 2584.2
1295260 2582.0
1295270 2579.7
1295280 2579.7
1295290 2577.5
1295300 2575.3
1295310 2573.3
1295320 2573.3
1295330 2571.0
1295340 2569.7
1295350 2569.7
1295360 2569.8
1295370 2571.3
1295380 2571.3
1295390 2572.9
1295400 2571.6
1295410 2571.6
1295420 2568.6
1295430 2564.4
1295440 2564.4
1295450 2561.6
1295460 2556.8
1295470 2556.8
1295480 2552.1
1295490 2548.3
1295500 2548.3
1295510 2544.1
1295520 2538.9
1295530 2534.7
1295540 2534.7
1295550 2530.8
1295560 2526.7
1295570 2526.7
1295580 2523.6
1295590 2520.1
1295600 2520.1
1295610 2516.5
1295620 2512.4
1295630 2512.4
1295640 2510.4
1295650 2511.3
1295660 2511.3
1295670 2511.4
1295680 2509.5
1295690 2509.5
1295700 2506.7
1295710 2504.2
1295720 2504.2
1295730 2502.6
1295740 2501.1
1295750 2498.8
1295760 2498.8
1295770 2496.0
1295780 2493.8
1295790 2493.8
1295800 2492.6
1295810 2491.1
1295820 2491.1
1295830 2489.8
1295840 2488.8
1295850 2488.8
1295860 2487.1
1295870 2485.8
1295880 2485.8
1295890 2485.1
1295900 2484.4
1295910 2484.4
1295920 2484.0
1295930 2483.8
1295940 2483.8
1295950 2483.5
1295960 2483.3
1295970 2483.3
1295980 2483.2
1295990 2483.1
1296000 2482.1
1296010 2482.1
1296020 2480.5
1296030 2478.8
1296040 2478.8
1296050 2477.2
1296060 2475.7
1296070 2475.7
1296080 2475.1
1296090 2474.9
1296100 2474.9
1296110 2475.1
1296120 2476.8
1296130 2476.8
1296140 2476.9
1296150 2476.7
1296160 2476.7
1296170 2476.3
1296180 2476.2
1296190 2476.2
1296200 2476.7
1296210 2477.3
1296220 2477.9
1296230 2477.9
1296240 2477.0
1296250 2475.1
1296260 2475.1
1296270 2472.4
1296280 2470.0
1296290 2470.0
1296300 2467.6
1296310 2465.5
1296320 2465.5
1296330 2462.3
1296340 2460.0
1296350 2460.0
1296360 2459.2
1296370 2459.2
1296380 2459.2
1296390 2456.9
1296400 2454.2
1296410 2454.2
1296420 2452.6
1296430 2451.5
1296440 2450.6
1296450 2450.6
1296460 2448.3
1296470 2446.8
1296480 2446.8
1296490 2446.4
1296500 2447.5
1296510 2447.5
1296520 2448.0
1296530 2448.1
1296540 2448.1
1296550 2447.2
1296560 2445.7
1296570 2445.7
1296580 2443.9
1296590 2440.4
1296600 2440.4
1296610 2437.6
1296620 2434.9
1296630 2434.9
1296640 2431.4
1296650 2426.3
1296660 2426.3
1296670 2421.9
1296680 2419.2
1296690 2417.5
1296700 2417.5
1296710 2415.3
1296720 2412.8
1296730 2412.8
1296740 2410.1
1296750 2406.0
1296760 2406.0
1296770 2403.3
1296780 2401.3
1296790 2401.3
1296800 2393.4
1296810 2391.2
1296820 2391.2
1296830 2388.0
1296840 2384.0
1296850 2384.0
1296860 2379.4
1296870 2375.5
1296880 2375.5
1296890 2372.3
1296900 2369.9
1296910 2367.1
1296920 2367.1
1296930 2364.0
1296940 2361.1
1296950 2361.1
1296960 2359.4
1296970 2356.8
1296980 2356.8
1296990 2354.7
1297000 2352.9
1297010 2352.9
1297020 2350.1
1297030 2348.5
1297040 2348.5
1297050 2348.1
1297060 2347.8
1297070 2347.8
1297080 2345.4
1297090 2341.6
1297100 2341.6
1297110 2338.0
1297120 2335.3
1297130 2333.3
1297140 2333.3
1297150 2331.0
1297160 2329.2
1297170 2329.2
1297180 2328.2
1297190 2327.2
1297200 2327.2
1297210 2325.8
1297220 2325.4
1297230 2325.4
1297240 2325.3
1297250 2323.4
1297260 2323.4
1297270 2320.6
1297280 2313.7
1297290 2313.7
1297300 2307.4
1297310 2303.7
1297320 2303.7
1297330 2309.2
1297340 2316.9
1297350 2316.9
1297360 2324.2
1297370 2329.8
1297380 2332.6
1297390 2332.6
1297400 2332.8
1297410 2331.2
1297420 2331.2
1297430 2325.0
1297440 2317.5
1297450 2317.5
1297460 2317.1
1297470 2311.8
1297480 2303.1
1297490 2298.5
1297500 2301.7
1297510 2301.7
1297520 2304.0
1297530 2305.6
1297540 2305.6
1297550 2308.0
1297560 2310.3
1297570 2310.3
1297580 2311.6
1297590 2311.9
1297600 2311.5
1297610 2311.5
1297620 2311.3
1297630 2311.3
1297640 2311.3
1297650 2310.5
1297660 2309.6
1297670 2309.6
1297680 2309.0
1297690 2307.9
1297700 2307.9
1297710 2305.9
1297720 2302.8
1297730 2302.8
1297740 2300.2
1297750 2298.5
1297760 2298.5
1297770 2295.6
1297780 2292.5
1297790 2292.5
1297800 2290.5
1297810 2287.7
1297820 2284.2
1297830 2284.2
1297840 2279.8
1297850 2273.5
1297860 2273.5
1297870 2264.5
1297880 2251.8
1297890 2251.8
1297900 2242.7
1297910 2234.6
1297920 2234.6
1297930 2226.1
1297940 2220.1
1297950 2220.1
1297960 2223.4
1297970 2230.9
1297980 2230.9
1297990 2230.1
1298000 2225.6
1298010 2225.6
1298020 2219.6
1298030 2213.2
1298040 2213.2
1298050 2206.7
1298060 2200.0
1298070 2192.2
1298080 2192.2
1298090 2182.4
1298100 2173.4
1298110 2173.4
1298120 2165.9
1298130 2158.6
1298140 2158.6
1298150 2150.1
1298160 2138.2
1298170 2138.2
1298180 2131.7
1298190 2129.0
1298200 2129.0
1298210 2130.6
1298220 2133.0
1298230 2133.0
1298240 2132.1
1298250 2127.3
1298260 2127.3
1298270 2119.4
1298280 2110.5
1298290 2104.3
1298300 2104.3
1298310 2110.8
1298320 2111.2
1298330 2111.2
1298340 2107.6
1298350 2109.7
1298360 2109.7
1298370 2108.3
1298380 2108.5
1298390 2108.5
1298400 2108.3
1298410 2107.9
1298420 2107.9
1298430 2107.3
1298440 2107.4
1298450 2107.4
1298460 2109.2
1298470 2112.8
1298480 2112.8
1298490 2114.3
1298500 2114.9
1298510 2115.7
1298520 2115.7
1298530 2115.6
1298540 2117.5
1298550 2117.5
1298560 2116.6
1298570 2116.9
1298580 2116.9
1298590 2116.3
1298600 2114.5
1298610 2114.5
1298620 2111.8
1298630 2107.8
1298640 2107.8
1298650 2101.6
1298660 2095.6
1298670 2095.6
1298680 2091.8
1298690 2092.3
1298700 2092.3
1298710 2093.2
1298720 2094.1
1298730 2093.2
1298740 2093.2
1298750 2090.4
1298760 2087.9
1298770 2087.9
1298780 2086.2
1298790 2084.7
1298800 2084.7
1298810 2083.2
1298820 2081.4
1298830 2081.4
1298840 2071.8
1298850 2070.6
1298860 2070.6
1298870 2070.5
1298880 2072.0
1298890 2072.0
1298900 2071.8
1298910 2071.1
1298920 2071.1
1298930 2070.5
1298940 2068.8
1298950 2068.8
1298960 2067.1
1298970 2065.4
1298980 2064.0
1298990 2064.0
1299000 2059.3
1299010 2054.4
1299020 2054.4
1299030 2050.4
1299040 2048.5
1299050 2048.5
1299060 2044.8
1299070 2038.4
1299080 2038.4
1299090 2032.4
1299100 2028.1
1299110 2028.1
1299120 2024.0
1299130 2018.7
1299140 2018.7
1299150 2012.5
1299160 2006.6
1299170 2006.6
1299180 2000.9
1299190 1995.1
1299200 1989.0
1299210 1989.0
1299220 1982.7
1299230 1978.1
1299240 1978.1
1299250 1973.9
1299260 1969.7
1299270 1969.7
1299280 1961.3
1299290 1951.5
1299300 1951.5
1299310 1944.6
1299320 1937.1
1299330 1937.1
1299340 1930.3
1299350 1927.3
1299360 1927.3
1299370 1928.1
1299380 1931.2
1299390 1931.2
1299400 1932.6
1299410 1936.1
1299420 1942.4
1299430 1942.4
1299440 1946.2
1299450 1949.1
1299460 1949.1
1299470 1955.9
1299480 1960.9
1299490 1960.9
1299500 1963.0
1299510 1959.6
1299520 1959.6
1299530 1964.3
1299540 1960.3
1299550 1960.3
1299560 1954.7
1299570 1948.3
1299580 1948.3
1299590 1941.9
1299600 1934.9
1299610 1934.9
1299620 1930.6
1299630 1928.3
1299640 1928.3
1299650 1924.0
1299660 1920.5
1299670 1921.0
1299680 1921.0
1299690 1919.2
1299700 1917.8
1299710 1917.8
1299720 1913.6
1299730 1907.7
1299740 1907.7
1299750 1903.2
1299760 1901.5
1299770 1901.5
1299780 1903.5
1299790 1909.6
1299800 1909.6
1299810 1912.0
1299820 1912.2
1299830 1912.2
1299840 1913.4
1299850 1913.1
1299860 1913.1
1299870 1911.3
1299880 1910.4
1299890 1906.3
1299900 1906.3
1299910 1893.0
1299920 1893.2
1299930 1893.2
1299940 1896.3
1299950 1900.1
1299960 1900.1
1299970 1905.6
1299980 1909.3
1299990 1909.3
