1280000 1507.8
1280010 1507.8
1280020 1505.5
1280030 1502.1
1280040 1502.1
1280050 1498.1
1280060 1495.1
1280070 1495.1
1280080 1492.5
1280090 1490.2
1280100 1490.2
1280110 1488.4
1280120 1486.2
1280130 1485.7
1280140 1485.7
1280150 1484.6
1280160 1483.5
1280170 1483.5
1280180 1483.5
1280190 1485.1
1280200 1485.1
1280210 1486.3
1280220 1486.1
1280230 1486.1
1280240 1486.6
1280250 1487.1
1280260 1487.1
1280270 1487.3
1280280 1487.3
1280290 1487.3
1280300 1487.3
1280310 1487.8
1280320 1487.8
1280330 1488.0
1280340 1488.7
1280350 1489.2
1280360 1489.2
1280370 1489.3
1280380 1489.3
1280390 1489.3
1280400 1489.4
1280410 1489.6
1280420 1489.6
1280430 1489.1
1280440 1488.3
1280450 1488.3
1280460 1486.5
1280470 1485.3
1280480 1485.3
1280490 1484.1
1280500 1482.4
1280510 1482.4
1280520 1480.4
1280530 1479.7
1280540 1479.7
1280550 1480.2
1280560 1479.9
1280570 1479.3
1280580 1479.3
1280590 1478.3
1280600 1478.0
1280610 1478.0
1280620 1473.1
1280630 1472.3
1280640 1472.3
1280650 1471.5
1280660 1471.2
1280670 1471.2
1280680 1471.0
1280690 1470.4
1280700 1470.4
1280710 1469.9
1280720 1469.5
1280730 1469.5
1280740 1468.9
1280750 1468.0
1280760 1468.0
1280770 1466.7
1280780 1465.1
1280790 1465.1
1280800 1463.1
1280810 1460.6
1280820 1458.7
1280830 1458.7
1280840 1458.3
1280850 1458.9
1280860 1458.9
1280870 1458.8
1280880 1456.5
1280890 1456.5
1280900 1453.2
1280910 1450.5
1280920 1450.5
1280930 1448.0
1280940 1445.6
1280950 1445.6
1280960 1442.5
1280970 1440.3
1280980 1440.3
1280990 1438.5
1281000 1438.2
1281010 1438.2
1281020 1438.7
1281030 1437.8
1281040 1436.2
1281050 1436.2
1281060 1435.2
1281070 1437.5
1281080 1437.5
1281090 1441.3
1281100 1444.9
1281110 1444.9
1281120 1448.1
1281130 1449.8
1281140 1449.8
1281150 1448.9
1281160 1447.0
1281170 1447.0
1281180 1445.1
1281190 1443.4
1281200 1443.4
1281210 1442.0
1281220 1440.1
1281230 1440.1
1281240 1436.0
1281250 1433.3
1281260 1432.2
1281270 1432.2
1281280 1432.4
1281290 1433.8
1281300 1433.8
1281310 1434.7
1281320 1434.6
1281330 1434.6
1281340 1434.4
1281350 1434.0
1281360 1434.0
1281370 1432.1
1281380 1429.1
1281390 1429.1
1281400 1428.7
1281410 1429.6
1281420 1429.6
1281430 1430.9
1281440 1432.0
1281450 1432.0
1281460 1432.9
1281470 1433.8
1281480 1433.8
1281490 1434.2
1281500 1433.7
1281510 1432.8
1281520 1432.8
1281530 1432.4
1281540 1432.7
1281550 1432.7
1281560 1432.8
1281570 1432.3
1281580 1432.3
1281590 1432.2
1281600 1432.8
1281610 1432.8
1281620 1433.6
1281630 1434.0
1281640 1434.0
1281650 1433.6
1281660 1433.0
1281670 1433.0
1281680 1432.1
1281690 1430.4
1281700 1430.4
1281710 1427.8
1281720 1425.0
1281730 1422.3
1281740 1422.3
1281750 1421.3
1281760 1423.0
1281770 1423.0
1281780 1424.5
1281790 1425.6
1281800 1425.6
1281810 1425.4
1281820 1424.0
1281830 1424.0
1281840 1423.3
1281850 1423.0
1281860 1423.0
1281870 1420.3
1281880 1419.3
1281890 1419.3
1281900 1417.3
1281910 1415.5
1281920 1415.5
1281930 1415.3
1281940 1419.6
1281950 1422.4
1281960 1422.4
1281970 1423.4
1281980 1422.3
1281990 1422.3
1282000 1420.3
1282010 1418.4
1282020 1418.4
1282030 1417.2
1282040 1417.1
1282050 1417.1
1282060 1418.8
1282070 1418.3
1282080 1418.3
1282090 1416.1
1282100 1415.3
1282110 1415.3
1282120 1414.9
1282130 1414.7
1282140 1414.7
1282150 1415.0
1282160 1415.7
1282170 1415.7
1282180 1416.3
1282190 1416.7
1282200 1416.8
1282210 1416.8
1282220 1416.6
1282230 1416.4
1282240 1416.4
1282250 1416.3
1282260 1416.2
1282270 1416.2
1282280 1416.1
1282290 1416.1
1282300 1416.1
1282310 1416.1
1282320 1416.2
1282330 1416.2
1282340 1416.2
1282350 1415.8
1282360 1415.8
1282370 1414.2
1282380 1412.0
1282390 1412.0
1282400 1409.9
1282410 1407.7
1282420 1405.1
1282430 1405.1
1282440 1402.4
1282450 1399.8
1282460 1399.8
1282470 1397.3
1282480 1395.0
1282490 1395.0
1282500 1389.7
1282510 1383.4
1282520 1383.4
1282530 1381.5
1282540 1378.0
1282550 1378.0
1282560 1372.7
1282570 1367.5
1282580 1367.5
1282590 1361.7
1282600 1354.9
1282610 1354.9
1282620 1356.0
1282630 1364.6
1282640 1373.1
1282650 1373.1
1282660 1379.6
1282670 1384.8
1282680 1384.8
1282690 1390.0
1282700 1393.3
1282710 1393.3
1282720 1396.4
1282730 1399.6
1282740 1399.6
1282750 1401.0
1282760 1401.5
1282770 1401.5
1282780 1402.0
1282790 1403.0
1282800 1403.0
1282810 1404.1
1282820 1404.8
1282830 1404.8
1282840 1404.6
1282850 1403.7
1282860 1403.7
1282870 1402.5
1282880 1401.5
1282890 1400.8
1282900 1400.8
1282910 1400.2
1282920 1399.3
1282930 1399.3
1282940 1398.2
1282950 1396.3
1282960 1396.3
1282970 1393.1
1282980 1389.1
1282990 1389.1
1283000 1386.1
1283010 1384.2
1283020 1384.2
1283030 1383.1
1283040 1382.3
1283050 1382.3
1283060 1382.1
1283070 1382.4
1283080 1382.4
1283090 1383.1
1283100 1382.7
1283110 1381.9
1283120 1381.9
1283130 1374.3
1283140 1373.4
1283150 1373.4
1283160 1372.2
1283170 1370.8
1283180 1370.8
1283190 1369.4
1283200 1367.2
1283210 1367.2
1283220 1363.9
1283230 1361.0
1283240 1361.0
1283250 1358.2
1283260 1355.9
1283270 1355.9
1283280 1355.0
1283290 1354.9
1283300 1354.9
1283310 1355.8
1283320 1356.8
1283330 1356.5
1283340 1356.5
1283350 1356.0
1283360 1355.5
1283370 1355.5
1283380 1354.8
1283390 1353.8
1283400 1353.8
1283410 1352.5
1283420 1350.8
1283430 1350.8
1283440 1348.6
1283450 1345.6
1283460 1345.6
1283470 1340.7
1283480 1335.0
1283490 1335.0
1283500 1330.6
1283510 1327.8
1283520 1327.8
1283530 1325.8
1283540 1324.4
1283550 1324.4
1283560 1324.2
1283570 1323.2
1283580 1322.7
1283590 1322.7
1283600 1322.3
1283610 1322.2
1283620 1322.2
1283630 1322.4
1283640 1322.5
1283650 1322.5
1283660 1322.8
1283670 1323.1
1283680 1323.1
1283690 1322.9
1283700 1322.6
1283710 1322.6
1283720 1322.8
1283730 1322.6
1283740 1322.6
1283750 1322.1
1283760 1317.3
1283770 1317.3
1283780 1316.8
1283790 1315.7
1283800 1314.9
1283810 1314.9
1283820 1314.4
1283830 1313.6
1283840 1313.6
1283850 1313.0
1283860 1312.1
1283870 1312.1
1283880 1311.1
1283890 1310.9
1283900 1310.9
1283910 1310.3
1283920 1309.7
1283930 1309.7
1283940 1310.5
1283950 1310.3
1283960 1310.3
1283970 1309.4
1283980 1309.1
1283990 1309.1
1284000 1308.6
1284010 1308.9
1284020 1309.2
1284030 1309.2
1284040 1309.3
1284050 1309.3
1284060 1309.3
1284070 1309.6
1284080 1310.1
1284090 1310.1
1284100 1309.9
1284110 1309.4
1284120 1309.4
1284130 1309.3
1284140 1308.4
1284150 1308.4
1284160 1306.5
1284170 1305.0
1284180 1305.0
1284190 1303.8
1284200 1302.4
1284210 1302.4
1284220 1301.0
1284230 1300.3
1284240 1300.3
1284250 1300.0
1284260 1300.0
1284270 1300.1
1284280 1300.1
1284290 1301.6
1284300 1302.4
1284310 1302.4
1284320 1302.4
1284330 1302.3
1284340 1302.3
1284350 1301.6
1284360 1301.4
1284370 1301.4
1284380 1306.5
1284390 1311.5
1284400 1311.5
1284410 1315.2
1284420 1318.7
1284430 1318.7
1284440 1321.8
1284450 1324.8
1284460 1324.8
1284470 1327.8
1284480 1330.6
1284490 1333.2
1284500 1333.2
1284510 1335.9
1284520 1339.7
1284530 1339.7
1284540 1344.1
1284550 1349.2
1284560 1349.2
1284570 1351.0
1284580 1354.6
1284590 1354.6
1284600 1359.8
1284610 1365.5
1284620 1365.5
1284630 1371.7
1284640 1377.9
1284650 1377.9
1284660 1382.0
1284670 1384.9
1284680 1384.9
1284690 1387.0
1284700 1389.2
1284710 1392.2
1284720 1392.2
1284730 1394.0
1284740 1393.7
1284750 1393.7
1284760 1394.6
1284770 1396.8
1284780 1396.8
1284790 1400.3
1284800 1404.1
1284810 1404.1
1284820 1407.7
1284830 1411.1
1284840 1411.1
1284850 1414.0
1284860 1415.9
1284870 1415.9
1284880 1417.2
1284890 1417.3
1284900 1417.3
1284910 1415.8
1284920 1412.9
1284930 1412.9
1284940 1412.2
1284950 1416.0
1284960 1420.1
1284970 1420.1
1284980 1423.7
1284990 1427.7
1285000 1427.7
1285010 1432.0
1285020 1437.3
1285030 1441.2
1285040 1446.7
1285050 1452.6
1285060 1452.6
1285070 1458.3
1285080 1462.5
1285090 1462.5
1285100 1465.9
1285110 1468.8
1285120 1468.8
1285130 1470.5
1285140 1473.0
1285150 1473.0
1285160 1476.4
1285170 1480.5
1285180 1485.2
1285190 1485.2
1285200 1489.0
1285210 1490.0
1285220 1490.0
1285230 1489.7
1285240 1489.3
1285250 1489.3
1285260 1488.7
1285270 1488.4
1285280 1488.4
1285290 1489.7
1285300 1491.8
1285310 1491.8
1285320 1493.6
1285330 1494.9
1285340 1494.9
1285350 1494.9
1285360 1493.1
1285370 1493.1
1285380 1491.3
1285390 1487.9
1285400 1484.9
1285410 1484.9
1285420 1483.4
1285430 1481.7
1285440 1481.7
1285450 1481.7
1285460 1482.9
1285470 1482.9
1285480 1483.7
1285490 1483.5
1285500 1483.5
1285510 1482.4
1285520 1482.0
1285530 1482.0
1285540 1483.3
1285550 1485.8
1285560 1485.8
1285570 1486.6
1285580 1486.4
1285590 1486.4
1285600 1486.0
1285610 1485.5
1285620 1485.5
1285630 1487.2
1285640 1488.3
1285650 1489.7
1285660 1494.3
1285670 1496.8
1285680 1499.4
1285690 1499.4
1285700 1502.7
1285710 1504.5
1285720 1504.5
1285730 1505.5
1285740 1506.6
1285750 1506.6
1285760 1507.8
1285770 1509.0
1285780 1509.0
1285790 1509.7
1285800 1510.3
1285810 1510.3
1285820 1511.9
1285830 1514.1
1285840 1514.1
1285850 1515.5
1285860 1517.6
1285870 1522.7
1285880 1522.7
1285890 1525.9
1285900 1527.6
1285910 1527.6
1285920 1530.8
1285930 1533.7
1285940 1533.7
1285950 1536.7
1285960 1538.0
1285970 1538.0
1285980 1537.3
1285990 1534.9
1286000 1534.9
1286010 1531.9
1286020 1528.6
1286030 1528.6
1286040 1526.0
1286050 1525.4
1286060 1525.4
1286070 1524.5
1286080 1524.9
1286090 1525.6
1286100 1525.6
1286110 1526.1
1286120 1526.0
1286130 1526.0
1286140 1527.1
1286150 1527.5
1286160 1527.5
1286170 1527.1
1286180 1527.8
1286190 1527.8
1286200 1527.6
1286210 1525.9
1286220 1525.9
1286230 1524.8
1286240 1524.2
1286250 1524.2
1286260 1524.1
1286270 1524.6
1286280 1524.6
1286290 1526.8
1286300 1534.2
1286310 1534.2
1286320 1532.0
1286330 1528.1
1286340 1525.0
1286350 1525.0
1286360 1524.4
1286370 1525.1
1286380 1525.1
1286390 1525.5
1286400 1525.4
1286410 1525.4
1286420 1527.1
1286430 1527.4
1286440 1527.4
1286450 1526.8
1286460 1525.6
1286470 1525.6
1286480 1525.1
1286490 1525.9
1286500 1525.9
1286510 1526.9
1286520 1527.5
1286530 1527.5
1286540 1528.4
1286550 1529.4
1286560 1530.4
1286570 1530.4
1286580 1532.4
1286590 1534.3
1286600 1534.3
1286610 1535.4
1286620 1536.7
1286630 1536.7
1286640 1538.5
1286650 1539.8
1286660 1539.8
1286670 1543.0
1286680 1546.0
1286690 1546.0
1286700 1549.4
1286710 1553.2
1286720 1553.2
1286730 1555.4
1286740 1556.5
1286750 1556.5
1286760 1557.2
1286770 1558.6
1286780 1560.8
1286790 1560.8
1286800 1564.2
1286810 1568.7
1286820 1568.7
1286830 1572.8
1286840 1575.4
1286850 1575.4
1286860 1577.0
1286870 1577.9
1286880 1577.9
1286890 1578.3
1286900 1579.2
1286910 1579.2
1286920 1580.5
1286930 1581.4
1286940 1577.3
1286950 1577.2
1286960 1576.1
1286970 1576.1
1286980 1574.3
1286990 1573.2
1287000 1573.2
1287010 1574.2
1287020 1575.4
1287030 1576.2
1287040 1576.2
1287050 1577.1
1287060 1578.0
1287070 1578.0
1287080 1579.1
1287090 1580.8
1287100 1580.8
1287110 1582.5
1287120 1584.0
1287130 1584.0
1287140 1585.9
1287150 1587.4
1287160 1587.4
1287170 1588.7
1287180 1590.1
1287190 1590.1
1287200 1591.3
1287210 1592.5
1287220 1592.5
1287230 1593.6
1287240 1595.0
1287250 1597.2
1287260 1597.2
1287270 1598.8
1287280 1600.4
1287290 1600.4
1287300 1601.9
1287310 1603.9
1287320 1603.9
1287330 1606.4
1287340 1608.8
1287350 1608.8
1287360 1611.2
1287370 1613.5
1287380 1613.5
1287390 1615.5
1287400 1616.6
1287410 1616.6
1287420 1617.7
1287430 1619.5
1287440 1619.5
1287450 1621.7
1287460 1624.0
1287470 1625.8
1287480 1625.8
1287490 1627.0
1287500 1629.1
1287510 1629.1
1287520 1631.4
1287530 1633.0
1287540 1633.0
1287550 1635.4
1287560 1637.3
1287570 1637.3
1287580 1638.6
1287590 1636.0
1287600 1636.0
1287610 1637.2
1287620 1638.7
1287630 1638.7
1287640 1640.3
1287650 1641.6
1287660 1641.6
1287670 1642.8
1287680 1644.2
1287690 1644.2
1287700 1646.2
1287710 1649.1
1287720 1651.1
1287730 1651.1
1287740 1653.2
1287750 1656.0
1287760 1656.0
1287770 1659.0
1287780 1659.7
1287790 1659.7
1287800 1659.8
1287810 1660.4
1287820 1660.4
1287830 1662.8
1287840 1665.5
1287850 1665.5
1287860 1668.6
1287870 1671.3
1287880 1671.3
1287890 1674.0
1287900 1676.6
1287910 1676.6
1287920 1678.7
1287930 1681.4
1287940 1684.4
1287950 1684.4
1287960 1687.2
1287970 1689.9
1287980 1689.9
1287990 1692.3
1288000 1694.7
1288010 1694.7
1288020 1697.0
1288030 1699.1
1288040 1699.1
1288050 1701.4
1288060 1703.4
1288070 1703.4
1288080 1705.5
1288090 1707.8
1288100 1707.8
1288110 1709.7
1288120 1710.1
1288130 1710.1
1288140 1709.1
1288150 1710.6
1288160 1716.8
1288170 1716.8
1288180 1724.7
1288190 1732.4
1288200 1732.4
1288210 1739.7
1288220 1748.1
1288230 1751.2
1288240 1759.3
1288250 1766.4
1288260 1766.4
1288270 1773.3
1288280 1780.8
1288290 1780.8
1288300 1788.7
1288310 1796.3
1288320 1796.3
1288330 1803.5
1288340 1810.6
1288350 1810.6
1288360 1817.6
1288370 1824.6
1288380 1824.6
1288390 1831.9
1288400 1839.1
1288410 1845.0
1288420 1845.0
1288430 1851.6
1288440 1860.9
1288450 1860.9
1288460 1869.2
1288470 1876.3
1288480 1876.3
1288490 1884.1
1288500 1891.5
1288510 1891.5
1288520 1897.9
1288530 1903.6
1288540 1903.6
1288550 1909.2
1288560 1914.8
1288570 1914.8
1288580 1920.1
1288590 1925.6
1288600 1925.6
1288610 1932.5
1288620 1940.3
1288630 1947.6
1288640 1947.6
1288650 1954.7
1288660 1959.8
1288670 1959.8
1288680 1964.1
1288690 1969.0
1288700 1969.0
1288710 1973.1
1288720 1976.4
1288730 1976.4
1288740 1979.7
1288750 1983.1
1288760 1983.1
1288770 1986.9
1288780 1990.2
1288790 1990.2
1288800 1993.6
1288810 1997.4
1288820 1997.4
1288830 2000.1
1288840 2004.9
1288850 2010.3
1288860 2010.3
1288870 2015.6
1288880 2021.7
1288890 2021.7
1288900 2027.6
1288910 2033.9
1288920 2033.9
1288930 2038.5
1288940 2039.1
1288950 2039.1
1288960 2043.3
1288970 2046.9
1288980 2046.9
1288990 2048.9
1289000 2053.4
1289010 2053.4
1289020 2059.3
1289030 2062.5
1289040 2062.5
1289050 2064.9
1289060 2067.9
1289070 2071.3
1289080 2071.3
1289090 2073.8
1289100 2075.9
1289110 2075.9
1289120 2077.6
1289130 2079.4
1289140 2079.4
1289150 2081.3
1289160 2083.2
1289170 2083.2
1289180 2085.1
1289190 2087.1
1289200 2087.1
1289210 2089.8
1289220 2093.2
1289230 2093.2
1289240 2096.4
1289250 2099.6
1289260 2099.6
1289270 2102.5
1289280 2104.4
1289290 2104.4
1289300 2105.6
1289310 2108.4
1289320 2111.5
1289330 2111.5
1289340 2114.5
1289350 2117.6
1289360 2117.6
1289370 2120.9
1289380 2124.4
1289390 2124.4
1289400 2128.0
1289410 2131.7
1289420 2131.7
1289430 2135.2
1289440 2139.0
1289450 2139.0
1289460 2143.0
1289470 2147.1
1289480 2147.1
1289490 2151.4
1289500 2156.0
1289510 2156.0
1289520 2160.5
1289530 2161.4
1289540 2166.4
1289550 2166.4
1289560 2171.2
1289570 2176.2
1289580 2176.2
1289590 2180.9
1289600 2184.8
1289610 2184.8
1289620 2188.1
1289630 2191.1
1289640 2191.1
1289650 2193.9
1289660 2196.8
1289670 2196.8
1289680 2199.9
1289690 2202.9
1289700 2202.9
1289710 2205.6
1289720 2207.6
1289730 2207.6
1289740 2209.0
1289750 2211.1
1289760 2213.2
1289770 2213.2
1289780 2214.6
1289790 2215.2
1289800 2215.2
1289810 2215.8
1289820 2216.8
1289830 2216.8
1289840 2218.4
1289850 2220.1
1289860 2220.1
1289870 2221.2
1289880 2222.1
1289890 2222.1
1289900 2222.8
1289910 2223.2
1289920 2223.2
1289930 2223.0
1289940 2222.0
1289950 2222.0
1289960 2220.0
1289970 2217.7
1289980 2217.7
1289990 2214.6
1290000 2211.1
1290010 2207.9
1290020 2207.9
1290030 2205.0
1290040 2202.1
1290050 2202.1
1290060 2198.9
1290070 2194.7
1290080 2194.7
1290090 2188.5
1290100 2184.3
1290110 2184.3
1290120 2189.5
1290130 2193.9
1290140 2193.9
1290150 2196.6
1290160 2198.6
1290170 2198.6
1290180 2194.9
1290190 2196.5
1290200 2196.5
1290210 2197.9
1290220 2199.4
1290230 2201.5
1290240 2201.5
1290250 2202.9
1290260 2204.1
1290270 2204.1
1290280 2205.2
1290290 2205.2
1290300 2205.2
1290310 2206.1
1290320 2209.1
1290330 2209.1
1290340 2212.1
1290350 2214.6
1290360 2214.6
1290370 2216.6
1290380 2217.8
1290390 2217.8
1290400 2217.5
1290410 2213.0
1290420 2213.0
1290430 2206.8
1290440 2205.9
1290450 2212.3
1290460 2212.3
1290470 2218.2
1290480 2224.4
1290490 2224.4
1290500 2231.3
1290510 2238.2
1290520 2238.2
1290530 2246.3
1290540 2257.1
1290550 2257.1
1290560 2265.8
1290570 2271.0
1290580 2271.0
1290590 2276.7
1290600 2282.9
1290610 2282.9
1290620 2289.4
1290630 2295.3
1290640 2295.3
1290650 2301.2
1290660 2306.8
1290670 2306.8
1290680 2313.4
1290690 2319.7
1290700 2326.4
1290710 2326.4
1290720 2332.6
1290730 2337.9
1290740 2337.9
1290750 2344.4
1290760 2351.1
1290770 2351.1
1290780 2357.1
1290790 2363.1
1290800 2363.1
1290810 2369.1
1290820 2375.1
1290830 2375.1
1290840 2378.8
1290850 2384.2
1290860 2384.2
1290870 2389.9
1290880 2395.9
1290890 2395.9
1290900 2402.0
1290910 2408.0
1290920 2413.9
1290930 2413.9
1290940 2419.7
1290950 2425.4
1290960 2425.4
1290970 2430.3
1290980 2435.2
1290990 2435.2
1291000 2439.6
1291010 2443.2
1291020 2443.2
1291030 2444.6
1291040 2440.5
1291050 2440.5
1291060 2434.8
1291070 2430.1
1291080 2430.1
1291090 2425.6
1291100 2421.5
1291110 2421.5
1291120 2418.2
1291130 2415.9
1291140 2414.3
1291150 2414.3
1291160 2411.3
1291170 2406.6
1291180 2406.6
1291190 2401.1
1291200 2395.1
1291210 2395.1
1291220 2388.4
1291230 2381.7
1291240 2381.7
1291250 2375.3
1291260 2368.9
1291270 2368.9
1291280 2363.1
1291290 2357.8
1291300 2357.8
1291310 2352.8
1291320 2347.0
1291330 2347.0
1291340 2341.0
1291350 2335.1
1291360 2335.1
1291370 2330.6
1291380 2325.3
1291390 2319.6
1291400 2319.6
1291410 2314.1
1291420 2309.4
1291430 2309.4
1291440 2304.3
1291450 2299.5
1291460 2299.5
1291470 2294.0
1291480 2287.3
1291490 2285.7
1291500 2279.2
1291510 2273.5
1291520 2273.5
1291530 2273.4
1291540 2273.6
1291550 2273.6
1291560 2271.1
1291570 2267.1
1291580 2267.1
1291590 2260.3
1291600 2256.6
1291610 2259.6
1291620 2259.6
1291630 2263.0
1291640 2264.4
1291650 2264.4
1291660 2265.9
1291670 2267.0
1291680 2267.0
1291690 2268.3
1291700 2270.1
1291710 2270.1
1291720 2270.8
1291730 2271.3
1291740 2271.3
1291750 2271.4
1291760 2271.3
1291770 2271.3
1291780 2271.2
1291790 2269.7
1291800 2269.7
1291810 2266.9
1291820 2264.2
1291830 2260.9
1291840 2260.9
1291850 2256.6
1291860 2252.4
1291870 2252.4
1291880 2246.5
1291890 2242.0
1291900 2242.0
1291910 2241.3
1291920 2243.4
1291930 2243.4
1291940 2248.3
1291950 2252.4
1291960 2252.4
1291970 2255.8
1291980 2258.6
1291990 2258.6
1292000 2262.2
1292010 2266.4
1292020 2266.4
1292030 2271.3
1292040 2276.5
1292050 2276.5
1292060 2280.9
1292070 2281.3
1292080 2274.1
1292090 2274.1
1292100 2268.2
1292110 2264.3
1292120 2264.3
1292130 2261.7
1292140 2259.7
1292150 2252.2
1292160 2250.0
1292170 2249.4
1292180 2249.4
1292190 2248.3
1292200 2248.4
1292210 2248.4
1292220 2244.5
1292230 2236.2
1292240 2236.2
1292250 2228.6
1292260 2225.0
1292270 2225.0
1292280 2218.5
1292290 2212.7
1292300 2203.7
1292310 2203.7
1292320 2193.7
1292330 2183.0
1292340 2183.0
1292350 2170.5
1292360 2159.2
1292370 2159.2
1292380 2150.5
1292390 2146.1
1292400 2146.1
1292410 2143.1
1292420 2134.6
1292430 2134.6
1292440 2127.2
1292450 2119.8
1292460 2119.8
1292470 2115.9
1292480 2107.2
1292490 2107.2
1292500 2096.5
1292510 2090.3
1292520 2096.2
1292530 2096.2
1292540 2105.9
1292550 2115.3
1292560 2115.3
1292570 2123.1
1292580 2130.4
1292590 2130.4
1292600 2137.4
1292610 2145.4
1292620 2145.4
1292630 2155.3
1292640 2166.3
1292650 2166.3
1292660 2175.0
1292670 2180.6
1292680 2180.6
1292690 2185.7
1292700 2194.3
1292710 2194.3
1292720 2204.0
1292730 2212.0
1292740 2214.3
1292750 2214.3
1292760 2218.7
1292770 2226.7
1292780 2226.7
1292790 2235.3
1292800 2241.1
1292810 2229.8
1292820 2233.8
1292830 2235.1
1292840 2235.1
1292850 2230.3
1292860 2222.1
1292870 2222.1
1292880 2213.3
1292890 2205.1
1292900 2205.1
1292910 2196.8
1292920 2188.8
1292930 2188.8
1292940 2181.1
1292950 2174.8
1292960 2174.8
1292970 2168.9
1292980 2162.6
1292990 2156.7
1293000 2156.7
1293010 2149.0
1293020 2140.5
1293030 2140.5
1293040 2133.3
1293050 2125.6
1293060 2125.6
1293070 2118.8
1293080 2111.9
1293090 2111.9
1293100 2104.0
1293110 2094.1
1293120 2094.1
1293130 2084.7
1293140 2076.7
1293150 2076.7
1293160 2070.0
1293170 2063.1
1293180 2063.1
1293190 2056.0
1293200 2049.2
1293210 2042.7
1293220 2042.7
1293230 2043.7
1293240 2044.7
1293250 2044.7
1293260 2041.8
1293270 2032.6
1293280 2032.6
1293290 2017.3
1293300 2001.4
1293310 2001.4
1293320 2003.7
1293330 2012.0
1293340 2012.0
1293350 2022.1
1293360 2032.6
1293370 2032.6
1293380 2041.1
1293390 2048.9
1293400 2048.9
1293410 2054.7
1293420 2058.2
1293430 2058.8
1293440 2058.8
1293450 2059.3
1293460 2065.1
1293470 2056.1
1293480 2060.6
1293490 2065.0
1293500 2065.0
1293510 2067.1
1293520 2072.3
1293530 2072.3
1293540 2075.9
1293550 2079.4
1293560 2079.4
1293570 2086.1
1293580 2089.6
1293590 2089.6
1293600 2089.7
1293610 2090.0
1293620 2090.0
1293630 2091.0
1293640 2090.4
1293650 2090.4
1293660 2089.5
1293670 2089.9
1293680 2091.1
1293690 2091.1
1293700 2094.6
1293710 2097.7
1293720 2097.7
1293730 2101.2
1293740 2105.3
1293750 2105.3
1293760 2110.6
1293770 2116.6
1293780 2116.6
1293790 2119.8
1293800 2120.5
1293810 2120.5
1293820 2124.3
1293830 2126.1
1293840 2126.1
1293850 2124.7
1293860 2123.8
1293870 2123.8
1293880 2124.9
1293890 2128.5
1293900 2131.7
1293910 2131.7
1293920 2133.2
1293930 2131.5
1293940 2131.5
1293950 2132.7
1293960 2132.3
1293970 2132.3
1293980 2133.3
1293990 2134.9
1294000 2134.9
1294010 2138.2
1294020 2143.5
1294030 2143.5
1294040 2148.8
1294050 2153.3
1294060 2153.3
1294070 2157.4
1294080 2161.2
1294090 2161.2
1294100 2164.0
1294110 2166.8
1294120 2172.9
1294130 2172.9
1294140 2169.6
1294150 2172.5
1294160 2172.5
1294170 2176.8
1294180 2175.2
1294190 2175.2
1294200 2183.1
1294210 2194.6
1294220 2194.6
1294230 2201.1
1294240 2205.8
1294250 2205.8
1294260 2210.1
1294270 2214.6
1294280 2214.6
1294290 2215.6
1294300 2218.9
1294310 2218.9
1294320 2223.6
1294330 2227.6
1294340 2227.6
1294350 2231.2
1294360 2235.3
1294370 2240.0
1294380 2240.0
1294390 2244.1
1294400 2249.4
1294410 2249.4
1294420 2255.4
1294430 2262.0
1294440 2262.0
1294450 2267.8
1294460 2272.1
1294470 2272.1
1294480 2278.0
1294490 2284.9
1294500 2284.9
1294510 2289.1
1294520 2292.3
1294530 2292.3
1294540 2294.6
1294550 2299.6
1294560 2299.6
1294570 2305.5
1294580 2309.5
1294590 2311.7
1294600 2311.7
1294610 2315.8
1294620 2321.8
1294630 2321.8
1294640 2327.8
1294650 2334.3
1294660 2334.3
1294670 2340.8
1294680 2347.6
1294690 2347.6
1294700 2355.0
1294710 2362.8
1294720 2362.8
1294730 2370.9
1294740 2378.5
1294750 2378.5
1294760 2384.3
1294770 2389.2
1294780 2389.2
1294790 2393.9
1294800 2398.6
1294810 2401.3
1294820 2401.3
1294830 2409.3
1294840 2418.0
1294850 2418.0
1294860 2425.7
1294870 2433.3
1294880 2433.3
1294890 2440.3
1294900 2446.0
1294910 2446.0
1294920 2451.7
1294930 2458.0
1294940 2458.0
1294950 2465.0
1294960 2472.3
1294970 2472.3
1294980 2479.7
1294990 2486.5
1295000 2486.5
1295010 2492.8
1295020 2500.1
1295030 2500.1
1295040 2507.9
1295050 2515.9
1295060 2523.6
1295070 2523.6
1295080 2530.6
1295090 2538.7
1295100 2538.7
1295110 2546.9
1295120 2555.6
1295130 2555.6
1295140 2563.5
1295150 2571.0
1295160 2571.0
1295170 2579.3
1295180 2587.6
1295190 2587.6
1295200 2592.8
1295210 2591.6
1295220 2591.6
1295230 2587.4
1295240 2583.8
1295250 2583.8
1295260 2581.0
1295270 2578.4
1295280 2575.1
1295290 2575.1
1295300 2571.6
1295310 2568.9
1295320 2568.9
1295330 2566.5
1295340 2565.0
1295350 2565.0
1295360 2564.1
1295370 2564.2
1295380 2564.2
1295390 2564.8
1295400 2565.4
1295410 2565.4
1295420 2564.8
1295430 2562.3
1295440 2562.3
1295450 2559.0
1295460 2555.7
1295470 2555.7
1295480 2553.2
1295490 2547.6
1295500 2543.3
1295510 2543.3
1295520 2538.6
1295530 2532.6
1295540 2532.6
1295550 2527.8
1295560 2523.5
1295570 2523.5
1295580 2519.9
1295590 2516.0
1295600 2516.0
1295610 2512.2
1295620 2509.5
1295630 2509.5
1295640 2507.2
1295650 2506.0
1295660 2506.0
1295670 2506.3
1295680 2506.7
1295690 2506.7
1295700 2505.0
1295710 2501.6
1295720 2499.0
1295730 2499.0
1295740 2497.7
1295750 2496.8
1295760 2496.8
1295770 2495.3
1295780 2493.4
1295790 2493.4
1295800 2491.7
1295810 2490.0
1295820 2490.0
1295830 2489.1
1295840 2488.2
1295850 2488.2
1295860 2487.2
1295870 2486.5
1295880 2486.5
1295890 2485.4
1295900 2484.3
1295910 2484.3
1295920 2483.6
1295930 2483.2
1295940 2483.2
1295950 2483.0
1295960 2482.9
1295970 2482.5
1295980 2482.5
1295990 2481.4
1296000 2480.2
1296010 2480.2
1296020 2479.3
1296030 2478.1
1296040 2478.1
1296050 2477.2
1296060 2476.7
1296070 2476.7
1296080 2476.1
1296090 2475.6
1296100 2475.6
1296110 2474.8
1296120 2473.9
1296130 2473.9
1296140 2473.5
1296150 2475.8
1296160 2475.8
1296170 2476.1
1296180 2476.3
1296190 2476.8
1296200 2476.8
1296210 2477.3
1296220 2477.9
1296230 2477.9
1296240 2478.3
1296250 2478.0
1296260 2478.0
1296270 2476.7
1296280 2475.1
1296290 2475.1
1296300 2473.9
1296310 2472.2
1296320 2472.2
1296330 2469.3
1296340 2465.9
1296350 2465.9
1296360 2463.7
1296370 2462.7
1296380 2462.7
1296390 2461.8
1296400 2460.3
1296410 2459.1
1296420 2459.1
1296430 2459.1
1296440 2458.5
1296450 2458.5
1296460 2457.6
1296470 2456.3
1296480 2456.3
1296490 2454.2
1296500 2456.8
1296510 2456.8
1296520 2459.3
1296530 2458.9
1296540 2458.9
1296550 2458.3
1296560 2457.6
1296570 2457.6
1296580 2457.0
1296590 2454.1
1296600 2454.1
1296610 2451.2
1296620 2451.5
1296630 2451.5
1296640 2449.0
1296650 2445.1
1296660 2440.1
1296670 2440.1
1296680 2434.2
1296690 2433.9
1296700 2433.9
1296710 2435.1
1296720 2434.3
1296730 2434.3
1296740 2429.4
1296750 2420.7
1296760 2420.7
1296770 2418.9
1296780 2415.9
1296790 2415.9
1296800 2412.1
1296810 2409.6
1296820 2403.0
1296830 2400.6
1296840 2397.4
1296850 2397.4
1296860 2393.7
1296870 2389.7
1296880 2387.0
1296890 2387.0
1296900 2386.1
1296910 2384.8
1296920 2384.8
1296930 2380.8
1296940 2376.5
1296950 2376.5
1296960 2373.3
1296970 2370.4
1296980 2370.4
1296990 2365.6
1297000 2358.7
1297010 2358.7
1297020 2356.4
1297030 2353.5
1297040 2353.5
1297050 2348.4
1297060 2345.5
1297070 2345.5
1297080 2343.6
1297090 2341.3
1297100 2339.7
1297110 2339.7
1297120 2337.4
1297130 2334.9
1297140 2334.9
1297150 2332.2
1297160 2329.0
1297170 2329.0
1297180 2326.7
1297190 2323.1
1297200 2323.1
1297210 2320.5
1297220 2318.4
1297230 2318.4
1297240 2316.7
1297250 2314.8
1297260 2314.8
1297270 2312.8
1297280 2310.5
1297290 2310.5
1297300 2311.6
1297310 2316.9
1297320 2316.9
1297330 2322.1
1297340 2328.7
1297350 2336.8
1297360 2336.8
1297370 2344.5
1297380 2350.0
1297390 2350.0
1297400 2354.9
1297410 2354.2
1297420 2354.2
1297430 2344.6
1297440 2334.7
1297450 2334.7
1297460 2328.2
1297470 2323.4
1297480 2323.4
1297490 2322.2
1297500 2317.2
1297510 2317.2
1297520 2319.1
1297530 2321.0
1297540 2321.0
1297550 2323.2
1297560 2324.7
1297570 2325.6
1297580 2325.6
1297590 2326.3
1297600 2326.0
1297610 2326.0
1297620 2324.6
1297630 2323.6
1297640 2323.6
1297650 2323.0
1297660 2322.2
1297670 2322.2
1297680 2320.7
1297690 2318.8
1297700 2318.8
1297710 2316.3
1297720 2313.6
1297730 2313.6
1297740 2311.3
1297750 2308.9
1297760 2308.9
1297770 2306.5
1297780 2302.2
1297790 2297.5
1297800 2297.5
1297810 2295.2
1297820 2292.6
1297830 2292.6
1297840 2288.0
1297850 2278.6
1297860 2278.6
1297870 2268.4
1297880 2260.1
1297890 2260.1
1297900 2252.8
1297910 2244.9
1297920 2244.9
1297930 2241.4
1297940 2240.1
1297950 2240.1
1297960 2245.8
1297970 2244.3
1297980 2244.3
1297990 2239.6
1298000 2233.5
1298010 2233.5
1298020 2225.0
1298030 2217.4
1298040 2211.4
1298050 2211.4
1298060 2205.5
1298070 2199.3
1298080 2199.3
1298090 2192.3
1298100 2185.0
1298110 2185.0
1298120 2177.9
1298130 2170.3
1298140 2170.3
1298150 2162.9
1298160 2159.3
1298170 2159.3
1298180 2147.8
1298190 2147.6
1298200 2147.6
1298210 2149.0
1298220 2148.4
1298230 2148.4
1298240 2146.1
1298250 2142.7
1298260 2133.0
1298270 2133.0
1298280 2122.1
1298290 2123.3
1298300 2123.3
1298310 2132.0
1298320 2130.0
1298330 2130.0
1298340 2122.6
1298350 2128.4
1298360 2128.4
1298370 2131.6
1298380 2128.9
1298390 2128.9
1298400 2127.2
1298410 2128.2
1298420 2128.2
1298430 2128.4
1298440 2129.7
1298450 2129.7
1298460 2128.9
1298470 2132.0
1298480 2132.8
1298490 2132.8
1298500 2134.5
1298510 2136.8
1298520 2136.8
1298530 2136.7
1298540 2136.1
1298550 2136.1
1298560 2135.6
1298570 2135.4
1298580 2135.4
1298590 2134.0
1298600 2131.5
1298610 2131.5
1298620 2128.5
1298630 2125.5
1298640 2125.5
1298650 2121.3
1298660 2117.6
1298670 2117.6
1298680 2114.8
1298690 2111.3
1298700 2108.7
1298710 2108.7
1298720 2108.5
1298730 2108.1
1298740 2108.1
1298750 2106.0
1298760 2104.1
1298770 2104.1
1298780 2103.0
1298790 2102.0
1298800 2102.0
1298810 2101.9
1298820 2102.2
1298830 2102.2
1298840 2101.2
1298850 2099.2
1298860 2099.2
1298870 2088.2
1298880 2089.6
1298890 2089.6
1298900 2090.8
1298910 2089.7
1298920 2089.7
1298930 2089.0
1298940 2088.3
1298950 2085.8
1298960 2085.8
1298970 2083.5
1298980 2081.1
1298990 2081.1
1299000 2076.9
1299010 2072.3
1299020 2072.3
1299030 2072.3
1299040 2069.6
1299050 2069.6
1299060 2062.9
1299070 2054.6
1299080 2054.6
1299090 2047.1
1299100 2041.8
1299110 2041.8
1299120 2037.3
1299130 2032.7
1299140 2032.7
1299150 2028.3
1299160 2024.1
1299170 2019.1
1299180 2019.1
1299190 2012.2
1299200 2004.8
1299210 2004.8
1299220 1996.9
1299230 1990.2
1299240 1990.2
1299250 1985.8
1299260 1981.6
1299270 1981.6
1299280 1977.3
1299290 1972.7
1299300 1972.7
1299310 1963.5
1299320 1953.8
1299330 1953.8
1299340 1945.8
1299350 1936.9
1299360 1936.9
1299370 1928.7
1299380 1922.7
1299390 1919.9
1299400 1919.9
1299410 1918.5
1299420 1921.4
1299430 1921.4
1299440 1926.4
1299450 1932.6
1299460 1932.6
1299470 1935.7
1299480 1936.7
1299490 1936.7
1299500 1939.4
1299510 1939.9
1299520 1939.9
1299530 1937.7
1299540 1935.2
1299550 1943.2
1299560 1938.8
1299570 1934.6
1299580 1934.6
1299590 1930.7
1299600 1926.1
1299610 1926.1
1299620 1918.1
1299630 1912.8
1299640 1909.6
1299650 1909.6
1299660 1903.8
1299670 1900.5
1299680 1900.5
1299690 1898.7
1299700 1900.0
1299710 1900.0
1299720 1897.9
1299730 1889.6
1299740 1889.6
1299750 1882.9
1299760 1879.0
1299770 1879.0
1299780 1879.0
1299790 1880.3
1299800 1880.3
1299810 1879.4
1299820 1878.4
1299830 1878.4
1299840 1877.8
1299850 1876.5
1299860 1880.8
1299870 1880.8
1299880 1882.4
1299890 1881.3
1299900 1881.3
1299910 1880.1
1299920 1872.9
1299930 1872.9
1299940 1875.4
1299950 1879.7
1299960 1879.7
1299970 1882.1
1299980 1883.7
1299990 1883.7
