1280000 2062.6
1280010 2065.1
1280020 2065.1
1280030 2067.8
1280040 2070.2
1280050 2070.2
1280060 2072.6
1280070 2074.6
1280080 2074.6
1280090 2076.4
1280100 2079.0
1280110 2079.0
1280120 2081.3
1280130 2083.9
1280140 2086.6
1280150 2086.6
1280160 2089.4
1280170 2093.6
1280180 2093.6
1280190 2096.7
1280200 2100.0
1280210 2100.0
1280220 2103.0
1280230 2105.9
1280240 2105.9
1280250 2109.8
1280260 2115.2
1280270 2115.2
1280280 2120.4
1280290 2124.2
1280300 2124.2
1280310 2126.8
1280320 2129.4
1280330 2129.4
1280340 2131.9
1280350 2134.4
1280360 2134.4
1280370 2136.4
1280380 2138.8
1280390 2141.4
1280400 2141.4
1280410 2144.1
1280420 2147.0
1280430 2147.0
1280440 2150.0
1280450 2152.9
1280460 2152.9
1280470 2155.8
1280480 2158.3
1280490 2158.3
1280500 2160.8
1280510 2163.0
1280520 2163.0
1280530 2165.8
1280540 2168.6
1280550 2168.6
1280560 2171.0
1280570 2173.4
1280580 2173.4
1280590 2176.5
1280600 2179.3
1280610 2181.4
1280620 2181.4
1280630 2183.8
1280640 2187.2
1280650 2187.2
1280660 2191.2
1280670 2195.3
1280680 2195.3
1280690 2198.6
1280700 2201.5
1280710 2201.5
1280720 2204.1
1280730 2206.8
1280740 2206.8
1280750 2209.8
1280760 2212.2
1280770 2212.2
1280780 2214.1
1280790 2215.2
1280800 2215.2
1280810 2216.8
1280820 2218.2
1280830 2218.2
1280840 2219.6
1280850 2220.9
1280860 2221.4
1280870 2221.4
1280880 2222.2
1280890 2223.3
1280900 2223.3
1280910 2224.4
1280920 2225.7
1280930 2225.7
1280940 2226.4
1280950 2227.0
1280960 2227.0
1280970 2228.9
1280980 2231.2
1280990 2231.2
1281000 2233.6
1281010 2235.7
1281020 2235.7
1281030 2237.5
1281040 2239.0
1281050 2239.0
1281060 2240.4
1281070 2242.0
1281080 2243.4
1281090 2243.4
1281100 2244.6
1281110 2245.1
1281120 2245.1
1281130 2245.2
1281140 2246.0
1281150 2246.0
1281160 2246.6
1281170 2247.0
1281180 2247.0
1281190 2247.6
1281200 2248.0
1281210 2248.0
1281220 2247.9
1281230 2246.8
1281240 2246.8
1281250 2244.4
1281260 2241.6
1281270 2241.6
1281280 2239.1
1281290 2237.3
1281300 2237.3
1281310 2234.6
1281320 2232.4
1281330 2228.9
1281340 2228.9
1281350 2223.8
1281360 2219.3
1281370 2219.3
1281380 2215.1
1281390 2211.9
1281400 2211.9
1281410 2208.9
1281420 2199.3
1281430 2199.3
1281440 2193.1
1281450 2186.6
1281460 2186.6
1281470 2180.6
1281480 2175.5
1281490 2175.5
1281500 2171.9
1281510 2168.1
1281520 2168.1
1281530 2164.2
1281540 2161.1
1281550 2158.1
1281560 2158.1
1281570 2155.8
1281580 2154.1
1281590 2154.1
1281600 2152.3
1281610 2150.9
1281620 2150.9
1281630 2150.1
1281640 2149.2
1281650 2149.2
1281660 2148.3
1281670 2148.1
1281680 2148.1
1281690 2148.4
1281700 2149.0
1281710 2149.0
1281720 2148.4
1281730 2145.2
1281740 2145.2
1281750 2142.1
1281760 2141.7
1281770 2141.7
1281780 2142.4
1281790 2143.6
1281800 2145.4
1281810 2145.4
1281820 2148.5
1281830 2152.1
1281840 2152.1
1281850 2155.9
1281860 2159.5
1281870 2159.5
1281880 2162.7
1281890 2165.1
1281900 2165.1
1281910 2165.8
1281920 2166.2
1281930 2166.2
1281940 2166.3
1281950 2166.0
1281960 2166.0
1281970 2166.1
1281980 2166.3
1281990 2166.3
1282000 2166.5
1282010 2165.4
1282020 2164.6
1282030 2164.6
1282040 2158.2
1282050 2160.9
1282060 2160.9
1282070 2163.9
1282080 2165.0
1282090 2165.0
1282100 2165.6
1282110 2165.6
1282120 2165.6
1282130 2164.9
1282140 2164.2
1282150 2164.2
1282160 2163.8
1282170 2163.0
1282180 2163.0
1282190 2161.6
1282200 2160.7
1282210 2160.7
1282220 2161.8
1282230 2162.9
1282240 2163.0
1282250 2163.0
1282260 2162.3
1282270 2162.4
1282280 2162.4
1282290 2162.9
1282300 2162.9
1282310 2162.9
1282320 2161.1
1282330 2159.2
1282340 2159.2
1282350 2157.9
1282360 2157.2
1282370 2157.2
1282380 2157.4
1282390 2159.6
1282400 2159.6
1282410 2161.7
1282420 2163.2
1282430 2163.2
1282440 2165.1
1282450 2163.6
1282460 2163.6
1282470 2162.1
1282480 2161.5
1282490 2161.3
1282500 2161.3
1282510 2160.1
1282520 2158.8
1282530 2158.8
1282540 2157.9
1282550 2157.6
1282560 2157.6
1282570 2157.3
1282580 2156.4
1282590 2156.4
1282600 2156.9
1282610 2157.5
1282620 2157.5
1282630 2157.5
1282640 2157.2
1282650 2157.2
1282660 2156.0
1282670 2153.1
1282680 2153.1
1282690 2152.0
1282700 2151.5
1282710 2150.6
1282720 2150.6
1282730 2149.4
1282740 2147.6
1282750 2147.6
1282760 2145.0
1282770 2140.9
1282780 2140.9
1282790 2139.3
1282800 2137.2
1282810 2137.2
1282820 2133.5
1282830 2130.3
1282840 2130.3
1282850 2127.8
1282860 2124.4
1282870 2124.4
1282880 2120.9
1282890 2118.6
1282900 2118.6
1282910 2117.0
1282920 2116.4
1282930 2116.4
1282940 2115.2
1282950 2114.6
1282960 2114.9
1282970 2114.9
1282980 2115.0
1282990 2113.7
1283000 2113.7
1283010 2108.9
1283020 2100.4
1283030 2100.4
1283040 2093.7
1283050 2088.5
1283060 2088.5
1283070 2082.6
1283080 2077.6
1283090 2077.6
1283100 2073.4
1283110 2068.9
1283120 2068.9
1283130 2063.7
1283140 2057.4
1283150 2057.4
1283160 2049.6
1283170 2040.8
1283180 2033.2
1283190 2033.2
1283200 2027.0
1283210 2022.3
1283220 2022.3
1283230 2018.4
1283240 2015.0
1283250 2015.0
1283260 2012.9
1283270 2010.8
1283280 2010.8
1283290 2007.1
1283300 1999.2
1283310 1999.2
1283320 1994.6
1283330 1990.4
1283340 1990.4
1283350 1986.4
1283360 1982.3
1283370 1982.3
1283380 1978.5
1283390 1976.7
1283400 1976.7
1283410 1975.4
1283420 1972.6
1283430 1975.3
1283440 1975.3
1283450 1980.0
1283460 1982.6
1283470 1982.6
1283480 1986.0
1283490 1989.0
1283500 1989.0
1283510 1990.3
1283520 1991.2
1283530 1991.2
1283540 1992.1
1283550 1992.7
1283560 1992.7
1283570 1994.5
1283580 1997.9
1283590 1997.9
1283600 1999.9
1283610 2000.5
1283620 2000.5
1283630 2002.7
1283640 2005.5
1283650 2007.4
1283660 2007.4
1283670 2008.3
1283680 2009.1
1283690 2009.1
1283700 2010.4
1283710 2012.3
1283720 2012.3
1283730 2014.5
1283740 2016.6
1283750 2016.6
1283760 2018.3
1283770 2021.2
1283780 2021.2
1283790 2024.9
1283800 2028.0
1283810 2028.0
1283820 2029.4
1283830 2029.8
1283840 2029.8
1283850 2031.4
1283860 2034.8
1283870 2034.8
1283880 2038.6
1283890 2043.1
1283900 2044.0
1283910 2044.0
1283920 2044.0
1283930 2041.5
1283940 2041.5
1283950 2042.1
1283960 2041.6
1283970 2041.6
1283980 2040.6
1283990 2039.1
1284000 2039.1
1284010 2033.6
1284020 2022.2
1284030 2022.2
1284040 2013.0
1284050 1999.4
1284060 1999.4
1284070 1986.9
1284080 1980.0
1284090 1980.0
1284100 1974.1
1284110 1968.5
1284120 1963.1
1284130 1963.1
1284140 1957.1
1284150 1951.5
1284160 1951.5
1284170 1947.9
1284180 1944.6
1284190 1944.6
1284200 1940.2
1284210 1936.8
1284220 1936.8
1284230 1933.5
1284240 1927.5
1284250 1927.5
1284260 1922.9
1284270 1917.9
1284280 1917.9
1284290 1914.1
1284300 1910.7
1284310 1910.7
1284320 1907.8
1284330 1904.3
1284340 1901.4
1284350 1901.4
1284360 1900.0
1284370 1896.9
1284380 1896.9
1284390 1892.5
1284400 1888.6
1284410 1888.6
1284420 1885.1
1284430 1881.1
1284440 1881.1
1284450 1877.3
1284460 1873.1
1284470 1873.1
1284480 1868.4
1284490 1863.0
1284500 1863.0
1284510 1857.9
1284520 1852.6
1284530 1852.6
1284540 1848.4
1284550 1845.4
1284560 1845.4
1284570 1836.0
1284580 1833.1
1284590 1828.9
1284600 1828.9
1284610 1823.7
1284620 1822.6
1284630 1822.6
1284640 1822.6
1284650 1823.9
1284660 1823.9
1284670 1825.7
1284680 1825.2
1284690 1825.2
1284700 1827.0
1284710 1826.8
1284720 1826.8
1284730 1824.8
1284740 1823.7
1284750 1823.7
1284760 1826.5
1284770 1828.0
1284780 1828.0
1284790 1825.9
1284800 1824.9
1284810 1825.7
1284820 1825.7
1284830 1824.2
1284840 1822.2
1284850 1822.2
1284860 1825.4
1284870 1828.0
1284880 1828.0
1284890 1830.4
1284900 1832.9
1284910 1832.9
1284920 1834.0
1284930 1834.2
1284940 1834.2
1284950 1834.0
1284960 1835.6
1284970 1835.6
1284980 1837.6
1284990 1839.2
1285000 1839.2
1285010 1840.5
1285020 1841.8
1285030 1841.8
1285040 1843.7
1285050 1845.9
1285060 1848.0
1285070 1848.0
1285080 1850.1
1285090 1852.3
1285100 1852.3
1285110 1852.8
1285120 1851.5
1285130 1851.5
1285140 1849.9
1285150 1847.4
1285160 1847.4
1285170 1844.5
1285180 1840.7
1285190 1840.7
1285200 1831.5
1285210 1828.0
1285220 1828.0
1285230 1825.0
1285240 1821.1
1285250 1821.1
1285260 1816.6
1285270 1812.9
1285280 1809.2
1285290 1809.2
1285300 1806.9
1285310 1806.4
1285320 1806.4
1285330 1804.6
1285340 1800.7
1285350 1800.7
1285360 1795.4
1285370 1789.8
1285380 1789.8
1285390 1784.7
1285400 1779.9
1285410 1779.9
1285420 1776.6
1285430 1775.4
1285440 1775.4
1285450 1774.6
1285460 1773.7
1285470 1773.7
1285480 1772.0
1285490 1771.9
1285500 1771.9
1285510 1770.7
1285520 1767.4
1285530 1763.5
1285540 1763.5
1285550 1761.6
1285560 1763.6
1285570 1763.6
1285580 1764.3
1285590 1762.5
1285600 1762.5
1285610 1759.3
1285620 1756.9
1285630 1756.9
1285640 1754.3
1285650 1750.6
1285660 1750.6
1285670 1746.9
1285680 1742.9
1285690 1742.9
1285700 1740.5
1285710 1739.3
1285720 1739.3
1285730 1737.6
1285740 1734.5
1285750 1730.2
1285760 1730.2
1285770 1725.1
1285780 1720.9
1285790 1720.9
1285800 1716.8
1285810 1712.8
1285820 1712.8
1285830 1710.8
1285840 1704.6
1285850 1704.6
1285860 1702.8
1285870 1701.4
1285880 1701.4
1285890 1700.9
1285900 1701.3
1285910 1701.3
1285920 1700.7
1285930 1698.8
1285940 1698.8
1285950 1696.2
1285960 1694.2
1285970 1694.2
1285980 1692.2
1285990 1688.9
1286000 1685.0
1286010 1685.0
1286020 1680.2
1286030 1675.2
1286040 1675.2
1286050 1668.7
1286060 1661.6
1286070 1661.6
1286080 1653.9
1286090 1646.9
1286100 1646.9
1286110 1643.6
1286120 1641.5
1286130 1641.5
1286140 1638.5
1286150 1634.6
1286160 1634.6
1286170 1632.3
1286180 1633.6
1286190 1633.6
1286200 1634.7
1286210 1633.6
1286220 1632.0
1286230 1632.0
1286240 1630.8
1286250 1630.2
1286260 1630.2
1286270 1628.5
1286280 1627.1
1286290 1627.1
1286300 1625.9
1286310 1624.8
1286320 1624.8
1286330 1623.7
1286340 1622.1
1286350 1622.1
1286360 1619.9
1286370 1616.7
1286380 1616.7
1286390 1612.9
1286400 1608.4
1286410 1608.4
1286420 1603.7
1286430 1599.6
1286440 1595.6
1286450 1595.6
1286460 1593.6
1286470 1589.6
1286480 1585.0
1286490 1580.3
1286500 1575.3
1286510 1575.3
1286520 1570.8
1286530 1566.6
1286540 1566.6
1286550 1561.5
1286560 1556.7
1286570 1556.7
1286580 1551.0
1286590 1542.3
1286600 1542.3
1286610 1534.9
1286620 1526.1
1286630 1526.1
1286640 1516.8
1286650 1509.0
1286660 1509.0
1286670 1500.8
1286680 1492.8
1286690 1487.3
1286700 1487.3
1286710 1483.4
1286720 1481.4
1286730 1481.4
1286740 1481.4
1286750 1482.7
1286760 1482.7
1286770 1484.0
1286780 1484.9
1286790 1484.9
1286800 1484.8
1286810 1484.9
1286820 1484.9
1286830 1485.0
1286840 1486.0
1286850 1486.0
1286860 1486.7
1286870 1487.2
1286880 1487.2
1286890 1487.9
1286900 1488.5
1286910 1488.8
1286920 1488.8
1286930 1489.2
1286940 1489.5
1286950 1489.5
1286960 1490.0
1286970 1490.5
1286980 1490.5
1286990 1490.9
1287000 1491.5
1287010 1491.5
1287020 1492.1
1287030 1493.3
1287040 1493.3
1287050 1495.6
1287060 1498.3
1287070 1498.3
1287080 1500.5
1287090 1503.1
1287100 1503.1
1287110 1505.9
1287120 1511.7
1287130 1511.7
1287140 1516.5
1287150 1520.2
1287160 1523.2
1287170 1523.2
1287180 1526.9
1287190 1533.1
1287200 1533.1
1287210 1541.6
1287220 1549.8
1287230 1549.8
1287240 1556.6
1287250 1562.3
1287260 1562.3
1287270 1565.8
1287280 1568.7
1287290 1568.7
1287300 1573.5
1287310 1578.8
1287320 1578.8
1287330 1584.1
1287340 1589.0
1287350 1589.0
1287360 1593.0
1287370 1596.8
1287380 1601.1
1287390 1601.1
1287400 1606.0
1287410 1610.0
1287420 1610.0
1287430 1613.5
1287440 1615.9
1287450 1615.9
1287460 1618.8
1287470 1621.4
1287480 1621.4
1287490 1624.4
1287500 1628.2
1287510 1628.2
1287520 1632.0
1287530 1635.7
1287540 1635.7
1287550 1639.8
1287560 1644.2
1287570 1644.2
1287580 1648.4
1287590 1652.8
1287600 1652.8
1287610 1657.2
1287620 1662.1
1287630 1667.0
1287640 1667.0
1287650 1671.2
1287660 1675.3
1287670 1675.3
1287680 1679.2
1287690 1683.4
1287700 1683.4
1287710 1687.5
1287720 1691.9
1287730 1691.9
1287740 1696.2
1287750 1700.2
1287760 1700.2
1287770 1705.0
1287780 1708.5
1287790 1708.5
1287800 1712.2
1287810 1715.2
1287820 1715.2
1287830 1719.1
1287840 1721.7
1287850 1724.8
1287860 1724.8
1287870 1727.9
1287880 1731.9
1287890 1731.9
1287900 1735.9
1287910 1739.8
1287920 1739.8
1287930 1742.6
1287940 1745.5
1287950 1745.5
1287960 1748.7
1287970 1752.0
1287980 1752.0
1287990 1755.8
1288000 1759.6
1288010 1759.6
1288020 1763.1
1288030 1765.9
1288040 1765.9
1288050 1768.4
1288060 1771.2
1288070 1774.7
1288080 1774.7
1288090 1779.2
1288100 1784.4
1288110 1784.4
1288120 1789.4
1288130 1794.7
1288140 1794.7
1288150 1800.9
1288160 1807.7
1288170 1807.7
1288180 1814.3
1288190 1819.4
1288200 1819.4
1288210 1824.4
1288220 1828.2
1288230 1828.2
1288240 1830.2
1288250 1834.1
1288260 1834.1
1288270 1838.0
1288280 1840.9
1288290 1840.9
1288300 1844.4
1288310 1849.1
1288320 1855.2
1288330 1855.2
1288340 1861.3
1288350 1866.3
1288360 1866.3
1288370 1868.4
1288380 1869.1
1288390 1869.1
1288400 1870.4
1288410 1873.9
1288420 1873.9
1288430 1875.4
1288440 1878.9
1288450 1878.9
1288460 1882.3
1288470 1886.9
1288480 1886.9
1288490 1892.5
1288500 1897.6
1288510 1897.6
1288520 1900.3
1288530 1901.8
1288540 1904.7
1288550 1904.7
1288560 1907.4
1288570 1908.3
1288580 1908.3
1288590 1909.0
1288600 1909.3
1288610 1909.3
1288620 1906.9
1288630 1903.7
1288640 1903.7
1288650 1903.3
1288660 1904.4
1288670 1904.4
1288680 1907.5
1288690 1912.0
1288700 1912.0
1288710 1916.1
1288720 1918.5
1288730 1918.5
1288740 1920.9
1288750 1923.3
1288760 1923.3
1288770 1926.1
1288780 1929.9
1288790 1933.6
1288800 1933.6
1288810 1937.7
1288820 1942.4
1288830 1942.4
1288840 1946.0
1288850 1949.6
1288860 1949.6
1288870 1952.4
1288880 1954.8
1288890 1954.8
1288900 1957.4
1288910 1959.6
1288920 1959.6
1288930 1961.7
1288940 1963.9
1288950 1963.9
1288960 1966.2
1288970 1968.9
1288980 1968.9
1288990 1971.2
1289000 1973.3
1289010 1977.0
1289020 1977.0
1289030 1983.9
1289040 1992.3
1289050 1992.3
1289060 2002.7
1289070 2009.3
1289080 2009.3
1289090 2015.9
1289100 2023.2
1289110 2023.2
1289120 2031.1
1289130 2040.2
1289140 2040.2
1289150 2049.0
1289160 2058.2
1289170 2058.2
1289180 2064.7
1289190 2067.0
1289200 2067.0
1289210 2067.3
1289220 2067.7
1289230 2067.7
1289240 2069.7
1289250 2073.8
1289260 2076.3
1289270 2076.3
1289280 2077.3
1289290 2078.2
1289300 2078.2
1289310 2076.2
1289320 2074.0
1289330 2074.0
1289340 2072.5
1289350 2072.6
1289360 2072.6
1289370 2074.1
1289380 2074.7
1289390 2074.7
1289400 2075.3
1289410 2076.5
1289420 2076.5
1289430 2076.3
1289440 2075.2
1289450 2075.2
1289460 2075.9
1289470 2076.9
1289480 2077.7
1289490 2077.7
1289500 2078.4
1289510 2078.0
1289520 2078.0
1289530 2075.9
1289540 2073.7
1289550 2073.7
1289560 2073.3
1289570 2073.7
1289580 2073.7
1289590 2075.4
1289600 2077.7
1289610 2077.7
1289620 2079.8
1289630 2080.5
1289640 2080.5
1289650 2077.0
1289660 2072.0
1289670 2072.0
1289680 2067.8
1289690 2065.1
1289700 2063.3
1289710 2067.3
1289720 2065.4
1289730 2063.1
1289740 2063.1
1289750 2060.8
1289760 2059.9
1289770 2059.9
1289780 2059.1
1289790 2058.1
1289800 2058.1
1289810 2056.5
1289820 2055.7
1289830 2055.7
1289840 2059.2
1289850 2063.9
1289860 2063.9
1289870 2068.5
1289880 2071.5
1289890 2071.5
1289900 2074.3
1289910 2077.8
1289920 2077.8
1289930 2082.3
1289940 2087.2
1289950 2091.5
1289960 2091.5
1289970 2096.6
1289980 2102.3
1289990 2102.3
1290000 2108.6
1290010 2115.4
1290020 2115.4
1290030 2122.2
1290040 2129.7
1290050 2129.7
1290060 2137.2
1290070 2139.4
1290080 2139.4
1290090 2136.3
1290100 2133.9
1290110 2133.9
1290120 2132.2
1290130 2130.9
1290140 2130.9
1290150 2132.4
1290160 2133.8
1290170 2134.5
1290180 2134.5
1290190 2135.7
1290200 2136.1
1290210 2136.1
1290220 2136.2
1290230 2135.9
1290240 2135.9
1290250 2135.2
1290260 2134.7
1290270 2134.7
1290280 2135.0
1290290 2137.6
1290300 2137.6
1290310 2140.1
1290320 2141.4
1290330 2141.4
1290340 2142.7
1290350 2144.4
1290360 2144.4
1290370 2149.9
1290380 2151.9
1290390 2151.9
1290400 2154.4
1290410 2155.6
1290420 2156.4
1290430 2156.4
1290440 2157.4
1290450 2157.9
1290460 2157.9
1290470 2156.3
1290480 2154.1
1290490 2154.1
1290500 2152.7
1290510 2151.1
1290520 2151.1
1290530 2150.5
1290540 2149.8
1290550 2149.8
1290560 2148.9
1290570 2145.5
1290580 2145.5
1290590 2141.8
1290600 2138.3
1290610 2138.3
1290620 2134.2
1290630 2132.2
1290640 2128.7
1290650 2128.7
1290660 2124.3
1290670 2120.5
1290680 2120.5
1290690 2115.0
1290700 2113.2
1290710 2113.2
1290720 2114.0
1290730 2113.8
1290740 2113.8
1290750 2114.2
1290760 2117.6
1290770 2117.6
1290780 2123.8
1290790 2126.1
1290800 2126.1
1290810 2125.3
1290820 2124.1
1290830 2124.1
1290840 2122.9
1290850 2123.9
1290860 2123.9
1290870 2125.9
1290880 2127.1
1290890 2125.0
1290900 2125.0
1290910 2121.3
1290920 2118.0
1290930 2118.0
1290940 2114.0
1290950 2110.0
1290960 2110.0
1290970 2105.4
1290980 2100.5
1290990 2100.5
1291000 2098.2
1291010 2098.2
1291020 2099.9
1291030 2100.2
1291040 2098.6
1291050 2098.6
1291060 2096.9
1291070 2095.8
1291080 2095.8
1291090 2096.2
1291100 2097.3
1291110 2096.4
1291120 2096.4
1291130 2094.1
1291140 2091.8
1291150 2091.8
1291160 2088.8
1291170 2084.0
1291180 2084.0
1291190 2076.4
1291200 2077.9
1291210 2077.9
1291220 2084.7
1291230 2086.3
1291240 2086.3
1291250 2084.7
1291260 2084.1
1291270 2084.1
1291280 2084.6
1291290 2088.6
1291300 2088.6
1291310 2094.6
1291320 2101.1
1291330 2107.1
1291340 2107.1
1291350 2113.5
1291360 2120.9
1291370 2120.9
1291380 2127.2
1291390 2132.5
1291400 2132.5
1291410 2140.5
1291420 2146.2
1291430 2146.2
1291440 2149.1
1291450 2151.9
1291460 2151.9
1291470 2157.4
1291480 2163.1
1291490 2163.1
1291500 2168.5
1291510 2173.2
1291520 2173.2
1291530 2178.2
1291540 2183.8
1291550 2183.8
1291560 2188.3
1291570 2191.4
1291580 2194.1
1291590 2194.1
1291600 2198.4
1291610 2206.5
1291620 2206.5
1291630 2215.1
1291640 2223.0
1291650 2223.0
1291660 2230.1
1291670 2236.0
1291680 2238.2
1291690 2245.0
1291700 2252.0
1291710 2252.0
1291720 2261.0
1291730 2265.5
1291740 2265.5
1291750 2266.7
1291760 2268.2
1291770 2268.2
1291780 2270.8
1291790 2271.9
1291800 2270.6
1291810 2270.6
1291820 2267.9
1291830 2264.6
1291840 2264.6
1291850 2261.5
1291860 2259.1
1291870 2259.1
1291880 2257.9
1291890 2257.5
1291900 2257.5
1291910 2257.7
1291920 2257.5
1291930 2257.5
1291940 2259.0
1291950 2260.0
1291960 2260.0
1291970 2260.5
1291980 2260.8
1291990 2260.8
1292000 2260.3
1292010 2260.2
1292020 2260.2
1292030 2258.6
1292040 2257.8
1292050 2256.2
1292060 2256.2
1292070 2255.3
1292080 2255.4
1292090 2255.4
1292100 2256.5
1292110 2258.4
1292120 2258.4
1292130 2259.6
1292140 2260.1
1292150 2260.1
1292160 2259.3
1292170 2258.9
1292180 2258.9
1292190 2258.8
1292200 2258.3
1292210 2258.3
1292220 2257.9
1292230 2258.7
1292240 2258.7
1292250 2259.8
1292260 2260.6
1292270 2261.6
1292280 2261.6
1292290 2262.8
1292300 2264.0
1292310 2264.0
1292320 2264.9
1292330 2265.6
1292340 2268.4
1292350 2268.8
1292360 2268.4
1292370 2268.4
1292380 2268.2
1292390 2272.4
1292400 2272.4
1292410 2276.9
1292420 2276.3
1292430 2276.3
1292440 2275.5
1292450 2275.9
1292460 2275.9
1292470 2277.1
1292480 2278.6
1292490 2280.9
1292500 2280.9
1292510 2284.1
1292520 2287.2
1292530 2287.2
1292540 2290.3
1292550 2293.6
1292560 2293.6
1292570 2297.0
1292580 2302.1
1292590 2302.1
1292600 2310.2
1292610 2319.9
1292620 2319.9
1292630 2326.2
1292640 2330.3
1292650 2330.3
1292660 2334.4
1292670 2337.4
1292680 2337.4
1292690 2340.2
1292700 2340.6
1292710 2340.6
1292720 2340.6
1292730 2341.3
1292740 2342.0
1292750 2342.0
1292760 2342.7
1292770 2343.9
1292780 2343.9
1292790 2345.2
1292800 2347.7
1292810 2347.7
1292820 2352.8
1292830 2357.8
1292840 2357.8
1292850 2363.0
1292860 2368.8
1292870 2368.8
1292880 2375.0
1292890 2381.1
1292900 2381.1
1292910 2386.9
1292920 2393.3
1292930 2393.3
1292940 2399.1
1292950 2405.3
1292960 2411.8
1292970 2411.8
1292980 2417.1
1292990 2422.6
1293000 2427.2
1293010 2433.2
1293020 2439.4
1293030 2439.4
1293040 2446.3
1293050 2454.2
1293060 2454.2
1293070 2461.8
1293080 2469.7
1293090 2469.7
1293100 2478.9
1293110 2488.5
1293120 2488.5
1293130 2496.7
1293140 2505.4
1293150 2505.4
1293160 2520.6
1293170 2539.9
1293180 2539.9
1293190 2554.8
1293200 2566.6
1293210 2576.8
1293220 2576.8
1293230 2584.1
1293240 2590.3
1293250 2590.3
1293260 2596.7
1293270 2605.6
1293280 2605.6
1293290 2610.5
1293300 2613.5
1293310 2613.5
1293320 2615.6
1293330 2616.4
1293340 2616.4
1293350 2617.1
1293360 2619.0
1293370 2619.0
1293380 2621.5
1293390 2625.6
1293400 2625.6
1293410 2628.7
1293420 2633.6
1293430 2636.7
1293440 2636.7
1293450 2637.2
1293460 2639.7
1293470 2639.7
1293480 2643.8
1293490 2648.4
1293500 2648.4
1293510 2653.1
1293520 2658.7
1293530 2658.7
1293540 2663.2
1293550 2668.4
1293560 2668.4
1293570 2673.4
1293580 2684.6
1293590 2684.6
1293600 2698.5
1293610 2710.9
1293620 2710.9
1293630 2711.5
1293640 2709.9
1293650 2709.9
1293660 2714.6
1293670 2715.0
1293680 2712.9
1293690 2712.9
1293700 2710.3
1293710 2708.2
1293720 2708.2
1293730 2706.8
1293740 2703.2
1293750 2703.2
1293760 2700.8
1293770 2699.7
1293780 2699.7
1293790 2699.1
1293800 2699.1
1293810 2699.1
1293820 2701.5
1293830 2703.1
1293840 2703.1
1293850 2703.7
1293860 2705.1
1293870 2705.1
1293880 2706.2
1293890 2707.3
1293900 2708.4
1293910 2708.4
1293920 2707.3
1293930 2706.3
1293940 2706.3
1293950 2705.3
1293960 2705.7
1293970 2705.7
1293980 2706.3
1293990 2707.5
1294000 2707.5
1294010 2707.7
1294020 2707.0
1294030 2707.0
1294040 2705.1
1294050 2702.1
1294060 2702.1
1294070 2699.4
1294080 2697.9
1294090 2697.9
1294100 2697.6
1294110 2696.5
1294120 2695.1
1294130 2695.1
1294140 2694.3
1294150 2692.9
1294160 2692.9
1294170 2691.2
1294180 2693.3
1294190 2693.3
1294200 2694.8
1294210 2696.9
1294220 2696.9
1294230 2701.5
1294240 2702.1
1294250 2702.1
1294260 2701.7
1294270 2700.5
1294280 2700.5
1294290 2699.6
1294300 2698.3
1294310 2698.3
1294320 2698.0
1294330 2699.6
1294340 2699.6
1294350 2701.9
1294360 2704.0
1294370 2706.5
1294380 2706.5
1294390 2708.1
1294400 2709.2
1294410 2709.2
1294420 2710.8
1294430 2712.5
1294440 2712.5
1294450 2713.4
1294460 2714.7
1294470 2714.7
1294480 2715.2
1294490 2715.1
1294500 2715.1
1294510 2713.7
1294520 2712.8
1294530 2712.8
1294540 2713.4
1294550 2713.9
1294560 2713.9
1294570 2714.3
1294580 2714.9
1294590 2716.3
1294600 2716.3
1294610 2718.1
1294620 2719.3
1294630 2719.3
1294640 2721.1
1294650 2722.1
1294660 2722.1
1294670 2722.0
1294680 2721.2
1294690 2721.2
1294700 2721.3
1294710 2721.1
1294720 2721.1
1294730 2719.7
1294740 2718.5
1294750 2718.5
1294760 2719.9
1294770 2719.9
1294780 2719.9
1294790 2717.1
1294800 2715.7
1294810 2715.7
1294820 2715.2
1294830 2716.0
1294840 2717.6
1294850 2717.6
1294860 2719.5
1294870 2721.9
1294880 2721.9
1294890 2723.6
1294900 2725.7
1294910 2725.7
1294920 2728.0
1294930 2730.3
1294940 2730.3
1294950 2733.2
1294960 2736.4
1294970 2736.4
1294980 2736.1
1294990 2734.0
1295000 2735.4
1295010 2735.4
1295020 2736.9
1295030 2736.9
1295040 2736.7
1295050 2734.9
1295060 2731.3
1295070 2731.3
1295080 2729.8
1295090 2728.1
1295100 2728.1
1295110 2724.0
1295120 2719.5
1295130 2719.5
1295140 2716.2
1295150 2713.1
1295160 2713.1
1295170 2710.3
1295180 2706.6
1295190 2706.6
1295200 2703.0
1295210 2699.8
1295220 2699.8
1295230 2698.5
1295240 2698.8
1295250 2698.8
1295260 2699.1
1295270 2696.4
1295280 2696.4
1295290 2692.9
1295300 2690.5
1295310 2689.2
1295320 2689.2
1295330 2684.8
1295340 2681.4
1295350 2681.4
1295360 2678.9
1295370 2676.4
1295380 2676.4
1295390 2672.2
1295400 2665.1
1295410 2665.1
1295420 2653.6
1295430 2639.1
1295440 2639.1
1295450 2626.5
1295460 2617.0
1295470 2617.0
1295480 2607.2
1295490 2596.2
1295500 2596.2
1295510 2587.6
1295520 2580.2
1295530 2571.0
1295540 2571.0
1295550 2554.8
1295560 2538.4
1295570 2538.4
1295580 2532.0
1295590 2526.4
1295600 2526.4
1295610 2521.4
1295620 2517.4
1295630 2517.4
1295640 2514.0
1295650 2511.5
1295660 2511.5
1295670 2512.0
1295680 2510.9
1295690 2510.9
1295700 2509.4
1295710 2508.4
1295720 2508.4
1295730 2504.4
1295740 2498.9
1295750 2496.1
1295760 2496.1
1295770 2494.9
1295780 2492.6
1295790 2492.6
1295800 2489.1
1295810 2487.6
1295820 2487.6
1295830 2487.2
1295840 2487.6
1295850 2487.6
1295860 2486.7
1295870 2485.3
1295880 2485.3
1295890 2483.6
1295900 2479.8
1295910 2479.8
1295920 2473.8
1295930 2467.9
1295940 2467.9
1295950 2463.2
1295960 2459.3
1295970 2459.3
1295980 2458.7
1295990 2461.7
1296000 2464.5
1296010 2464.5
1296020 2466.4
1296030 2469.6
1296040 2469.6
1296050 2473.4
1296060 2476.2
1296070 2476.2
1296080 2477.9
1296090 2480.6
1296100 2480.6
1296110 2484.3
1296120 2485.6
1296130 2485.6
1296140 2479.7
1296150 2473.1
1296160 2473.1
1296170 2469.8
1296180 2468.2
1296190 2468.2
1296200 2466.6
1296210 2466.6
1296220 2467.0
1296230 2467.0
1296240 2467.9
1296250 2469.1
1296260 2469.1
1296270 2470.7
1296280 2472.2
1296290 2472.2
1296300 2474.1
1296310 2476.3
1296320 2476.3
1296330 2478.3
1296340 2486.4
1296350 2486.4
1296360 2488.6
1296370 2491.8
1296380 2491.8
1296390 2494.9
1296400 2497.8
1296410 2497.8
1296420 2500.8
1296430 2503.9
1296440 2503.9
1296450 2507.4
1296460 2511.0
1296470 2514.6
1296480 2514.6
1296490 2518.5
1296500 2522.0
1296510 2522.0
1296520 2525.0
1296530 2528.5
1296540 2528.5
1296550 2533.8
1296560 2540.9
1296570 2540.9
1296580 2547.4
1296590 2550.6
1296600 2550.6
1296610 2553.5
1296620 2556.5
1296630 2556.5
1296640 2560.3
1296650 2563.6
1296660 2563.6
1296670 2566.2
1296680 2568.4
1296690 2572.3
1296700 2572.3
1296710 2577.3
1296720 2579.9
1296730 2579.9
1296740 2579.0
1296750 2577.3
1296760 2577.3
1296770 2573.2
1296780 2563.0
1296790 2563.0
1296800 2550.3
1296810 2533.8
1296820 2533.8
1296830 2519.3
1296840 2506.5
1296850 2506.5
1296860 2498.3
1296870 2491.2
1296880 2491.2
1296890 2484.0
1296900 2476.6
1296910 2469.3
1296920 2469.3
1296930 2462.4
1296940 2455.8
1296950 2455.8
1296960 2448.8
1296970 2441.9
1296980 2441.9
1296990 2435.4
1297000 2429.8
1297010 2429.8
1297020 2425.1
1297030 2421.5
1297040 2421.5
1297050 2418.9
1297060 2417.1
1297070 2417.1
1297080 2416.6
1297090 2416.7
1297100 2416.7
1297110 2416.1
1297120 2415.2
1297130 2415.2
1297140 2413.4
1297150 2411.1
1297160 2410.0
1297170 2410.0
1297180 2410.0
1297190 2409.8
1297200 2409.8
1297210 2410.3
1297220 2412.0
1297230 2412.0
1297240 2414.3
1297250 2416.3
1297260 2416.3
1297270 2416.8
1297280 2414.1
1297290 2414.1
1297300 2410.3
1297310 2407.4
1297320 2407.4
1297330 2404.8
1297340 2401.0
1297350 2401.0
1297360 2396.1
1297370 2393.6
1297380 2393.6
1297390 2393.6
1297400 2393.5
1297410 2391.4
1297420 2391.4
1297430 2388.4
1297440 2386.2
1297450 2386.2
1297460 2383.6
1297470 2382.0
1297480 2382.0
1297490 2379.7
1297500 2372.8
1297510 2372.8
1297520 2357.3
1297530 2345.9
1297540 2345.9
1297550 2340.4
1297560 2335.4
1297570 2335.4
1297580 2329.4
1297590 2322.5
1297600 2322.5
1297610 2315.4
1297620 2309.2
1297630 2302.7
1297640 2302.7
1297650 2298.0
1297660 2292.3
1297670 2292.3
1297680 2282.9
1297690 2270.6
1297700 2270.6
1297710 2262.5
1297720 2255.6
1297730 2255.6
1297740 2250.6
1297750 2248.9
1297760 2248.9
1297770 2250.9
1297780 2249.5
1297790 2249.5
1297800 2245.7
1297810 2243.1
1297820 2243.1
1297830 2241.0
1297840 2238.7
1297850 2235.5
1297860 2235.5
1297870 2232.3
1297880 2229.8
1297890 2229.8
1297900 2228.0
1297910 2228.1
1297920 2228.1
1297930 2226.2
1297940 2223.3
1297950 2223.3
1297960 2220.5
1297970 2218.6
1297980 2218.6
1297990 2216.9
1298000 2215.0
1298010 2215.0
1298020 2213.8
1298030 2212.8
1298040 2212.8
1298050 2212.0
1298060 2209.9
1298070 2209.9
1298080 2204.8
1298090 2201.6
1298100 2200.5
1298110 2200.5
1298120 2200.1
1298130 2199.5
1298140 2199.5
1298150 2197.9
1298160 2195.6
1298170 2195.6
1298180 2192.2
1298190 2190.8
1298200 2190.8
1298210 2190.0
1298220 2189.9
1298230 2189.9
1298240 2191.3
1298250 2190.9
1298260 2190.9
1298270 2190.2
1298280 2189.9
1298290 2189.9
1298300 2188.9
1298310 2187.7
1298320 2186.6
1298330 2186.6
1298340 2184.9
1298350 2182.8
1298360 2182.8
1298370 2180.6
1298380 2176.8
1298390 2176.8
1298400 2174.5
1298410 2172.1
1298420 2172.1
1298430 2169.5
1298440 2165.9
1298450 2165.9
1298460 2162.1
1298470 2158.0
1298480 2158.0
1298490 2151.9
1298500 2145.2
1298510 2145.2
1298520 2138.7
1298530 2133.4
1298540 2130.1
1298550 2130.1
1298560 2127.6
1298570 2125.1
1298580 2125.1
1298590 2123.5
1298600 2121.7
1298610 2121.7
1298620 2119.5
1298630 2117.2
1298640 2117.2
1298650 2114.5
1298660 2111.3
1298670 2111.3
1298680 2108.8
1298690 2105.6
1298700 2105.6
1298710 2101.0
1298720 2096.4
1298730 2096.4
1298740 2091.3
1298750 2087.3
1298760 2087.3
1298770 2083.1
1298780 2078.6
1298790 2076.3
1298800 2076.3
1298810 2075.1
1298820 2075.5
1298830 2075.5
1298840 2076.8
1298850 2076.0
1298860 2076.0
1298870 2074.1
1298880 2073.5
1298890 2073.5
1298900 2071.6
1298910 2069.4
1298920 2069.4
1298930 2067.3
1298940 2065.9
1298950 2065.9
1298960 2065.2
1298970 2063.7
1298980 2063.7
1298990 2061.5
1299000 2058.2
1299010 2057.3
1299020 2057.3
1299030 2056.5
1299040 2054.5
1299050 2054.5
1299060 2047.2
1299070 2045.8
1299080 2045.8
1299090 2044.3
1299100 2043.1
1299110 2043.1
1299120 2042.3
1299130 2041.6
1299140 2041.6
1299150 2040.7
1299160 2040.1
1299170 2040.1
1299180 2039.3
1299190 2039.3
1299200 2039.3
1299210 2038.4
1299220 2037.3
1299230 2037.3
1299240 2035.9
1299250 2033.3
1299260 2032.7
1299270 2032.7
1299280 2032.7
1299290 2032.1
1299300 2032.1
1299310 2031.0
1299320 2029.7
1299330 2029.7
1299340 2028.1
1299350 2025.4
1299360 2025.4
1299370 2022.5
1299380 2019.3
1299390 2019.3
1299400 2016.2
1299410 2013.0
1299420 2013.0
1299430 2010.9
1299440 2009.8
1299450 2009.8
1299460 2008.4
1299470 2006.6
1299480 2004.5
1299490 2004.5
1299500 2002.2
1299510 1999.5
1299520 1999.5
1299530 1997.9
1299540 1996.6
1299550 1996.6
1299560 1994.6
1299570 1992.6
1299580 1992.6
1299590 1990.0
1299600 1988.0
1299610 1988.0
1299620 1986.0
1299630 1984.5
1299640 1984.5
1299650 1982.5
1299660 1980.6
1299670 1980.6
1299680 1978.8
1299690 1977.9
1299700 1977.6
1299710 1977.6
1299720 1977.1
1299730 1977.4
1299740 1977.4
1299750 1976.5
1299760 1976.1
1299770 1976.1
1299780 1976.0
1299790 1973.2
1299800 1973.2
1299810 1967.8
1299820 1962.2
1299830 1962.2
1299840 1957.8
1299850 1952.4
1299860 1952.4
1299870 1947.6
1299880 1944.1
1299890 1944.1
1299900 1942.4
1299910 1942.1
1299920 1942.1
1299930 1940.7
1299940 1940.2
1299950 1942.1
1299960 1942.1
1299970 1946.6
1299980 1952.8
1299990 1952.8
