1280000 1986.9
1280010 1986.9
1280020 1988.0
1280030 1989.6
1280040 1989.6
1280050 1991.1
1280060 1994.0
1280070 1994.0
1280080 1997.9
1280090 2001.2
1280100 2001.2
1280110 2004.4
1280120 2006.5
1280130 2007.1
1280140 2007.1
1280150 2007.4
1280160 2007.8
1280170 2007.8
1280180 2008.7
1280190 2008.7
1280200 2008.7
1280210 2008.8
1280220 2008.3
1280230 2008.3
1280240 2007.6
1280250 2007.6
1280260 2007.6
1280270 2007.3
1280280 2007.0
1280290 2007.0
1280300 2005.8
1280310 2003.2
1280320 2003.2
1280330 2003.4
1280340 2002.6
1280350 2000.6
1280360 2000.6
1280370 1999.0
1280380 1997.3
1280390 1997.3
1280400 1995.6
1280410 1992.6
1280420 1992.6
1280430 1991.5
1280440 1991.3
1280450 1991.3
1280460 1990.2
1280470 1989.2
1280480 1989.2
1280490 1988.1
1280500 1986.6
1280510 1986.6
1280520 1984.5
1280530 1983.5
1280540 1983.5
1280550 1983.4
1280560 1983.8
1280570 1983.6
1280580 1983.6
1280590 1983.2
1280600 1980.9
1280610 1980.9
1280620 1981.2
1280630 1981.0
1280640 1981.0
1280650 1981.2
1280660 1981.6
1280670 1981.6
1280680 1982.5
1280690 1984.6
1280700 1984.6
1280710 1986.9
1280720 1986.4
1280730 1986.4
1280740 1985.4
1280750 1983.0
1280760 1983.0
1280770 1979.8
1280780 1977.0
1280790 1977.0
1280800 1975.0
1280810 1975.9
1280820 1978.8
1280830 1978.8
1280840 1980.0
1280850 1980.1
1280860 1980.1
1280870 1980.2
1280880 1980.1
1280890 1980.1
1280900 1979.6
1280910 1980.9
1280920 1980.9
1280930 1983.2
1280940 1984.3
1280950 1984.3
1280960 1985.6
1280970 1985.7
1280980 1985.7
1280990 1985.4
1281000 1984.5
1281010 1984.5
1281020 1983.1
1281030 1980.3
1281040 1977.2
1281050 1977.2
1281060 1974.8
1281070 1973.2
1281080 1973.2
1281090 1972.4
1281100 1971.7
1281110 1971.7
1281120 1970.4
1281130 1969.1
1281140 1969.1
1281150 1969.1
1281160 1968.8
1281170 1968.8
1281180 1971.2
1281190 1976.0
1281200 1976.0
1281210 1980.7
1281220 1985.8
1281230 1979.3
1281240 1982.1
1281250 1981.4
1281260 1981.4
1281270 1980.7
1281280 1980.5
1281290 1980.3
1281300 1980.3
1281310 1980.1
1281320 1980.4
1281330 1980.4
1281340 1980.3
1281350 1979.5
1281360 1979.5
1281370 1978.6
1281380 1978.4
1281390 1978.4
1281400 1978.3
1281410 1978.2
1281420 1978.2
1281430 1978.1
1281440 1977.5
1281450 1977.5
1281460 1976.5
1281470 1975.5
1281480 1975.5
1281490 1974.9
1281500 1974.5
1281510 1973.6
1281520 1973.6
1281530 1972.8
1281540 1972.0
1281550 1972.0
1281560 1971.0
1281570 1969.6
1281580 1969.6
1281590 1968.2
1281600 1967.3
1281610 1967.3
1281620 1966.4
1281630 1964.9
1281640 1964.9
1281650 1963.6
1281660 1962.1
1281670 1962.1
1281680 1961.0
1281690 1960.1
1281700 1960.1
1281710 1959.7
1281720 1958.8
1281730 1958.8
1281740 1956.5
1281750 1953.0
1281760 1951.9
1281770 1951.9
1281780 1952.1
1281790 1951.9
1281800 1951.9
1281810 1950.2
1281820 1948.5
1281830 1948.5
1281840 1945.8
1281850 1940.9
1281860 1940.9
1281870 1939.2
1281880 1937.2
1281890 1937.2
1281900 1935.4
1281910 1934.2
1281920 1934.2
1281930 1933.3
1281940 1932.1
1281950 1932.1
1281960 1931.1
1281970 1930.6
1281980 1929.9
1281990 1929.9
1282000 1928.3
1282010 1926.5
1282020 1926.5
1282030 1924.6
1282040 1923.1
1282050 1923.1
1282060 1921.3
1282070 1919.2
1282080 1919.2
1282090 1917.3
1282100 1915.2
1282110 1915.2
1282120 1912.9
1282130 1910.5
1282140 1910.5
1282150 1908.9
1282160 1906.6
1282170 1906.6
1282180 1904.1
1282190 1902.3
1282200 1901.3
1282210 1901.3
1282220 1900.3
1282230 1897.4
1282240 1897.4
1282250 1894.7
1282260 1892.7
1282270 1892.7
1282280 1890.8
1282290 1891.0
1282300 1891.0
1282310 1891.7
1282320 1890.1
1282330 1890.1
1282340 1890.2
1282350 1889.2
1282360 1889.2
1282370 1888.5
1282380 1885.9
1282390 1885.9
1282400 1882.4
1282410 1878.3
1282420 1878.3
1282430 1873.8
1282440 1869.7
1282450 1868.5
1282460 1868.5
1282470 1868.4
1282480 1864.0
1282490 1864.0
1282500 1863.3
1282510 1861.7
1282520 1861.7
1282530 1862.3
1282540 1863.0
1282550 1863.0
1282560 1865.3
1282570 1867.4
1282580 1867.4
1282590 1868.9
1282600 1871.3
1282610 1871.3
1282620 1873.8
1282630 1876.0
1282640 1876.0
1282650 1878.9
1282660 1881.5
1282670 1884.3
1282680 1884.3
1282690 1887.0
1282700 1889.6
1282710 1889.6
1282720 1891.8
1282730 1894.2
1282740 1894.2
1282750 1897.0
1282760 1900.0
1282770 1900.0
1282780 1902.9
1282790 1905.8
1282800 1905.8
1282810 1908.3
1282820 1910.6
1282830 1910.6
1282840 1913.1
1282850 1915.2
1282860 1915.2
1282870 1917.0
1282880 1918.7
1282890 1918.7
1282900 1920.2
1282910 1922.2
1282920 1923.6
1282930 1923.6
1282940 1924.0
1282950 1923.6
1282960 1923.6
1282970 1922.7
1282980 1921.6
1282990 1921.6
1283000 1920.1
1283010 1917.5
1283020 1917.5
1283030 1914.4
1283040 1911.7
1283050 1911.7
1283060 1909.7
1283070 1907.6
1283080 1907.6
1283090 1904.6
1283100 1901.7
1283110 1898.3
1283120 1895.4
1283130 1891.8
1283140 1887.9
1283150 1887.9
1283160 1883.9
1283170 1880.2
1283180 1880.2
1283190 1876.9
1283200 1873.9
1283210 1873.9
1283220 1871.0
1283230 1867.2
1283240 1867.2
1283250 1864.1
1283260 1860.3
1283270 1860.3
1283280 1856.3
1283290 1851.7
1283300 1851.7
1283310 1846.0
1283320 1840.0
1283330 1840.0
1283340 1834.0
1283350 1828.4
1283360 1821.9
1283370 1821.9
1283380 1816.0
1283390 1809.6
1283400 1809.6
1283410 1802.8
1283420 1796.5
1283430 1796.5
1283440 1790.7
1283450 1784.8
1283460 1784.8
1283470 1778.4
1283480 1771.6
1283490 1771.6
1283500 1764.9
1283510 1758.7
1283520 1758.7
1283530 1754.6
1283540 1752.5
1283550 1752.5
1283560 1750.7
1283570 1749.3
1283580 1749.3
1283590 1748.6
1283600 1747.5
1283610 1743.9
1283620 1743.9
1283630 1738.8
1283640 1732.0
1283650 1732.0
1283660 1724.9
1283670 1715.8
1283680 1715.8
1283690 1707.2
1283700 1707.8
1283710 1707.8
1283720 1713.5
1283730 1720.1
1283740 1714.8
1283750 1719.5
1283760 1723.6
1283770 1723.6
1283780 1726.8
1283790 1729.3
1283800 1729.3
1283810 1730.5
1283820 1731.7
1283830 1734.4
1283840 1734.4
1283850 1737.0
1283860 1738.9
1283870 1738.9
1283880 1741.2
1283890 1742.7
1283900 1742.7
1283910 1745.3
1283920 1749.8
1283930 1749.8
1283940 1754.7
1283950 1759.3
1283960 1759.3
1283970 1763.9
1283980 1769.2
1283990 1769.2
1284000 1774.4
1284010 1778.8
1284020 1778.8
1284030 1783.0
1284040 1786.6
1284050 1786.6
1284060 1787.5
1284070 1786.2
1284080 1783.9
1284090 1783.9
1284100 1781.3
1284110 1778.4
1284120 1778.4
1284130 1775.6
1284140 1772.6
1284150 1772.6
1284160 1769.2
1284170 1765.7
1284180 1765.7
1284190 1760.6
1284200 1755.7
1284210 1755.7
1284220 1750.9
1284230 1746.2
1284240 1746.2
1284250 1741.3
1284260 1736.4
1284270 1736.4
1284280 1731.4
1284290 1725.4
1284300 1719.0
1284310 1719.0
1284320 1712.4
1284330 1706.7
1284340 1706.7
1284350 1702.1
1284360 1697.5
1284370 1694.6
1284380 1691.6
1284390 1691.9
1284400 1691.9
1284410 1692.5
1284420 1691.6
1284430 1691.6
1284440 1690.6
1284450 1690.4
1284460 1690.4
1284470 1690.6
1284480 1691.2
1284490 1691.2
1284500 1691.2
1284510 1690.2
1284520 1687.7
1284530 1687.7
1284540 1684.4
1284550 1680.7
1284560 1680.7
1284570 1677.0
1284580 1672.5
1284590 1672.5
1284600 1667.8
1284610 1663.7
1284620 1663.7
1284630 1659.9
1284640 1655.8
1284650 1655.8
1284660 1650.7
1284670 1644.8
1284680 1644.8
1284690 1638.1
1284700 1631.8
1284710 1631.8
1284720 1626.8
1284730 1623.7
1284740 1623.7
1284750 1621.7
1284760 1619.0
1284770 1615.2
1284780 1615.2
1284790 1613.0
1284800 1611.7
1284810 1611.7
1284820 1610.5
1284830 1608.7
1284840 1608.7
1284850 1607.0
1284860 1605.4
1284870 1605.4
1284880 1603.0
1284890 1599.1
1284900 1599.1
1284910 1594.9
1284920 1590.5
1284930 1590.5
1284940 1586.0
1284950 1580.2
1284960 1580.2
1284970 1572.3
1284980 1567.1
1284990 1570.9
1285000 1570.9
1285010 1574.4
1285020 1581.8
1285030 1581.8
1285040 1585.9
1285050 1591.5
1285060 1591.5
1285070 1593.8
1285080 1594.4
1285090 1594.4
1285100 1594.9
1285110 1596.7
1285120 1596.7
1285130 1598.7
1285140 1599.3
1285150 1599.3
1285160 1598.0
1285170 1596.3
1285180 1596.3
1285190 1593.2
1285200 1589.6
1285210 1589.6
1285220 1587.7
1285230 1586.7
1285240 1585.5
1285250 1585.5
1285260 1584.3
1285270 1582.5
1285280 1582.5
1285290 1581.9
1285300 1581.5
1285310 1581.5
1285320 1581.4
1285330 1581.8
1285340 1581.8
1285350 1582.1
1285360 1582.2
1285370 1582.2
1285380 1580.6
1285390 1578.3
1285400 1578.3
1285410 1576.7
1285420 1575.1
1285430 1575.1
1285440 1573.9
1285450 1573.0
1285460 1572.3
1285470 1572.3
1285480 1571.7
1285490 1571.1
1285500 1571.1
1285510 1570.1
1285520 1567.7
1285530 1567.7
1285540 1565.9
1285550 1564.8
1285560 1564.8
1285570 1563.7
1285580 1562.1
1285590 1562.1
1285600 1560.3
1285610 1558.0
1285620 1558.0
1285630 1555.1
1285640 1550.0
1285650 1550.0
1285660 1550.7
1285670 1552.0
1285680 1553.1
1285690 1553.1
1285700 1554.0
1285710 1554.8
1285720 1554.8
1285730 1555.1
1285740 1554.3
1285750 1554.3
1285760 1552.8
1285770 1551.4
1285780 1551.4
1285790 1550.1
1285800 1548.4
1285810 1548.4
1285820 1545.6
1285830 1542.5
1285840 1542.5
1285850 1538.9
1285860 1535.9
1285870 1535.9
1285880 1533.3
1285890 1531.0
1285900 1531.0
1285910 1529.4
1285920 1527.7
1285930 1526.1
1285940 1526.1
1285950 1524.8
1285960 1523.2
1285970 1523.2
1285980 1521.1
1285990 1518.6
1286000 1518.6
1286010 1517.5
1286020 1516.1
1286030 1516.1
1286040 1513.7
1286050 1511.0
1286060 1511.0
1286070 1509.1
1286080 1507.4
1286090 1507.4
1286100 1505.5
1286110 1500.1
1286120 1500.1
1286130 1493.0
1286140 1488.3
1286150 1484.7
1286160 1484.7
1286170 1480.8
1286180 1477.0
1286190 1477.0
1286200 1472.3
1286210 1466.4
1286220 1466.4
1286230 1461.5
1286240 1456.6
1286250 1456.6
1286260 1450.4
1286270 1444.8
1286280 1442.7
1286290 1437.3
1286300 1435.0
1286310 1435.0
1286320 1438.1
1286330 1442.1
1286340 1442.1
1286350 1444.7
1286360 1447.8
1286370 1447.8
1286380 1451.1
1286390 1455.2
1286400 1459.6
1286410 1459.6
1286420 1463.9
1286430 1468.6
1286440 1468.6
1286450 1473.5
1286460 1478.2
1286470 1478.2
1286480 1482.9
1286490 1485.1
1286500 1485.1
1286510 1489.5
1286520 1496.7
1286530 1496.7
1286540 1501.8
1286550 1504.1
1286560 1504.1
1286570 1505.6
1286580 1507.1
1286590 1507.1
1286600 1508.6
1286610 1510.7
1286620 1512.9
1286630 1512.9
1286640 1515.1
1286650 1517.6
1286660 1517.6
1286670 1520.7
1286680 1524.0
1286690 1524.0
1286700 1527.5
1286710 1530.8
1286720 1530.8
1286730 1533.7
1286740 1536.1
1286750 1536.1
1286760 1539.3
1286770 1542.9
1286780 1542.9
1286790 1545.8
1286800 1548.6
1286810 1548.6
1286820 1551.1
1286830 1553.9
1286840 1557.8
1286850 1557.8
1286860 1560.8
1286870 1563.7
1286880 1563.7
1286890 1566.5
1286900 1571.7
1286910 1571.7
1286920 1578.1
1286930 1582.0
1286940 1582.0
1286950 1584.9
1286960 1587.8
1286970 1587.8
1286980 1590.4
1286990 1593.5
1287000 1593.5
1287010 1597.1
1287020 1600.0
1287030 1600.0
1287040 1603.0
1287050 1605.9
1287060 1605.9
1287070 1607.8
1287080 1609.0
1287090 1610.3
1287100 1610.3
1287110 1612.1
1287120 1614.0
1287130 1614.0
1287140 1615.7
1287150 1618.5
1287160 1618.5
1287170 1622.5
1287180 1626.0
1287190 1626.0
1287200 1630.9
1287210 1636.6
1287220 1636.6
1287230 1641.2
1287240 1645.7
1287250 1645.7
1287260 1649.8
1287270 1654.4
1287280 1654.4
1287290 1658.4
1287300 1662.0
1287310 1664.4
1287320 1664.4
1287330 1665.8
1287340 1666.0
1287350 1666.0
1287360 1666.8
1287370 1668.6
1287380 1668.6
1287390 1670.8
1287400 1673.1
1287410 1673.1
1287420 1675.6
1287430 1678.5
1287440 1678.5
1287450 1682.2
1287460 1686.8
1287470 1686.8
1287480 1691.9
1287490 1696.6
1287500 1696.6
1287510 1700.5
1287520 1704.0
1287530 1704.0
1287540 1707.2
1287550 1709.6
1287560 1712.5
1287570 1711.4
1287580 1714.1
1287590 1716.6
1287600 1716.6
1287610 1718.8
1287620 1721.2
1287630 1721.2
1287640 1723.8
1287650 1726.2
1287660 1726.2
1287670 1728.5
1287680 1730.6
1287690 1730.6
1287700 1732.9
1287710 1735.3
1287720 1735.3
1287730 1736.5
1287740 1737.4
1287750 1737.4
1287760 1741.4
1287770 1745.0
1287780 1747.9
1287790 1747.9
1287800 1750.6
1287810 1753.5
1287820 1753.5
1287830 1756.0
1287840 1758.5
1287850 1758.5
1287860 1761.3
1287870 1764.8
1287880 1764.8
1287890 1769.4
1287900 1774.4
1287910 1774.4
1287920 1780.0
1287930 1784.5
1287940 1784.5
1287950 1788.1
1287960 1791.2
1287970 1791.2
1287980 1795.0
1287990 1801.3
1288000 1806.3
1288010 1806.3
1288020 1808.7
1288030 1811.4
1288040 1811.4
1288050 1814.9
1288060 1819.1
1288070 1819.1
1288080 1823.0
1288090 1826.3
1288100 1826.3
1288110 1829.0
1288120 1832.4
1288130 1832.4
1288140 1835.5
1288150 1838.1
1288160 1838.1
1288170 1841.1
1288180 1845.9
1288190 1845.9
1288200 1849.4
1288210 1856.5
1288220 1856.5
1288230 1858.6
1288240 1859.0
1288250 1863.9
1288260 1863.9
1288270 1867.6
1288280 1872.0
1288290 1872.0
1288300 1876.3
1288310 1880.0
1288320 1880.0
1288330 1881.9
1288340 1883.6
1288350 1883.6
1288360 1885.7
1288370 1889.4
1288380 1889.4
1288390 1893.2
1288400 1896.2
1288410 1896.2
1288420 1898.8
1288430 1900.9
1288440 1900.9
1288450 1903.7
1288460 1906.3
1288470 1909.3
1288480 1909.3
1288490 1912.4
1288500 1915.9
1288510 1915.9
1288520 1920.1
1288530 1924.5
1288540 1924.5
1288550 1929.1
1288560 1932.9
1288570 1932.9
1288580 1937.3
1288590 1941.7
1288600 1941.7
1288610 1945.4
1288620 1950.3
1288630 1950.3
1288640 1954.5
1288650 1957.4
1288660 1957.4
1288670 1959.0
1288680 1961.5
1288690 1961.5
1288700 1964.2
1288710 1966.5
1288720 1968.6
1288730 1968.6
1288740 1971.5
1288750 1974.6
1288760 1974.6
1288770 1978.3
1288780 1982.4
1288790 1982.4
1288800 1986.4
1288810 1989.8
1288820 1989.8
1288830 1993.4
1288840 1996.9
1288850 1996.9
1288860 2000.2
1288870 2004.1
1288880 2004.1
1288890 2008.2
1288900 2012.7
1288910 2012.7
1288920 2017.4
1288930 2022.5
1288940 2026.4
1288950 2026.4
1288960 2029.9
1288970 2036.0
1288980 2036.0
1288990 2044.9
1289000 2053.4
1289010 2053.4
1289020 2061.8
1289030 2070.1
1289040 2070.1
1289050 2078.2
1289060 2086.8
1289070 2086.8
1289080 2095.6
1289090 2103.1
1289100 2103.1
1289110 2109.7
1289120 2116.5
1289130 2116.5
1289140 2119.2
1289150 2120.8
1289160 2122.6
1289170 2122.6
1289180 2126.0
1289190 2131.1
1289200 2131.1
1289210 2137.7
1289220 2144.0
1289230 2144.0
1289240 2150.2
1289250 2157.0
1289260 2157.0
1289270 2164.6
1289280 2171.4
1289290 2171.4
1289300 2177.0
1289310 2181.5
1289320 2181.5
1289330 2186.3
1289340 2191.2
1289350 2191.2
1289360 2195.7
1289370 2200.7
1289380 2200.7
1289390 2209.4
1289400 2219.2
1289410 2227.5
1289420 2227.5
1289430 2233.2
1289440 2236.9
1289450 2236.9
1289460 2242.2
1289470 2249.4
1289480 2249.4
1289490 2258.0
1289500 2268.3
1289510 2267.6
1289520 2279.4
1289530 2291.8
1289540 2291.8
1289550 2297.3
1289560 2304.3
1289570 2304.3
1289580 2295.2
1289590 2283.2
1289600 2283.2
1289610 2274.9
1289620 2264.8
1289630 2256.6
1289640 2256.6
1289650 2249.5
1289660 2243.3
1289670 2243.3
1289680 2238.6
1289690 2234.1
1289700 2234.1
1289710 2229.9
1289720 2226.2
1289730 2226.2
1289740 2223.4
1289750 2221.0
1289760 2221.0
1289770 2217.3
1289780 2213.1
1289790 2213.1
1289800 2209.3
1289810 2204.5
1289820 2204.5
1289830 2199.8
1289840 2195.0
1289850 2195.0
1289860 2191.0
1289870 2188.1
1289880 2184.7
1289890 2184.7
1289900 2180.4
1289910 2175.9
1289920 2175.9
1289930 2171.5
1289940 2166.7
1289950 2166.7
1289960 2161.8
1289970 2157.8
1289980 2157.8
1289990 2154.6
1290000 2151.6
1290010 2151.6
1290020 2150.5
1290030 2150.0
1290040 2150.0
1290050 2149.1
1290060 2147.7
1290070 2147.7
1290080 2144.8
1290090 2140.3
1290100 2136.9
1290110 2136.9
1290120 2136.6
1290130 2138.8
1290140 2138.8
1290150 2142.8
1290160 2145.9
1290170 2145.9
1290180 2151.0
1290190 2155.5
1290200 2155.5
1290210 2160.8
1290220 2167.0
1290230 2167.0
1290240 2173.4
1290250 2179.9
1290260 2179.9
1290270 2184.9
1290280 2189.5
1290290 2189.5
1290300 2195.3
1290310 2200.8
1290320 2205.9
1290330 2205.9
1290340 2212.4
1290350 2219.7
1290360 2219.7
1290370 2227.5
1290380 2235.4
1290390 2235.4
1290400 2242.9
1290410 2250.5
1290420 2250.5
1290430 2257.8
1290440 2264.2
1290450 2264.2
1290460 2270.1
1290470 2275.3
1290480 2275.3
1290490 2282.3
1290500 2288.9
1290510 2288.9
1290520 2294.8
1290530 2300.2
1290540 2300.2
1290550 2304.4
1290560 2308.9
1290570 2314.0
1290580 2314.0
1290590 2319.0
1290600 2323.1
1290610 2323.1
1290620 2322.0
1290630 2318.1
1290640 2318.1
1290650 2312.9
1290660 2304.6
1290670 2304.6
1290680 2296.5
1290690 2291.9
1290700 2291.9
1290710 2287.1
1290720 2281.7
1290730 2281.7
1290740 2277.7
1290750 2273.8
1290760 2273.8
1290770 2268.4
1290780 2262.8
1290790 2257.9
1290800 2257.9
1290810 2253.8
1290820 2253.4
1290830 2253.4
1290840 2249.5
1290850 2249.0
1290860 2249.0
1290870 2249.5
1290880 2248.3
1290890 2248.3
1290900 2247.0
1290910 2245.2
1290920 2245.2
1290930 2242.9
1290940 2240.8
1290950 2240.8
1290960 2240.0
1290970 2233.6
1290980 2233.6
1290990 2226.1
1291000 2220.8
1291010 2220.8
1291020 2216.1
1291030 2212.2
1291040 2208.2
1291050 2208.2
1291060 2204.5
1291070 2200.4
1291080 2200.4
1291090 2195.9
1291100 2192.1
1291110 2192.1
1291120 2193.8
1291130 2198.5
1291140 2198.5
1291150 2203.3
1291160 2205.5
1291170 2205.5
1291180 2206.2
1291190 2205.6
1291200 2205.6
1291210 2202.8
1291220 2197.3
1291230 2197.3
1291240 2189.1
1291250 2189.7
1291260 2192.8
1291270 2192.8
1291280 2193.2
1291290 2193.4
1291300 2193.4
1291310 2193.1
1291320 2192.0
1291330 2192.0
1291340 2190.4
1291350 2188.2
1291360 2188.2
1291370 2186.1
1291380 2184.1
1291390 2184.1
1291400 2181.7
1291410 2179.0
1291420 2179.0
1291430 2174.4
1291440 2170.9
1291450 2170.9
1291460 2170.6
1291470 2175.6
1291480 2178.1
1291490 2178.1
1291500 2179.3
1291510 2181.0
1291520 2181.0
1291530 2184.8
1291540 2188.7
1291550 2188.7
1291560 2190.9
1291570 2195.8
1291580 2195.8
1291590 2202.5
1291600 2208.7
1291610 2208.7
1291620 2214.4
1291630 2220.5
1291640 2220.5
1291650 2227.9
1291660 2234.2
1291670 2234.2
1291680 2240.4
1291690 2244.8
1291700 2244.8
1291710 2248.4
1291720 2251.3
1291730 2253.3
1291740 2253.3
1291750 2254.9
1291760 2257.2
1291770 2257.2
1291780 2258.2
1291790 2260.3
1291800 2260.3
1291810 2265.0
1291820 2269.1
1291830 2269.1
1291840 2274.1
1291850 2280.9
1291860 2280.9
1291870 2288.4
1291880 2296.2
1291890 2296.2
1291900 2304.3
1291910 2312.6
1291920 2312.6
1291930 2316.3
1291940 2314.4
1291950 2312.8
1291960 2312.8
1291970 2311.8
1291980 2310.8
1291990 2310.8
1292000 2309.6
1292010 2308.8
1292020 2308.8
1292030 2307.4
1292040 2305.2
1292050 2305.2
1292060 2303.0
1292070 2300.9
1292080 2300.9
1292090 2297.1
1292100 2294.9
1292110 2294.9
1292120 2294.0
1292130 2295.1
1292140 2295.1
1292150 2293.4
1292160 2292.0
1292170 2291.2
1292180 2291.2
1292190 2290.3
1292200 2291.0
1292210 2291.0
1292220 2291.5
1292230 2293.0
1292240 2293.0
1292250 2294.9
1292260 2297.4
1292270 2297.4
1292280 2300.3
1292290 2305.3
1292300 2305.3
1292310 2311.8
1292320 2318.6
1292330 2318.6
1292340 2325.7
1292350 2333.0
1292360 2333.0
1292370 2344.4
1292380 2352.0
1292390 2352.0
1292400 2357.4
1292410 2362.1
1292420 2365.3
1292430 2365.3
1292440 2368.3
1292450 2371.0
1292460 2371.0
1292470 2373.0
1292480 2375.2
1292490 2375.2
1292500 2377.9
1292510 2379.2
1292520 2379.2
1292530 2381.5
1292540 2385.8
1292550 2385.8
1292560 2389.6
1292570 2392.9
1292580 2392.9
1292590 2396.4
1292600 2400.0
1292610 2400.0
1292620 2403.9
1292630 2407.4
1292640 2410.0
1292650 2410.0
1292660 2410.5
1292670 2409.2
1292680 2409.2
1292690 2407.3
1292700 2407.1
1292710 2407.1
1292720 2408.5
1292730 2411.2
1292740 2411.2
1292750 2414.7
1292760 2418.8
1292770 2418.8
1292780 2423.6
1292790 2424.8
1292800 2424.8
1292810 2429.8
1292820 2433.2
1292830 2433.2
1292840 2435.2
1292850 2437.8
1292860 2437.8
1292870 2441.3
1292880 2444.6
1292890 2446.9
1292900 2446.9
1292910 2449.2
1292920 2450.6
1292930 2450.6
1292940 2451.8
1292950 2454.0
1292960 2454.0
1292970 2456.7
1292980 2460.1
1292990 2460.1
1293000 2463.8
1293010 2467.7
1293020 2467.7
1293030 2471.9
1293040 2475.3
1293050 2475.3
1293060 2477.7
1293070 2480.4
1293080 2480.4
1293090 2482.7
1293100 2484.5
1293110 2485.9
1293120 2485.9
1293130 2487.0
1293140 2487.8
1293150 2487.8
1293160 2489.3
1293170 2490.9
1293180 2490.9
1293190 2492.1
1293200 2493.8
1293210 2493.8
1293220 2496.3
1293230 2498.7
1293240 2498.7
1293250 2500.4
1293260 2501.3
1293270 2501.3
1293280 2501.8
1293290 2502.5
1293300 2502.5
1293310 2503.2
1293320 2502.7
1293330 2501.7
1293340 2501.7
1293350 2503.0
1293360 2505.5
1293370 2505.5
1293380 2507.8
1293390 2511.6
1293400 2511.6
1293410 2515.7
1293420 2520.5
1293430 2520.5
1293440 2526.9
1293450 2530.6
1293460 2530.6
1293470 2536.2
1293480 2541.7
1293490 2541.7
1293500 2546.8
1293510 2551.5
1293520 2551.5
1293530 2556.8
1293540 2563.0
1293550 2563.0
1293560 2570.2
1293570 2578.3
1293580 2596.3
1293590 2596.3
1293600 2618.4
1293610 2627.9
1293620 2627.9
1293630 2637.5
1293640 2646.6
1293650 2646.6
1293660 2652.5
1293670 2658.2
1293680 2658.2
1293690 2663.6
1293700 2668.0
1293710 2668.0
1293720 2670.5
1293730 2671.6
1293740 2671.6
1293750 2671.3
1293760 2669.5
1293770 2669.5
1293780 2667.2
1293790 2665.1
1293800 2664.1
1293810 2664.1
1293820 2663.7
1293830 2661.8
1293840 2661.8
1293850 2660.6
1293860 2660.7
1293870 2660.7
1293880 2661.5
1293890 2661.9
1293900 2661.9
1293910 2661.5
1293920 2662.5
1293930 2662.5
1293940 2663.9
1293950 2662.9
1293960 2662.9
1293970 2662.4
1293980 2664.1
1293990 2664.1
1294000 2665.0
1294010 2665.5
1294020 2665.5
1294030 2666.0
1294040 2667.4
1294050 2669.9
1294060 2669.9
1294070 2672.2
1294080 2672.9
1294090 2672.9
1294100 2673.7
1294110 2675.5
1294120 2676.3
1294130 2676.7
1294140 2678.9
1294150 2678.9
1294160 2679.9
1294170 2680.0
1294180 2680.0
1294190 2678.7
1294200 2678.3
1294210 2678.3
1294220 2678.3
1294230 2677.2
1294240 2677.2
1294250 2675.7
1294260 2673.6
1294270 2669.7
1294280 2669.7
1294290 2665.9
1294300 2662.4
1294310 2662.4
1294320 2662.2
1294330 2662.5
1294340 2662.5
1294350 2660.3
1294360 2660.1
1294370 2660.1
1294380 2661.5
1294390 2661.8
1294400 2661.8
1294410 2661.0
1294420 2660.3
1294430 2660.3
1294440 2660.3
1294450 2662.7
1294460 2662.7
1294470 2667.9
1294480 2673.5
1294490 2678.6
1294500 2678.6
1294510 2683.2
1294520 2686.8
1294530 2686.8
1294540 2690.2
1294550 2694.4
1294560 2694.4
1294570 2699.3
1294580 2705.4
1294590 2705.4
1294600 2711.9
1294610 2718.0
1294620 2718.0
1294630 2723.8
1294640 2731.0
1294650 2731.0
1294660 2743.8
1294670 2761.6
1294680 2761.6
1294690 2771.1
1294700 2775.4
1294710 2775.4
1294720 2780.9
1294730 2786.0
1294740 2791.5
1294750 2791.5
1294760 2797.5
1294770 2803.7
1294780 2803.7
1294790 2810.6
1294800 2813.8
1294810 2813.8
1294820 2816.6
1294830 2820.4
1294840 2820.4
1294850 2824.8
1294860 2830.1
1294870 2830.1
1294880 2837.0
1294890 2839.8
1294900 2839.8
1294910 2840.4
1294920 2842.2
1294930 2842.2
1294940 2844.7
1294950 2846.8
1294960 2848.1
1294970 2848.1
1294980 2848.4
1294990 2846.6
1295000 2846.6
1295010 2843.6
1295020 2842.2
1295030 2842.2
1295040 2841.9
1295050 2840.7
1295060 2840.7
1295070 2837.6
1295080 2835.1
1295090 2835.1
1295100 2830.5
1295110 2824.6
1295120 2824.6
1295130 2820.5
1295140 2817.1
1295150 2817.1
1295160 2815.3
1295170 2813.8
1295180 2813.8
1295190 2812.2
1295200 2810.7
1295210 2809.3
1295220 2809.3
1295230 2808.3
1295240 2808.5
1295250 2808.5
1295260 2809.4
1295270 2808.9
1295280 2808.9
1295290 2801.8
1295300 2791.3
1295310 2791.3
1295320 2782.9
1295330 2774.7
1295340 2774.7
1295350 2766.4
1295360 2760.7
1295370 2760.7
1295380 2757.2
1295390 2755.3
1295400 2755.3
1295410 2753.1
1295420 2751.5
1295430 2748.6
1295440 2748.6
1295450 2743.7
1295460 2746.2
1295470 2746.2
1295480 2746.3
1295490 2747.0
1295500 2747.0
1295510 2745.0
1295520 2730.4
1295530 2730.4
1295540 2724.7
1295550 2722.1
1295560 2722.1
1295570 2719.4
1295580 2717.2
1295590 2717.2
1295600 2715.5
1295610 2714.5
1295620 2714.5
1295630 2713.5
1295640 2713.2
1295650 2715.0
1295660 2715.0
1295670 2717.0
1295680 2719.9
1295690 2719.9
1295700 2721.9
1295710 2724.6
1295720 2724.6
1295730 2728.3
1295740 2731.6
1295750 2731.6
1295760 2735.3
1295770 2739.0
1295780 2739.0
1295790 2742.6
1295800 2745.8
1295810 2745.8
1295820 2748.7
1295830 2750.9
1295840 2750.9
1295850 2753.1
1295860 2756.0
1295870 2756.0
1295880 2760.1
1295890 2761.5
1295900 2757.4
1295910 2757.4
1295920 2750.0
1295930 2747.1
1295940 2747.1
1295950 2740.7
1295960 2730.4
1295970 2730.4
1295980 2725.3
1295990 2719.7
1296000 2719.7
1296010 2714.3
1296020 2707.3
1296030 2707.3
1296040 2703.4
1296050 2700.9
1296060 2700.9
1296070 2697.7
1296080 2695.2
1296090 2695.2
1296100 2692.8
1296110 2689.6
1296120 2690.0
1296130 2681.6
1296140 2678.3
1296150 2672.3
1296160 2672.3
1296170 2668.1
1296180 2667.5
1296190 2667.5
1296200 2666.2
1296210 2668.6
1296220 2668.6
1296230 2670.6
1296240 2673.4
1296250 2673.4
1296260 2671.8
1296270 2669.0
1296280 2669.0
1296290 2671.2
1296300 2675.9
1296310 2675.9
1296320 2684.1
1296330 2688.2
1296340 2682.4
1296350 2682.4
1296360 2678.2
1296370 2673.3
1296380 2673.3
1296390 2669.6
1296400 2665.3
1296410 2665.3
1296420 2659.6
1296430 2652.8
1296440 2652.8
1296450 2647.0
1296460 2644.5
1296470 2644.5
1296480 2638.0
1296490 2631.7
1296500 2631.7
1296510 2628.2
1296520 2621.9
1296530 2621.9
1296540 2620.3
1296550 2618.7
1296560 2618.7
1296570 2612.0
1296580 2603.7
1296590 2592.2
1296600 2592.2
1296610 2582.9
1296620 2572.8
1296630 2572.8
1296640 2564.1
1296650 2556.5
1296660 2556.5
1296670 2546.7
1296680 2536.0
1296690 2536.0
1296700 2528.1
1296710 2521.0
1296720 2521.0
1296730 2514.3
1296740 2509.0
1296750 2509.0
1296760 2506.7
1296770 2502.1
1296780 2502.1
1296790 2487.5
1296800 2470.9
1296810 2462.2
1296820 2462.2
1296830 2453.0
1296840 2441.8
1296850 2441.8
1296860 2433.3
1296870 2426.9
1296880 2426.9
1296890 2421.4
1296900 2417.9
1296910 2417.9
1296920 2413.6
1296930 2406.0
1296940 2406.0
1296950 2396.5
1296960 2390.6
1296970 2390.6
1296980 2389.1
1296990 2383.2
1297000 2383.2
1297010 2377.3
1297020 2372.4
1297030 2372.4
1297040 2367.7
1297050 2362.7
1297060 2351.4
1297070 2351.4
1297080 2342.7
1297090 2341.9
1297100 2341.9
1297110 2342.8
1297120 2343.5
1297130 2343.5
1297140 2342.3
1297150 2340.5
1297160 2340.5
1297170 2336.1
1297180 2333.2
1297190 2333.2
1297200 2332.1
1297210 2330.1
1297220 2330.1
1297230 2326.2
1297240 2322.7
1297250 2322.7
1297260 2319.7
1297270 2317.1
1297280 2315.3
1297290 2315.3
1297300 2310.9
1297310 2304.1
1297320 2304.1
1297330 2297.6
1297340 2291.6
1297350 2291.6
1297360 2284.9
1297370 2278.3
1297380 2278.3
1297390 2270.3
1297400 2263.3
1297410 2263.3
1297420 2259.0
1297430 2256.4
1297440 2256.4
1297450 2251.9
1297460 2246.7
1297470 2246.7
1297480 2232.4
1297490 2224.3
1297500 2217.7
1297510 2217.7
1297520 2211.7
1297530 2204.3
1297540 2204.3
1297550 2196.5
1297560 2190.7
1297570 2190.7
1297580 2185.1
1297590 2178.8
1297600 2178.8
1297610 2172.2
1297620 2166.8
1297630 2166.8
1297640 2162.4
1297650 2158.2
1297660 2158.2
1297670 2153.9
1297680 2149.3
1297690 2149.3
1297700 2144.9
1297710 2140.1
1297720 2140.1
1297730 2134.8
1297740 2130.0
1297750 2126.2
1297760 2126.2
1297770 2122.0
1297780 2118.2
1297790 2118.2
1297800 2115.3
1297810 2112.5
1297820 2112.5
1297830 2109.6
1297840 2106.3
1297850 2106.3
1297860 2102.7
1297870 2099.5
1297880 2099.5
1297890 2097.3
1297900 2093.9
1297910 2093.9
1297920 2089.8
1297930 2087.3
1297940 2087.3
1297950 2085.5
1297960 2083.8
1297970 2082.2
1297980 2082.2
1297990 2080.3
1298000 2079.1
1298010 2079.1
1298020 2077.8
1298030 2076.8
1298040 2076.8
1298050 2075.8
1298060 2074.2
1298070 2074.2
1298080 2072.5
1298090 2070.9
1298100 2070.9
1298110 2069.7
1298120 2068.2
1298130 2068.2
1298140 2066.7
1298150 2065.2
1298160 2064.9
1298170 2063.1
1298180 2061.3
1298190 2059.4
1298200 2059.4
1298210 2057.6
1298220 2055.7
1298230 2055.7
1298240 2053.9
1298250 2052.2
1298260 2052.2
1298270 2050.8
1298280 2049.3
1298290 2049.3
1298300 2047.8
1298310 2046.8
1298320 2046.8
1298330 2045.1
1298340 2045.0
1298350 2045.0
1298360 2047.2
1298370 2049.8
1298380 2049.8
1298390 2053.7
1298400 2057.6
1298410 2057.6
1298420 2062.0
1298430 2065.9
1298440 2068.2
1298450 2068.2
1298460 2070.3
1298470 2073.1
1298480 2073.1
1298490 2073.5
1298500 2076.1
1298510 2076.1
1298520 2079.2
1298530 2080.5
1298540 2080.5
1298550 2081.7
1298560 2083.4
1298570 2083.4
1298580 2084.3
1298590 2086.8
1298600 2086.8
1298610 2089.0
1298620 2089.4
1298630 2089.4
1298640 2088.8
1298650 2088.3
1298660 2089.9
1298670 2089.9
1298680 2087.5
1298690 2087.9
1298700 2087.9
1298710 2092.2
1298720 2094.1
1298730 2094.1
1298740 2095.2
1298750 2097.0
1298760 2097.0
1298770 2100.4
1298780 2103.5
1298790 2103.5
1298800 2105.7
1298810 2107.3
1298820 2107.3
1298830 2109.8
1298840 2112.5
1298850 2117.1
1298860 2119.9
1298870 2122.6
1298880 2122.6
1298890 2124.2
1298900 2125.3
1298910 2126.3
1298920 2126.3
1298930 2127.1
1298940 2127.5
1298950 2127.5
1298960 2128.2
1298970 2127.7
1298980 2127.7
1298990 2126.4
1299000 2126.9
1299010 2126.9
1299020 2123.4
1299030 2121.8
1299040 2121.8
1299050 2121.4
1299060 2119.0
1299070 2119.0
1299080 2117.3
1299090 2116.0
1299100 2116.0
1299110 2114.3
1299120 2111.4
1299130 2108.9
1299140 2108.9
1299150 2108.6
1299160 2107.5
1299170 2107.5
1299180 2104.9
1299190 2101.9
1299200 2101.9
1299210 2100.0
1299220 2099.0
1299230 2099.0
1299240 2097.2
1299250 2095.5
1299260 2095.5
1299270 2094.4
1299280 2093.9
1299290 2093.9
1299300 2093.5
1299310 2094.4
1299320 2094.4
1299330 2095.5
1299340 2097.2
1299350 2098.2
1299360 2098.2
1299370 2099.8
1299380 2101.4
1299390 2101.4
1299400 2102.1
1299410 2102.6
1299420 2102.6
1299430 2101.2
1299440 2104.9
1299450 2104.9
1299460 2108.2
1299470 2110.7
1299480 2110.7
1299490 2113.3
1299500 2115.0
1299510 2115.0
1299520 2116.7
1299530 2123.2
1299540 2123.2
1299550 2125.8
1299560 2128.6
1299570 2128.6
1299580 2131.6
1299590 2134.2
1299600 2137.2
1299610 2137.2
1299620 2140.8
1299630 2144.6
1299640 2144.6
1299650 2147.9
1299660 2150.8
1299670 2150.8
1299680 2153.4
1299690 2156.0
1299700 2156.0
1299710 2158.5
1299720 2161.1
1299730 2161.1
1299740 2164.0
1299750 2166.9
1299760 2166.9
1299770 2169.6
1299780 2171.6
1299790 2171.6
1299800 2172.8
1299810 2173.0
1299820 2167.8
1299830 2167.8
1299840 2160.8
1299850 2157.1
1299860 2157.1
1299870 2154.5
1299880 2152.9
1299890 2152.9
1299900 2152.1
1299910 2153.3
1299920 2153.3
1299930 2155.0
1299940 2156.6
1299950 2156.6
1299960 2157.1
1299970 2156.4
1299980 2156.4
1299990 2155.1
