1280000 2013.9
1280010 2015.5
1280020 2015.5
1280030 2016.9
1280040 2018.0
1280050 2018.0
1280060 2019.6
1280070 2021.2
1280080 2021.2
1280090 2023.6
1280100 2027.1
1280110 2027.1
1280120 2029.0
1280130 2030.4
1280140 2030.4
1280150 2033.4
1280160 2036.5
1280170 2039.4
1280180 2039.4
1280190 2042.6
1280200 2045.2
1280210 2045.2
1280220 2047.3
1280230 2050.2
1280240 2050.2
1280250 2053.4
1280260 2055.8
1280270 2055.8
1280280 2056.6
1280290 2054.2
1280300 2054.2
1280310 2053.0
1280320 2048.0
1280330 2048.0
1280340 2043.4
1280350 2039.0
1280360 2039.0
1280370 2037.6
1280380 2037.9
1280390 2036.9
1280400 2036.9
1280410 2036.5
1280420 2036.4
1280430 2036.4
1280440 2036.5
1280450 2035.3
1280460 2035.3
1280470 2035.3
1280480 2036.3
1280490 2036.3
1280500 2036.8
1280510 2037.4
1280520 2033.8
1280530 2033.9
1280540 2032.6
1280550 2032.6
1280560 2031.3
1280570 2030.0
1280580 2030.0
1280590 2030.0
1280600 2029.2
1280610 2029.2
1280620 2029.1
1280630 2031.3
1280640 2034.7
1280650 2034.7
1280660 2037.8
1280670 2038.1
1280680 2038.1
1280690 2036.8
1280700 2035.2
1280710 2035.2
1280720 2033.9
1280730 2031.6
1280740 2031.6
1280750 2030.8
1280760 2030.3
1280770 2030.3
1280780 2029.7
1280790 2029.5
1280800 2029.5
1280810 2028.6
1280820 2025.9
1280830 2025.9
1280840 2024.6
1280850 2026.0
1280860 2027.3
1280870 2027.3
1280880 2027.3
1280890 2027.2
1280900 2027.2
1280910 2026.9
1280920 2027.5
1280930 2027.5
1280940 2025.2
1280950 2021.6
1280960 2021.6
1280970 2021.1
1280980 2023.0
1280990 2023.0
1281000 2024.1
1281010 2024.8
1281020 2024.8
1281030 2026.0
1281040 2026.6
1281050 2026.6
1281060 2025.9
1281070 2024.8
1281080 2024.8
1281090 2024.0
1281100 2024.8
1281110 2027.3
1281120 2027.3
1281130 2027.9
1281140 2025.8
1281150 2025.8
1281160 2024.9
1281170 2022.8
1281180 2022.8
1281190 2020.0
1281200 2017.6
1281210 2017.6
1281220 2016.0
1281230 2014.1
1281240 2014.1
1281250 2013.1
1281260 2012.9
1281270 2012.9
1281280 2012.2
1281290 2011.3
1281300 2011.3
1281310 2010.9
1281320 2010.6
1281330 2009.9
1281340 2009.9
1281350 2008.7
1281360 2007.0
1281370 2007.0
1281380 2005.6
1281390 2003.8
1281400 2003.8
1281410 2001.4
1281420 1999.7
1281430 1999.7
1281440 1998.3
1281450 1997.0
1281460 1997.0
1281470 1995.3
1281480 1993.0
1281490 1993.0
1281500 1990.8
1281510 1988.7
1281520 1988.7
1281530 1986.2
1281540 1983.5
1281550 1983.5
1281560 1981.6
1281570 1979.6
1281580 1977.1
1281590 1977.1
1281600 1976.0
1281610 1976.3
1281620 1976.3
1281630 1976.7
1281640 1977.1
1281650 1977.1
1281660 1977.6
1281670 1978.1
1281680 1978.1
1281690 1978.6
1281700 1979.3
1281710 1979.3
1281720 1979.5
1281730 1979.3
1281740 1979.3
1281750 1978.4
1281760 1975.3
1281770 1975.3
1281780 1974.4
1281790 1973.9
1281800 1973.6
1281810 1973.6
1281820 1972.3
1281830 1970.6
1281840 1970.6
1281850 1969.8
1281860 1969.5
1281870 1969.5
1281880 1969.5
1281890 1969.6
1281900 1969.6
1281910 1970.1
1281920 1971.1
1281930 1971.1
1281940 1972.0
1281950 1972.1
1281960 1972.1
1281970 1972.0
1281980 1971.2
1281990 1971.2
1282000 1970.1
1282010 1969.2
1282020 1966.9
1282030 1966.9
1282040 1964.2
1282050 1961.6
1282060 1961.6
1282070 1959.5
1282080 1957.6
1282090 1957.6
1282100 1956.4
1282110 1955.6
1282120 1955.6
1282130 1955.4
1282140 1955.7
1282150 1955.7
1282160 1955.6
1282170 1955.0
1282180 1955.0
1282190 1953.7
1282200 1952.0
1282210 1952.0
1282220 1949.9
1282230 1946.7
1282240 1946.7
1282250 1942.2
1282260 1939.6
1282270 1937.9
1282280 1937.9
1282290 1937.4
1282300 1937.7
1282310 1937.7
1282320 1936.9
1282330 1935.6
1282340 1935.6
1282350 1934.7
1282360 1934.3
1282370 1934.3
1282380 1933.3
1282390 1928.6
1282400 1928.6
1282410 1927.3
1282420 1927.6
1282430 1927.6
1282440 1928.5
1282450 1928.8
1282460 1928.8
1282470 1928.4
1282480 1929.0
1282490 1929.3
1282500 1929.3
1282510 1928.2
1282520 1927.6
1282530 1927.6
1282540 1928.7
1282550 1929.6
1282560 1929.6
1282570 1931.8
1282580 1932.6
1282590 1932.6
1282600 1932.6
1282610 1936.3
1282620 1936.3
1282630 1938.3
1282640 1940.0
1282650 1940.0
1282660 1941.7
1282670 1944.2
1282680 1944.2
1282690 1947.2
1282700 1950.5
1282710 1950.5
1282720 1953.9
1282730 1956.8
1282740 1960.0
1282750 1960.0
1282760 1963.6
1282770 1967.2
1282780 1967.2
1282790 1970.6
1282800 1973.0
1282810 1973.0
1282820 1974.3
1282830 1974.2
1282840 1974.2
1282850 1973.2
1282860 1973.1
1282870 1973.1
1282880 1973.4
1282890 1973.1
1282900 1973.1
1282910 1971.9
1282920 1970.7
1282930 1970.7
1282940 1969.1
1282950 1965.8
1282960 1961.2
1282970 1961.2
1282980 1958.4
1282990 1956.0
1283000 1956.0
1283010 1951.9
1283020 1944.9
1283030 1944.9
1283040 1940.7
1283050 1936.2
1283060 1936.2
1283070 1930.1
1283080 1925.7
1283090 1925.7
1283100 1924.6
1283110 1922.5
1283120 1922.5
1283130 1919.0
1283140 1915.9
1283150 1915.9
1283160 1913.5
1283170 1911.8
1283180 1911.8
1283190 1909.1
1283200 1905.6
1283210 1900.5
1283220 1900.5
1283230 1895.3
1283240 1890.3
1283250 1890.3
1283260 1885.2
1283270 1880.1
1283280 1880.1
1283290 1873.4
1283300 1867.7
1283310 1867.7
1283320 1862.2
1283330 1857.7
1283340 1857.7
1283350 1853.2
1283360 1848.7
1283370 1848.7
1283380 1841.8
1283390 1835.2
1283400 1835.2
1283410 1831.4
1283420 1829.5
1283430 1826.2
1283440 1826.2
1283450 1822.9
1283460 1818.5
1283470 1818.5
1283480 1812.6
1283490 1807.7
1283500 1807.7
1283510 1804.1
1283520 1801.9
1283530 1801.9
1283540 1798.6
1283550 1795.2
1283560 1795.2
1283570 1791.3
1283580 1786.8
1283590 1786.8
1283600 1781.0
1283610 1777.4
1283620 1777.4
1283630 1774.3
1283640 1768.8
1283650 1757.3
1283660 1757.3
1283670 1750.7
1283680 1753.9
1283690 1753.9
1283700 1760.8
1283710 1765.9
1283720 1765.9
1283730 1769.1
1283740 1771.8
1283750 1771.8
1283760 1775.3
1283770 1778.7
1283780 1778.7
1283790 1781.4
1283800 1783.7
1283810 1783.7
1283820 1785.4
1283830 1786.1
1283840 1786.1
1283850 1786.7
1283860 1787.0
1283870 1787.0
1283880 1787.0
1283890 1786.9
1283900 1789.6
1283910 1789.6
1283920 1791.7
1283930 1795.1
1283940 1795.1
1283950 1799.5
1283960 1803.3
1283970 1803.3
1283980 1807.4
1283990 1811.3
1284000 1811.3
1284010 1815.4
1284020 1819.5
1284030 1819.5
1284040 1822.6
1284050 1822.4
1284060 1822.4
1284070 1820.8
1284080 1818.6
1284090 1818.6
1284100 1815.9
1284110 1812.7
1284120 1808.9
1284130 1808.9
1284140 1804.8
1284150 1799.8
1284160 1799.8
1284170 1794.6
1284180 1789.2
1284190 1789.2
1284200 1783.5
1284210 1777.5
1284220 1777.5
1284230 1771.6
1284240 1766.7
1284250 1766.7
1284260 1763.8
1284270 1762.3
1284280 1756.7
1284290 1755.4
1284300 1754.4
1284310 1754.4
1284320 1753.7
1284330 1753.2
1284340 1753.2
1284350 1752.8
1284360 1752.2
1284370 1751.4
1284380 1751.4
1284390 1750.1
1284400 1749.1
1284410 1749.1
1284420 1747.4
1284430 1744.9
1284440 1744.9
1284450 1741.2
1284460 1736.5
1284470 1736.5
1284480 1730.9
1284490 1725.8
1284500 1725.8
1284510 1720.6
1284520 1715.5
1284530 1715.5
1284540 1709.3
1284550 1703.0
1284560 1703.0
1284570 1696.0
1284580 1692.1
1284590 1690.0
1284600 1690.0
1284610 1686.8
1284620 1682.9
1284630 1682.9
1284640 1679.6
1284650 1676.3
1284660 1676.3
1284670 1673.6
1284680 1671.4
1284690 1671.4
1284700 1669.5
1284710 1667.8
1284720 1667.8
1284730 1667.1
1284740 1666.0
1284750 1666.0
1284760 1663.8
1284770 1661.9
1284780 1661.9
1284790 1660.2
1284800 1656.9
1284810 1652.8
1284820 1652.8
1284830 1649.4
1284840 1644.0
1284850 1644.0
1284860 1637.6
1284870 1630.6
1284880 1630.6
1284890 1624.3
1284900 1620.7
1284910 1620.7
1284920 1613.8
1284930 1614.8
1284940 1614.8
1284950 1615.8
1284960 1613.6
1284970 1613.6
1284980 1614.3
1284990 1621.4
1285000 1621.4
1285010 1628.3
1285020 1632.3
1285030 1632.3
1285040 1634.0
1285050 1635.6
1285060 1637.0
1285070 1637.0
1285080 1638.6
1285090 1640.3
1285100 1640.3
1285110 1640.3
1285120 1641.3
1285130 1641.3
1285140 1642.8
1285150 1643.5
1285160 1643.5
1285170 1643.0
1285180 1642.0
1285190 1642.0
1285200 1640.5
1285210 1638.5
1285220 1638.5
1285230 1635.2
1285240 1632.1
1285250 1632.1
1285260 1631.3
1285270 1631.4
1285280 1631.2
1285290 1631.2
1285300 1630.5
1285310 1629.3
1285320 1629.3
1285330 1628.1
1285340 1626.0
1285350 1626.0
1285360 1623.4
1285370 1622.8
1285380 1622.8
1285390 1622.8
1285400 1622.1
1285410 1622.1
1285420 1621.5
1285430 1620.4
1285440 1620.4
1285450 1619.0
1285460 1617.4
1285470 1617.4
1285480 1615.8
1285490 1614.0
1285500 1614.0
1285510 1611.9
1285520 1609.9
1285530 1608.3
1285540 1608.3
1285550 1606.8
1285560 1602.9
1285570 1602.9
1285580 1602.2
1285590 1600.2
1285600 1600.2
1285610 1597.2
1285620 1593.4
1285630 1593.4
1285640 1590.6
1285650 1590.9
1285660 1590.9
1285670 1592.4
1285680 1593.4
1285690 1593.4
1285700 1591.4
1285710 1589.3
1285720 1589.3
1285730 1588.9
1285740 1587.4
1285750 1586.4
1285760 1586.4
1285770 1585.5
1285780 1583.7
1285790 1583.7
1285800 1581.2
1285810 1579.3
1285820 1579.3
1285830 1576.2
1285840 1571.7
1285850 1571.7
1285860 1568.7
1285870 1567.3
1285880 1567.3
1285890 1565.4
1285900 1561.7
1285910 1561.7
1285920 1560.0
1285930 1559.0
1285940 1559.0
1285950 1557.8
1285960 1556.0
1285970 1553.2
1285980 1553.2
1285990 1548.8
1286000 1546.1
1286010 1546.1
1286020 1543.4
1286030 1540.6
1286040 1540.6
1286050 1535.4
1286060 1534.1
1286070 1534.1
1286080 1533.6
1286090 1531.3
1286100 1531.3
1286110 1529.2
1286120 1525.9
1286130 1525.9
1286140 1525.1
1286150 1523.0
1286160 1523.0
1286170 1520.8
1286180 1518.5
1286190 1514.6
1286200 1513.0
1286210 1509.5
1286220 1504.3
1286230 1504.3
1286240 1498.6
1286250 1493.6
1286260 1493.6
1286270 1489.3
1286280 1484.6
1286290 1484.6
1286300 1479.5
1286310 1474.4
1286320 1474.4
1286330 1470.2
1286340 1466.9
1286350 1466.9
1286360 1463.2
1286370 1459.1
1286380 1459.1
1286390 1455.5
1286400 1453.1
1286410 1453.1
1286420 1450.5
1286430 1450.5
1286440 1455.1
1286450 1455.1
1286460 1458.5
1286470 1461.6
1286480 1461.6
1286490 1464.0
1286500 1468.5
1286510 1468.5
1286520 1476.3
1286530 1483.3
1286540 1483.3
1286550 1489.2
1286560 1494.2
1286570 1494.2
1286580 1500.6
1286590 1507.7
1286600 1507.7
1286610 1512.3
1286620 1516.0
1286630 1516.0
1286640 1519.4
1286650 1521.6
1286660 1521.6
1286670 1523.9
1286680 1526.1
1286690 1528.3
1286700 1528.3
1286710 1531.2
1286720 1534.8
1286730 1534.8
1286740 1537.4
1286750 1539.6
1286760 1539.6
1286770 1541.9
1286780 1544.4
1286790 1544.4
1286800 1546.8
1286810 1550.1
1286820 1550.1
1286830 1554.3
1286840 1559.6
1286850 1559.6
1286860 1564.2
1286870 1568.1
1286880 1568.1
1286890 1571.4
1286900 1573.6
1286910 1574.4
1286920 1574.4
1286930 1575.4
1286940 1577.5
1286950 1577.5
1286960 1579.7
1286970 1581.4
1286980 1581.4
1286990 1583.0
1287000 1584.3
1287010 1584.3
1287020 1585.8
1287030 1588.1
1287040 1588.1
1287050 1591.4
1287060 1594.4
1287070 1594.4
1287080 1596.4
1287090 1598.0
1287100 1598.0
1287110 1600.4
1287120 1603.0
1287130 1603.0
1287140 1605.9
1287150 1608.2
1287160 1610.6
1287170 1610.6
1287180 1612.5
1287190 1614.5
1287200 1614.5
1287210 1618.1
1287220 1622.3
1287230 1622.3
1287240 1626.3
1287250 1630.3
1287260 1630.3
1287270 1633.6
1287280 1636.6
1287290 1636.6
1287300 1639.8
1287310 1643.0
1287320 1643.0
1287330 1645.2
1287340 1648.4
1287350 1648.4
1287360 1653.2
1287370 1659.1
1287380 1665.1
1287390 1665.1
1287400 1671.3
1287410 1677.0
1287420 1677.0
1287430 1680.8
1287440 1682.6
1287450 1682.6
1287460 1684.3
1287470 1688.4
1287480 1686.7
1287490 1689.6
1287500 1693.5
1287510 1693.5
1287520 1697.1
1287530 1701.3
1287540 1701.3
1287550 1705.3
1287560 1709.5
1287570 1709.5
1287580 1713.6
1287590 1717.4
1287600 1721.0
1287610 1721.0
1287620 1725.0
1287630 1729.9
1287640 1729.9
1287650 1734.1
1287660 1738.3
1287670 1738.3
1287680 1742.1
1287690 1746.3
1287700 1746.3
1287710 1750.4
1287720 1754.1
1287730 1754.1
1287740 1757.0
1287750 1759.3
1287760 1759.3
1287770 1761.8
1287780 1764.3
1287790 1764.3
1287800 1766.5
1287810 1767.4
1287820 1767.4
1287830 1767.9
1287840 1769.7
1287850 1771.6
1287860 1771.6
1287870 1773.6
1287880 1775.7
1287890 1775.7
1287900 1777.8
1287910 1780.2
1287920 1780.2
1287930 1783.1
1287940 1786.8
1287950 1786.8
1287960 1790.5
1287970 1794.1
1287980 1794.1
1287990 1797.4
1288000 1799.8
1288010 1799.8
1288020 1802.2
1288030 1805.0
1288040 1805.0
1288050 1808.1
1288060 1811.0
1288070 1814.7
1288080 1814.7
1288090 1819.3
1288100 1823.6
1288110 1823.6
1288120 1831.1
1288130 1834.2
1288140 1834.2
1288150 1836.7
1288160 1838.8
1288170 1838.8
1288180 1840.1
1288190 1841.0
1288200 1841.0
1288210 1841.9
1288220 1842.9
1288230 1842.9
1288240 1844.0
1288250 1845.5
1288260 1845.5
1288270 1847.6
1288280 1849.9
1288290 1849.9
1288300 1852.0
1288310 1854.2
1288320 1856.5
1288330 1856.5
1288340 1858.8
1288350 1861.4
1288360 1861.4
1288370 1864.2
1288380 1868.2
1288390 1868.2
1288400 1871.5
1288410 1874.0
1288420 1874.0
1288430 1876.9
1288440 1879.6
1288450 1879.6
1288460 1882.4
1288470 1885.7
1288480 1885.7
1288490 1889.3
1288500 1894.1
1288510 1894.1
1288520 1898.8
1288530 1903.1
1288540 1906.6
1288550 1906.6
1288560 1910.0
1288570 1914.3
1288580 1914.3
1288590 1919.0
1288600 1924.0
1288610 1924.0
1288620 1929.1
1288630 1933.2
1288640 1933.2
1288650 1936.4
1288660 1940.1
1288670 1940.1
1288680 1944.1
1288690 1947.9
1288700 1947.9
1288710 1951.0
1288720 1953.3
1288730 1953.3
1288740 1956.2
1288750 1961.0
1288760 1965.9
1288770 1964.6
1288780 1971.4
1288790 1977.6
1288800 1977.6
1288810 1983.7
1288820 1988.4
1288830 1988.4
1288840 1991.6
1288850 1996.8
1288860 1996.8
1288870 2003.3
1288880 2008.6
1288890 2008.6
1288900 2013.3
1288910 2019.1
1288920 2019.1
1288930 2024.9
1288940 2030.5
1288950 2030.5
1288960 2036.6
1288970 2042.0
1288980 2042.0
1288990 2051.4
1289000 2062.8
1289010 2073.8
1289020 2073.8
1289030 2082.9
1289040 2090.2
1289050 2090.2
1289060 2094.4
1289070 2100.0
1289080 2100.0
1289090 2106.8
1289100 2114.0
1289110 2114.0
1289120 2121.2
1289130 2128.1
1289140 2128.1
1289150 2135.2
1289160 2144.0
1289170 2144.0
1289180 2153.3
1289190 2160.3
1289200 2160.3
1289210 2165.1
1289220 2169.9
1289230 2175.6
1289240 2175.6
1289250 2180.6
1289260 2186.1
1289270 2186.1
1289280 2199.8
1289290 2205.3
1289300 2205.3
1289310 2208.3
1289320 2213.2
1289330 2213.2
1289340 2220.4
1289350 2229.4
1289360 2229.4
1289370 2239.2
1289380 2248.0
1289390 2248.0
1289400 2255.3
1289410 2260.1
1289420 2250.5
1289430 2257.4
1289440 2266.6
1289450 2266.6
1289460 2273.6
1289470 2281.5
1289480 2288.8
1289490 2288.8
1289500 2285.7
1289510 2277.2
1289520 2277.2
1289530 2270.2
1289540 2264.3
1289550 2264.3
1289560 2258.2
1289570 2252.7
1289580 2252.7
1289590 2247.1
1289600 2241.9
1289610 2241.9
1289620 2236.8
1289630 2232.0
1289640 2232.0
1289650 2226.2
1289660 2220.0
1289670 2220.0
1289680 2208.5
1289690 2197.1
1289700 2191.8
1289710 2191.8
1289720 2188.9
1289730 2186.2
1289740 2186.2
1289750 2183.9
1289760 2181.7
1289770 2181.7
1289780 2179.0
1289790 2175.7
1289800 2175.7
1289810 2171.2
1289820 2165.8
1289830 2165.8
1289840 2160.9
1289850 2157.0
1289860 2157.0
1289870 2154.3
1289880 2151.7
1289890 2151.7
1289900 2149.6
1289910 2147.4
1289920 2144.9
1289930 2144.9
1289940 2142.6
1289950 2141.0
1289960 2141.0
1289970 2139.8
1289980 2137.7
1289990 2137.7
1290000 2134.9
1290010 2129.7
1290020 2129.7
1290030 2124.6
1290040 2122.5
1290050 2122.5
1290060 2127.5
1290070 2133.5
1290080 2133.5
1290090 2135.7
1290100 2135.9
1290110 2135.9
1290120 2137.3
1290130 2140.6
1290140 2140.6
1290150 2145.0
1290160 2149.1
1290170 2152.5
1290180 2152.5
1290190 2155.7
1290200 2160.5
1290210 2160.5
1290220 2164.8
1290230 2170.0
1290240 2170.0
1290250 2174.7
1290260 2179.5
1290270 2179.5
1290280 2184.9
1290290 2191.1
1290300 2191.1
1290310 2196.7
1290320 2202.0
1290330 2202.0
1290340 2207.5
1290350 2213.4
1290360 2213.4
1290370 2219.3
1290380 2225.2
1290390 2231.7
1290400 2231.7
1290410 2238.8
1290420 2246.0
1290430 2246.0
1290440 2252.7
1290450 2259.0
1290460 2259.0
1290470 2265.3
1290480 2271.8
1290490 2271.8
1290500 2278.3
1290510 2284.6
1290520 2284.6
1290530 2290.6
1290540 2295.9
1290550 2295.9
1290560 2301.2
1290570 2303.3
1290580 2303.3
1290590 2296.5
1290600 2288.9
1290610 2288.9
1290620 2282.5
1290630 2276.6
1290640 2272.2
1290650 2272.2
1290660 2268.5
1290670 2263.2
1290680 2263.2
1290690 2257.9
1290700 2250.9
1290710 2250.9
1290720 2242.0
1290730 2239.1
1290740 2239.1
1290750 2232.4
1290760 2223.7
1290770 2223.7
1290780 2217.9
1290790 2213.4
1290800 2213.4
1290810 2209.7
1290820 2205.1
1290830 2205.1
1290840 2199.4
1290850 2194.3
1290860 2189.8
1290870 2189.8
1290880 2188.8
1290890 2190.3
1290900 2190.3
1290910 2191.8
1290920 2192.3
1290930 2192.3
1290940 2190.3
1290950 2186.1
1290960 2186.1
1290970 2183.4
1290980 2182.2
1290990 2182.2
1291000 2180.0
1291010 2177.7
1291020 2177.7
1291030 2174.7
1291040 2171.7
1291050 2171.7
1291060 2169.4
1291070 2167.7
1291080 2166.4
1291090 2166.4
1291100 2164.4
1291110 2160.8
1291120 2160.8
1291130 2159.3
1291140 2159.5
1291150 2159.5
1291160 2158.8
1291170 2158.7
1291180 2158.7
1291190 2158.7
1291200 2159.0
1291210 2159.0
1291220 2154.9
1291230 2152.8
1291240 2152.8
1291250 2155.3
1291260 2157.1
1291270 2157.1
1291280 2156.4
1291290 2154.7
1291300 2154.7
1291310 2153.5
1291320 2151.9
1291330 2150.5
1291340 2150.5
1291350 2149.4
1291360 2148.4
1291370 2148.4
1291380 2150.3
1291390 2149.9
1291400 2149.9
1291410 2149.2
1291420 2147.9
1291430 2147.9
1291440 2148.0
1291450 2148.9
1291460 2148.9
1291470 2151.5
1291480 2154.8
1291490 2154.8
1291500 2158.5
1291510 2162.2
1291520 2162.2
1291530 2166.4
1291540 2171.5
1291550 2176.1
1291560 2176.1
1291570 2179.6
1291580 2183.1
1291590 2183.1
1291600 2186.0
1291610 2188.3
1291620 2188.3
1291630 2191.3
1291640 2196.3
1291650 2196.3
1291660 2202.3
1291670 2208.8
1291680 2208.8
1291690 2215.9
1291700 2223.4
1291710 2223.4
1291720 2229.7
1291730 2236.1
1291740 2236.1
1291750 2242.2
1291760 2248.2
1291770 2254.3
1291780 2254.3
1291790 2259.2
1291800 2263.4
1291810 2263.4
1291820 2266.9
1291830 2270.9
1291840 2270.9
1291850 2275.2
1291860 2279.3
1291870 2279.3
1291880 2283.0
1291890 2286.0
1291900 2286.0
1291910 2288.4
1291920 2290.3
1291930 2290.3
1291940 2291.6
1291950 2292.1
1291960 2292.1
1291970 2291.1
1291980 2288.5
1291990 2288.5
1292000 2284.9
1292010 2281.5
1292020 2278.4
1292030 2278.4
1292040 2278.0
1292050 2275.9
1292060 2275.9
1292070 2274.8
1292080 2274.5
1292090 2274.5
1292100 2274.6
1292110 2274.6
1292120 2274.6
1292130 2274.5
1292140 2274.6
1292150 2274.6
1292160 2276.3
1292170 2277.9
1292180 2277.9
1292190 2280.1
1292200 2282.1
1292210 2282.1
1292220 2284.1
1292230 2286.3
1292240 2289.1
1292250 2289.1
1292260 2292.4
1292270 2296.5
1292280 2296.5
1292290 2300.6
1292300 2304.8
1292310 2304.8
1292320 2309.2
1292330 2313.2
1292340 2313.2
1292350 2317.2
1292360 2320.5
1292370 2320.5
1292380 2323.4
1292390 2326.4
1292400 2326.4
1292410 2330.0
1292420 2333.5
1292430 2333.5
1292440 2337.5
1292450 2341.8
1292460 2341.8
1292470 2345.8
1292480 2349.6
1292490 2352.8
1292500 2352.8
1292510 2355.8
1292520 2359.5
1292530 2359.5
1292540 2365.3
1292550 2372.6
1292560 2372.6
1292570 2380.4
1292580 2386.2
1292590 2386.2
1292600 2389.2
1292610 2392.6
1292620 2392.6
1292630 2397.9
1292640 2403.5
1292650 2403.5
1292660 2409.1
1292670 2414.7
1292680 2414.7
1292690 2420.1
1292700 2422.6
1292710 2428.1
1292720 2428.1
1292730 2433.9
1292740 2440.3
1292750 2440.3
1292760 2446.7
1292770 2452.8
1292780 2452.8
1292790 2458.4
1292800 2463.9
1292810 2463.9
1292820 2469.4
1292830 2475.5
1292840 2475.5
1292850 2480.5
1292860 2485.3
1292870 2485.3
1292880 2490.0
1292890 2494.7
1292900 2494.7
1292910 2499.2
1292920 2503.8
1292930 2507.7
1292940 2507.7
1292950 2512.3
1292960 2519.0
1292970 2519.0
1292980 2522.2
1292990 2525.8
1293000 2525.8
1293010 2530.3
1293020 2534.8
1293030 2534.8
1293040 2539.1
1293050 2543.7
1293060 2543.7
1293070 2548.1
1293080 2553.5
1293090 2553.5
1293100 2562.2
1293110 2564.9
1293120 2564.9
1293130 2565.2
1293140 2568.0
1293150 2568.0
1293160 2572.3
1293170 2575.4
1293180 2576.9
1293190 2576.9
1293200 2578.1
1293210 2579.5
1293220 2579.5
1293230 2581.0
1293240 2581.6
1293250 2581.6
1293260 2582.6
1293270 2583.3
1293280 2583.3
1293290 2583.8
1293300 2587.8
1293310 2587.8
1293320 2595.0
1293330 2600.2
1293340 2600.2
1293350 2595.9
1293360 2588.7
1293370 2588.7
1293380 2602.0
1293390 2612.8
1293400 2618.3
1293410 2618.3
1293420 2619.1
1293430 2618.2
1293440 2618.2
1293450 2619.6
1293460 2623.7
1293470 2623.7
1293480 2626.4
1293490 2627.1
1293500 2627.1
1293510 2626.6
1293520 2627.3
1293530 2627.3
1293540 2627.8
1293550 2629.3
1293560 2629.3
1293570 2631.5
1293580 2633.3
1293590 2633.3
1293600 2634.1
1293610 2635.9
1293620 2635.9
1293630 2640.0
1293640 2645.8
1293650 2651.9
1293660 2651.9
1293670 2658.0
1293680 2664.2
1293690 2664.2
1293700 2669.2
1293710 2672.5
1293720 2672.5
1293730 2674.5
1293740 2677.2
1293750 2677.2
1293760 2678.0
1293770 2679.1
1293780 2679.1
1293790 2680.4
1293800 2682.1
1293810 2682.1
1293820 2683.6
1293830 2684.3
1293840 2684.3
1293850 2685.2
1293860 2687.2
1293870 2688.6
1293880 2688.6
1293890 2689.9
1293900 2690.8
1293910 2690.8
1293920 2691.2
1293930 2690.2
1293940 2690.2
1293950 2691.1
1293960 2690.7
1293970 2690.7
1293980 2689.8
1293990 2689.7
1294000 2689.7
1294010 2690.1
1294020 2692.1
1294030 2694.4
1294040 2696.0
1294050 2695.9
1294060 2695.9
1294070 2695.6
1294080 2695.3
1294090 2695.7
1294100 2695.7
1294110 2694.4
1294120 2694.5
1294130 2694.5
1294140 2693.9
1294150 2692.2
1294160 2692.2
1294170 2690.5
1294180 2689.6
1294190 2689.6
1294200 2686.9
1294210 2685.7
1294220 2685.7
1294230 2685.5
1294240 2685.1
1294250 2685.1
1294260 2682.9
1294270 2682.7
1294280 2682.7
1294290 2681.7
1294300 2680.5
1294310 2680.5
1294320 2677.2
1294330 2674.3
1294340 2671.6
1294350 2671.6
1294360 2670.6
1294370 2672.2
1294380 2672.2
1294390 2674.7
1294400 2678.1
1294410 2678.1
1294420 2681.5
1294430 2684.0
1294440 2684.0
1294450 2685.5
1294460 2686.5
1294470 2686.5
1294480 2688.4
1294490 2690.6
1294500 2690.6
1294510 2692.5
1294520 2695.7
1294530 2695.7
1294540 2701.8
1294550 2706.0
1294560 2710.8
1294570 2710.8
1294580 2716.6
1294590 2721.0
1294600 2721.0
1294610 2724.3
1294620 2728.0
1294630 2728.0
1294640 2732.1
1294650 2736.9
1294660 2736.9
1294670 2742.6
1294680 2746.9
1294690 2746.9
1294700 2749.9
1294710 2753.3
1294720 2753.3
1294730 2756.4
1294740 2759.1
1294750 2759.1
1294760 2761.8
1294770 2765.4
1294780 2765.4
1294790 2771.6
1294800 2778.2
1294810 2783.6
1294820 2783.6
1294830 2789.9
1294840 2796.1
1294850 2796.1
1294860 2801.2
1294870 2804.8
1294880 2804.8
1294890 2809.1
1294900 2812.7
1294910 2812.7
1294920 2815.5
1294930 2816.8
1294940 2816.8
1294950 2817.2
1294960 2818.3
1294970 2818.3
1294980 2817.5
1294990 2813.8
1295000 2813.8
1295010 2811.8
1295020 2810.7
1295030 2809.0
1295040 2809.0
1295050 2810.4
1295060 2812.2
1295070 2812.2
1295080 2811.1
1295090 2808.3
1295100 2808.3
1295110 2805.8
1295120 2803.8
1295130 2803.8
1295140 2801.0
1295150 2798.8
1295160 2798.8
1295170 2797.6
1295180 2795.4
1295190 2795.4
1295200 2786.3
1295210 2776.8
1295220 2776.8
1295230 2766.2
1295240 2757.9
1295250 2754.0
1295260 2754.0
1295270 2752.2
1295280 2749.1
1295290 2749.1
1295300 2746.3
1295310 2741.9
1295320 2741.9
1295330 2736.3
1295340 2732.4
1295350 2732.4
1295360 2728.4
1295370 2724.4
1295380 2724.4
1295390 2718.5
1295400 2714.1
1295410 2714.1
1295420 2710.6
1295430 2706.5
1295440 2706.5
1295450 2701.8
1295460 2698.9
1295470 2698.9
1295480 2695.0
1295490 2690.8
1295500 2688.3
1295510 2688.3
1295520 2685.6
1295530 2682.8
1295540 2682.8
1295550 2679.3
1295560 2674.1
1295570 2674.1
1295580 2670.1
1295590 2666.0
1295600 2666.0
1295610 2662.3
1295620 2660.4
1295630 2660.4
1295640 2659.3
1295650 2658.4
1295660 2658.4
1295670 2658.5
1295680 2661.4
1295690 2661.4
1295700 2665.9
1295710 2669.2
1295720 2672.7
1295730 2672.7
1295740 2676.5
1295750 2679.3
1295760 2679.3
1295770 2682.0
1295780 2685.2
1295790 2685.2
1295800 2689.0
1295810 2693.4
1295820 2693.4
1295830 2698.4
1295840 2702.7
1295850 2702.7
1295860 2706.6
1295870 2709.7
1295880 2709.7
1295890 2712.1
1295900 2714.4
1295910 2714.4
1295920 2716.5
1295930 2718.4
1295940 2718.4
1295950 2720.4
1295960 2722.4
1295970 2724.0
1295980 2724.0
1295990 2725.6
1296000 2724.9
1296010 2724.9
1296020 2721.7
1296030 2718.3
1296040 2722.7
1296050 2719.1
1296060 2714.8
1296070 2714.8
1296080 2711.1
1296090 2708.7
1296100 2708.7
1296110 2707.3
1296120 2707.5
1296130 2707.5
1296140 2708.8
1296150 2711.4
1296160 2711.4
1296170 2714.3
1296180 2718.0
1296190 2723.2
1296200 2723.2
1296210 2728.3
1296220 2733.9
1296230 2733.9
1296240 2739.2
1296250 2743.4
1296260 2743.4
1296270 2746.7
1296280 2749.1
1296290 2749.1
1296300 2746.5
1296310 2737.7
1296320 2737.7
1296330 2729.4
1296340 2721.4
1296350 2721.4
1296360 2713.9
1296370 2706.6
1296380 2706.6
1296390 2699.7
1296400 2693.3
1296410 2686.7
1296420 2686.7
1296430 2680.6
1296440 2674.5
1296450 2674.5
1296460 2668.3
1296470 2661.9
1296480 2661.9
1296490 2655.3
1296500 2648.7
1296510 2648.7
1296520 2642.1
1296530 2635.1
1296540 2635.1
1296550 2628.8
1296560 2625.2
1296570 2625.2
1296580 2622.0
1296590 2619.3
1296600 2619.3
1296610 2615.9
1296620 2613.3
1296630 2613.3
1296640 2612.3
1296650 2611.4
1296660 2605.4
1296670 2605.4
1296680 2596.6
1296690 2587.4
1296700 2587.4
1296710 2572.5
1296720 2564.8
1296730 2564.8
1296740 2557.1
1296750 2550.3
1296760 2550.3
1296770 2542.2
1296780 2535.5
1296790 2535.5
1296800 2530.3
1296810 2520.4
1296820 2520.4
1296830 2513.1
1296840 2506.8
1296850 2506.8
1296860 2497.9
1296870 2489.8
1296880 2481.1
1296890 2481.1
1296900 2475.2
1296910 2472.9
1296920 2472.9
1296930 2465.7
1296940 2456.7
1296950 2456.7
1296960 2448.4
1296970 2441.2
1296980 2441.2
1296990 2437.6
1297000 2435.2
1297010 2435.2
1297020 2428.5
1297030 2426.8
1297040 2426.8
1297050 2427.7
1297060 2430.8
1297070 2430.8
1297080 2431.3
1297090 2427.1
1297100 2421.5
1297110 2421.5
1297120 2416.6
1297130 2412.2
1297140 2412.2
1297150 2407.9
1297160 2404.1
1297170 2404.1
1297180 2400.8
1297190 2398.4
1297200 2398.4
1297210 2395.2
1297220 2392.5
1297230 2392.5
1297240 2389.8
1297250 2384.7
1297260 2384.7
1297270 2376.0
1297280 2368.7
1297290 2368.7
1297300 2363.2
1297310 2353.4
1297320 2353.4
1297330 2347.2
1297340 2338.9
1297350 2327.2
1297360 2327.2
1297370 2317.3
1297380 2307.3
1297390 2304.1
1297400 2291.5
1297410 2280.8
1297420 2280.8
1297430 2273.0
1297440 2267.6
1297450 2267.6
1297460 2261.5
1297470 2254.7
1297480 2254.7
1297490 2248.8
1297500 2242.7
1297510 2242.7
1297520 2236.1
1297530 2229.5
1297540 2229.5
1297550 2225.4
1297560 2223.0
1297570 2219.0
1297580 2219.0
1297590 2212.1
1297600 2201.6
1297610 2201.6
1297620 2187.7
1297630 2174.1
1297640 2174.1
1297650 2163.8
1297660 2157.1
1297670 2157.1
1297680 2152.4
1297690 2149.3
1297700 2149.3
1297710 2145.8
1297720 2143.0
1297730 2143.0
1297740 2139.0
1297750 2134.0
1297760 2134.0
1297770 2129.5
1297780 2125.8
1297790 2125.8
1297800 2122.7
1297810 2119.5
1297820 2116.5
1297830 2116.5
1297840 2112.5
1297850 2109.3
1297860 2109.3
1297870 2106.7
1297880 2103.6
1297890 2103.6
1297900 2101.1
1297910 2098.5
1297920 2098.5
1297930 2096.4
1297940 2094.0
1297950 2094.0
1297960 2091.7
1297970 2089.6
1297980 2089.6
1297990 2087.7
1298000 2085.9
1298010 2085.9
1298020 2084.0
1298030 2082.5
1298040 2081.0
1298050 2081.0
1298060 2079.6
1298070 2077.2
1298080 2077.2
1298090 2075.7
1298100 2074.4
1298110 2074.4
1298120 2072.8
1298130 2071.2
1298140 2071.2
1298150 2069.8
1298160 2068.4
1298170 2068.4
1298180 2066.9
1298190 2063.6
1298200 2063.6
1298210 2061.3
1298220 2061.6
1298230 2061.6
1298240 2062.0
1298250 2061.3
1298260 2060.6
1298270 2060.6
1298280 2059.9
1298290 2058.9
1298300 2058.9
1298310 2058.3
1298320 2057.9
1298330 2057.9
1298340 2057.0
1298350 2055.9
1298360 2055.9
1298370 2054.4
1298380 2053.0
1298390 2053.0
1298400 2053.1
1298410 2052.4
1298420 2052.4
1298430 2050.6
1298440 2045.9
1298450 2045.9
1298460 2038.1
1298470 2032.3
1298480 2032.3
1298490 2027.5
1298500 2021.5
1298510 2019.1
1298520 2019.1
1298530 2019.9
1298540 2020.5
1298550 2020.5
1298560 2020.9
1298570 2023.9
1298580 2023.9
1298590 2029.6
1298600 2029.7
1298610 2029.7
1298620 2035.1
1298630 2040.3
1298640 2040.3
1298650 2042.4
1298660 2044.7
1298670 2044.7
1298680 2046.8
1298690 2049.0
1298700 2049.0
1298710 2052.1
1298720 2055.8
1298730 2059.0
1298740 2059.0
1298750 2062.2
1298760 2062.5
1298770 2062.5
1298780 2062.3
1298790 2062.7
1298800 2062.7
1298810 2063.9
1298820 2064.4
1298830 2064.4
1298840 2064.6
1298850 2064.3
1298860 2064.3
1298870 2063.9
1298880 2063.2
1298890 2063.2
1298900 2061.7
1298910 2060.1
1298920 2060.1
1298930 2059.8
1298940 2059.9
1298950 2059.9
1298960 2060.3
1298970 2061.2
1298980 2061.6
1298990 2061.6
1299000 2062.1
1299010 2062.8
1299020 2062.8
1299030 2063.6
1299040 2063.5
1299050 2063.5
1299060 2062.8
1299070 2061.9
1299080 2061.9
1299090 2061.5
1299100 2061.1
1299110 2061.1
1299120 2060.5
1299130 2060.2
1299140 2060.2
1299150 2061.2
1299160 2061.3
1299170 2061.3
1299180 2059.7
1299190 2058.2
1299200 2057.3
1299210 2057.3
1299220 2057.6
1299230 2056.0
1299240 2056.0
1299250 2055.3
1299260 2057.5
1299270 2057.5
1299280 2056.9
1299290 2056.8
1299300 2056.8
1299310 2056.5
1299320 2057.3
1299330 2057.3
1299340 2057.9
1299350 2059.8
1299360 2059.8
1299370 2060.4
1299380 2061.6
1299390 2061.6
1299400 2062.8
1299410 2064.2
1299420 2066.1
1299430 2066.1
1299440 2070.3
1299450 2071.8
1299460 2071.8
1299470 2073.4
1299480 2075.0
1299490 2075.0
1299500 2076.3
1299510 2077.2
1299520 2077.2
1299530 2077.6
1299540 2078.9
1299550 2078.9
1299560 2080.4
1299570 2080.9
1299580 2080.9
1299590 2081.1
1299600 2082.0
1299610 2082.0
1299620 2083.8
1299630 2086.4
1299640 2086.4
1299650 2088.4
1299660 2089.8
1299670 2090.7
1299680 2090.7
1299690 2091.5
1299700 2092.8
1299710 2092.8
1299720 2094.0
1299730 2094.9
1299740 2094.9
1299750 2095.1
1299760 2095.6
1299770 2095.6
1299780 2096.3
1299790 2096.8
1299800 2096.8
1299810 2097.2
1299820 2097.3
1299830 2097.3
1299840 2097.8
1299850 2098.4
1299860 2098.4
1299870 2098.6
1299880 2098.3
1299890 2094.9
1299900 2094.9
1299910 2090.0
1299920 2089.1
1299930 2089.1
1299940 2090.0
1299950 2090.3
1299960 2090.3
1299970 2090.2
1299980 2089.2
1299990 2089.2
