1280000 2034.9
1280010 2037.5
1280020 2037.5
1280030 2039.8
1280040 2042.0
1280050 2042.0
1280060 2044.3
1280070 2047.4
1280080 2047.4
1280090 2051.5
1280100 2056.5
1280110 2056.5
1280120 2061.7
1280130 2067.0
1280140 2067.0
1280150 2072.5
1280160 2076.6
1280170 2076.6
1280180 2080.7
1280190 2084.7
1280200 2087.8
1280210 2087.8
1280220 2091.7
1280230 2095.0
1280240 2095.0
1280250 2097.3
1280260 2099.6
1280270 2099.6
1280280 2102.6
1280290 2106.5
1280300 2106.5
1280310 2110.1
1280320 2113.0
1280330 2113.0
1280340 2115.5
1280350 2118.6
1280360 2118.6
1280370 2121.6
1280380 2124.5
1280390 2124.5
1280400 2127.2
1280410 2129.7
1280420 2129.7
1280430 2132.0
1280440 2134.0
1280450 2136.2
1280460 2136.2
1280470 2138.8
1280480 2141.5
1280490 2141.5
1280500 2144.3
1280510 2146.8
1280520 2146.8
1280530 2149.7
1280540 2152.3
1280550 2152.3
1280560 2154.6
1280570 2156.7
1280580 2156.7
1280590 2158.7
1280600 2161.5
1280610 2161.5
1280620 2163.9
1280630 2165.5
1280640 2165.5
1280650 2167.1
1280660 2169.6
1280670 2172.6
1280680 2172.6
1280690 2175.8
1280700 2179.7
1280710 2179.7
1280720 2183.2
1280730 2186.6
1280740 2186.6
1280750 2189.9
1280760 2193.3
1280770 2193.3
1280780 2196.7
1280790 2200.5
1280800 2200.5
1280810 2204.0
1280820 2207.2
1280830 2207.2
1280840 2210.3
1280850 2213.3
1280860 2213.3
1280870 2216.0
1280880 2218.9
1280890 2218.9
1280900 2222.1
1280910 2224.8
1280920 2227.1
1280930 2227.1
1280940 2229.9
1280950 2233.0
1280960 2233.0
1280970 2236.1
1280980 2239.1
1280990 2239.1
1281000 2242.8
1281010 2246.4
1281020 2246.4
1281030 2249.2
1281040 2251.7
1281050 2251.7
1281060 2254.2
1281070 2256.4
1281080 2256.4
1281090 2259.1
1281100 2261.3
1281110 2261.3
1281120 2263.2
1281130 2265.9
1281140 2268.3
1281150 2268.3
1281160 2270.4
1281170 2271.6
1281180 2271.6
1281190 2272.2
1281200 2273.5
1281210 2273.5
1281220 2275.2
1281230 2277.8
1281240 2277.8
1281250 2280.2
1281260 2282.5
1281270 2282.5
1281280 2284.5
1281290 2286.1
1281300 2286.1
1281310 2288.0
1281320 2290.0
1281330 2290.0
1281340 2293.4
1281350 2297.8
1281360 2297.8
1281370 2302.0
1281380 2306.0
1281390 2309.4
1281400 2309.4
1281410 2312.2
1281420 2314.7
1281430 2314.7
1281440 2317.0
1281450 2317.5
1281460 2317.5
1281470 2318.0
1281480 2319.5
1281490 2319.5
1281500 2321.2
1281510 2322.7
1281520 2322.7
1281530 2324.1
1281540 2326.8
1281550 2326.8
1281560 2330.8
1281570 2334.0
1281580 2334.0
1281590 2335.9
1281600 2338.8
1281610 2341.9
1281620 2341.9
1281630 2344.6
1281640 2347.0
1281650 2347.0
1281660 2348.4
1281670 2345.7
1281680 2345.7
1281690 2338.8
1281700 2333.5
1281710 2333.5
1281720 2326.4
1281730 2319.8
1281740 2319.8
1281750 2314.8
1281760 2310.9
1281770 2310.9
1281780 2307.9
1281790 2305.3
1281800 2305.3
1281810 2303.6
1281820 2302.1
1281830 2302.1
1281840 2301.3
1281850 2297.4
1281860 2296.7
1281870 2296.7
1281880 2296.1
1281890 2294.7
1281900 2294.7
1281910 2293.2
1281920 2292.4
1281930 2292.4
1281940 2292.0
1281950 2293.2
1281960 2293.2
1281970 2295.3
1281980 2297.7
1281990 2297.7
1282000 2299.7
1282010 2301.0
1282020 2301.0
1282030 2302.3
1282040 2303.9
1282050 2303.9
1282060 2304.5
1282070 2303.7
1282080 2302.8
1282090 2302.8
1282100 2302.8
1282110 2302.6
1282120 2302.6
1282130 2302.0
1282140 2301.2
1282150 2301.2
1282160 2298.3
1282170 2295.7
1282180 2295.7
1282190 2293.0
1282200 2290.2
1282210 2290.2
1282220 2288.1
1282230 2283.5
1282240 2283.5
1282250 2277.1
1282260 2270.6
1282270 2270.6
1282280 2265.8
1282290 2261.8
1282300 2261.8
1282310 2258.0
1282320 2253.9
1282330 2252.4
1282340 2252.4
1282350 2253.8
1282360 2254.7
1282370 2254.7
1282380 2255.1
1282390 2255.9
1282400 2255.9
1282410 2257.9
1282420 2258.9
1282430 2258.9
1282440 2257.1
1282450 2254.6
1282460 2254.6
1282470 2251.8
1282480 2250.7
1282490 2250.7
1282500 2247.0
1282510 2242.6
1282520 2242.6
1282530 2238.0
1282540 2235.2
1282550 2235.9
1282560 2235.9
1282570 2236.4
1282580 2235.7
1282590 2235.7
1282600 2236.4
1282610 2235.2
1282620 2235.2
1282630 2232.7
1282640 2231.3
1282650 2231.3
1282660 2230.8
1282670 2232.3
1282680 2232.3
1282690 2232.3
1282700 2230.0
1282710 2230.0
1282720 2226.2
1282730 2223.3
1282740 2223.3
1282750 2224.2
1282760 2226.2
1282770 2226.2
1282780 2227.8
1282790 2227.9
1282800 2225.7
1282810 2225.7
1282820 2222.2
1282830 2219.0
1282840 2219.0
1282850 2216.6
1282860 2213.7
1282870 2213.7
1282880 2209.2
1282890 2204.4
1282900 2204.4
1282910 2201.1
1282920 2199.2
1282930 2199.2
1282940 2197.0
1282950 2193.6
1282960 2193.6
1282970 2191.1
1282980 2190.7
1282990 2190.7
1283000 2192.3
1283010 2194.8
1283020 2196.0
1283030 2196.0
1283040 2195.4
1283050 2195.5
1283060 2195.5
1283070 2197.8
1283080 2200.1
1283090 2200.1
1283100 2200.9
1283110 2196.3
1283120 2196.3
1283130 2195.0
1283140 2192.3
1283150 2192.3
1283160 2190.1
1283170 2189.7
1283180 2189.7
1283190 2188.7
1283200 2187.4
1283210 2187.4
1283220 2186.2
1283230 2184.9
1283240 2184.5
1283250 2184.5
1283260 2184.4
1283270 2184.0
1283280 2184.0
1283290 2184.4
1283300 2185.2
1283310 2185.2
1283320 2185.6
1283330 2186.0
1283340 2186.0
1283350 2186.6
1283360 2185.5
1283370 2185.5
1283380 2184.5
1283390 2184.0
1283400 2184.0
1283410 2184.2
1283420 2184.1
1283430 2184.1
1283440 2184.6
1283450 2185.9
1283460 2185.9
1283470 2189.4
1283480 2193.6
1283490 2197.8
1283500 2197.8
1283510 2202.4
1283520 2205.8
1283530 2205.8
1283540 2206.1
1283550 2206.8
1283560 2206.8
1283570 2210.2
1283580 2214.4
1283590 2214.4
1283600 2216.8
1283610 2218.6
1283620 2218.6
1283630 2219.7
1283640 2219.4
1283650 2219.4
1283660 2219.6
1283670 2221.1
1283680 2221.1
1283690 2222.8
1283700 2224.4
1283710 2224.8
1283720 2224.8
1283730 2224.4
1283740 2217.2
1283750 2217.2
1283760 2213.3
1283770 2208.9
1283780 2208.9
1283790 2204.4
1283800 2199.3
1283810 2199.3
1283820 2194.1
1283830 2189.3
1283840 2189.3
1283850 2184.4
1283860 2180.0
1283870 2180.0
1283880 2175.3
1283890 2170.1
1283900 2170.1
1283910 2163.7
1283920 2157.9
1283930 2157.9
1283940 2152.9
1283950 2147.3
1283960 2140.9
1283970 2140.9
1283980 2133.7
1283990 2128.6
1284000 2128.6
1284010 2123.1
1284020 2117.7
1284030 2117.7
1284040 2111.6
1284050 2105.1
1284060 2105.1
1284070 2099.0
1284080 2092.4
1284090 2092.4
1284100 2085.0
1284110 2077.6
1284120 2077.6
1284130 2072.2
1284140 2067.3
1284150 2067.3
1284160 2062.0
1284170 2056.9
1284180 2052.7
1284190 2052.7
1284200 2048.3
1284210 2042.2
1284220 2042.2
1284230 2036.5
1284240 2032.2
1284250 2032.2
1284260 2027.2
1284270 2022.3
1284280 2022.3
1284290 2025.3
1284300 2031.2
1284310 2031.2
1284320 2032.7
1284330 2031.3
1284340 2031.3
1284350 2028.0
1284360 2028.1
1284370 2023.3
1284380 2027.4
1284390 2028.3
1284400 2028.3
1284410 2028.7
1284420 2029.2
1284430 2029.4
1284440 2029.4
1284450 2029.2
1284460 2025.6
1284470 2025.6
1284480 2024.5
1284490 2026.3
1284500 2026.3
1284510 2027.6
1284520 2030.2
1284530 2030.2
1284540 2035.4
1284550 2038.8
1284560 2038.8
1284570 2041.7
1284580 2044.1
1284590 2044.1
1284600 2045.6
1284610 2046.3
1284620 2046.3
1284630 2046.4
1284640 2046.1
1284650 2045.7
1284660 2045.7
1284670 2043.8
1284680 2043.3
1284690 2043.3
1284700 2042.1
1284710 2041.0
1284720 2041.0
1284730 2040.6
1284740 2039.7
1284750 2039.7
1284760 2038.9
1284770 2038.3
1284780 2038.3
1284790 2037.0
1284800 2036.6
1284810 2036.6
1284820 2036.9
1284830 2037.1
1284840 2037.1
1284850 2036.7
1284860 2035.6
1284870 2035.6
1284880 2034.4
1284890 2032.9
1284900 2031.2
1284910 2031.2
1284920 2029.8
1284930 2028.8
1284940 2028.8
1284950 2026.7
1284960 2024.8
1284970 2024.8
1284980 2023.4
1284990 2021.1
1285000 2021.1
1285010 2015.5
1285020 2012.1
1285030 2012.1
1285040 2007.6
1285050 2002.4
1285060 2002.4
1285070 1998.3
1285080 1998.8
1285090 1998.8
1285100 2000.7
1285110 2000.2
1285120 1998.5
1285130 1998.5
1285140 1997.0
1285150 1995.7
1285160 1995.7
1285170 1994.6
1285180 1992.5
1285190 1992.5
1285200 1990.0
1285210 1987.1
1285220 1987.1
1285230 1984.2
1285240 1980.6
1285250 1980.6
1285260 1976.9
1285270 1975.6
1285280 1975.6
1285290 1975.6
1285300 1976.0
1285310 1976.0
1285320 1976.3
1285330 1976.1
1285340 1976.1
1285350 1977.2
1285360 1978.8
1285370 1978.7
1285380 1978.7
1285390 1978.4
1285400 1978.3
1285410 1978.3
1285420 1978.3
1285430 1978.5
1285440 1978.5
1285450 1978.2
1285460 1976.8
1285470 1976.8
1285480 1974.3
1285490 1971.8
1285500 1971.8
1285510 1969.1
1285520 1966.0
1285530 1966.0
1285540 1962.2
1285550 1958.4
1285560 1958.4
1285570 1954.9
1285580 1951.3
1285590 1946.7
1285600 1946.7
1285610 1941.8
1285620 1936.0
1285630 1936.0
1285640 1929.8
1285650 1921.9
1285660 1921.9
1285670 1916.7
1285680 1911.3
1285690 1911.3
1285700 1905.6
1285710 1899.6
1285720 1899.6
1285730 1893.3
1285740 1887.3
1285750 1887.3
1285760 1881.1
1285770 1874.3
1285780 1874.3
1285790 1868.1
1285800 1861.3
1285810 1861.3
1285820 1854.7
1285830 1848.8
1285840 1843.1
1285850 1843.1
1285860 1837.3
1285870 1831.5
1285880 1831.5
1285890 1825.6
1285900 1819.7
1285910 1819.7
1285920 1814.2
1285930 1808.8
1285940 1808.8
1285950 1803.5
1285960 1797.4
1285970 1797.4
1285980 1789.6
1285990 1780.4
1286000 1780.4
1286010 1771.7
1286020 1765.1
1286030 1765.1
1286040 1762.1
1286050 1760.0
1286060 1756.6
1286070 1756.6
1286080 1752.1
1286090 1748.8
1286100 1748.8
1286110 1744.2
1286120 1736.1
1286130 1736.1
1286140 1729.5
1286150 1723.2
1286160 1723.2
1286170 1715.7
1286180 1708.1
1286190 1708.1
1286200 1701.7
1286210 1696.5
1286220 1696.5
1286230 1690.8
1286240 1684.9
1286250 1684.9
1286260 1678.2
1286270 1670.2
1286280 1670.2
1286290 1663.9
1286300 1659.0
1286310 1654.7
1286320 1654.7
1286330 1648.9
1286340 1644.5
1286350 1644.5
1286360 1639.6
1286370 1636.9
1286380 1636.9
1286390 1634.5
1286400 1633.0
1286410 1633.0
1286420 1629.4
1286430 1624.6
1286440 1624.6
1286450 1620.6
1286460 1614.7
1286470 1614.7
1286480 1610.7
1286490 1606.6
1286500 1606.6
1286510 1601.0
1286520 1596.2
1286530 1591.5
1286540 1591.5
1286550 1588.8
1286560 1586.9
1286570 1586.9
1286580 1584.1
1286590 1579.3
1286600 1579.3
1286610 1573.4
1286620 1568.1
1286630 1568.1
1286640 1565.2
1286650 1561.2
1286660 1561.2
1286670 1561.6
1286680 1563.4
1286690 1563.4
1286700 1564.9
1286710 1566.4
1286720 1566.4
1286730 1566.6
1286740 1571.2
1286750 1573.8
1286760 1573.8
1286770 1574.5
1286780 1573.6
1286790 1573.6
1286800 1570.9
1286810 1568.6
1286820 1568.6
1286830 1566.7
1286840 1565.0
1286850 1565.0
1286860 1564.2
1286870 1563.8
1286880 1563.8
1286890 1563.0
1286900 1562.0
1286910 1562.0
1286920 1561.5
1286930 1558.5
1286940 1558.5
1286950 1558.1
1286960 1557.3
1286970 1557.3
1286980 1556.6
1286990 1556.8
1287000 1557.1
1287010 1557.1
1287020 1557.0
1287030 1556.5
1287040 1556.5
1287050 1555.5
1287060 1553.7
1287070 1553.7
1287080 1551.5
1287090 1549.8
1287100 1549.8
1287110 1544.8
1287120 1538.8
1287130 1538.8
1287140 1536.7
1287150 1536.9
1287160 1536.9
1287170 1539.1
1287180 1541.3
1287190 1541.3
1287200 1542.4
1287210 1540.8
1287220 1535.9
1287230 1535.9
1287240 1531.5
1287250 1528.1
1287260 1528.1
1287270 1525.1
1287280 1523.7
1287290 1523.7
1287300 1521.3
1287310 1519.1
1287320 1519.1
1287330 1517.1
1287340 1515.0
1287350 1515.0
1287360 1513.2
1287370 1512.2
1287380 1512.2
1287390 1511.7
1287400 1511.3
1287410 1511.3
1287420 1512.1
1287430 1515.1
1287440 1515.1
1287450 1519.1
1287460 1523.2
1287470 1526.1
1287480 1526.1
1287490 1529.7
1287500 1533.5
1287510 1533.5
1287520 1537.4
1287530 1540.5
1287540 1540.5
1287550 1543.0
1287560 1545.8
1287570 1553.7
1287580 1556.5
1287590 1558.7
1287600 1558.7
1287610 1561.5
1287620 1563.8
1287630 1563.8
1287640 1566.3
1287650 1569.1
1287660 1569.1
1287670 1572.6
1287680 1576.4
1287690 1580.2
1287700 1580.2
1287710 1584.1
1287720 1587.9
1287730 1587.9
1287740 1591.7
1287750 1595.6
1287760 1595.6
1287770 1599.7
1287780 1603.0
1287790 1603.0
1287800 1607.3
1287810 1612.3
1287820 1612.3
1287830 1617.0
1287840 1621.9
1287850 1621.9
1287860 1627.1
1287870 1632.5
1287880 1632.5
1287890 1637.6
1287900 1642.8
1287910 1642.8
1287920 1647.7
1287930 1651.2
1287940 1654.6
1287950 1654.6
1287960 1657.9
1287970 1662.1
1287980 1662.1
1287990 1666.0
1288000 1669.5
1288010 1669.5
1288020 1673.0
1288030 1676.0
1288040 1676.0
1288050 1679.3
1288060 1683.0
1288070 1683.0
1288080 1686.5
1288090 1690.0
1288100 1690.0
1288110 1693.4
1288120 1696.7
1288130 1696.7
1288140 1699.6
1288150 1701.8
1288160 1704.6
1288170 1704.6
1288180 1707.1
1288190 1709.3
1288200 1709.3
1288210 1711.0
1288220 1716.9
1288230 1716.9
1288240 1718.8
1288250 1719.8
1288260 1719.8
1288270 1719.7
1288280 1720.0
1288290 1720.0
1288300 1721.3
1288310 1722.4
1288320 1722.4
1288330 1723.5
1288340 1725.9
1288350 1725.9
1288360 1723.9
1288370 1721.4
1288380 1721.4
1288390 1720.6
1288400 1722.4
1288410 1718.8
1288420 1718.8
1288430 1714.8
1288440 1714.2
1288450 1714.2
1288460 1713.3
1288470 1715.9
1288480 1715.9
1288490 1721.4
1288500 1724.3
1288510 1724.3
1288520 1725.0
1288530 1727.1
1288540 1727.1
1288550 1730.0
1288560 1735.4
1288570 1735.4
1288580 1743.2
1288590 1751.9
1288600 1751.9
1288610 1762.5
1288620 1771.1
1288630 1778.9
1288640 1778.9
1288650 1786.9
1288660 1796.4
1288670 1796.4
1288680 1807.2
1288690 1817.9
1288700 1817.9
1288710 1828.7
1288720 1838.0
1288730 1838.0
1288740 1846.2
1288750 1851.5
1288760 1851.5
1288770 1855.1
1288780 1858.4
1288790 1858.4
1288800 1862.0
1288810 1864.8
1288820 1864.8
1288830 1865.8
1288840 1867.0
1288850 1867.0
1288860 1870.9
1288870 1871.8
1288880 1873.7
1288890 1873.7
1288900 1875.7
1288910 1878.7
1288920 1878.7
1288930 1882.4
1288940 1886.2
1288950 1886.2
1288960 1890.4
1288970 1895.3
1288980 1895.3
1288990 1900.2
1289000 1905.0
1289010 1905.0
1289020 1912.4
1289030 1921.2
1289040 1921.2
1289050 1927.9
1289060 1931.5
1289070 1931.5
1289080 1934.1
1289090 1935.4
1289100 1935.1
1289110 1935.1
1289120 1934.2
1289130 1934.7
1289140 1934.7
1289150 1936.1
1289160 1935.3
1289170 1935.3
1289180 1934.0
1289190 1934.1
1289200 1934.1
1289210 1933.4
1289220 1935.4
1289230 1935.4
1289240 1940.5
1289250 1946.9
1289260 1946.9
1289270 1952.6
1289280 1958.0
1289290 1958.0
1289300 1962.7
1289310 1966.1
1289320 1966.6
1289330 1966.6
1289340 1965.0
1289350 1964.9
1289360 1964.9
1289370 1966.8
1289380 1968.7
1289390 1968.7
1289400 1968.4
1289410 1967.4
1289420 1967.4
1289430 1966.8
1289440 1967.1
1289450 1967.1
1289460 1968.3
1289470 1969.6
1289480 1969.6
1289490 1971.1
1289500 1972.4
1289510 1978.1
1289520 1978.8
1289530 1979.3
1289540 1979.3
1289550 1980.0
1289560 1982.1
1289570 1985.6
1289580 1985.6
1289590 1991.6
1289600 1996.0
1289610 1996.0
1289620 2001.0
1289630 2005.2
1289640 2005.2
1289650 2005.3
1289660 2003.4
1289670 2003.4
1289680 2001.1
1289690 2000.1
1289700 2000.1
1289710 1999.4
1289720 1997.1
1289730 1997.1
1289740 1996.2
1289750 1993.8
1289760 1993.8
1289770 1993.2
1289780 1991.5
1289790 1990.5
1289800 1990.5
1289810 1987.8
1289820 1984.4
1289830 1984.4
1289840 1980.3
1289850 1975.6
1289860 1975.6
1289870 1970.9
1289880 1966.7
1289890 1966.7
1289900 1962.8
1289910 1959.9
1289920 1959.9
1289930 1955.7
1289940 1951.2
1289950 1951.2
1289960 1948.7
1289970 1946.3
1289980 1946.3
1289990 1945.1
1290000 1944.5
1290010 1944.5
1290020 1944.2
1290030 1945.2
1290040 1944.3
1290050 1944.3
1290060 1942.2
1290070 1941.4
1290080 1941.4
1290090 1942.1
1290100 1943.9
1290110 1943.9
1290120 1944.6
1290130 1945.4
1290140 1945.4
1290150 1945.9
1290160 1946.1
1290170 1948.8
1290180 1948.5
1290190 1946.6
1290200 1946.6
1290210 1944.9
1290220 1943.5
1290230 1943.5
1290240 1943.2
1290250 1944.6
1290260 1946.2
1290270 1946.2
1290280 1948.4
1290290 1949.8
1290300 1949.8
1290310 1950.3
1290320 1952.2
1290330 1952.2
1290340 1955.5
1290350 1957.0
1290360 1957.0
1290370 1957.8
1290380 1959.3
1290390 1959.3
1290400 1961.8
1290410 1964.6
1290420 1964.6
1290430 1967.7
1290440 1970.9
1290450 1970.9
1290460 1972.0
1290470 1972.1
1290480 1972.1
1290490 1971.9
1290500 1970.5
1290510 1969.5
1290520 1969.5
1290530 1969.4
1290540 1967.3
1290550 1967.3
1290560 1966.4
1290570 1966.6
1290580 1966.6
1290590 1965.8
1290600 1963.6
1290610 1963.6
1290620 1959.9
1290630 1957.3
1290640 1957.3
1290650 1957.9
1290660 1957.4
1290670 1957.4
1290680 1955.9
1290690 1953.6
1290700 1953.6
1290710 1954.8
1290720 1959.7
1290730 1961.7
1290740 1961.7
1290750 1963.1
1290760 1965.8
1290770 1965.8
1290780 1971.2
1290790 1976.6
1290800 1976.6
1290810 1980.7
1290820 1985.6
1290830 1985.6
1290840 1988.3
1290850 1993.0
1290860 1993.0
1290870 1998.9
1290880 2005.7
1290890 2005.7
1290900 2012.4
1290910 2016.7
1290920 2016.7
1290930 2018.9
1290940 2018.6
1290950 2018.6
1290960 2019.7
1290970 2021.6
1290980 2023.7
1290990 2023.7
1291000 2025.2
1291010 2024.6
1291020 2024.6
1291030 2022.0
1291040 2015.9
1291050 2015.9
1291060 2008.4
1291070 2000.8
1291080 2000.8
1291090 1994.7
1291100 2000.2
1291110 2000.2
1291120 2013.9
1291130 2020.2
1291140 2020.2
1291150 2020.0
1291160 2019.4
1291170 2019.4
1291180 2018.3
1291190 2017.6
1291200 2017.2
1291210 2017.2
1291220 2016.8
1291230 2016.8
1291240 2016.8
1291250 2017.7
1291260 2018.4
1291270 2018.4
1291280 2019.6
1291290 2021.8
1291300 2021.8
1291310 2024.0
1291320 2026.7
1291330 2026.7
1291340 2030.8
1291350 2035.9
1291360 2035.9
1291370 2041.4
1291380 2047.5
1291390 2047.5
1291400 2054.5
1291410 2061.7
1291420 2061.7
1291430 2069.4
1291440 2077.9
1291450 2086.5
1291460 2086.5
1291470 2095.6
1291480 2108.7
1291490 2108.7
1291500 2116.1
1291510 2124.4
1291520 2124.4
1291530 2140.0
1291540 2160.6
1291550 2160.6
1291560 2165.0
1291570 2163.5
1291580 2163.5
1291590 2160.8
1291600 2158.2
1291610 2158.2
1291620 2158.0
1291630 2158.7
1291640 2158.7
1291650 2159.4
1291660 2162.1
1291670 2164.1
1291680 2164.1
1291690 2163.9
1291700 2161.2
1291710 2161.2
1291720 2158.4
1291730 2156.4
1291740 2156.4
1291750 2156.4
1291760 2157.0
1291770 2157.0
1291780 2157.9
1291790 2158.1
1291800 2158.1
1291810 2158.3
1291820 2157.6
1291830 2157.6
1291840 2154.9
1291850 2152.8
1291860 2152.8
1291870 2151.7
1291880 2151.3
1291890 2151.9
1291900 2151.9
1291910 2152.4
1291920 2153.1
1291930 2153.1
1291940 2153.7
1291950 2154.5
1291960 2154.5
1291970 2155.1
1291980 2155.2
1291990 2155.2
1292000 2155.4
1292010 2156.0
1292020 2156.0
1292030 2156.6
1292040 2157.2
1292050 2157.2
1292060 2157.8
1292070 2158.1
1292080 2158.1
1292090 2158.5
1292100 2159.1
1292110 2159.1
1292120 2159.7
1292130 2161.2
1292140 2162.3
1292150 2162.3
1292160 2163.0
1292170 2163.8
1292180 2163.8
1292190 2164.6
1292200 2165.1
1292210 2165.1
1292220 2165.3
1292230 2165.6
1292240 2165.6
1292250 2165.9
1292260 2166.2
1292270 2166.2
1292280 2166.6
1292290 2167.0
1292300 2167.0
1292310 2167.6
1292320 2168.6
1292330 2168.6
1292340 2169.8
1292350 2170.8
1292360 2171.5
1292370 2171.5
1292380 2172.0
1292390 2172.7
1292400 2172.7
1292410 2174.3
1292420 2178.8
1292430 2178.8
1292440 2184.5
1292450 2189.0
1292460 2189.0
1292470 2192.1
1292480 2194.6
1292490 2194.6
1292500 2196.7
1292510 2198.6
1292520 2198.6
1292530 2200.2
1292540 2201.2
1292550 2201.2
1292560 2201.6
1292570 2200.6
1292580 2200.6
1292590 2200.1
1292600 2201.1
1292610 2202.7
1292620 2202.7
1292630 2204.2
1292640 2206.3
1292650 2206.3
1292660 2208.7
1292670 2211.1
1292680 2211.1
1292690 2213.0
1292700 2215.3
1292710 2215.3
1292720 2217.3
1292730 2222.2
1292740 2222.2
1292750 2228.9
1292760 2235.9
1292770 2235.9
1292780 2243.9
1292790 2250.1
1292800 2250.1
1292810 2257.1
1292820 2263.4
1292830 2272.4
1292840 2272.4
1292850 2280.8
1292860 2287.4
1292870 2287.4
1292880 2295.8
1292890 2305.2
1292900 2305.2
1292910 2313.9
1292920 2324.5
1292930 2324.5
1292940 2340.2
1292950 2359.2
1292960 2359.2
1292970 2369.0
1292980 2375.4
1292990 2375.4
1293000 2381.4
1293010 2387.1
1293020 2387.1
1293030 2392.2
1293040 2396.5
1293050 2396.5
1293060 2400.6
1293070 2404.2
1293080 2407.1
1293090 2407.1
1293100 2409.8
1293110 2412.6
1293120 2412.6
1293130 2415.5
1293140 2418.7
1293150 2418.7
1293160 2422.4
1293170 2426.3
1293180 2426.3
1293190 2430.7
1293200 2435.2
1293210 2435.2
1293220 2440.8
1293230 2447.6
1293240 2447.6
1293250 2455.9
1293260 2463.3
1293270 2463.3
1293280 2469.8
1293290 2474.2
1293300 2478.0
1293310 2478.0
1293320 2482.4
1293330 2486.2
1293340 2486.2
1293350 2489.5
1293360 2493.5
1293370 2493.5
1293380 2498.3
1293390 2503.7
1293400 2503.7
1293410 2509.1
1293420 2514.1
1293430 2514.1
1293440 2519.7
1293450 2525.3
1293460 2525.8
1293470 2531.7
1293480 2537.7
1293490 2537.7
1293500 2543.9
1293510 2550.9
1293520 2550.9
1293530 2558.4
1293540 2565.4
1293550 2574.3
1293560 2574.3
1293570 2583.5
1293580 2595.3
1293590 2595.3
1293600 2609.9
1293610 2615.9
1293620 2615.9
1293630 2622.4
1293640 2629.2
1293650 2629.2
1293660 2632.2
1293670 2632.4
1293680 2632.4
1293690 2633.5
1293700 2634.1
1293710 2634.1
1293720 2632.8
1293730 2630.4
1293740 2630.4
1293750 2627.4
1293760 2624.4
1293770 2622.7
1293780 2622.7
1293790 2621.6
1293800 2620.3
1293810 2620.3
1293820 2618.7
1293830 2617.7
1293840 2617.7
1293850 2616.7
1293860 2614.2
1293870 2614.2
1293880 2610.8
1293890 2607.8
1293900 2607.8
1293910 2604.7
1293920 2602.4
1293930 2602.4
1293940 2600.7
1293950 2599.3
1293960 2599.3
1293970 2597.0
1293980 2595.2
1293990 2593.7
1294000 2593.7
1294010 2592.8
1294020 2592.5
1294030 2592.5
1294040 2592.4
1294050 2592.1
1294060 2592.1
1294070 2592.3
1294080 2593.8
1294090 2593.8
1294100 2595.8
1294110 2598.5
1294120 2596.6
1294130 2597.8
1294140 2600.2
1294150 2600.2
1294160 2601.3
1294170 2601.5
1294180 2601.5
1294190 2601.7
1294200 2601.9
1294210 2601.9
1294220 2602.6
1294230 2603.4
1294240 2605.6
1294250 2605.6
1294260 2607.2
1294270 2607.7
1294280 2607.7
1294290 2608.3
1294300 2610.0
1294310 2610.0
1294320 2613.2
1294330 2618.2
1294340 2618.2
1294350 2620.8
1294360 2620.8
1294370 2620.8
1294380 2621.6
1294390 2622.7
1294400 2622.7
1294410 2625.7
1294420 2630.2
1294430 2630.2
1294440 2634.7
1294450 2639.1
1294460 2641.5
1294470 2641.5
1294480 2643.1
1294490 2645.7
1294500 2645.7
1294510 2650.0
1294520 2656.5
1294530 2656.5
1294540 2663.5
1294550 2665.1
1294560 2665.1
1294570 2667.1
1294580 2670.7
1294590 2670.7
1294600 2673.7
1294610 2676.5
1294620 2676.5
1294630 2679.7
1294640 2683.8
1294650 2683.8
1294660 2687.4
1294670 2690.0
1294680 2690.0
1294690 2690.8
1294700 2690.2
1294710 2690.4
1294720 2690.4
1294730 2691.1
1294740 2692.1
1294750 2692.1
1294760 2693.2
1294770 2694.3
1294780 2694.3
1294790 2698.0
1294800 2701.8
1294810 2701.8
1294820 2705.6
1294830 2710.4
1294840 2710.4
1294850 2715.9
1294860 2721.5
1294870 2721.5
1294880 2725.4
1294890 2728.3
1294900 2728.3
1294910 2730.2
1294920 2730.3
1294930 2721.0
1294940 2721.0
1294950 2709.5
1294960 2703.0
1294970 2703.0
1294980 2695.9
1294990 2682.7
1295000 2682.7
1295010 2674.4
1295020 2659.7
1295030 2659.7
1295040 2650.6
1295050 2644.7
1295060 2644.7
1295070 2639.4
1295080 2634.5
1295090 2634.5
1295100 2629.0
1295110 2624.6
1295120 2624.6
1295130 2619.6
1295140 2613.7
1295150 2613.7
1295160 2608.1
1295170 2602.9
1295180 2597.6
1295190 2597.6
1295200 2590.1
1295210 2584.2
1295220 2584.2
1295230 2579.5
1295240 2574.6
1295250 2574.6
1295260 2570.2
1295270 2567.2
1295280 2567.2
1295290 2564.9
1295300 2563.3
1295310 2563.3
1295320 2562.2
1295330 2562.7
1295340 2562.7
1295350 2562.7
1295360 2561.7
1295370 2561.7
1295380 2559.4
1295390 2559.8
1295400 2561.1
1295410 2561.1
1295420 2562.7
1295430 2563.6
1295440 2563.6
1295450 2567.8
1295460 2576.6
1295470 2576.6
1295480 2579.6
1295490 2583.5
1295500 2583.5
1295510 2584.6
1295520 2585.3
1295530 2585.3
1295540 2585.2
1295550 2585.1
1295560 2585.1
1295570 2581.4
1295580 2575.8
1295590 2575.8
1295600 2574.5
1295610 2573.7
1295620 2573.7
1295630 2573.3
1295640 2572.7
1295650 2570.1
1295660 2570.1
1295670 2544.1
1295680 2521.2
1295690 2521.2
1295700 2497.7
1295710 2472.1
1295720 2472.1
1295730 2450.1
1295740 2423.0
1295750 2423.0
1295760 2401.8
1295770 2391.4
1295780 2391.4
1295790 2384.5
1295800 2377.5
1295810 2377.5
1295820 2370.7
1295830 2364.5
1295840 2364.5
1295850 2358.3
1295860 2352.8
1295870 2348.0
1295880 2348.0
1295890 2343.3
1295900 2338.9
1295910 2338.9
1295920 2335.1
1295930 2332.9
1295940 2332.9
1295950 2332.8
1295960 2333.0
1295970 2333.0
1295980 2332.8
1295990 2332.1
1296000 2332.1
1296010 2330.7
1296020 2329.3
1296030 2329.3
1296040 2328.5
1296050 2326.7
1296060 2326.7
1296070 2323.9
1296080 2321.2
1296090 2319.8
1296100 2319.8
1296110 2319.1
1296120 2318.3
1296130 2320.3
1296140 2319.5
1296150 2318.3
1296160 2318.3
1296170 2315.4
1296180 2312.8
1296190 2312.8
1296200 2313.0
1296210 2316.1
1296220 2316.1
1296230 2318.3
1296240 2320.1
1296250 2320.1
1296260 2321.8
1296270 2325.2
1296280 2325.2
1296290 2329.3
1296300 2334.9
1296310 2334.9
1296320 2340.6
1296330 2344.4
1296340 2346.2
1296350 2346.2
1296360 2348.2
1296370 2350.3
1296380 2350.3
1296390 2352.5
1296400 2355.1
1296410 2355.1
1296420 2357.6
1296430 2360.6
1296440 2360.6
1296450 2362.3
1296460 2363.7
1296470 2363.7
1296480 2365.7
1296490 2367.0
1296500 2367.0
1296510 2368.7
1296520 2369.9
1296530 2369.9
1296540 2371.2
1296550 2372.6
1296560 2374.3
1296570 2374.3
1296580 2376.8
1296590 2379.9
1296600 2379.9
1296610 2382.9
1296620 2387.2
1296630 2387.2
1296640 2390.7
1296650 2393.9
1296660 2393.9
1296670 2396.2
1296680 2398.9
1296690 2398.9
1296700 2401.5
1296710 2405.1
1296720 2405.1
1296730 2408.7
1296740 2412.3
1296750 2412.3
1296760 2422.1
1296770 2426.5
1296780 2426.5
1296790 2426.4
1296800 2429.8
1296810 2441.8
1296820 2441.8
1296830 2449.0
1296840 2455.5
1296850 2455.5
1296860 2458.1
1296870 2459.1
1296880 2459.1
1296890 2460.5
1296900 2463.9
1296910 2463.9
1296920 2467.1
1296930 2469.5
1296940 2469.5
1296950 2471.0
1296960 2471.1
1296970 2471.1
1296980 2468.5
1296990 2468.7
1297000 2468.7
1297010 2471.5
1297020 2474.9
1297030 2479.0
1297040 2479.0
1297050 2487.0
1297060 2497.4
1297070 2497.4
1297080 2502.0
1297090 2505.2
1297100 2505.2
1297110 2509.4
1297120 2513.9
1297130 2513.9
1297140 2517.9
1297150 2521.1
1297160 2521.1
1297170 2523.7
1297180 2526.3
1297190 2526.3
1297200 2528.3
1297210 2526.1
1297220 2526.1
1297230 2509.8
1297240 2488.1
1297250 2488.1
1297260 2476.8
1297270 2469.6
1297280 2462.5
1297290 2462.5
1297300 2457.1
1297310 2453.6
1297320 2453.6
1297330 2450.0
1297340 2447.0
1297350 2447.0
1297360 2444.8
1297370 2443.4
1297380 2443.4
1297390 2441.4
1297400 2438.1
1297410 2438.1
1297420 2434.0
1297430 2430.5
1297440 2430.5
1297450 2427.9
1297460 2424.9
1297470 2424.9
1297480 2421.6
1297490 2413.4
1297500 2410.9
1297510 2410.9
1297520 2408.8
1297530 2406.5
1297540 2406.5
1297550 2402.7
1297560 2400.0
1297570 2400.0
1297580 2397.9
1297590 2395.9
1297600 2395.9
1297610 2393.7
1297620 2391.4
1297630 2391.4
1297640 2389.5
1297650 2388.3
1297660 2388.3
1297670 2387.3
1297680 2385.9
1297690 2385.9
1297700 2382.4
1297710 2380.4
1297720 2379.3
1297730 2379.3
1297740 2379.7
1297750 2379.9
1297760 2379.9
1297770 2378.0
1297780 2375.1
1297790 2375.1
1297800 2371.3
1297810 2366.8
1297820 2366.8
1297830 2361.1
1297840 2355.3
1297850 2355.3
1297860 2350.9
1297870 2346.7
1297880 2346.7
1297890 2342.5
1297900 2338.5
1297910 2338.5
1297920 2336.7
1297930 2336.0
1297940 2336.0
1297950 2335.9
1297960 2335.6
1297970 2334.9
1297980 2334.9
1297990 2336.0
1298000 2336.7
1298010 2336.7
1298020 2337.0
1298030 2337.5
1298040 2337.5
1298050 2338.1
1298060 2337.5
1298070 2337.5
1298080 2337.1
1298090 2336.1
1298100 2336.1
1298110 2334.7
1298120 2333.5
1298130 2333.5
1298140 2333.6
1298150 2332.9
1298160 2332.9
1298170 2329.8
1298180 2330.7
1298190 2330.2
1298200 2330.2
1298210 2328.7
1298220 2328.1
1298230 2328.1
1298240 2327.8
1298250 2327.9
1298260 2327.9
1298270 2327.5
1298280 2326.4
1298290 2326.4
1298300 2326.8
1298310 2328.7
1298320 2328.7
1298330 2329.6
1298340 2329.9
1298350 2329.9
1298360 2330.1
1298370 2329.4
1298380 2329.4
1298390 2327.2
1298400 2322.8
1298410 2322.8
1298420 2317.8
1298430 2312.7
1298440 2306.0
1298450 2306.0
1298460 2301.9
1298470 2298.7
1298480 2298.7
1298490 2292.8
1298500 2291.0
1298510 2291.0
1298520 2288.8
1298530 2285.4
1298540 2285.4
1298550 2280.8
1298560 2277.3
1298570 2277.3
1298580 2275.1
1298590 2272.7
1298600 2272.7
1298610 2269.2
1298620 2266.4
1298630 2266.4
1298640 2265.2
1298650 2263.9
1298660 2264.0
1298670 2264.0
1298680 2263.8
1298690 2263.3
1298700 2263.3
1298710 2262.1
1298720 2260.7
1298730 2260.7
1298740 2260.0
1298750 2259.8
1298760 2259.8
1298770 2259.5
1298780 2258.8
1298790 2258.8
1298800 2257.9
1298810 2257.0
1298820 2257.0
1298830 2256.0
1298840 2255.1
1298850 2248.8
1298860 2247.5
1298870 2246.2
1298880 2246.2
1298890 2244.8
1298900 2244.7
1298910 2243.8
1298920 2243.8
1298930 2243.3
1298940 2242.9
1298950 2242.9
1298960 2242.0
1298970 2241.6
1298980 2241.6
1298990 2242.3
1299000 2244.0
1299010 2244.0
1299020 2245.3
1299030 2245.3
1299040 2245.3
1299050 2245.4
1299060 2245.3
1299070 2245.3
1299080 2244.5
1299090 2244.5
1299100 2244.5
1299110 2243.2
1299120 2240.0
1299130 2238.1
1299140 2238.1
1299150 2235.5
1299160 2231.1
1299170 2231.1
1299180 2227.3
1299190 2223.1
1299200 2223.1
1299210 2220.5
1299220 2218.2
1299230 2218.2
1299240 2216.2
1299250 2214.3
1299260 2214.3
1299270 2214.2
1299280 2214.7
1299290 2214.7
1299300 2211.2
1299310 2209.2
1299320 2209.2
1299330 2208.6
1299340 2208.9
1299350 2208.9
1299360 2209.1
1299370 2208.6
1299380 2206.6
1299390 2206.6
1299400 2206.2
1299410 2204.2
1299420 2204.2
1299430 2201.4
1299440 2196.9
1299450 2196.9
1299460 2193.1
1299470 2188.9
1299480 2188.9
1299490 2185.4
1299500 2182.7
1299510 2182.7
1299520 2180.0
1299530 2176.9
1299540 2171.1
1299550 2166.1
1299560 2161.2
1299570 2161.2
1299580 2157.5
1299590 2154.0
1299600 2149.7
1299610 2149.7
1299620 2145.6
1299630 2142.1
1299640 2142.1
1299650 2140.8
1299660 2139.1
1299670 2139.1
1299680 2138.4
1299690 2136.8
1299700 2136.8
1299710 2137.7
1299720 2137.3
1299730 2137.3
1299740 2128.3
1299750 2121.6
1299760 2121.6
1299770 2115.4
1299780 2110.7
1299790 2110.7
1299800 2106.6
1299810 2102.0
1299820 2097.2
1299830 2097.2
1299840 2092.7
1299850 2087.5
1299860 2087.5
1299870 2081.7
1299880 2077.1
1299890 2077.1
1299900 2072.5
1299910 2068.5
1299920 2068.5
1299930 2064.0
1299940 2059.9
1299950 2059.9
1299960 2056.2
1299970 2051.1
1299980 2051.1
1299990 2045.6
