1280000 1970.2
1280010 1967.3
1280020 1967.3
1280030 1965.8
1280040 1966.4
1280050 1967.5
1280060 1967.5
1280070 1972.0
1280080 1978.9
1280090 1978.9
1280100 1985.6
1280110 1989.8
1280120 1989.8
1280130 1992.1
1280140 1993.3
1280150 1993.3
1280160 1993.7
1280170 1993.7
1280180 1993.7
1280190 1993.7
1280200 1993.6
1280210 1993.6
1280220 1994.2
1280230 1995.3
1280240 1995.3
1280250 1996.7
1280260 1998.3
1280270 1998.3
1280280 2000.2
1280290 2002.0
1280300 2003.9
1280310 2003.9
1280320 2006.4
1280330 2009.2
1280340 2009.4
1280350 2012.5
1280360 2015.6
1280370 2015.6
1280380 2018.7
1280390 2022.4
1280400 2022.4
1280410 2026.9
1280420 2030.9
1280430 2030.9
1280440 2034.4
1280450 2038.1
1280460 2038.1
1280470 2041.8
1280480 2045.9
1280490 2045.9
1280500 2050.6
1280510 2055.5
1280520 2062.2
1280530 2062.2
1280540 2070.6
1280550 2077.1
1280560 2077.1
1280570 2082.1
1280580 2087.1
1280590 2087.1
1280600 2091.8
1280610 2095.5
1280620 2095.5
1280630 2099.9
1280640 2105.8
1280650 2105.8
1280660 2111.9
1280670 2117.7
1280680 2117.7
1280690 2124.9
1280700 2130.0
1280710 2130.0
1280720 2133.5
1280730 2137.3
1280740 2137.3
1280750 2143.0
1280760 2149.7
1280770 2156.0
1280780 2156.0
1280790 2161.6
1280800 2167.1
1280810 2167.1
1280820 2173.2
1280830 2179.1
1280840 2179.1
1280850 2184.5
1280860 2188.1
1280870 2188.1
1280880 2190.8
1280890 2195.5
1280900 2195.5
1280910 2200.4
1280920 2205.2
1280930 2205.2
1280940 2210.5
1280950 2214.2
1280960 2214.2
1280970 2221.6
1280980 2226.1
1280990 2230.8
1281000 2230.8
1281010 2234.7
1281020 2238.8
1281030 2238.8
1281040 2242.6
1281050 2246.3
1281060 2246.3
1281070 2250.7
1281080 2255.4
1281090 2255.4
1281100 2259.6
1281110 2263.5
1281120 2263.5
1281130 2267.6
1281140 2272.5
1281150 2272.5
1281160 2277.6
1281170 2282.8
1281180 2282.8
1281190 2287.9
1281200 2292.9
1281210 2292.9
1281220 2297.6
1281230 2303.2
1281240 2308.5
1281250 2308.5
1281260 2314.1
1281270 2318.8
1281280 2318.8
1281290 2321.6
1281300 2323.5
1281310 2323.5
1281320 2326.5
1281330 2333.0
1281340 2333.0
1281350 2335.5
1281360 2336.9
1281370 2336.9
1281380 2340.5
1281390 2344.4
1281400 2344.4
1281410 2349.1
1281420 2354.8
1281430 2354.8
1281440 2360.2
1281450 2365.6
1281460 2370.7
1281470 2370.7
1281480 2376.3
1281490 2382.5
1281500 2382.5
1281510 2388.5
1281520 2393.8
1281530 2393.8
1281540 2400.6
1281550 2407.6
1281560 2407.6
1281570 2413.7
1281580 2419.3
1281590 2417.3
1281600 2422.5
1281610 2427.3
1281620 2427.3
1281630 2432.0
1281640 2436.2
1281650 2436.2
1281660 2440.1
1281670 2443.8
1281680 2443.8
1281690 2447.4
1281700 2450.8
1281710 2453.8
1281720 2453.8
1281730 2456.6
1281740 2459.2
1281750 2459.2
1281760 2461.6
1281770 2463.7
1281780 2463.7
1281790 2465.4
1281800 2467.6
1281810 2467.6
1281820 2470.0
1281830 2471.2
1281840 2471.2
1281850 2472.8
1281860 2474.4
1281870 2474.4
1281880 2476.0
1281890 2477.4
1281900 2477.4
1281910 2478.5
1281920 2478.7
1281930 2473.8
1281940 2473.8
1281950 2466.5
1281960 2459.5
1281970 2459.5
1281980 2452.0
1281990 2446.7
1282000 2446.7
1282010 2442.3
1282020 2439.0
1282030 2439.0
1282040 2436.4
1282050 2432.6
1282060 2432.6
1282070 2428.3
1282080 2424.2
1282090 2424.2
1282100 2421.2
1282110 2418.7
1282120 2418.7
1282130 2416.8
1282140 2415.1
1282150 2415.1
1282160 2412.4
1282170 2409.2
1282180 2407.3
1282190 2407.3
1282200 2406.3
1282210 2405.9
1282220 2400.3
1282230 2399.9
1282240 2399.3
1282250 2399.3
1282260 2398.0
1282270 2397.9
1282280 2397.9
1282290 2397.7
1282300 2397.7
1282310 2397.7
1282320 2397.6
1282330 2398.4
1282340 2398.4
1282350 2399.4
1282360 2400.1
1282370 2400.1
1282380 2400.8
1282390 2400.9
1282400 2401.1
1282410 2401.1
1282420 2398.9
1282430 2392.1
1282440 2392.1
1282450 2384.2
1282460 2378.0
1282470 2378.0
1282480 2374.6
1282490 2367.2
1282500 2367.2
1282510 2356.7
1282520 2349.2
1282530 2349.2
1282540 2344.9
1282550 2343.2
1282560 2343.2
1282570 2340.9
1282580 2337.3
1282590 2337.3
1282600 2334.9
1282610 2333.4
1282620 2333.4
1282630 2332.6
1282640 2332.4
1282650 2332.5
1282660 2332.5
1282670 2333.0
1282680 2336.0
1282690 2336.0
1282700 2337.8
1282710 2334.9
1282720 2334.9
1282730 2330.4
1282740 2327.4
1282750 2327.4
1282760 2325.4
1282770 2324.0
1282780 2324.0
1282790 2323.5
1282800 2323.6
1282810 2323.6
1282820 2323.6
1282830 2323.4
1282840 2323.4
1282850 2320.0
1282860 2319.6
1282870 2319.9
1282880 2319.9
1282890 2321.4
1282900 2323.0
1282910 2323.0
1282920 2325.3
1282930 2327.5
1282940 2327.5
1282950 2329.6
1282960 2331.0
1282970 2331.0
1282980 2330.9
1282990 2330.5
1283000 2330.5
1283010 2330.8
1283020 2330.5
1283030 2330.5
1283040 2330.6
1283050 2330.2
1283060 2330.2
1283070 2330.4
1283080 2329.4
1283090 2329.4
1283100 2328.8
1283110 2330.6
1283120 2333.0
1283130 2333.0
1283140 2330.3
1283150 2327.0
1283160 2327.0
1283170 2326.6
1283180 2326.6
1283190 2326.6
1283200 2326.3
1283210 2326.5
1283220 2326.5
1283230 2325.8
1283240 2324.2
1283250 2324.2
1283260 2323.2
1283270 2322.3
1283280 2322.3
1283290 2321.4
1283300 2320.6
1283310 2320.6
1283320 2320.7
1283330 2319.8
1283340 2319.7
1283350 2319.7
1283360 2321.4
1283370 2322.0
1283380 2322.0
1283390 2319.9
1283400 2317.9
1283410 2317.9
1283420 2315.9
1283430 2314.2
1283440 2314.2
1283450 2312.8
1283460 2311.6
1283470 2311.6
1283480 2305.8
1283490 2305.7
1283500 2305.7
1283510 2305.2
1283520 2303.3
1283530 2303.3
1283540 2300.4
1283550 2296.4
1283560 2296.4
1283570 2292.0
1283580 2289.4
1283590 2288.4
1283600 2288.4
1283610 2286.6
1283620 2284.6
1283630 2284.6
1283640 2283.5
1283650 2282.7
1283660 2282.7
1283670 2281.5
1283680 2278.8
1283690 2278.8
1283700 2275.8
1283710 2276.4
1283720 2276.4
1283730 2281.8
1283740 2284.2
1283750 2284.2
1283760 2284.3
1283770 2284.7
1283780 2284.7
1283790 2284.9
1283800 2284.6
1283810 2284.5
1283820 2284.5
1283830 2284.0
1283840 2283.2
1283850 2283.2
1283860 2282.7
1283870 2282.2
1283880 2282.2
1283890 2282.4
1283900 2283.4
1283910 2283.4
1283920 2281.6
1283930 2277.9
1283940 2277.9
1283950 2274.5
1283960 2273.5
1283970 2273.5
1283980 2275.2
1283990 2275.7
1284000 2275.7
1284010 2276.3
1284020 2276.1
1284030 2276.1
1284040 2272.3
1284050 2266.9
1284060 2262.1
1284070 2262.1
1284080 2257.5
1284090 2254.8
1284100 2254.8
1284110 2244.8
1284120 2242.9
1284130 2242.9
1284140 2240.5
1284150 2238.0
1284160 2238.0
1284170 2235.6
1284180 2233.1
1284190 2233.1
1284200 2230.4
1284210 2227.2
1284220 2227.2
1284230 2223.8
1284240 2221.3
1284250 2221.3
1284260 2218.5
1284270 2217.4
1284280 2216.8
1284290 2216.8
1284300 2215.3
1284310 2214.4
1284320 2214.4
1284330 2213.5
1284340 2212.5
1284350 2212.5
1284360 2211.6
1284370 2209.9
1284380 2209.9
1284390 2208.2
1284400 2206.8
1284410 2206.8
1284420 2205.3
1284430 2204.3
1284440 2204.3
1284450 2204.0
1284460 2203.6
1284470 2203.6
1284480 2203.2
1284490 2202.4
1284500 2202.4
1284510 2201.6
1284520 2200.8
1284530 2199.8
1284540 2199.8
1284550 2199.1
1284560 2199.3
1284570 2199.3
1284580 2199.4
1284590 2196.9
1284600 2196.9
1284610 2193.4
1284620 2189.7
1284630 2189.7
1284640 2186.9
1284650 2185.5
1284660 2185.5
1284670 2184.8
1284680 2184.0
1284690 2184.0
1284700 2183.2
1284710 2182.6
1284720 2182.6
1284730 2181.9
1284740 2181.3
1284750 2180.3
1284760 2180.3
1284770 2179.4
1284780 2177.9
1284790 2177.9
1284800 2176.4
1284810 2174.3
1284820 2174.3
1284830 2171.8
1284840 2168.9
1284850 2168.9
1284860 2166.1
1284870 2163.4
1284880 2163.4
1284890 2160.8
1284900 2157.3
1284910 2157.3
1284920 2152.1
1284930 2147.5
1284940 2147.5
1284950 2143.5
1284960 2140.1
1284970 2140.1
1284980 2137.2
1284990 2133.0
1285000 2128.4
1285010 2128.4
1285020 2126.3
1285030 2122.8
1285040 2122.8
1285050 2119.1
1285060 2116.0
1285070 2116.0
1285080 2113.0
1285090 2110.0
1285100 2110.0
1285110 2106.8
1285120 2103.6
1285130 2103.6
1285140 2100.7
1285150 2097.8
1285160 2097.8
1285170 2094.9
1285180 2092.0
1285190 2092.0
1285200 2088.1
1285210 2083.8
1285220 2079.5
1285230 2079.5
1285240 2076.3
1285250 2073.1
1285260 2073.1
1285270 2070.5
1285280 2067.9
1285290 2067.9
1285300 2067.5
1285310 2062.1
1285320 2062.1
1285330 2056.9
1285340 2052.8
1285350 2052.8
1285360 2048.0
1285370 2040.4
1285380 2041.8
1285390 2033.5
1285400 2026.6
1285410 2026.6
1285420 2020.6
1285430 2015.7
1285440 2015.7
1285450 2012.0
1285460 2007.7
1285470 2003.5
1285480 2003.5
1285490 1999.3
1285500 1995.7
1285510 1995.7
1285520 1991.8
1285530 1988.6
1285540 1988.6
1285550 1984.8
1285560 1979.8
1285570 1979.8
1285580 1973.5
1285590 1966.6
1285600 1966.6
1285610 1960.1
1285620 1951.0
1285630 1951.0
1285640 1943.8
1285650 1937.8
1285660 1937.8
1285670 1932.8
1285680 1928.2
1285690 1923.7
1285700 1923.7
1285710 1919.0
1285720 1914.6
1285730 1914.6
1285740 1910.5
1285750 1906.4
1285760 1906.4
1285770 1901.7
1285780 1896.1
1285790 1896.1
1285800 1890.5
1285810 1885.0
1285820 1885.0
1285830 1879.5
1285840 1875.4
1285850 1875.4
1285860 1871.4
1285870 1867.9
1285880 1867.9
1285890 1863.4
1285900 1858.5
1285910 1858.5
1285920 1854.5
1285930 1849.8
1285940 1844.2
1285950 1844.2
1285960 1838.1
1285970 1831.2
1285980 1831.2
1285990 1825.2
1286000 1825.1
1286010 1825.1
1286020 1827.0
1286030 1832.4
1286040 1832.4
1286050 1837.2
1286060 1842.6
1286070 1842.6
1286080 1846.0
1286090 1847.0
1286100 1847.0
1286110 1846.1
1286120 1846.9
1286130 1846.9
1286140 1848.7
1286150 1850.4
1286160 1852.2
1286170 1852.2
1286180 1854.4
1286190 1856.8
1286200 1856.8
1286210 1858.6
1286220 1861.3
1286230 1861.3
1286240 1865.3
1286250 1869.0
1286260 1869.0
1286270 1872.6
1286280 1876.6
1286290 1876.6
1286300 1881.2
1286310 1885.9
1286320 1885.9
1286330 1890.3
1286340 1895.1
1286350 1895.1
1286360 1900.7
1286370 1905.7
1286380 1905.7
1286390 1908.9
1286400 1907.7
1286410 1901.6
1286420 1901.6
1286430 1897.2
1286440 1898.3
1286450 1898.3
1286460 1897.8
1286470 1894.3
1286480 1894.3
1286490 1890.6
1286500 1885.8
1286510 1885.8
1286520 1881.1
1286530 1876.3
1286540 1876.3
1286550 1870.9
1286560 1863.1
1286570 1863.1
1286580 1855.6
1286590 1848.4
1286600 1848.4
1286610 1842.6
1286620 1837.4
1286630 1830.2
1286640 1830.2
1286650 1821.6
1286660 1809.4
1286670 1809.4
1286680 1802.8
1286690 1796.6
1286700 1796.6
1286710 1793.2
1286720 1789.2
1286730 1789.2
1286740 1786.4
1286750 1783.8
1286760 1783.8
1286770 1780.0
1286780 1776.6
1286790 1776.6
1286800 1773.5
1286810 1770.1
1286820 1770.1
1286830 1767.0
1286840 1765.8
1286850 1765.8
1286860 1765.7
1286870 1767.8
1286880 1769.1
1286890 1769.1
1286900 1769.6
1286910 1770.2
1286920 1770.2
1286930 1771.0
1286940 1772.2
1286950 1772.2
1286960 1773.2
1286970 1773.2
1286980 1773.2
1286990 1773.1
1287000 1772.6
1287010 1772.6
1287020 1772.2
1287030 1771.6
1287040 1771.6
1287050 1771.3
1287060 1771.5
1287070 1771.5
1287080 1771.9
1287090 1771.5
1287100 1770.8
1287110 1770.8
1287120 1770.2
1287130 1769.5
1287140 1769.5
1287150 1768.9
1287160 1767.2
1287170 1767.2
1287180 1767.1
1287190 1767.0
1287200 1767.0
1287210 1765.4
1287220 1762.6
1287230 1762.6
1287240 1761.2
1287250 1759.4
1287260 1759.4
1287270 1755.5
1287280 1750.0
1287290 1750.0
1287300 1744.1
1287310 1743.3
1287320 1743.3
1287330 1741.7
1287340 1738.6
1287350 1733.8
1287360 1733.8
1287370 1728.7
1287380 1724.7
1287390 1724.7
1287400 1721.5
1287410 1717.7
1287420 1717.7
1287430 1716.2
1287440 1717.7
1287450 1717.7
1287460 1719.4
1287470 1718.4
1287480 1718.4
1287490 1718.2
1287500 1716.1
1287510 1716.1
1287520 1713.1
1287530 1709.4
1287540 1709.4
1287550 1704.7
1287560 1700.6
1287570 1696.9
1287580 1696.9
1287590 1692.2
1287600 1687.3
1287610 1687.3
1287620 1683.6
1287630 1681.7
1287640 1681.7
1287650 1679.7
1287660 1676.7
1287670 1676.7
1287680 1672.2
1287690 1669.2
1287700 1669.2
1287710 1667.2
1287720 1665.8
1287730 1665.8
1287740 1668.0
1287750 1670.2
1287760 1670.2
1287770 1670.5
1287780 1670.2
1287790 1670.2
1287800 1670.0
1287810 1669.8
1287820 1669.5
1287830 1669.5
1287840 1668.9
1287850 1668.1
1287860 1668.1
1287870 1667.3
1287880 1666.6
1287890 1666.6
1287900 1665.7
1287910 1664.9
1287920 1664.9
1287930 1663.8
1287940 1662.7
1287950 1660.1
1287960 1659.5
1287970 1656.6
1287980 1656.6
1287990 1653.2
1288000 1650.1
1288010 1650.1
1288020 1647.6
1288030 1644.2
1288040 1640.2
1288050 1640.2
1288060 1635.8
1288070 1632.6
1288080 1632.6
1288090 1632.1
1288100 1632.1
1288110 1632.1
1288120 1633.6
1288130 1634.5
1288140 1634.5
1288150 1634.7
1288160 1632.1
1288170 1632.1
1288180 1628.3
1288190 1625.4
1288200 1625.4
1288210 1622.2
1288220 1621.3
1288230 1621.3
1288240 1623.7
1288250 1626.8
1288260 1626.8
1288270 1628.3
1288280 1628.2
1288290 1626.1
1288300 1626.1
1288310 1622.2
1288320 1622.4
1288330 1622.4
1288340 1631.3
1288350 1642.2
1288360 1642.2
1288370 1649.2
1288380 1652.7
1288390 1652.7
1288400 1655.0
1288410 1657.4
1288420 1657.4
1288430 1659.5
1288440 1661.7
1288450 1661.7
1288460 1664.2
1288470 1666.1
1288480 1666.1
1288490 1669.6
1288500 1672.4
1288510 1674.8
1288520 1674.8
1288530 1678.9
1288540 1682.1
1288550 1682.1
1288560 1685.0
1288570 1686.9
1288580 1686.9
1288590 1685.2
1288600 1691.3
1288610 1691.3
1288620 1689.8
1288630 1688.1
1288640 1688.1
1288650 1687.3
1288660 1690.0
1288670 1690.0
1288680 1692.3
1288690 1692.5
1288700 1692.5
1288710 1691.4
1288720 1690.2
1288730 1690.2
1288740 1688.5
1288750 1686.7
1288760 1686.3
1288770 1686.3
1288780 1685.4
1288790 1686.7
1288800 1686.7
1288810 1691.6
1288820 1696.5
1288830 1696.5
1288840 1699.8
1288850 1703.9
1288860 1703.9
1288870 1709.3
1288880 1716.8
1288890 1716.8
1288900 1719.6
1288910 1721.8
1288920 1721.8
1288930 1724.9
1288940 1728.2
1288950 1728.2
1288960 1731.5
1288970 1733.5
1288980 1734.6
1288990 1734.6
1289000 1737.1
1289010 1738.5
1289020 1738.5
1289030 1738.9
1289040 1739.8
1289050 1739.8
1289060 1741.3
1289070 1742.7
1289080 1742.7
1289090 1744.3
1289100 1746.3
1289110 1746.3
1289120 1750.2
1289130 1754.9
1289140 1754.9
1289150 1758.8
1289160 1760.4
1289170 1760.4
1289180 1761.0
1289190 1759.7
1289200 1759.7
1289210 1758.6
1289220 1757.6
1289230 1754.9
1289240 1754.9
1289250 1745.6
1289260 1742.7
1289270 1742.7
1289280 1742.2
1289290 1738.5
1289300 1738.5
1289310 1733.9
1289320 1733.4
1289330 1733.4
1289340 1732.7
1289350 1733.0
1289360 1733.0
1289370 1735.0
1289380 1738.4
1289390 1738.4
1289400 1742.5
1289410 1746.7
1289420 1746.7
1289430 1748.4
1289440 1755.4
1289450 1763.8
1289460 1763.8
1289470 1773.2
1289480 1772.9
1289490 1772.9
1289500 1775.7
1289510 1776.9
1289520 1776.9
1289530 1776.9
1289540 1777.3
1289550 1777.3
1289560 1777.7
1289570 1774.8
1289580 1774.8
1289590 1778.8
1289600 1788.8
1289610 1788.8
1289620 1795.6
1289630 1798.9
1289640 1798.9
1289650 1801.2
1289660 1805.5
1289670 1805.5
1289680 1811.0
1289690 1817.0
1289700 1823.5
1289710 1823.5
1289720 1831.4
1289730 1838.2
1289740 1838.2
1289750 1841.3
1289760 1842.0
1289770 1842.0
1289780 1842.2
1289790 1842.1
1289800 1842.1
1289810 1841.9
1289820 1841.9
1289830 1841.9
1289840 1842.1
1289850 1842.8
1289860 1842.8
1289870 1844.1
1289880 1845.4
1289890 1845.4
1289900 1847.4
1289910 1848.5
1289920 1849.9
1289930 1849.9
1289940 1851.0
1289950 1852.0
1289960 1852.0
1289970 1853.5
1289980 1855.5
1289990 1855.5
1290000 1857.6
1290010 1859.4
1290020 1859.4
1290030 1861.7
1290040 1865.2
1290050 1865.2
1290060 1867.7
1290070 1870.7
1290080 1870.7
1290090 1873.5
1290100 1876.4
1290110 1876.4
1290120 1879.5
1290130 1882.7
1290140 1882.7
1290150 1886.1
1290160 1889.5
1290170 1891.8
1290180 1891.8
1290190 1893.8
1290200 1897.3
1290210 1897.3
1290220 1901.1
1290230 1904.3
1290240 1904.3
1290250 1906.5
1290260 1906.3
1290270 1906.3
1290280 1905.7
1290290 1909.8
1290300 1909.8
1290310 1913.5
1290320 1917.3
1290330 1917.3
1290340 1922.2
1290350 1928.2
1290360 1928.2
1290370 1934.2
1290380 1940.2
1290390 1947.1
1290400 1947.1
1290410 1954.6
1290420 1977.1
1290430 1977.1
1290440 1999.7
1290450 2014.7
1290460 2014.7
1290470 2022.3
1290480 2025.1
1290490 2025.1
1290500 2026.3
1290510 2026.4
1290520 2026.4
1290530 2026.2
1290540 2025.6
1290550 2021.1
1290560 2019.9
1290570 2018.5
1290580 2018.5
1290590 2017.7
1290600 2017.8
1290610 2017.8
1290620 2017.9
1290630 2018.0
1290640 2018.3
1290650 2018.3
1290660 2018.8
1290670 2019.2
1290680 2019.2
1290690 2019.9
1290700 2020.5
1290710 2020.5
1290720 2021.4
1290730 2022.2
1290740 2022.2
1290750 2023.1
1290760 2023.6
1290770 2023.6
1290780 2024.1
1290790 2024.8
1290800 2024.8
1290810 2025.3
1290820 2026.0
1290830 2026.0
1290840 2026.1
1290850 2026.0
1290860 2026.8
1290870 2026.8
1290880 2027.3
1290890 2027.3
1290900 2027.3
1290910 2026.9
1290920 2027.4
1290930 2027.4
1290940 2029.7
1290950 2031.7
1290960 2031.7
1290970 2034.6
1290980 2037.7
1290990 2037.7
1291000 2041.0
1291010 2044.0
1291020 2044.0
1291030 2047.0
1291040 2050.0
1291050 2050.0
1291060 2053.1
1291070 2056.6
1291080 2060.3
1291090 2060.3
1291100 2064.2
1291110 2068.5
1291120 2068.5
1291130 2073.4
1291140 2079.0
1291150 2079.0
1291160 2084.7
1291170 2090.8
1291180 2090.8
1291190 2096.2
1291200 2099.5
1291210 2094.2
1291220 2095.0
1291230 2093.6
1291240 2093.6
1291250 2093.5
1291260 2094.1
1291270 2094.1
1291280 2093.6
1291290 2094.6
1291300 2094.6
1291310 2095.6
1291320 2096.6
1291330 2098.2
1291340 2098.2
1291350 2100.5
1291360 2104.3
1291370 2104.3
1291380 2105.5
1291390 2108.1
1291400 2108.1
1291410 2108.9
1291420 2109.6
1291430 2109.6
1291440 2110.7
1291450 2112.4
1291460 2112.4
1291470 2113.6
1291480 2114.4
1291490 2114.4
1291500 2116.5
1291510 2118.7
1291520 2118.7
1291530 2120.6
1291540 2122.3
1291550 2123.5
1291560 2123.5
1291570 2124.1
1291580 2124.5
1291590 2124.5
1291600 2125.6
1291610 2126.4
1291620 2126.4
1291630 2126.7
1291640 2126.6
1291650 2126.6
1291660 2125.6
1291670 2124.8
1291680 2124.8
1291690 2124.5
1291700 2123.9
1291710 2123.9
1291720 2123.6
1291730 2123.4
1291740 2123.4
1291750 2123.0
1291760 2122.8
1291770 2122.8
1291780 2122.7
1291790 2122.3
1291800 2122.1
1291810 2122.1
1291820 2122.4
1291830 2122.6
1291840 2122.6
1291850 2122.8
1291860 2122.7
1291870 2122.7
1291880 2123.0
1291890 2123.3
1291900 2123.3
1291910 2123.6
1291920 2124.5
1291930 2124.5
1291940 2126.4
1291950 2128.1
1291960 2128.1
1291970 2130.1
1291980 2131.8
1291990 2131.8
1292000 2132.8
1292010 2133.7
1292020 2134.7
1292030 2134.7
1292040 2134.2
1292050 2134.8
1292060 2134.8
1292070 2135.1
1292080 2134.5
1292090 2134.5
1292100 2134.5
1292110 2135.4
1292120 2135.4
1292130 2136.4
1292140 2137.1
1292150 2137.1
1292160 2138.6
1292170 2140.0
1292180 2140.0
1292190 2141.1
1292200 2142.5
1292210 2142.5
1292220 2143.9
1292230 2145.2
1292240 2145.2
1292250 2146.5
1292260 2147.9
1292270 2149.5
1292280 2149.5
1292290 2151.4
1292300 2153.3
1292310 2153.3
1292320 2155.4
1292330 2157.6
1292340 2157.6
1292350 2160.5
1292360 2163.3
1292370 2163.3
1292380 2166.0
1292390 2169.3
1292400 2169.3
1292410 2173.0
1292420 2176.8
1292430 2176.8
1292440 2180.6
1292450 2184.9
1292460 2184.9
1292470 2189.6
1292480 2193.8
1292490 2198.1
1292500 2198.1
1292510 2202.7
1292520 2207.9
1292530 2207.9
1292540 2212.6
1292550 2217.6
1292560 2217.6
1292570 2223.0
1292580 2228.6
1292590 2228.6
1292600 2234.1
1292610 2239.9
1292620 2239.9
1292630 2245.6
1292640 2251.1
1292650 2251.1
1292660 2256.3
1292670 2261.8
1292680 2261.8
1292690 2267.2
1292700 2272.8
1292710 2272.8
1292720 2277.8
1292730 2282.7
1292740 2288.3
1292750 2288.3
1292760 2293.9
1292770 2299.4
1292780 2299.4
1292790 2304.4
1292800 2309.3
1292810 2309.3
1292820 2314.2
1292830 2318.5
1292840 2318.5
1292850 2322.2
1292860 2327.0
1292870 2327.0
1292880 2331.2
1292890 2335.8
1292900 2335.8
1292910 2341.2
1292920 2346.5
1292930 2346.5
1292940 2351.8
1292950 2357.0
1292960 2362.8
1292970 2362.8
1292980 2368.8
1292990 2375.1
1293000 2375.1
1293010 2381.3
1293020 2388.2
1293030 2388.2
1293040 2395.3
1293050 2402.5
1293060 2402.5
1293070 2410.0
1293080 2418.4
1293090 2418.4
1293100 2427.1
1293110 2436.9
1293120 2436.9
1293130 2447.4
1293140 2458.4
1293150 2458.4
1293160 2469.5
1293170 2475.6
1293180 2467.2
1293190 2472.5
1293200 2478.7
1293210 2484.9
1293220 2484.9
1293230 2491.9
1293240 2502.5
1293250 2502.5
1293260 2513.9
1293270 2529.2
1293280 2529.2
1293290 2538.3
1293300 2540.8
1293310 2540.8
1293320 2555.5
1293330 2562.0
1293340 2562.0
1293350 2558.1
1293360 2548.7
1293370 2548.7
1293380 2542.4
1293390 2537.3
1293400 2537.3
1293410 2534.0
1293420 2530.9
1293430 2527.1
1293440 2527.1
1293450 2522.9
1293460 2518.1
1293470 2518.1
1293480 2514.6
1293490 2512.5
1293500 2512.5
1293510 2511.1
1293520 2509.2
1293530 2509.2
1293540 2505.6
1293550 2503.8
1293560 2503.8
1293570 2503.6
1293580 2502.9
1293590 2502.9
1293600 2503.3
1293610 2504.5
1293620 2504.5
1293630 2507.8
1293640 2512.3
1293650 2512.3
1293660 2515.9
1293670 2518.2
1293680 2520.8
1293690 2520.8
1293700 2523.3
1293710 2525.2
1293720 2525.2
1293730 2526.0
1293740 2525.4
1293750 2525.4
1293760 2524.2
1293770 2523.3
1293780 2523.3
1293790 2521.6
1293800 2520.7
1293810 2520.7
1293820 2520.9
1293830 2524.5
1293840 2524.5
1293850 2527.5
1293860 2526.6
1293870 2526.6
1293880 2525.2
1293890 2524.1
1293900 2524.0
1293910 2524.0
1293920 2524.0
1293930 2524.1
1293940 2524.1
1293950 2524.1
1293960 2524.7
1293970 2524.7
1293980 2526.6
1293990 2530.6
1294000 2530.6
1294010 2533.1
1294020 2536.2
1294030 2536.2
1294040 2540.6
1294050 2544.4
1294060 2544.4
1294070 2547.4
1294080 2550.9
1294090 2550.9
1294100 2555.7
1294110 2559.9
1294120 2559.9
1294130 2561.8
1294140 2564.9
1294150 2568.1
1294160 2568.1
1294170 2572.1
1294180 2576.1
1294190 2576.1
1294200 2580.4
1294210 2583.9
1294220 2583.9
1294230 2585.6
1294240 2587.6
1294250 2587.6
1294260 2592.0
1294270 2596.3
1294280 2596.3
1294290 2599.3
1294300 2605.6
1294310 2605.6
1294320 2615.7
1294330 2627.3
1294340 2627.3
1294350 2631.0
1294360 2633.5
1294370 2636.8
1294380 2636.8
1294390 2640.1
1294400 2643.9
1294410 2643.9
1294420 2649.0
1294430 2653.7
1294440 2653.7
1294450 2656.9
1294460 2659.9
1294470 2659.9
1294480 2663.3
1294490 2668.1
1294500 2668.1
1294510 2674.2
1294520 2685.9
1294530 2685.9
1294540 2691.8
1294550 2697.8
1294560 2697.8
1294570 2703.1
1294580 2709.9
1294590 2709.9
1294600 2717.6
1294610 2728.3
1294620 2736.9
1294630 2736.9
1294640 2744.5
1294650 2751.5
1294660 2751.5
1294670 2759.8
1294680 2770.3
1294690 2770.3
1294700 2776.7
1294710 2781.7
1294720 2781.7
1294730 2784.8
1294740 2790.2
1294750 2790.2
1294760 2795.3
1294770 2798.7
1294780 2798.7
1294790 2794.9
1294800 2781.8
1294810 2781.8
1294820 2770.0
1294830 2756.7
1294840 2742.8
1294850 2742.8
1294860 2731.6
1294870 2725.6
1294880 2725.6
1294890 2712.9
1294900 2702.5
1294910 2702.5
1294920 2696.1
1294930 2687.1
1294940 2687.1
1294950 2679.1
1294960 2674.3
1294970 2674.3
1294980 2671.3
1294990 2675.2
1295000 2675.2
1295010 2688.4
1295020 2690.4
1295030 2690.4
1295040 2670.9
1295050 2654.3
1295060 2654.3
1295070 2647.5
1295080 2643.3
1295090 2639.6
1295100 2639.6
1295110 2634.8
1295120 2626.9
1295130 2626.9
1295140 2618.0
1295150 2607.4
1295160 2607.4
1295170 2595.2
1295180 2586.3
1295190 2590.8
1295200 2584.0
1295210 2576.5
1295220 2576.5
1295230 2571.1
1295240 2565.8
1295250 2565.8
1295260 2559.5
1295270 2555.4
1295280 2555.4
1295290 2550.5
1295300 2542.7
1295310 2530.7
1295320 2530.7
1295330 2520.1
1295340 2511.7
1295350 2511.7
1295360 2503.7
1295370 2496.4
1295380 2496.4
1295390 2489.7
1295400 2483.1
1295410 2483.1
1295420 2476.7
1295430 2470.4
1295440 2470.4
1295450 2464.2
1295460 2456.4
1295470 2456.4
1295480 2448.3
1295490 2438.8
1295500 2438.8
1295510 2428.0
1295520 2417.5
1295530 2417.5
1295540 2403.4
1295550 2395.0
1295560 2391.0
1295570 2391.0
1295580 2389.1
1295590 2388.6
1295600 2388.6
1295610 2384.7
1295620 2377.0
1295630 2377.0
1295640 2368.6
1295650 2359.9
1295660 2359.9
1295670 2353.0
1295680 2345.2
1295690 2345.2
1295700 2335.8
1295710 2322.0
1295720 2322.0
1295730 2300.7
1295740 2289.5
1295750 2289.5
1295760 2284.9
1295770 2278.3
1295780 2273.9
1295790 2273.9
1295800 2269.4
1295810 2264.8
1295820 2264.8
1295830 2260.0
1295840 2255.5
1295850 2255.5
1295860 2254.9
1295870 2250.2
1295880 2250.2
1295890 2245.5
1295900 2241.0
1295910 2241.0
1295920 2236.7
1295930 2232.4
1295940 2232.4
1295950 2228.4
1295960 2224.7
1295970 2224.7
1295980 2220.9
1295990 2216.6
1296000 2216.6
1296010 2212.4
1296020 2208.4
1296030 2204.1
1296040 2204.1
1296050 2199.1
1296060 2193.8
1296070 2193.8
1296080 2188.1
1296090 2182.7
1296100 2182.7
1296110 2176.9
1296120 2171.0
1296130 2171.0
1296140 2165.4
1296150 2159.0
1296160 2159.0
1296170 2152.5
1296180 2147.1
1296190 2147.1
1296200 2141.7
1296210 2136.9
1296220 2136.9
1296230 2133.5
1296240 2130.9
1296250 2129.1
1296260 2129.1
1296270 2126.7
1296280 2124.6
1296290 2124.6
1296300 2122.5
1296310 2121.4
1296320 2121.4
1296330 2122.4
1296340 2125.4
1296350 2125.4
1296360 2129.3
1296370 2133.7
1296380 2133.7
1296390 2138.1
1296400 2143.0
1296410 2143.0
1296420 2148.6
1296430 2154.0
1296440 2154.0
1296450 2159.0
1296460 2164.0
1296470 2169.7
1296480 2169.7
1296490 2174.6
1296500 2180.3
1296510 2180.3
1296520 2185.4
1296530 2190.4
1296540 2190.4
1296550 2195.4
1296560 2200.0
1296570 2200.0
1296580 2204.7
1296590 2208.9
1296600 2208.9
1296610 2213.8
1296620 2219.1
1296630 2219.1
1296640 2226.1
1296650 2230.6
1296660 2230.6
1296670 2234.2
1296680 2236.4
1296690 2236.4
1296700 2238.1
1296710 2238.5
1296720 2240.0
1296730 2240.0
1296740 2241.8
1296750 2243.8
1296760 2243.8
1296770 2245.8
1296780 2248.4
1296790 2248.4
1296800 2252.1
1296810 2256.0
1296820 2256.0
1296830 2259.2
1296840 2262.8
1296850 2262.8
1296860 2267.5
1296870 2272.8
1296880 2272.8
1296890 2278.2
1296900 2283.0
1296910 2283.0
1296920 2288.7
1296930 2293.7
1296940 2298.7
1296950 2298.7
1296960 2304.6
1296970 2310.9
1296980 2310.9
1296990 2316.4
1297000 2321.6
1297010 2321.6
1297020 2327.0
1297030 2332.6
1297040 2332.6
1297050 2337.9
1297060 2343.0
1297070 2343.0
1297080 2348.2
1297090 2353.8
1297100 2353.8
1297110 2360.2
1297120 2366.5
1297130 2366.5
1297140 2372.0
1297150 2378.0
1297160 2378.0
1297170 2384.4
1297180 2389.9
1297190 2395.4
1297200 2395.4
1297210 2404.6
1297220 2410.4
1297230 2410.4
1297240 2415.9
1297250 2420.4
1297260 2420.4
1297270 2424.2
1297280 2428.3
1297290 2428.3
1297300 2432.6
1297310 2437.3
1297320 2437.3
1297330 2442.2
1297340 2447.3
1297350 2447.3
1297360 2451.8
1297370 2456.8
1297380 2456.8
1297390 2462.5
1297400 2468.1
1297410 2473.5
1297420 2473.5
1297430 2479.0
1297440 2483.6
1297450 2483.6
1297460 2488.3
1297470 2497.1
1297480 2497.1
1297490 2533.5
1297500 2550.2
1297510 2550.2
1297520 2555.6
1297530 2560.1
1297540 2560.1
1297550 2563.2
1297560 2566.5
1297570 2566.5
1297580 2569.9
1297590 2572.8
1297600 2572.8
1297610 2574.7
1297620 2576.2
1297630 2576.2
1297640 2577.8
1297650 2579.1
1297660 2580.3
1297670 2580.3
1297680 2581.0
1297690 2580.1
1297700 2580.1
1297710 2579.3
1297720 2578.4
1297730 2578.4
1297740 2579.2
1297750 2582.0
1297760 2582.0
1297770 2582.4
1297780 2582.5
1297790 2582.5
1297800 2582.4
1297810 2579.6
1297820 2579.6
1297830 2580.1
1297840 2582.2
1297850 2582.2
1297860 2587.4
1297870 2592.7
1297880 2598.4
1297890 2600.3
1297900 2605.1
1297910 2611.2
1297920 2611.2
1297930 2617.5
1297940 2623.8
1297950 2623.8
1297960 2630.4
1297970 2640.7
1297980 2640.7
1297990 2679.3
1298000 2713.8
1298010 2713.8
1298020 2730.7
1298030 2745.8
1298040 2745.8
1298050 2756.3
1298060 2767.3
1298070 2767.3
1298080 2780.4
1298090 2793.0
1298100 2793.0
1298110 2798.0
1298120 2792.6
1298130 2801.6
1298140 2801.6
1298150 2810.4
1298160 2804.3
1298170 2804.3
1298180 2788.5
1298190 2775.8
1298200 2775.8
1298210 2771.1
1298220 2757.6
1298230 2757.6
1298240 2743.7
1298250 2731.8
1298260 2731.8
1298270 2717.0
1298280 2703.7
1298290 2703.7
1298300 2689.8
1298310 2679.5
1298320 2679.5
1298330 2671.3
1298340 2646.3
1298350 2625.9
1298360 2625.9
1298370 2604.3
1298380 2580.4
1298390 2580.4
1298400 2570.6
1298410 2560.6
1298420 2560.6
1298430 2549.7
1298440 2538.9
1298450 2538.9
1298460 2531.4
1298470 2525.2
1298480 2525.2
1298490 2518.9
1298500 2512.9
1298510 2512.9
1298520 2506.9
1298530 2501.0
1298540 2501.0
1298550 2495.4
1298560 2489.6
1298570 2485.8
1298580 2480.0
1298590 2474.4
1298600 2468.8
1298610 2468.8
1298620 2463.4
1298630 2458.6
1298640 2458.6
1298650 2453.7
1298660 2448.6
1298670 2448.6
1298680 2444.0
1298690 2439.6
1298700 2439.6
1298710 2435.5
1298720 2431.7
1298730 2431.7
1298740 2427.5
1298750 2423.4
1298760 2423.4
1298770 2420.1
1298780 2417.4
1298790 2417.4
1298800 2413.0
1298810 2407.6
1298820 2405.0
1298830 2405.0
1298840 2405.5
1298850 2405.5
1298860 2405.5
1298870 2404.6
1298880 2404.6
1298890 2404.6
1298900 2405.9
1298910 2406.1
1298920 2406.1
1298930 2404.1
1298940 2404.5
1298950 2404.5
1298960 2405.1
1298970 2401.8
1298980 2401.8
1298990 2398.7
1299000 2394.5
1299010 2394.5
1299020 2389.6
1299030 2385.1
1299040 2385.1
1299050 2380.7
1299060 2376.4
1299070 2372.7
1299080 2372.7
1299090 2371.2
1299100 2367.4
1299110 2367.4
1299120 2362.7
1299130 2358.2
1299140 2358.2
1299150 2354.4
1299160 2351.2
1299170 2351.2
1299180 2348.3
1299190 2344.8
1299200 2344.8
1299210 2340.5
1299220 2337.5
1299230 2337.5
1299240 2335.2
1299250 2326.8
1299260 2326.8
1299270 2323.7
1299280 2320.8
1299290 2318.2
1299300 2318.2
1299310 2315.6
1299320 2313.9
1299330 2313.9
1299340 2312.7
1299350 2310.9
1299360 2310.9
1299370 2308.9
1299380 2306.6
1299390 2306.6
1299400 2305.6
1299410 2305.3
1299420 2305.3
1299430 2304.6
1299440 2303.9
1299450 2303.9
1299460 2302.5
1299470 2301.8
1299480 2301.8
1299490 2301.3
1299500 2300.5
1299510 2300.5
1299520 2299.1
1299530 2295.8
1299540 2293.7
1299550 2293.7
1299560 2292.9
1299570 2291.0
1299580 2291.0
1299590 2288.5
1299600 2286.6
1299610 2286.6
1299620 2284.5
1299630 2283.7
1299640 2283.7
1299650 2282.0
1299660 2279.4
1299670 2279.4
1299680 2276.1
1299690 2273.2
1299700 2273.2
1299710 2270.6
1299720 2267.8
1299730 2267.8
1299740 2265.0
1299750 2262.4
1299760 2260.2
1299770 2260.2
1299780 2257.8
1299790 2256.1
1299800 2256.1
1299810 2254.0
1299820 2250.5
1299830 2250.5
1299840 2246.3
1299850 2242.5
1299860 2242.5
1299870 2239.9
1299880 2235.6
1299890 2235.6
1299900 2230.4
1299910 2231.9
1299920 2231.9
1299930 2233.7
1299940 2228.5
1299950 2228.5
1299960 2224.9
1299970 2219.9
1299980 2219.9
1299990 2216.6
