1280000 2151.6
1280010 2151.9
1280020 2151.9
1280030 2152.4
1280040 2153.1
1280050 2153.1
1280060 2154.0
1280070 2155.1
1280080 2155.1
1280090 2155.8
1280100 2156.2
1280110 2156.1
1280120 2156.1
1280130 2156.2
1280140 2156.6
1280150 2156.6
1280160 2156.2
1280170 2155.3
1280180 2155.3
1280190 2154.1
1280200 2152.5
1280210 2152.5
1280220 2150.4
1280230 2147.7
1280240 2147.7
1280250 2143.8
1280260 2140.4
1280270 2140.4
1280280 2136.9
1280290 2133.7
1280300 2133.7
1280310 2131.0
1280320 2128.9
1280330 2125.5
1280340 2125.5
1280350 2121.5
1280360 2121.1
1280370 2121.1
1280380 2119.4
1280390 2117.4
1280400 2117.4
1280410 2117.2
1280420 2116.5
1280430 2116.5
1280440 2115.1
1280450 2114.2
1280460 2114.2
1280470 2113.6
1280480 2113.0
1280490 2113.0
1280500 2112.7
1280510 2112.5
1280520 2112.5
1280530 2112.0
1280540 2111.2
1280550 2111.2
1280560 2110.6
1280570 2104.5
1280580 2103.8
1280590 2103.8
1280600 2103.4
1280610 2103.6
1280620 2103.6
1280630 2105.6
1280640 2109.4
1280650 2109.4
1280660 2115.1
1280670 2120.6
1280680 2120.6
1280690 2124.1
1280700 2125.8
1280710 2125.8
1280720 2130.3
1280730 2136.6
1280740 2136.6
1280750 2143.3
1280760 2150.0
1280770 2150.0
1280780 2154.1
1280790 2156.9
1280800 2160.7
1280810 2160.7
1280820 2164.7
1280830 2168.2
1280840 2168.2
1280850 2171.2
1280860 2174.6
1280870 2174.6
1280880 2178.5
1280890 2182.8
1280900 2182.8
1280910 2186.2
1280920 2190.3
1280930 2190.3
1280940 2194.0
1280950 2197.3
1280960 2197.3
1280970 2200.0
1280980 2202.3
1280990 2202.3
1281000 2205.0
1281010 2208.1
1281020 2208.1
1281030 2211.6
1281040 2214.4
1281050 2216.4
1281060 2216.4
1281070 2218.4
1281080 2220.9
1281090 2220.9
1281100 2223.3
1281110 2225.9
1281120 2225.9
1281130 2228.8
1281140 2232.5
1281150 2232.5
1281160 2236.4
1281170 2240.0
1281180 2240.0
1281190 2243.5
1281200 2249.0
1281210 2249.0
1281220 2252.1
1281230 2255.0
1281240 2255.0
1281250 2257.7
1281260 2259.7
1281270 2261.8
1281280 2261.8
1281290 2263.6
1281300 2265.7
1281310 2265.7
1281320 2267.7
1281330 2269.9
1281340 2269.9
1281350 2272.2
1281360 2274.7
1281370 2274.7
1281380 2277.4
1281390 2280.5
1281400 2280.5
1281410 2284.0
1281420 2287.7
1281430 2287.7
1281440 2291.3
1281450 2294.9
1281460 2294.9
1281470 2299.1
1281480 2303.3
1281490 2303.3
1281500 2307.1
1281510 2311.2
1281520 2315.4
1281530 2315.4
1281540 2319.7
1281550 2325.2
1281560 2325.2
1281570 2332.0
1281580 2339.7
1281590 2339.7
1281600 2346.4
1281610 2352.1
1281620 2352.1
1281630 2358.0
1281640 2363.7
1281650 2363.7
1281660 2369.1
1281670 2375.3
1281680 2375.3
1281690 2383.0
1281700 2391.5
1281710 2391.5
1281720 2400.1
1281730 2407.1
1281740 2407.1
1281750 2414.6
1281760 2425.0
1281770 2435.2
1281780 2435.2
1281790 2441.7
1281800 2447.5
1281810 2447.5
1281820 2459.1
1281830 2464.1
1281840 2464.1
1281850 2472.8
1281860 2481.4
1281870 2481.4
1281880 2491.1
1281890 2501.3
1281900 2501.3
1281910 2509.9
1281920 2512.5
1281930 2512.5
1281940 2514.8
1281950 2511.8
1281960 2511.8
1281970 2502.8
1281980 2501.5
1281990 2503.0
1282000 2503.0
1282010 2506.0
1282020 2511.2
1282030 2511.2
1282040 2518.4
1282050 2526.5
1282060 2526.5
1282070 2533.9
1282080 2541.2
1282090 2541.2
1282100 2547.5
1282110 2553.9
1282120 2553.9
1282130 2560.7
1282140 2567.6
1282150 2567.6
1282160 2574.8
1282170 2583.2
1282180 2583.2
1282190 2591.7
1282200 2599.6
1282210 2599.6
1282220 2606.2
1282230 2609.0
1282240 2607.6
1282250 2607.6
1282260 2606.9
1282270 2609.1
1282280 2609.1
1282290 2612.2
1282300 2617.5
1282310 2617.5
1282320 2622.9
1282330 2622.1
1282340 2622.1
1282350 2617.9
1282360 2612.8
1282370 2612.8
1282380 2607.6
1282390 2601.8
1282400 2601.8
1282410 2595.0
1282420 2586.1
1282430 2586.1
1282440 2576.3
1282450 2565.5
1282460 2559.5
1282470 2559.5
1282480 2556.3
1282490 2553.9
1282500 2553.9
1282510 2552.1
1282520 2547.3
1282530 2547.3
1282540 2544.0
1282550 2543.2
1282560 2543.2
1282570 2544.9
1282580 2547.3
1282590 2547.3
1282600 2547.2
1282610 2540.8
1282620 2540.8
1282630 2534.7
1282640 2530.3
1282650 2530.3
1282660 2526.7
1282670 2523.7
1282680 2523.7
1282690 2519.9
1282700 2517.7
1282710 2516.5
1282720 2516.5
1282730 2515.5
1282740 2514.8
1282750 2514.8
1282760 2514.9
1282770 2514.9
1282780 2514.9
1282790 2515.5
1282800 2515.8
1282810 2515.8
1282820 2517.7
1282830 2516.8
1282840 2516.8
1282850 2514.9
1282860 2512.9
1282870 2512.9
1282880 2512.3
1282890 2510.1
1282900 2510.1
1282910 2504.7
1282920 2503.1
1282930 2501.5
1282940 2501.5
1282950 2497.9
1282960 2496.3
1282970 2496.3
1282980 2495.3
1282990 2495.9
1283000 2495.9
1283010 2496.0
1283020 2491.6
1283030 2491.6
1283040 2483.6
1283050 2479.2
1283060 2479.2
1283070 2470.8
1283080 2468.9
1283090 2468.9
1283100 2461.7
1283110 2452.3
1283120 2452.3
1283130 2441.2
1283140 2431.4
1283150 2431.4
1283160 2423.5
1283170 2416.6
1283180 2409.8
1283190 2409.8
1283200 2403.0
1283210 2397.0
1283220 2397.0
1283230 2391.6
1283240 2385.8
1283250 2385.8
1283260 2381.2
1283270 2380.5
1283280 2380.5
1283290 2380.9
1283300 2382.6
1283310 2382.6
1283320 2384.3
1283330 2385.9
1283340 2385.9
1283350 2386.8
1283360 2385.5
1283370 2385.5
1283380 2383.2
1283390 2382.5
1283400 2383.7
1283410 2383.7
1283420 2386.1
1283430 2388.5
1283440 2388.5
1283450 2386.5
1283460 2383.0
1283470 2383.0
1283480 2382.3
1283490 2382.2
1283500 2382.2
1283510 2381.7
1283520 2380.6
1283530 2380.6
1283540 2379.8
1283550 2378.2
1283560 2378.2
1283570 2376.5
1283580 2376.4
1283590 2376.4
1283600 2376.5
1283610 2376.4
1283620 2376.4
1283630 2376.6
1283640 2375.9
1283650 2374.5
1283660 2374.5
1283670 2371.7
1283680 2369.4
1283690 2369.4
1283700 2368.6
1283710 2366.7
1283720 2366.7
1283730 2366.4
1283740 2366.2
1283750 2366.2
1283760 2366.1
1283770 2367.1
1283780 2367.1
1283790 2368.4
1283800 2370.3
1283810 2370.3
1283820 2372.2
1283830 2373.7
1283840 2373.7
1283850 2375.5
1283860 2377.8
1283870 2379.0
1283880 2379.0
1283890 2376.6
1283900 2369.5
1283910 2369.5
1283920 2361.4
1283930 2356.2
1283940 2356.2
1283950 2353.5
1283960 2352.0
1283970 2352.0
1283980 2350.5
1283990 2349.3
1284000 2349.3
1284010 2348.9
1284020 2348.7
1284030 2348.7
1284040 2347.6
1284050 2346.1
1284060 2346.1
1284070 2343.4
1284080 2341.0
1284090 2341.0
1284100 2339.5
1284110 2336.9
1284120 2334.0
1284130 2334.0
1284140 2330.6
1284150 2327.5
1284160 2327.5
1284170 2325.0
1284180 2324.9
1284190 2324.9
1284200 2324.1
1284210 2322.3
1284220 2322.3
1284230 2320.5
1284240 2318.8
1284250 2318.8
1284260 2316.9
1284270 2315.4
1284280 2315.4
1284290 2314.2
1284300 2313.8
1284310 2313.8
1284320 2312.7
1284330 2312.4
1284340 2308.6
1284350 2308.6
1284360 2307.7
1284370 2306.0
1284380 2306.0
1284390 2304.7
1284400 2301.3
1284410 2301.3
1284420 2296.6
1284430 2291.2
1284440 2291.2
1284450 2288.0
1284460 2285.5
1284470 2285.5
1284480 2283.2
1284490 2279.8
1284500 2279.8
1284510 2273.4
1284520 2259.4
1284530 2259.4
1284540 2244.1
1284550 2228.9
1284560 2228.9
1284570 2215.8
1284580 2206.0
1284590 2197.1
1284600 2197.1
1284610 2188.6
1284620 2180.7
1284630 2180.7
1284640 2172.9
1284650 2165.4
1284660 2165.4
1284670 2158.0
1284680 2150.5
1284690 2150.5
1284700 2142.9
1284710 2136.0
1284720 2136.0
1284730 2129.1
1284740 2122.0
1284750 2122.0
1284760 2115.9
1284770 2110.4
1284780 2110.4
1284790 2105.1
1284800 2100.2
1284810 2096.4
1284820 2096.4
1284830 2093.1
1284840 2089.7
1284850 2089.7
1284860 2088.2
1284870 2089.7
1284880 2089.7
1284890 2090.8
1284900 2091.3
1284910 2091.3
1284920 2093.2
1284930 2095.7
1284940 2095.7
1284950 2096.6
1284960 2096.1
1284970 2096.1
1284980 2091.1
1284990 2089.7
1285000 2089.7
1285010 2087.9
1285020 2085.9
1285030 2085.9
1285040 2084.2
1285050 2081.5
1285060 2076.7
1285070 2076.7
1285080 2071.6
1285090 2066.2
1285100 2066.2
1285110 2060.1
1285120 2054.2
1285130 2054.2
1285140 2048.1
1285150 2042.4
1285160 2042.4
1285170 2036.6
1285180 2031.6
1285190 2031.6
1285200 2028.3
1285210 2024.9
1285220 2024.9
1285230 2020.8
1285240 2016.4
1285250 2016.4
1285260 2012.0
1285270 2007.4
1285280 2002.7
1285290 2002.7
1285300 1998.2
1285310 1993.8
1285320 1993.8
1285330 1988.9
1285340 1983.6
1285350 1983.6
1285360 1978.6
1285370 1973.8
1285380 1973.8
1285390 1969.1
1285400 1964.3
1285410 1964.3
1285420 1959.3
1285430 1955.0
1285440 1955.0
1285450 1952.1
1285460 1949.8
1285470 1949.8
1285480 1946.6
1285490 1942.7
1285500 1942.7
1285510 1938.3
1285520 1933.7
1285530 1930.1
1285540 1930.1
1285550 1928.4
1285560 1926.5
1285570 1926.5
1285580 1924.2
1285590 1921.7
1285600 1921.7
1285610 1919.4
1285620 1915.4
1285630 1915.4
1285640 1913.3
1285650 1910.9
1285660 1910.9
1285670 1908.4
1285680 1907.0
1285690 1907.0
1285700 1905.9
1285710 1905.0
1285720 1905.0
1285730 1905.0
1285740 1904.1
1285750 1903.1
1285760 1903.1
1285770 1904.4
1285780 1905.3
1285790 1905.3
1285800 1907.3
1285810 1910.3
1285820 1910.3
1285830 1913.3
1285840 1916.3
1285850 1916.3
1285860 1919.1
1285870 1921.8
1285880 1921.8
1285890 1924.3
1285900 1927.5
1285910 1927.5
1285920 1931.0
1285930 1933.6
1285940 1933.6
1285950 1937.2
1285960 1941.4
1285970 1941.4
1285980 1945.5
1285990 1949.5
1286000 1953.4
1286010 1953.4
1286020 1957.3
1286030 1961.1
1286040 1961.1
1286050 1965.0
1286060 1968.8
1286070 1968.8
1286080 1971.9
1286090 1974.9
1286100 1974.9
1286110 1980.6
1286120 1986.0
1286130 1986.0
1286140 1990.8
1286150 1995.3
1286160 1995.3
1286170 1999.6
1286180 2004.1
1286190 2004.1
1286200 2009.1
1286210 2014.6
1286220 2014.6
1286230 2021.0
1286240 2028.5
1286250 2029.4
1286260 2029.4
1286270 2036.3
1286280 2042.8
1286290 2042.8
1286300 2048.3
1286310 2053.7
1286320 2053.7
1286330 2058.8
1286340 2061.6
1286350 2061.6
1286360 2063.6
1286370 2067.9
1286380 2067.9
1286390 2072.5
1286400 2077.5
1286410 2077.5
1286420 2082.7
1286430 2081.5
1286440 2081.5
1286450 2071.8
1286460 2065.6
1286470 2060.8
1286480 2060.8
1286490 2055.6
1286500 2049.8
1286510 2049.8
1286520 2042.6
1286530 2034.2
1286540 2034.2
1286550 2027.3
1286560 2020.9
1286570 2020.9
1286580 2016.6
1286590 2014.2
1286600 2014.2
1286610 2012.9
1286620 2011.5
1286630 2011.5
1286640 2008.3
1286650 2005.5
1286660 2005.5
1286670 2002.3
1286680 1999.8
1286690 1999.8
1286700 1995.8
1286710 1989.7
1286720 1980.9
1286730 1980.9
1286740 1973.5
1286750 1969.3
1286760 1969.3
1286770 1967.0
1286780 1963.5
1286790 1963.5
1286800 1960.8
1286810 1957.8
1286820 1957.8
1286830 1951.4
1286840 1943.5
1286850 1943.5
1286860 1937.0
1286870 1932.6
1286880 1932.6
1286890 1929.1
1286900 1923.6
1286910 1923.6
1286920 1920.5
1286930 1918.0
1286940 1916.2
1286950 1916.2
1286960 1914.8
1286970 1914.0
1286980 1914.0
1286990 1913.2
1287000 1911.4
1287010 1911.4
1287020 1910.3
1287030 1910.6
1287040 1910.6
1287050 1913.0
1287060 1914.5
1287070 1914.5
1287080 1916.1
1287090 1917.5
1287100 1917.5
1287110 1918.7
1287120 1919.9
1287130 1919.9
1287140 1919.8
1287150 1919.6
1287160 1919.6
1287170 1918.6
1287180 1918.5
1287190 1920.4
1287200 1920.4
1287210 1922.0
1287220 1921.6
1287230 1921.6
1287240 1920.2
1287250 1919.6
1287260 1919.6
1287270 1919.8
1287280 1920.3
1287290 1920.3
1287300 1920.5
1287310 1920.8
1287320 1920.8
1287330 1920.1
1287340 1917.9
1287350 1917.9
1287360 1914.9
1287370 1913.0
1287380 1913.0
1287390 1910.4
1287400 1908.0
1287410 1906.3
1287420 1906.3
1287430 1904.8
1287440 1903.2
1287450 1903.2
1287460 1900.5
1287470 1897.9
1287480 1897.9
1287490 1895.6
1287500 1894.3
1287510 1894.3
1287520 1893.4
1287530 1891.9
1287540 1890.2
1287550 1888.8
1287560 1886.7
1287570 1886.7
1287580 1884.9
1287590 1883.0
1287600 1883.0
1287610 1881.2
1287620 1880.4
1287630 1880.4
1287640 1880.1
1287650 1878.4
1287660 1873.4
1287670 1873.4
1287680 1869.3
1287690 1866.1
1287700 1866.1
1287710 1862.2
1287720 1857.7
1287730 1857.7
1287740 1853.5
1287750 1850.2
1287760 1850.2
1287770 1846.2
1287780 1842.4
1287790 1842.4
1287800 1841.3
1287810 1842.7
1287820 1842.7
1287830 1843.6
1287840 1842.5
1287850 1842.5
1287860 1840.5
1287870 1836.8
1287880 1832.5
1287890 1832.5
1287900 1830.8
1287910 1828.6
1287920 1828.6
1287930 1827.0
1287940 1825.5
1287950 1825.5
1287960 1823.4
1287970 1820.0
1287980 1820.0
1287990 1814.1
1288000 1808.6
1288010 1808.6
1288020 1807.2
1288030 1806.8
1288040 1806.8
1288050 1809.5
1288060 1809.9
1288070 1809.9
1288080 1808.4
1288090 1808.3
1288100 1808.3
1288110 1807.8
1288120 1809.0
1288130 1809.1
1288140 1809.1
1288150 1808.5
1288160 1807.6
1288170 1807.6
1288180 1806.0
1288190 1798.7
1288200 1798.7
1288210 1799.9
1288220 1801.7
1288230 1801.7
1288240 1803.5
1288250 1804.3
1288260 1804.3
1288270 1804.0
1288280 1801.5
1288290 1801.5
1288300 1809.2
1288310 1811.2
1288320 1811.2
1288330 1811.2
1288340 1809.5
1288350 1807.1
1288360 1807.1
1288370 1806.8
1288380 1807.8
1288390 1807.8
1288400 1809.7
1288410 1813.2
1288420 1813.2
1288430 1815.7
1288440 1817.0
1288450 1817.0
1288460 1816.9
1288470 1815.4
1288480 1815.4
1288490 1815.2
1288500 1817.6
1288510 1817.6
1288520 1819.1
1288530 1818.9
1288540 1818.9
1288550 1818.3
1288560 1817.0
1288570 1817.0
1288580 1818.0
1288590 1820.7
1288600 1823.0
1288610 1823.0
1288620 1823.0
1288630 1823.0
1288640 1823.0
1288650 1827.4
1288660 1831.3
1288670 1831.3
1288680 1836.0
1288690 1838.8
1288700 1838.8
1288710 1840.6
1288720 1840.3
1288730 1840.3
1288740 1842.6
1288750 1843.3
1288760 1843.3
1288770 1842.6
1288780 1841.4
1288790 1841.4
1288800 1843.1
1288810 1840.5
1288820 1840.6
1288830 1835.9
1288840 1835.6
1288850 1834.7
1288860 1834.7
1288870 1834.5
1288880 1835.5
1288890 1835.5
1288900 1836.5
1288910 1837.2
1288920 1837.2
1288930 1838.0
1288940 1840.7
1288950 1840.7
1288960 1844.3
1288970 1848.4
1288980 1848.4
1288990 1852.4
1289000 1855.1
1289010 1855.1
1289020 1857.3
1289030 1860.1
1289040 1860.1
1289050 1863.9
1289060 1867.6
1289070 1871.3
1289080 1871.3
1289090 1875.5
1289100 1878.9
1289110 1878.9
1289120 1882.1
1289130 1885.1
1289140 1885.1
1289150 1887.9
1289160 1889.7
1289170 1889.7
1289180 1891.9
1289190 1894.7
1289200 1894.7
1289210 1896.6
1289220 1897.5
1289230 1897.5
1289240 1900.1
1289250 1902.0
1289260 1902.0
1289270 1903.5
1289280 1904.8
1289290 1905.8
1289300 1905.8
1289310 1906.5
1289320 1907.0
1289330 1907.0
1289340 1907.2
1289350 1907.9
1289360 1907.9
1289370 1908.5
1289380 1909.2
1289390 1909.2
1289400 1910.3
1289410 1911.8
1289420 1911.8
1289430 1914.5
1289440 1916.8
1289450 1916.8
1289460 1917.5
1289470 1918.4
1289480 1916.4
1289490 1917.6
1289500 1918.2
1289510 1918.2
1289520 1918.5
1289530 1921.3
1289540 1925.7
1289550 1925.7
1289560 1927.9
1289570 1925.8
1289580 1925.8
1289590 1923.9
1289600 1926.2
1289610 1926.2
1289620 1933.6
1289630 1942.8
1289640 1942.8
1289650 1951.9
1289660 1961.4
1289670 1961.4
1289680 1970.9
1289690 1978.2
1289700 1978.2
1289710 1980.9
1289720 1982.4
1289730 1982.4
1289740 1983.9
1289750 1986.2
1289760 1988.3
1289770 1988.3
1289780 1990.6
1289790 1994.2
1289800 1994.2
1289810 1997.0
1289820 1999.1
1289830 1999.1
1289840 2000.4
1289850 1999.9
1289860 1999.9
1289870 2003.5
1289880 2011.9
1289890 2011.9
1289900 2021.7
1289910 2030.0
1289920 2030.0
1289930 2036.0
1289940 2041.0
1289950 2041.0
1289960 2046.0
1289970 2050.6
1289980 2050.6
1289990 2054.4
1290000 2057.9
1290010 2060.6
1290020 2060.6
1290030 2062.4
1290040 2064.2
1290050 2064.2
1290060 2065.6
1290070 2066.8
1290080 2066.8
1290090 2066.5
1290100 2067.3
1290110 2067.3
1290120 2070.3
1290130 2073.6
1290140 2071.2
1290150 2072.4
1290160 2073.4
1290170 2073.4
1290180 2074.3
1290190 2075.4
1290200 2075.4
1290210 2076.9
1290220 2078.8
1290230 2080.6
1290240 2080.6
1290250 2080.9
1290260 2082.1
1290270 2082.1
1290280 2085.5
1290290 2086.1
1290300 2086.1
1290310 2089.0
1290320 2091.6
1290330 2091.6
1290340 2093.8
1290350 2096.2
1290360 2096.2
1290370 2099.3
1290380 2102.0
1290390 2102.0
1290400 2104.5
1290410 2106.8
1290420 2106.8
1290430 2109.9
1290440 2112.7
1290450 2112.7
1290460 2117.0
1290470 2118.4
1290480 2120.2
1290490 2120.2
1290500 2122.7
1290510 2126.1
1290520 2126.1
1290530 2129.6
1290540 2133.9
1290550 2133.9
1290560 2138.9
1290570 2144.4
1290580 2144.4
1290590 2150.2
1290600 2155.6
1290610 2155.6
1290620 2158.9
1290630 2160.2
1290640 2160.2
1290650 2160.3
1290660 2161.4
1290670 2161.4
1290680 2162.4
1290690 2163.1
1290700 2163.3
1290710 2163.3
1290720 2162.2
1290730 2160.2
1290740 2160.2
1290750 2157.6
1290760 2154.5
1290770 2154.5
1290780 2151.7
1290790 2146.6
1290800 2146.6
1290810 2145.2
1290820 2145.7
1290830 2145.7
1290840 2148.9
1290850 2149.9
1290860 2149.9
1290870 2147.7
1290880 2146.2
1290890 2146.2
1290900 2145.8
1290910 2145.3
1290920 2145.3
1290930 2145.5
1290940 2145.8
1290950 2146.6
1290960 2146.6
1290970 2147.4
1290980 2148.1
1290990 2148.1
1291000 2149.5
1291010 2151.3
1291020 2151.3
1291030 2151.9
1291040 2151.6
1291050 2151.6
1291060 2151.2
1291070 2151.9
1291080 2151.9
1291090 2152.6
1291100 2155.0
1291110 2155.0
1291120 2155.6
1291130 2155.3
1291140 2155.3
1291150 2157.0
1291160 2159.7
1291170 2162.3
1291180 2162.3
1291190 2164.8
1291200 2166.9
1291210 2166.9
1291220 2167.5
1291230 2168.0
1291240 2168.0
1291250 2169.3
1291260 2171.9
1291270 2171.9
1291280 2175.0
1291290 2178.1
1291300 2178.1
1291310 2180.3
1291320 2181.1
1291330 2181.1
1291340 2180.9
1291350 2181.1
1291360 2181.1
1291370 2182.6
1291380 2182.6
1291390 2182.6
1291400 2182.4
1291410 2182.2
1291420 2181.3
1291430 2181.3
1291440 2179.1
1291450 2168.8
1291460 2168.8
1291470 2166.7
1291480 2170.2
1291490 2170.2
1291500 2168.5
1291510 2170.1
1291520 2170.1
1291530 2172.3
1291540 2173.9
1291550 2173.9
1291560 2175.1
1291570 2176.8
1291580 2176.8
1291590 2179.3
1291600 2183.1
1291610 2183.1
1291620 2187.4
1291630 2192.5
1291640 2197.2
1291650 2197.2
1291660 2201.9
1291670 2207.0
1291680 2207.0
1291690 2212.0
1291700 2216.8
1291710 2216.8
1291720 2220.1
1291730 2219.3
1291740 2219.3
1291750 2217.2
1291760 2217.1
1291770 2217.1
1291780 2214.8
1291790 2213.3
1291800 2213.3
1291810 2213.3
1291820 2214.1
1291830 2214.1
1291840 2217.1
1291850 2219.6
1291860 2219.6
1291870 2222.2
1291880 2226.2
1291890 2230.5
1291900 2230.5
1291910 2233.2
1291920 2234.7
1291930 2234.7
1291940 2235.3
1291950 2236.2
1291960 2236.2
1291970 2237.8
1291980 2239.7
1291990 2239.7
1292000 2241.5
1292010 2242.8
1292020 2242.8
1292030 2242.9
1292040 2242.9
1292050 2242.9
1292060 2242.3
1292070 2241.6
1292080 2241.6
1292090 2240.9
1292100 2237.4
1292110 2238.9
1292120 2238.9
1292130 2239.3
1292140 2239.0
1292150 2239.0
1292160 2240.0
1292170 2240.8
1292180 2240.8
1292190 2241.8
1292200 2242.5
1292210 2242.5
1292220 2244.1
1292230 2247.5
1292240 2247.5
1292250 2249.9
1292260 2251.3
1292270 2251.3
1292280 2252.8
1292290 2253.2
1292300 2253.2
1292310 2253.4
1292320 2253.6
1292330 2253.6
1292340 2254.5
1292350 2256.1
1292360 2258.6
1292370 2258.6
1292380 2262.9
1292390 2267.9
1292400 2267.9
1292410 2274.0
1292420 2280.0
1292430 2280.0
1292440 2286.2
1292450 2292.6
1292460 2292.6
1292470 2299.0
1292480 2306.3
1292490 2306.3
1292500 2312.9
1292510 2321.6
1292520 2321.6
1292530 2330.9
1292540 2338.3
1292550 2338.3
1292560 2344.9
1292570 2351.2
1292580 2357.4
1292590 2357.4
1292600 2364.1
1292610 2371.5
1292620 2371.5
1292630 2379.0
1292640 2386.4
1292650 2386.4
1292660 2394.2
1292670 2401.9
1292680 2401.9
1292690 2409.1
1292700 2416.1
1292710 2416.1
1292720 2423.7
1292730 2431.5
1292740 2431.5
1292750 2439.8
1292760 2448.8
1292770 2449.8
1292780 2458.1
1292790 2466.5
1292800 2466.5
1292810 2474.8
1292820 2482.8
1292830 2488.3
1292840 2488.3
1292850 2493.0
1292860 2498.6
1292870 2498.6
1292880 2505.0
1292890 2511.8
1292900 2511.8
1292910 2517.8
1292920 2523.7
1292930 2523.7
1292940 2529.6
1292950 2533.1
1292960 2533.1
1292970 2531.7
1292980 2533.0
1292990 2533.0
1293000 2535.6
1293010 2540.8
1293020 2540.8
1293030 2544.7
1293040 2545.0
1293050 2547.2
1293060 2547.2
1293070 2550.0
1293080 2552.7
1293090 2552.7
1293100 2555.0
1293110 2557.3
1293120 2557.3
1293130 2560.5
1293140 2565.0
1293150 2565.0
1293160 2570.5
1293170 2574.6
1293180 2574.6
1293190 2577.7
1293200 2579.6
1293210 2579.6
1293220 2581.8
1293230 2584.5
1293240 2584.5
1293250 2587.3
1293260 2590.6
1293270 2590.6
1293280 2592.9
1293290 2595.1
1293300 2599.6
1293310 2599.6
1293320 2604.6
1293330 2608.8
1293340 2608.8
1293350 2613.7
1293360 2617.7
1293370 2617.7
1293380 2621.2
1293390 2625.0
1293400 2625.0
1293410 2629.5
1293420 2634.2
1293430 2636.9
1293440 2641.2
1293450 2646.1
1293460 2646.1
1293470 2650.4
1293480 2654.3
1293490 2654.3
1293500 2659.6
1293510 2666.1
1293520 2670.9
1293530 2670.9
1293540 2675.5
1293550 2683.6
1293560 2683.6
1293570 2693.5
1293580 2694.4
1293590 2694.4
1293600 2694.4
1293610 2696.3
1293620 2696.3
1293630 2697.2
1293640 2698.1
1293650 2698.1
1293660 2698.1
1293670 2697.2
1293680 2697.2
1293690 2696.0
1293700 2695.9
1293710 2695.9
1293720 2697.6
1293730 2698.2
1293740 2698.2
1293750 2699.3
1293760 2700.2
1293770 2701.1
1293780 2701.1
1293790 2704.7
1293800 2705.9
1293810 2705.9
1293820 2705.7
1293830 2701.9
1293840 2701.9
1293850 2701.2
1293860 2705.1
1293870 2705.1
1293880 2711.1
1293890 2713.2
1293900 2713.2
1293910 2712.3
1293920 2707.6
1293930 2707.6
1293940 2704.4
1293950 2704.7
1293960 2704.7
1293970 2706.5
1293980 2711.8
1293990 2719.1
1294000 2719.1
1294010 2724.7
1294020 2725.6
1294030 2725.6
1294040 2725.8
1294050 2724.7
1294060 2724.7
1294070 2720.1
1294080 2702.3
1294090 2712.0
1294100 2700.0
1294110 2686.2
1294120 2686.2
1294130 2688.7
1294140 2696.3
1294150 2696.3
1294160 2687.4
1294170 2694.6
1294180 2694.6
1294190 2702.2
1294200 2678.0
1294210 2678.0
1294220 2660.1
1294230 2662.2
1294240 2667.4
1294250 2667.4
1294260 2671.5
1294270 2659.5
1294280 2659.5
1294290 2661.4
1294300 2662.4
1294310 2662.4
1294320 2648.3
1294330 2638.4
1294340 2638.4
1294350 2629.1
1294360 2622.8
1294370 2622.8
1294380 2627.7
1294390 2636.4
1294400 2636.4
1294410 2639.5
1294420 2634.8
1294430 2634.8
1294440 2629.3
1294450 2616.4
1294460 2588.6
1294470 2588.6
1294480 2576.6
1294490 2558.0
1294500 2558.0
1294510 2547.6
1294520 2543.1
1294530 2543.1
1294540 2538.1
1294550 2534.6
1294560 2534.6
1294570 2530.7
1294580 2526.6
1294590 2526.6
1294600 2522.7
1294610 2519.1
1294620 2519.1
1294630 2515.7
1294640 2512.7
1294650 2512.7
1294660 2509.1
1294670 2505.1
1294680 2505.1
1294690 2501.2
1294700 2497.3
1294710 2495.7
1294720 2495.7
1294730 2494.0
1294740 2490.8
1294750 2490.8
1294760 2493.6
1294770 2492.8
1294780 2492.8
1294790 2492.2
1294800 2490.5
1294810 2490.5
1294820 2489.7
1294830 2487.9
1294840 2487.9
1294850 2485.1
1294860 2482.9
1294870 2482.9
1294880 2479.5
1294890 2476.1
1294900 2476.1
1294910 2473.1
1294920 2470.3
1294930 2466.5
1294940 2466.5
1294950 2462.4
1294960 2458.8
1294970 2458.8
1294980 2456.2
1294990 2454.2
1295000 2454.2
1295010 2453.9
1295020 2453.5
1295030 2453.5
1295040 2452.7
1295050 2450.2
1295060 2450.2
1295070 2448.0
1295080 2446.0
1295090 2446.0
1295100 2442.8
1295110 2439.3
1295120 2439.3
1295130 2436.3
1295140 2434.6
1295150 2434.6
1295160 2434.0
1295170 2433.4
1295180 2432.9
1295190 2432.9
1295200 2432.0
1295210 2430.3
1295220 2430.3
1295230 2428.8
1295240 2426.5
1295250 2426.5
1295260 2422.8
1295270 2417.6
1295280 2417.6
1295290 2411.8
1295300 2406.1
1295310 2406.1
1295320 2403.4
1295330 2399.9
1295340 2399.9
1295350 2395.1
1295360 2388.7
1295370 2388.7
1295380 2385.4
1295390 2379.7
1295400 2371.6
1295410 2371.6
1295420 2359.6
1295430 2343.2
1295440 2343.2
1295450 2328.1
1295460 2313.3
1295470 2313.3
1295480 2305.8
1295490 2299.0
1295500 2299.0
1295510 2291.6
1295520 2284.1
1295530 2284.1
1295540 2276.7
1295550 2269.4
1295560 2269.4
1295570 2262.1
1295580 2254.9
1295590 2254.9
1295600 2247.6
1295610 2240.5
1295620 2240.5
1295630 2233.7
1295640 2226.7
1295650 2219.9
1295660 2219.9
1295670 2213.2
1295680 2206.5
1295690 2206.5
1295700 2200.4
1295710 2194.1
1295720 2194.1
1295730 2188.6
1295740 2182.7
1295750 2182.7
1295760 2177.3
1295770 2173.8
1295780 2173.8
1295790 2169.8
1295800 2166.0
1295810 2166.0
1295820 2163.3
1295830 2160.4
1295840 2160.4
1295850 2156.6
1295860 2152.7
1295870 2148.4
1295880 2148.4
1295890 2144.0
1295900 2139.7
1295910 2139.7
1295920 2135.4
1295930 2131.1
1295940 2131.1
1295950 2125.9
1295960 2120.7
1295970 2120.7
1295980 2115.2
1295990 2109.9
1296000 2109.9
1296010 2105.3
1296020 2099.5
1296030 2099.5
1296040 2095.2
1296050 2091.7
1296060 2091.7
1296070 2088.7
1296080 2085.7
1296090 2085.7
1296100 2082.6
1296110 2079.4
1296120 2077.3
1296130 2077.3
1296140 2076.4
1296150 2075.1
1296160 2075.1
1296170 2073.6
1296180 2072.2
1296190 2072.2
1296200 2071.1
1296210 2070.2
1296220 2070.2
1296230 2069.6
1296240 2069.1
1296250 2069.1
1296260 2068.2
1296270 2068.2
1296280 2068.2
1296290 2068.7
1296300 2070.0
1296310 2070.0
1296320 2073.6
1296330 2074.6
1296340 2075.9
1296350 2075.9
1296360 2076.9
1296370 2078.5
1296380 2078.5
1296390 2080.5
1296400 2082.6
1296410 2082.6
1296420 2085.4
1296430 2088.2
1296440 2088.2
1296450 2091.5
1296460 2095.4
1296470 2095.4
1296480 2100.2
1296490 2105.5
1296500 2105.5
1296510 2110.9
1296520 2116.1
1296530 2116.1
1296540 2121.1
1296550 2126.4
1296560 2126.4
1296570 2132.1
1296580 2137.2
1296590 2142.1
1296600 2142.1
1296610 2147.0
1296620 2151.1
1296630 2151.1
1296640 2155.5
1296650 2161.7
1296660 2161.7
1296670 2165.2
1296680 2166.8
1296690 2166.8
1296700 2170.5
1296710 2175.7
1296720 2175.7
1296730 2179.8
1296740 2182.2
1296750 2182.2
1296760 2184.0
1296770 2185.2
1296780 2185.1
1296790 2185.8
1296800 2186.3
1296810 2186.8
1296820 2186.8
1296830 2187.3
1296840 2188.0
1296850 2188.0
1296860 2189.0
1296870 2190.3
1296880 2190.3
1296890 2191.8
1296900 2193.9
1296910 2193.9
1296920 2197.4
1296930 2201.1
1296940 2201.1
1296950 2204.7
1296960 2210.1
1296970 2210.1
1296980 2220.6
1296990 2227.2
1297000 2227.2
1297010 2232.7
1297020 2238.5
1297030 2238.5
1297040 2244.8
1297050 2251.8
1297060 2259.2
1297070 2259.2
1297080 2265.9
1297090 2272.4
1297100 2272.4
1297110 2278.9
1297120 2283.5
1297130 2283.5
1297140 2288.0
1297150 2292.5
1297160 2292.5
1297170 2297.0
1297180 2302.0
1297190 2302.0
1297200 2306.6
1297210 2311.0
1297220 2311.0
1297230 2316.1
1297240 2321.3
1297250 2321.3
1297260 2326.5
1297270 2331.8
1297280 2336.6
1297290 2336.6
1297300 2340.6
1297310 2345.4
1297320 2345.4
1297330 2351.4
1297340 2358.0
1297350 2358.0
1297360 2364.2
1297370 2370.2
1297380 2370.2
1297390 2376.6
1297400 2383.6
1297410 2383.6
1297420 2391.5
1297430 2398.2
1297440 2398.2
1297450 2404.8
1297460 2410.4
1297470 2410.4
1297480 2414.8
1297490 2419.4
1297500 2419.4
1297510 2428.9
1297520 2436.6
1297530 2440.9
1297540 2440.9
1297550 2443.6
1297560 2445.0
1297570 2445.0
1297580 2446.1
1297590 2448.2
1297600 2448.2
1297610 2450.3
1297620 2453.2
1297630 2453.2
1297640 2456.4
1297650 2460.2
1297660 2460.2
1297670 2464.4
1297680 2468.6
1297690 2468.6
1297700 2473.0
1297710 2477.5
1297720 2477.5
1297730 2482.5
1297740 2487.9
1297750 2493.5
1297760 2493.5
1297770 2498.7
1297780 2503.7
1297790 2503.7
1297800 2509.4
1297810 2515.0
1297820 2515.0
1297830 2520.7
1297840 2526.7
1297850 2526.7
1297860 2533.2
1297870 2539.7
1297880 2539.7
1297890 2545.9
1297900 2552.0
1297910 2552.0
1297920 2558.0
1297930 2564.9
1297940 2564.9
1297950 2574.3
1297960 2583.3
1297970 2583.3
1297980 2593.0
1297990 2601.2
1298000 2609.3
1298010 2609.3
1298020 2616.9
1298030 2624.7
1298040 2624.7
1298050 2632.8
1298060 2641.1
1298070 2641.1
1298080 2649.0
1298090 2656.5
1298100 2656.5
1298110 2663.0
1298120 2665.4
1298130 2665.4
1298140 2674.8
1298150 2675.6
1298160 2675.6
1298170 2675.8
1298180 2678.5
1298190 2678.5
1298200 2682.7
1298210 2687.1
1298220 2689.6
1298230 2689.6
1298240 2692.7
1298250 2695.9
1298260 2695.9
1298270 2699.4
1298280 2706.3
1298290 2706.3
1298300 2714.6
1298310 2717.0
1298320 2717.0
1298330 2718.8
1298340 2716.0
1298350 2716.0
1298360 2707.7
1298370 2700.0
1298380 2700.0
1298390 2693.7
1298400 2688.2
1298410 2688.2
1298420 2684.6
1298430 2682.3
1298440 2682.3
1298450 2680.4
1298460 2677.3
1298470 2673.8
1298480 2673.8
1298490 2671.1
1298500 2668.9
1298510 2668.9
1298520 2668.0
1298530 2666.9
1298540 2666.9
1298550 2666.5
1298560 2665.5
1298570 2665.5
1298580 2662.3
1298590 2660.0
1298600 2660.0
1298610 2651.3
1298620 2626.7
1298630 2626.7
1298640 2616.3
1298650 2615.9
1298660 2615.9
1298670 2614.4
1298680 2605.0
1298690 2594.2
1298700 2594.2
1298710 2584.0
1298720 2573.2
1298730 2573.2
1298740 2562.4
1298750 2554.0
1298760 2554.0
1298770 2547.4
1298780 2544.2
1298790 2544.2
1298800 2541.8
1298810 2536.2
1298820 2530.7
1298830 2525.4
1298840 2520.4
1298850 2520.4
1298860 2515.8
1298870 2514.5
1298880 2514.5
1298890 2513.3
1298900 2512.2
1298910 2512.2
1298920 2511.2
1298930 2509.1
1298940 2506.8
1298950 2506.8
1298960 2504.7
1298970 2503.3
1298980 2503.3
1298990 2502.1
1299000 2501.0
1299010 2501.0
1299020 2499.3
1299030 2498.1
1299040 2498.1
1299050 2497.3
1299060 2496.4
1299070 2496.4
1299080 2495.1
1299090 2493.5
1299100 2493.5
1299110 2494.5
1299120 2494.5
1299130 2494.5
1299140 2487.0
1299150 2486.2
1299160 2486.2
1299170 2486.2
1299180 2485.7
1299190 2486.2
1299200 2486.2
1299210 2486.1
1299220 2485.6
1299230 2485.6
1299240 2485.6
1299250 2485.4
1299260 2485.4
1299270 2484.5
1299280 2484.1
1299290 2484.1
1299300 2484.9
1299310 2484.9
1299320 2484.9
1299330 2484.0
1299340 2483.3
1299350 2483.3
1299360 2482.1
1299370 2480.5
1299380 2480.5
1299390 2480.2
1299400 2479.8
1299410 2479.3
1299420 2479.3
1299430 2478.3
1299440 2476.4
1299450 2476.4
1299460 2474.7
1299470 2473.3
1299480 2473.3
1299490 2472.3
1299500 2471.5
1299510 2468.5
1299520 2467.8
1299530 2466.9
1299540 2466.9
1299550 2465.9
1299560 2464.8
1299570 2464.8
1299580 2462.3
1299590 2460.4
1299600 2460.4
1299610 2458.2
1299620 2456.2
1299630 2454.5
1299640 2454.5
1299650 2453.3
1299660 2451.6
1299670 2451.6
1299680 2448.2
1299690 2444.0
1299700 2444.0
1299710 2437.0
1299720 2429.6
1299730 2429.6
1299740 2428.6
1299750 2428.0
1299760 2428.0
1299770 2425.6
1299780 2422.3
1299790 2422.3
1299800 2425.6
1299810 2422.9
1299820 2422.9
1299830 2420.5
1299840 2422.0
1299850 2422.0
1299860 2420.3
1299870 2418.7
1299880 2416.4
1299890 2416.4
1299900 2413.7
1299910 2412.6
1299920 2412.6
1299930 2410.2
1299940 2409.4
1299950 2409.4
1299960 2412.6
1299970 2414.8
1299980 2414.8
1299990 2416.1
