1280000 1958.8
1280010 1958.8
1280020 1962.1
1280030 1964.0
1280040 1964.0
1280050 1964.5
1280060 1965.5
1280070 1965.5
1280080 1971.2
1280090 1975.2
1280100 1976.1
1280110 1976.1
1280120 1977.7
1280130 1980.0
1280140 1980.0
1280150 1978.7
1280160 1975.0
1280170 1975.0
1280180 1971.3
1280190 1968.8
1280200 1968.8
1280210 1966.5
1280220 1965.7
1280230 1965.7
1280240 1965.5
1280250 1966.4
1280260 1966.4
1280270 1968.1
1280280 1969.6
1280290 1969.6
1280300 1970.4
1280310 1969.1
1280320 1967.2
1280330 1967.2
1280340 1967.3
1280350 1964.8
1280360 1964.8
1280370 1963.0
1280380 1969.7
1280390 1969.7
1280400 1977.4
1280410 1984.3
1280420 1984.3
1280430 1988.6
1280440 1990.8
1280450 1990.8
1280460 1992.9
1280470 1996.7
1280480 1996.7
1280490 1998.9
1280500 1999.4
1280510 1999.4
1280520 2000.8
1280530 2002.6
1280540 2002.6
1280550 2004.2
1280560 2006.9
1280570 2008.4
1280580 2008.4
1280590 2009.6
1280600 2012.2
1280610 2012.2
1280620 2021.3
1280630 2026.0
1280640 2026.0
1280650 2031.2
1280660 2033.6
1280670 2033.6
1280680 2033.0
1280690 2032.5
1280700 2032.5
1280710 2036.5
1280720 2041.5
1280730 2041.5
1280740 2046.5
1280750 2048.7
1280760 2048.7
1280770 2048.4
1280780 2047.4
1280790 2044.7
1280800 2044.7
1280810 2042.7
1280820 2043.6
1280830 2043.6
1280840 2042.1
1280850 2038.8
1280860 2038.8
1280870 2035.9
1280880 2039.2
1280890 2039.2
1280900 2046.0
1280910 2054.4
1280920 2054.4
1280930 2060.9
1280940 2063.8
1280950 2063.8
1280960 2065.2
1280970 2066.1
1280980 2066.1
1280990 2066.7
1281000 2066.8
1281010 2066.8
1281020 2066.6
1281030 2067.5
1281040 2069.3
1281050 2069.3
1281060 2071.4
1281070 2072.4
1281080 2072.4
1281090 2072.7
1281100 2074.2
1281110 2074.2
1281120 2076.2
1281130 2078.0
1281140 2078.0
1281150 2079.1
1281160 2080.6
1281170 2080.6
1281180 2083.4
1281190 2085.9
1281200 2085.9
1281210 2087.8
1281220 2089.7
1281230 2089.7
1281240 2093.4
1281250 2095.2
1281260 2095.2
1281270 2097.0
1281280 2098.0
1281290 2099.3
1281300 2099.3
1281310 2101.2
1281320 2103.1
1281330 2103.1
1281340 2105.3
1281350 2107.6
1281360 2107.6
1281370 2110.0
1281380 2112.6
1281390 2112.6
1281400 2114.8
1281410 2116.9
1281420 2116.9
1281430 2119.0
1281440 2120.8
1281450 2120.8
1281460 2122.9
1281470 2125.2
1281480 2125.2
1281490 2127.3
1281500 2127.9
1281510 2127.9
1281520 2127.9
1281530 2128.0
1281540 2129.3
1281550 2129.3
1281560 2131.3
1281570 2131.6
1281580 2131.6
1281590 2129.7
1281600 2127.8
1281610 2127.8
1281620 2129.5
1281630 2130.4
1281640 2130.4
1281650 2132.3
1281660 2135.6
1281670 2135.6
1281680 2137.5
1281690 2138.6
1281700 2138.6
1281710 2139.6
1281720 2141.4
1281730 2141.4
1281740 2143.1
1281750 2144.0
1281760 2144.3
1281770 2144.3
1281780 2145.1
1281790 2146.1
1281800 2146.1
1281810 2148.0
1281820 2151.2
1281830 2151.2
1281840 2154.3
1281850 2156.7
1281860 2156.7
1281870 2160.5
1281880 2160.7
1281890 2160.7
1281900 2161.1
1281910 2161.9
1281920 2161.9
1281930 2162.3
1281940 2162.5
1281950 2162.5
1281960 2163.3
1281970 2164.1
1281980 2164.1
1281990 2165.2
1282000 2166.0
1282010 2166.5
1282020 2166.5
1282030 2167.4
1282040 2168.7
1282050 2168.7
1282060 2170.7
1282070 2175.0
1282080 2175.0
1282090 2180.1
1282100 2186.4
1282110 2186.4
1282120 2194.4
1282130 2202.3
1282140 2202.3
1282150 2209.4
1282160 2216.9
1282170 2216.9
1282180 2224.4
1282190 2232.0
1282200 2232.0
1282210 2239.2
1282220 2246.3
1282230 2253.6
1282240 2253.6
1282250 2260.7
1282260 2268.2
1282270 2268.2
1282280 2277.5
1282290 2286.6
1282300 2286.6
1282310 2296.0
1282320 2307.1
1282330 2307.1
1282340 2311.0
1282350 2306.2
1282360 2306.2
1282370 2303.0
1282380 2302.7
1282390 2302.7
1282400 2303.1
1282410 2302.1
1282420 2302.1
1282430 2301.4
1282440 2300.5
1282450 2300.5
1282460 2297.8
1282470 2294.5
1282480 2289.4
1282490 2289.4
1282500 2292.1
1282510 2288.4
1282520 2288.4
1282530 2284.0
1282540 2279.6
1282550 2279.6
1282560 2274.6
1282570 2269.0
1282580 2269.0
1282590 2265.1
1282600 2261.8
1282610 2261.8
1282620 2259.4
1282630 2257.7
1282640 2257.7
1282650 2257.0
1282660 2258.4
1282670 2258.4
1282680 2259.3
1282690 2261.1
1282700 2263.6
1282710 2263.6
1282720 2264.2
1282730 2265.4
1282740 2265.4
1282750 2266.4
1282760 2266.2
1282770 2266.2
1282780 2265.8
1282790 2267.5
1282800 2267.5
1282810 2270.0
1282820 2272.8
1282830 2272.8
1282840 2275.9
1282850 2279.4
1282860 2279.4
1282870 2283.1
1282880 2288.7
1282890 2288.7
1282900 2291.1
1282910 2290.9
1282920 2290.9
1282930 2289.3
1282940 2289.3
1282950 2289.0
1282960 2289.0
1282970 2289.0
1282980 2288.6
1282990 2288.6
1283000 2288.3
1283010 2288.4
1283020 2288.4
1283030 2289.6
1283040 2290.5
1283050 2290.5
1283060 2291.0
1283070 2290.8
1283080 2290.8
1283090 2290.9
1283100 2290.9
1283110 2290.9
1283120 2290.9
1283130 2292.1
1283140 2292.1
1283150 2291.3
1283160 2291.7
1283170 2291.7
1283180 2292.7
1283190 2294.3
1283200 2296.3
1283210 2296.3
1283220 2298.0
1283230 2299.1
1283240 2299.1
1283250 2300.1
1283260 2302.9
1283270 2302.9
1283280 2306.7
1283290 2309.7
1283300 2309.7
1283310 2312.1
1283320 2315.5
1283330 2315.5
1283340 2321.1
1283350 2326.8
1283360 2326.8
1283370 2330.2
1283380 2331.2
1283390 2331.2
1283400 2332.7
1283410 2337.0
1283420 2343.0
1283430 2343.0
1283440 2343.7
1283450 2344.3
1283460 2344.3
1283470 2347.1
1283480 2351.2
1283490 2351.2
1283500 2357.6
1283510 2363.8
1283520 2363.8
1283530 2370.2
1283540 2376.5
1283550 2376.5
1283560 2383.2
1283570 2389.8
1283580 2389.8
1283590 2395.6
1283600 2401.5
1283610 2401.5
1283620 2407.8
1283630 2411.9
1283640 2411.9
1283650 2415.2
1283660 2417.9
1283670 2420.4
1283680 2420.4
1283690 2424.1
1283700 2428.7
1283710 2428.7
1283720 2432.9
1283730 2436.3
1283740 2436.3
1283750 2440.7
1283760 2444.2
1283770 2444.2
1283780 2449.0
1283790 2453.1
1283800 2453.1
1283810 2456.5
1283820 2459.3
1283830 2459.3
1283840 2461.9
1283850 2465.2
1283860 2465.2
1283870 2468.9
1283880 2472.7
1283890 2472.7
1283900 2476.1
1283910 2479.5
1283920 2482.1
1283930 2482.1
1283940 2485.4
1283950 2488.5
1283960 2488.5
1283970 2491.7
1283980 2495.4
1283990 2495.4
1284000 2499.6
1284010 2504.3
1284020 2504.3
1284030 2507.9
1284040 2509.8
1284050 2509.8
1284060 2511.0
1284070 2511.3
1284080 2511.3
1284090 2511.1
1284100 2512.1
1284110 2512.1
1284120 2516.3
1284130 2520.9
1284140 2522.3
1284150 2522.3
1284160 2524.0
1284170 2526.9
1284180 2526.9
1284190 2530.8
1284200 2536.9
1284210 2536.9
1284220 2542.1
1284230 2543.3
1284240 2543.3
1284250 2545.1
1284260 2547.4
1284270 2547.4
1284280 2550.7
1284290 2553.8
1284300 2553.8
1284310 2556.4
1284320 2559.0
1284330 2559.0
1284340 2560.7
1284350 2562.1
1284360 2562.1
1284370 2561.5
1284380 2560.0
1284390 2564.0
1284400 2564.0
1284410 2564.5
1284420 2565.2
1284430 2565.2
1284440 2566.3
1284450 2569.2
1284460 2569.2
1284470 2574.5
1284480 2577.7
1284490 2577.7
1284500 2580.5
1284510 2585.0
1284520 2585.0
1284530 2591.1
1284540 2597.5
1284550 2597.5
1284560 2603.1
1284570 2608.7
1284580 2608.7
1284590 2613.9
1284600 2620.4
1284610 2620.4
1284620 2628.3
1284630 2634.4
1284640 2639.3
1284650 2639.3
1284660 2643.0
1284670 2646.8
1284680 2646.8
1284690 2651.6
1284700 2656.5
1284710 2656.5
1284720 2664.0
1284730 2673.7
1284740 2673.7
1284750 2681.1
1284760 2687.1
1284770 2687.1
1284780 2692.4
1284790 2696.8
1284800 2696.8
1284810 2701.0
1284820 2704.9
1284830 2704.9
1284840 2705.8
1284850 2698.9
1284860 2692.7
1284870 2692.7
1284880 2684.4
1284890 2676.9
1284900 2676.9
1284910 2671.6
1284920 2664.9
1284930 2664.9
1284940 2657.4
1284950 2651.5
1284960 2651.5
1284970 2648.1
1284980 2646.4
1284990 2646.4
1285000 2644.4
1285010 2643.4
1285020 2643.4
1285030 2632.5
1285040 2630.9
1285050 2630.9
1285060 2627.6
1285070 2622.7
1285080 2622.7
1285090 2620.1
1285100 2619.1
1285110 2619.2
1285120 2619.2
1285130 2615.2
1285140 2608.4
1285150 2608.4
1285160 2601.4
1285170 2596.5
1285180 2596.5
1285190 2594.0
1285200 2591.5
1285210 2591.5
1285220 2589.3
1285230 2589.0
1285240 2589.0
1285250 2589.4
1285260 2587.5
1285270 2587.5
1285280 2583.6
1285290 2580.5
1285300 2580.5
1285310 2580.5
1285320 2582.1
1285330 2584.9
1285340 2584.9
1285350 2586.8
1285360 2587.5
1285370 2587.5
1285380 2587.1
1285390 2587.2
1285400 2587.2
1285410 2588.2
1285420 2590.1
1285430 2590.1
1285440 2590.3
1285450 2592.8
1285460 2592.8
1285470 2597.8
1285480 2602.9
1285490 2602.9
1285500 2607.3
1285510 2611.3
1285520 2611.3
1285530 2614.5
1285540 2616.5
1285550 2616.5
1285560 2618.2
1285570 2619.4
1285580 2621.3
1285590 2621.3
1285600 2623.8
1285610 2625.3
1285620 2625.3
1285630 2625.6
1285640 2627.2
1285650 2627.2
1285660 2626.9
1285670 2623.2
1285680 2623.2
1285690 2628.8
1285700 2635.0
1285710 2635.0
1285720 2641.5
1285730 2648.2
1285740 2648.2
1285750 2654.3
1285760 2659.8
1285770 2659.8
1285780 2665.1
1285790 2670.2
1285800 2670.2
1285810 2675.1
1285820 2680.4
1285830 2685.6
1285840 2685.6
1285850 2690.6
1285860 2695.1
1285870 2695.1
1285880 2699.1
1285890 2703.0
1285900 2703.0
1285910 2706.3
1285920 2708.2
1285930 2708.2
1285940 2706.8
1285950 2706.6
1285960 2706.6
1285970 2708.7
1285980 2711.3
1285990 2711.3
1286000 2707.9
1286010 2699.8
1286020 2699.8
1286030 2691.1
1286040 2682.5
1286050 2674.2
1286060 2674.2
1286070 2666.7
1286080 2658.2
1286090 2658.2
1286100 2650.0
1286110 2641.9
1286120 2641.9
1286130 2633.0
1286140 2625.4
1286150 2625.4
1286160 2618.9
1286170 2612.4
1286180 2612.4
1286190 2606.2
1286200 2600.1
1286210 2600.1
1286220 2594.8
1286230 2590.7
1286240 2590.7
1286250 2585.7
1286260 2579.9
1286270 2579.9
1286280 2575.0
1286290 2571.1
1286300 2565.4
1286310 2567.5
1286320 2561.2
1286330 2554.6
1286340 2554.6
1286350 2548.9
1286360 2545.3
1286370 2545.3
1286380 2543.7
1286390 2542.2
1286400 2542.2
1286410 2541.0
1286420 2538.9
1286430 2538.9
1286440 2537.7
1286450 2536.8
1286460 2536.8
1286470 2537.1
1286480 2538.2
1286490 2538.2
1286500 2539.9
1286510 2539.9
1286520 2532.3
1286530 2532.3
1286540 2523.1
1286550 2513.6
1286560 2513.6
1286570 2505.7
1286580 2496.9
1286590 2496.9
1286600 2487.8
1286610 2479.6
1286620 2479.6
1286630 2471.9
1286640 2464.3
1286650 2464.3
1286660 2457.9
1286670 2452.2
1286680 2452.2
1286690 2446.3
1286700 2440.7
1286710 2440.7
1286720 2436.4
1286730 2432.7
1286740 2432.7
1286750 2429.9
1286760 2427.7
1286770 2424.3
1286780 2424.3
1286790 2419.7
1286800 2416.8
1286810 2416.8
1286820 2414.7
1286830 2411.5
1286840 2411.5
1286850 2404.2
1286860 2402.5
1286870 2402.5
1286880 2403.9
1286890 2402.8
1286900 2402.8
1286910 2402.0
1286920 2402.8
1286930 2402.8
1286940 2404.0
1286950 2407.9
1286960 2407.9
1286970 2405.8
1286980 2407.1
1286990 2407.1
1287000 2409.2
1287010 2402.9
1287020 2401.0
1287030 2401.0
1287040 2401.7
1287050 2404.0
1287060 2404.0
1287070 2406.0
1287080 2407.9
1287090 2407.9
1287100 2409.2
1287110 2409.6
1287120 2409.6
1287130 2410.9
1287140 2411.4
1287150 2411.4
1287160 2414.0
1287170 2415.1
1287180 2415.1
1287190 2412.5
1287200 2409.3
1287210 2409.3
1287220 2407.7
1287230 2408.0
1287240 2409.8
1287250 2409.8
1287260 2412.6
1287270 2413.8
1287280 2413.8
1287290 2414.3
1287300 2414.3
1287310 2414.3
1287320 2414.4
1287330 2415.6
1287340 2415.6
1287350 2417.3
1287360 2418.6
1287370 2418.6
1287380 2419.9
1287390 2421.0
1287400 2421.0
1287410 2423.3
1287420 2425.1
1287430 2425.1
1287440 2426.2
1287450 2429.6
1287460 2429.6
1287470 2432.8
1287480 2433.3
1287490 2436.5
1287500 2436.5
1287510 2441.1
1287520 2446.9
1287530 2446.9
1287540 2455.2
1287550 2463.6
1287560 2463.6
1287570 2468.4
1287580 2475.2
1287590 2480.9
1287600 2487.1
1287610 2492.6
1287620 2492.6
1287630 2503.6
1287640 2515.0
1287650 2515.0
1287660 2521.4
1287670 2524.0
1287680 2524.0
1287690 2526.1
1287700 2526.8
1287710 2526.8
1287720 2527.2
1287730 2527.8
1287740 2527.7
1287750 2527.7
1287760 2527.2
1287770 2527.6
1287780 2527.6
1287790 2527.3
1287800 2527.0
1287810 2527.0
1287820 2526.8
1287830 2525.1
1287840 2525.1
1287850 2524.6
1287860 2524.9
1287870 2524.9
1287880 2523.9
1287890 2523.8
1287900 2523.8
1287910 2521.6
1287920 2519.8
1287930 2519.8
1287940 2516.7
1287950 2514.6
1287960 2516.3
1287970 2516.3
1287980 2519.1
1287990 2521.2
1288000 2521.2
1288010 2521.8
1288020 2523.7
1288030 2523.7
1288040 2522.8
1288050 2521.4
1288060 2521.4
1288070 2522.3
1288080 2526.7
1288090 2526.7
1288100 2531.9
1288110 2538.0
1288120 2538.0
1288130 2545.4
1288140 2551.5
1288150 2551.5
1288160 2554.6
1288170 2556.8
1288180 2556.8
1288190 2561.3
1288200 2565.8
1288210 2568.7
1288220 2568.7
1288230 2570.4
1288240 2572.7
1288250 2572.7
1288260 2574.1
1288270 2576.2
1288280 2576.2
1288290 2578.4
1288300 2580.6
1288310 2580.6
1288320 2582.6
1288330 2585.1
1288340 2585.1
1288350 2587.3
1288360 2590.7
1288370 2590.7
1288380 2593.0
1288390 2598.9
1288400 2598.9
1288410 2603.1
1288420 2606.9
1288430 2612.3
1288440 2612.3
1288450 2612.0
1288460 2609.5
1288470 2609.5
1288480 2608.6
1288490 2610.5
1288500 2610.5
1288510 2610.4
1288520 2607.7
1288530 2607.7
1288540 2602.2
1288550 2595.0
1288560 2595.0
1288570 2589.3
1288580 2584.1
1288590 2584.1
1288600 2577.0
1288610 2571.0
1288620 2571.0
1288630 2565.6
1288640 2560.5
1288650 2560.5
1288660 2556.1
1288670 2551.7
1288680 2546.0
1288690 2546.0
1288700 2538.5
1288710 2531.4
1288720 2531.4
1288730 2525.1
1288740 2518.4
1288750 2518.4
1288760 2511.0
1288770 2505.2
1288780 2505.2
1288790 2500.2
1288800 2495.2
1288810 2495.2
1288820 2490.5
1288830 2485.5
1288840 2485.5
1288850 2476.7
1288860 2469.6
1288870 2469.6
1288880 2464.9
1288890 2457.6
1288900 2457.6
1288910 2453.6
1288920 2447.3
1288930 2444.6
1288940 2444.6
1288950 2443.5
1288960 2439.3
1288970 2439.3
1288980 2430.4
1288990 2416.2
1289000 2416.2
1289010 2404.9
1289020 2400.0
1289030 2400.0
1289040 2396.6
1289050 2393.7
1289060 2393.7
1289070 2391.4
1289080 2389.9
1289090 2389.9
1289100 2389.0
1289110 2384.2
1289120 2384.2
1289130 2372.1
1289140 2356.1
1289150 2349.8
1289160 2349.8
1289170 2348.6
1289180 2348.2
1289190 2348.2
1289200 2351.4
1289210 2351.4
1289220 2351.4
1289230 2347.3
1289240 2343.5
1289250 2343.5
1289260 2339.5
1289270 2332.7
1289280 2332.7
1289290 2326.0
1289300 2321.6
1289310 2321.6
1289320 2319.5
1289330 2317.2
1289340 2317.2
1289350 2314.9
1289360 2314.3
1289370 2314.3
1289380 2314.9
1289390 2313.3
1289400 2308.4
1289410 2308.4
1289420 2303.9
1289430 2299.9
1289440 2299.9
1289450 2297.3
1289460 2296.6
1289470 2296.6
1289480 2294.8
1289490 2292.1
1289500 2292.1
1289510 2289.4
1289520 2286.0
1289530 2286.0
1289540 2267.7
1289550 2262.9
1289560 2262.9
1289570 2258.8
1289580 2254.9
1289590 2254.9
1289600 2252.2
1289610 2250.3
1289620 2248.2
1289630 2248.2
1289640 2245.7
1289650 2244.3
1289660 2244.3
1289670 2242.2
1289680 2240.4
1289690 2240.4
1289700 2240.0
1289710 2239.7
1289720 2239.7
1289730 2239.2
1289740 2238.5
1289750 2238.5
1289760 2237.7
1289770 2236.9
1289780 2236.9
1289790 2236.0
1289800 2234.7
1289810 2234.7
1289820 2233.7
1289830 2232.8
1289840 2232.8
1289850 2232.0
1289860 2231.0
1289870 2229.9
1289880 2229.9
1289890 2228.8
1289900 2227.8
1289910 2227.8
1289920 2226.6
1289930 2224.6
1289940 2224.6
1289950 2221.8
1289960 2219.1
1289970 2219.1
1289980 2216.3
1289990 2213.6
1290000 2213.6
1290010 2210.4
1290020 2209.6
1290030 2209.6
1290040 2210.7
1290050 2212.1
1290060 2212.1
1290070 2212.3
1290080 2211.1
1290090 2211.1
1290100 2211.2
1290110 2213.6
1290120 2214.7
1290130 2214.7
1290140 2214.7
1290150 2213.6
1290160 2213.6
1290170 2211.3
1290180 2208.6
1290190 2208.0
1290200 2205.4
1290210 2202.8
1290220 2202.8
1290230 2199.1
1290240 2196.6
1290250 2196.6
1290260 2194.5
1290270 2191.9
1290280 2191.9
1290290 2189.0
1290300 2187.3
1290310 2187.3
1290320 2186.2
1290330 2185.7
1290340 2186.3
1290350 2186.3
1290360 2187.2
1290370 2186.6
1290380 2186.6
1290390 2185.1
1290400 2184.5
1290410 2184.5
1290420 2184.5
1290430 2184.4
1290440 2184.4
1290450 2184.4
1290460 2184.3
1290470 2184.3
1290480 2184.5
1290490 2185.8
1290500 2185.8
1290510 2188.2
1290520 2190.2
1290530 2190.2
1290540 2190.6
1290550 2188.0
1290560 2188.0
1290570 2183.6
1290580 2179.3
1290590 2175.8
1290600 2175.8
1290610 2173.5
1290620 2172.1
1290630 2172.1
1290640 2171.9
1290650 2173.4
1290660 2173.4
1290670 2175.8
1290680 2177.0
1290690 2177.0
1290700 2176.8
1290710 2177.1
1290720 2177.1
1290730 2176.8
1290740 2176.2
1290750 2176.2
1290760 2177.8
1290770 2182.5
1290780 2182.5
1290790 2187.3
1290800 2192.1
1290810 2192.1
1290820 2194.9
1290830 2198.4
1290840 2206.5
1290850 2206.5
1290860 2205.8
1290870 2200.7
1290880 2200.7
1290890 2197.2
1290900 2194.1
1290910 2194.1
1290920 2190.8
1290930 2187.8
1290940 2187.8
1290950 2185.3
1290960 2182.7
1290970 2182.7
1290980 2180.4
1290990 2177.4
1291000 2177.4
1291010 2174.6
1291020 2172.3
1291030 2172.3
1291040 2168.6
1291050 2161.3
1291060 2162.9
1291070 2162.9
1291080 2166.3
1291090 2169.3
1291100 2169.3
1291110 2174.3
1291120 2178.8
1291130 2178.8
1291140 2181.6
1291150 2184.5
1291160 2184.5
1291170 2186.9
1291180 2187.5
1291190 2187.5
1291200 2187.3
1291210 2188.5
1291220 2188.5
1291230 2190.5
1291240 2195.1
1291250 2195.1
1291260 2196.8
1291270 2196.4
1291280 2196.4
1291290 2195.6
1291300 2195.3
1291310 2196.6
1291320 2196.6
1291330 2197.1
1291340 2197.9
1291350 2197.9
1291360 2201.4
1291370 2208.0
1291380 2208.0
1291390 2211.5
1291400 2214.9
1291410 2214.9
1291420 2219.2
1291430 2221.8
1291440 2221.8
1291450 2223.1
1291460 2223.6
1291470 2223.6
1291480 2223.3
1291490 2223.2
1291500 2223.0
1291510 2223.3
1291520 2224.8
1291530 2228.7
1291540 2228.7
1291550 2233.1
1291560 2238.4
1291570 2238.4
1291580 2245.0
1291590 2254.3
1291600 2254.3
1291610 2268.0
1291620 2273.5
1291630 2273.5
1291640 2273.6
1291650 2275.5
1291660 2275.5
1291670 2281.4
1291680 2283.7
1291690 2283.7
1291700 2284.7
1291710 2285.9
1291720 2285.9
1291730 2288.7
1291740 2289.8
1291750 2289.8
1291760 2288.7
1291770 2287.6
1291780 2287.7
1291790 2287.7
1291800 2289.7
1291810 2290.9
1291820 2290.9
1291830 2290.3
1291840 2289.5
1291850 2289.5
1291860 2289.1
1291870 2290.1
1291880 2290.1
1291890 2291.2
1291900 2292.2
1291910 2292.2
1291920 2293.6
1291930 2296.3
1291940 2296.3
1291950 2301.0
1291960 2305.9
1291970 2305.9
1291980 2307.9
1291990 2309.8
1292000 2309.8
1292010 2312.4
1292020 2313.7
1292030 2313.7
1292040 2313.7
1292050 2314.7
1292060 2315.8
1292070 2315.8
1292080 2317.4
1292090 2320.0
1292100 2320.0
1292110 2320.8
1292120 2322.6
1292130 2322.6
1292140 2325.0
1292150 2327.2
1292160 2331.9
1292170 2329.8
1292180 2330.1
1292190 2330.1
1292200 2331.6
1292210 2333.6
1292220 2333.6
1292230 2335.4
1292240 2337.2
1292250 2339.3
1292260 2339.3
1292270 2343.9
1292280 2350.4
1292290 2350.4
1292300 2357.3
1292310 2360.5
1292320 2360.5
1292330 2362.1
1292340 2362.0
1292350 2362.0
1292360 2360.7
1292370 2359.6
1292380 2359.6
1292390 2358.2
1292400 2358.5
1292410 2358.5
1292420 2359.0
1292430 2358.0
1292440 2358.0
1292450 2356.3
1292460 2355.5
1292470 2355.5
1292480 2356.4
1292490 2358.1
1292500 2358.2
1292510 2358.2
1292520 2356.8
1292530 2354.6
1292540 2354.6
1292550 2352.0
1292560 2348.3
1292570 2348.3
1292580 2344.5
1292590 2339.9
1292600 2339.9
1292610 2333.7
1292620 2327.5
1292630 2327.5
1292640 2323.4
1292650 2320.0
1292660 2320.0
1292670 2317.4
1292680 2317.5
1292690 2317.5
1292700 2319.1
1292710 2321.1
1292720 2323.4
1292730 2323.4
1292740 2327.1
1292750 2330.4
1292760 2330.4
1292770 2332.0
1292780 2334.0
1292790 2334.0
1292800 2337.3
1292810 2342.5
1292820 2348.2
1292830 2356.2
1292840 2362.6
1292850 2362.6
1292860 2368.0
1292870 2373.0
1292880 2373.0
1292890 2376.1
1292900 2378.6
1292910 2378.6
1292920 2381.6
1292930 2383.3
1292940 2383.3
1292950 2382.8
1292960 2380.1
1292970 2376.9
1292980 2376.9
1292990 2373.2
1293000 2369.7
1293010 2369.7
1293020 2363.9
1293030 2357.8
1293040 2357.8
1293050 2353.2
1293060 2349.5
1293070 2349.5
1293080 2347.3
1293090 2344.7
1293100 2344.7
1293110 2341.1
1293120 2338.3
1293130 2338.3
1293140 2338.2
1293150 2338.6
1293160 2338.6
1293170 2338.3
1293180 2336.5
1293190 2336.5
1293200 2335.4
1293210 2335.3
1293220 2333.6
1293230 2333.6
1293240 2331.5
1293250 2328.5
1293260 2328.5
1293270 2326.3
1293280 2325.5
1293290 2325.5
1293300 2325.0
1293310 2323.2
1293320 2323.2
1293330 2317.6
1293340 2310.8
1293350 2310.8
1293360 2304.8
1293370 2300.6
1293380 2300.6
1293390 2297.4
1293400 2294.9
1293410 2294.9
1293420 2291.0
1293430 2288.2
1293440 2288.0
1293450 2288.0
1293460 2288.2
1293470 2288.7
1293480 2287.5
1293490 2287.7
1293500 2288.7
1293510 2288.7
1293520 2287.2
1293530 2283.0
1293540 2283.0
1293550 2277.9
1293560 2273.2
1293570 2273.2
1293580 2268.8
1293590 2264.5
1293600 2264.5
1293610 2260.9
1293620 2257.7
1293630 2257.7
1293640 2255.5
1293650 2253.1
1293660 2253.1
1293670 2250.7
1293680 2248.3
1293690 2246.2
1293700 2246.2
1293710 2244.5
1293720 2243.6
1293730 2243.6
1293740 2242.4
1293750 2241.6
1293760 2241.6
1293770 2241.6
1293780 2241.5
1293790 2241.5
1293800 2241.0
1293810 2240.2
1293820 2240.2
1293830 2239.2
1293840 2238.0
1293850 2238.0
1293860 2236.7
1293870 2235.5
1293880 2235.5
1293890 2234.5
1293900 2233.5
1293910 2232.8
1293920 2232.8
1293930 2231.7
1293940 2229.9
1293950 2229.9
1293960 2228.1
1293970 2226.0
1293980 2226.0
1293990 2223.4
1294000 2221.1
1294010 2221.1
1294020 2219.4
1294030 2218.1
1294040 2218.1
1294050 2217.1
1294060 2216.4
1294070 2216.4
1294080 2215.8
1294090 2215.6
1294100 2215.6
1294110 2216.0
1294120 2216.9
1294130 2216.9
1294140 2217.5
1294150 2218.4
1294160 2218.3
1294170 2218.3
1294180 2217.6
1294190 2216.5
1294200 2216.5
1294210 2215.0
1294220 2212.5
1294230 2212.5
1294240 2208.3
1294250 2205.0
1294260 2205.0
1294270 2202.8
1294280 2201.5
1294290 2201.5
1294300 2200.1
1294310 2199.3
1294320 2199.3
1294330 2200.6
1294340 2200.8
1294350 2200.8
1294360 2199.6
1294370 2198.6
1294380 2198.6
1294390 2196.8
1294400 2197.2
1294410 2196.2
1294420 2196.2
1294430 2193.2
1294440 2185.6
1294450 2185.6
1294460 2176.0
1294470 2170.2
1294480 2170.2
1294490 2163.5
1294500 2156.0
1294510 2156.0
1294520 2149.9
1294530 2144.6
1294540 2144.6
1294550 2139.3
1294560 2134.6
1294570 2134.6
1294580 2129.9
1294590 2125.5
1294600 2125.5
1294610 2121.7
1294620 2118.6
1294630 2115.3
1294640 2115.3
1294650 2112.6
1294660 2111.1
1294670 2111.1
1294680 2110.2
1294690 2109.3
1294700 2109.3
1294710 2108.2
1294720 2107.8
1294730 2107.8
1294740 2106.6
1294750 2104.8
1294760 2104.8
1294770 2101.8
1294780 2098.8
1294790 2098.8
1294800 2095.9
1294810 2091.9
1294820 2096.9
1294830 2091.6
1294840 2086.6
1294850 2086.6
1294860 2081.5
1294870 2076.3
1294880 2071.1
1294890 2071.1
1294900 2066.3
1294910 2061.2
1294920 2061.2
1294930 2056.9
1294940 2053.2
1294950 2053.2
1294960 2049.4
1294970 2046.8
1294980 2046.8
1294990 2045.3
1295000 2044.9
1295010 2044.9
1295020 2044.3
1295030 2044.2
1295040 2044.2
1295050 2045.3
1295060 2045.3
1295070 2045.3
1295080 2046.1
1295090 2045.5
1295100 2042.4
1295110 2042.4
1295120 2042.1
1295130 2040.8
1295140 2040.8
1295150 2038.2
1295160 2035.8
1295170 2035.8
1295180 2033.4
1295190 2030.5
1295200 2030.5
1295210 2027.3
1295220 2023.6
1295230 2023.6
1295240 2020.1
1295250 2017.9
1295260 2017.9
1295270 2015.4
1295280 2013.8
1295290 2013.8
1295300 2013.0
1295310 2012.7
1295320 2012.7
1295330 2012.7
1295340 2011.7
1295350 2010.0
1295360 2010.0
1295370 2007.7
1295380 2005.5
1295390 2005.5
1295400 2003.5
1295410 2001.4
1295420 2001.4
1295430 1999.6
1295440 1998.7
1295450 1998.7
1295460 1997.9
1295470 1996.7
1295480 1996.7
1295490 1992.7
1295500 1991.1
1295510 1991.1
1295520 1988.1
1295530 1984.4
1295540 1984.4
1295550 1982.6
1295560 1981.1
1295570 1981.1
1295580 1979.0
1295590 1977.1
1295600 1974.4
1295610 1974.4
1295620 1973.6
1295630 1972.3
1295640 1972.3
1295650 1970.9
1295660 1970.7
1295670 1970.7
1295680 1971.3
1295690 1972.8
1295700 1972.8
1295710 1974.2
1295720 1975.0
1295730 1975.0
1295740 1976.2
1295750 1976.8
1295760 1976.8
1295770 1977.7
1295780 1978.9
1295790 1978.9
1295800 1980.0
1295810 1980.8
1295820 1981.7
1295830 1981.7
1295840 1982.4
1295850 1982.9
1295860 1982.9
1295870 1983.5
1295880 1984.5
1295890 1984.5
1295900 1985.3
1295910 1986.3
1295920 1986.3
1295930 1987.7
1295940 1990.1
1295950 1990.1
1295960 1993.0
1295970 1996.6
1295980 1996.6
1295990 1999.9
1296000 2002.6
1296010 2002.6
1296020 2004.9
1296030 2007.0
1296040 2007.0
1296050 2009.9
1296060 2013.1
1296070 2016.1
1296080 2016.1
1296090 2018.7
1296100 2022.6
1296110 2022.6
1296120 2026.8
1296130 2030.2
1296140 2030.2
1296150 2033.5
1296160 2035.5
1296170 2035.5
1296180 2038.9
1296190 2042.6
1296200 2042.6
1296210 2046.4
1296220 2049.7
1296230 2049.7
1296240 2052.4
1296250 2054.2
1296260 2054.2
1296270 2056.7
1296280 2061.2
1296290 2065.9
1296300 2065.9
1296310 2068.0
1296320 2068.3
1296330 2068.3
1296340 2069.8
1296350 2072.6
1296360 2072.6
1296370 2075.8
1296380 2078.4
1296390 2078.4
1296400 2080.5
1296410 2082.8
1296420 2082.8
1296430 2085.8
1296440 2089.7
1296450 2089.7
1296460 2093.2
1296470 2096.0
1296480 2096.0
1296490 2099.0
1296500 2103.5
1296510 2103.5
1296520 2106.0
1296530 2104.1
1296540 2103.2
1296550 2103.2
1296560 2107.2
1296570 2112.1
1296580 2112.1
1296590 2115.5
1296600 2119.7
1296610 2119.7
1296620 2122.5
1296630 2124.8
1296640 2124.8
1296650 2126.9
1296660 2129.3
1296670 2129.3
1296680 2132.0
1296690 2134.5
1296700 2134.5
1296710 2137.4
1296720 2141.4
1296730 2141.4
1296740 2145.8
1296750 2151.4
1296760 2151.4
1296770 2157.5
1296780 2163.0
1296790 2168.3
1296800 2168.3
1296810 2174.2
1296820 2180.7
1296830 2180.7
1296840 2185.3
1296850 2190.0
1296860 2190.0
1296870 2194.6
1296880 2198.7
1296890 2198.7
1296900 2202.0
1296910 2205.7
1296920 2205.7
1296930 2209.3
1296940 2212.3
1296950 2212.3
1296960 2215.0
1296970 2218.5
1296980 2218.5
1296990 2222.4
1297000 2227.7
1297010 2233.6
1297020 2233.6
1297030 2239.9
1297040 2245.5
1297050 2245.5
1297060 2249.7
1297070 2253.7
1297080 2253.7
1297090 2257.2
1297100 2261.8
1297110 2261.8
1297120 2267.6
1297130 2273.8
1297140 2273.8
1297150 2281.0
1297160 2288.9
1297170 2288.9
1297180 2293.4
1297190 2298.7
1297200 2298.7
1297210 2304.3
1297220 2307.4
1297230 2307.4
1297240 2309.5
1297250 2311.1
1297260 2312.6
1297270 2312.6
1297280 2313.6
1297290 2314.4
1297300 2314.4
1297310 2315.8
1297320 2316.3
1297330 2316.3
1297340 2315.8
1297350 2315.5
1297360 2315.5
1297370 2316.2
1297380 2317.4
1297390 2317.4
1297400 2319.3
1297410 2321.7
1297420 2321.7
1297430 2325.3
1297440 2330.4
1297450 2330.4
1297460 2335.6
1297470 2339.2
1297480 2341.2
1297490 2341.2
1297500 2344.0
1297510 2347.9
1297520 2347.9
1297530 2349.2
1297540 2350.5
1297550 2350.5
1297560 2352.0
1297570 2354.1
1297580 2354.1
1297590 2357.3
1297600 2361.2
1297610 2361.2
1297620 2366.6
1297630 2373.2
1297640 2373.2
1297650 2379.8
1297660 2385.2
1297670 2385.2
1297680 2390.5
1297690 2396.3
1297700 2396.3
1297710 2403.2
1297720 2410.5
1297730 2418.4
1297740 2418.4
1297750 2427.1
1297760 2434.7
1297770 2434.7
1297780 2441.8
1297790 2448.4
1297800 2448.4
1297810 2455.0
1297820 2462.3
1297830 2462.3
1297840 2469.4
1297850 2476.1
1297860 2476.1
1297870 2482.9
1297880 2489.5
1297890 2489.5
1297900 2496.3
1297910 2504.5
1297920 2504.5
1297930 2510.9
1297940 2515.6
1297950 2515.6
1297960 2520.1
1297970 2524.4
1297980 2527.9
1297990 2527.9
1298000 2531.9
1298010 2537.7
1298020 2537.7
1298030 2541.6
1298040 2542.4
1298050 2542.4
1298060 2543.1
1298070 2544.7
1298080 2544.7
1298090 2547.0
1298100 2549.0
1298110 2549.0
1298120 2549.4
1298130 2549.3
1298140 2549.3
1298150 2549.0
1298160 2548.9
1298170 2548.9
1298180 2550.4
1298190 2552.4
1298200 2564.2
1298210 2564.2
1298220 2565.6
1298230 2568.3
1298240 2568.3
1298250 2573.3
1298260 2576.7
1298270 2576.7
1298280 2580.7
1298290 2585.4
1298300 2585.4
1298310 2585.4
1298320 2579.2
1298330 2579.2
1298340 2572.8
1298350 2566.5
1298360 2566.5
1298370 2559.8
1298380 2554.2
1298390 2554.2
1298400 2546.6
1298410 2535.6
1298420 2535.6
1298430 2526.3
1298440 2516.8
1298450 2504.9
1298460 2504.9
1298470 2493.0
1298480 2482.6
1298490 2482.6
1298500 2472.8
1298510 2464.1
1298520 2464.1
1298530 2455.8
1298540 2449.4
1298550 2449.4
1298560 2444.8
1298570 2439.6
1298580 2439.6
1298590 2433.9
1298600 2428.5
1298610 2428.5
1298620 2422.3
1298630 2416.2
1298640 2416.2
1298650 2410.4
1298660 2405.2
1298670 2399.9
1298680 2399.9
1298690 2394.9
1298700 2390.3
1298710 2390.3
1298720 2386.7
1298730 2384.7
1298740 2384.7
1298750 2384.1
1298760 2384.5
1298770 2384.5
1298780 2385.2
1298790 2384.3
1298800 2384.3
1298810 2383.6
1298820 2384.3
1298830 2384.3
1298840 2383.2
1298850 2381.3
1298860 2381.3
1298870 2379.4
1298880 2376.8
1298890 2376.8
1298900 2374.2
1298910 2371.8
1298920 2369.3
1298930 2369.3
1298940 2367.4
1298950 2366.5
1298960 2366.5
1298970 2366.6
1298980 2366.3
1298990 2366.3
1299000 2366.3
1299010 2366.2
1299020 2366.2
1299030 2366.3
1299040 2366.3
1299050 2366.3
1299060 2365.3
1299070 2363.7
1299080 2363.7
1299090 2362.7
1299100 2361.5
1299110 2361.5
1299120 2359.9
1299130 2358.7
1299140 2358.7
1299150 2356.8
1299160 2354.0
1299170 2350.2
1299180 2350.2
1299190 2346.2
1299200 2342.0
1299210 2342.0
1299220 2337.4
1299230 2332.9
1299240 2332.9
1299250 2329.0
1299260 2325.2
1299270 2325.2
1299280 2321.3
1299290 2317.5
1299300 2317.5
1299310 2314.4
1299320 2311.8
1299330 2311.8
1299340 2309.4
1299350 2306.3
1299360 2306.3
1299370 2302.9
1299380 2299.4
1299390 2296.2
1299400 2296.2
1299410 2293.9
1299420 2290.9
1299430 2290.9
1299440 2289.1
1299450 2287.9
1299460 2287.9
1299470 2287.4
1299480 2287.3
1299490 2287.3
1299500 2287.3
1299510 2287.1
1299520 2287.1
1299530 2287.0
1299540 2286.8
1299550 2286.8
1299560 2286.1
1299570 2285.9
1299580 2285.9
1299590 2286.1
1299600 2286.2
1299610 2286.2
1299620 2286.3
1299630 2286.3
1299640 2286.5
1299650 2286.5
1299660 2286.8
1299670 2287.2
1299680 2287.2
1299690 2287.6
1299700 2288.0
1299710 2288.0
1299720 2288.4
1299730 2288.9
1299740 2288.9
1299750 2289.1
1299760 2288.9
1299770 2288.9
1299780 2288.7
1299790 2288.7
1299800 2288.7
1299810 2288.6
1299820 2287.8
1299830 2287.8
1299840 2284.8
1299850 2280.0
1299860 2275.1
1299870 2275.1
1299880 2270.6
1299890 2266.9
1299900 2266.9
1299910 2264.3
1299920 2261.1
1299930 2261.1
1299940 2257.8
1299950 2253.7
1299960 2253.7
1299970 2251.1
1299980 2251.0
1299990 2251.0
