1280000 1937.6
1280010 1942.1
1280020 1942.1
1280030 1942.9
1280040 1943.0
1280050 1943.0
1280060 1944.1
1280070 1947.3
1280080 1947.3
1280090 1947.8
1280100 1949.2
1280110 1949.2
1280120 1950.2
1280130 1948.9
1280140 1948.9
1280150 1947.7
1280160 1946.9
1280170 1948.6
1280180 1948.6
1280190 1949.4
1280200 1948.5
1280210 1948.5
1280220 1948.6
1280230 1950.1
1280240 1950.1
1280250 1949.4
1280260 1946.4
1280270 1946.4
1280280 1938.2
1280290 1929.5
1280300 1929.5
1280310 1933.1
1280320 1941.9
1280330 1941.9
1280340 1947.1
1280350 1949.8
1280360 1949.8
1280370 1951.5
1280380 1952.7
1280390 1952.7
1280400 1954.5
1280410 1956.3
1280420 1956.4
1280430 1956.4
1280440 1956.1
1280450 1955.7
1280460 1955.7
1280470 1956.5
1280480 1957.2
1280490 1957.2
1280500 1957.4
1280510 1961.7
1280520 1961.7
1280530 1961.6
1280540 1961.4
1280550 1961.4
1280560 1961.9
1280570 1962.8
1280580 1962.8
1280590 1965.4
1280600 1968.6
1280610 1968.6
1280620 1969.0
1280630 1968.4
1280640 1968.4
1280650 1968.3
1280660 1966.6
1280670 1965.9
1280680 1965.9
1280690 1968.3
1280700 1970.2
1280710 1970.2
1280720 1971.9
1280730 1973.7
1280740 1973.7
1280750 1974.8
1280760 1973.4
1280770 1973.4
1280780 1971.3
1280790 1976.5
1280800 1976.5
1280810 1982.0
1280820 1985.1
1280830 1985.1
1280840 1988.1
1280850 1991.4
1280860 1991.4
1280870 1996.2
1280880 1999.7
1280890 2003.0
1280900 2003.0
1280910 2006.6
1280920 2009.9
1280930 2009.9
1280940 2013.5
1280950 2015.5
1280960 2015.5
1280970 2018.0
1280980 2021.2
1280990 2021.2
1281000 2023.9
1281010 2025.8
1281020 2025.8
1281030 2026.6
1281040 2027.3
1281050 2027.3
1281060 2029.2
1281070 2030.8
1281080 2030.8
1281090 2034.0
1281100 2038.4
1281110 2038.4
1281120 2044.0
1281130 2049.1
1281140 2055.4
1281150 2055.4
1281160 2061.2
1281170 2065.2
1281180 2065.2
1281190 2069.1
1281200 2073.1
1281210 2073.1
1281220 2076.4
1281230 2079.8
1281240 2079.8
1281250 2083.0
1281260 2085.9
1281270 2085.9
1281280 2088.6
1281290 2091.3
1281300 2091.3
1281310 2093.9
1281320 2095.9
1281330 2095.9
1281340 2096.9
1281350 2097.6
1281360 2098.4
1281370 2098.4
1281380 2099.2
1281390 2100.0
1281400 2100.0
1281410 2100.8
1281420 2101.5
1281430 2101.5
1281440 2102.4
1281450 2104.8
1281460 2104.8
1281470 2108.9
1281480 2109.7
1281490 2109.7
1281500 2109.6
1281510 2107.0
1281520 2107.0
1281530 2108.7
1281540 2109.4
1281550 2109.4
1281560 2108.5
1281570 2110.5
1281580 2110.5
1281590 2113.7
1281600 2115.6
1281610 2116.8
1281620 2116.8
1281630 2118.1
1281640 2119.0
1281650 2119.0
1281660 2120.0
1281670 2120.9
1281680 2120.9
1281690 2122.3
1281700 2124.6
1281710 2124.6
1281720 2126.7
1281730 2128.2
1281740 2128.2
1281750 2128.5
1281760 2131.9
1281770 2131.9
1281780 2133.2
1281790 2134.4
1281800 2134.4
1281810 2135.0
1281820 2135.0
1281830 2135.0
1281840 2135.8
1281850 2136.6
1281860 2137.6
1281870 2137.6
1281880 2138.3
1281890 2139.2
1281900 2139.2
1281910 2140.0
1281920 2140.5
1281930 2140.5
1281940 2141.1
1281950 2142.6
1281960 2142.6
1281970 2145.3
1281980 2149.7
1281990 2149.7
1282000 2155.7
1282010 2161.9
1282020 2161.9
1282030 2168.2
1282040 2174.0
1282050 2174.0
1282060 2180.5
1282070 2192.8
1282080 2201.5
1282090 2201.5
1282100 2208.5
1282110 2216.2
1282120 2216.2
1282130 2229.0
1282140 2239.2
1282150 2239.2
1282160 2242.4
1282170 2245.5
1282180 2245.5
1282190 2248.4
1282200 2250.1
1282210 2250.1
1282220 2252.0
1282230 2255.1
1282240 2255.1
1282250 2258.0
1282260 2259.2
1282270 2259.2
1282280 2258.9
1282290 2257.4
1282300 2257.4
1282310 2256.3
1282320 2255.3
1282330 2254.1
1282340 2254.1
1282350 2253.0
1282360 2251.0
1282370 2251.0
1282380 2254.5
1282390 2251.7
1282400 2251.7
1282410 2247.9
1282420 2243.4
1282430 2243.4
1282440 2240.5
1282450 2239.8
1282460 2239.8
1282470 2237.8
1282480 2234.5
1282490 2234.5
1282500 2231.7
1282510 2228.9
1282520 2228.9
1282530 2227.0
1282540 2225.3
1282550 2225.3
1282560 2226.5
1282570 2228.8
1282580 2230.7
1282590 2230.7
1282600 2231.0
1282610 2231.4
1282620 2231.4
1282630 2233.2
1282640 2233.3
1282650 2233.3
1282660 2232.9
1282670 2233.0
1282680 2233.0
1282690 2232.9
1282700 2233.2
1282710 2233.2
1282720 2233.4
1282730 2233.2
1282740 2233.2
1282750 2232.4
1282760 2232.8
1282770 2232.8
1282780 2233.7
1282790 2235.3
1282800 2239.9
1282810 2239.9
1282820 2245.7
1282830 2252.2
1282840 2252.2
1282850 2259.1
1282860 2265.5
1282870 2265.5
1282880 2270.2
1282890 2273.0
1282900 2273.0
1282910 2274.1
1282920 2274.2
1282930 2274.2
1282940 2276.1
1282950 2276.3
1282960 2276.3
1282970 2277.4
1282980 2275.1
1282990 2275.1
1283000 2272.9
1283010 2273.6
1283020 2273.6
1283030 2273.8
1283040 2274.2
1283050 2275.3
1283060 2275.3
1283070 2276.5
1283080 2277.0
1283090 2277.0
1283100 2278.2
1283110 2279.4
1283120 2279.4
1283130 2280.1
1283140 2281.2
1283150 2281.2
1283160 2282.0
1283170 2283.2
1283180 2283.2
1283190 2283.4
1283200 2284.2
1283210 2284.2
1283220 2286.6
1283230 2289.3
1283240 2289.3
1283250 2292.0
1283260 2292.6
1283270 2292.1
1283280 2292.1
1283290 2292.4
1283300 2295.1
1283310 2295.1
1283320 2297.0
1283330 2299.2
1283340 2299.2
1283350 2301.9
1283360 2305.7
1283370 2305.7
1283380 2311.5
1283390 2319.4
1283400 2319.4
1283410 2325.7
1283420 2332.0
1283430 2332.0
1283440 2339.2
1283450 2346.1
1283460 2346.1
1283470 2352.5
1283480 2360.8
1283490 2360.8
1283500 2368.8
1283510 2373.4
1283520 2377.5
1283530 2377.5
1283540 2381.3
1283550 2384.5
1283560 2384.5
1283570 2387.9
1283580 2391.5
1283590 2391.5
1283600 2394.5
1283610 2398.6
1283620 2398.6
1283630 2402.2
1283640 2406.1
1283650 2408.2
1283660 2412.1
1283670 2414.9
1283680 2414.9
1283690 2416.7
1283700 2418.8
1283710 2418.8
1283720 2422.0
1283730 2425.9
1283740 2425.9
1283750 2429.4
1283760 2431.5
1283770 2433.1
1283780 2433.1
1283790 2435.9
1283800 2439.4
1283810 2439.4
1283820 2443.7
1283830 2448.2
1283840 2448.2
1283850 2452.5
1283860 2456.7
1283870 2456.7
1283880 2461.2
1283890 2465.4
1283900 2465.4
1283910 2465.9
1283920 2467.1
1283930 2467.1
1283940 2471.5
1283950 2474.9
1283960 2474.9
1283970 2477.4
1283980 2478.0
1283990 2478.5
1284000 2478.5
1284010 2480.9
1284020 2485.6
1284030 2485.6
1284040 2488.6
1284050 2492.0
1284060 2492.0
1284070 2496.2
1284080 2500.2
1284090 2500.2
1284100 2502.6
1284110 2504.9
1284120 2504.9
1284130 2507.3
1284140 2510.7
1284150 2510.7
1284160 2514.0
1284170 2516.6
1284180 2516.6
1284190 2520.6
1284200 2525.7
1284210 2525.7
1284220 2529.6
1284230 2532.7
1284240 2536.4
1284250 2536.4
1284260 2543.3
1284270 2547.6
1284280 2545.2
1284290 2549.4
1284300 2552.2
1284310 2552.2
1284320 2554.5
1284330 2554.3
1284340 2554.3
1284350 2555.1
1284360 2555.5
1284370 2555.5
1284380 2555.0
1284390 2555.1
1284400 2555.1
1284410 2558.6
1284420 2564.4
1284430 2564.4
1284440 2571.2
1284450 2577.6
1284460 2577.6
1284470 2584.9
1284480 2591.5
1284490 2598.7
1284500 2598.7
1284510 2608.3
1284520 2624.4
1284530 2624.4
1284540 2631.8
1284550 2635.7
1284560 2635.7
1284570 2638.5
1284580 2642.0
1284590 2642.0
1284600 2647.0
1284610 2652.2
1284620 2652.2
1284630 2658.5
1284640 2663.7
1284650 2663.7
1284660 2666.1
1284670 2667.3
1284680 2667.3
1284690 2666.6
1284700 2668.7
1284710 2670.5
1284720 2670.5
1284730 2672.1
1284740 2674.0
1284750 2674.0
1284760 2674.5
1284770 2674.1
1284780 2674.1
1284790 2675.3
1284800 2676.7
1284810 2676.7
1284820 2676.9
1284830 2678.0
1284840 2678.0
1284850 2679.3
1284860 2680.9
1284870 2680.9
1284880 2682.3
1284890 2682.9
1284900 2682.9
1284910 2690.7
1284920 2689.7
1284930 2689.7
1284940 2690.7
1284950 2691.8
1284960 2692.6
1284970 2692.6
1284980 2691.9
1284990 2692.5
1285000 2692.5
1285010 2696.8
1285020 2698.0
1285030 2698.0
1285040 2698.9
1285050 2700.0
1285060 2700.0
1285070 2698.2
1285080 2696.4
1285090 2696.4
1285100 2694.8
1285110 2691.6
1285120 2691.6
1285130 2689.7
1285140 2687.9
1285150 2687.9
1285160 2685.1
1285170 2680.3
1285180 2680.3
1285190 2673.0
1285200 2667.0
1285210 2665.7
1285220 2665.7
1285230 2664.4
1285240 2666.7
1285250 2666.7
1285260 2669.8
1285270 2666.4
1285280 2666.4
1285290 2660.1
1285300 2650.1
1285310 2650.1
1285320 2643.2
1285330 2642.3
1285340 2642.3
1285350 2643.1
1285360 2643.9
1285370 2643.9
1285380 2644.7
1285390 2645.3
1285400 2645.3
1285410 2645.2
1285420 2644.4
1285430 2643.4
1285440 2643.4
1285450 2642.6
1285460 2640.7
1285470 2640.7
1285480 2638.7
1285490 2638.2
1285500 2638.2
1285510 2638.8
1285520 2640.6
1285530 2640.6
1285540 2641.2
1285550 2634.8
1285560 2634.8
1285570 2631.9
1285580 2630.6
1285590 2630.6
1285600 2631.5
1285610 2632.6
1285620 2632.6
1285630 2632.0
1285640 2634.2
1285650 2634.2
1285660 2636.8
1285670 2639.7
1285680 2642.1
1285690 2642.1
1285700 2644.3
1285710 2646.1
1285720 2646.1
1285730 2649.2
1285740 2653.0
1285750 2653.0
1285760 2657.6
1285770 2661.5
1285780 2661.5
1285790 2665.4
1285800 2668.2
1285810 2668.2
1285820 2670.5
1285830 2673.9
1285840 2673.9
1285850 2678.2
1285860 2682.2
1285870 2682.2
1285880 2685.6
1285890 2688.1
1285900 2689.9
1285910 2689.9
1285920 2691.5
1285930 2692.9
1285940 2692.9
1285950 2694.9
1285960 2695.7
1285970 2695.7
1285980 2697.0
1285990 2699.5
1286000 2699.5
1286010 2701.6
1286020 2702.8
1286030 2702.8
1286040 2703.4
1286050 2702.7
1286060 2702.7
1286070 2696.7
1286080 2690.0
1286090 2690.0
1286100 2684.1
1286110 2678.4
1286120 2678.4
1286130 2674.0
1286140 2666.1
1286150 2652.0
1286160 2652.0
1286170 2636.4
1286180 2618.9
1286190 2611.4
1286200 2600.4
1286210 2593.2
1286220 2593.2
1286230 2585.6
1286240 2578.0
1286250 2578.0
1286260 2570.5
1286270 2563.7
1286280 2563.7
1286290 2557.8
1286300 2552.0
1286310 2552.0
1286320 2545.7
1286330 2538.9
1286340 2538.9
1286350 2532.3
1286360 2526.3
1286370 2526.3
1286380 2520.2
1286390 2514.3
1286400 2509.4
1286410 2509.4
1286420 2505.4
1286430 2500.8
1286440 2500.8
1286450 2498.0
1286460 2497.5
1286470 2497.5
1286480 2497.2
1286490 2497.5
1286500 2497.5
1286510 2500.3
1286520 2504.8
1286530 2504.8
1286540 2510.3
1286550 2516.0
1286560 2516.0
1286570 2521.2
1286580 2517.5
1286590 2517.5
1286600 2501.6
1286610 2488.8
1286620 2477.7
1286630 2477.7
1286640 2468.6
1286650 2458.9
1286660 2458.9
1286670 2450.2
1286680 2442.2
1286690 2442.2
1286700 2434.8
1286710 2427.7
1286720 2427.7
1286730 2420.4
1286740 2413.8
1286750 2413.8
1286760 2408.0
1286770 2403.0
1286780 2403.0
1286790 2396.8
1286800 2391.5
1286810 2391.5
1286820 2385.5
1286830 2381.0
1286840 2381.0
1286850 2375.1
1286860 2370.0
1286870 2367.0
1286880 2367.0
1286890 2365.9
1286900 2365.4
1286910 2365.4
1286920 2365.2
1286930 2364.2
1286940 2364.2
1286950 2363.3
1286960 2362.2
1286970 2362.2
1286980 2360.7
1286990 2359.3
1287000 2359.3
1287010 2358.4
1287020 2357.3
1287030 2357.3
1287040 2356.3
1287050 2355.6
1287060 2355.6
1287070 2355.1
1287080 2354.6
1287090 2354.6
1287100 2351.7
1287110 2350.9
1287120 2351.8
1287130 2351.8
1287140 2353.8
1287150 2356.5
1287160 2356.5
1287170 2358.1
1287180 2357.0
1287190 2357.0
1287200 2357.4
1287210 2361.2
1287220 2361.2
1287230 2363.9
1287240 2368.3
1287250 2368.3
1287260 2373.5
1287270 2377.6
1287280 2377.6
1287290 2380.5
1287300 2383.5
1287310 2383.5
1287320 2384.1
1287330 2384.1
1287340 2385.8
1287350 2385.8
1287360 2387.1
1287370 2388.0
1287380 2388.0
1287390 2388.8
1287400 2387.4
1287410 2387.4
1287420 2389.0
1287430 2394.8
1287440 2394.8
1287450 2395.6
1287460 2394.5
1287470 2394.5
1287480 2402.8
1287490 2405.8
1287500 2405.8
1287510 2408.0
1287520 2406.8
1287530 2406.8
1287540 2407.4
1287550 2412.1
1287560 2412.1
1287570 2417.5
1287580 2422.6
1287590 2426.1
1287600 2426.1
1287610 2430.3
1287620 2433.0
1287630 2433.0
1287640 2437.9
1287650 2443.3
1287660 2443.3
1287670 2445.8
1287680 2446.7
1287690 2446.7
1287700 2448.8
1287710 2450.7
1287720 2450.7
1287730 2452.5
1287740 2453.9
1287750 2453.9
1287760 2455.0
1287770 2457.9
1287780 2457.9
1287790 2461.2
1287800 2465.9
1287810 2472.0
1287820 2472.0
1287830 2475.6
1287840 2475.8
1287850 2475.8
1287860 2475.6
1287870 2475.7
1287880 2475.7
1287890 2474.7
1287900 2476.1
1287910 2476.1
1287920 2478.5
1287930 2480.8
1287940 2480.8
1287950 2482.6
1287960 2484.3
1287970 2484.3
1287980 2486.5
1287990 2490.6
1288000 2490.6
1288010 2494.8
1288020 2499.2
1288030 2499.2
1288040 2501.5
1288050 2505.1
1288060 2508.2
1288070 2508.2
1288080 2512.2
1288090 2520.8
1288100 2520.8
1288110 2531.2
1288120 2539.2
1288130 2539.2
1288140 2545.3
1288150 2552.1
1288160 2552.1
1288170 2556.5
1288180 2558.9
1288190 2558.9
1288200 2558.9
1288210 2559.4
1288220 2559.4
1288230 2560.5
1288240 2561.6
1288250 2561.6
1288260 2560.5
1288270 2558.3
1288280 2558.3
1288290 2556.8
1288300 2555.4
1288310 2556.0
1288320 2556.0
1288330 2557.5
1288340 2558.6
1288350 2558.6
1288360 2560.8
1288370 2565.3
1288380 2565.3
1288390 2569.8
1288400 2573.5
1288410 2573.5
1288420 2576.7
1288430 2580.0
1288440 2580.0
1288450 2582.8
1288460 2585.9
1288470 2585.9
1288480 2589.2
1288490 2594.8
1288500 2594.8
1288510 2598.5
1288520 2597.2
1288530 2587.6
1288540 2587.6
1288550 2578.9
1288560 2572.1
1288570 2572.1
1288580 2565.8
1288590 2561.1
1288600 2561.1
1288610 2556.4
1288620 2551.3
1288630 2551.3
1288640 2547.8
1288650 2543.5
1288660 2543.5
1288670 2537.8
1288680 2531.8
1288690 2531.8
1288700 2528.2
1288710 2527.0
1288720 2527.0
1288730 2524.1
1288740 2521.7
1288750 2521.7
1288760 2519.3
1288770 2520.1
1288780 2518.6
1288790 2518.6
1288800 2518.3
1288810 2518.1
1288820 2518.1
1288830 2516.2
1288840 2509.4
1288850 2509.4
1288860 2500.8
1288870 2495.5
1288880 2495.5
1288890 2491.0
1288900 2486.2
1288910 2486.2
1288920 2482.1
1288930 2477.8
1288940 2477.8
1288950 2474.2
1288960 2471.8
1288970 2471.8
1288980 2469.2
1288990 2467.1
1289000 2467.1
1289010 2463.3
1289020 2453.2
1289030 2444.1
1289040 2444.1
1289050 2435.4
1289060 2429.9
1289070 2429.9
1289080 2425.4
1289090 2421.2
1289100 2421.2
1289110 2416.9
1289120 2412.3
1289130 2412.3
1289140 2408.5
1289150 2405.2
1289160 2405.2
1289170 2401.6
1289180 2399.3
1289190 2399.3
1289200 2398.5
1289210 2399.3
1289220 2399.3
1289230 2399.1
1289240 2399.4
1289250 2401.5
1289260 2401.5
1289270 2405.6
1289280 2410.5
1289290 2410.5
1289300 2417.1
1289310 2427.3
1289320 2427.3
1289330 2424.2
1289340 2412.9
1289350 2412.9
1289360 2400.8
1289370 2394.9
1289380 2394.9
1289390 2392.8
1289400 2385.0
1289410 2385.0
1289420 2382.5
1289430 2367.9
1289440 2367.9
1289450 2358.9
1289460 2351.5
1289470 2351.5
1289480 2344.4
1289490 2337.6
1289500 2330.9
1289510 2330.9
1289520 2323.6
1289530 2316.9
1289540 2316.9
1289550 2310.1
1289560 2303.8
1289570 2303.8
1289580 2297.9
1289590 2292.6
1289600 2292.6
1289610 2287.6
1289620 2283.0
1289630 2283.0
1289640 2278.2
1289650 2273.2
1289660 2273.2
1289670 2268.1
1289680 2262.6
1289690 2262.6
1289700 2257.1
1289710 2251.3
1289720 2244.8
1289730 2244.8
1289740 2240.3
1289750 2238.6
1289760 2238.6
1289770 2236.0
1289780 2233.0
1289790 2233.0
1289800 2230.7
1289810 2228.9
1289820 2228.9
1289830 2227.0
1289840 2224.3
1289850 2224.3
1289860 2221.0
1289870 2218.5
1289880 2218.5
1289890 2216.0
1289900 2214.7
1289910 2214.7
1289920 2213.2
1289930 2210.8
1289940 2210.8
1289950 2209.3
1289960 2207.5
1289970 2205.2
1289980 2205.2
1289990 2202.6
1290000 2200.7
1290010 2200.7
1290020 2199.4
1290030 2197.7
1290040 2197.7
1290050 2197.1
1290060 2196.3
1290070 2197.4
1290080 2196.5
1290090 2197.0
1290100 2197.0
1290110 2198.1
1290120 2199.0
1290130 2199.0
1290140 2199.1
1290150 2198.3
1290160 2198.3
1290170 2197.1
1290180 2196.6
1290190 2196.6
1290200 2196.4
1290210 2195.6
1290220 2194.5
1290230 2194.5
1290240 2192.9
1290250 2191.2
1290260 2191.2
1290270 2189.7
1290280 2188.5
1290290 2188.5
1290300 2186.8
1290310 2185.4
1290320 2185.4
1290330 2184.1
1290340 2183.0
1290350 2183.0
1290360 2181.9
1290370 2180.9
1290380 2180.9
1290390 2179.4
1290400 2179.3
1290410 2179.3
1290420 2180.3
1290430 2181.7
1290440 2182.5
1290450 2182.5
1290460 2183.6
1290470 2185.5
1290480 2185.5
1290490 2187.6
1290500 2189.1
1290510 2189.1
1290520 2189.4
1290530 2188.9
1290540 2188.9
1290550 2187.6
1290560 2186.8
1290570 2186.8
1290580 2187.8
1290590 2189.9
1290600 2189.9
1290610 2189.1
1290620 2180.2
1290630 2180.2
1290640 2172.4
1290650 2166.4
1290660 2166.4
1290670 2161.8
1290680 2157.8
1290690 2153.5
1290700 2153.5
1290710 2150.2
1290720 2147.3
1290730 2146.9
1290740 2144.0
1290750 2141.5
1290760 2141.5
1290770 2140.1
1290780 2138.7
1290790 2138.7
1290800 2138.2
1290810 2138.3
1290820 2138.3
1290830 2140.3
1290840 2143.1
1290850 2143.1
1290860 2147.5
1290870 2150.3
1290880 2150.3
1290890 2151.4
1290900 2153.6
1290910 2157.1
1290920 2157.1
1290930 2156.9
1290940 2153.7
1290950 2153.7
1290960 2150.7
1290970 2148.2
1290980 2148.2
1290990 2146.3
1291000 2143.6
1291010 2143.6
1291020 2139.5
1291030 2137.0
1291040 2137.0
1291050 2134.4
1291060 2133.7
1291070 2133.7
1291080 2127.0
1291090 2122.0
1291100 2122.0
1291110 2125.7
1291120 2129.9
1291130 2129.9
1291140 2130.5
1291150 2131.7
1291160 2137.5
1291170 2137.5
1291180 2144.2
1291190 2150.6
1291200 2150.6
1291210 2157.3
1291220 2163.1
1291230 2163.1
1291240 2167.5
1291250 2171.7
1291260 2171.7
1291270 2175.2
1291280 2178.3
1291290 2178.3
1291300 2181.2
1291310 2185.5
1291320 2185.5
1291330 2190.6
1291340 2195.2
1291350 2195.2
1291360 2198.5
1291370 2197.8
1291380 2198.0
1291390 2198.0
1291400 2200.1
1291410 2203.3
1291420 2203.3
1291430 2208.1
1291440 2213.9
1291450 2213.9
1291460 2217.7
1291470 2218.9
1291480 2218.9
1291490 2219.5
1291500 2220.6
1291510 2220.6
1291520 2222.4
1291530 2223.9
1291540 2223.9
1291550 2225.3
1291560 2227.6
1291570 2227.6
1291580 2232.1
1291590 2237.8
1291600 2237.8
1291610 2245.0
1291620 2250.9
1291630 2254.5
1291640 2254.5
1291650 2257.3
1291660 2260.0
1291670 2260.0
1291680 2262.3
1291690 2264.6
1291700 2264.6
1291710 2267.5
1291720 2270.8
1291730 2270.8
1291740 2273.4
1291750 2275.8
1291760 2275.8
1291770 2276.9
1291780 2277.5
1291790 2277.5
1291800 2277.2
1291810 2278.4
1291820 2278.4
1291830 2279.6
1291840 2282.6
1291850 2282.6
1291860 2286.0
1291870 2288.1
1291880 2287.1
1291890 2287.1
1291900 2286.7
1291910 2285.6
1291920 2285.6
1291930 2284.6
1291940 2284.1
1291950 2284.1
1291960 2283.6
1291970 2283.6
1291980 2283.6
1291990 2283.7
1292000 2284.7
1292010 2284.7
1292020 2286.4
1292030 2286.8
1292040 2291.2
1292050 2290.1
1292060 2290.6
1292070 2290.6
1292080 2292.6
1292090 2293.2
1292100 2293.2
1292110 2296.6
1292120 2300.3
1292130 2303.1
1292140 2303.1
1292150 2304.8
1292160 2306.6
1292170 2306.6
1292180 2308.3
1292190 2309.4
1292200 2309.4
1292210 2311.4
1292220 2313.5
1292230 2313.5
1292240 2314.7
1292250 2317.1
1292260 2317.1
1292270 2318.9
1292280 2319.7
1292290 2319.7
1292300 2317.9
1292310 2312.8
1292320 2312.8
1292330 2310.6
1292340 2310.3
1292350 2309.6
1292360 2309.6
1292370 2307.5
1292380 2305.4
1292390 2305.4
1292400 2301.3
1292410 2297.4
1292420 2297.4
1292430 2295.8
1292440 2295.8
1292450 2295.8
1292460 2295.0
1292470 2294.4
1292480 2294.4
1292490 2295.2
1292500 2295.7
1292510 2295.7
1292520 2296.5
1292530 2296.9
1292540 2296.9
1292550 2297.0
1292560 2296.4
1292570 2296.4
1292580 2296.7
1292590 2298.2
1292600 2299.0
1292610 2299.0
1292620 2298.8
1292630 2298.8
1292640 2298.8
1292650 2298.2
1292660 2297.4
1292670 2297.4
1292680 2296.2
1292690 2296.2
1292700 2300.9
1292710 2302.1
1292720 2304.8
1292730 2304.8
1292740 2307.7
1292750 2309.5
1292760 2309.5
1292770 2310.5
1292780 2311.8
1292790 2311.8
1292800 2313.1
1292810 2315.4
1292820 2319.1
1292830 2319.1
1292840 2323.5
1292850 2329.2
1292860 2329.2
1292870 2336.2
1292880 2343.6
1292890 2343.6
1292900 2350.5
1292910 2357.3
1292920 2357.3
1292930 2364.4
1292940 2372.3
1292950 2372.3
1292960 2380.4
1292970 2384.4
1292980 2384.4
1292990 2380.7
1293000 2376.3
1293010 2376.3
1293020 2372.1
1293030 2369.2
1293040 2369.2
1293050 2366.8
1293060 2364.0
1293070 2362.6
1293080 2362.6
1293090 2360.7
1293100 2357.7
1293110 2357.7
1293120 2354.5
1293130 2351.7
1293140 2351.7
1293150 2348.9
1293160 2346.0
1293170 2346.0
1293180 2343.1
1293190 2339.8
1293200 2339.8
1293210 2337.3
1293220 2335.7
1293230 2335.7
1293240 2334.6
1293250 2334.9
1293260 2334.9
1293270 2334.1
1293280 2331.5
1293290 2331.5
1293300 2328.3
1293310 2325.3
1293320 2321.9
1293330 2321.9
1293340 2318.2
1293350 2314.0
1293360 2314.0
1293370 2305.1
1293380 2300.6
1293390 2300.6
1293400 2295.4
1293410 2290.3
1293420 2290.3
1293430 2286.2
1293440 2283.4
1293450 2283.4
1293460 2280.2
1293470 2275.8
1293480 2275.8
1293490 2271.9
1293500 2268.4
1293510 2268.4
1293520 2264.7
1293530 2261.1
1293540 2258.1
1293550 2258.1
1293560 2256.3
1293570 2256.7
1293580 2256.7
1293590 2257.3
1293600 2257.6
1293610 2257.6
1293620 2259.2
1293630 2259.1
1293640 2259.1
1293650 2257.0
1293660 2255.6
1293670 2255.6
1293680 2255.6
1293690 2257.0
1293700 2257.0
1293710 2257.9
1293720 2257.0
1293730 2257.0
1293740 2255.3
1293750 2252.7
1293760 2252.7
1293770 2249.6
1293780 2246.9
1293790 2244.4
1293800 2244.4
1293810 2241.3
1293820 2238.6
1293830 2238.6
1293840 2236.2
1293850 2233.3
1293860 2233.3
1293870 2230.3
1293880 2227.8
1293890 2227.8
1293900 2225.4
1293910 2221.9
1293920 2221.9
1293930 2218.4
1293940 2214.7
1293950 2214.7
1293960 2212.8
1293970 2211.1
1293980 2211.1
1293990 2210.5
1294000 2209.9
1294010 2209.3
1294020 2209.3
1294030 2209.8
1294040 2210.0
1294050 2210.0
1294060 2210.1
1294070 2210.1
1294080 2210.1
1294090 2210.0
1294100 2210.0
1294110 2210.0
1294120 2210.1
1294130 2209.8
1294140 2209.8
1294150 2209.9
1294160 2209.6
1294170 2209.6
1294180 2208.8
1294190 2207.9
1294200 2207.9
1294210 2206.9
1294220 2205.7
1294230 2205.7
1294240 2203.9
1294250 2201.1
1294260 2193.9
1294270 2193.9
1294280 2186.1
1294290 2179.8
1294300 2179.8
1294310 2173.3
1294320 2167.4
1294330 2167.4
1294340 2161.6
1294350 2156.1
1294360 2156.1
1294370 2150.9
1294380 2146.7
1294390 2146.7
1294400 2142.8
1294410 2139.1
1294420 2139.1
1294430 2135.4
1294440 2132.3
1294450 2132.3
1294460 2129.4
1294470 2126.9
1294480 2126.9
1294490 2124.7
1294500 2121.8
1294510 2118.9
1294520 2118.9
1294530 2116.1
1294540 2113.1
1294550 2113.1
1294560 2110.2
1294570 2107.2
1294580 2107.2
1294590 2104.0
1294600 2100.5
1294610 2100.5
1294620 2097.9
1294630 2096.1
1294640 2096.1
1294650 2094.5
1294660 2092.7
1294670 2092.7
1294680 2090.7
1294690 2089.1
1294700 2089.6
1294710 2087.6
1294720 2085.6
1294730 2083.5
1294740 2083.5
1294750 2081.9
1294760 2081.0
1294770 2081.0
1294780 2080.5
1294790 2079.7
1294800 2079.7
1294810 2078.7
1294820 2077.2
1294830 2077.2
1294840 2075.2
1294850 2071.6
1294860 2071.6
1294870 2062.4
1294880 2053.5
1294890 2053.5
1294900 2047.8
1294910 2041.9
1294920 2041.9
1294930 2037.5
1294940 2034.4
1294950 2034.4
1294960 2033.4
1294970 2033.5
1294980 2034.1
1294990 2034.1
1295000 2034.4
1295010 2033.3
1295020 2033.3
1295030 2031.5
1295040 2031.2
1295050 2031.2
1295060 2033.5
1295070 2035.6
1295080 2035.6
1295090 2035.0
1295100 2033.5
1295110 2033.5
1295120 2032.9
1295130 2034.5
1295140 2034.5
1295150 2035.1
1295160 2031.1
1295170 2031.1
1295180 2026.4
1295190 2024.3
1295200 2021.3
1295210 2021.3
1295220 2019.8
1295230 2019.0
1295240 2019.0
1295250 2016.4
1295260 2014.7
1295270 2014.7
1295280 2013.9
1295290 2013.6
1295300 2013.6
1295310 2013.3
1295320 2012.6
1295330 2012.6
1295340 2011.5
1295350 2010.3
1295360 2010.3
1295370 2009.5
1295380 2008.9
1295390 2008.9
1295400 2008.0
1295410 2006.6
1295420 2006.6
1295430 2005.0
1295440 2002.9
1295450 2001.3
1295460 2001.3
1295470 2000.5
1295480 1998.8
1295490 1998.8
1295500 1995.7
1295510 1993.6
1295520 1993.6
1295530 1992.3
1295540 1991.0
1295550 1991.0
1295560 1989.1
1295570 1986.2
1295580 1986.2
1295590 1983.8
1295600 1980.7
1295610 1980.7
1295620 1977.5
1295630 1975.6
1295640 1975.6
1295650 1974.1
1295660 1973.6
1295670 1973.6
1295680 1972.6
1295690 1971.1
1295700 1970.1
1295710 1970.1
1295720 1969.7
1295730 1968.4
1295740 1968.4
1295750 1971.1
1295760 1974.4
1295770 1974.4
1295780 1976.9
1295790 1978.7
1295800 1978.7
1295810 1980.8
1295820 1984.2
1295830 1984.2
1295840 1987.6
1295850 1990.1
1295860 1990.1
1295870 1992.6
1295880 1994.9
1295890 1994.9
1295900 1997.2
1295910 2000.7
1295920 2003.7
1295930 2003.7
1295940 2008.2
1295950 2012.9
1295960 2012.9
1295970 2016.7
1295980 2020.5
1295990 2020.5
1296000 2024.3
1296010 2028.1
1296020 2028.1
1296030 2031.2
1296040 2030.9
1296050 2030.9
1296060 2033.6
1296070 2036.6
1296080 2036.6
1296090 2039.9
1296100 2043.0
1296110 2043.0
1296120 2045.6
1296130 2047.6
1296140 2047.6
1296150 2049.0
1296160 2050.8
1296170 2053.1
1296180 2053.1
1296190 2055.3
1296200 2059.2
1296210 2059.2
1296220 2064.4
1296230 2068.2
1296240 2068.2
1296250 2071.1
1296260 2074.8
1296270 2074.8
1296280 2078.8
1296290 2082.5
1296300 2082.5
1296310 2085.8
1296320 2088.3
1296330 2088.3
1296340 2089.6
1296350 2090.5
1296360 2090.5
1296370 2091.2
1296380 2091.4
1296390 2091.8
1296400 2091.8
1296410 2092.5
1296420 2092.6
1296430 2092.6
1296440 2093.3
1296450 2094.7
1296460 2094.7
1296470 2096.0
1296480 2097.4
1296490 2097.4
1296500 2099.1
1296510 2101.0
1296520 2101.0
1296530 2103.3
1296540 2105.9
1296550 2105.9
1296560 2107.8
1296570 2109.5
1296580 2109.5
1296590 2111.6
1296600 2113.9
1296610 2113.9
1296620 2117.3
1296630 2121.2
1296640 2124.5
1296650 2124.5
1296660 2127.8
1296670 2130.9
1296680 2130.9
1296690 2133.8
1296700 2137.5
1296710 2137.5
1296720 2143.1
1296730 2147.4
1296740 2147.4
1296750 2151.0
1296760 2154.9
1296770 2154.9
1296780 2158.9
1296790 2162.0
1296800 2162.0
1296810 2164.9
1296820 2167.9
1296830 2167.9
1296840 2171.0
1296850 2175.1
1296860 2175.1
1296870 2179.8
1296880 2184.2
1296890 2188.8
1296900 2188.8
1296910 2193.6
1296920 2198.7
1296930 2198.7
1296940 2203.7
1296950 2208.4
1296960 2208.4
1296970 2213.2
1296980 2218.2
1296990 2218.2
1297000 2223.5
1297010 2229.7
1297020 2229.7
1297030 2235.3
1297040 2241.5
1297050 2241.5
1297060 2247.8
1297070 2253.2
1297080 2253.2
1297090 2257.4
1297100 2259.7
1297110 2261.0
1297120 2261.0
1297130 2263.2
1297140 2267.0
1297150 2267.0
1297160 2270.6
1297170 2273.3
1297180 2273.3
1297190 2276.2
1297200 2279.2
1297210 2279.2
1297220 2283.6
1297230 2288.9
1297240 2288.9
1297250 2294.0
1297260 2298.2
1297270 2298.2
1297280 2301.9
1297290 2305.3
1297300 2305.3
1297310 2307.9
1297320 2309.5
1297330 2309.5
1297340 2311.5
1297350 2314.9
1297360 2318.7
1297370 2318.7
1297380 2323.1
1297390 2327.9
1297400 2327.9
1297410 2331.3
1297420 2333.9
1297430 2333.9
1297440 2335.0
1297450 2336.7
1297460 2336.7
1297470 2339.9
1297480 2343.9
1297490 2343.9
1297500 2347.2
1297510 2350.8
1297520 2350.8
1297530 2354.8
1297540 2359.6
1297550 2359.6
1297560 2364.2
1297570 2369.1
1297580 2374.4
1297590 2374.4
1297600 2380.0
1297610 2385.2
1297620 2385.2
1297630 2388.7
1297640 2391.0
1297650 2391.0
1297660 2394.7
1297670 2396.2
1297680 2396.2
1297690 2396.0
1297700 2397.4
1297710 2397.4
1297720 2399.6
1297730 2405.9
1297740 2405.9
1297750 2411.9
1297760 2417.9
1297770 2417.9
1297780 2422.5
1297790 2424.9
1297800 2424.9
1297810 2424.4
1297820 2429.2
1297830 2436.1
1297840 2436.1
1297850 2439.2
1297860 2437.3
1297870 2437.3
1297880 2439.0
1297890 2444.0
1297900 2444.0
1297910 2450.5
1297920 2457.9
1297930 2457.9
1297940 2465.8
1297950 2472.4
1297960 2472.4
1297970 2475.1
1297980 2475.5
1297990 2475.5
1298000 2474.6
1298010 2475.2
1298020 2475.2
1298030 2475.7
1298040 2476.7
1298050 2476.7
1298060 2478.6
1298070 2489.0
1298080 2490.4
1298090 2490.4
1298100 2490.6
1298110 2491.6
1298120 2491.6
1298130 2492.6
1298140 2493.7
1298150 2493.7
1298160 2495.6
1298170 2498.9
1298180 2498.9
1298190 2502.3
1298200 2506.0
1298210 2506.0
1298220 2509.9
1298230 2512.9
1298240 2512.9
1298250 2517.9
1298260 2524.6
1298270 2524.6
1298280 2532.2
1298290 2539.5
1298300 2546.0
1298310 2546.0
1298320 2552.9
1298330 2560.3
1298340 2560.3
1298350 2567.9
1298360 2573.6
1298370 2573.6
1298380 2573.0
1298390 2570.2
1298400 2570.2
1298410 2565.0
1298420 2553.8
1298430 2553.8
1298440 2543.1
1298450 2533.4
1298460 2533.4
1298470 2523.3
1298480 2516.2
1298490 2516.2
1298500 2510.1
1298510 2496.5
1298520 2496.5
1298530 2483.3
1298540 2474.4
1298550 2466.5
1298560 2466.5
1298570 2458.2
1298580 2453.5
1298590 2453.5
1298600 2447.3
1298610 2440.0
1298620 2440.0
1298630 2435.5
1298640 2432.4
1298650 2432.4
1298660 2430.2
1298670 2427.8
1298680 2427.8
1298690 2425.4
1298700 2420.2
1298710 2420.2
1298720 2415.1
1298730 2410.1
1298740 2410.1
1298750 2404.6
1298760 2397.7
1298770 2394.9
1298780 2394.9
1298790 2392.8
1298800 2391.3
1298810 2391.3
1298820 2390.0
1298830 2389.4
1298840 2389.4
1298850 2387.1
1298860 2380.6
1298870 2380.6
1298880 2374.2
1298890 2370.5
1298900 2370.5
1298910 2368.1
1298920 2366.8
1298930 2366.8
1298940 2364.8
1298950 2361.3
1298960 2361.3
1298970 2356.8
1298980 2354.0
1298990 2354.0
1299000 2351.5
1299010 2350.3
1299020 2350.1
1299030 2350.1
1299040 2350.3
1299050 2350.6
1299060 2350.6
1299070 2352.1
1299080 2355.0
1299090 2355.0
1299100 2357.5
1299110 2358.2
1299120 2358.2
1299130 2357.6
1299140 2354.3
1299150 2354.3
1299160 2348.9
1299170 2344.3
1299180 2344.3
1299190 2340.0
1299200 2336.4
1299210 2336.4
1299220 2332.8
1299230 2328.9
1299240 2328.9
1299250 2325.6
1299260 2322.6
1299270 2319.6
1299280 2319.6
1299290 2316.7
1299300 2314.7
1299310 2314.7
1299320 2311.8
1299330 2306.9
1299340 2306.9
1299350 2302.0
1299360 2298.8
1299370 2298.8
1299380 2297.2
1299390 2296.2
1299400 2296.2
1299410 2295.0
1299420 2293.7
1299430 2293.7
1299440 2291.9
1299450 2291.0
1299460 2291.0
1299470 2290.4
1299480 2289.8
1299490 2289.2
1299500 2289.2
1299510 2288.5
1299520 2287.8
1299530 2287.8
1299540 2287.3
1299550 2286.9
1299560 2286.9
1299570 2286.9
1299580 2287.0
1299590 2287.0
1299600 2287.1
1299610 2287.1
1299620 2287.1
1299630 2287.3
1299640 2287.6
1299650 2287.6
1299660 2287.8
1299670 2288.5
1299680 2288.5
1299690 2289.4
1299700 2290.3
1299710 2290.3
1299720 2291.3
1299730 2292.3
1299740 2293.8
1299750 2293.8
1299760 2295.4
1299770 2297.6
1299780 2297.6
1299790 2301.3
1299800 2304.7
1299810 2304.7
1299820 2307.5
1299830 2311.0
1299840 2311.0
1299850 2315.8
1299860 2319.0
1299870 2319.0
1299880 2316.2
1299890 2312.8
1299900 2312.8
1299910 2308.8
1299920 2300.6
1299930 2300.6
1299940 2293.5
1299950 2289.3
1299960 2285.8
1299970 2285.8
1299980 2283.0
1299990 2280.4
