1280000 1816.8
1280010 1816.8
1280020 1817.7
1280030 1817.9
1280040 1817.9
1280050 1817.9
1280060 1818.5
1280070 1818.5
1280080 1819.3
1280090 1818.6
1280100 1818.6
1280110 1818.0
1280120 1818.4
1280130 1818.4
1280140 1819.6
1280150 1820.5
1280160 1820.5
1280170 1821.3
1280180 1821.1
1280190 1821.1
1280200 1821.0
1280210 1820.5
1280220 1820.5
1280230 1822.0
1280240 1825.0
1280250 1826.4
1280260 1826.4
1280270 1827.8
1280280 1830.0
1280290 1830.0
1280300 1832.9
1280310 1835.5
1280320 1835.5
1280330 1837.9
1280340 1840.8
1280350 1844.0
1280360 1847.2
1280370 1850.1
1280380 1850.1
1280390 1853.1
1280400 1855.6
1280410 1855.6
1280420 1858.0
1280430 1860.4
1280440 1860.4
1280450 1863.4
1280460 1865.9
1280470 1865.9
1280480 1867.4
1280490 1868.5
1280500 1870.0
1280510 1870.0
1280520 1868.8
1280530 1868.3
1280540 1868.3
1280550 1870.8
1280560 1878.1
1280570 1878.1
1280580 1885.2
1280590 1890.6
1280600 1890.6
1280610 1894.2
1280620 1897.3
1280630 1897.3
1280640 1900.4
1280650 1904.2
1280660 1904.2
1280670 1907.0
1280680 1910.4
1280690 1910.4
1280700 1914.1
1280710 1917.7
1280720 1921.2
1280730 1921.2
1280740 1924.3
1280750 1928.4
1280760 1928.4
1280770 1933.1
1280780 1937.2
1280790 1937.2
1280800 1940.9
1280810 1945.0
1280820 1945.0
1280830 1949.1
1280840 1953.6
1280850 1953.6
1280860 1958.2
1280870 1963.4
1280880 1963.4
1280890 1968.5
1280900 1973.5
1280910 1973.5
1280920 1978.2
1280930 1982.8
1280940 1982.8
1280950 1987.0
1280960 1991.2
1280970 1991.4
1280980 1991.4
1280990 1994.1
1281000 1996.6
1281010 1996.6
1281020 1998.6
1281030 2000.2
1281040 2000.2
1281050 2002.0
1281060 2004.8
1281070 2004.8
1281080 2007.4
1281090 2010.3
1281100 2010.3
1281110 2012.5
1281120 2013.6
1281130 2013.6
1281140 2014.0
1281150 2015.2
1281160 2015.2
1281170 2017.6
1281180 2019.3
1281190 2019.3
1281200 2021.1
1281210 2022.6
1281220 2023.3
1281230 2023.3
1281240 2024.3
1281250 2025.1
1281260 2025.1
1281270 2025.2
1281280 2024.5
1281290 2024.5
1281300 2023.4
1281310 2022.5
1281320 2022.5
1281330 2022.5
1281340 2022.8
1281350 2022.8
1281360 2022.1
1281370 2022.4
1281380 2022.4
1281390 2023.3
1281400 2024.5
1281410 2024.5
1281420 2025.0
1281430 2025.9
1281440 2026.2
1281450 2026.2
1281460 2026.0
1281470 2026.2
1281480 2026.2
1281490 2027.5
1281500 2027.8
1281510 2027.8
1281520 2028.0
1281530 2029.1
1281540 2029.1
1281550 2030.9
1281560 2031.3
1281570 2031.3
1281580 2032.2
1281590 2033.3
1281600 2034.3
1281610 2035.0
1281620 2036.3
1281630 2036.3
1281640 2037.6
1281650 2039.3
1281660 2039.3
1281670 2040.7
1281680 2042.0
1281690 2043.7
1281700 2043.7
1281710 2045.3
1281720 2048.3
1281730 2048.3
1281740 2052.6
1281750 2058.4
1281760 2058.4
1281770 2064.3
1281780 2070.7
1281790 2070.7
1281800 2077.5
1281810 2085.0
1281820 2085.0
1281830 2092.5
1281840 2099.4
1281850 2099.4
1281860 2105.8
1281870 2111.4
1281880 2111.4
1281890 2116.7
1281900 2121.9
1281910 2121.9
1281920 2126.5
1281930 2130.8
1281940 2133.1
1281950 2133.1
1281960 2132.9
1281970 2132.9
1281980 2132.9
1281990 2133.3
1282000 2133.6
1282010 2133.6
1282020 2133.9
1282030 2135.0
1282040 2135.0
1282050 2136.1
1282060 2138.0
1282070 2138.0
1282080 2139.4
1282090 2141.0
1282100 2141.0
1282110 2142.4
1282120 2143.9
1282130 2143.9
1282140 2145.8
1282150 2147.9
1282160 2150.1
1282170 2150.1
1282180 2152.0
1282190 2154.1
1282200 2154.1
1282210 2155.8
1282220 2157.0
1282230 2160.4
1282240 2161.9
1282250 2162.9
1282260 2162.9
1282270 2162.8
1282280 2162.1
1282290 2162.1
1282300 2161.1
1282310 2159.7
1282320 2159.7
1282330 2160.2
1282340 2163.9
1282350 2163.9
1282360 2171.6
1282370 2178.2
1282380 2178.2
1282390 2180.4
1282400 2182.7
1282410 2182.9
1282420 2182.9
1282430 2183.3
1282440 2185.1
1282450 2185.1
1282460 2187.5
1282470 2187.8
1282480 2187.8
1282490 2187.5
1282500 2186.0
1282510 2186.0
1282520 2185.8
1282530 2185.9
1282540 2185.9
1282550 2185.7
1282560 2183.9
1282570 2183.9
1282580 2181.0
1282590 2179.6
1282600 2179.6
1282610 2179.8
1282620 2182.5
1282630 2182.5
1282640 2187.0
1282650 2192.2
1282660 2196.8
1282670 2196.8
1282680 2199.7
1282690 2201.5
1282700 2201.5
1282710 2202.5
1282720 2202.4
1282730 2202.4
1282740 2201.9
1282750 2201.0
1282760 2201.0
1282770 2199.6
1282780 2198.5
1282790 2198.5
1282800 2198.8
1282810 2198.9
1282820 2198.9
1282830 2198.8
1282840 2199.0
1282850 2201.8
1282860 2201.7
1282870 2202.0
1282880 2202.8
1282890 2202.8
1282900 2202.9
1282910 2202.9
1282920 2202.9
1282930 2203.0
1282940 2202.8
1282950 2202.8
1282960 2202.6
1282970 2201.9
1282980 2201.9
1282990 2201.0
1283000 2200.5
1283010 2200.5
1283020 2201.2
1283030 2203.2
1283040 2203.2
1283050 2203.8
1283060 2203.3
1283070 2203.3
1283080 2201.6
1283090 2202.8
1283100 2202.8
1283110 2205.5
1283120 2206.3
1283130 2206.6
1283140 2206.6
1283150 2207.6
1283160 2209.3
1283170 2209.3
1283180 2212.8
1283190 2218.1
1283200 2218.1
1283210 2222.7
1283220 2227.4
1283230 2227.4
1283240 2233.5
1283250 2239.3
1283260 2239.3
1283270 2245.9
1283280 2253.2
1283290 2253.2
1283300 2260.3
1283310 2267.4
1283320 2267.4
1283330 2274.5
1283340 2279.9
1283350 2279.9
1283360 2284.3
1283370 2290.0
1283380 2295.3
1283390 2295.3
1283400 2296.9
1283410 2297.5
1283420 2297.5
1283430 2299.8
1283440 2303.0
1283450 2303.0
1283460 2305.8
1283470 2308.8
1283480 2308.8
1283490 2313.2
1283500 2315.2
1283510 2315.2
1283520 2316.8
1283530 2318.6
1283540 2318.6
1283550 2320.2
1283560 2322.2
1283570 2322.2
1283580 2325.1
1283590 2328.7
1283600 2332.9
1283610 2332.9
1283620 2337.6
1283630 2342.3
1283640 2342.3
1283650 2346.3
1283660 2349.6
1283670 2349.6
1283680 2352.6
1283690 2355.5
1283700 2355.5
1283710 2358.8
1283720 2362.9
1283730 2362.9
1283740 2366.7
1283750 2371.5
1283760 2371.5
1283770 2376.1
1283780 2380.0
1283790 2380.0
1283800 2383.4
1283810 2386.9
1283820 2386.9
1283830 2391.2
1283840 2395.1
1283850 2398.4
1283860 2398.4
1283870 2401.9
1283880 2406.6
1283890 2406.6
1283900 2411.1
1283910 2414.1
1283920 2414.1
1283930 2420.1
1283940 2427.8
1283950 2427.8
1283960 2436.9
1283970 2443.6
1283980 2443.6
1283990 2447.0
1284000 2448.9
1284010 2448.9
1284020 2449.9
1284030 2451.1
1284040 2451.1
1284050 2454.5
1284060 2459.2
1284070 2463.9
1284080 2463.9
1284090 2468.8
1284100 2473.8
1284110 2473.8
1284120 2479.3
1284130 2484.0
1284140 2484.0
1284150 2487.9
1284160 2492.5
1284170 2492.5
1284180 2497.5
1284190 2502.3
1284200 2502.3
1284210 2507.1
1284220 2512.0
1284230 2512.0
1284240 2514.5
1284250 2517.4
1284260 2517.4
1284270 2521.6
1284280 2527.6
1284290 2527.6
1284300 2534.6
1284310 2542.0
1284320 2550.6
1284330 2550.6
1284340 2559.1
1284350 2565.0
1284360 2565.0
1284370 2569.7
1284380 2574.7
1284390 2574.7
1284400 2580.3
1284410 2587.7
1284420 2587.7
1284430 2596.0
1284440 2600.9
1284450 2600.9
1284460 2604.2
1284470 2604.0
1284480 2604.0
1284490 2603.8
1284500 2604.5
1284510 2604.5
1284520 2605.5
1284530 2606.8
1284540 2606.8
1284550 2607.3
1284560 2607.6
1284570 2608.7
1284580 2608.7
1284590 2609.9
1284600 2608.9
1284610 2608.9
1284620 2608.1
1284630 2606.6
1284640 2606.6
1284650 2606.8
1284660 2606.8
1284670 2606.8
1284680 2605.1
1284690 2603.9
1284700 2603.9
1284710 2605.3
1284720 2606.5
1284730 2606.5
1284740 2607.0
1284750 2612.3
1284760 2612.3
1284770 2612.5
1284780 2614.5
1284790 2617.2
1284800 2617.2
1284810 2621.3
1284820 2627.5
1284830 2627.5
1284840 2633.1
1284850 2640.4
1284860 2640.4
1284870 2649.4
1284880 2654.7
1284890 2654.7
1284900 2655.7
1284910 2656.5
1284920 2656.5
1284930 2658.7
1284940 2662.4
1284950 2662.4
1284960 2666.2
1284970 2669.6
1284980 2669.6
1284990 2672.2
1285000 2674.0
1285010 2674.0
1285020 2675.1
1285030 2677.1
1285040 2680.2
1285050 2680.2
1285060 2682.7
1285070 2686.1
1285080 2686.1
1285090 2690.1
1285100 2691.5
1285110 2691.5
1285120 2693.4
1285130 2696.0
1285140 2696.0
1285150 2700.0
1285160 2704.8
1285170 2704.8
1285180 2710.1
1285190 2717.3
1285200 2717.3
1285210 2725.0
1285220 2729.8
1285230 2729.8
1285240 2733.8
1285250 2738.8
1285260 2738.8
1285270 2744.0
1285280 2750.2
1285290 2755.1
1285300 2755.1
1285310 2758.8
1285320 2765.3
1285330 2765.3
1285340 2770.1
1285350 2774.3
1285360 2774.3
1285370 2778.1
1285380 2779.3
1285390 2782.9
1285400 2783.4
1285410 2779.9
1285420 2779.9
1285430 2772.1
1285440 2767.9
1285450 2767.9
1285460 2760.7
1285470 2750.2
1285480 2750.2
1285490 2743.9
1285500 2737.8
1285510 2732.2
1285520 2732.2
1285530 2727.9
1285540 2723.6
1285550 2723.6
1285560 2721.6
1285570 2722.4
1285580 2722.4
1285590 2724.2
1285600 2726.1
1285610 2726.1
1285620 2727.7
1285630 2728.9
1285640 2728.9
1285650 2728.6
1285660 2727.9
1285670 2727.9
1285680 2727.4
1285690 2725.7
1285700 2725.7
1285710 2725.6
1285720 2725.5
1285730 2725.5
1285740 2727.2
1285750 2728.4
1285760 2725.1
1285770 2725.1
1285780 2710.5
1285790 2698.1
1285800 2698.1
1285810 2684.0
1285820 2671.3
1285830 2671.3
1285840 2663.2
1285850 2654.5
1285860 2654.5
1285870 2645.2
1285880 2638.1
1285890 2638.1
1285900 2632.5
1285910 2628.3
1285920 2628.3
1285930 2623.5
1285940 2616.5
1285950 2616.5
1285960 2609.0
1285970 2603.6
1285980 2603.6
1285990 2599.5
1286000 2595.4
1286010 2590.8
1286020 2590.8
1286030 2588.9
1286040 2583.5
1286050 2583.5
1286060 2578.0
1286070 2574.1
1286080 2574.1
1286090 2571.3
1286100 2568.0
1286110 2568.0
1286120 2565.6
1286130 2564.3
1286140 2564.3
1286150 2561.4
1286160 2559.7
1286170 2559.7
1286180 2558.1
1286190 2555.9
1286200 2555.9
1286210 2551.9
1286220 2544.2
1286230 2536.7
1286240 2536.7
1286250 2531.4
1286260 2526.8
1286270 2526.8
1286280 2521.9
1286290 2516.0
1286300 2516.0
1286310 2511.0
1286320 2507.6
1286330 2507.6
1286340 2504.2
1286350 2503.1
1286360 2503.1
1286370 2503.2
1286380 2500.1
1286390 2500.1
1286400 2492.7
1286410 2485.3
1286420 2485.3
1286430 2473.5
1286440 2466.5
1286450 2466.5
1286460 2457.0
1286470 2438.6
1286480 2427.5
1286490 2427.5
1286500 2420.9
1286510 2415.4
1286520 2415.4
1286530 2411.4
1286540 2408.3
1286550 2408.3
1286560 2405.8
1286570 2403.3
1286580 2403.3
1286590 2400.9
1286600 2397.8
1286610 2397.8
1286620 2394.0
1286630 2389.5
1286640 2389.5
1286650 2388.5
1286660 2389.0
1286670 2392.7
1286680 2392.5
1286690 2392.8
1286700 2392.8
1286710 2389.9
1286720 2382.3
1286730 2372.1
1286740 2372.1
1286750 2365.1
1286760 2358.1
1286770 2358.1
1286780 2350.8
1286790 2343.4
1286800 2343.4
1286810 2336.1
1286820 2328.8
1286830 2328.8
1286840 2321.4
1286850 2315.5
1286860 2315.5
1286870 2311.2
1286880 2307.5
1286890 2307.5
1286900 2304.3
1286910 2302.5
1286920 2302.5
1286930 2301.4
1286940 2300.8
1286950 2300.3
1286960 2300.3
1286970 2301.8
1286980 2303.0
1286990 2303.0
1287000 2302.2
1287010 2300.7
1287020 2300.7
1287030 2300.0
1287040 2299.0
1287050 2299.0
1287060 2297.6
1287070 2295.3
1287080 2295.3
1287090 2292.7
1287100 2290.8
1287110 2290.8
1287120 2289.4
1287130 2288.4
1287140 2288.4
1287150 2286.5
1287160 2285.5
1287170 2285.5
1287180 2284.3
1287190 2282.4
1287200 2281.1
1287210 2281.1
1287220 2281.0
1287230 2280.1
1287240 2280.1
1287250 2279.2
1287260 2278.8
1287270 2278.8
1287280 2279.5
1287290 2280.5
1287300 2280.5
1287310 2280.8
1287320 2279.9
1287330 2279.9
1287340 2278.5
1287350 2278.7
1287360 2278.7
1287370 2280.1
1287380 2280.9
1287390 2280.9
1287400 2280.6
1287410 2279.7
1287420 2279.3
1287430 2279.3
1287440 2279.8
1287450 2282.6
1287460 2282.6
1287470 2285.0
1287480 2287.2
1287490 2287.2
1287500 2290.5
1287510 2295.8
1287520 2295.8
1287530 2302.1
1287540 2308.2
1287550 2308.2
1287560 2312.3
1287570 2314.7
1287580 2314.7
1287590 2315.4
1287600 2316.6
1287610 2316.6
1287620 2319.4
1287630 2323.3
1287640 2323.3
1287650 2328.7
1287660 2337.5
1287670 2347.7
1287680 2347.7
1287690 2357.3
1287700 2360.8
1287710 2360.8
1287720 2361.3
1287730 2362.8
1287740 2362.8
1287750 2363.9
1287760 2365.2
1287770 2365.2
1287780 2366.6
1287790 2366.5
1287800 2366.5
1287810 2366.2
1287820 2367.4
1287830 2367.4
1287840 2370.9
1287850 2378.3
1287860 2378.3
1287870 2384.9
1287880 2388.7
1287890 2388.7
1287900 2390.1
1287910 2395.7
1287920 2402.2
1287930 2402.2
1287940 2409.6
1287950 2414.0
1287960 2414.1
1287970 2417.0
1287980 2420.1
1287990 2420.1
1288000 2420.7
1288010 2420.9
1288020 2420.9
1288030 2420.0
1288040 2421.4
1288050 2421.4
1288060 2421.8
1288070 2421.6
1288080 2421.6
1288090 2420.9
1288100 2420.3
1288110 2420.3
1288120 2419.2
1288130 2421.2
1288140 2424.4
1288150 2424.4
1288160 2427.1
1288170 2431.3
1288180 2431.3
1288190 2434.1
1288200 2436.2
1288210 2436.2
1288220 2440.4
1288230 2446.2
1288240 2446.2
1288250 2449.8
1288260 2451.6
1288270 2451.6
1288280 2452.9
1288290 2453.1
1288300 2453.1
1288310 2453.2
1288320 2454.6
1288330 2454.6
1288340 2458.8
1288350 2463.2
1288360 2463.2
1288370 2468.5
1288380 2474.2
1288390 2480.1
1288400 2480.1
1288410 2484.3
1288420 2488.1
1288430 2488.1
1288440 2492.6
1288450 2497.7
1288460 2497.7
1288470 2503.1
1288480 2509.1
1288490 2509.1
1288500 2515.6
1288510 2522.9
1288520 2522.9
1288530 2530.6
1288540 2539.6
1288550 2539.6
1288560 2546.8
1288570 2548.1
1288580 2548.1
1288590 2548.8
1288600 2551.1
1288610 2558.1
1288620 2559.8
1288630 2562.3
1288640 2565.9
1288650 2565.9
1288660 2569.8
1288670 2573.8
1288680 2573.8
1288690 2575.4
1288700 2576.3
1288710 2576.3
1288720 2577.1
1288730 2579.8
1288740 2579.8
1288750 2583.2
1288760 2584.2
1288770 2584.2
1288780 2577.0
1288790 2568.7
1288800 2568.7
1288810 2557.4
1288820 2547.9
1288830 2547.9
1288840 2536.6
1288850 2528.7
1288860 2522.3
1288870 2522.3
1288880 2516.5
1288890 2511.2
1288900 2511.2
1288910 2506.9
1288920 2504.1
1288930 2504.1
1288940 2501.7
1288950 2500.2
1288960 2500.2
1288970 2499.1
1288980 2497.7
1288990 2497.7
1289000 2496.9
1289010 2495.7
1289020 2495.7
1289030 2494.6
1289040 2492.9
1289050 2492.9
1289060 2491.2
1289070 2489.7
1289080 2489.7
1289090 2488.1
1289100 2487.4
1289110 2486.2
1289120 2486.2
1289130 2483.5
1289140 2480.1
1289150 2480.1
1289160 2476.0
1289170 2472.9
1289180 2472.9
1289190 2471.1
1289200 2469.3
1289210 2469.3
1289220 2466.6
1289230 2463.9
1289240 2463.9
1289250 2462.9
1289260 2463.9
1289270 2463.9
1289280 2465.4
1289290 2465.1
1289300 2465.1
1289310 2461.9
1289320 2459.0
1289330 2459.0
1289340 2457.0
1289350 2457.3
1289360 2456.7
1289370 2456.7
1289380 2457.7
1289390 2459.3
1289400 2459.3
1289410 2459.4
1289420 2452.3
1289430 2452.3
1289440 2442.0
1289450 2435.0
1289460 2435.0
1289470 2429.0
1289480 2423.4
1289490 2423.4
1289500 2418.6
1289510 2412.7
1289520 2412.7
1289530 2407.3
1289540 2402.3
1289550 2402.3
1289560 2397.6
1289570 2392.1
1289580 2385.5
1289590 2385.5
1289600 2376.0
1289610 2368.1
1289620 2368.1
1289630 2361.8
1289640 2355.5
1289650 2355.5
1289660 2348.3
1289670 2341.7
1289680 2341.7
1289690 2335.1
1289700 2328.0
1289710 2328.0
1289720 2321.9
1289730 2315.6
1289740 2315.6
1289750 2309.5
1289760 2302.4
1289770 2302.4
1289780 2294.3
1289790 2286.2
1289800 2286.2
1289810 2278.8
1289820 2272.0
1289830 2264.4
1289840 2264.4
1289850 2255.4
1289860 2248.4
1289870 2248.4
1289880 2243.2
1289890 2238.0
1289900 2238.0
1289910 2234.5
1289920 2232.9
1289930 2232.9
1289940 2230.5
1289950 2228.1
1289960 2228.1
1289970 2226.1
1289980 2224.3
1289990 2224.3
1290000 2222.8
1290010 2221.8
1290020 2221.8
1290030 2220.3
1290040 2217.2
1290050 2212.7
1290060 2212.7
1290070 2209.8
1290080 2207.1
1290090 2207.1
1290100 2205.6
1290110 2204.5
1290120 2204.5
1290130 2203.4
1290140 2202.0
1290150 2202.0
1290160 2200.2
1290170 2198.6
1290180 2198.6
1290190 2196.9
1290200 2194.5
1290210 2194.5
1290220 2190.5
1290230 2186.6
1290240 2186.6
1290250 2183.9
1290260 2181.8
1290270 2181.8
1290280 2179.6
1290290 2177.7
1290300 2176.2
1290310 2176.2
1290320 2174.6
1290330 2172.6
1290340 2172.6
1290350 2171.4
1290360 2171.1
1290370 2171.1
1290380 2170.5
1290390 2169.4
1290400 2169.4
1290410 2168.6
1290420 2168.3
1290430 2168.3
1290440 2168.4
1290450 2169.0
1290460 2169.0
1290470 2169.7
1290480 2169.9
1290490 2169.9
1290500 2169.7
1290510 2169.0
1290520 2169.0
1290530 2167.4
1290540 2164.1
1290550 2158.8
1290560 2159.3
1290570 2153.5
1290580 2149.1
1290590 2149.1
1290600 2144.6
1290610 2140.0
1290620 2140.0
1290630 2133.5
1290640 2123.9
1290650 2123.9
1290660 2115.7
1290670 2107.8
1290680 2107.8
1290690 2103.1
1290700 2100.6
1290710 2100.6
1290720 2100.6
1290730 2102.1
1290740 2102.1
1290750 2102.0
1290760 2097.4
1290770 2092.0
1290780 2092.0
1290790 2087.1
1290800 2082.7
1290810 2082.7
1290820 2079.2
1290830 2074.5
1290840 2074.5
1290850 2069.7
1290860 2065.8
1290870 2065.8
1290880 2062.4
1290890 2060.6
1290900 2060.6
1290910 2059.5
1290920 2059.1
1290930 2059.1
1290940 2059.2
1290950 2059.4
1290960 2059.4
1290970 2060.3
1290980 2061.1
1290990 2061.1
1291000 2062.4
1291010 2066.5
1291020 2073.8
1291030 2073.8
1291040 2077.4
1291050 2079.9
1291060 2079.9
1291070 2081.8
1291080 2085.2
1291090 2085.2
1291100 2086.4
1291110 2086.2
1291120 2086.2
1291130 2085.8
1291140 2085.0
1291150 2085.0
1291160 2084.0
1291170 2085.2
1291180 2085.2
1291190 2087.1
1291200 2087.8
1291210 2087.8
1291220 2084.9
1291230 2083.3
1291240 2083.3
1291250 2082.1
1291260 2080.4
1291270 2077.8
1291280 2077.8
1291290 2075.6
1291300 2074.4
1291310 2074.4
1291320 2073.7
1291330 2072.4
1291340 2072.4
1291350 2072.7
1291360 2075.8
1291370 2075.8
1291380 2079.5
1291390 2085.2
1291400 2085.2
1291410 2088.7
1291420 2091.8
1291430 2091.8
1291440 2094.0
1291450 2098.4
1291460 2098.4
1291470 2104.2
1291480 2108.9
1291490 2113.8
1291500 2113.8
1291510 2117.3
1291520 2121.4
1291530 2121.4
1291540 2125.8
1291550 2130.5
1291560 2130.5
1291570 2135.1
1291580 2139.2
1291590 2139.2
1291600 2143.2
1291610 2149.1
1291620 2149.1
1291630 2155.4
1291640 2161.2
1291650 2161.2
1291660 2167.8
1291670 2178.2
1291680 2178.2
1291690 2191.2
1291700 2198.6
1291710 2198.6
1291720 2201.4
1291730 2203.7
1291740 2203.8
1291750 2203.8
1291760 2205.3
1291770 2206.5
1291780 2206.5
1291790 2206.9
1291800 2208.6
1291810 2208.6
1291820 2210.6
1291830 2209.7
1291840 2209.7
1291850 2206.4
1291860 2203.9
1291870 2214.9
1291880 2217.0
1291890 2219.1
1291900 2219.1
1291910 2219.8
1291920 2218.6
1291930 2218.6
1291940 2221.3
1291950 2224.5
1291960 2224.5
1291970 2227.1
1291980 2228.1
1291990 2228.7
1292000 2228.7
1292010 2228.3
1292020 2227.4
1292030 2227.4
1292040 2227.1
1292050 2228.7
1292060 2228.7
1292070 2231.1
1292080 2234.5
1292090 2234.5
1292100 2238.2
1292110 2240.0
1292120 2240.0
1292130 2239.3
1292140 2237.6
1292150 2237.6
1292160 2237.4
1292170 2237.8
1292180 2237.8
1292190 2238.0
1292200 2236.9
1292210 2235.2
1292220 2235.2
1292230 2234.0
1292240 2234.2
1292250 2234.2
1292260 2235.3
1292270 2236.7
1292280 2236.7
1292290 2238.4
1292300 2239.8
1292310 2239.8
1292320 2242.3
1292330 2243.9
1292340 2243.9
1292350 2243.0
1292360 2241.6
1292370 2241.6
1292380 2239.7
1292390 2238.8
1292400 2238.8
1292410 2238.6
1292420 2238.9
1292430 2238.9
1292440 2239.8
1292450 2241.3
1292460 2245.2
1292470 2245.2
1292480 2250.0
1292490 2255.5
1292500 2255.5
1292510 2257.8
1292520 2258.5
1292530 2258.5
1292540 2261.3
1292550 2262.8
1292560 2262.8
1292570 2264.4
1292580 2266.0
1292590 2266.0
1292600 2269.6
1292610 2274.6
1292620 2274.6
1292630 2281.0
1292640 2287.2
1292650 2287.2
1292660 2293.5
1292670 2300.8
1292680 2309.0
1292690 2309.0
1292700 2317.6
1292710 2325.4
1292720 2325.4
1292730 2331.8
1292740 2339.5
1292750 2339.5
1292760 2347.3
1292770 2354.9
1292780 2354.9
1292790 2360.6
1292800 2367.1
1292810 2367.1
1292820 2372.5
1292830 2377.8
1292840 2377.8
1292850 2383.8
1292860 2389.2
1292870 2389.2
1292880 2396.6
1292890 2403.3
1292900 2403.3
1292910 2409.7
1292920 2415.5
1292930 2420.8
1292940 2420.8
1292950 2423.9
1292960 2426.7
1292970 2426.7
1292980 2431.6
1292990 2436.6
1293000 2436.6
1293010 2439.1
1293020 2438.8
1293030 2438.8
1293040 2434.0
1293050 2427.1
1293060 2427.1
1293070 2420.0
1293080 2412.1
1293090 2412.1
1293100 2403.0
1293110 2396.6
1293120 2396.6
1293130 2391.3
1293140 2386.2
1293150 2386.2
1293160 2382.1
1293170 2378.2
1293180 2373.5
1293190 2373.5
1293200 2363.7
1293210 2358.4
1293220 2358.4
1293230 2353.0
1293240 2347.9
1293250 2347.9
1293260 2342.9
1293270 2338.2
1293280 2338.2
1293290 2334.2
1293300 2330.7
1293310 2330.7
1293320 2327.5
1293330 2324.2
1293340 2324.2
1293350 2320.5
1293360 2317.6
1293370 2317.6
1293380 2315.0
1293390 2312.1
1293400 2308.3
1293410 2308.3
1293420 2303.5
1293430 2297.4
1293440 2297.4
1293450 2292.3
1293460 2287.1
1293470 2287.1
1293480 2283.4
1293490 2280.5
1293500 2280.5
1293510 2279.6
1293520 2279.3
1293530 2279.3
1293540 2279.3
1293550 2279.8
1293560 2279.8
1293570 2280.6
1293580 2281.4
1293590 2281.4
1293600 2281.8
1293610 2281.9
1293620 2281.9
1293630 2281.1
1293640 2279.6
1293650 2277.2
1293660 2277.2
1293670 2274.9
1293680 2272.3
1293690 2272.3
1293700 2268.7
1293710 2265.4
1293720 2265.4
1293730 2263.0
1293740 2261.0
1293750 2261.0
1293760 2258.7
1293770 2257.0
1293780 2257.0
1293790 2254.9
1293800 2252.0
1293810 2252.0
1293820 2248.3
1293830 2244.3
1293840 2244.3
1293850 2241.8
1293860 2240.1
1293870 2240.1
1293880 2238.6
1293890 2237.0
1293900 2236.0
1293910 2236.0
1293920 2235.2
1293930 2234.3
1293940 2234.3
1293950 2233.0
1293960 2231.0
1293970 2231.0
1293980 2228.8
1293990 2227.6
1294000 2227.6
1294010 2226.6
1294020 2225.1
1294030 2225.1
1294040 2222.8
1294050 2219.7
1294060 2219.7
1294070 2216.2
1294080 2213.7
1294090 2213.7
1294100 2211.8
1294110 2210.0
1294120 2208.7
1294130 2208.7
1294140 2207.6
1294150 2207.5
1294160 2207.5
1294170 2208.0
1294180 2207.0
1294190 2207.0
1294200 2204.5
1294210 2202.0
1294220 2202.0
1294230 2200.0
1294240 2198.0
1294250 2198.0
1294260 2194.4
1294270 2190.1
1294280 2190.1
1294290 2185.2
1294300 2180.8
1294310 2180.8
1294320 2177.7
1294330 2176.0
1294340 2176.0
1294350 2175.1
1294360 2175.0
1294370 2176.5
1294380 2176.5
1294390 2178.7
1294400 2180.5
1294410 2180.5
1294420 2179.9
1294430 2176.9
1294440 2176.9
1294450 2172.6
1294460 2169.1
1294470 2169.1
1294480 2163.9
1294490 2158.2
1294500 2158.2
1294510 2154.5
1294520 2149.7
1294530 2155.6
1294540 2145.5
1294550 2136.4
1294560 2136.4
1294570 2130.6
1294580 2124.5
1294590 2117.2
1294600 2117.2
1294610 2110.3
1294620 2104.1
1294630 2104.1
1294640 2098.6
1294650 2093.7
1294660 2093.7
1294670 2089.7
1294680 2086.5
1294690 2086.5
1294700 2083.6
1294710 2080.2
1294720 2080.2
1294730 2076.9
1294740 2073.5
1294750 2073.5
1294760 2069.5
1294770 2064.9
1294780 2064.9
1294790 2059.6
1294800 2054.3
1294810 2054.3
1294820 2048.9
1294830 2042.9
1294840 2036.8
1294850 2036.8
1294860 2030.9
1294870 2025.9
1294880 2025.9
1294890 2019.4
1294900 2016.1
1294910 2016.1
1294920 2011.4
1294930 2005.7
1294940 2005.7
1294950 2000.4
1294960 1997.1
1294970 1997.1
1294980 1995.1
1294990 1995.2
1295000 1995.2
1295010 1997.5
1295020 1999.5
1295030 1999.5
1295040 2000.9
1295050 2001.0
1295060 2001.0
1295070 2000.4
1295080 2000.0
1295090 2001.6
1295100 2001.6
1295110 2002.6
1295120 2001.5
1295130 2001.5
1295140 2002.4
1295150 2003.6
1295160 2003.6
1295170 2004.4
1295180 2006.9
1295190 2006.9
1295200 2006.5
1295210 2007.1
1295220 2007.1
1295230 2007.1
1295240 2007.2
1295250 2007.2
1295260 2005.8
1295270 2005.6
1295280 2005.6
1295290 2004.8
1295300 2004.8
1295310 2004.9
1295320 2004.9
1295330 2006.2
1295340 2006.6
1295350 2006.6
1295360 2005.6
1295370 2003.7
1295380 2003.7
1295390 2000.2
1295400 1997.1
1295410 1997.1
1295420 1997.0
1295430 1994.5
1295440 1994.5
1295450 1992.2
1295460 1992.3
1295470 1992.3
1295480 1992.5
1295490 1993.0
1295500 1993.0
1295510 1994.0
1295520 1994.6
1295530 1994.6
1295540 1995.1
1295550 1994.5
1295560 1993.3
1295570 1993.3
1295580 1991.1
1295590 1987.5
1295600 1987.5
1295610 1983.5
1295620 1979.6
1295630 1979.6
1295640 1975.7
1295650 1972.0
1295660 1972.0
1295670 1968.3
1295680 1964.7
1295690 1964.7
1295700 1962.4
1295710 1961.0
1295720 1961.0
1295730 1959.7
1295740 1958.0
1295750 1958.0
1295760 1956.7
1295770 1956.8
1295780 1956.8
1295790 1955.6
1295800 1947.9
1295810 1932.7
1295820 1932.7
1295830 1932.7
1295840 1946.5
1295850 1946.5
1295860 1960.9
1295870 1969.6
1295880 1969.6
1295890 1971.0
1295900 1970.7
1295910 1970.7
1295920 1971.2
1295930 1972.4
1295940 1972.4
1295950 1975.8
1295960 1978.5
1295970 1978.5
1295980 1978.3
1295990 1974.6
1296000 1974.6
1296010 1968.7
1296020 1955.5
1296030 1941.0
1296040 1941.0
1296050 1936.2
1296060 1939.4
1296070 1939.4
1296080 1942.4
1296090 1943.3
1296100 1943.3
1296110 1944.1
1296120 1942.1
1296130 1942.1
1296140 1945.1
1296150 1944.6
1296160 1944.6
1296170 1944.8
1296180 1948.0
1296190 1948.0
1296200 1949.9
1296210 1954.1
1296220 1954.1
1296230 1958.8
1296240 1962.1
1296250 1962.1
1296260 1963.3
1296270 1964.4
1296280 1964.8
1296290 1964.8
1296300 1967.7
1296310 1971.8
1296320 1971.8
1296330 1975.1
1296340 1979.6
1296350 1979.6
1296360 1984.5
1296370 1991.1
1296380 1991.1
1296390 1996.5
1296400 2000.2
1296410 2000.2
1296420 2004.4
1296430 2008.4
1296440 2008.4
1296450 2013.0
1296460 2019.1
1296470 2019.1
1296480 2025.8
1296490 2032.9
1296500 2040.1
1296510 2040.1
1296520 2047.3
1296530 2053.9
1296540 2053.9
1296550 2062.7
1296560 2070.6
1296570 2070.6
1296580 2079.4
1296590 2086.0
1296600 2086.0
1296610 2094.9
1296620 2100.5
1296630 2100.5
1296640 2106.0
1296650 2111.5
1296660 2111.5
1296670 2115.0
1296680 2120.1
1296690 2120.1
1296700 2125.1
1296710 2129.1
1296720 2129.1
1296730 2132.5
1296740 2136.1
1296750 2138.4
1296760 2138.4
1296770 2140.5
1296780 2142.9
1296790 2142.9
1296800 2147.1
1296810 2154.7
1296820 2154.7
1296830 2161.4
1296840 2165.3
1296850 2165.3
1296860 2170.6
1296870 2174.9
1296880 2174.9
1296890 2180.8
1296900 2187.4
1296910 2187.4
1296920 2193.7
1296930 2197.5
1296940 2197.5
1296950 2201.0
1296960 2205.0
1296970 2205.0
1296980 2208.7
1296990 2211.9
1297000 2214.0
1297010 2214.0
1297020 2214.0
1297030 2212.8
1297040 2212.8
1297050 2210.9
1297060 2210.5
1297070 2210.5
1297080 2210.2
1297090 2209.4
1297100 2209.4
1297110 2209.7
1297120 2210.4
1297130 2210.4
1297140 2211.6
1297150 2213.0
1297160 2213.0
1297170 2214.9
1297180 2216.7
1297190 2216.7
1297200 2218.1
1297210 2220.3
1297220 2223.7
1297230 2223.7
1297240 2225.3
1297250 2228.0
1297260 2228.0
1297270 2231.7
1297280 2235.5
1297290 2235.5
1297300 2238.7
1297310 2240.5
1297320 2240.5
1297330 2241.2
1297340 2241.3
1297350 2241.3
1297360 2242.2
1297370 2245.9
1297380 2245.9
1297390 2250.9
1297400 2255.0
1297410 2255.0
1297420 2257.3
1297430 2258.5
1297440 2258.5
1297450 2256.3
1297460 2256.9
1297470 2259.3
1297480 2259.3
1297490 2261.9
1297500 2265.2
1297510 2265.2
1297520 2268.8
1297530 2272.5
1297540 2272.5
1297550 2275.2
1297560 2277.6
1297570 2277.6
1297580 2280.8
1297590 2283.7
1297600 2283.7
1297610 2285.8
1297620 2288.7
1297630 2288.7
1297640 2292.8
1297650 2297.6
1297660 2297.6
1297670 2302.8
1297680 2308.3
1297690 2314.4
1297700 2314.4
1297710 2322.3
1297720 2328.8
1297730 2328.8
1297740 2335.5
1297750 2341.7
1297760 2341.7
1297770 2346.8
1297780 2351.1
1297790 2351.1
1297800 2354.3
1297810 2357.0
1297820 2357.0
1297830 2359.4
1297840 2361.7
1297850 2361.7
1297860 2363.7
1297870 2364.0
1297880 2364.0
1297890 2362.1
1297900 2363.6
1297910 2363.6
1297920 2364.8
1297930 2365.3
1297940 2366.0
1297950 2366.0
1297960 2368.8
1297970 2371.8
1297980 2371.8
1297990 2374.7
1298000 2376.8
1298010 2376.8
1298020 2378.0
1298030 2378.8
1298040 2378.8
1298050 2378.8
1298060 2377.9
1298070 2377.9
1298080 2378.7
1298090 2379.8
1298100 2379.8
1298110 2380.1
1298120 2380.1
1298130 2380.1
1298140 2380.8
1298150 2382.4
1298160 2382.4
1298170 2385.2
1298180 2389.0
1298190 2393.2
1298200 2393.2
1298210 2397.3
1298220 2401.7
1298230 2401.7
1298240 2406.1
1298250 2410.4
1298260 2410.4
1298270 2414.9
1298280 2420.1
1298290 2420.1
1298300 2426.6
1298310 2433.8
1298320 2433.8
1298330 2440.4
1298340 2446.1
1298350 2446.1
1298360 2451.8
1298370 2457.6
1298380 2457.6
1298390 2463.5
1298400 2470.6
1298410 2477.1
1298420 2477.1
1298430 2483.1
1298440 2488.2
1298450 2488.2
1298460 2492.0
1298470 2489.4
1298480 2489.4
1298490 2483.3
1298500 2476.5
1298510 2476.5
1298520 2468.9
1298530 2463.2
1298540 2463.2
1298550 2459.9
1298560 2458.9
1298570 2458.9
1298580 2466.6
1298590 2466.3
1298600 2466.3
1298610 2466.0
1298620 2464.4
1298630 2464.4
1298640 2462.5
1298650 2461.4
1298660 2460.3
1298670 2460.3
1298680 2458.2
1298690 2454.3
1298700 2454.3
1298710 2447.3
1298720 2439.4
1298730 2439.4
1298740 2431.7
1298750 2424.0
1298760 2424.0
1298770 2417.7
1298780 2412.7
1298790 2412.7
1298800 2408.5
1298810 2405.3
1298820 2405.3
1298830 2403.1
1298840 2401.7
1298850 2401.7
1298860 2399.8
1298870 2398.4
1298880 2398.6
1298890 2398.6
1298900 2399.9
1298910 2400.5
1298920 2400.5
1298930 2399.6
1298940 2398.8
1298950 2398.8
1298960 2398.4
1298970 2398.9
1298980 2398.9
1298990 2399.5
1299000 2400.3
1299010 2400.3
1299020 2400.8
1299030 2401.5
1299040 2401.5
1299050 2402.9
1299060 2404.7
1299070 2404.7
1299080 2407.3
1299090 2411.1
1299100 2411.1
1299110 2415.2
1299120 2418.2
1299130 2420.1
1299140 2420.1
1299150 2420.5
1299160 2418.7
1299170 2418.7
1299180 2416.8
1299190 2416.5
1299200 2416.5
1299210 2416.2
1299220 2414.0
1299230 2414.0
1299240 2414.0
1299250 2414.3
1299260 2414.3
1299270 2408.1
1299280 2404.1
1299290 2404.1
1299300 2401.0
1299310 2394.3
1299320 2394.3
1299330 2382.9
1299340 2375.3
1299350 2375.3
1299360 2369.8
1299370 2358.6
1299380 2350.6
1299390 2350.6
1299400 2343.3
1299410 2336.8
1299420 2336.8
1299430 2331.9
1299440 2328.5
1299450 2328.5
1299460 2327.0
1299470 2326.9
1299480 2326.9
1299490 2325.8
1299500 2324.8
1299510 2324.8
1299520 2320.5
1299530 2313.9
1299540 2313.9
1299550 2308.4
1299560 2304.8
1299570 2304.8
1299580 2305.2
1299590 2304.3
1299600 2303.9
1299610 2303.9
1299620 2302.8
1299630 2301.8
1299640 2301.8
1299650 2301.7
1299660 2301.9
1299670 2301.9
1299680 2302.4
1299690 2302.9
1299700 2302.9
1299710 2303.4
1299720 2304.1
1299730 2304.1
1299740 2304.9
1299750 2305.9
1299760 2305.9
1299770 2306.5
1299780 2306.7
1299790 2306.7
1299800 2306.7
1299810 2306.3
1299820 2306.3
1299830 2306.1
1299840 2306.4
1299850 2307.0
1299860 2307.0
1299870 2307.8
1299880 2308.5
1299890 2308.5
1299900 2309.0
1299910 2309.1
1299920 2309.1
1299930 2309.8
1299940 2310.8
1299950 2309.0
1299960 2309.9
1299970 2309.7
1299980 2309.7
1299990 2308.8
