1280000 1912.4
1280010 1912.9
1280020 1914.4
1280030 1914.4
1280040 1916.8
1280050 1918.8
1280060 1918.8
1280070 1920.8
1280080 1922.6
1280090 1922.6
1280100 1923.9
1280110 1924.5
1280120 1924.5
1280130 1925.0
1280140 1926.9
1280150 1929.2
1280160 1929.2
1280170 1930.9
1280180 1932.1
1280190 1932.1
1280200 1933.4
1280210 1934.8
1280220 1934.8
1280230 1935.0
1280240 1935.1
1280250 1935.1
1280260 1936.1
1280270 1938.1
1280280 1938.1
1280290 1939.3
1280300 1933.3
1280310 1933.3
1280320 1932.5
1280330 1931.9
1280340 1931.9
1280350 1931.6
1280360 1932.0
1280370 1932.0
1280380 1931.9
1280390 1932.6
1280400 1933.6
1280410 1933.6
1280420 1934.1
1280430 1934.1
1280440 1934.1
1280450 1933.7
1280460 1933.2
1280470 1933.2
1280480 1933.6
1280490 1934.5
1280500 1934.5
1280510 1935.0
1280520 1936.5
1280530 1936.5
1280540 1939.2
1280550 1941.6
1280560 1941.6
1280570 1944.3
1280580 1946.5
1280590 1946.5
1280600 1948.8
1280610 1950.9
1280620 1950.9
1280630 1951.9
1280640 1953.3
1280650 1954.6
1280660 1954.6
1280670 1955.8
1280680 1957.8
1280690 1957.8
1280700 1959.8
1280710 1961.4
1280720 1961.4
1280730 1962.5
1280740 1963.8
1280750 1963.8
1280760 1964.8
1280770 1965.8
1280780 1965.8
1280790 1965.8
1280800 1965.7
1280810 1965.7
1280820 1965.6
1280830 1964.1
1280840 1964.1
1280850 1962.0
1280860 1960.1
1280870 1959.1
1280880 1959.1
1280890 1957.4
1280900 1955.4
1280910 1955.4
1280920 1951.3
1280930 1952.3
1280940 1952.3
1280950 1953.8
1280960 1954.6
1280970 1954.6
1280980 1956.3
1280990 1960.5
1281000 1960.5
1281010 1964.7
1281020 1969.0
1281030 1969.0
1281040 1971.9
1281050 1973.0
1281060 1973.0
1281070 1974.6
1281080 1974.8
1281090 1974.8
1281100 1974.6
1281110 1975.0
1281120 1976.2
1281130 1976.2
1281140 1977.7
1281150 1978.2
1281160 1978.2
1281170 1978.1
1281180 1978.0
1281190 1978.0
1281200 1977.9
1281210 1978.2
1281220 1978.2
1281230 1979.4
1281240 1979.9
1281250 1979.9
1281260 1980.5
1281270 1982.2
1281280 1982.2
1281290 1983.8
1281300 1985.9
1281310 1985.9
1281320 1987.5
1281330 1987.5
1281340 1987.5
1281350 1987.9
1281360 1990.0
1281370 1992.0
1281380 1992.0
1281390 1994.1
1281400 1995.5
1281410 1995.5
1281420 1996.8
1281430 1997.9
1281440 1997.9
1281450 1999.3
1281460 2000.8
1281470 2000.8
1281480 2002.9
1281490 2004.9
1281500 2004.9
1281510 2006.8
1281520 2008.6
1281530 2008.6
1281540 2011.0
1281550 2009.8
1281560 2009.8
1281570 2011.8
1281580 2015.4
1281590 2019.0
1281600 2019.0
1281610 2020.6
1281620 2019.2
1281630 2019.2
1281640 2018.1
1281650 2017.6
1281660 2017.6
1281670 2018.6
1281680 2019.8
1281690 2019.8
1281700 2020.8
1281710 2021.2
1281720 2021.2
1281730 2022.3
1281740 2026.3
1281750 2026.3
1281760 2028.9
1281770 2031.2
1281780 2031.2
1281790 2031.7
1281800 2031.9
1281810 2031.9
1281820 2034.5
1281830 2038.0
1281840 2045.6
1281850 2045.6
1281860 2056.2
1281870 2067.6
1281880 2067.6
1281890 2074.5
1281900 2079.9
1281910 2079.9
1281920 2083.6
1281930 2085.9
1281940 2085.9
1281950 2086.9
1281960 2086.9
1281970 2086.9
1281980 2085.7
1281990 2085.4
1282000 2085.4
1282010 2086.4
1282020 2086.4
1282030 2086.4
1282040 2086.2
1282050 2086.6
1282060 2086.6
1282070 2087.6
1282080 2089.8
1282090 2095.0
1282100 2095.0
1282110 2100.1
1282120 2103.4
1282130 2103.4
1282140 2104.8
1282150 2106.0
1282160 2106.0
1282170 2107.1
1282180 2103.8
1282190 2103.8
1282200 2105.0
1282210 2106.1
1282220 2106.1
1282230 2107.3
1282240 2108.6
1282250 2108.6
1282260 2109.5
1282270 2110.5
1282280 2110.5
1282290 2111.7
1282300 2113.1
1282310 2114.6
1282320 2114.6
1282330 2115.7
1282340 2117.3
1282350 2117.3
1282360 2118.4
1282370 2119.3
1282380 2119.3
1282390 2120.3
1282400 2121.7
1282410 2121.7
1282420 2123.1
1282430 2124.5
1282440 2124.5
1282450 2126.1
1282460 2127.5
1282470 2127.5
1282480 2129.3
1282490 2130.3
1282500 2130.3
1282510 2132.5
1282520 2135.0
1282530 2135.0
1282540 2137.0
1282550 2139.0
1282560 2142.3
1282570 2142.3
1282580 2145.1
1282590 2148.0
1282600 2148.0
1282610 2150.2
1282620 2153.1
1282630 2153.1
1282640 2156.5
1282650 2160.1
1282660 2160.1
1282670 2164.1
1282680 2167.9
1282690 2167.9
1282700 2171.1
1282710 2174.9
1282720 2174.9
1282730 2178.4
1282740 2182.5
1282750 2182.5
1282760 2186.7
1282770 2190.9
1282780 2190.9
1282790 2195.0
1282800 2199.0
1282810 2197.6
1282820 2197.6
1282830 2202.3
1282840 2207.4
1282850 2207.4
1282860 2211.6
1282870 2215.7
1282880 2215.7
1282890 2220.5
1282900 2225.3
1282910 2225.3
1282920 2231.1
1282930 2238.0
1282940 2238.0
1282950 2243.9
1282960 2252.1
1282970 2252.1
1282980 2261.4
1282990 2267.9
1283000 2267.9
1283010 2273.6
1283020 2279.8
1283030 2285.7
1283040 2285.7
1283050 2290.5
1283060 2294.8
1283070 2294.8
1283080 2299.0
1283090 2303.6
1283100 2303.6
1283110 2308.5
1283120 2314.1
1283130 2314.1
1283140 2320.1
1283150 2326.0
1283160 2326.0
1283170 2331.3
1283180 2337.0
1283190 2337.0
1283200 2342.3
1283210 2348.0
1283220 2348.0
1283230 2354.5
1283240 2360.0
1283250 2360.0
1283260 2366.6
1283270 2370.4
1283280 2375.9
1283290 2375.9
1283300 2381.4
1283310 2387.0
1283320 2387.0
1283330 2393.3
1283340 2397.9
1283350 2397.9
1283360 2403.4
1283370 2409.7
1283380 2409.7
1283390 2415.1
1283400 2420.5
1283410 2420.5
1283420 2425.2
1283430 2429.1
1283440 2422.0
1283450 2426.9
1283460 2427.8
1283470 2427.8
1283480 2428.8
1283490 2433.5
1283500 2433.5
1283510 2439.6
1283520 2443.7
1283530 2447.5
1283540 2447.5
1283550 2452.0
1283560 2456.0
1283570 2456.0
1283580 2461.1
1283590 2468.4
1283600 2468.4
1283610 2474.4
1283620 2478.8
1283630 2478.8
1283640 2483.3
1283650 2492.1
1283660 2492.1
1283670 2499.9
1283680 2500.5
1283690 2500.5
1283700 2500.9
1283710 2500.9
1283720 2500.9
1283730 2495.4
1283740 2494.7
1283750 2495.2
1283760 2495.2
1283770 2496.2
1283780 2497.4
1283790 2497.4
1283800 2499.2
1283810 2500.4
1283820 2500.4
1283830 2498.8
1283840 2495.5
1283850 2495.5
1283860 2494.1
1283870 2494.4
1283880 2494.4
1283890 2495.0
1283900 2495.8
1283910 2495.8
1283920 2497.2
1283930 2499.0
1283940 2499.0
1283950 2500.7
1283960 2501.3
1283970 2501.3
1283980 2500.7
1283990 2502.6
1284000 2505.6
1284010 2505.6
1284020 2509.2
1284030 2514.9
1284040 2514.9
1284050 2521.1
1284060 2526.6
1284070 2524.1
1284080 2528.6
1284090 2532.6
1284100 2532.6
1284110 2536.3
1284120 2539.1
1284130 2539.1
1284140 2540.1
1284150 2540.1
1284160 2540.1
1284170 2540.8
1284180 2542.0
1284190 2542.0
1284200 2544.3
1284210 2545.1
1284220 2545.1
1284230 2543.8
1284240 2542.8
1284250 2542.2
1284260 2542.2
1284270 2540.9
1284280 2539.3
1284290 2539.3
1284300 2540.1
1284310 2541.3
1284320 2541.3
1284330 2541.6
1284340 2543.0
1284350 2543.0
1284360 2543.8
1284370 2544.3
1284380 2544.3
1284390 2546.7
1284400 2548.7
1284410 2548.7
1284420 2550.5
1284430 2552.1
1284440 2552.1
1284450 2553.9
1284460 2555.5
1284470 2558.1
1284480 2558.1
1284490 2560.2
1284500 2563.2
1284510 2563.2
1284520 2565.6
1284530 2568.6
1284540 2568.6
1284550 2572.1
1284560 2576.0
1284570 2576.0
1284580 2579.7
1284590 2582.4
1284600 2582.4
1284610 2582.5
1284620 2584.0
1284630 2584.0
1284640 2584.8
1284650 2586.9
1284660 2586.9
1284670 2588.5
1284680 2588.6
1284690 2588.6
1284700 2587.5
1284710 2589.1
1284720 2590.9
1284730 2590.9
1284740 2594.8
1284750 2598.4
1284760 2598.4
1284770 2601.9
1284780 2605.9
1284790 2605.9
1284800 2610.3
1284810 2614.1
1284820 2614.1
1284830 2617.5
1284840 2621.1
1284850 2621.1
1284860 2624.5
1284870 2628.4
1284880 2628.4
1284890 2632.3
1284900 2637.0
1284910 2637.0
1284920 2643.2
1284930 2649.0
1284940 2649.0
1284950 2651.3
1284960 2651.7
1284970 2652.7
1284980 2652.7
1284990 2653.2
1285000 2653.6
1285010 2653.6
1285020 2655.3
1285030 2656.5
1285040 2656.5
1285050 2657.1
1285060 2658.4
1285070 2658.4
1285080 2660.9
1285090 2665.8
1285100 2665.8
1285110 2671.8
1285120 2678.8
1285130 2678.8
1285140 2684.9
1285150 2690.6
1285160 2690.6
1285170 2697.9
1285180 2703.4
1285190 2705.2
1285200 2705.2
1285210 2701.2
1285220 2691.0
1285230 2691.0
1285240 2681.5
1285250 2673.0
1285260 2673.0
1285270 2666.3
1285280 2660.4
1285290 2660.4
1285300 2651.6
1285310 2640.3
1285320 2640.3
1285330 2632.2
1285340 2628.7
1285350 2628.7
1285360 2621.7
1285370 2616.2
1285380 2616.2
1285390 2611.6
1285400 2607.3
1285410 2607.3
1285420 2603.3
1285430 2599.7
1285440 2595.4
1285450 2595.4
1285460 2590.4
1285470 2583.7
1285480 2583.7
1285490 2579.3
1285500 2578.9
1285510 2578.9
1285520 2579.5
1285530 2581.7
1285540 2581.7
1285550 2584.5
1285560 2586.5
1285570 2586.5
1285580 2587.6
1285590 2587.8
1285600 2587.8
1285610 2581.4
1285620 2573.7
1285630 2573.7
1285640 2569.7
1285650 2566.3
1285660 2566.3
1285670 2561.7
1285680 2556.6
1285690 2550.5
1285700 2550.5
1285710 2542.7
1285720 2535.0
1285730 2535.0
1285740 2529.5
1285750 2526.1
1285760 2526.1
1285770 2523.4
1285780 2520.3
1285790 2520.3
1285800 2517.1
1285810 2511.8
1285820 2511.8
1285830 2507.4
1285840 2505.7
1285850 2505.7
1285860 2504.3
1285870 2504.2
1285880 2504.2
1285890 2504.7
1285900 2503.5
1285910 2493.8
1285920 2493.8
1285930 2481.0
1285940 2465.4
1285950 2465.4
1285960 2454.1
1285970 2443.4
1285980 2447.9
1285990 2440.1
1286000 2429.9
1286010 2429.9
1286020 2425.2
1286030 2421.2
1286040 2421.2
1286050 2416.5
1286060 2411.6
1286070 2411.6
1286080 2407.5
1286090 2404.4
1286100 2404.4
1286110 2401.1
1286120 2398.3
1286130 2398.3
1286140 2399.2
1286150 2400.0
1286160 2400.9
1286170 2400.9
1286180 2402.2
1286190 2403.5
1286200 2403.5
1286210 2404.7
1286220 2405.3
1286230 2405.3
1286240 2404.6
1286250 2402.8
1286260 2402.8
1286270 2399.3
1286280 2395.5
1286290 2395.5
1286300 2391.5
1286310 2385.7
1286320 2385.7
1286330 2381.6
1286340 2378.8
1286350 2378.8
1286360 2375.9
1286370 2371.0
1286380 2371.0
1286390 2364.5
1286400 2358.0
1286410 2350.8
1286420 2350.8
1286430 2343.0
1286440 2335.6
1286450 2335.6
1286460 2329.2
1286470 2324.6
1286480 2324.6
1286490 2321.1
1286500 2318.7
1286510 2318.7
1286520 2315.6
1286530 2310.2
1286540 2310.2
1286550 2304.0
1286560 2297.6
1286570 2297.6
1286580 2291.8
1286590 2285.9
1286600 2285.9
1286610 2280.1
1286620 2276.5
1286630 2270.4
1286640 2270.4
1286650 2265.8
1286660 2262.8
1286670 2262.8
1286680 2258.9
1286690 2253.2
1286700 2253.2
1286710 2248.3
1286720 2244.5
1286730 2244.5
1286740 2240.8
1286750 2237.6
1286760 2237.6
1286770 2236.1
1286780 2235.2
1286790 2235.2
1286800 2235.5
1286810 2233.1
1286820 2233.1
1286830 2231.0
1286840 2230.5
1286850 2230.5
1286860 2229.6
1286870 2228.4
1286880 2225.9
1286890 2225.9
1286900 2225.1
1286910 2226.0
1286920 2226.0
1286930 2227.3
1286940 2228.3
1286950 2228.3
1286960 2228.9
1286970 2227.9
1286980 2227.9
1286990 2226.3
1287000 2224.7
1287010 2224.7
1287020 2224.6
1287030 2223.7
1287040 2223.7
1287050 2223.0
1287060 2223.5
1287070 2223.5
1287080 2224.7
1287090 2225.4
1287100 2225.4
1287110 2222.9
1287120 2221.9
1287130 2221.4
1287140 2221.4
1287150 2220.0
1287160 2219.8
1287170 2219.8
1287180 2221.5
1287190 2222.4
1287200 2222.4
1287210 2222.5
1287220 2222.3
1287230 2222.3
1287240 2222.2
1287250 2222.4
1287260 2222.3
1287270 2222.8
1287280 2223.5
1287290 2223.5
1287300 2224.6
1287310 2225.8
1287320 2225.8
1287330 2226.7
1287340 2226.4
1287350 2226.5
1287360 2226.5
1287370 2226.6
1287380 2227.4
1287390 2227.4
1287400 2229.1
1287410 2231.4
1287420 2231.4
1287430 2233.8
1287440 2235.7
1287450 2235.7
1287460 2237.2
1287470 2237.9
1287480 2237.9
1287490 2238.9
1287500 2241.4
1287510 2241.4
1287520 2244.3
1287530 2246.2
1287540 2246.2
1287550 2247.0
1287560 2249.0
1287570 2249.0
1287580 2251.5
1287590 2254.3
1287600 2256.4
1287610 2256.4
1287620 2258.8
1287630 2262.6
1287640 2262.6
1287650 2267.2
1287660 2271.1
1287670 2271.1
1287680 2274.6
1287690 2277.0
1287700 2277.0
1287710 2279.9
1287720 2282.6
1287730 2282.6
1287740 2285.1
1287750 2287.4
1287760 2287.4
1287770 2289.7
1287780 2292.8
1287790 2292.8
1287800 2296.7
1287810 2301.5
1287820 2301.5
1287830 2306.7
1287840 2314.8
1287850 2322.6
1287860 2322.6
1287870 2325.8
1287880 2326.1
1287890 2326.1
1287900 2325.3
1287910 2324.3
1287920 2324.3
1287930 2326.7
1287940 2330.0
1287950 2330.0
1287960 2333.0
1287970 2335.4
1287980 2335.4
1287990 2337.8
1288000 2340.4
1288010 2340.4
1288020 2343.4
1288030 2346.9
1288040 2346.9
1288050 2349.9
1288060 2352.5
1288070 2355.4
1288080 2355.4
1288090 2357.7
1288100 2359.0
1288110 2359.0
1288120 2361.0
1288130 2362.3
1288140 2362.3
1288150 2362.9
1288160 2362.8
1288170 2362.8
1288180 2360.9
1288190 2360.2
1288200 2360.2
1288210 2360.3
1288220 2360.6
1288230 2360.6
1288240 2360.6
1288250 2361.6
1288260 2361.6
1288270 2362.2
1288280 2362.9
1288290 2362.9
1288300 2364.3
1288310 2366.1
1288320 2368.2
1288330 2368.2
1288340 2371.6
1288350 2376.6
1288360 2376.6
1288370 2382.3
1288380 2385.2
1288390 2385.2
1288400 2387.2
1288410 2389.2
1288420 2389.2
1288430 2392.5
1288440 2395.7
1288450 2395.7
1288460 2398.1
1288470 2400.9
1288480 2400.9
1288490 2404.7
1288500 2409.6
1288510 2409.6
1288520 2416.2
1288530 2423.1
1288540 2423.1
1288550 2429.2
1288560 2435.3
1288570 2440.6
1288580 2440.6
1288590 2444.7
1288600 2449.5
1288610 2449.5
1288620 2454.7
1288630 2462.3
1288640 2462.3
1288650 2469.2
1288660 2474.6
1288670 2474.6
1288680 2479.8
1288690 2483.9
1288700 2483.9
1288710 2485.5
1288720 2485.4
1288730 2485.4
1288740 2485.1
1288750 2487.5
1288760 2487.5
1288770 2488.7
1288780 2490.7
1288790 2493.4
1288800 2493.4
1288810 2494.9
1288820 2498.5
1288830 2498.5
1288840 2503.7
1288850 2509.8
1288860 2509.8
1288870 2517.2
1288880 2524.5
1288890 2524.5
1288900 2531.8
1288910 2538.7
1288920 2538.7
1288930 2545.1
1288940 2551.5
1288950 2551.5
1288960 2558.2
1288970 2564.9
1288980 2564.9
1288990 2571.9
1289000 2579.5
1289010 2579.5
1289020 2588.5
1289030 2597.0
1289040 2605.6
1289050 2605.6
1289060 2613.1
1289070 2616.4
1289080 2616.4
1289090 2609.1
1289100 2598.2
1289110 2598.2
1289120 2585.9
1289130 2574.3
1289140 2574.3
1289150 2561.7
1289160 2552.7
1289170 2552.7
1289180 2542.6
1289190 2536.9
1289200 2536.9
1289210 2534.8
1289220 2529.1
1289230 2529.1
1289240 2522.4
1289250 2512.9
1289260 2512.9
1289270 2503.3
1289280 2488.3
1289290 2480.5
1289300 2480.5
1289310 2474.1
1289320 2466.2
1289330 2466.2
1289340 2460.2
1289350 2452.7
1289360 2452.7
1289370 2445.2
1289380 2440.9
1289390 2440.9
1289400 2436.2
1289410 2430.7
1289420 2430.7
1289430 2424.5
1289440 2420.1
1289450 2420.1
1289460 2417.1
1289470 2416.3
1289480 2416.3
1289490 2418.1
1289500 2420.7
1289510 2419.5
1289520 2419.5
1289530 2412.5
1289540 2397.5
1289550 2397.5
1289560 2387.9
1289570 2380.1
1289580 2380.1
1289590 2372.5
1289600 2365.9
1289610 2365.9
1289620 2359.7
1289630 2353.7
1289640 2353.7
1289650 2348.1
1289660 2343.3
1289670 2343.3
1289680 2338.6
1289690 2334.3
1289700 2334.3
1289710 2331.4
1289720 2330.4
1289730 2330.4
1289740 2330.6
1289750 2330.7
1289760 2331.2
1289770 2331.2
1289780 2331.1
1289790 2328.7
1289800 2328.7
1289810 2324.8
1289820 2319.1
1289830 2319.1
1289840 2312.8
1289850 2305.1
1289860 2303.4
1289870 2296.3
1289880 2289.8
1289890 2289.8
1289900 2283.3
1289910 2277.1
1289920 2277.1
1289930 2271.5
1289940 2263.1
1289950 2263.1
1289960 2253.2
1289970 2244.3
1289980 2244.3
1289990 2236.8
1290000 2228.8
1290010 2221.0
1290020 2221.0
1290030 2210.0
1290040 2202.1
1290050 2202.1
1290060 2195.2
1290070 2186.0
1290080 2186.0
1290090 2178.5
1290100 2172.7
1290110 2172.7
1290120 2167.4
1290130 2162.3
1290140 2162.3
1290150 2157.0
1290160 2152.1
1290170 2152.1
1290180 2148.6
1290190 2146.5
1290200 2146.5
1290210 2144.4
1290220 2141.9
1290230 2139.7
1290240 2139.7
1290250 2137.6
1290260 2135.7
1290270 2135.7
1290280 2133.8
1290290 2131.7
1290300 2131.7
1290310 2129.9
1290320 2128.1
1290330 2128.1
1290340 2127.7
1290350 2126.6
1290360 2126.6
1290370 2126.8
1290380 2127.2
1290390 2127.2
1290400 2127.4
1290410 2126.9
1290420 2126.9
1290430 2126.2
1290440 2126.4
1290450 2126.4
1290460 2127.3
1290470 2127.2
1290480 2127.4
1290490 2127.4
1290500 2128.1
1290510 2131.0
1290520 2131.0
1290530 2130.5
1290540 2129.5
1290550 2129.5
1290560 2127.9
1290570 2126.6
1290580 2126.6
1290590 2125.6
1290600 2124.6
1290610 2124.6
1290620 2123.5
1290630 2122.4
1290640 2122.4
1290650 2120.7
1290660 2118.0
1290670 2118.0
1290680 2112.4
1290690 2105.0
1290700 2098.5
1290710 2098.5
1290720 2092.5
1290730 2084.8
1290740 2084.8
1290750 2076.8
1290760 2069.7
1290770 2069.7
1290780 2062.7
1290790 2056.0
1290800 2056.0
1290810 2049.5
1290820 2043.3
1290830 2043.3
1290840 2038.3
1290850 2033.9
1290860 2033.9
1290870 2029.5
1290880 2025.1
1290890 2025.1
1290900 2020.6
1290910 2016.2
1290920 2016.2
1290930 2011.3
1290940 2006.4
1290950 2001.1
1290960 2001.1
1290970 1996.4
1290980 1993.8
1290990 1993.8
1291000 1990.9
1291010 1987.0
1291020 1987.0
1291030 1984.4
1291040 1982.6
1291050 1982.6
1291060 1980.8
1291070 1979.2
1291080 1979.2
1291090 1976.5
1291100 1974.2
1291110 1974.2
1291120 1974.0
1291130 1974.6
1291140 1974.6
1291150 1975.0
1291160 1974.9
1291170 1975.8
1291180 1974.8
1291190 1974.3
1291200 1974.8
1291210 1974.8
1291220 1977.1
1291230 1978.7
1291240 1978.7
1291250 1979.4
1291260 1981.0
1291270 1981.0
1291280 1983.5
1291290 1986.4
1291300 1986.4
1291310 1990.2
1291320 1993.0
1291330 1993.0
1291340 2000.5
1291350 2006.8
1291360 2006.8
1291370 2006.1
1291380 2006.8
1291390 2006.8
1291400 2009.7
1291410 2013.8
1291420 2018.0
1291430 2018.0
1291440 2023.4
1291450 2025.8
1291460 2025.8
1291470 2026.9
1291480 2027.1
1291490 2027.1
1291500 2030.1
1291510 2034.2
1291520 2034.2
1291530 2033.7
1291540 2033.7
1291550 2033.7
1291560 2034.8
1291570 2033.8
1291580 2033.8
1291590 2032.7
1291600 2031.8
1291610 2031.8
1291620 2031.8
1291630 2032.8
1291640 2032.8
1291650 2033.9
1291660 2034.8
1291670 2035.4
1291680 2035.4
1291690 2035.2
1291700 2034.9
1291710 2034.9
1291720 2034.6
1291730 2034.0
1291740 2034.0
1291750 2033.6
1291760 2033.9
1291770 2033.9
1291780 2033.9
1291790 2033.7
1291800 2033.7
1291810 2034.2
1291820 2035.6
1291830 2035.6
1291840 2038.3
1291850 2041.7
1291860 2041.7
1291870 2043.5
1291880 2047.1
1291890 2047.1
1291900 2049.4
1291910 2052.0
1291920 2055.2
1291930 2055.2
1291940 2057.7
1291950 2061.0
1291960 2061.0
1291970 2064.7
1291980 2069.7
1291990 2069.7
1292000 2075.3
1292010 2081.5
1292020 2081.5
1292030 2088.1
1292040 2095.4
1292050 2095.4
1292060 2104.4
1292070 2112.8
1292080 2112.8
1292090 2116.0
1292100 2118.4
1292110 2118.4
1292120 2119.2
1292130 2120.9
1292140 2123.6
1292150 2123.6
1292160 2127.8
1292170 2132.0
1292180 2132.0
1292190 2135.1
1292200 2137.5
1292210 2137.5
1292220 2139.8
1292230 2142.7
1292240 2142.7
1292250 2146.0
1292260 2149.2
1292270 2149.2
1292280 2152.4
1292290 2155.0
1292300 2155.0
1292310 2157.7
1292320 2161.7
1292330 2161.7
1292340 2167.2
1292350 2173.4
1292360 2173.4
1292370 2180.1
1292380 2186.9
1292390 2193.0
1292400 2193.0
1292410 2198.3
1292420 2203.3
1292430 2203.3
1292440 2208.8
1292450 2215.6
1292460 2215.6
1292470 2223.1
1292480 2230.8
1292490 2230.8
1292500 2236.3
1292510 2241.9
1292520 2241.9
1292530 2249.0
1292540 2256.6
1292550 2256.6
1292560 2263.8
1292570 2271.0
1292580 2271.0
1292590 2276.6
1292600 2281.7
1292610 2281.7
1292620 2287.0
1292630 2293.7
1292640 2300.4
1292650 2300.4
1292660 2306.0
1292670 2311.3
1292680 2311.3
1292690 2316.2
1292700 2320.8
1292710 2320.8
1292720 2325.1
1292730 2329.1
1292740 2329.1
1292750 2333.5
1292760 2338.0
1292770 2338.0
1292780 2343.0
1292790 2348.4
1292800 2348.4
1292810 2352.3
1292820 2355.5
1292830 2355.5
1292840 2360.0
1292850 2363.7
1292860 2367.0
1292870 2367.0
1292880 2369.9
1292890 2372.5
1292900 2372.5
1292910 2376.1
1292920 2379.9
1292930 2379.9
1292940 2383.4
1292950 2386.8
1292960 2386.8
1292970 2389.8
1292980 2391.6
1292990 2391.6
1293000 2393.8
1293010 2395.2
1293020 2395.2
1293030 2395.7
1293040 2397.8
1293050 2397.8
1293060 2400.9
1293070 2405.9
1293080 2405.9
1293090 2410.0
1293100 2412.7
1293110 2415.9
1293120 2415.9
1293130 2418.0
1293140 2417.2
1293150 2415.7
1293160 2415.7
1293170 2417.5
1293180 2417.5
1293190 2419.6
1293200 2422.6
1293210 2422.6
1293220 2425.5
1293230 2426.4
1293240 2426.4
1293250 2425.5
1293260 2424.3
1293270 2424.3
1293280 2422.2
1293290 2418.4
1293300 2418.4
1293310 2412.9
1293320 2406.3
1293330 2406.3
1293340 2401.9
1293350 2395.3
1293360 2389.0
1293370 2389.0
1293380 2380.3
1293390 2371.9
1293400 2371.9
1293410 2365.9
1293420 2361.1
1293430 2361.1
1293440 2356.7
1293450 2353.4
1293460 2353.4
1293470 2349.1
1293480 2344.1
1293490 2344.1
1293500 2338.4
1293510 2332.5
1293520 2332.5
1293530 2323.9
1293540 2316.1
1293550 2316.1
1293560 2309.3
1293570 2303.4
1293580 2297.8
1293590 2297.8
1293600 2293.3
1293610 2289.2
1293620 2289.2
1293630 2285.5
1293640 2279.8
1293650 2279.8
1293660 2272.2
1293670 2267.6
1293680 2267.6
1293690 2264.1
1293700 2260.4
1293710 2260.4
1293720 2257.3
1293730 2254.2
1293740 2254.2
1293750 2251.5
1293760 2248.9
1293770 2248.9
1293780 2246.2
1293790 2243.5
1293800 2243.5
1293810 2242.6
1293820 2242.9
1293830 2243.2
1293840 2243.2
1293850 2243.5
1293860 2243.4
1293870 2243.4
1293880 2242.9
1293890 2242.1
1293900 2242.1
1293910 2241.2
1293920 2240.0
1293930 2240.0
1293940 2238.4
1293950 2236.3
1293960 2236.3
1293970 2234.6
1293980 2232.6
1293990 2232.6
1294000 2230.8
1294010 2229.1
1294020 2229.1
1294030 2227.4
1294040 2225.8
1294050 2225.8
1294060 2224.2
1294070 2222.3
1294080 2220.9
1294090 2220.9
1294100 2219.7
1294110 2218.6
1294120 2218.6
1294130 2217.2
1294140 2215.3
1294150 2215.3
1294160 2213.0
1294170 2210.2
1294180 2210.2
1294190 2207.8
1294200 2206.2
1294210 2206.2
1294220 2204.7
1294230 2203.0
1294240 2203.0
1294250 2201.6
1294260 2199.4
1294270 2199.4
1294280 2197.1
1294290 2194.7
1294300 2191.9
1294310 2191.9
1294320 2188.8
1294330 2185.9
1294340 2185.9
1294350 2183.2
1294360 2180.8
1294370 2180.8
1294380 2178.3
1294390 2175.0
1294400 2175.0
1294410 2171.7
1294420 2168.8
1294430 2168.8
1294440 2166.2
1294450 2164.0
1294460 2164.0
1294470 2161.9
1294480 2160.0
1294490 2160.0
1294500 2157.6
1294510 2155.1
1294520 2155.1
1294530 2152.8
1294540 2150.3
1294550 2147.3
1294560 2147.3
1294570 2144.8
1294580 2143.7
1294590 2143.7
1294600 2143.2
1294610 2142.7
1294620 2142.7
1294630 2141.3
1294640 2139.6
1294650 2139.6
1294660 2138.8
1294670 2137.5
1294680 2137.5
1294690 2134.9
1294700 2131.5
1294710 2131.5
1294720 2128.0
1294730 2124.2
1294740 2124.2
1294750 2119.7
1294760 2116.0
1294770 2116.0
1294780 2115.2
1294790 2112.7
1294800 2109.4
1294810 2109.4
1294820 2104.7
1294830 2098.8
1294840 2098.8
1294850 2093.7
1294860 2089.6
1294870 2089.6
1294880 2085.8
1294890 2081.8
1294900 2081.8
1294910 2077.6
1294920 2073.9
1294930 2073.9
1294940 2070.4
1294950 2067.6
1294960 2067.6
1294970 2066.4
1294980 2065.8
1294990 2065.8
1295000 2064.3
1295010 2062.1
1295020 2059.5
1295030 2059.5
1295040 2057.4
1295050 2056.0
1295060 2056.0
1295070 2054.3
1295080 2052.0
1295090 2052.0
1295100 2049.7
1295110 2044.7
1295120 2044.7
1295130 2038.1
1295140 2031.2
1295150 2029.9
1295160 2023.9
1295170 2018.0
1295180 2018.0
1295190 2013.7
1295200 2009.2
1295210 2009.2
1295220 2003.7
1295230 2000.5
1295240 2000.5
1295250 1997.5
1295260 1993.4
1295270 1987.6
1295280 1987.6
1295290 1980.4
1295300 1972.8
1295310 1972.8
1295320 1965.8
1295330 1960.0
1295340 1960.0
1295350 1955.8
1295360 1953.9
1295370 1953.9
1295380 1953.5
1295390 1954.0
1295400 1954.0
1295410 1954.1
1295420 1952.9
1295430 1952.9
1295440 1951.0
1295450 1950.0
1295460 1950.0
1295470 1949.6
1295480 1950.0
1295490 1950.1
1295500 1950.1
1295510 1949.7
1295520 1947.9
1295530 1947.9
1295540 1946.0
1295550 1943.6
1295560 1943.6
1295570 1940.7
1295580 1938.3
1295590 1938.3
1295600 1934.2
1295610 1929.9
1295620 1929.9
1295630 1924.5
1295640 1917.9
1295650 1917.9
1295660 1912.2
1295670 1906.4
1295680 1906.4
1295690 1899.7
1295700 1892.5
1295710 1892.5
1295720 1885.2
1295730 1878.8
1295740 1872.7
1295750 1872.7
1295760 1866.5
1295770 1862.2
1295780 1862.2
1295790 1860.6
1295800 1859.1
1295810 1859.1
1295820 1860.1
1295830 1858.7
1295840 1858.7
1295850 1857.3
1295860 1857.5
1295870 1857.5
1295880 1854.6
1295890 1848.7
1295900 1848.7
1295910 1843.4
1295920 1847.6
1295930 1847.6
1295940 1856.7
1295950 1860.2
1295960 1860.2
1295970 1865.3
1295980 1868.6
1295990 1863.9
1296000 1863.9
1296010 1854.8
1296020 1847.3
1296030 1847.3
1296040 1842.7
1296050 1841.1
1296060 1841.1
1296070 1834.2
1296080 1829.8
1296090 1829.8
1296100 1821.8
1296110 1816.8
1296120 1816.8
1296130 1818.3
1296140 1821.2
1296150 1821.2
1296160 1824.4
1296170 1827.2
1296180 1827.2
1296190 1832.6
1296200 1841.4
1296210 1849.9
1296220 1849.9
1296230 1855.5
1296240 1858.7
1296250 1858.7
1296260 1860.7
1296270 1865.0
1296280 1865.0
1296290 1869.9
1296300 1874.9
1296310 1874.9
1296320 1879.9
1296330 1882.4
1296340 1882.4
1296350 1884.9
1296360 1887.6
1296370 1887.6
1296380 1890.8
1296390 1895.6
1296400 1895.6
1296410 1902.7
1296420 1910.8
1296430 1910.8
1296440 1919.2
1296450 1927.3
1296460 1935.4
1296470 1935.4
1296480 1941.4
1296490 1948.0
1296500 1948.0
1296510 1952.2
1296520 1955.8
1296530 1955.8
1296540 1961.7
1296550 1968.5
1296560 1968.5
1296570 1974.2
1296580 1980.5
1296590 1980.5
1296600 1987.7
1296610 1994.7
1296620 1994.7
1296630 2001.0
1296640 2006.5
1296650 2006.5
1296660 2012.4
1296670 2017.8
1296680 2017.8
1296690 2022.9
1296700 2027.9
1296710 2031.8
1296720 2031.8
1296730 2035.6
1296740 2040.1
1296750 2040.1
1296760 2045.7
1296770 2050.9
1296780 2050.9
1296790 2055.6
1296800 2059.0
1296810 2059.0
1296820 2063.2
1296830 2067.5
1296840 2067.5
1296850 2071.3
1296860 2074.5
1296870 2074.5
1296880 2077.7
1296890 2080.1
1296900 2080.1
1296910 2082.6
1296920 2084.5
1296930 2086.6
1296940 2086.6
1296950 2088.7
1296960 2092.0
1296970 2092.0
1296980 2095.2
1296990 2099.1
1297000 2099.1
1297010 2103.8
1297020 2106.8
1297030 2106.8
1297040 2110.3
1297050 2111.8
1297060 2111.8
1297070 2113.8
1297080 2118.3
1297090 2118.3
1297100 2122.8
1297110 2128.2
1297120 2128.2
1297130 2133.2
1297140 2135.6
1297150 2135.6
1297160 2137.9
1297170 2146.6
1297180 2151.4
1297190 2151.4
1297200 2155.4
1297210 2158.7
1297220 2158.7
1297230 2161.5
1297240 2165.2
1297250 2165.2
1297260 2169.6
1297270 2174.8
1297280 2174.8
1297290 2180.7
1297300 2185.7
1297310 2185.7
1297320 2190.3
1297330 2194.9
1297340 2194.9
1297350 2199.1
1297360 2203.5
1297370 2203.5
1297380 2207.7
1297390 2210.4
1297400 2210.4
1297410 2212.4
1297420 2214.6
1297430 2217.0
1297440 2217.0
1297450 2219.9
1297460 2222.6
1297470 2222.6
1297480 2224.3
1297490 2226.1
1297500 2226.1
1297510 2229.0
1297520 2231.1
1297530 2231.1
1297540 2233.6
1297550 2237.6
1297560 2237.6
1297570 2242.8
1297580 2247.0
1297590 2247.0
1297600 2249.3
1297610 2252.7
1297620 2252.7
1297630 2255.8
1297640 2258.8
1297650 2261.3
1297660 2261.3
1297670 2262.8
1297680 2263.7
1297690 2263.7
1297700 2264.9
1297710 2268.0
1297720 2268.0
1297730 2271.3
1297740 2274.6
1297750 2274.6
1297760 2275.7
1297770 2277.8
1297780 2277.8
1297790 2282.7
1297800 2288.3
1297810 2288.3
1297820 2291.9
1297830 2294.8
1297840 2294.8
1297850 2297.4
1297860 2300.1
1297870 2300.1
1297880 2303.5
1297890 2306.6
1297900 2310.9
1297910 2310.9
1297920 2316.5
1297930 2321.3
1297940 2321.3
1297950 2324.5
1297960 2328.3
1297970 2328.3
1297980 2331.2
1297990 2333.4
1298000 2333.4
1298010 2335.6
1298020 2338.3
1298030 2338.3
1298040 2340.7
1298050 2343.0
1298060 2343.0
1298070 2345.8
1298080 2348.4
1298090 2348.4
1298100 2350.3
1298110 2353.2
1298120 2355.7
1298130 2355.7
1298140 2356.7
1298150 2358.3
1298160 2358.3
1298170 2361.1
1298180 2364.0
1298190 2364.0
1298200 2367.3
1298210 2371.5
1298220 2371.5
1298230 2376.5
1298240 2381.7
1298250 2381.7
1298260 2386.7
1298270 2391.7
1298280 2391.7
1298290 2396.2
1298300 2400.5
1298310 2400.5
1298320 2404.2
1298330 2407.7
1298340 2407.7
1298350 2409.9
1298360 2412.5
1298370 2416.4
1298380 2416.4
1298390 2420.9
1298400 2425.5
1298410 2425.5
1298420 2430.3
1298430 2434.7
1298440 2434.7
1298450 2437.8
1298460 2440.4
1298470 2440.4
1298480 2443.3
1298490 2446.5
1298500 2446.5
1298510 2449.1
1298520 2451.1
1298530 2451.1
1298540 2454.2
1298550 2457.2
1298560 2457.2
1298570 2461.5
1298580 2464.3
1298590 2464.3
1298600 2465.3
1298610 2466.6
1298620 2469.2
1298630 2469.2
1298640 2473.5
1298650 2478.2
1298660 2478.2
1298670 2483.2
1298680 2487.8
1298690 2487.8
1298700 2490.6
1298710 2492.1
1298720 2492.1
1298730 2492.5
1298740 2494.2
1298750 2494.2
1298760 2496.3
1298770 2497.8
1298780 2497.8
1298790 2500.0
1298800 2503.7
1298810 2503.7
1298820 2507.4
1298830 2508.3
1298840 2508.6
1298850 2508.6
1298860 2508.5
1298870 2507.3
1298880 2507.3
1298890 2507.4
1298900 2508.3
1298910 2508.3
1298920 2510.5
1298930 2514.3
1298940 2514.3
1298950 2517.3
1298960 2518.4
1298970 2518.4
1298980 2518.6
1298990 2519.1
1299000 2519.1
1299010 2519.8
1299020 2519.9
1299030 2519.9
1299040 2520.7
1299050 2522.6
1299060 2522.6
1299070 2524.7
1299080 2526.9
1299090 2528.0
1299100 2528.0
1299110 2529.1
1299120 2531.6
1299130 2531.6
1299140 2534.2
1299150 2535.9
1299160 2535.9
1299170 2536.6
1299180 2537.3
1299190 2537.3
1299200 2537.0
1299210 2535.4
1299220 2528.8
1299230 2518.6
1299240 2507.7
1299250 2507.7
1299260 2498.9
1299270 2485.7
1299280 2485.7
1299290 2473.8
1299300 2464.2
1299310 2464.2
1299320 2458.8
1299330 2456.6
1299340 2455.7
1299350 2455.7
1299360 2455.4
1299370 2455.1
1299380 2455.1
1299390 2454.0
1299400 2452.8
1299410 2452.8
1299420 2453.2
1299430 2453.5
1299440 2453.5
1299450 2452.5
1299460 2451.1
1299470 2451.1
1299480 2449.5
1299490 2446.9
1299500 2446.9
1299510 2445.0
1299520 2442.9
1299530 2442.9
1299540 2440.4
1299550 2438.2
1299560 2435.8
1299570 2435.8
1299580 2433.1
1299590 2430.7
1299600 2430.7
1299610 2428.1
1299620 2425.0
1299630 2425.0
1299640 2421.2
1299650 2416.7
1299660 2416.7
1299670 2412.0
1299680 2410.3
1299690 2410.3
1299700 2409.9
1299710 2409.1
1299720 2409.1
1299730 2408.3
1299740 2407.5
1299750 2407.5
1299760 2407.0
1299770 2407.3
1299780 2407.3
1299790 2407.6
1299800 2408.4
1299810 2410.0
1299820 2410.0
1299830 2412.6
1299840 2416.3
1299850 2416.3
1299860 2420.2
1299870 2423.8
1299880 2423.8
1299890 2427.4
1299900 2428.6
1299910 2428.6
1299920 2431.7
1299930 2435.9
1299940 2435.9
1299950 2441.4
1299960 2446.7
1299970 2446.7
1299980 2451.5
1299990 2455.7
