1280000 2336.5
1280010 2341.7
1280020 2341.7
1280030 2346.3
1280040 2350.3
1280050 2350.3
1280060 2351.8
1280070 2351.1
1280080 2351.1
1280090 2351.2
1280100 2353.1
1280110 2359.1
1280120 2359.1
1280130 2366.0
1280140 2371.7
1280150 2371.7
1280160 2376.0
1280170 2378.7
1280180 2378.7
1280190 2379.5
1280200 2378.4
1280210 2378.4
1280220 2377.2
1280230 2377.6
1280240 2377.6
1280250 2380.0
1280260 2382.8
1280270 2382.8
1280280 2384.2
1280290 2385.9
1280300 2385.9
1280310 2389.4
1280320 2393.0
1280330 2393.0
1280340 2398.2
1280350 2403.3
1280360 2407.2
1280370 2407.2
1280380 2408.8
1280390 2412.4
1280400 2412.4
1280410 2417.0
1280420 2422.1
1280430 2422.1
1280440 2428.0
1280450 2433.5
1280460 2433.5
1280470 2437.3
1280480 2441.3
1280490 2441.3
1280500 2446.3
1280510 2449.7
1280520 2449.7
1280530 2452.3
1280540 2454.7
1280550 2454.7
1280560 2456.9
1280570 2458.2
1280580 2458.2
1280590 2459.9
1280600 2462.0
1280610 2464.6
1280620 2464.6
1280630 2467.3
1280640 2470.6
1280650 2470.6
1280660 2473.7
1280670 2475.9
1280680 2475.9
1280690 2477.9
1280700 2480.6
1280710 2480.6
1280720 2485.1
1280730 2489.5
1280740 2489.5
1280750 2493.0
1280760 2496.2
1280770 2496.2
1280780 2500.0
1280790 2504.2
1280800 2504.2
1280810 2508.1
1280820 2512.5
1280830 2518.4
1280840 2518.4
1280850 2525.4
1280860 2532.4
1280870 2532.4
1280880 2538.8
1280890 2545.0
1280900 2545.0
1280910 2552.3
1280920 2558.6
1280930 2558.6
1280940 2564.8
1280950 2570.3
1280960 2570.3
1280970 2573.7
1280980 2576.8
1280990 2576.8
1281000 2580.8
1281010 2584.3
1281020 2584.3
1281030 2587.0
1281040 2588.6
1281050 2588.6
1281060 2588.8
1281070 2591.6
1281080 2594.7
1281090 2594.7
1281100 2595.8
1281110 2593.5
1281120 2593.5
1281130 2593.3
1281140 2587.6
1281150 2587.6
1281160 2582.0
1281170 2577.4
1281180 2577.4
1281190 2573.1
1281200 2568.0
1281210 2568.0
1281220 2563.6
1281230 2558.5
1281240 2558.5
1281250 2554.3
1281260 2550.8
1281270 2550.8
1281280 2548.3
1281290 2546.5
1281300 2546.5
1281310 2542.1
1281320 2536.5
1281330 2531.2
1281340 2531.2
1281350 2527.2
1281360 2522.8
1281370 2522.8
1281380 2518.2
1281390 2515.3
1281400 2515.3
1281410 2510.1
1281420 2505.9
1281430 2505.9
1281440 2504.2
1281450 2502.6
1281460 2502.6
1281470 2502.1
1281480 2502.5
1281490 2502.5
1281500 2501.9
1281510 2500.8
1281520 2500.8
1281530 2500.6
1281540 2500.7
1281550 2500.7
1281560 2502.3
1281570 2504.3
1281580 2504.4
1281590 2504.4
1281600 2504.4
1281610 2504.7
1281620 2504.7
1281630 2504.2
1281640 2503.8
1281650 2503.8
1281660 2503.1
1281670 2504.3
1281680 2504.3
1281690 2507.7
1281700 2512.4
1281710 2512.4
1281720 2519.4
1281730 2523.7
1281740 2523.7
1281750 2530.6
1281760 2536.2
1281770 2536.2
1281780 2543.0
1281790 2550.0
1281800 2559.0
1281810 2559.0
1281820 2567.7
1281830 2567.4
1281840 2567.4
1281850 2550.5
1281860 2534.2
1281870 2534.2
1281880 2525.1
1281890 2519.3
1281900 2519.3
1281910 2516.3
1281920 2512.9
1281930 2512.9
1281940 2508.2
1281950 2502.1
1281960 2502.1
1281970 2496.0
1281980 2490.0
1281990 2490.0
1282000 2483.5
1282010 2477.3
1282020 2477.3
1282030 2473.6
1282040 2471.4
1282050 2469.0
1282060 2469.0
1282070 2463.4
1282080 2456.9
1282090 2456.9
1282100 2448.7
1282110 2445.8
1282120 2445.8
1282130 2444.4
1282140 2444.0
1282150 2444.0
1282160 2443.8
1282170 2440.8
1282180 2440.8
1282190 2437.1
1282200 2434.4
1282210 2434.4
1282220 2433.2
1282230 2431.4
1282240 2431.4
1282250 2429.5
1282260 2428.3
1282270 2428.3
1282280 2427.7
1282290 2429.7
1282300 2432.4
1282310 2432.4
1282320 2434.9
1282330 2435.7
1282340 2435.7
1282350 2435.2
1282360 2435.1
1282370 2435.1
1282380 2438.5
1282390 2439.7
1282400 2439.7
1282410 2440.8
1282420 2442.1
1282430 2442.1
1282440 2443.5
1282450 2448.9
1282460 2448.9
1282470 2456.4
1282480 2461.7
1282490 2461.7
1282500 2465.1
1282510 2469.2
1282520 2469.2
1282530 2472.9
1282540 2477.6
1282550 2484.4
1282560 2484.4
1282570 2492.6
1282580 2500.5
1282590 2500.5
1282600 2506.8
1282610 2513.5
1282620 2513.5
1282630 2520.5
1282640 2527.3
1282650 2527.3
1282660 2531.3
1282670 2533.2
1282680 2533.2
1282690 2536.5
1282700 2539.9
1282710 2539.9
1282720 2542.0
1282730 2543.3
1282740 2543.3
1282750 2545.6
1282760 2547.5
1282770 2547.5
1282780 2547.5
1282790 2544.4
1282800 2541.4
1282810 2541.4
1282820 2541.2
1282830 2542.0
1282840 2542.0
1282850 2542.2
1282860 2542.6
1282870 2542.6
1282880 2542.4
1282890 2542.4
1282900 2542.4
1282910 2542.9
1282920 2543.4
1282930 2543.4
1282940 2544.5
1282950 2545.3
1282960 2545.3
1282970 2542.7
1282980 2535.7
1282990 2535.7
1283000 2521.8
1283010 2517.6
1283020 2511.3
1283030 2511.3
1283040 2505.6
1283050 2501.3
1283060 2501.3
1283070 2500.5
1283080 2499.8
1283090 2499.8
1283100 2498.0
1283110 2495.0
1283120 2495.0
1283130 2492.2
1283140 2491.1
1283150 2491.1
1283160 2489.2
1283170 2484.3
1283180 2484.3
1283190 2478.8
1283200 2476.3
1283210 2476.3
1283220 2475.4
1283230 2470.9
1283240 2470.9
1283250 2466.8
1283260 2462.4
1283270 2462.7
1283280 2462.7
1283290 2464.3
1283300 2465.7
1283310 2465.7
1283320 2466.9
1283330 2468.1
1283340 2468.1
1283350 2469.7
1283360 2474.8
1283370 2474.8
1283380 2478.8
1283390 2478.0
1283400 2478.0
1283410 2478.0
1283420 2478.9
1283430 2478.9
1283440 2479.6
1283450 2480.4
1283460 2480.4
1283470 2482.1
1283480 2486.0
1283490 2486.0
1283500 2490.5
1283510 2492.2
1283520 2493.4
1283530 2493.4
1283540 2494.8
1283550 2495.1
1283560 2495.1
1283570 2495.0
1283580 2496.4
1283590 2496.4
1283600 2500.0
1283610 2503.6
1283620 2503.6
1283630 2508.6
1283640 2515.7
1283650 2515.7
1283660 2519.4
1283670 2522.0
1283680 2522.0
1283690 2525.2
1283700 2529.1
1283710 2529.1
1283720 2532.4
1283730 2536.8
1283740 2539.5
1283750 2539.5
1283760 2542.6
1283770 2545.4
1283780 2545.4
1283790 2547.9
1283800 2549.8
1283810 2549.8
1283820 2552.9
1283830 2556.3
1283840 2556.3
1283850 2558.6
1283860 2559.8
1283870 2559.8
1283880 2562.0
1283890 2563.7
1283900 2563.7
1283910 2565.1
1283920 2568.3
1283930 2568.3
1283940 2573.2
1283950 2578.0
1283960 2578.0
1283970 2581.7
1283980 2585.4
1283990 2589.1
1284000 2589.1
1284010 2593.2
1284020 2600.4
1284030 2600.4
1284040 2608.3
1284050 2613.5
1284060 2613.5
1284070 2619.1
1284080 2625.7
1284090 2625.7
1284100 2635.0
1284110 2642.4
1284120 2642.4
1284130 2651.3
1284140 2657.0
1284150 2657.0
1284160 2660.6
1284170 2661.7
1284180 2661.7
1284190 2654.4
1284200 2649.2
1284210 2649.2
1284220 2643.8
1284230 2635.4
1284240 2627.6
1284250 2627.6
1284260 2620.1
1284270 2619.6
1284280 2619.6
1284290 2611.4
1284300 2603.9
1284310 2603.9
1284320 2597.5
1284330 2591.1
1284340 2591.1
1284350 2581.6
1284360 2573.8
1284370 2573.8
1284380 2566.2
1284390 2558.9
1284400 2558.9
1284410 2551.4
1284420 2543.1
1284430 2543.1
1284440 2535.6
1284450 2528.5
1284460 2528.5
1284470 2521.8
1284480 2515.3
1284490 2509.0
1284500 2509.0
1284510 2503.3
1284520 2497.4
1284530 2497.4
1284540 2491.3
1284550 2484.7
1284560 2484.7
1284570 2478.2
1284580 2472.1
1284590 2472.1
1284600 2466.7
1284610 2461.8
1284620 2461.8
1284630 2457.6
1284640 2453.8
1284650 2453.8
1284660 2450.0
1284670 2446.3
1284680 2446.3
1284690 2442.9
1284700 2441.7
1284710 2442.4
1284720 2442.4
1284730 2442.5
1284740 2442.2
1284750 2442.2
1284760 2442.1
1284770 2440.3
1284780 2440.3
1284790 2435.8
1284800 2430.9
1284810 2430.9
1284820 2428.2
1284830 2428.0
1284840 2428.0
1284850 2428.7
1284860 2430.8
1284870 2430.8
1284880 2433.4
1284890 2435.8
1284900 2435.8
1284910 2438.7
1284920 2437.8
1284930 2437.8
1284940 2435.9
1284950 2435.8
1284960 2436.9
1284970 2436.9
1284980 2439.7
1284990 2441.1
1285000 2441.1
1285010 2441.8
1285020 2443.0
1285030 2443.0
1285040 2444.5
1285050 2445.9
1285060 2445.9
1285070 2446.0
1285080 2445.9
1285090 2445.9
1285100 2446.1
1285110 2447.1
1285120 2447.1
1285130 2447.2
1285140 2447.9
1285150 2447.9
1285160 2449.2
1285170 2450.5
1285180 2450.5
1285190 2452.2
1285200 2452.5
1285210 2446.0
1285220 2446.0
1285230 2431.9
1285240 2415.4
1285250 2415.4
1285260 2395.9
1285270 2389.5
1285280 2389.5
1285290 2385.6
1285300 2382.3
1285310 2382.3
1285320 2379.7
1285330 2374.9
1285340 2374.9
1285350 2371.9
1285360 2371.9
1285370 2371.9
1285380 2372.5
1285390 2374.1
1285400 2374.1
1285410 2377.3
1285420 2381.5
1285430 2381.5
1285440 2385.2
1285450 2389.6
1285460 2395.3
1285470 2395.3
1285480 2401.4
1285490 2408.2
1285500 2408.2
1285510 2413.7
1285520 2416.9
1285530 2416.9
1285540 2418.9
1285550 2426.7
1285560 2426.7
1285570 2430.4
1285580 2434.9
1285590 2434.9
1285600 2440.0
1285610 2444.5
1285620 2444.5
1285630 2448.0
1285640 2450.8
1285650 2450.8
1285660 2452.1
1285670 2451.8
1285680 2452.0
1285690 2452.0
1285700 2454.3
1285710 2455.9
1285720 2455.9
1285730 2457.3
1285740 2458.5
1285750 2458.5
1285760 2454.9
1285770 2447.2
1285780 2447.2
1285790 2438.7
1285800 2432.9
1285810 2432.9
1285820 2426.9
1285830 2419.2
1285840 2419.2
1285850 2409.8
1285860 2400.3
1285870 2400.3
1285880 2389.9
1285890 2378.9
1285900 2378.9
1285910 2375.2
1285920 2360.4
1285930 2347.8
1285940 2347.8
1285950 2339.0
1285960 2331.2
1285970 2331.2
1285980 2324.4
1285990 2318.0
1286000 2318.0
1286010 2312.0
1286020 2306.3
1286030 2306.3
1286040 2301.3
1286050 2297.3
1286060 2297.3
1286070 2294.2
1286080 2292.3
1286090 2292.3
1286100 2292.4
1286110 2295.6
1286120 2295.6
1286130 2297.3
1286140 2293.5
1286150 2293.5
1286160 2286.4
1286170 2280.4
1286180 2274.1
1286190 2278.9
1286200 2274.2
1286210 2268.9
1286220 2268.9
1286230 2263.3
1286240 2257.9
1286250 2257.9
1286260 2252.6
1286270 2246.2
1286280 2246.2
1286290 2239.3
1286300 2232.7
1286310 2232.7
1286320 2225.2
1286330 2217.7
1286340 2217.7
1286350 2209.8
1286360 2202.2
1286370 2202.2
1286380 2194.8
1286390 2186.9
1286400 2186.9
1286410 2178.9
1286420 2170.7
1286430 2162.8
1286440 2162.8
1286450 2155.0
1286460 2147.5
1286470 2147.5
1286480 2140.3
1286490 2133.0
1286500 2133.0
1286510 2125.6
1286520 2116.0
1286530 2116.0
1286540 2107.1
1286550 2098.8
1286560 2098.8
1286570 2089.7
1286580 2081.3
1286590 2081.3
1286600 2074.1
1286610 2067.3
1286620 2067.3
1286630 2060.3
1286640 2053.4
1286650 2047.1
1286660 2047.1
1286670 2041.3
1286680 2035.6
1286690 2035.6
1286700 2030.3
1286710 2024.9
1286720 2024.9
1286730 2020.0
1286740 2014.5
1286750 2014.5
1286760 2008.0
1286770 2001.4
1286780 2001.4
1286790 1994.4
1286800 1987.5
1286810 1987.5
1286820 1981.3
1286830 1980.3
1286840 1980.3
1286850 1975.2
1286860 1970.3
1286870 1970.3
1286880 1966.5
1286890 1962.5
1286900 1959.5
1286910 1959.5
1286920 1957.2
1286930 1954.0
1286940 1954.0
1286950 1951.1
1286960 1949.5
1286970 1949.5
1286980 1947.9
1286990 1946.0
1287000 1946.0
1287010 1946.0
1287020 1946.4
1287030 1946.4
1287040 1946.2
1287050 1945.8
1287060 1945.8
1287070 1945.3
1287080 1945.2
1287090 1945.2
1287100 1943.4
1287110 1939.6
1287120 1939.6
1287130 1936.8
1287140 1937.5
1287150 1944.3
1287160 1944.3
1287170 1952.8
1287180 1957.5
1287190 1957.5
1287200 1960.8
1287210 1964.4
1287220 1964.4
1287230 1969.2
1287240 1974.4
1287250 1974.4
1287260 1978.8
1287270 1983.6
1287280 1983.6
1287290 1989.1
1287300 1996.7
1287310 1996.7
1287320 2002.8
1287330 2007.6
1287340 2007.6
1287350 2012.2
1287360 2016.4
1287370 2022.3
1287380 2022.3
1287390 2029.5
1287400 2035.9
1287410 2035.9
1287420 2041.7
1287430 2048.0
1287440 2048.0
1287450 2053.6
1287460 2058.3
1287470 2060.4
1287480 2068.2
1287490 2078.5
1287500 2078.5
1287510 2084.2
1287520 2090.6
1287530 2090.6
1287540 2098.5
1287550 2105.6
1287560 2105.6
1287570 2111.2
1287580 2116.4
1287590 2116.4
1287600 2125.0
1287610 2132.9
1287620 2137.2
1287630 2137.2
1287640 2140.6
1287650 2143.4
1287660 2143.4
1287670 2145.9
1287680 2148.6
1287690 2148.6
1287700 2152.5
1287710 2157.0
1287720 2157.0
1287730 2160.9
1287740 2163.7
1287750 2163.7
1287760 2166.4
1287770 2170.1
1287780 2170.1
1287790 2174.6
1287800 2178.6
1287810 2178.6
1287820 2183.1
1287830 2187.4
1287840 2187.4
1287850 2188.6
1287860 2188.8
1287870 2190.5
1287880 2190.5
1287890 2192.3
1287900 2195.1
1287910 2195.1
1287920 2200.5
1287930 2207.7
1287940 2207.7
1287950 2212.7
1287960 2215.3
1287970 2215.3
1287980 2217.6
1287990 2219.5
1288000 2219.5
1288010 2221.9
1288020 2226.4
1288030 2226.4
1288040 2230.8
1288050 2236.6
1288060 2236.6
1288070 2243.0
1288080 2246.7
1288090 2246.7
1288100 2249.1
1288110 2250.6
1288120 2252.3
1288130 2252.3
1288140 2253.6
1288150 2255.3
1288160 2255.3
1288170 2257.3
1288180 2258.8
1288190 2258.8
1288200 2260.8
1288210 2263.7
1288220 2263.7
1288230 2266.6
1288240 2268.6
1288250 2268.6
1288260 2270.1
1288270 2273.6
1288280 2273.6
1288290 2279.1
1288300 2283.5
1288310 2283.5
1288320 2287.6
1288330 2292.0
1288340 2296.2
1288350 2296.2
1288360 2299.9
1288370 2303.8
1288380 2303.8
1288390 2308.1
1288400 2311.1
1288410 2311.1
1288420 2313.2
1288430 2315.3
1288440 2315.3
1288450 2315.9
1288460 2317.6
1288470 2317.6
1288480 2319.5
1288490 2321.5
1288500 2321.5
1288510 2321.8
1288520 2322.6
1288530 2322.6
1288540 2325.1
1288550 2327.9
1288560 2327.9
1288570 2331.2
1288580 2334.7
1288590 2338.0
1288600 2338.0
1288610 2341.7
1288620 2346.2
1288630 2346.2
1288640 2352.0
1288650 2357.9
1288660 2357.9
1288670 2363.4
1288680 2368.4
1288690 2368.4
1288700 2372.9
1288710 2375.7
1288720 2375.7
1288730 2376.6
1288740 2378.4
1288750 2378.4
1288760 2379.6
1288770 2378.4
1288780 2378.4
1288790 2378.1
1288800 2379.9
1288810 2379.9
1288820 2382.7
1288830 2385.5
1288840 2389.3
1288850 2389.3
1288860 2396.3
1288870 2403.7
1288880 2403.7
1288890 2410.2
1288900 2417.2
1288910 2417.2
1288920 2423.3
1288930 2429.5
1288940 2429.5
1288950 2436.1
1288960 2444.6
1288970 2444.6
1288980 2453.3
1288990 2461.7
1289000 2461.7
1289010 2467.4
1289020 2473.3
1289030 2473.3
1289040 2480.3
1289050 2487.6
1289060 2487.6
1289070 2494.4
1289080 2501.1
1289090 2508.3
1289100 2508.3
1289110 2514.6
1289120 2520.8
1289130 2520.8
1289140 2527.1
1289150 2533.3
1289160 2533.3
1289170 2539.6
1289180 2545.7
1289190 2545.7
1289200 2552.7
1289210 2559.3
1289220 2559.3
1289230 2565.9
1289240 2573.2
1289250 2573.2
1289260 2583.8
1289270 2591.0
1289280 2591.0
1289290 2591.2
1289300 2585.7
1289310 2582.0
1289320 2582.0
1289330 2579.6
1289340 2574.9
1289350 2574.9
1289360 2570.6
1289370 2564.7
1289380 2564.7
1289390 2557.1
1289400 2548.3
1289410 2548.3
1289420 2539.4
1289430 2531.8
1289440 2531.8
1289450 2524.9
1289460 2518.7
1289470 2518.7
1289480 2512.3
1289490 2506.0
1289500 2506.0
1289510 2499.6
1289520 2493.0
1289530 2493.0
1289540 2486.2
1289550 2479.6
1289560 2473.9
1289570 2473.9
1289580 2468.9
1289590 2464.3
1289600 2464.3
1289610 2461.0
1289620 2456.9
1289630 2456.9
1289640 2452.1
1289650 2448.5
1289660 2448.5
1289670 2446.2
1289680 2444.1
1289690 2444.1
1289700 2442.6
1289710 2441.3
1289720 2441.3
1289730 2437.2
1289740 2429.7
1289750 2429.7
1289760 2422.7
1289770 2418.0
1289780 2418.0
1289790 2415.8
1289800 2414.2
1289810 2413.0
1289820 2413.0
1289830 2413.6
1289840 2412.1
1289850 2412.1
1289860 2407.8
1289870 2402.6
1289880 2402.6
1289890 2397.4
1289900 2392.5
1289910 2392.5
1289920 2388.0
1289930 2383.5
1289940 2383.5
1289950 2379.2
1289960 2377.0
1289970 2377.0
1289980 2373.0
1289990 2370.5
1290000 2370.5
1290010 2369.3
1290020 2367.3
1290030 2367.3
1290040 2365.6
1290050 2365.1
1290060 2363.4
1290070 2362.2
1290080 2360.2
1290090 2357.3
1290100 2357.3
1290110 2354.5
1290120 2351.9
1290130 2351.9
1290140 2348.7
1290150 2345.6
1290160 2345.6
1290170 2342.9
1290180 2339.7
1290190 2339.7
1290200 2335.4
1290210 2330.4
1290220 2330.4
1290230 2326.5
1290240 2322.9
1290250 2322.9
1290260 2319.9
1290270 2316.9
1290280 2315.5
1290290 2315.5
1290300 2313.1
1290310 2307.5
1290320 2307.5
1290330 2300.2
1290340 2294.1
1290350 2294.1
1290360 2286.9
1290370 2279.1
1290380 2279.1
1290390 2272.8
1290400 2268.2
1290410 2268.2
1290420 2264.9
1290430 2263.6
1290440 2263.6
1290450 2256.8
1290460 2249.8
1290470 2249.8
1290480 2244.0
1290490 2239.4
1290500 2239.4
1290510 2234.4
1290520 2228.8
1290530 2226.8
1290540 2226.8
1290550 2224.4
1290560 2221.9
1290570 2221.9
1290580 2220.2
1290590 2215.4
1290600 2215.4
1290610 2209.1
1290620 2205.1
1290630 2205.1
1290640 2200.7
1290650 2196.8
1290660 2196.8
1290670 2190.2
1290680 2182.3
1290690 2182.3
1290700 2174.2
1290710 2166.5
1290720 2169.6
1290730 2165.7
1290740 2159.9
1290750 2159.9
1290760 2149.7
1290770 2138.8
1290780 2131.8
1290790 2131.8
1290800 2126.3
1290810 2117.8
1290820 2117.8
1290830 2108.5
1290840 2096.7
1290850 2096.7
1290860 2085.4
1290870 2077.9
1290880 2077.9
1290890 2071.4
1290900 2063.5
1290910 2063.5
1290920 2054.1
1290930 2044.8
1290940 2044.8
1290950 2036.8
1290960 2030.2
1290970 2030.2
1290980 2024.9
1290990 2019.8
1291000 2019.8
1291010 2014.9
1291020 2010.2
1291030 2005.0
1291040 2005.0
1291050 1999.5
1291060 1993.0
1291070 1993.0
1291080 1986.3
1291090 1979.4
1291100 1979.4
1291110 1972.4
1291120 1962.9
1291130 1962.9
1291140 1951.5
1291150 1941.0
1291160 1941.0
1291170 1929.8
1291180 1919.0
1291190 1919.0
1291200 1909.4
1291210 1900.7
1291220 1900.7
1291230 1893.2
1291240 1887.8
1291250 1882.8
1291260 1882.8
1291270 1877.9
1291280 1872.7
1291290 1872.7
1291300 1868.9
1291310 1865.9
1291320 1865.9
1291330 1861.9
1291340 1857.4
1291350 1857.4
1291360 1853.2
1291370 1848.0
1291380 1845.1
1291390 1838.7
1291400 1832.4
1291410 1832.4
1291420 1825.7
1291430 1818.7
1291440 1818.7
1291450 1812.2
1291460 1805.6
1291470 1805.6
1291480 1799.4
1291490 1793.8
1291500 1789.0
1291510 1789.0
1291520 1785.1
1291530 1780.7
1291540 1780.7
1291550 1776.8
1291560 1775.6
1291570 1775.6
1291580 1775.4
1291590 1775.4
1291600 1775.4
1291610 1775.2
1291620 1776.1
1291630 1776.1
1291640 1780.9
1291650 1787.1
1291660 1787.1
1291670 1794.5
1291680 1802.1
1291690 1802.1
1291700 1807.5
1291710 1811.4
1291720 1811.4
1291730 1819.3
1291740 1829.7
1291750 1837.8
1291760 1837.8
1291770 1843.6
1291780 1848.0
1291790 1848.0
1291800 1853.4
1291810 1860.1
1291820 1860.1
1291830 1867.2
1291840 1872.9
1291850 1872.9
1291860 1880.1
1291870 1888.3
1291880 1888.3
1291890 1894.7
1291900 1898.6
1291910 1898.6
1291920 1903.3
1291930 1906.3
1291940 1906.3
1291950 1907.7
1291960 1911.0
1291970 1916.8
1291980 1916.8
1291990 1924.1
1292000 1933.3
1292010 1933.3
1292020 1939.5
1292030 1942.0
1292040 1946.7
1292050 1948.7
1292060 1950.9
1292070 1950.9
1292080 1953.1
1292090 1955.0
1292100 1955.0
1292110 1956.5
1292120 1957.8
1292130 1957.8
1292140 1958.5
1292150 1959.0
1292160 1959.0
1292170 1961.0
1292180 1963.7
1292190 1963.7
1292200 1966.9
1292210 1968.9
1292220 1970.1
1292230 1970.1
1292240 1971.9
1292250 1975.6
1292260 1975.6
1292270 1980.4
1292280 1982.3
1292290 1982.3
1292300 1983.2
1292310 1984.8
1292320 1984.8
1292330 1987.0
1292340 1990.8
1292350 1990.8
1292360 1995.4
1292370 1999.9
1292380 1999.9
1292390 2002.8
1292400 2005.6
1292410 2005.6
1292420 2009.4
1292430 2012.7
1292440 2012.7
1292450 2014.8
1292460 2016.8
1292470 2018.3
1292480 2018.3
1292490 2022.3
1292500 2026.4
1292510 2026.4
1292520 2031.1
1292530 2035.8
1292540 2035.8
1292550 2039.0
1292560 2043.7
1292570 2043.7
1292580 2047.6
1292590 2052.5
1292600 2052.5
1292610 2055.0
1292620 2057.4
1292630 2057.4
1292640 2059.6
1292650 2061.7
1292660 2061.7
1292670 2063.9
1292680 2066.9
1292690 2066.9
1292700 2074.8
1292710 2081.6
1292720 2090.0
1292730 2090.0
1292740 2095.8
1292750 2100.5
1292760 2100.5
1292770 2104.4
1292780 2108.2
1292790 2108.2
1292800 2112.3
1292810 2116.5
1292820 2116.5
1292830 2121.4
1292840 2127.2
1292850 2127.2
1292860 2133.0
1292870 2138.9
1292880 2138.9
1292890 2145.2
1292900 2152.2
1292910 2152.2
1292920 2158.9
1292930 2164.5
1292940 2169.9
1292950 2169.9
1292960 2175.7
1292970 2181.8
1292980 2181.8
1292990 2186.2
1293000 2190.9
1293010 2190.9
1293020 2196.4
1293030 2202.7
1293040 2202.7
1293050 2210.3
1293060 2217.4
1293070 2217.4
1293080 2223.1
1293090 2229.1
1293100 2229.1
1293110 2235.8
1293120 2244.2
1293130 2244.2
1293140 2250.9
1293150 2256.9
1293160 2256.9
1293170 2264.2
1293180 2271.6
1293190 2277.1
1293200 2277.1
1293210 2282.6
1293220 2288.0
1293230 2288.0
1293240 2291.8
1293250 2294.4
1293260 2294.4
1293270 2295.8
1293280 2297.0
1293290 2297.0
1293300 2298.7
1293310 2301.0
1293320 2301.0
1293330 2304.0
1293340 2308.2
1293350 2308.2
1293360 2312.1
1293370 2320.0
1293380 2320.0
1293390 2323.9
1293400 2328.3
1293410 2328.3
1293420 2331.7
1293430 2333.9
1293440 2335.7
1293450 2335.7
1293460 2337.2
1293470 2338.3
1293480 2338.3
1293490 2340.0
1293500 2341.3
1293510 2341.3
1293520 2341.3
1293530 2340.3
1293540 2340.3
1293550 2338.4
1293560 2336.8
1293570 2336.8
1293580 2336.9
1293590 2337.6
1293600 2337.6
1293610 2338.1
1293620 2337.7
1293630 2337.7
1293640 2337.3
1293650 2338.6
1293660 2338.6
1293670 2341.2
1293680 2342.1
1293690 2343.7
1293700 2343.7
1293710 2345.0
1293720 2346.1
1293730 2346.1
1293740 2347.2
1293750 2348.4
1293760 2348.4
1293770 2350.0
1293780 2352.3
1293790 2352.3
1293800 2353.3
1293810 2353.4
1293820 2353.4
1293830 2353.5
1293840 2349.2
1293850 2349.2
1293860 2332.1
1293870 2320.4
1293880 2320.4
1293890 2312.4
1293900 2301.8
1293910 2288.5
1293920 2288.5
1293930 2281.8
1293940 2276.4
1293950 2276.4
1293960 2270.7
1293970 2267.2
1293980 2267.2
1293990 2263.8
1294000 2259.6
1294010 2259.6
1294020 2255.5
1294030 2254.3
1294040 2254.3
1294050 2249.8
1294060 2245.0
1294070 2245.0
1294080 2239.2
1294090 2233.3
1294100 2233.3
1294110 2227.5
1294120 2221.9
1294130 2221.9
1294140 2216.8
1294150 2212.7
1294160 2207.9
1294170 2207.9
1294180 2204.1
1294190 2201.3
1294200 2201.3
1294210 2197.7
1294220 2193.4
1294230 2193.4
1294240 2187.8
1294250 2182.7
1294260 2182.7
1294270 2177.4
1294280 2172.8
1294290 2172.8
1294300 2170.1
1294310 2166.7
1294320 2166.7
1294330 2162.6
1294340 2159.1
1294350 2159.1
1294360 2157.0
1294370 2154.9
1294380 2154.9
1294390 2152.0
1294400 2147.6
1294410 2142.6
1294420 2142.6
1294430 2138.7
1294440 2135.9
1294450 2135.9
1294460 2133.9
1294470 2132.3
1294480 2132.3
1294490 2130.4
1294500 2127.2
1294510 2127.2
1294520 2122.3
1294530 2116.8
1294540 2116.8
1294550 2112.4
1294560 2108.3
1294570 2108.3
1294580 2102.8
1294590 2096.7
1294600 2096.7
1294610 2092.6
1294620 2089.5
1294630 2085.4
1294640 2085.4
1294650 2082.1
1294660 2077.2
1294670 2077.2
1294680 2071.0
1294690 2065.1
1294700 2068.5
1294710 2062.4
1294720 2056.3
1294730 2056.3
1294740 2050.6
1294750 2043.6
1294760 2043.6
1294770 2036.4
1294780 2028.9
1294790 2028.9
1294800 2022.5
1294810 2016.9
1294820 2016.9
1294830 2010.8
1294840 2003.6
1294850 2003.6
1294860 1996.6
1294870 1990.6
1294880 1985.1
1294890 1985.1
1294900 1979.3
1294910 1972.4
1294920 1972.4
1294930 1965.1
1294940 1957.7
1294950 1957.7
1294960 1951.7
1294970 1946.1
1294980 1946.1
1294990 1940.7
1295000 1935.7
1295010 1935.7
1295020 1930.4
1295030 1924.5
1295040 1924.5
1295050 1917.3
1295060 1909.3
1295070 1909.3
1295080 1902.0
1295090 1896.2
1295100 1896.2
1295110 1889.2
1295120 1883.3
1295130 1879.3
1295140 1879.3
1295150 1876.9
1295160 1872.0
1295170 1872.0
1295180 1869.6
1295190 1867.6
1295200 1867.6
1295210 1862.3
1295220 1857.7
1295230 1857.7
1295240 1854.3
1295250 1851.3
1295260 1851.3
1295270 1847.9
1295280 1844.9
1295290 1844.9
1295300 1843.1
1295310 1840.8
1295320 1840.8
1295330 1837.9
1295340 1835.0
1295350 1835.0
1295360 1831.9
1295370 1832.5
1295380 1828.7
1295390 1828.7
1295400 1824.3
1295410 1820.8
1295420 1820.8
1295430 1819.4
1295440 1819.1
1295450 1819.1
1295460 1818.8
1295470 1817.1
1295480 1817.1
1295490 1814.0
1295500 1810.5
1295510 1810.5
1295520 1805.5
1295530 1801.8
1295540 1801.8
1295550 1798.1
1295560 1794.1
1295570 1794.1
1295580 1791.9
1295590 1789.9
1295600 1787.2
1295610 1787.2
1295620 1783.2
1295630 1777.8
1295640 1777.8
1295650 1771.9
1295660 1766.5
1295670 1766.5
1295680 1760.7
1295690 1754.7
1295700 1754.7
1295710 1749.2
1295720 1745.3
1295730 1745.3
1295740 1743.1
1295750 1742.4
1295760 1742.4
1295770 1740.7
1295780 1737.9
1295790 1737.9
1295800 1735.1
1295810 1731.7
1295820 1731.7
1295830 1728.3
1295840 1723.9
1295850 1717.8
1295860 1717.8
1295870 1714.3
1295880 1711.1
1295890 1711.1
1295900 1704.3
1295910 1701.9
1295920 1701.9
1295930 1701.2
1295940 1701.0
1295950 1701.0
1295960 1700.9
1295970 1700.9
1295980 1700.9
1295990 1701.0
1296000 1699.1
1296010 1699.1
1296020 1700.5
1296030 1706.1
1296040 1706.8
1296050 1714.6
1296060 1722.2
1296070 1722.2
1296080 1730.9
1296090 1739.8
1296100 1747.9
1296110 1747.9
1296120 1755.4
1296130 1763.2
1296140 1763.2
1296150 1770.2
1296160 1779.1
1296170 1779.1
1296180 1788.9
1296190 1797.2
1296200 1797.2
1296210 1805.1
1296220 1812.4
1296230 1812.4
1296240 1818.3
1296250 1824.6
1296260 1824.6
1296270 1829.7
1296280 1833.8
1296290 1833.8
1296300 1839.9
1296310 1845.1
1296320 1848.8
1296330 1848.8
1296340 1852.7
1296350 1856.9
1296360 1856.9
1296370 1861.8
1296380 1867.5
1296390 1867.5
1296400 1873.1
1296410 1880.6
1296420 1880.6
1296430 1887.0
1296440 1891.8
1296450 1891.8
1296460 1897.0
1296470 1901.9
1296480 1901.9
1296490 1906.7
1296500 1912.1
1296510 1912.1
1296520 1918.6
1296530 1924.6
1296540 1924.6
1296550 1930.1
1296560 1935.3
1296570 1940.5
1296580 1940.5
1296590 1945.2
1296600 1949.9
1296610 1949.9
1296620 1955.2
1296630 1959.9
1296640 1959.9
1296650 1963.0
1296660 1966.8
1296670 1966.8
1296680 1969.9
1296690 1972.4
1296700 1972.4
1296710 1974.4
1296720 1977.4
1296730 1977.4
1296740 1980.3
1296750 1982.4
1296760 1982.4
1296770 1985.2
1296780 1988.8
1296790 1988.8
1296800 1992.8
1296810 1997.8
1296820 2003.6
1296830 2003.6
1296840 2008.6
1296850 2014.5
1296860 2014.5
1296870 2021.5
1296880 2027.9
1296890 2027.9
1296900 2034.0
1296910 2039.6
1296920 2039.6
1296930 2043.4
1296940 2047.5
1296950 2047.5
1296960 2053.8
1296970 2061.8
1296980 2061.8
1296990 2069.5
1297000 2075.3
1297010 2075.3
1297020 2079.4
1297030 2084.1
1297040 2084.1
1297050 2088.3
1297060 2092.3
1297070 2096.2
1297080 2096.2
1297090 2099.4
1297100 2102.5
1297110 2102.5
1297120 2105.8
1297130 2109.3
1297140 2109.3
1297150 2112.8
1297160 2115.9
1297170 2115.9
1297180 2119.1
1297190 2122.1
1297200 2122.1
1297210 2125.1
1297220 2128.3
1297230 2128.3
1297240 2130.8
1297250 2132.8
1297260 2132.8
1297270 2135.2
1297280 2139.0
1297290 2142.6
1297300 2142.6
1297310 2145.9
1297320 2148.7
1297330 2148.7
1297340 2150.5
1297350 2152.2
1297360 2152.2
1297370 2154.2
1297380 2156.5
1297390 2156.5
1297400 2161.7
1297410 2163.0
1297420 2163.0
1297430 2164.2
1297440 2165.2
1297450 2165.2
1297460 2166.6
1297470 2168.5
1297480 2168.5
1297490 2170.5
1297500 2172.6
1297510 2172.6
1297520 2173.9
1297530 2174.8
1297540 2178.5
1297550 2178.5
1297560 2182.2
1297570 2184.4
1297580 2184.4
1297590 2187.2
1297600 2191.5
1297610 2191.5
1297620 2196.1
1297630 2200.2
1297640 2200.2
1297650 2203.7
1297660 2207.5
1297670 2207.5
1297680 2211.5
1297690 2215.5
1297700 2215.5
1297710 2220.3
1297720 2227.1
1297730 2227.1
1297740 2234.4
1297750 2240.8
1297760 2240.8
1297770 2246.2
1297780 2250.4
1297790 2254.4
1297800 2254.4
1297810 2259.0
1297820 2264.2
1297830 2264.2
1297840 2269.4
1297850 2276.5
1297860 2276.5
1297870 2282.9
1297880 2289.4
1297890 2289.4
1297900 2295.9
1297910 2302.1
1297920 2302.1
1297930 2308.0
1297940 2314.6
1297950 2314.6
1297960 2320.6
1297970 2326.5
1297980 2326.5
1297990 2332.6
1298000 2337.3
1298010 2340.9
1298020 2340.9
1298030 2344.1
1298040 2347.5
1298050 2347.5
1298060 2353.2
1298070 2360.8
1298080 2363.9
1298090 2370.2
1298100 2376.7
1298110 2376.7
1298120 2382.7
1298130 2386.6
1298140 2386.6
1298150 2390.3
1298160 2393.5
1298170 2393.5
1298180 2396.6
1298190 2399.8
1298200 2399.8
1298210 2401.2
1298220 2404.7
1298230 2404.7
1298240 2409.7
1298250 2412.8
1298260 2417.0
1298270 2417.0
1298280 2421.0
1298290 2424.7
1298300 2424.7
1298310 2429.0
1298320 2433.9
1298330 2433.9
1298340 2439.1
1298350 2443.9
1298360 2443.9
1298370 2448.2
1298380 2453.0
1298390 2453.0
1298400 2458.8
1298410 2464.6
1298420 2464.6
1298430 2468.6
1298440 2472.8
1298450 2472.8
1298460 2475.6
1298470 2478.9
1298480 2478.9
1298490 2482.5
1298500 2484.9
1298510 2487.3
1298520 2487.3
1298530 2491.5
1298540 2496.7
1298550 2496.7
1298560 2502.5
1298570 2507.6
1298580 2507.6
1298590 2511.2
1298600 2515.9
1298610 2515.9
1298620 2521.9
1298630 2526.7
1298640 2526.7
1298650 2531.9
1298660 2537.9
1298670 2537.9
1298680 2543.4
1298690 2545.8
1298700 2545.8
1298710 2543.2
1298720 2538.9
1298730 2538.9
1298740 2533.5
1298750 2527.4
1298760 2524.7
1298770 2524.7
1298780 2518.2
1298790 2511.3
1298800 2511.3
1298810 2503.3
1298820 2497.0
1298830 2497.0
1298840 2491.3
1298850 2486.2
1298860 2486.2
1298870 2481.4
1298880 2477.0
1298890 2477.0
1298900 2472.7
1298910 2468.9
1298920 2468.9
1298930 2467.7
1298940 2467.1
1298950 2467.1
1298960 2463.8
1298970 2459.2
1298980 2451.7
1298990 2451.7
1299000 2447.2
1299010 2444.3
1299020 2444.3
1299030 2441.9
1299040 2439.5
1299050 2439.5
1299060 2437.7
1299070 2435.9
1299080 2435.9
1299090 2433.7
1299100 2432.9
1299110 2432.9
1299120 2432.1
1299130 2433.4
1299140 2433.4
1299150 2434.7
1299160 2437.8
1299170 2437.8
1299180 2442.2
1299190 2446.2
1299200 2446.2
1299210 2453.5
1299220 2454.7
1299230 2448.1
1299240 2448.1
1299250 2443.4
1299260 2439.1
1299270 2439.1
1299280 2434.3
1299290 2429.5
1299300 2429.5
1299310 2423.3
1299320 2416.8
1299330 2416.8
1299340 2412.9
1299350 2412.5
1299360 2412.5
1299370 2415.7
1299380 2420.2
1299390 2420.2
1299400 2425.3
1299410 2430.3
1299420 2430.3
1299430 2435.0
1299440 2443.3
1299450 2443.3
1299460 2438.6
1299470 2436.6
1299480 2430.0
1299490 2430.0
1299500 2417.7
1299510 2411.5
1299520 2411.5
1299530 2407.0
1299540 2403.1
1299550 2403.1
1299560 2394.0
1299570 2379.7
1299580 2379.7
1299590 2372.3
1299600 2366.5
1299610 2366.5
1299620 2361.8
1299630 2358.4
1299640 2358.4
1299650 2355.8
1299660 2354.8
1299670 2354.8
1299680 2354.9
1299690 2353.3
1299700 2343.5
1299710 2343.5
1299720 2339.6
1299730 2339.3
1299740 2339.3
1299750 2340.3
1299760 2340.7
1299770 2340.7
1299780 2337.9
1299790 2337.5
1299800 2337.5
1299810 2337.5
1299820 2335.0
1299830 2335.0
1299840 2329.7
1299850 2326.0
1299860 2326.0
1299870 2325.2
1299880 2324.5
1299890 2324.5
1299900 2322.4
1299910 2319.8
1299920 2319.8
1299930 2318.0
1299940 2317.9
1299950 2318.4
1299960 2318.4
1299970 2318.7
1299980 2319.4
1299990 2319.4
