1280000 2333.7
1280010 2335.1
1280020 2337.7
1280030 2337.7
1280040 2339.6
1280050 2340.7
1280060 2340.7
1280070 2340.1
1280080 2340.7
1280090 2340.7
1280100 2342.6
1280110 2344.9
1280120 2346.1
1280130 2346.1
1280140 2347.8
1280150 2349.3
1280160 2349.3
1280170 2349.7
1280180 2350.1
1280190 2350.1
1280200 2350.4
1280210 2349.8
1280220 2349.8
1280230 2351.3
1280240 2354.7
1280250 2354.7
1280260 2358.2
1280270 2360.6
1280280 2360.6
1280290 2361.5
1280300 2362.4
1280310 2362.4
1280320 2363.2
1280330 2364.8
1280340 2364.8
1280350 2365.2
1280360 2365.7
1280370 2366.5
1280380 2366.5
1280390 2367.5
1280400 2368.8
1280410 2368.8
1280420 2369.3
1280430 2368.9
1280440 2368.9
1280450 2370.2
1280460 2371.3
1280470 2371.3
1280480 2371.4
1280490 2372.1
1280500 2372.1
1280510 2374.7
1280520 2378.2
1280530 2378.2
1280540 2382.0
1280550 2386.1
1280560 2386.1
1280570 2389.4
1280580 2391.4
1280590 2391.4
1280600 2392.4
1280610 2393.5
1280620 2394.9
1280630 2394.9
1280640 2396.8
1280650 2399.3
1280660 2399.3
1280670 2401.5
1280680 2404.0
1280690 2404.0
1280700 2405.5
1280710 2408.1
1280720 2408.1
1280730 2410.0
1280740 2410.3
1280750 2410.3
1280760 2412.1
1280770 2414.8
1280780 2414.8
1280790 2418.3
1280800 2420.9
1280810 2420.9
1280820 2423.1
1280830 2424.4
1280840 2424.4
1280850 2426.0
1280860 2426.7
1280870 2428.8
1280880 2428.8
1280890 2431.2
1280900 2432.4
1280910 2432.4
1280920 2434.3
1280930 2436.9
1280940 2436.9
1280950 2440.4
1280960 2443.0
1280970 2443.0
1280980 2445.1
1280990 2447.0
1281000 2447.0
1281010 2447.9
1281020 2446.6
1281030 2446.6
1281040 2449.5
1281050 2452.9
1281060 2452.9
1281070 2456.5
1281080 2460.3
1281090 2463.7
1281100 2463.7
1281110 2465.9
1281120 2466.3
1281130 2466.3
1281140 2465.7
1281150 2465.2
1281160 2465.2
1281170 2463.7
1281180 2463.5
1281190 2463.5
1281200 2466.4
1281210 2469.4
1281220 2469.4
1281230 2471.2
1281240 2472.2
1281250 2472.2
1281260 2473.1
1281270 2475.1
1281280 2475.1
1281290 2476.9
1281300 2477.8
1281310 2477.8
1281320 2478.9
1281330 2481.5
1281340 2482.9
1281350 2482.9
1281360 2483.7
1281370 2484.9
1281380 2484.9
1281390 2479.7
1281400 2472.1
1281410 2472.1
1281420 2465.8
1281430 2459.6
1281440 2459.6
1281450 2454.6
1281460 2450.4
1281470 2450.4
1281480 2444.8
1281490 2437.5
1281500 2437.5
1281510 2430.6
1281520 2425.4
1281530 2425.4
1281540 2420.8
1281550 2416.4
1281560 2416.4
1281570 2413.7
1281580 2412.0
1281590 2410.9
1281600 2410.9
1281610 2410.4
1281620 2409.5
1281630 2409.5
1281640 2407.9
1281650 2399.0
1281660 2399.0
1281670 2396.6
1281680 2396.3
1281690 2396.3
1281700 2396.6
1281710 2396.1
1281720 2396.1
1281730 2394.5
1281740 2392.6
1281750 2392.6
1281760 2390.9
1281770 2390.9
1281780 2390.9
1281790 2392.1
1281800 2393.0
1281810 2392.9
1281820 2392.9
1281830 2392.7
1281840 2392.5
1281850 2392.5
1281860 2392.5
1281870 2393.1
1281880 2393.1
1281890 2393.3
1281900 2393.7
1281910 2393.7
1281920 2394.5
1281930 2395.0
1281940 2395.0
1281950 2394.9
1281960 2395.1
1281970 2395.1
1281980 2396.0
1281990 2395.8
1282000 2395.8
1282010 2395.7
1282020 2395.2
1282030 2395.2
1282040 2395.6
1282050 2398.4
1282060 2402.9
1282070 2402.9
1282080 2406.0
1282090 2407.8
1282100 2407.8
1282110 2409.0
1282120 2409.1
1282130 2409.1
1282140 2409.2
1282150 2409.2
1282160 2409.2
1282170 2411.1
1282180 2413.4
1282190 2413.4
1282200 2416.2
1282210 2419.1
1282220 2419.1
1282230 2422.1
1282240 2425.2
1282250 2425.2
1282260 2428.7
1282270 2427.3
1282280 2427.3
1282290 2430.9
1282300 2435.0
1282310 2439.3
1282320 2439.3
1282330 2443.1
1282340 2445.9
1282350 2445.9
1282360 2448.5
1282370 2451.3
1282380 2451.3
1282390 2454.0
1282400 2456.5
1282410 2456.5
1282420 2459.6
1282430 2463.7
1282440 2463.7
1282450 2467.8
1282460 2472.0
1282470 2472.0
1282480 2480.4
1282490 2486.1
1282500 2486.1
1282510 2488.7
1282520 2491.5
1282530 2491.5
1282540 2494.9
1282550 2495.9
1282560 2497.3
1282570 2497.3
1282580 2500.7
1282590 2504.1
1282600 2504.1
1282610 2505.2
1282620 2505.3
1282630 2505.3
1282640 2506.7
1282650 2506.7
1282660 2506.7
1282670 2506.8
1282680 2507.2
1282690 2507.2
1282700 2508.9
1282710 2511.2
1282720 2511.2
1282730 2513.2
1282740 2515.9
1282750 2515.9
1282760 2518.9
1282770 2521.6
1282780 2524.8
1282790 2524.8
1282800 2530.4
1282810 2535.7
1282820 2535.7
1282830 2540.5
1282840 2542.9
1282850 2542.9
1282860 2544.3
1282870 2545.4
1282880 2545.4
1282890 2549.2
1282900 2543.6
1282910 2543.6
1282920 2551.9
1282930 2561.0
1282940 2561.0
1282950 2568.1
1282960 2573.3
1282970 2573.3
1282980 2576.9
1282990 2580.0
1283000 2580.0
1283010 2582.3
1283020 2582.2
1283030 2580.4
1283040 2580.4
1283050 2574.4
1283060 2567.7
1283070 2567.7
1283080 2563.7
1283090 2562.6
1283100 2562.6
1283110 2562.9
1283120 2564.1
1283130 2564.1
1283140 2565.8
1283150 2567.3
1283160 2567.3
1283170 2568.8
1283180 2570.1
1283190 2570.1
1283200 2572.2
1283210 2573.6
1283220 2573.6
1283230 2574.8
1283240 2575.3
1283250 2575.3
1283260 2577.5
1283270 2580.9
1283280 2582.8
1283290 2582.8
1283300 2586.0
1283310 2587.8
1283320 2587.8
1283330 2589.2
1283340 2590.1
1283350 2590.1
1283360 2590.4
1283370 2591.0
1283380 2591.0
1283390 2591.1
1283400 2590.6
1283410 2590.6
1283420 2589.2
1283430 2590.8
1283440 2590.8
1283450 2593.3
1283460 2596.8
1283470 2596.8
1283480 2600.4
1283490 2603.4
1283500 2603.4
1283510 2606.9
1283520 2610.1
1283530 2616.8
1283540 2616.8
1283550 2618.9
1283560 2620.6
1283570 2620.6
1283580 2622.7
1283590 2623.1
1283600 2623.1
1283610 2624.8
1283620 2628.5
1283630 2628.5
1283640 2632.1
1283650 2634.0
1283660 2634.0
1283670 2636.2
1283680 2638.4
1283690 2638.4
1283700 2639.0
1283710 2641.3
1283720 2641.3
1283730 2642.5
1283740 2641.5
1283750 2639.9
1283760 2639.9
1283770 2639.5
1283780 2639.9
1283790 2639.9
1283800 2641.7
1283810 2643.9
1283820 2643.9
1283830 2646.2
1283840 2648.0
1283850 2648.0
1283860 2651.2
1283870 2656.5
1283880 2656.5
1283890 2662.8
1283900 2669.0
1283910 2669.0
1283920 2672.1
1283930 2675.5
1283940 2675.5
1283950 2678.0
1283960 2680.7
1283970 2680.7
1283980 2683.9
1283990 2684.5
1284000 2687.3
1284010 2687.3
1284020 2692.5
1284030 2696.7
1284040 2696.7
1284050 2700.4
1284060 2705.7
1284070 2705.7
1284080 2710.9
1284090 2715.9
1284100 2715.9
1284110 2721.0
1284120 2725.5
1284130 2725.5
1284140 2729.5
1284150 2733.1
1284160 2733.1
1284170 2734.5
1284180 2739.7
1284190 2739.7
1284200 2743.8
1284210 2743.4
1284220 2743.4
1284230 2735.7
1284240 2725.8
1284250 2718.6
1284260 2718.6
1284270 2710.4
1284280 2705.4
1284290 2705.4
1284300 2704.5
1284310 2700.8
1284320 2700.8
1284330 2693.1
1284340 2679.7
1284350 2679.7
1284360 2670.5
1284370 2662.2
1284380 2662.2
1284390 2654.3
1284400 2646.0
1284410 2646.0
1284420 2637.5
1284430 2628.2
1284440 2628.2
1284450 2619.6
1284460 2612.4
1284470 2605.4
1284480 2605.4
1284490 2598.4
1284500 2591.6
1284510 2591.6
1284520 2585.7
1284530 2581.8
1284540 2581.8
1284550 2581.2
1284560 2579.9
1284570 2579.9
1284580 2576.2
1284590 2570.3
1284600 2570.3
1284610 2564.8
1284620 2564.3
1284630 2564.3
1284640 2564.1
1284650 2563.6
1284660 2563.6
1284670 2561.7
1284680 2558.3
1284690 2558.3
1284700 2553.0
1284710 2545.9
1284720 2538.9
1284730 2538.9
1284740 2536.0
1284750 2534.6
1284760 2534.6
1284770 2532.4
1284780 2525.3
1284790 2525.3
1284800 2526.4
1284810 2522.8
1284820 2522.8
1284830 2521.1
1284840 2516.3
1284850 2516.3
1284860 2509.5
1284870 2506.9
1284880 2506.9
1284890 2505.1
1284900 2499.8
1284910 2499.8
1284920 2495.6
1284930 2493.7
1284940 2493.7
1284950 2491.8
1284960 2489.1
1284970 2487.7
1284980 2487.7
1284990 2488.1
1285000 2489.8
1285010 2489.8
1285020 2491.6
1285030 2493.5
1285040 2493.5
1285050 2495.5
1285060 2497.0
1285070 2497.0
1285080 2498.6
1285090 2500.0
1285100 2500.0
1285110 2501.4
1285120 2502.8
1285130 2502.8
1285140 2503.7
1285150 2503.5
1285160 2503.5
1285170 2502.3
1285180 2502.0
1285190 2502.0
1285200 2501.9
1285210 2502.4
1285220 2501.6
1285230 2501.6
1285240 2500.2
1285250 2499.4
1285260 2499.4
1285270 2497.3
1285280 2495.1
1285290 2495.1
1285300 2492.9
1285310 2493.9
1285320 2493.9
1285330 2497.8
1285340 2504.2
1285350 2504.2
1285360 2509.8
1285370 2515.1
1285380 2515.1
1285390 2522.0
1285400 2530.5
1285410 2530.5
1285420 2543.7
1285430 2557.0
1285440 2570.4
1285450 2570.4
1285460 2580.2
1285470 2587.2
1285480 2587.2
1285490 2590.9
1285500 2594.9
1285510 2594.9
1285520 2597.6
1285530 2589.3
1285540 2589.3
1285550 2579.0
1285560 2570.2
1285570 2570.2
1285580 2561.9
1285590 2554.0
1285600 2554.0
1285610 2546.3
1285620 2538.2
1285630 2538.2
1285640 2530.1
1285650 2522.3
1285660 2522.3
1285670 2514.9
1285680 2506.2
1285690 2498.6
1285700 2498.6
1285710 2492.2
1285720 2481.4
1285730 2481.4
1285740 2472.4
1285750 2465.4
1285760 2465.4
1285770 2459.2
1285780 2452.8
1285790 2452.8
1285800 2446.4
1285810 2440.3
1285820 2440.3
1285830 2434.6
1285840 2429.3
1285850 2429.3
1285860 2424.7
1285870 2419.3
1285880 2419.3
1285890 2415.3
1285900 2412.5
1285910 2412.5
1285920 2409.6
1285930 2405.7
1285940 2402.3
1285950 2402.3
1285960 2400.1
1285970 2394.8
1285980 2394.8
1285990 2387.4
1286000 2379.6
1286010 2379.6
1286020 2373.5
1286030 2370.0
1286040 2370.0
1286050 2366.0
1286060 2363.2
1286070 2363.2
1286080 2366.8
1286090 2364.2
1286100 2364.2
1286110 2361.7
1286120 2357.7
1286130 2357.7
1286140 2351.7
1286150 2344.5
1286160 2337.2
1286170 2337.2
1286180 2329.8
1286190 2322.1
1286200 2322.1
1286210 2313.6
1286220 2305.7
1286230 2305.7
1286240 2298.6
1286250 2292.1
1286260 2292.1
1286270 2285.8
1286280 2278.8
1286290 2278.8
1286300 2271.3
1286310 2264.3
1286320 2264.3
1286330 2257.5
1286340 2251.3
1286350 2251.3
1286360 2245.1
1286370 2238.6
1286380 2238.6
1286390 2231.5
1286400 2224.5
1286410 2217.7
1286420 2217.7
1286430 2210.0
1286440 2202.6
1286450 2202.6
1286460 2196.0
1286470 2189.9
1286480 2189.9
1286490 2183.5
1286500 2173.3
1286510 2173.3
1286520 2166.4
1286530 2160.6
1286540 2160.6
1286550 2151.6
1286560 2135.3
1286570 2135.3
1286580 2125.1
1286590 2116.7
1286600 2116.7
1286610 2109.8
1286620 2103.1
1286630 2103.1
1286640 2096.9
1286650 2091.1
1286660 2086.7
1286670 2086.7
1286680 2083.0
1286690 2078.8
1286700 2078.8
1286710 2074.4
1286720 2067.4
1286730 2067.4
1286740 2063.6
1286750 2059.8
1286760 2059.8
1286770 2057.0
1286780 2054.2
1286790 2054.2
1286800 2051.4
1286810 2048.8
1286820 2048.8
1286830 2046.0
1286840 2043.3
1286850 2043.3
1286860 2040.8
1286870 2038.7
1286880 2038.7
1286890 2036.9
1286900 2035.0
1286910 2032.4
1286920 2032.4
1286930 2030.1
1286940 2028.2
1286950 2028.2
1286960 2025.9
1286970 2023.6
1286980 2023.6
1286990 2021.9
1287000 2021.3
1287010 2021.3
1287020 2021.0
1287030 2020.0
1287040 2020.0
1287050 2018.5
1287060 2016.0
1287070 2016.0
1287080 2012.9
1287090 2008.2
1287100 2008.2
1287110 2002.3
1287120 2000.2
1287130 2007.0
1287140 2007.0
1287150 2012.7
1287160 2012.6
1287170 2012.6
1287180 2007.4
1287190 2004.6
1287200 2004.6
1287210 2007.3
1287220 2013.6
1287230 2013.6
1287240 2018.3
1287250 2023.2
1287260 2023.2
1287270 2028.2
1287280 2034.9
1287290 2034.9
1287300 2039.8
1287310 2044.0
1287320 2044.0
1287330 2047.9
1287340 2051.2
1287350 2051.2
1287360 2054.6
1287370 2064.7
1287380 2068.6
1287390 2068.6
1287400 2072.9
1287410 2077.8
1287420 2077.8
1287430 2083.4
1287440 2087.7
1287450 2087.7
1287460 2089.9
1287470 2091.7
1287480 2091.7
1287490 2094.6
1287500 2099.7
1287510 2099.7
1287520 2103.4
1287530 2108.3
1287540 2108.3
1287550 2113.4
1287560 2118.2
1287570 2118.2
1287580 2124.2
1287590 2129.9
1287600 2129.9
1287610 2136.0
1287620 2139.9
1287630 2145.6
1287640 2145.6
1287650 2151.1
1287660 2158.2
1287670 2158.2
1287680 2166.5
1287690 2173.0
1287700 2173.0
1287710 2179.2
1287720 2186.5
1287730 2186.5
1287740 2192.2
1287750 2197.5
1287760 2197.5
1287770 2203.6
1287780 2211.3
1287790 2211.3
1287800 2217.5
1287810 2223.1
1287820 2223.1
1287830 2231.5
1287840 2236.7
1287850 2236.7
1287860 2239.1
1287870 2242.6
1287880 2245.6
1287890 2245.6
1287900 2247.9
1287910 2249.8
1287920 2249.8
1287930 2251.4
1287940 2253.0
1287950 2253.0
1287960 2256.5
1287970 2260.1
1287980 2260.1
1287990 2262.3
1288000 2264.9
1288010 2265.5
1288020 2269.1
1288030 2271.6
1288040 2271.6
1288050 2274.5
1288060 2279.2
1288070 2279.2
1288080 2282.7
1288090 2285.0
1288100 2287.3
1288110 2287.3
1288120 2290.5
1288130 2294.0
1288140 2294.0
1288150 2298.8
1288160 2305.7
1288170 2305.7
1288180 2308.5
1288190 2309.9
1288200 2309.9
1288210 2310.9
1288220 2313.9
1288230 2313.9
1288240 2318.2
1288250 2321.8
1288260 2321.8
1288270 2325.8
1288280 2330.7
1288290 2330.7
1288300 2335.6
1288310 2338.8
1288320 2338.8
1288330 2341.5
1288340 2344.2
1288350 2346.6
1288360 2346.6
1288370 2349.4
1288380 2352.2
1288390 2352.2
1288400 2354.2
1288410 2356.1
1288420 2356.1
1288430 2358.2
1288440 2360.0
1288450 2360.0
1288460 2361.8
1288470 2364.8
1288480 2364.8
1288490 2370.1
1288500 2375.8
1288510 2375.8
1288520 2380.5
1288530 2383.8
1288540 2383.8
1288550 2385.8
1288560 2388.0
1288570 2388.0
1288580 2390.6
1288590 2393.3
1288600 2395.8
1288610 2395.8
1288620 2397.7
1288630 2399.1
1288640 2399.1
1288650 2400.7
1288660 2407.0
1288670 2407.0
1288680 2408.2
1288690 2409.6
1288700 2409.6
1288710 2411.8
1288720 2414.1
1288730 2414.1
1288740 2417.3
1288750 2422.1
1288760 2422.1
1288770 2428.3
1288780 2434.3
1288790 2434.3
1288800 2440.6
1288810 2442.9
1288820 2444.1
1288830 2444.1
1288840 2446.5
1288850 2448.9
1288860 2448.9
1288870 2454.5
1288880 2461.9
1288890 2461.9
1288900 2468.5
1288910 2475.1
1288920 2475.1
1288930 2481.8
1288940 2487.9
1288950 2487.9
1288960 2487.1
1288970 2485.8
1288980 2485.8
1288990 2485.4
1289000 2487.3
1289010 2487.3
1289020 2490.1
1289030 2492.6
1289040 2492.6
1289050 2495.3
1289060 2497.3
1289070 2499.1
1289080 2499.1
1289090 2501.3
1289100 2503.3
1289110 2503.3
1289120 2505.9
1289130 2510.9
1289140 2510.9
1289150 2516.8
1289160 2522.6
1289170 2522.6
1289180 2530.0
1289190 2536.8
1289200 2536.8
1289210 2543.0
1289220 2549.2
1289230 2549.2
1289240 2556.4
1289250 2563.6
1289260 2563.6
1289270 2570.5
1289280 2577.0
1289290 2577.0
1289300 2582.9
1289310 2584.2
1289320 2587.7
1289330 2587.7
1289340 2592.4
1289350 2591.4
1289360 2591.4
1289370 2586.4
1289380 2581.4
1289390 2581.4
1289400 2573.9
1289410 2566.3
1289420 2566.3
1289430 2562.8
1289440 2555.0
1289450 2555.0
1289460 2544.4
1289470 2537.2
1289480 2537.2
1289490 2531.3
1289500 2525.4
1289510 2525.4
1289520 2522.0
1289530 2517.4
1289540 2517.4
1289550 2509.1
1289560 2500.2
1289570 2492.3
1289580 2492.3
1289590 2484.6
1289600 2476.4
1289610 2476.4
1289620 2466.2
1289630 2454.9
1289640 2454.9
1289650 2445.0
1289660 2438.1
1289670 2438.1
1289680 2431.7
1289690 2426.1
1289700 2426.1
1289710 2421.5
1289720 2416.7
1289730 2416.7
1289740 2412.9
1289750 2409.6
1289760 2409.6
1289770 2406.3
1289780 2403.3
1289790 2401.6
1289800 2401.6
1289810 2399.6
1289820 2398.4
1289830 2398.4
1289840 2395.4
1289850 2391.7
1289860 2391.7
1289870 2386.5
1289880 2378.6
1289890 2378.6
1289900 2371.2
1289910 2366.8
1289920 2366.8
1289930 2366.1
1289940 2367.4
1289950 2367.4
1289960 2374.8
1289970 2376.2
1289980 2376.2
1289990 2377.1
1290000 2377.5
1290010 2377.5
1290020 2378.8
1290030 2381.6
1290040 2384.9
1290050 2384.9
1290060 2387.6
1290070 2387.8
1290080 2387.8
1290090 2386.4
1290100 2381.3
1290110 2381.3
1290120 2374.0
1290130 2366.7
1290140 2366.7
1290150 2359.9
1290160 2353.9
1290170 2353.9
1290180 2344.8
1290190 2335.8
1290200 2335.8
1290210 2327.7
1290220 2320.7
1290230 2320.7
1290240 2314.4
1290250 2307.7
1290260 2307.7
1290270 2301.0
1290280 2295.0
1290290 2287.7
1290300 2287.7
1290310 2280.1
1290320 2273.6
1290330 2273.6
1290340 2267.6
1290350 2260.3
1290360 2260.3
1290370 2250.3
1290380 2239.2
1290390 2239.2
1290400 2228.7
1290410 2219.5
1290420 2219.5
1290430 2211.6
1290440 2201.9
1290450 2201.9
1290460 2191.7
1290470 2184.3
1290480 2184.3
1290490 2178.6
1290500 2173.0
1290510 2167.9
1290520 2167.9
1290530 2163.1
1290540 2157.3
1290550 2157.3
1290560 2151.4
1290570 2145.3
1290580 2145.3
1290590 2138.6
1290600 2132.0
1290610 2132.8
1290620 2126.9
1290630 2121.3
1290640 2121.3
1290650 2115.1
1290660 2108.4
1290670 2108.4
1290680 2102.8
1290690 2097.4
1290700 2097.4
1290710 2091.0
1290720 2084.0
1290730 2084.0
1290740 2071.7
1290750 2060.0
1290760 2054.5
1290770 2054.5
1290780 2048.7
1290790 2043.7
1290800 2043.7
1290810 2037.6
1290820 2031.3
1290830 2031.3
1290840 2025.2
1290850 2018.8
1290860 2018.8
1290870 2012.2
1290880 2004.5
1290890 2004.5
1290900 1995.0
1290910 1985.5
1290920 1985.5
1290930 1977.4
1290940 1973.0
1290950 1973.0
1290960 1968.0
1290970 1962.8
1290980 1962.8
1290990 1957.3
1291000 1950.9
1291010 1942.6
1291020 1942.6
1291030 1933.6
1291040 1924.6
1291050 1924.6
1291060 1918.3
1291070 1914.8
1291080 1914.8
1291090 1910.1
1291100 1907.7
1291110 1907.7
1291120 1902.2
1291130 1894.9
1291140 1894.9
1291150 1885.6
1291160 1877.8
1291170 1877.8
1291180 1871.5
1291190 1865.2
1291200 1865.2
1291210 1857.8
1291220 1848.8
1291230 1848.8
1291240 1842.2
1291250 1837.6
1291260 1833.8
1291270 1835.3
1291280 1830.4
1291290 1826.1
1291300 1826.1
1291310 1822.2
1291320 1818.3
1291330 1818.3
1291340 1814.4
1291350 1810.8
1291360 1810.8
1291370 1807.4
1291380 1804.2
1291390 1804.2
1291400 1801.0
1291410 1797.8
1291420 1797.8
1291430 1795.2
1291440 1793.1
1291450 1793.1
1291460 1791.3
1291470 1789.6
1291480 1788.2
1291490 1788.2
1291500 1787.9
1291510 1790.4
1291520 1790.4
1291530 1793.4
1291540 1797.5
1291550 1797.5
1291560 1803.8
1291570 1809.5
1291580 1809.5
1291590 1814.3
1291600 1819.2
1291610 1819.2
1291620 1824.9
1291630 1831.1
1291640 1831.1
1291650 1837.0
1291660 1842.7
1291670 1842.7
1291680 1848.4
1291690 1854.0
1291700 1854.0
1291710 1859.6
1291720 1865.1
1291730 1870.0
1291740 1870.0
1291750 1875.3
1291760 1879.6
1291770 1879.6
1291780 1882.9
1291790 1886.4
1291800 1886.4
1291810 1890.4
1291820 1894.4
1291830 1894.4
1291840 1901.2
1291850 1910.2
1291860 1910.2
1291870 1918.2
1291880 1924.8
1291890 1924.8
1291900 1932.3
1291910 1940.1
1291920 1940.1
1291930 1945.6
1291940 1950.4
1291950 1950.4
1291960 1952.9
1291970 1954.1
1291980 1957.0
1291990 1957.0
1292000 1961.1
1292010 1966.5
1292020 1966.5
1292030 1975.9
1292040 1984.4
1292050 1984.4
1292060 1987.2
1292070 1989.2
1292080 1989.2
1292090 1992.4
1292100 1995.3
1292110 1995.3
1292120 1997.5
1292130 1999.9
1292140 1999.9
1292150 2002.5
1292160 2004.4
1292170 2004.4
1292180 2006.1
1292190 2007.4
1292200 2008.8
1292210 2008.8
1292220 2010.7
1292230 2012.7
1292240 2012.7
1292250 2014.5
1292260 2017.8
1292270 2017.8
1292280 2022.6
1292290 2027.2
1292300 2027.2
1292310 2031.6
1292320 2037.7
1292330 2037.7
1292340 2044.0
1292350 2048.2
1292360 2048.2
1292370 2051.7
1292380 2056.1
1292390 2056.1
1292400 2061.0
1292410 2065.8
1292420 2065.8
1292430 2070.5
1292440 2074.4
1292450 2079.1
1292460 2079.1
1292470 2084.6
1292480 2089.8
1292490 2089.8
1292500 2094.0
1292510 2097.3
1292520 2097.3
1292530 2101.1
1292540 2104.6
1292550 2104.6
1292560 2106.6
1292570 2107.6
1292580 2107.6
1292590 2108.8
1292600 2112.0
1292610 2112.0
1292620 2118.1
1292630 2122.3
1292640 2122.3
1292650 2125.1
1292660 2129.3
1292670 2129.3
1292680 2134.4
1292690 2138.1
1292700 2141.1
1292710 2141.1
1292720 2143.3
1292730 2146.8
1292740 2146.8
1292750 2149.7
1292760 2151.9
1292770 2151.9
1292780 2154.5
1292790 2157.7
1292800 2157.7
1292810 2161.6
1292820 2166.5
1292830 2166.5
1292840 2170.7
1292850 2176.5
1292860 2176.5
1292870 2182.0
1292880 2187.2
1292890 2187.2
1292900 2193.0
1292910 2199.1
1292920 2199.1
1292930 2206.1
1292940 2216.0
1292950 2223.3
1292960 2223.3
1292970 2229.7
1292980 2235.8
1292990 2235.8
1293000 2241.1
1293010 2244.0
1293020 2244.0
1293030 2246.1
1293040 2250.0
1293050 2250.0
1293060 2253.9
1293070 2258.3
1293080 2258.3
1293090 2263.9
1293100 2269.3
1293110 2269.3
1293120 2274.2
1293130 2278.7
1293140 2278.7
1293150 2284.3
1293160 2289.8
1293170 2295.3
1293180 2295.3
1293190 2299.8
1293200 2303.0
1293210 2303.0
1293220 2307.2
1293230 2311.1
1293240 2311.1
1293250 2312.4
1293260 2316.6
1293270 2316.6
1293280 2323.9
1293290 2334.8
1293300 2334.8
1293310 2346.9
1293320 2356.1
1293330 2356.1
1293340 2358.5
1293350 2365.3
1293360 2365.3
1293370 2373.3
1293380 2381.4
1293390 2381.4
1293400 2389.1
1293410 2393.4
1293420 2396.1
1293430 2396.1
1293440 2399.8
1293450 2405.7
1293460 2405.7
1293470 2411.0
1293480 2416.7
1293490 2416.7
1293500 2423.1
1293510 2428.7
1293520 2428.7
1293530 2433.7
1293540 2437.7
1293550 2437.7
1293560 2441.6
1293570 2446.1
1293580 2446.1
1293590 2449.3
1293600 2451.9
1293610 2451.9
1293620 2452.7
1293630 2452.0
1293640 2452.0
1293650 2450.4
1293660 2448.4
1293670 2447.1
1293680 2447.1
1293690 2443.0
1293700 2435.9
1293710 2435.9
1293720 2427.5
1293730 2418.1
1293740 2418.1
1293750 2409.0
1293760 2401.3
1293770 2401.3
1293780 2393.6
1293790 2386.4
1293800 2386.4
1293810 2379.9
1293820 2373.7
1293830 2373.7
1293840 2368.0
1293850 2363.5
1293860 2363.5
1293870 2359.5
1293880 2356.0
1293890 2352.8
1293900 2352.8
1293910 2347.1
1293920 2343.3
1293930 2343.3
1293940 2338.0
1293950 2331.4
1293960 2331.4
1293970 2326.0
1293980 2322.5
1293990 2322.5
1294000 2317.0
1294010 2311.5
1294020 2311.5
1294030 2307.8
1294040 2305.8
1294050 2305.8
1294060 2302.9
1294070 2298.5
1294080 2298.5
1294090 2293.1
1294100 2287.1
1294110 2287.1
1294120 2282.1
1294130 2278.4
1294140 2272.9
1294150 2272.9
1294160 2269.0
1294170 2265.9
1294180 2265.9
1294190 2262.1
1294200 2258.3
1294210 2258.3
1294220 2255.9
1294230 2253.5
1294240 2253.5
1294250 2249.0
1294260 2245.1
1294270 2245.1
1294280 2241.0
1294290 2235.0
1294300 2235.0
1294310 2231.1
1294320 2226.0
1294330 2226.0
1294340 2223.8
1294350 2220.3
1294360 2220.3
1294370 2216.1
1294380 2213.3
1294390 2207.3
1294400 2207.3
1294410 2199.8
1294420 2190.5
1294430 2190.5
1294440 2182.6
1294450 2176.6
1294460 2176.6
1294470 2172.3
1294480 2168.8
1294490 2168.8
1294500 2164.5
1294510 2160.0
1294520 2160.0
1294530 2155.7
1294540 2151.9
1294550 2151.9
1294560 2147.2
1294570 2141.5
1294580 2141.5
1294590 2132.8
1294600 2127.4
1294610 2122.5
1294620 2122.5
1294630 2117.3
1294640 2112.5
1294650 2112.5
1294660 2106.9
1294670 2102.4
1294680 2102.4
1294690 2097.9
1294700 2095.4
1294710 2095.4
1294720 2091.9
1294730 2089.1
1294740 2089.1
1294750 2084.4
1294760 2077.1
1294770 2077.1
1294780 2070.8
1294790 2064.3
1294800 2064.3
1294810 2061.3
1294820 2056.9
1294830 2056.9
1294840 2050.6
1294850 2045.0
1294860 2038.7
1294870 2038.7
1294880 2031.6
1294890 2024.2
1294900 2024.2
1294910 2017.3
1294920 2012.4
1294930 2012.4
1294940 2007.6
1294950 2002.5
1294960 2002.5
1294970 1998.2
1294980 1992.9
1294990 1992.9
1295000 1987.9
1295010 1983.7
1295020 1983.7
1295030 1978.9
1295040 1973.1
1295050 1973.1
1295060 1965.5
1295070 1958.5
1295080 1958.5
1295090 1952.5
1295100 1947.3
1295110 1942.2
1295120 1942.2
1295130 1939.3
1295140 1935.9
1295150 1935.9
1295160 1932.2
1295170 1927.7
1295180 1927.7
1295190 1921.8
1295200 1916.4
1295210 1916.4
1295220 1912.0
1295230 1907.1
1295240 1907.1
1295250 1904.0
1295260 1902.9
1295270 1902.9
1295280 1900.4
1295290 1899.4
1295300 1899.4
1295310 1897.1
1295320 1893.2
1295330 1893.2
1295340 1888.8
1295350 1885.7
1295360 1882.5
1295370 1882.5
1295380 1878.1
1295390 1874.0
1295400 1874.0
1295410 1871.3
1295420 1868.7
1295430 1868.7
1295440 1867.3
1295450 1867.8
1295460 1867.8
1295470 1869.7
1295480 1870.3
1295490 1870.3
1295500 1869.6
1295510 1867.3
1295520 1867.3
1295530 1866.9
1295540 1864.8
1295550 1864.8
1295560 1862.3
1295570 1860.1
1295580 1857.0
1295590 1857.0
1295600 1853.6
1295610 1850.8
1295620 1850.8
1295630 1847.4
1295640 1843.5
1295650 1843.5
1295660 1836.7
1295670 1829.9
1295680 1829.9
1295690 1820.7
1295700 1811.9
1295710 1811.9
1295720 1805.3
1295730 1799.5
1295740 1799.5
1295750 1793.8
1295760 1787.9
1295770 1787.9
1295780 1785.3
1295790 1783.1
1295800 1783.1
1295810 1780.4
1295820 1774.6
1295830 1768.3
1295840 1768.3
1295850 1763.0
1295860 1757.2
1295870 1757.2
1295880 1751.0
1295890 1747.3
1295900 1747.3
1295910 1743.4
1295920 1739.6
1295930 1740.7
1295940 1735.4
1295950 1730.2
1295960 1730.2
1295970 1727.4
1295980 1724.5
1295990 1724.5
1296000 1722.4
1296010 1720.6
1296020 1720.6
1296030 1719.4
1296040 1717.4
1296050 1717.4
1296060 1715.5
1296070 1721.1
1296080 1727.0
1296090 1727.0
1296100 1730.8
1296110 1734.5
1296120 1734.5
1296130 1737.6
1296140 1742.0
1296150 1742.0
1296160 1746.7
1296170 1750.8
1296180 1750.8
1296190 1754.3
1296200 1758.7
1296210 1758.7
1296220 1763.4
1296230 1767.9
1296240 1767.9
1296250 1771.7
1296260 1775.8
1296270 1775.8
1296280 1779.8
1296290 1783.5
1296300 1787.7
1296310 1787.7
1296320 1792.0
1296330 1798.7
1296340 1798.7
1296350 1806.4
1296360 1813.5
1296370 1813.5
1296380 1819.0
1296390 1824.8
1296400 1824.8
1296410 1831.2
1296420 1837.0
1296430 1837.0
1296440 1842.2
1296450 1846.7
1296460 1846.7
1296470 1850.3
1296480 1854.5
1296490 1854.5
1296500 1858.1
1296510 1860.3
1296520 1860.3
1296530 1862.9
1296540 1866.2
1296550 1870.8
1296560 1870.8
1296570 1875.4
1296580 1878.3
1296590 1878.3
1296600 1881.3
1296610 1886.4
1296620 1886.4
1296630 1893.3
1296640 1901.1
1296650 1901.1
1296660 1908.8
1296670 1914.4
1296680 1914.4
1296690 1920.7
1296700 1925.8
1296710 1925.8
1296720 1930.3
1296730 1936.2
1296740 1936.2
1296750 1940.6
1296760 1944.5
1296770 1944.5
1296780 1948.7
1296790 1953.7
1296800 1957.4
1296810 1957.4
1296820 1960.6
1296830 1964.3
1296840 1964.3
1296850 1968.6
1296860 1972.6
1296870 1972.6
1296880 1975.2
1296890 1977.2
1296900 1977.2
1296910 1979.6
1296920 1983.7
1296930 1983.7
1296940 1988.7
1296950 1993.8
1296960 1993.8
1296970 1999.2
1296980 2003.5
1296990 2003.5
1297000 2008.3
1297010 2013.2
1297020 2017.4
1297030 2017.4
1297040 2022.9
1297050 2029.2
1297060 2029.2
1297070 2035.3
1297080 2041.7
1297090 2041.7
1297100 2049.7
1297110 2056.3
1297120 2056.3
1297130 2059.5
1297140 2063.3
1297150 2063.3
1297160 2067.0
1297170 2070.0
1297180 2070.0
1297190 2073.3
1297200 2076.2
1297210 2076.2
1297220 2078.4
1297230 2080.2
1297240 2080.2
1297250 2083.3
1297260 2087.6
1297270 2091.4
1297280 2092.3
1297290 2095.2
1297300 2097.9
1297310 2097.9
1297320 2100.1
1297330 2102.1
1297340 2102.1
1297350 2103.9
1297360 2106.1
1297370 2106.1
1297380 2108.5
1297390 2110.7
1297400 2110.7
1297410 2112.9
1297420 2115.8
1297430 2115.8
1297440 2118.7
1297450 2121.4
1297460 2121.4
1297470 2124.0
1297480 2126.5
1297490 2126.5
1297500 2128.6
1297510 2130.4
1297520 2132.0
1297530 2132.0
1297540 2133.9
1297550 2135.9
1297560 2135.9
1297570 2138.0
1297580 2140.2
1297590 2140.2
1297600 2142.6
1297610 2145.1
1297620 2145.1
1297630 2148.0
1297640 2151.5
1297650 2151.5
1297660 2155.4
1297670 2158.8
1297680 2158.8
1297690 2162.2
1297700 2165.6
1297710 2165.6
1297720 2169.2
1297730 2172.9
1297740 2176.7
1297750 2176.7
1297760 2180.9
1297770 2185.5
1297780 2185.5
1297790 2190.9
1297800 2194.3
1297810 2194.3
1297820 2197.1
1297830 2200.9
1297840 2200.9
1297850 2206.3
1297860 2212.0
1297870 2212.0
1297880 2218.2
1297890 2223.2
1297900 2223.2
1297910 2225.6
1297920 2226.6
1297930 2226.6
1297940 2228.2
1297950 2232.4
1297960 2228.2
1297970 2230.2
1297980 2234.2
1297990 2237.3
1298000 2237.3
1298010 2242.1
1298020 2247.0
1298030 2247.0
1298040 2251.0
1298050 2255.0
1298060 2255.0
1298070 2259.3
1298080 2262.4
1298090 2262.4
1298100 2264.3
1298110 2265.8
1298120 2265.8
1298130 2266.4
1298140 2268.9
1298150 2268.9
1298160 2272.4
1298170 2274.1
1298180 2274.1
1298190 2275.0
1298200 2278.0
1298210 2278.0
1298220 2281.6
1298230 2286.1
1298240 2292.6
1298250 2292.6
1298260 2297.9
1298270 2301.3
1298280 2301.3
1298290 2304.4
1298300 2307.3
1298310 2307.3
1298320 2310.9
1298330 2317.2
1298340 2317.2
1298350 2324.7
1298360 2337.4
1298370 2337.4
1298380 2351.7
1298390 2362.4
1298400 2362.4
1298410 2371.4
1298420 2379.7
1298430 2379.7
1298440 2387.2
1298450 2393.6
1298460 2393.6
1298470 2397.8
1298480 2398.3
1298490 2399.7
1298500 2399.7
1298510 2403.7
1298520 2408.2
1298530 2408.2
1298540 2411.4
1298550 2412.7
1298560 2412.7
1298570 2414.5
1298580 2417.0
1298590 2417.0
1298600 2419.1
1298610 2422.9
1298620 2422.9
1298630 2426.9
1298640 2426.5
1298650 2426.5
1298660 2430.4
1298670 2434.4
1298680 2434.4
1298690 2438.6
1298700 2442.1
1298710 2445.7
1298720 2445.7
1298730 2448.9
1298740 2450.4
1298750 2450.4
1298760 2452.1
1298770 2455.0
1298780 2455.0
1298790 2458.7
1298800 2463.1
1298810 2463.1
1298820 2468.4
1298830 2473.5
1298840 2473.5
1298850 2476.3
1298860 2477.4
1298870 2477.4
1298880 2478.9
1298890 2482.1
1298900 2482.1
1298910 2487.9
1298920 2494.2
1298930 2494.2
1298940 2500.3
1298950 2505.8
1298960 2511.1
1298970 2511.1
1298980 2515.5
1298990 2520.1
1299000 2520.1
1299010 2524.9
1299020 2528.9
1299030 2528.9
1299040 2532.8
1299050 2537.5
1299060 2537.5
1299070 2542.4
1299080 2547.1
1299090 2547.1
1299100 2551.7
1299110 2556.7
1299120 2556.7
1299130 2560.8
1299140 2556.8
1299150 2556.8
1299160 2550.7
1299170 2545.1
1299180 2545.1
1299190 2539.7
1299200 2534.1
1299210 2527.2
1299220 2527.2
1299230 2520.6
1299240 2513.9
1299250 2513.9
1299260 2507.9
1299270 2502.6
1299280 2502.6
1299290 2499.3
1299300 2500.2
1299310 2500.2
1299320 2503.8
1299330 2506.7
1299340 2506.7
1299350 2503.3
1299360 2498.5
1299370 2498.5
1299380 2494.6
1299390 2490.6
1299400 2490.6
1299410 2487.4
1299420 2488.5
1299430 2490.1
1299440 2490.1
1299450 2490.4
1299460 2490.3
1299470 2490.3
1299480 2489.2
1299490 2489.7
1299500 2489.7
1299510 2491.9
1299520 2487.9
1299530 2487.9
1299540 2477.9
1299550 2467.5
1299560 2467.5
1299570 2458.1
1299580 2447.3
1299590 2447.3
1299600 2437.4
1299610 2429.2
1299620 2429.2
1299630 2422.0
1299640 2415.0
1299650 2415.0
1299660 2408.3
1299670 2402.2
1299680 2397.1
1299690 2397.1
1299700 2393.7
1299710 2390.3
1299720 2390.3
1299730 2386.7
1299740 2384.8
1299750 2384.8
1299760 2385.3
1299770 2384.9
1299780 2384.9
1299790 2383.7
1299800 2383.4
1299810 2383.4
1299820 2384.9
1299830 2386.9
1299840 2386.9
1299850 2386.9
1299860 2383.1
1299870 2383.1
1299880 2375.8
1299890 2368.4
1299900 2368.4
1299910 2362.1
1299920 2355.7
1299930 2348.7
1299940 2348.7
1299950 2341.9
1299960 2333.6
1299970 2333.6
1299980 2326.6
1299990 2320.2
