1280000 2304.6
1280010 2307.1
1280020 2311.2
1280030 2311.2
1280040 2314.3
1280050 2316.9
1280060 2316.9
1280070 2317.6
1280080 2319.4
1280090 2319.4
1280100 2324.0
1280110 2330.9
1280120 2330.9
1280130 2337.8
1280140 2343.0
1280150 2343.0
1280160 2346.4
1280170 2348.3
1280180 2348.3
1280190 2348.9
1280200 2349.3
1280210 2349.3
1280220 2350.2
1280230 2351.0
1280240 2351.8
1280250 2351.8
1280260 2356.0
1280270 2361.9
1280280 2361.9
1280290 2366.8
1280300 2369.9
1280310 2369.9
1280320 2371.2
1280330 2371.2
1280340 2371.2
1280350 2370.9
1280360 2371.2
1280370 2371.2
1280380 2371.9
1280390 2373.5
1280400 2375.1
1280410 2376.0
1280420 2379.0
1280430 2379.0
1280440 2381.7
1280450 2380.9
1280460 2380.9
1280470 2384.1
1280480 2388.2
1280490 2391.3
1280500 2391.3
1280510 2395.3
1280520 2400.8
1280530 2400.8
1280540 2405.2
1280550 2410.1
1280560 2410.1
1280570 2416.0
1280580 2422.5
1280590 2422.5
1280600 2427.6
1280610 2432.6
1280620 2432.6
1280630 2438.7
1280640 2443.0
1280650 2443.0
1280660 2447.5
1280670 2450.4
1280680 2450.4
1280690 2452.3
1280700 2455.1
1280710 2455.1
1280720 2459.0
1280730 2461.4
1280740 2465.2
1280750 2465.2
1280760 2471.1
1280770 2475.5
1280780 2475.5
1280790 2476.3
1280800 2473.5
1280810 2473.5
1280820 2464.8
1280830 2458.3
1280840 2458.3
1280850 2451.7
1280860 2444.8
1280870 2444.8
1280880 2437.5
1280890 2433.7
1280900 2433.7
1280910 2429.4
1280920 2420.9
1280930 2420.9
1280940 2409.5
1280950 2398.2
1280960 2393.7
1280970 2393.7
1280980 2390.7
1280990 2386.2
1281000 2386.2
1281010 2379.1
1281020 2374.7
1281030 2374.7
1281040 2366.7
1281050 2360.5
1281060 2360.5
1281070 2353.9
1281080 2347.2
1281090 2347.2
1281100 2339.4
1281110 2331.3
1281120 2331.3
1281130 2322.8
1281140 2315.7
1281150 2315.7
1281160 2310.1
1281170 2306.5
1281180 2306.5
1281190 2304.2
1281200 2303.0
1281210 2303.5
1281220 2303.5
1281230 2302.7
1281240 2298.1
1281250 2298.1
1281260 2293.5
1281270 2295.6
1281280 2295.6
1281290 2298.8
1281300 2303.0
1281310 2303.0
1281320 2307.5
1281330 2313.0
1281340 2313.0
1281350 2316.8
1281360 2319.5
1281370 2319.5
1281380 2319.4
1281390 2316.8
1281400 2316.8
1281410 2315.8
1281420 2316.5
1281430 2316.5
1281440 2317.5
1281450 2319.4
1281460 2321.6
1281470 2321.6
1281480 2323.8
1281490 2325.7
1281500 2325.7
1281510 2325.3
1281520 2323.2
1281530 2323.2
1281540 2318.7
1281550 2313.7
1281560 2313.7
1281570 2308.0
1281580 2303.0
1281590 2303.0
1281600 2298.7
1281610 2294.0
1281620 2294.0
1281630 2289.0
1281640 2284.3
1281650 2286.8
1281660 2283.2
1281670 2280.6
1281680 2280.6
1281690 2278.9
1281700 2277.9
1281710 2277.3
1281720 2277.3
1281730 2277.8
1281740 2272.4
1281750 2272.4
1281760 2269.1
1281770 2266.7
1281780 2266.7
1281790 2263.7
1281800 2257.9
1281810 2257.9
1281820 2251.6
1281830 2246.4
1281840 2246.4
1281850 2244.1
1281860 2241.2
1281870 2241.2
1281880 2237.6
1281890 2236.4
1281900 2236.4
1281910 2236.3
1281920 2235.8
1281930 2235.8
1281940 2235.4
1281950 2235.6
1281960 2234.4
1281970 2234.4
1281980 2232.4
1281990 2232.7
1282000 2232.7
1282010 2232.6
1282020 2231.9
1282030 2231.9
1282040 2232.2
1282050 2232.5
1282060 2232.5
1282070 2233.5
1282080 2235.7
1282090 2235.7
1282100 2237.1
1282110 2238.5
1282120 2238.5
1282130 2239.2
1282140 2239.0
1282150 2239.0
1282160 2239.6
1282170 2241.0
1282180 2241.5
1282190 2241.5
1282200 2241.2
1282210 2240.4
1282220 2240.4
1282230 2238.1
1282240 2236.6
1282250 2236.6
1282260 2235.8
1282270 2236.7
1282280 2236.0
1282290 2237.3
1282300 2239.6
1282310 2239.6
1282320 2242.4
1282330 2244.7
1282340 2244.7
1282350 2245.9
1282360 2247.0
1282370 2247.0
1282380 2248.7
1282390 2251.8
1282400 2251.8
1282410 2255.8
1282420 2258.9
1282430 2262.6
1282440 2262.6
1282450 2267.8
1282460 2272.7
1282470 2272.7
1282480 2276.1
1282490 2278.2
1282500 2278.2
1282510 2279.9
1282520 2281.3
1282530 2281.3
1282540 2282.9
1282550 2283.5
1282560 2283.5
1282570 2284.2
1282580 2284.7
1282590 2284.7
1282600 2285.5
1282610 2287.3
1282620 2287.3
1282630 2290.4
1282640 2294.1
1282650 2294.1
1282660 2296.9
1282670 2299.6
1282680 2302.7
1282690 2302.7
1282700 2306.5
1282710 2310.1
1282720 2310.1
1282730 2314.1
1282740 2318.4
1282750 2318.4
1282760 2323.1
1282770 2328.0
1282780 2328.0
1282790 2332.6
1282800 2336.8
1282810 2336.8
1282820 2340.6
1282830 2344.1
1282840 2344.1
1282850 2346.5
1282860 2347.9
1282870 2347.9
1282880 2349.2
1282890 2350.8
1282900 2350.8
1282910 2353.9
1282920 2356.4
1282930 2357.5
1282940 2357.5
1282950 2358.6
1282960 2360.1
1282970 2360.1
1282980 2361.6
1282990 2363.1
1283000 2363.1
1283010 2364.7
1283020 2366.2
1283030 2366.2
1283040 2367.2
1283050 2367.4
1283060 2367.4
1283070 2368.3
1283080 2369.5
1283090 2369.5
1283100 2370.5
1283110 2370.8
1283120 2370.8
1283130 2370.3
1283140 2369.3
1283150 2369.3
1283160 2369.4
1283170 2369.8
1283180 2370.0
1283190 2370.0
1283200 2370.3
1283210 2370.5
1283220 2370.5
1283230 2371.2
1283240 2371.8
1283250 2371.8
1283260 2373.3
1283270 2373.6
1283280 2373.6
1283290 2370.4
1283300 2365.8
1283310 2365.8
1283320 2362.9
1283330 2362.0
1283340 2362.0
1283350 2360.8
1283360 2360.8
1283370 2360.8
1283380 2360.8
1283390 2360.8
1283400 2360.8
1283410 2360.8
1283420 2360.8
1283430 2360.8
1283440 2360.8
1283450 2360.8
1283460 2363.0
1283470 2363.0
1283480 2365.9
1283490 2367.4
1283500 2367.4
1283510 2368.9
1283520 2370.9
1283530 2370.9
1283540 2371.7
1283550 2373.9
1283560 2373.9
1283570 2378.1
1283580 2382.1
1283590 2382.1
1283600 2385.1
1283610 2387.4
1283620 2387.4
1283630 2389.3
1283640 2392.0
1283650 2395.9
1283660 2395.9
1283670 2400.9
1283680 2406.7
1283690 2406.7
1283700 2413.2
1283710 2419.5
1283720 2419.5
1283730 2427.7
1283740 2434.0
1283750 2434.0
1283760 2439.6
1283770 2445.5
1283780 2445.5
1283790 2451.7
1283800 2458.0
1283810 2458.0
1283820 2464.6
1283830 2471.2
1283840 2471.2
1283850 2478.7
1283860 2486.9
1283870 2486.9
1283880 2495.1
1283890 2503.2
1283900 2512.2
1283910 2512.2
1283920 2520.6
1283930 2528.9
1283940 2528.9
1283950 2536.6
1283960 2546.1
1283970 2546.1
1283980 2555.5
1283990 2563.7
1284000 2563.7
1284010 2572.2
1284020 2580.6
1284030 2580.6
1284040 2588.9
1284050 2597.2
1284060 2597.2
1284070 2606.5
1284080 2614.1
1284090 2614.1
1284100 2618.6
1284110 2621.0
1284120 2621.0
1284130 2618.4
1284140 2619.0
1284150 2611.4
1284160 2611.4
1284170 2600.1
1284180 2591.3
1284190 2591.3
1284200 2582.4
1284210 2573.6
1284220 2573.6
1284230 2564.3
1284240 2553.8
1284250 2553.8
1284260 2544.3
1284270 2531.8
1284280 2531.8
1284290 2521.8
1284300 2514.9
1284310 2514.9
1284320 2507.6
1284330 2500.5
1284340 2500.5
1284350 2493.3
1284360 2486.2
1284370 2479.1
1284380 2479.1
1284390 2472.1
1284400 2464.6
1284410 2464.6
1284420 2457.6
1284430 2450.5
1284440 2450.5
1284450 2444.0
1284460 2438.2
1284470 2438.2
1284480 2432.5
1284490 2427.9
1284500 2427.9
1284510 2423.2
1284520 2418.2
1284530 2418.2
1284540 2413.0
1284550 2408.5
1284560 2408.5
1284570 2404.7
1284580 2400.5
1284590 2400.5
1284600 2396.1
1284610 2391.4
1284620 2387.5
1284630 2387.5
1284640 2383.9
1284650 2380.7
1284660 2380.7
1284670 2379.4
1284680 2379.2
1284690 2379.2
1284700 2379.3
1284710 2378.9
1284720 2378.9
1284730 2375.1
1284740 2362.3
1284750 2362.3
1284760 2352.9
1284770 2343.0
1284780 2343.0
1284790 2334.3
1284800 2322.3
1284810 2324.6
1284820 2314.5
1284830 2305.0
1284840 2305.0
1284850 2297.2
1284860 2290.3
1284870 2283.3
1284880 2283.3
1284890 2277.1
1284900 2271.8
1284910 2271.8
1284920 2265.2
1284930 2259.7
1284940 2259.7
1284950 2254.3
1284960 2248.0
1284970 2248.0
1284980 2242.8
1284990 2238.0
1285000 2238.0
1285010 2234.2
1285020 2229.8
1285030 2229.8
1285040 2226.2
1285050 2223.4
1285060 2223.4
1285070 2221.1
1285080 2220.6
1285090 2220.6
1285100 2220.7
1285110 2221.6
1285120 2223.2
1285130 2223.2
1285140 2223.7
1285150 2223.7
1285160 2223.7
1285170 2223.0
1285180 2221.6
1285190 2221.6
1285200 2220.3
1285210 2219.3
1285220 2219.3
1285230 2220.5
1285240 2221.3
1285250 2221.3
1285260 2222.0
1285270 2222.2
1285280 2222.2
1285290 2222.9
1285300 2224.2
1285310 2224.2
1285320 2225.4
1285330 2227.8
1285340 2227.8
1285350 2230.2
1285360 2232.7
1285370 2234.2
1285380 2234.2
1285390 2234.1
1285400 2232.7
1285410 2232.7
1285420 2231.2
1285430 2231.4
1285440 2235.9
1285450 2239.3
1285460 2243.1
1285470 2243.1
1285480 2246.6
1285490 2250.0
1285500 2250.0
1285510 2253.2
1285520 2255.5
1285530 2255.5
1285540 2255.6
1285550 2253.3
1285560 2253.3
1285570 2252.9
1285580 2254.2
1285590 2254.8
1285600 2254.8
1285610 2254.6
1285620 2255.0
1285630 2255.0
1285640 2257.1
1285650 2261.0
1285660 2261.0
1285670 2265.5
1285680 2270.7
1285690 2270.7
1285700 2275.5
1285710 2278.7
1285720 2278.7
1285730 2280.2
1285740 2281.8
1285750 2281.8
1285760 2283.5
1285770 2285.0
1285780 2285.0
1285790 2286.2
1285800 2283.0
1285810 2283.0
1285820 2279.2
1285830 2275.4
1285840 2270.2
1285850 2270.2
1285860 2267.2
1285870 2262.7
1285880 2262.7
1285890 2256.0
1285900 2247.6
1285910 2247.6
1285920 2243.3
1285930 2239.8
1285940 2239.8
1285950 2233.8
1285960 2230.8
1285970 2230.8
1285980 2228.7
1285990 2223.9
1286000 2223.9
1286010 2215.9
1286020 2209.4
1286030 2209.4
1286040 2204.7
1286050 2200.0
1286060 2200.0
1286070 2194.9
1286080 2197.1
1286090 2193.0
1286100 2193.0
1286110 2189.3
1286120 2184.1
1286130 2184.1
1286140 2179.5
1286150 2178.3
1286160 2178.3
1286170 2179.7
1286180 2181.0
1286190 2181.0
1286200 2178.1
1286210 2173.7
1286220 2173.7
1286230 2168.4
1286240 2163.6
1286250 2163.6
1286260 2159.5
1286270 2156.1
1286280 2156.1
1286290 2153.5
1286300 2151.5
1286310 2151.5
1286320 2149.4
1286330 2146.3
1286340 2140.7
1286350 2140.7
1286360 2136.9
1286370 2134.8
1286380 2134.8
1286390 2131.2
1286400 2124.1
1286410 2124.1
1286420 2115.7
1286430 2108.7
1286440 2108.7
1286450 2102.3
1286460 2094.6
1286470 2094.6
1286480 2087.8
1286490 2083.1
1286500 2083.1
1286510 2078.9
1286520 2073.9
1286530 2073.9
1286540 2071.1
1286550 2069.1
1286560 2065.7
1286570 2065.7
1286580 2055.3
1286590 2035.1
1286600 2035.1
1286610 2010.4
1286620 1998.9
1286630 1998.9
1286640 1989.6
1286650 1973.4
1286660 1973.4
1286670 1956.6
1286680 1943.9
1286690 1943.9
1286700 1937.3
1286710 1932.2
1286720 1936.0
1286730 1930.8
1286740 1925.0
1286750 1925.0
1286760 1919.6
1286770 1914.3
1286780 1914.3
1286790 1909.4
1286800 1904.4
1286810 1898.9
1286820 1898.9
1286830 1893.5
1286840 1888.1
1286850 1888.1
1286860 1882.9
1286870 1878.1
1286880 1878.1
1286890 1873.8
1286900 1869.9
1286910 1869.9
1286920 1865.9
1286930 1861.8
1286940 1861.8
1286950 1857.5
1286960 1853.8
1286970 1853.8
1286980 1850.8
1286990 1848.2
1287000 1848.2
1287010 1846.4
1287020 1844.5
1287030 1844.5
1287040 1843.4
1287050 1840.8
1287060 1840.1
1287070 1840.1
1287080 1844.2
1287090 1847.2
1287100 1847.2
1287110 1849.7
1287120 1854.4
1287130 1854.4
1287140 1860.0
1287150 1865.7
1287160 1865.7
1287170 1872.1
1287180 1878.5
1287190 1878.5
1287200 1885.3
1287210 1893.5
1287220 1893.5
1287230 1901.3
1287240 1907.4
1287250 1907.4
1287260 1913.3
1287270 1920.4
1287280 1920.4
1287290 1928.4
1287300 1934.8
1287310 1940.9
1287320 1940.9
1287330 1946.7
1287340 1952.1
1287350 1952.1
1287360 1958.3
1287370 1965.0
1287380 1965.0
1287390 1970.2
1287400 1975.3
1287410 1975.3
1287420 1981.3
1287430 1987.6
1287440 1987.6
1287450 1994.4
1287460 2000.2
1287470 2000.2
1287480 2005.4
1287490 2010.9
1287500 2010.9
1287510 2016.1
1287520 2020.1
1287530 2023.8
1287540 2023.8
1287550 2028.4
1287560 2034.5
1287570 2034.5
1287580 2041.5
1287590 2048.0
1287600 2048.0
1287610 2055.0
1287620 2061.5
1287630 2061.5
1287640 2067.8
1287650 2074.3
1287660 2074.3
1287670 2079.7
1287680 2083.6
1287690 2083.6
1287700 2087.1
1287710 2091.0
1287720 2091.0
1287730 2095.6
1287740 2099.9
1287750 2099.9
1287760 2103.9
1287770 2107.8
1287780 2112.0
1287790 2112.0
1287800 2117.1
1287810 2122.5
1287820 2122.5
1287830 2127.7
1287840 2132.6
1287850 2132.6
1287860 2137.2
1287870 2142.5
1287880 2142.5
1287890 2147.9
1287900 2152.1
1287910 2152.1
1287920 2156.5
1287930 2162.5
1287940 2162.5
1287950 2169.5
1287960 2176.7
1287970 2176.7
1287980 2184.7
1287990 2192.8
1288000 2192.8
1288010 2198.8
1288020 2206.6
1288030 2214.0
1288040 2214.0
1288050 2221.1
1288060 2228.5
1288070 2228.5
1288080 2236.3
1288090 2242.8
1288100 2242.8
1288110 2248.3
1288120 2254.0
1288130 2254.0
1288140 2260.9
1288150 2267.9
1288160 2267.9
1288170 2273.4
1288180 2279.0
1288190 2279.0
1288200 2284.4
1288210 2289.7
1288220 2289.7
1288230 2295.5
1288240 2300.6
1288250 2300.6
1288260 2305.2
1288270 2309.5
1288280 2313.9
1288290 2313.9
1288300 2318.0
1288310 2319.8
1288320 2319.8
1288330 2321.3
1288340 2322.3
1288350 2322.3
1288360 2323.9
1288370 2326.6
1288380 2326.6
1288390 2328.6
1288400 2330.3
1288410 2330.3
1288420 2332.2
1288430 2336.0
1288440 2336.0
1288450 2339.9
1288460 2343.8
1288470 2343.8
1288480 2346.8
1288490 2348.4
1288500 2348.4
1288510 2350.6
1288520 2355.3
1288530 2360.6
1288540 2360.6
1288550 2363.2
1288560 2368.1
1288570 2368.1
1288580 2373.3
1288590 2378.1
1288600 2378.1
1288610 2382.2
1288620 2386.1
1288630 2386.1
1288640 2389.3
1288650 2392.6
1288660 2390.7
1288670 2395.6
1288680 2401.8
1288690 2401.8
1288700 2407.8
1288710 2414.9
1288720 2414.9
1288730 2423.2
1288740 2431.2
1288750 2438.5
1288760 2438.5
1288770 2443.9
1288780 2449.5
1288790 2449.5
1288800 2456.5
1288810 2465.2
1288820 2465.2
1288830 2471.7
1288840 2478.9
1288850 2478.9
1288860 2486.3
1288870 2495.1
1288880 2495.1
1288890 2504.7
1288900 2512.4
1288910 2512.4
1288920 2518.3
1288930 2522.3
1288940 2522.3
1288950 2526.5
1288960 2531.1
1288970 2531.1
1288980 2535.5
1288990 2540.2
1289000 2545.3
1289010 2545.3
1289020 2549.6
1289030 2553.0
1289040 2553.0
1289050 2557.1
1289060 2561.4
1289070 2561.4
1289080 2566.1
1289090 2572.9
1289100 2572.9
1289110 2579.5
1289120 2583.8
1289130 2583.8
1289140 2589.0
1289150 2594.8
1289160 2594.8
1289170 2601.0
1289180 2606.2
1289190 2606.2
1289200 2609.3
1289210 2611.9
1289220 2611.9
1289230 2615.2
1289240 2618.9
1289250 2622.6
1289260 2622.6
1289270 2625.5
1289280 2628.8
1289290 2628.8
1289300 2633.3
1289310 2634.8
1289320 2634.8
1289330 2635.2
1289340 2628.3
1289350 2628.3
1289360 2620.6
1289370 2614.2
1289380 2614.2
1289390 2608.7
1289400 2604.7
1289410 2604.7
1289420 2601.1
1289430 2596.5
1289440 2596.5
1289450 2591.2
1289460 2587.2
1289470 2587.2
1289480 2583.0
1289490 2578.6
1289500 2572.8
1289510 2572.8
1289520 2566.0
1289530 2559.0
1289540 2559.0
1289550 2551.5
1289560 2543.9
1289570 2543.9
1289580 2536.4
1289590 2529.1
1289600 2529.1
1289610 2521.4
1289620 2514.5
1289630 2514.5
1289640 2509.5
1289650 2505.8
1289660 2505.8
1289670 2502.2
1289680 2497.2
1289690 2497.2
1289700 2490.9
1289710 2485.5
1289720 2482.1
1289730 2482.1
1289740 2477.7
1289750 2473.2
1289760 2473.2
1289770 2468.2
1289780 2466.3
1289790 2466.3
1289800 2465.4
1289810 2464.1
1289820 2464.1
1289830 2463.0
1289840 2460.7
1289850 2460.7
1289860 2459.5
1289870 2460.0
1289880 2460.0
1289890 2459.9
1289900 2459.4
1289910 2459.4
1289920 2458.1
1289930 2456.5
1289940 2456.5
1289950 2454.3
1289960 2456.3
1289970 2452.7
1289980 2452.7
1289990 2448.9
1290000 2450.1
1290010 2450.1
1290020 2448.0
1290030 2442.6
1290040 2442.6
1290050 2437.4
1290060 2431.0
1290070 2431.0
1290080 2426.3
1290090 2422.1
1290100 2422.1
1290110 2417.7
1290120 2412.2
1290130 2412.2
1290140 2408.0
1290150 2404.5
1290160 2404.5
1290170 2401.1
1290180 2395.0
1290190 2395.0
1290200 2388.8
1290210 2382.1
1290220 2377.7
1290230 2377.7
1290240 2377.0
1290250 2373.7
1290260 2373.7
1290270 2371.7
1290280 2367.0
1290290 2367.0
1290300 2358.4
1290310 2349.4
1290320 2349.4
1290330 2338.2
1290340 2331.6
1290350 2331.6
1290360 2329.4
1290370 2328.3
1290380 2328.3
1290390 2327.5
1290400 2327.0
1290410 2327.0
1290420 2325.6
1290430 2326.1
1290440 2326.1
1290450 2326.3
1290460 2319.8
1290470 2304.2
1290480 2304.2
1290490 2294.1
1290500 2286.7
1290510 2286.7
1290520 2280.9
1290530 2275.7
1290540 2275.7
1290550 2269.5
1290560 2262.1
1290570 2262.1
1290580 2254.8
1290590 2248.2
1290600 2248.2
1290610 2241.5
1290620 2232.7
1290630 2232.7
1290640 2224.0
1290650 2215.5
1290660 2215.5
1290670 2207.7
1290680 2199.4
1290690 2199.4
1290700 2191.5
1290710 2181.7
1290720 2173.2
1290730 2173.2
1290740 2168.3
1290750 2164.0
1290760 2164.0
1290770 2158.7
1290780 2152.6
1290790 2152.6
1290800 2144.2
1290810 2132.8
1290820 2132.8
1290830 2120.0
1290840 2106.4
1290850 2106.4
1290860 2095.4
1290870 2087.1
1290880 2087.1
1290890 2079.9
1290900 2072.1
1290910 2072.1
1290920 2064.3
1290930 2056.0
1290940 2048.6
1290950 2048.6
1290960 2040.5
1290970 2031.4
1290980 2031.4
1290990 2022.3
1291000 2013.7
1291010 2013.7
1291020 2006.9
1291030 2000.9
1291040 2000.9
1291050 1995.2
1291060 1989.8
1291070 1989.8
1291080 1985.2
1291090 1980.7
1291100 1980.7
1291110 1976.5
1291120 1972.4
1291130 1972.4
1291140 1967.9
1291150 1962.9
1291160 1962.9
1291170 1957.5
1291180 1952.1
1291190 1946.8
1291200 1946.8
1291210 1940.6
1291220 1935.1
1291230 1935.1
1291240 1927.2
1291250 1921.9
1291260 1921.9
1291270 1917.2
1291280 1911.9
1291290 1911.9
1291300 1905.9
1291310 1899.9
1291320 1899.9
1291330 1896.5
1291340 1891.5
1291350 1891.5
1291360 1883.9
1291370 1876.7
1291380 1876.7
1291390 1870.5
1291400 1865.4
1291410 1865.4
1291420 1860.2
1291430 1854.6
1291440 1848.9
1291450 1848.9
1291460 1843.7
1291470 1838.8
1291480 1838.8
1291490 1833.0
1291500 1828.0
1291510 1828.0
1291520 1823.2
1291530 1818.8
1291540 1818.8
1291550 1813.5
1291560 1808.3
1291570 1808.3
1291580 1804.4
1291590 1799.0
1291600 1799.0
1291610 1790.3
1291620 1781.6
1291630 1781.6
1291640 1775.1
1291650 1770.8
1291660 1770.8
1291670 1768.4
1291680 1767.3
1291690 1766.1
1291700 1766.1
1291710 1765.3
1291720 1764.8
1291730 1764.8
1291740 1764.4
1291750 1764.0
1291760 1764.0
1291770 1763.5
1291780 1763.0
1291790 1763.0
1291800 1762.4
1291810 1762.0
1291820 1762.0
1291830 1761.7
1291840 1761.5
1291850 1761.5
1291860 1761.2
1291870 1761.1
1291880 1761.1
1291890 1763.9
1291900 1767.8
1291910 1772.1
1291920 1772.1
1291930 1777.8
1291940 1782.3
1291950 1782.3
1291960 1787.4
1291970 1792.7
1291980 1792.7
1291990 1797.7
1292000 1801.7
1292010 1801.7
1292020 1805.4
1292030 1808.4
1292040 1808.4
1292050 1811.3
1292060 1814.8
1292070 1814.8
1292080 1818.1
1292090 1821.3
1292100 1821.3
1292110 1825.5
1292120 1830.4
1292130 1830.4
1292140 1836.0
1292150 1841.7
1292160 1846.6
1292170 1846.6
1292180 1852.6
1292190 1858.6
1292200 1858.6
1292210 1865.7
1292220 1871.5
1292230 1871.5
1292240 1875.7
1292250 1878.6
1292260 1878.6
1292270 1881.6
1292280 1885.4
1292290 1885.4
1292300 1888.6
1292310 1891.7
1292320 1891.7
1292330 1895.3
1292340 1898.9
1292350 1898.9
1292360 1901.9
1292370 1905.2
1292380 1905.2
1292390 1908.8
1292400 1912.2
1292410 1912.1
1292420 1912.1
1292430 1913.2
1292440 1916.6
1292450 1916.6
1292460 1919.8
1292470 1921.6
1292480 1921.6
1292490 1922.7
1292500 1923.8
1292510 1923.8
1292520 1926.0
1292530 1930.3
1292540 1930.3
1292550 1935.7
1292560 1940.5
1292570 1940.5
1292580 1944.8
1292590 1950.1
1292600 1950.1
1292610 1954.3
1292620 1960.3
1292630 1960.3
1292640 1965.8
1292650 1969.7
1292660 1973.1
1292670 1973.1
1292680 1976.8
1292690 1980.6
1292700 1980.6
1292710 1984.2
1292720 1986.9
1292730 1986.9
1292740 1989.8
1292750 1992.9
1292760 1992.9
1292770 1995.1
1292780 1996.1
1292790 1996.1
1292800 1997.6
1292810 2000.1
1292820 2000.1
1292830 2003.0
1292840 2005.7
1292850 2005.7
1292860 2008.4
1292870 2010.7
1292880 2012.2
1292890 2012.2
1292900 2014.5
1292910 2016.7
1292920 2016.7
1292930 2018.7
1292940 2019.8
1292950 2019.8
1292960 2021.3
1292970 2024.0
1292980 2024.0
1292990 2025.3
1293000 2025.8
1293010 2025.8
1293020 2025.6
1293030 2027.0
1293040 2027.0
1293050 2030.1
1293060 2032.4
1293070 2032.4
1293080 2034.2
1293090 2035.8
1293100 2035.8
1293110 2037.0
1293120 2038.2
1293130 2039.9
1293140 2039.9
1293150 2042.1
1293160 2043.5
1293170 2043.5
1293180 2045.0
1293190 2047.8
1293200 2047.8
1293210 2051.2
1293220 2053.3
1293230 2053.3
1293240 2054.5
1293250 2056.1
1293260 2060.1
1293270 2062.9
1293280 2065.5
1293290 2065.5
1293300 2066.8
1293310 2067.4
1293320 2067.4
1293330 2068.0
1293340 2070.9
1293350 2070.9
1293360 2075.2
1293370 2079.2
1293380 2083.1
1293390 2083.1
1293400 2085.7
1293410 2088.3
1293420 2088.3
1293430 2089.8
1293440 2090.5
1293450 2090.5
1293460 2090.1
1293470 2093.5
1293480 2093.5
1293490 2097.2
1293500 2100.0
1293510 2100.0
1293520 2102.2
1293530 2106.2
1293540 2106.2
1293550 2111.5
1293560 2113.0
1293570 2113.0
1293580 2114.8
1293590 2116.9
1293600 2116.9
1293610 2119.6
1293620 2122.7
1293630 2125.8
1293640 2125.8
1293650 2128.3
1293660 2130.1
1293670 2130.1
1293680 2129.9
1293690 2127.9
1293700 2127.9
1293710 2127.2
1293720 2128.7
1293730 2128.7
1293740 2129.0
1293750 2127.4
1293760 2127.4
1293770 2125.1
1293780 2124.1
1293790 2124.1
1293800 2124.4
1293810 2124.2
1293820 2124.2
1293830 2124.4
1293840 2125.6
1293850 2126.3
1293860 2126.3
1293870 2126.4
1293880 2127.1
1293890 2127.1
1293900 2127.1
1293910 2128.8
1293920 2133.3
1293930 2134.8
1293940 2134.8
1293950 2134.8
1293960 2136.4
1293970 2141.6
1293980 2141.6
1293990 2144.5
1294000 2148.0
1294010 2148.0
1294020 2145.7
1294030 2136.6
1294040 2136.6
1294050 2126.1
1294060 2115.1
1294070 2115.1
1294080 2107.1
1294090 2099.5
1294100 2093.1
1294110 2093.1
1294120 2087.9
1294130 2086.7
1294140 2086.7
1294150 2088.3
1294160 2086.1
1294170 2086.1
1294180 2083.4
1294190 2081.2
1294200 2081.2
1294210 2076.9
1294220 2073.3
1294230 2073.3
1294240 2070.0
1294250 2066.1
1294260 2066.1
1294270 2063.4
1294280 2061.4
1294290 2061.4
1294300 2059.0
1294310 2055.4
1294320 2055.4
1294330 2048.8
1294340 2042.9
1294350 2038.6
1294360 2038.6
1294370 2034.0
1294380 2030.4
1294390 2030.4
1294400 2027.0
1294410 2022.4
1294420 2022.4
1294430 2016.6
1294440 2009.9
1294450 2009.9
1294460 2003.9
1294470 1998.2
1294480 1998.2
1294490 1991.8
1294500 1984.9
1294510 1984.9
1294520 1979.7
1294530 1975.2
1294540 1975.2
1294550 1971.7
1294560 1967.1
1294570 1967.1
1294580 1962.6
1294590 1959.1
1294600 1952.0
1294610 1952.0
1294620 1945.7
1294630 1939.8
1294640 1939.8
1294650 1934.0
1294660 1929.6
1294670 1929.6
1294680 1925.9
1294690 1921.9
1294700 1921.9
1294710 1916.7
1294720 1913.0
1294730 1913.0
1294740 1910.0
1294750 1906.0
1294760 1906.0
1294770 1902.9
1294780 1898.8
1294790 1898.8
1294800 1893.3
1294810 1890.4
1294820 1889.2
1294830 1889.2
1294840 1887.4
1294850 1883.9
1294860 1883.9
1294870 1879.8
1294880 1875.2
1294890 1875.2
1294900 1868.4
1294910 1863.2
1294920 1863.2
1294930 1860.6
1294940 1858.7
1294950 1858.7
1294960 1857.4
1294970 1854.8
1294980 1854.8
1294990 1851.8
1295000 1848.0
1295010 1848.0
1295020 1843.4
1295030 1838.4
1295040 1838.4
1295050 1833.8
1295060 1828.5
1295070 1822.5
1295080 1822.5
1295090 1815.3
1295100 1809.1
1295110 1809.1
1295120 1803.2
1295130 1797.7
1295140 1797.7
1295150 1792.9
1295160 1785.2
1295170 1785.2
1295180 1780.6
1295190 1777.7
1295200 1777.7
1295210 1775.2
1295220 1772.3
1295230 1772.3
1295240 1768.8
1295250 1763.7
1295260 1762.2
1295270 1759.3
1295280 1757.0
1295290 1757.0
1295300 1754.3
1295310 1750.4
1295320 1747.4
1295330 1747.4
1295340 1743.9
1295350 1739.1
1295360 1739.1
1295370 1733.7
1295380 1726.9
1295390 1726.9
1295400 1720.1
1295410 1714.7
1295420 1714.7
1295430 1707.4
1295440 1698.8
1295450 1698.8
1295460 1693.3
1295470 1689.0
1295480 1689.0
1295490 1684.5
1295500 1681.6
1295510 1681.6
1295520 1677.8
1295530 1676.9
1295540 1676.9
1295550 1677.3
1295560 1678.1
1295570 1679.0
1295580 1679.0
1295590 1679.8
1295600 1680.8
1295610 1680.8
1295620 1681.9
1295630 1682.8
1295640 1682.8
1295650 1683.8
1295660 1684.8
1295670 1684.8
1295680 1685.9
1295690 1686.9
1295700 1686.9
1295710 1688.0
1295720 1689.0
1295730 1689.0
1295740 1690.0
1295750 1691.2
1295760 1691.2
1295770 1692.3
1295780 1693.4
1295790 1694.9
1295800 1694.9
1295810 1696.4
1295820 1697.3
1295830 1697.3
1295840 1698.2
1295850 1699.4
1295860 1699.4
1295870 1700.7
1295880 1701.9
1295890 1701.9
1295900 1702.5
1295910 1702.9
1295920 1702.9
1295930 1702.1
1295940 1707.5
1295950 1707.5
1295960 1714.6
1295970 1721.7
1295980 1721.7
1295990 1728.5
1296000 1735.6
1296010 1735.6
1296020 1742.0
1296030 1742.8
1296040 1739.6
1296050 1739.6
1296060 1736.4
1296070 1734.2
1296080 1734.2
1296090 1734.0
1296100 1735.7
1296110 1735.7
1296120 1737.4
1296130 1739.4
1296140 1739.4
1296150 1741.8
1296160 1743.6
1296170 1743.6
1296180 1745.2
1296190 1747.3
1296200 1747.3
1296210 1749.0
1296220 1750.8
1296230 1750.8
1296240 1752.8
1296250 1754.8
1296260 1754.8
1296270 1757.4
1296280 1759.6
1296290 1761.7
1296300 1761.7
1296310 1763.3
1296320 1765.4
1296330 1765.4
1296340 1768.2
1296350 1773.9
1296360 1773.9
1296370 1779.0
1296380 1783.7
1296390 1783.7
1296400 1787.6
1296410 1790.8
1296420 1790.8
1296430 1793.0
1296440 1795.0
1296450 1795.0
1296460 1796.9
1296470 1797.0
1296480 1797.0
1296490 1799.2
1296500 1801.7
1296510 1801.7
1296520 1802.8
1296530 1806.4
1296540 1808.3
1296550 1808.3
1296560 1811.0
1296570 1814.1
1296580 1814.1
1296590 1817.2
1296600 1820.3
1296610 1823.9
1296620 1828.0
1296630 1833.3
1296640 1833.3
1296650 1839.4
1296660 1844.5
1296670 1844.5
1296680 1847.0
1296690 1850.2
1296700 1850.2
1296710 1854.6
1296720 1858.1
1296730 1858.1
1296740 1860.9
1296750 1862.7
1296760 1863.0
1296770 1863.0
1296780 1860.2
1296790 1863.2
1296800 1863.2
1296810 1870.9
1296820 1878.5
1296830 1878.5
1296840 1885.3
1296850 1892.1
1296860 1892.1
1296870 1897.1
1296880 1900.2
1296890 1900.2
1296900 1903.1
1296910 1907.3
1296920 1907.3
1296930 1911.6
1296940 1917.9
1296950 1917.9
1296960 1925.7
1296970 1931.6
1296980 1931.6
1296990 1935.9
1297000 1941.7
1297010 1948.4
1297020 1948.4
1297030 1953.7
1297040 1957.0
1297050 1957.0
1297060 1959.3
1297070 1961.1
1297080 1961.1
1297090 1967.3
1297100 1975.3
1297110 1975.3
1297120 1983.5
1297130 1992.9
1297140 1992.9
1297150 2001.2
1297160 2003.8
1297170 2003.8
1297180 2008.5
1297190 2016.1
1297200 2016.1
1297210 2022.7
1297220 2029.5
1297230 2029.5
1297240 2036.8
1297250 2044.3
1297260 2050.2
1297270 2050.2
1297280 2056.4
1297290 2062.9
1297300 2062.9
1297310 2070.9
1297320 2078.5
1297330 2078.5
1297340 2084.8
1297350 2088.3
1297360 2088.3
1297370 2090.5
1297380 2092.3
1297390 2092.3
1297400 2094.0
1297410 2096.4
1297420 2096.4
1297430 2100.6
1297440 2105.0
1297450 2105.0
1297460 2111.3
1297470 2117.3
1297480 2117.3
1297490 2120.7
1297500 2124.2
1297510 2127.8
1297520 2127.8
1297530 2132.0
1297540 2137.2
1297550 2137.2
1297560 2143.0
1297570 2148.7
1297580 2148.7
1297590 2154.7
1297600 2160.3
1297610 2160.3
1297620 2166.1
1297630 2171.8
1297640 2171.8
1297650 2176.9
1297660 2181.1
1297670 2181.1
1297680 2185.3
1297690 2190.3
1297700 2190.3
1297710 2195.1
1297720 2199.6
1297730 2204.7
1297740 2204.7
1297750 2211.1
1297760 2217.8
1297770 2217.8
1297780 2226.3
1297790 2232.4
1297800 2232.4
1297810 2235.5
1297820 2239.3
1297830 2239.3
1297840 2243.4
1297850 2248.0
1297860 2248.0
1297870 2253.2
1297880 2258.3
1297890 2258.3
1297900 2263.2
1297910 2269.4
1297920 2269.4
1297930 2275.7
1297940 2281.8
1297950 2281.8
1297960 2288.3
1297970 2293.4
1297980 2299.5
1297990 2299.5
1298000 2305.8
1298010 2312.2
1298020 2312.2
1298030 2318.7
1298040 2325.3
1298050 2325.3
1298060 2332.1
1298070 2339.1
1298080 2339.1
1298090 2346.2
1298100 2353.2
1298110 2353.2
1298120 2360.5
1298130 2368.0
1298140 2368.0
1298150 2375.4
1298160 2383.2
1298170 2383.2
1298180 2391.2
1298190 2398.9
1298200 2398.9
1298210 2406.2
1298220 2413.6
1298230 2421.4
1298240 2421.4
1298250 2428.9
1298260 2435.9
1298270 2435.9
1298280 2443.6
1298290 2451.5
1298300 2451.5
1298310 2459.3
1298320 2467.7
1298330 2467.7
1298340 2476.7
1298350 2485.8
1298360 2485.8
1298370 2494.6
1298380 2503.9
1298390 2503.9
1298400 2512.5
1298410 2519.8
1298420 2519.8
1298430 2526.4
1298440 2533.2
1298450 2533.2
1298460 2539.8
1298470 2545.8
1298480 2548.9
1298490 2548.9
1298500 2548.5
1298510 2548.0
1298520 2548.0
1298530 2551.5
1298540 2556.9
1298550 2556.9
1298560 2562.7
1298570 2568.3
1298580 2568.3
1298590 2567.7
1298600 2562.9
1298610 2562.9
1298620 2559.0
1298630 2554.4
1298640 2554.4
1298650 2544.5
1298660 2538.9
1298670 2538.9
1298680 2534.3
1298690 2531.0
1298700 2530.5
1298710 2530.5
1298720 2529.3
1298730 2525.0
1298740 2525.0
1298750 2517.6
1298760 2510.4
1298770 2510.4
1298780 2506.7
1298790 2508.1
1298800 2508.1
1298810 2511.2
1298820 2513.1
1298830 2513.1
1298840 2510.4
1298850 2509.4
1298860 2509.4
1298870 2503.0
1298880 2498.1
1298890 2498.1
1298900 2492.6
1298910 2486.6
1298920 2486.6
1298930 2482.7
1298940 2475.1
1298950 2460.2
1298960 2460.2
1298970 2442.4
1298980 2427.8
1298990 2427.8
1299000 2416.2
1299010 2408.0
1299020 2408.0
1299030 2401.1
1299040 2394.5
1299050 2394.5
1299060 2388.0
1299070 2381.5
1299080 2381.5
1299090 2374.4
1299100 2367.5
1299110 2367.5
1299120 2361.2
1299130 2355.3
1299140 2355.3
1299150 2350.2
1299160 2346.1
1299170 2346.1
1299180 2342.5
1299190 2338.8
1299200 2334.9
1299210 2334.9
1299220 2332.8
1299230 2331.2
1299240 2331.2
1299250 2329.1
1299260 2326.4
1299270 2326.4
1299280 2324.7
1299290 2323.7
1299300 2323.7
1299310 2319.7
1299320 2312.8
1299330 2314.0
1299340 2307.3
1299350 2300.8
1299360 2300.8
1299370 2295.9
1299380 2294.0
1299390 2294.0
1299400 2292.5
1299410 2291.7
1299420 2291.7
1299430 2288.7
1299440 2285.0
1299450 2281.8
1299460 2281.8
1299470 2279.7
1299480 2277.6
1299490 2277.6
1299500 2276.0
1299510 2272.8
1299520 2272.8
1299530 2269.5
1299540 2267.3
1299550 2267.3
1299560 2263.8
1299570 2261.0
1299580 2261.0
1299590 2258.8
1299600 2255.8
1299610 2255.8
1299620 2252.9
1299630 2251.2
1299640 2251.2
1299650 2250.5
1299660 2250.9
1299670 2252.1
1299680 2252.1
1299690 2252.8
1299700 2252.8
1299710 2252.8
1299720 2252.5
1299730 2252.1
1299740 2252.1
1299750 2251.3
1299760 2249.6
1299770 2249.6
1299780 2246.3
1299790 2240.5
1299800 2240.5
1299810 2233.6
1299820 2227.3
1299830 2227.3
1299840 2221.0
1299850 2214.8
1299860 2214.8
1299870 2209.5
1299880 2204.8
1299890 2204.8
1299900 2200.7
1299910 2196.7
1299920 2192.7
1299930 2192.7
1299940 2189.9
1299950 2188.0
1299960 2188.0
1299970 2187.7
1299980 2187.5
1299990 2187.5
