1280000 2214.0
1280010 2215.4
1280020 2217.6
1280030 2219.1
1280040 2221.4
1280050 2225.3
1280060 2225.3
1280070 2228.5
1280080 2231.2
1280090 2231.2
1280100 2230.7
1280110 2226.0
1280120 2226.0
1280130 2226.2
1280140 2225.1
1280150 2225.1
1280160 2219.2
1280170 2218.5
1280180 2218.5
1280190 2219.6
1280200 2221.3
1280210 2221.3
1280220 2224.2
1280230 2228.0
1280240 2228.0
1280250 2228.0
1280260 2225.7
1280270 2222.8
1280280 2222.8
1280290 2225.0
1280300 2226.7
1280310 2226.7
1280320 2227.8
1280330 2227.7
1280340 2227.7
1280350 2227.8
1280360 2228.0
1280370 2228.0
1280380 2226.9
1280390 2226.6
1280400 2226.6
1280410 2227.3
1280420 2229.0
1280430 2229.0
1280440 2231.9
1280450 2234.4
1280460 2237.1
1280470 2237.1
1280480 2240.5
1280490 2243.4
1280500 2243.4
1280510 2245.6
1280520 2247.5
1280530 2247.5
1280540 2249.3
1280550 2250.5
1280560 2250.5
1280570 2251.3
1280580 2253.0
1280590 2253.0
1280600 2254.1
1280610 2254.9
1280620 2254.9
1280630 2257.4
1280640 2259.1
1280650 2264.2
1280660 2265.3
1280670 2265.0
1280680 2265.0
1280690 2262.1
1280700 2259.8
1280710 2258.6
1280720 2258.6
1280730 2259.1
1280740 2258.4
1280750 2258.4
1280760 2256.5
1280770 2255.0
1280780 2255.0
1280790 2253.6
1280800 2253.8
1280810 2253.8
1280820 2255.3
1280830 2250.5
1280840 2250.5
1280850 2233.7
1280860 2220.4
1280870 2220.4
1280880 2213.5
1280890 2206.7
1280900 2206.7
1280910 2200.0
1280920 2193.4
1280930 2193.4
1280940 2186.6
1280950 2180.4
1280960 2175.9
1280970 2175.9
1280980 2173.4
1280990 2172.2
1281000 2172.2
1281010 2172.1
1281020 2171.8
1281030 2171.8
1281040 2173.3
1281050 2174.9
1281060 2174.9
1281070 2175.5
1281080 2175.5
1281090 2175.5
1281100 2176.9
1281110 2172.6
1281120 2172.6
1281130 2164.5
1281140 2158.0
1281150 2158.0
1281160 2155.5
1281170 2155.2
1281180 2155.2
1281190 2156.9
1281200 2157.5
1281210 2159.3
1281220 2159.3
1281230 2160.4
1281240 2161.4
1281250 2161.4
1281260 2163.9
1281270 2166.8
1281280 2167.7
1281290 2166.7
1281300 2161.4
1281310 2161.4
1281320 2162.0
1281330 2164.5
1281340 2164.5
1281350 2167.1
1281360 2169.1
1281370 2169.1
1281380 2168.6
1281390 2165.7
1281400 2165.7
1281410 2161.8
1281420 2161.2
1281430 2161.2
1281440 2161.4
1281450 2159.1
1281460 2154.9
1281470 2154.9
1281480 2149.8
1281490 2144.9
1281500 2144.9
1281510 2135.4
1281520 2121.1
1281530 2121.1
1281540 2115.8
1281550 2111.5
1281560 2111.5
1281570 2108.5
1281580 2106.3
1281590 2106.3
1281600 2104.9
1281610 2104.6
1281620 2104.6
1281630 2103.7
1281640 2104.8
1281650 2104.8
1281660 2106.0
1281670 2107.2
1281680 2109.4
1281690 2109.4
1281700 2113.7
1281710 2118.8
1281720 2118.8
1281730 2123.2
1281740 2126.2
1281750 2126.2
1281760 2128.2
1281770 2130.0
1281780 2130.0
1281790 2131.4
1281800 2132.5
1281810 2132.5
1281820 2134.1
1281830 2135.5
1281840 2135.5
1281850 2133.8
1281860 2131.5
1281870 2131.5
1281880 2131.8
1281890 2134.3
1281900 2139.3
1281910 2140.3
1281920 2140.8
1281930 2141.1
1281940 2141.1
1281950 2141.9
1281960 2143.7
1281970 2143.7
1281980 2145.3
1281990 2146.9
1282000 2146.9
1282010 2148.2
1282020 2150.0
1282030 2150.0
1282040 2152.3
1282050 2153.7
1282060 2153.7
1282070 2155.1
1282080 2158.1
1282090 2158.1
1282100 2161.3
1282110 2164.1
1282120 2164.1
1282130 2166.0
1282140 2166.6
1282150 2166.6
1282160 2166.1
1282170 2165.2
1282180 2164.4
1282190 2164.4
1282200 2163.2
1282210 2162.2
1282220 2162.2
1282230 2162.0
1282240 2161.7
1282250 2161.7
1282260 2161.8
1282270 2162.2
1282280 2162.2
1282290 2162.6
1282300 2163.2
1282310 2163.2
1282320 2163.8
1282330 2164.5
1282340 2164.5
1282350 2165.5
1282360 2167.0
1282370 2167.0
1282380 2169.2
1282390 2171.4
1282400 2171.4
1282410 2172.7
1282420 2173.9
1282430 2176.5
1282440 2176.5
1282450 2178.4
1282460 2179.4
1282470 2179.4
1282480 2180.5
1282490 2181.7
1282500 2181.7
1282510 2182.8
1282520 2183.8
1282530 2182.5
1282540 2183.3
1282550 2183.8
1282560 2183.8
1282570 2184.2
1282580 2184.7
1282590 2184.7
1282600 2185.3
1282610 2186.1
1282620 2186.1
1282630 2186.3
1282640 2187.0
1282650 2187.0
1282660 2188.2
1282670 2189.7
1282680 2192.3
1282690 2192.3
1282700 2195.6
1282710 2198.9
1282720 2198.9
1282730 2201.8
1282740 2204.6
1282750 2204.6
1282760 2209.1
1282770 2214.7
1282780 2214.7
1282790 2220.3
1282800 2225.4
1282810 2225.4
1282820 2230.0
1282830 2235.3
1282840 2235.3
1282850 2240.3
1282860 2245.0
1282870 2245.0
1282880 2250.0
1282890 2255.5
1282900 2261.3
1282910 2261.3
1282920 2267.1
1282930 2273.6
1282940 2273.6
1282950 2280.8
1282960 2288.2
1282970 2288.2
1282980 2296.1
1282990 2303.9
1283000 2303.9
1283010 2311.3
1283020 2318.0
1283030 2318.0
1283040 2323.7
1283050 2329.0
1283060 2329.0
1283070 2334.2
1283080 2339.2
1283090 2339.2
1283100 2344.1
1283110 2349.0
1283120 2349.0
1283130 2354.8
1283140 2361.5
1283150 2367.5
1283160 2363.5
1283170 2369.6
1283180 2376.7
1283190 2376.7
1283200 2383.8
1283210 2390.2
1283220 2390.2
1283230 2395.8
1283240 2401.2
1283250 2401.2
1283260 2406.9
1283270 2412.5
1283280 2412.5
1283290 2418.2
1283300 2423.3
1283310 2423.3
1283320 2428.2
1283330 2432.3
1283340 2432.3
1283350 2435.2
1283360 2438.3
1283370 2438.3
1283380 2443.7
1283390 2451.0
1283400 2458.2
1283410 2458.2
1283420 2465.3
1283430 2472.7
1283440 2472.7
1283450 2480.7
1283460 2489.1
1283470 2489.1
1283480 2497.7
1283490 2508.8
1283500 2508.8
1283510 2519.5
1283520 2527.3
1283530 2527.3
1283540 2534.4
1283550 2541.8
1283560 2541.8
1283570 2550.2
1283580 2557.9
1283590 2557.9
1283600 2564.3
1283610 2570.8
1283620 2570.8
1283630 2577.3
1283640 2583.0
1283650 2586.8
1283660 2586.8
1283670 2585.0
1283680 2582.8
1283690 2582.8
1283700 2583.8
1283710 2584.6
1283720 2584.6
1283730 2585.2
1283740 2585.7
1283750 2585.7
1283760 2587.2
1283770 2591.4
1283780 2591.4
1283790 2591.1
1283800 2594.9
1283810 2594.9
1283820 2596.8
1283830 2597.7
1283840 2597.7
1283850 2594.8
1283860 2589.3
1283870 2589.3
1283880 2585.3
1283890 2582.7
1283900 2577.0
1283910 2577.0
1283920 2571.1
1283930 2566.6
1283940 2566.6
1283950 2561.6
1283960 2555.6
1283970 2555.6
1283980 2548.7
1283990 2541.5
1284000 2541.5
1284010 2537.6
1284020 2534.2
1284030 2534.2
1284040 2529.8
1284050 2522.8
1284060 2522.8
1284070 2514.7
1284080 2506.3
1284090 2506.3
1284100 2501.2
1284110 2499.3
1284120 2495.5
1284130 2495.5
1284140 2487.7
1284150 2483.7
1284160 2483.7
1284170 2482.6
1284180 2481.7
1284190 2481.7
1284200 2481.4
1284210 2478.2
1284220 2478.2
1284230 2472.4
1284240 2471.8
1284250 2471.8
1284260 2473.0
1284270 2472.6
1284280 2472.6
1284290 2471.1
1284300 2469.5
1284310 2469.5
1284320 2468.5
1284330 2467.9
1284340 2467.9
1284350 2467.4
1284360 2466.4
1284370 2464.7
1284380 2464.7
1284390 2462.7
1284400 2462.5
1284410 2462.5
1284420 2461.9
1284430 2467.3
1284440 2467.3
1284450 2464.8
1284460 2461.5
1284470 2461.5
1284480 2458.9
1284490 2456.4
1284500 2456.4
1284510 2453.5
1284520 2450.8
1284530 2450.8
1284540 2447.8
1284550 2446.7
1284560 2446.7
1284570 2446.1
1284580 2446.8
1284590 2446.8
1284600 2449.5
1284610 2452.5
1284620 2455.6
1284630 2455.6
1284640 2452.2
1284650 2446.1
1284660 2446.1
1284670 2441.2
1284680 2436.5
1284690 2436.5
1284700 2435.3
1284710 2435.2
1284720 2435.2
1284730 2435.2
1284740 2425.1
1284750 2425.1
1284760 2410.3
1284770 2400.5
1284780 2400.5
1284790 2392.6
1284800 2383.0
1284810 2383.0
1284820 2373.3
1284830 2366.6
1284840 2366.6
1284850 2360.2
1284860 2350.8
1284870 2345.1
1284880 2345.1
1284890 2340.5
1284900 2335.7
1284910 2335.7
1284920 2330.7
1284930 2325.4
1284940 2325.4
1284950 2320.0
1284960 2313.9
1284970 2313.9
1284980 2307.0
1284990 2302.2
1285000 2302.2
1285010 2297.5
1285020 2292.5
1285030 2292.5
1285040 2287.6
1285050 2281.4
1285060 2281.4
1285070 2269.6
1285080 2262.4
1285090 2262.4
1285100 2254.9
1285110 2248.0
1285120 2241.4
1285130 2241.4
1285140 2234.9
1285150 2228.2
1285160 2228.2
1285170 2222.4
1285180 2217.5
1285190 2217.5
1285200 2214.2
1285210 2211.6
1285220 2211.6
1285230 2209.6
1285240 2208.1
1285250 2208.1
1285260 2207.1
1285270 2207.2
1285280 2207.2
1285290 2207.1
1285300 2206.3
1285310 2206.3
1285320 2205.0
1285330 2202.9
1285340 2202.9
1285350 2201.0
1285360 2200.0
1285370 2198.3
1285380 2198.3
1285390 2194.6
1285400 2190.4
1285410 2190.4
1285420 2185.0
1285430 2178.5
1285440 2178.5
1285450 2172.0
1285460 2163.7
1285470 2163.7
1285480 2152.5
1285490 2143.1
1285500 2143.1
1285510 2136.2
1285520 2129.8
1285530 2129.8
1285540 2123.9
1285550 2118.8
1285560 2118.8
1285570 2114.7
1285580 2111.3
1285590 2107.6
1285600 2107.6
1285610 2104.5
1285620 2101.0
1285630 2101.0
1285640 2097.5
1285650 2092.3
1285660 2092.3
1285670 2088.0
1285680 2085.1
1285690 2085.1
1285700 2085.5
1285710 2082.6
1285720 2082.6
1285730 2079.7
1285740 2076.7
1285750 2076.7
1285760 2073.7
1285770 2071.4
1285780 2071.4
1285790 2069.4
1285800 2067.5
1285810 2067.5
1285820 2065.8
1285830 2062.8
1285840 2055.4
1285850 2055.4
1285860 2046.7
1285870 2040.5
1285880 2040.5
1285890 2041.8
1285900 2035.6
1285910 2035.6
1285920 2009.8
1285930 1999.0
1285940 1999.0
1285950 1993.5
1285960 1987.8
1285970 1987.8
1285980 1983.5
1285990 1980.8
1286000 1980.8
1286010 1980.0
1286020 1979.2
1286030 1979.2
1286040 1979.3
1286050 1979.9
1286060 1979.9
1286070 1980.9
1286080 1982.1
1286090 1980.9
1286100 1980.9
1286110 1979.2
1286120 1976.3
1286130 1976.3
1286140 1972.3
1286150 1969.8
1286160 1969.8
1286170 1967.7
1286180 1965.4
1286190 1965.4
1286200 1961.1
1286210 1957.2
1286220 1957.2
1286230 1955.3
1286240 1954.3
1286250 1954.3
1286260 1953.4
1286270 1951.6
1286280 1951.6
1286290 1950.3
1286300 1950.4
1286310 1950.4
1286320 1949.0
1286330 1948.1
1286340 1950.7
1286350 1950.7
1286360 1950.1
1286370 1950.7
1286380 1950.7
1286390 1950.0
1286400 1951.0
1286410 1951.0
1286420 1952.8
1286430 1953.1
1286440 1953.1
1286450 1951.9
1286460 1951.2
1286470 1951.2
1286480 1948.2
1286490 1942.5
1286500 1942.5
1286510 1937.6
1286520 1933.2
1286530 1933.2
1286540 1929.5
1286550 1927.5
1286560 1927.5
1286570 1926.4
1286580 1924.2
1286590 1921.3
1286600 1921.3
1286610 1917.9
1286620 1915.5
1286630 1915.5
1286640 1912.6
1286650 1907.2
1286660 1907.2
1286670 1904.6
1286680 1896.3
1286690 1896.3
1286700 1884.5
1286710 1877.9
1286720 1877.9
1286730 1870.0
1286740 1859.3
1286750 1859.3
1286760 1854.0
1286770 1847.3
1286780 1847.3
1286790 1838.5
1286800 1832.1
1286810 1825.4
1286820 1825.4
1286830 1819.2
1286840 1815.4
1286850 1815.4
1286860 1814.9
1286870 1815.7
1286880 1815.7
1286890 1817.1
1286900 1821.0
1286910 1821.0
1286920 1826.2
1286930 1832.1
1286940 1832.1
1286950 1838.4
1286960 1843.4
1286970 1843.4
1286980 1846.3
1286990 1847.2
1287000 1847.2
1287010 1852.5
1287020 1858.2
1287030 1858.2
1287040 1864.5
1287050 1870.3
1287060 1878.0
1287070 1878.0
1287080 1884.9
1287090 1891.7
1287100 1891.7
1287110 1898.2
1287120 1904.4
1287130 1904.4
1287140 1909.9
1287150 1912.2
1287160 1912.2
1287170 1915.9
1287180 1920.5
1287190 1920.5
1287200 1925.8
1287210 1932.1
1287220 1932.1
1287230 1938.0
1287240 1943.0
1287250 1943.0
1287260 1947.4
1287270 1951.5
1287280 1951.5
1287290 1957.1
1287300 1963.8
1287310 1969.8
1287320 1969.8
1287330 1975.0
1287340 1978.1
1287350 1978.1
1287360 1982.1
1287370 1988.1
1287380 1988.1
1287390 1996.5
1287400 2004.0
1287410 2004.0
1287420 2007.7
1287430 2011.4
1287440 2011.4
1287450 2016.3
1287460 2021.2
1287470 2021.2
1287480 2026.1
1287490 2031.7
1287500 2031.7
1287510 2037.8
1287520 2045.1
1287530 2045.1
1287540 2052.2
1287550 2056.5
1287560 2059.2
1287570 2059.2
1287580 2060.9
1287590 2063.9
1287600 2063.9
1287610 2066.8
1287620 2070.2
1287630 2071.9
1287640 2073.6
1287650 2075.7
1287660 2075.7
1287670 2079.2
1287680 2085.7
1287690 2085.7
1287700 2091.1
1287710 2096.0
1287720 2096.0
1287730 2100.7
1287740 2105.5
1287750 2105.5
1287760 2111.2
1287770 2117.9
1287780 2117.9
1287790 2125.1
1287800 2132.2
1287810 2139.2
1287820 2139.2
1287830 2146.1
1287840 2153.7
1287850 2153.7
1287860 2160.4
1287870 2164.4
1287880 2164.4
1287890 2167.1
1287900 2169.3
1287910 2169.3
1287920 2171.6
1287930 2174.6
1287940 2174.6
1287950 2178.0
1287960 2182.1
1287970 2182.1
1287980 2186.8
1287990 2190.8
1288000 2190.8
1288010 2193.8
1288020 2199.3
1288030 2205.4
1288040 2205.4
1288050 2210.1
1288060 2213.8
1288070 2213.8
1288080 2218.5
1288090 2223.2
1288100 2223.2
1288110 2227.6
1288120 2232.2
1288130 2232.2
1288140 2238.1
1288150 2243.2
1288160 2243.2
1288170 2248.3
1288180 2253.1
1288190 2253.1
1288200 2258.0
1288210 2261.9
1288220 2261.9
1288230 2266.2
1288240 2271.3
1288250 2271.3
1288260 2276.9
1288270 2282.7
1288280 2289.8
1288290 2289.8
1288300 2292.9
1288310 2294.9
1288320 2294.9
1288330 2298.6
1288340 2301.8
1288350 2301.8
1288360 2304.9
1288370 2309.6
1288380 2309.6
1288390 2313.4
1288400 2315.6
1288410 2315.6
1288420 2317.7
1288430 2319.8
1288440 2319.8
1288450 2323.6
1288460 2327.7
1288470 2327.7
1288480 2328.9
1288490 2328.7
1288500 2328.7
1288510 2328.5
1288520 2328.2
1288530 2328.7
1288540 2328.7
1288550 2330.4
1288560 2329.9
1288570 2329.9
1288580 2329.7
1288590 2330.7
1288600 2330.7
1288610 2333.7
1288620 2335.6
1288630 2335.6
1288640 2337.0
1288650 2337.9
1288660 2337.9
1288670 2339.1
1288680 2340.4
1288690 2340.4
1288700 2341.8
1288710 2343.0
1288720 2343.0
1288730 2344.1
1288740 2346.4
1288750 2346.4
1288760 2349.2
1288770 2351.1
1288780 2352.4
1288790 2352.4
1288800 2354.6
1288810 2357.5
1288820 2357.5
1288830 2360.0
1288840 2361.6
1288850 2361.6
1288860 2364.0
1288870 2368.3
1288880 2368.3
1288890 2372.8
1288900 2376.1
1288910 2376.1
1288920 2379.0
1288930 2383.0
1288940 2383.0
1288950 2387.8
1288960 2392.7
1288970 2392.7
1288980 2397.5
1288990 2402.8
1289000 2402.8
1289010 2408.2
1289020 2413.5
1289030 2418.8
1289040 2418.8
1289050 2424.4
1289060 2430.6
1289070 2430.6
1289080 2437.7
1289090 2445.5
1289100 2445.5
1289110 2454.3
1289120 2462.7
1289130 2462.7
1289140 2473.3
1289150 2482.1
1289160 2482.1
1289170 2490.4
1289180 2496.9
1289190 2496.9
1289200 2504.0
1289210 2510.9
1289220 2510.9
1289230 2517.2
1289240 2523.5
1289250 2529.6
1289260 2529.6
1289270 2536.7
1289280 2543.2
1289290 2543.2
1289300 2549.3
1289310 2556.3
1289320 2556.3
1289330 2562.5
1289340 2568.6
1289350 2568.6
1289360 2574.0
1289370 2577.5
1289380 2577.5
1289390 2581.2
1289400 2587.0
1289410 2587.0
1289420 2584.1
1289430 2573.5
1289440 2573.5
1289450 2564.7
1289460 2557.3
1289470 2557.3
1289480 2549.7
1289490 2541.6
1289500 2532.7
1289510 2532.7
1289520 2524.2
1289530 2515.7
1289540 2515.7
1289550 2508.4
1289560 2500.9
1289570 2500.9
1289580 2492.1
1289590 2484.9
1289600 2484.9
1289610 2478.5
1289620 2471.8
1289630 2471.8
1289640 2466.6
1289650 2462.6
1289660 2462.6
1289670 2457.9
1289680 2453.0
1289690 2453.0
1289700 2449.0
1289710 2445.2
1289720 2445.2
1289730 2442.0
1289740 2438.2
1289750 2434.7
1289760 2434.7
1289770 2431.4
1289780 2427.5
1289790 2427.5
1289800 2422.8
1289810 2417.0
1289820 2417.0
1289830 2411.8
1289840 2407.7
1289850 2407.7
1289860 2403.6
1289870 2399.6
1289880 2399.6
1289890 2396.4
1289900 2393.4
1289910 2393.4
1289920 2391.9
1289930 2390.9
1289940 2390.9
1289950 2389.6
1289960 2388.2
1289970 2388.2
1289980 2386.8
1289990 2385.6
1290000 2384.0
1290010 2384.0
1290020 2381.0
1290030 2378.1
1290040 2378.1
1290050 2375.6
1290060 2372.8
1290070 2372.8
1290080 2370.0
1290090 2367.6
1290100 2367.6
1290110 2364.9
1290120 2362.6
1290130 2362.6
1290140 2358.8
1290150 2355.8
1290160 2355.8
1290170 2352.8
1290180 2349.6
1290190 2349.6
1290200 2347.9
1290210 2345.2
1290220 2345.2
1290230 2341.0
1290240 2340.2
1290250 2339.7
1290260 2339.7
1290270 2338.3
1290280 2336.2
1290290 2336.2
1290300 2334.3
1290310 2333.1
1290320 2333.1
1290330 2331.8
1290340 2330.3
1290350 2330.3
1290360 2328.4
1290370 2326.6
1290380 2326.6
1290390 2325.4
1290400 2324.6
1290410 2324.6
1290420 2324.8
1290430 2325.1
1290440 2325.1
1290450 2324.0
1290460 2321.2
1290470 2317.0
1290480 2317.0
1290490 2311.9
1290500 2307.3
1290510 2307.3
1290520 2302.5
1290530 2297.3
1290540 2297.3
1290550 2293.8
1290560 2292.5
1290570 2292.5
1290580 2290.7
1290590 2288.4
1290600 2288.4
1290610 2283.8
1290620 2277.6
1290630 2277.6
1290640 2270.4
1290650 2261.5
1290660 2261.5
1290670 2253.6
1290680 2246.3
1290690 2246.3
1290700 2235.0
1290710 2227.7
1290720 2219.9
1290730 2219.9
1290740 2211.3
1290750 2203.7
1290760 2203.7
1290770 2196.7
1290780 2190.3
1290790 2190.3
1290800 2184.2
1290810 2177.3
1290820 2177.3
1290830 2169.5
1290840 2162.1
1290850 2162.1
1290860 2155.7
1290870 2150.1
1290880 2150.1
1290890 2143.7
1290900 2135.8
1290910 2135.8
1290920 2128.2
1290930 2117.8
1290940 2117.8
1290950 2105.8
1290960 2097.9
1290970 2091.1
1290980 2091.1
1290990 2084.5
1291000 2077.9
1291010 2077.9
1291020 2070.6
1291030 2061.6
1291040 2061.6
1291050 2052.2
1291060 2045.3
1291070 2045.3
1291080 2039.3
1291090 2029.8
1291100 2029.8
1291110 2019.2
1291120 2010.4
1291130 2010.4
1291140 2002.7
1291150 1994.2
1291160 1994.2
1291170 1988.2
1291180 1985.4
1291190 1985.4
1291200 1981.7
1291210 1976.8
1291220 1970.7
1291230 1970.7
1291240 1965.2
1291250 1960.9
1291260 1960.9
1291270 1955.1
1291280 1947.9
1291290 1947.9
1291300 1942.3
1291310 1937.1
1291320 1937.1
1291330 1931.3
1291340 1926.2
1291350 1926.2
1291360 1920.9
1291370 1916.3
1291380 1916.3
1291390 1912.1
1291400 1907.4
1291410 1907.4
1291420 1902.9
1291430 1898.7
1291440 1898.7
1291450 1894.6
1291460 1890.4
1291470 1886.4
1291480 1886.4
1291490 1882.2
1291500 1877.8
1291510 1877.8
1291520 1873.3
1291530 1869.2
1291540 1866.8
1291550 1862.5
1291560 1858.2
1291570 1858.2
1291580 1853.4
1291590 1847.9
1291600 1847.9
1291610 1842.9
1291620 1838.2
1291630 1838.2
1291640 1833.3
1291650 1827.3
1291660 1827.3
1291670 1822.0
1291680 1816.3
1291690 1811.0
1291700 1811.0
1291710 1806.0
1291720 1800.7
1291730 1800.7
1291740 1796.3
1291750 1791.1
1291760 1791.1
1291770 1786.3
1291780 1782.0
1291790 1782.0
1291800 1776.7
1291810 1771.6
1291820 1771.6
1291830 1770.3
1291840 1768.6
1291850 1768.6
1291860 1765.9
1291870 1764.0
1291880 1764.0
1291890 1761.9
1291900 1760.4
1291910 1760.4
1291920 1758.2
1291930 1755.8
1291940 1753.8
1291950 1753.8
1291960 1751.9
1291970 1750.2
1291980 1750.2
1291990 1748.6
1292000 1746.9
1292010 1746.9
1292020 1745.1
1292030 1743.3
1292040 1743.3
1292050 1741.3
1292060 1739.0
1292070 1739.0
1292080 1736.6
1292090 1736.6
1292100 1736.6
1292110 1739.7
1292120 1742.1
1292130 1742.1
1292140 1745.2
1292150 1748.9
1292160 1748.9
1292170 1752.8
1292180 1756.6
1292190 1758.8
1292200 1760.4
1292210 1763.1
1292220 1766.0
1292230 1766.0
1292240 1769.2
1292250 1772.5
1292260 1772.5
1292270 1775.0
1292280 1776.8
1292290 1776.8
1292300 1778.2
1292310 1781.2
1292320 1781.2
1292330 1783.4
1292340 1785.7
1292350 1785.7
1292360 1789.4
1292370 1792.4
1292380 1792.4
1292390 1795.2
1292400 1797.5
1292410 1797.5
1292420 1799.4
1292430 1801.1
1292440 1804.3
1292450 1804.3
1292460 1808.2
1292470 1812.2
1292480 1812.2
1292490 1817.1
1292500 1822.8
1292510 1822.8
1292520 1828.6
1292530 1833.1
1292540 1833.1
1292550 1836.8
1292560 1840.6
1292570 1840.6
1292580 1843.7
1292590 1846.4
1292600 1846.4
1292610 1848.9
1292620 1851.1
1292630 1851.1
1292640 1854.2
1292650 1857.4
1292660 1857.4
1292670 1859.5
1292680 1861.5
1292690 1863.9
1292700 1863.9
1292710 1865.6
1292720 1866.5
1292730 1866.5
1292740 1867.6
1292750 1870.0
1292760 1870.0
1292770 1872.5
1292780 1874.4
1292790 1874.4
1292800 1876.0
1292810 1876.9
1292820 1876.9
1292830 1877.9
1292840 1879.5
1292850 1879.5
1292860 1881.6
1292870 1892.0
1292880 1892.0
1292890 1894.7
1292900 1896.8
1292910 1896.6
1292920 1896.6
1292930 1896.0
1292940 1898.1
1292950 1898.1
1292960 1900.9
1292970 1904.3
1292980 1904.3
1292990 1907.9
1293000 1910.9
1293010 1910.9
1293020 1915.6
1293030 1920.5
1293040 1920.5
1293050 1923.4
1293060 1925.7
1293070 1925.7
1293080 1925.8
1293090 1924.5
1293100 1924.5
1293110 1924.9
1293120 1927.6
1293130 1927.6
1293140 1932.1
1293150 1935.6
1293160 1938.6
1293170 1938.6
1293180 1939.1
1293190 1939.2
1293200 1939.2
1293210 1939.1
1293220 1938.6
1293230 1938.6
1293240 1939.8
1293250 1939.5
1293260 1939.5
1293270 1937.7
1293280 1938.4
1293290 1938.4
1293300 1941.3
1293310 1944.1
1293320 1944.1
1293330 1946.0
1293340 1948.6
1293350 1948.6
1293360 1950.2
1293370 1951.8
1293380 1951.8
1293390 1955.1
1293400 1956.6
1293410 1956.5
1293420 1956.5
1293430 1955.6
1293440 1955.0
1293450 1955.0
1293460 1954.5
1293470 1953.6
1293480 1953.6
1293490 1952.8
1293500 1952.5
1293510 1952.5
1293520 1952.9
1293530 1957.4
1293540 1957.4
1293550 1958.4
1293560 1960.9
1293570 1960.9
1293580 1963.8
1293590 1967.8
1293600 1967.8
1293610 1973.0
1293620 1978.4
1293630 1978.4
1293640 1983.7
1293650 1986.4
1293660 1986.5
1293670 1986.5
1293680 1987.1
1293690 1987.0
1293700 1987.0
1293710 1984.9
1293720 1984.2
1293730 1984.2
1293740 1984.5
1293750 1983.7
1293760 1983.7
1293770 1984.1
1293780 1987.3
1293790 1987.3
1293800 1990.7
1293810 1993.6
1293820 1993.6
1293830 1997.4
1293840 2003.4
1293850 2003.4
1293860 2008.5
1293870 2013.0
1293880 2013.3
1293890 2013.3
1293900 2012.3
1293910 2012.3
1293920 2012.3
1293930 2013.0
1293940 2012.7
1293950 2012.7
1293960 2011.2
1293970 2008.8
1293980 2008.8
1293990 2005.9
1294000 2003.9
1294010 2003.9
1294020 2003.2
1294030 2002.6
1294040 2002.6
1294050 2002.8
1294060 2002.0
1294070 2002.0
1294080 2000.2
1294090 1997.3
1294100 1997.3
1294110 1994.3
1294120 1989.0
1294130 1983.7
1294140 1983.7
1294150 1980.5
1294160 1981.5
1294170 1981.5
1294180 1982.5
1294190 1981.2
1294200 1984.5
1294210 1982.4
1294220 1978.8
1294230 1978.8
1294240 1969.4
1294250 1961.0
1294260 1961.0
1294270 1953.4
1294280 1946.3
1294290 1946.3
1294300 1940.0
1294310 1933.1
1294320 1933.1
1294330 1927.9
1294340 1924.3
1294350 1924.3
1294360 1921.0
1294370 1917.6
1294380 1912.8
1294390 1912.8
1294400 1907.3
1294410 1903.6
1294420 1903.6
1294430 1900.0
1294440 1896.6
1294450 1896.6
1294460 1893.7
1294470 1889.3
1294480 1889.3
1294490 1882.1
1294500 1878.6
1294510 1878.6
1294520 1874.0
1294530 1867.8
1294540 1867.8
1294550 1862.4
1294560 1856.2
1294570 1856.2
1294580 1848.1
1294590 1839.7
1294600 1839.7
1294610 1833.3
1294620 1829.1
1294630 1825.2
1294640 1825.2
1294650 1823.4
1294660 1821.4
1294670 1821.4
1294680 1818.8
1294690 1816.9
1294700 1816.9
1294710 1812.8
1294720 1808.5
1294730 1808.5
1294740 1802.9
1294750 1796.7
1294760 1796.7
1294770 1791.4
1294780 1788.0
1294790 1788.0
1294800 1785.3
1294810 1781.9
1294820 1781.9
1294830 1778.4
1294840 1774.3
1294850 1774.3
1294860 1768.3
1294870 1764.9
1294880 1760.5
1294890 1760.5
1294900 1756.6
1294910 1753.8
1294920 1753.8
1294930 1750.7
1294940 1747.5
1294950 1747.5
1294960 1744.2
1294970 1740.4
1294980 1740.4
1294990 1735.1
1295000 1730.5
1295010 1730.5
1295020 1727.1
1295030 1722.9
1295040 1722.9
1295050 1719.6
1295060 1714.8
1295070 1714.8
1295080 1709.8
1295090 1704.8
1295100 1699.4
1295110 1699.4
1295120 1695.8
1295130 1691.1
1295140 1691.1
1295150 1685.2
1295160 1681.0
1295170 1681.0
1295180 1678.9
1295190 1676.6
1295200 1676.6
1295210 1674.5
1295220 1671.8
1295230 1671.8
1295240 1668.4
1295250 1665.2
1295260 1665.2
1295270 1662.0
1295280 1659.2
1295290 1659.2
1295300 1656.8
1295310 1653.4
1295320 1653.4
1295330 1649.8
1295340 1645.6
1295350 1640.0
1295360 1640.0
1295370 1638.4
1295380 1640.6
1295390 1640.6
1295400 1645.4
1295410 1653.2
1295420 1653.2
1295430 1659.4
1295440 1664.0
1295450 1664.0
1295460 1666.6
1295470 1668.3
1295480 1668.3
1295490 1670.9
1295500 1675.4
1295510 1675.4
1295520 1681.1
1295530 1686.5
1295540 1685.8
1295550 1689.8
1295560 1693.0
1295570 1693.0
1295580 1697.2
1295590 1702.7
1295600 1707.8
1295610 1707.8
1295620 1712.7
1295630 1717.9
1295640 1717.9
1295650 1723.0
1295660 1726.7
1295670 1726.7
1295680 1728.2
1295690 1730.5
1295700 1730.5
1295710 1733.0
1295720 1734.8
1295730 1734.8
1295740 1735.8
1295750 1736.4
1295760 1736.4
1295770 1739.1
1295780 1742.9
1295790 1742.9
1295800 1746.9
1295810 1750.5
1295820 1750.5
1295830 1754.2
1295840 1757.1
1295850 1760.9
1295860 1760.9
1295870 1764.3
1295880 1766.9
1295890 1766.9
1295900 1770.5
1295910 1774.7
1295920 1774.7
1295930 1778.3
1295940 1781.9
1295950 1781.9
1295960 1785.8
1295970 1789.3
1295980 1789.3
1295990 1792.3
1296000 1795.7
1296010 1795.7
1296020 1799.4
1296030 1803.5
1296040 1803.5
1296050 1807.0
1296060 1810.0
1296070 1810.0
1296080 1813.2
1296090 1816.1
1296100 1818.9
1296110 1818.9
1296120 1821.6
1296130 1824.5
1296140 1824.5
1296150 1827.8
1296160 1831.3
1296170 1831.3
1296180 1835.1
1296190 1838.9
1296200 1838.9
1296210 1842.7
1296220 1845.2
1296230 1845.2
1296240 1847.8
1296250 1850.3
1296260 1850.3
1296270 1852.7
1296280 1855.2
1296290 1855.2
1296300 1858.7
1296310 1862.7
1296320 1866.4
1296330 1866.4
1296340 1870.3
1296350 1874.0
1296360 1874.0
1296370 1877.7
1296380 1882.0
1296390 1882.0
1296400 1885.5
1296410 1889.0
1296420 1889.0
1296430 1892.6
1296440 1896.3
1296450 1896.3
1296460 1899.6
1296470 1903.1
1296480 1903.1
1296490 1906.1
1296500 1909.0
1296510 1909.0
1296520 1913.1
1296530 1918.2
1296540 1918.2
1296550 1923.8
1296560 1929.0
1296570 1933.1
1296580 1933.1
1296590 1936.2
1296600 1939.7
1296610 1939.7
1296620 1943.6
1296630 1948.4
1296640 1948.4
1296650 1953.3
1296660 1957.9
1296670 1957.9
1296680 1962.5
1296690 1967.8
1296700 1967.8
1296710 1972.5
1296720 1976.4
1296730 1976.4
1296740 1980.9
1296750 1985.7
1296760 1985.7
1296770 1989.5
1296780 1992.7
1296790 1992.7
1296800 1996.4
1296810 1999.5
1296820 2001.3
1296830 2001.3
1296840 2002.3
1296850 2003.0
1296860 2003.0
1296870 2005.5
1296880 2009.4
1296890 2004.3
1296900 2008.6
1296910 2012.5
1296920 2012.5
1296930 2017.0
1296940 2022.0
1296950 2022.0
1296960 2026.1
1296970 2030.8
1296980 2030.8
1296990 2033.8
1297000 2037.0
1297010 2037.0
1297020 2041.1
1297030 2044.2
1297040 2044.2
1297050 2046.7
1297060 2051.2
1297070 2056.2
1297080 2056.2
1297090 2059.9
1297100 2063.6
1297110 2063.6
1297120 2068.0
1297130 2072.6
1297140 2072.6
1297150 2075.7
1297160 2078.7
1297170 2078.7
1297180 2083.4
1297190 2086.7
1297200 2086.7
1297210 2091.6
1297220 2096.5
1297230 2096.5
1297240 2099.6
1297250 2102.9
1297260 2102.9
1297270 2106.8
1297280 2110.1
1297290 2114.2
1297300 2114.2
1297310 2119.4
1297320 2123.4
1297330 2123.4
1297340 2125.7
1297350 2128.0
1297360 2128.0
1297370 2130.2
1297380 2131.6
1297390 2131.6
1297400 2131.6
1297410 2130.3
1297420 2130.3
1297430 2129.4
1297440 2129.2
1297450 2129.2
1297460 2129.8
1297470 2131.0
1297480 2131.0
1297490 2132.2
1297500 2134.2
1297510 2134.2
1297520 2135.1
1297530 2140.4
1297540 2148.4
1297550 2148.4
1297560 2161.3
1297570 2170.7
1297580 2170.7
1297590 2176.9
1297600 2183.4
1297610 2183.4
1297620 2189.4
1297630 2194.9
1297640 2194.9
1297650 2200.5
1297660 2205.9
1297670 2205.9
1297680 2211.9
1297690 2217.8
1297700 2217.8
1297710 2224.9
1297720 2232.4
1297730 2232.4
1297740 2239.6
1297750 2245.1
1297760 2245.1
1297770 2249.2
1297780 2251.9
1297790 2254.7
1297800 2254.7
1297810 2257.7
1297820 2261.0
1297830 2261.0
1297840 2264.4
1297850 2268.1
1297860 2268.1
1297870 2272.0
1297880 2275.4
1297890 2275.4
1297900 2278.2
1297910 2280.7
1297920 2280.7
1297930 2283.4
1297940 2287.5
1297950 2287.5
1297960 2292.3
1297970 2297.8
1297980 2297.8
1297990 2303.9
1298000 2310.8
1298010 2310.8
1298020 2318.4
1298030 2327.0
1298040 2335.2
1298050 2335.2
1298060 2341.4
1298070 2348.2
1298080 2348.2
1298090 2356.7
1298100 2365.8
1298110 2365.8
1298120 2374.2
1298130 2382.0
1298140 2382.0
1298150 2389.1
1298160 2395.5
1298170 2395.5
1298180 2401.7
1298190 2407.1
1298200 2407.1
1298210 2411.4
1298220 2414.5
1298230 2414.5
1298240 2417.6
1298250 2414.8
1298260 2418.9
1298270 2418.9
1298280 2423.1
1298290 2427.4
1298300 2427.4
1298310 2432.0
1298320 2437.1
1298330 2437.1
1298340 2442.2
1298350 2447.8
1298360 2447.8
1298370 2453.8
1298380 2460.7
1298390 2460.7
1298400 2466.5
1298410 2471.8
1298420 2471.8
1298430 2478.2
1298440 2484.5
1298450 2484.5
1298460 2490.8
1298470 2496.6
1298480 2496.6
1298490 2502.8
1298500 2509.2
1298510 2516.0
1298520 2516.0
1298530 2522.5
1298540 2530.0
1298550 2530.0
1298560 2537.2
1298570 2543.7
1298580 2543.7
1298590 2548.9
1298600 2553.0
1298610 2553.0
1298620 2557.2
1298630 2559.5
1298640 2559.5
1298650 2561.1
1298660 2563.0
1298670 2563.0
1298680 2563.4
1298690 2562.6
1298700 2562.6
1298710 2560.3
1298720 2556.2
1298730 2556.2
1298740 2552.5
1298750 2548.4
1298760 2542.7
1298770 2542.7
1298780 2536.9
1298790 2534.1
1298800 2534.1
1298810 2529.9
1298820 2523.9
1298830 2523.9
1298840 2517.5
1298850 2510.6
1298860 2510.6
1298870 2503.2
1298880 2494.5
1298890 2494.5
1298900 2486.6
1298910 2478.9
1298920 2478.9
1298930 2471.0
1298940 2464.0
1298950 2464.0
1298960 2458.2
1298970 2456.5
1298980 2456.5
1298990 2454.5
1299000 2449.7
1299010 2444.8
1299020 2444.8
1299030 2438.1
1299040 2430.1
1299050 2430.1
1299060 2423.8
1299070 2417.2
1299080 2417.2
1299090 2412.2
1299100 2408.6
1299110 2408.6
1299120 2404.7
1299130 2400.2
1299140 2400.2
1299150 2395.8
1299160 2391.7
1299170 2391.7
1299180 2387.9
1299190 2386.3
1299200 2386.3
1299210 2385.5
1299220 2384.3
1299230 2384.3
1299240 2382.0
1299250 2378.2
1299260 2374.4
1299270 2374.4
1299280 2372.7
1299290 2371.7
1299300 2371.7
1299310 2370.8
1299320 2368.8
1299330 2368.8
1299340 2366.9
1299350 2364.8
1299360 2364.8
1299370 2362.4
1299380 2360.0
1299390 2360.0
1299400 2358.2
1299410 2356.5
1299420 2356.5
1299430 2354.5
1299440 2352.3
1299450 2352.3
1299460 2351.0
1299470 2349.3
1299480 2348.0
1299490 2348.0
1299500 2346.0
1299510 2342.7
1299520 2342.7
1299530 2339.8
1299540 2337.3
1299550 2337.3
1299560 2336.7
1299570 2336.7
1299580 2336.7
1299590 2335.6
1299600 2334.1
1299610 2328.7
1299620 2327.0
1299630 2325.5
1299640 2325.5
1299650 2324.1
1299660 2321.8
1299670 2321.8
1299680 2318.4
1299690 2315.5
1299700 2315.5
1299710 2313.6
1299720 2313.1
1299730 2312.3
1299740 2312.3
1299750 2310.9
1299760 2308.9
1299770 2308.9
1299780 2305.9
1299790 2302.8
1299800 2302.8
1299810 2300.4
1299820 2299.5
1299830 2299.5
1299840 2299.0
1299850 2297.9
1299860 2297.9
1299870 2298.0
1299880 2297.5
1299890 2297.5
1299900 2296.5
1299910 2295.4
1299920 2295.4
1299930 2294.7
1299940 2293.4
1299950 2293.4
1299960 2293.5
1299970 2295.2
1299980 2296.7
1299990 2296.7
