1280000 2174.3
1280010 2174.8
1280020 2173.2
1280030 2173.2
1280040 2171.2
1280050 2169.7
1280060 2168.0
1280070 2168.0
1280080 2166.0
1280090 2164.1
1280100 2164.1
1280110 2162.1
1280120 2161.1
1280130 2161.1
1280140 2160.1
1280150 2160.6
1280160 2160.6
1280170 2159.6
1280180 2158.8
1280190 2158.8
1280200 2158.1
1280210 2158.9
1280220 2158.9
1280230 2162.8
1280240 2164.9
1280250 2164.9
1280260 2164.4
1280270 2164.1
1280280 2164.1
1280290 2166.0
1280300 2167.2
1280310 2168.5
1280320 2168.5
1280330 2171.7
1280340 2176.5
1280350 2176.5
1280360 2178.8
1280370 2179.8
1280380 2179.8
1280390 2181.2
1280400 2184.7
1280410 2184.7
1280420 2188.4
1280430 2192.8
1280440 2192.8
1280450 2198.1
1280460 2202.0
1280470 2202.0
1280480 2204.4
1280490 2205.3
1280500 2205.3
1280510 2206.0
1280520 2206.1
1280530 2206.1
1280540 2205.8
1280550 2206.1
1280560 2207.0
1280570 2207.0
1280580 2206.5
1280590 2205.7
1280600 2205.7
1280610 2205.1
1280620 2206.1
1280630 2206.1
1280640 2208.8
1280650 2210.0
1280660 2210.0
1280670 2210.8
1280680 2212.0
1280690 2212.0
1280700 2212.7
1280710 2212.3
1280720 2212.3
1280730 2209.1
1280740 2205.2
1280750 2205.2
1280760 2202.3
1280770 2201.6
1280780 2201.6
1280790 2200.8
1280800 2200.0
1280810 2200.3
1280820 2200.3
1280830 2198.0
1280840 2192.1
1280850 2192.1
1280860 2181.4
1280870 2170.4
1280880 2170.4
1280890 2163.4
1280900 2158.4
1280910 2158.4
1280920 2153.5
1280930 2148.7
1280940 2148.7
1280950 2144.2
1280960 2146.9
1280970 2146.9
1280980 2145.1
1280990 2143.8
1281000 2143.8
1281010 2143.0
1281020 2140.3
1281030 2135.8
1281040 2135.8
1281050 2133.5
1281060 2131.9
1281070 2131.9
1281080 2130.3
1281090 2130.4
1281100 2130.4
1281110 2129.1
1281120 2124.6
1281130 2124.6
1281140 2121.4
1281150 2119.0
1281160 2119.0
1281170 2121.8
1281180 2126.7
1281190 2126.7
1281200 2128.3
1281210 2127.5
1281220 2127.5
1281230 2127.1
1281240 2127.2
1281250 2127.2
1281260 2127.3
1281270 2126.8
1281280 2125.9
1281290 2125.9
1281300 2125.3
1281310 2126.5
1281320 2126.5
1281330 2127.2
1281340 2124.5
1281350 2124.5
1281360 2120.9
1281370 2118.4
1281380 2118.4
1281390 2116.8
1281400 2113.1
1281410 2113.1
1281420 2104.4
1281430 2099.0
1281440 2099.0
1281450 2089.3
1281460 2085.0
1281470 2085.0
1281480 2081.2
1281490 2074.5
1281500 2074.5
1281510 2070.8
1281520 2066.4
1281530 2062.3
1281540 2062.3
1281550 2059.0
1281560 2056.2
1281570 2056.2
1281580 2054.2
1281590 2060.0
1281600 2060.0
1281610 2057.0
1281620 2057.5
1281630 2057.5
1281640 2063.7
1281650 2070.1
1281660 2070.1
1281670 2075.1
1281680 2078.1
1281690 2078.1
1281700 2079.8
1281710 2080.4
1281720 2080.4
1281730 2080.3
1281740 2079.1
1281750 2079.1
1281760 2077.9
1281770 2074.2
1281780 2070.0
1281790 2070.0
1281800 2066.9
1281810 2065.5
1281820 2065.5
1281830 2067.0
1281840 2069.1
1281850 2069.1
1281860 2070.3
1281870 2072.5
1281880 2072.5
1281890 2075.7
1281900 2080.7
1281910 2080.7
1281920 2084.7
1281930 2088.3
1281940 2088.3
1281950 2090.1
1281960 2092.4
1281970 2092.4
1281980 2097.1
1281990 2101.0
1282000 2101.0
1282010 2103.7
1282020 2107.0
1282030 2111.2
1282040 2111.2
1282050 2115.4
1282060 2120.0
1282070 2120.0
1282080 2125.5
1282090 2132.9
1282100 2132.9
1282110 2138.6
1282120 2139.0
1282130 2139.0
1282140 2141.6
1282150 2147.5
1282160 2147.5
1282170 2153.6
1282180 2158.9
1282190 2158.9
1282200 2162.4
1282210 2162.1
1282220 2162.1
1282230 2163.3
1282240 2164.6
1282250 2164.9
1282260 2164.9
1282270 2164.3
1282280 2163.9
1282290 2163.9
1282300 2164.2
1282310 2165.3
1282320 2165.3
1282330 2167.1
1282340 2169.4
1282350 2169.4
1282360 2171.4
1282370 2173.3
1282380 2173.3
1282390 2174.3
1282400 2175.5
1282410 2175.5
1282420 2178.1
1282430 2180.9
1282440 2180.9
1282450 2183.1
1282460 2184.3
1282470 2184.3
1282480 2186.4
1282490 2188.5
1282500 2189.9
1282510 2189.9
1282520 2191.9
1282530 2195.4
1282540 2195.4
1282550 2199.2
1282560 2201.5
1282570 2201.5
1282580 2202.7
1282590 2204.9
1282600 2204.9
1282610 2208.8
1282620 2213.4
1282630 2213.4
1282640 2218.2
1282650 2222.6
1282660 2222.6
1282670 2226.9
1282680 2230.8
1282690 2230.8
1282700 2234.3
1282710 2238.0
1282720 2238.0
1282730 2240.1
1282740 2242.1
1282750 2247.1
1282760 2247.1
1282770 2251.2
1282780 2253.0
1282790 2253.0
1282800 2257.6
1282810 2264.5
1282820 2264.5
1282830 2269.4
1282840 2273.6
1282850 2273.6
1282860 2277.0
1282870 2280.3
1282880 2280.3
1282890 2283.4
1282900 2286.2
1282910 2286.2
1282920 2290.0
1282930 2295.9
1282940 2295.9
1282950 2302.7
1282960 2310.3
1282970 2310.3
1282980 2317.8
1282990 2325.2
1283000 2332.5
1283010 2332.5
1283020 2340.4
1283030 2348.4
1283040 2348.4
1283050 2356.1
1283060 2363.8
1283070 2363.8
1283080 2371.2
1283090 2378.3
1283100 2378.3
1283110 2385.2
1283120 2391.1
1283130 2391.1
1283140 2396.4
1283150 2401.7
1283160 2401.7
1283170 2405.9
1283180 2410.4
1283190 2410.4
1283200 2416.5
1283210 2423.0
1283220 2423.0
1283230 2429.1
1283240 2434.8
1283250 2441.7
1283260 2441.7
1283270 2448.8
1283280 2453.3
1283290 2453.3
1283300 2457.9
1283310 2463.4
1283320 2463.4
1283330 2468.8
1283340 2473.8
1283350 2473.8
1283360 2479.0
1283370 2483.6
1283380 2483.6
1283390 2487.7
1283400 2489.6
1283410 2489.6
1283420 2490.3
1283430 2493.1
1283440 2493.1
1283450 2499.6
1283460 2507.4
1283470 2514.7
1283480 2510.3
1283490 2517.4
1283500 2524.6
1283510 2524.6
1283520 2531.4
1283530 2538.2
1283540 2538.2
1283550 2546.0
1283560 2553.7
1283570 2553.7
1283580 2561.7
1283590 2568.8
1283600 2568.8
1283610 2575.6
1283620 2582.2
1283630 2582.2
1283640 2589.5
1283650 2597.8
1283660 2597.8
1283670 2602.5
1283680 2608.7
1283690 2608.7
1283700 2612.9
1283710 2614.8
1283720 2619.0
1283730 2619.0
1283740 2623.6
1283750 2627.9
1283760 2627.9
1283770 2630.1
1283780 2629.2
1283790 2629.2
1283800 2627.9
1283810 2627.4
1283820 2627.4
1283830 2626.0
1283840 2619.2
1283850 2619.2
1283860 2601.3
1283870 2580.2
1283880 2580.2
1283890 2568.2
1283900 2559.6
1283910 2559.6
1283920 2549.0
1283930 2536.9
1283940 2536.9
1283950 2524.5
1283960 2514.6
1283970 2506.5
1283980 2506.5
1283990 2498.4
1284000 2490.4
1284010 2490.4
1284020 2482.5
1284030 2474.8
1284040 2474.8
1284050 2466.9
1284060 2459.2
1284070 2459.2
1284080 2451.6
1284090 2444.6
1284100 2444.6
1284110 2439.7
1284120 2433.7
1284130 2433.7
1284140 2428.9
1284150 2426.4
1284160 2426.4
1284170 2423.7
1284180 2422.0
1284190 2422.0
1284200 2422.3
1284210 2422.6
1284220 2421.7
1284230 2421.7
1284240 2421.0
1284250 2420.1
1284260 2420.1
1284270 2419.5
1284280 2418.4
1284290 2418.4
1284300 2416.9
1284310 2415.5
1284320 2415.5
1284330 2412.3
1284340 2409.9
1284350 2409.9
1284360 2408.5
1284370 2408.2
1284380 2408.2
1284390 2410.2
1284400 2412.3
1284410 2412.3
1284420 2414.1
1284430 2415.1
1284440 2415.1
1284450 2416.1
1284460 2416.0
1284470 2415.7
1284480 2415.7
1284490 2415.5
1284500 2415.6
1284510 2415.6
1284520 2414.0
1284530 2412.5
1284540 2412.5
1284550 2411.2
1284560 2411.2
1284570 2411.2
1284580 2411.0
1284590 2412.0
1284600 2412.0
1284610 2414.8
1284620 2417.2
1284630 2417.2
1284640 2418.0
1284650 2418.8
1284660 2418.8
1284670 2419.6
1284680 2420.9
1284690 2420.9
1284700 2422.0
1284710 2422.4
1284720 2419.6
1284730 2419.6
1284740 2423.7
1284750 2421.5
1284760 2421.5
1284770 2419.5
1284780 2416.3
1284790 2416.3
1284800 2413.0
1284810 2409.7
1284820 2409.7
1284830 2407.0
1284840 2404.6
1284850 2404.6
1284860 2400.1
1284870 2391.8
1284880 2391.8
1284890 2382.9
1284900 2375.0
1284910 2375.0
1284920 2364.1
1284930 2353.7
1284940 2347.8
1284950 2347.8
1284960 2341.7
1284970 2335.9
1284980 2335.9
1284990 2331.7
1285000 2327.6
1285010 2327.6
1285020 2322.7
1285030 2316.9
1285040 2316.9
1285050 2310.5
1285060 2303.1
1285070 2303.1
1285080 2296.3
1285090 2286.2
1285100 2286.2
1285110 2272.6
1285120 2259.6
1285130 2259.6
1285140 2253.0
1285150 2246.4
1285160 2246.4
1285170 2239.7
1285180 2233.0
1285190 2225.8
1285200 2225.8
1285210 2219.1
1285220 2212.6
1285230 2212.6
1285240 2206.8
1285250 2201.4
1285260 2201.4
1285270 2197.1
1285280 2195.1
1285290 2195.1
1285300 2193.9
1285310 2193.2
1285320 2193.2
1285330 2192.9
1285340 2192.9
1285350 2192.9
1285360 2194.0
1285370 2193.5
1285380 2193.7
1285390 2186.9
1285400 2181.2
1285410 2181.2
1285420 2180.1
1285430 2176.7
1285440 2170.0
1285450 2170.0
1285460 2163.0
1285470 2155.1
1285480 2155.1
1285490 2147.6
1285500 2140.9
1285510 2140.9
1285520 2134.1
1285530 2127.4
1285540 2127.4
1285550 2120.8
1285560 2114.3
1285570 2114.3
1285580 2108.0
1285590 2102.2
1285600 2102.2
1285610 2097.1
1285620 2092.6
1285630 2092.6
1285640 2089.4
1285650 2084.4
1285660 2084.4
1285670 2077.5
1285680 2070.2
1285690 2064.1
1285700 2064.1
1285710 2057.6
1285720 2053.5
1285730 2053.5
1285740 2050.5
1285750 2048.1
1285760 2048.1
1285770 2046.0
1285780 2043.7
1285790 2043.7
1285800 2039.0
1285810 2034.1
1285820 2034.1
1285830 2029.2
1285840 2022.8
1285850 2022.8
1285860 2016.9
1285870 2009.8
1285880 2009.8
1285890 2000.3
1285900 1990.9
1285910 1990.9
1285920 1982.4
1285930 1976.8
1285940 1971.2
1285950 1971.2
1285960 1967.4
1285970 1965.3
1285980 1965.3
1285990 1962.8
1286000 1958.1
1286010 1958.1
1286020 1952.7
1286030 1952.0
1286040 1952.0
1286050 1953.5
1286060 1954.9
1286070 1954.9
1286080 1954.5
1286090 1954.5
1286100 1954.5
1286110 1954.5
1286120 1952.9
1286130 1952.9
1286140 1950.0
1286150 1943.3
1286160 1933.0
1286170 1933.0
1286180 1926.5
1286190 1923.0
1286200 1923.0
1286210 1921.2
1286220 1921.1
1286230 1921.1
1286240 1920.5
1286250 1918.4
1286260 1918.4
1286270 1916.5
1286280 1914.4
1286290 1914.4
1286300 1914.2
1286310 1913.5
1286320 1913.5
1286330 1912.5
1286340 1911.0
1286350 1911.0
1286360 1908.3
1286370 1905.5
1286380 1905.5
1286390 1904.9
1286400 1906.5
1286410 1909.2
1286420 1909.2
1286430 1910.9
1286440 1909.8
1286450 1909.8
1286460 1905.9
1286470 1901.5
1286480 1901.5
1286490 1896.8
1286500 1891.6
1286510 1891.6
1286520 1886.0
1286530 1880.3
1286540 1880.3
1286550 1875.1
1286560 1870.8
1286570 1870.8
1286580 1866.8
1286590 1861.7
1286600 1861.7
1286610 1855.7
1286620 1850.1
1286630 1850.1
1286640 1845.6
1286650 1842.1
1286660 1844.1
1286670 1844.1
1286680 1840.1
1286690 1836.2
1286700 1836.2
1286710 1832.1
1286720 1827.7
1286730 1827.7
1286740 1822.8
1286750 1818.3
1286760 1818.3
1286770 1814.5
1286780 1811.9
1286790 1811.9
1286800 1810.2
1286810 1809.9
1286820 1809.9
1286830 1812.6
1286840 1815.4
1286850 1815.4
1286860 1818.5
1286870 1823.7
1286880 1823.7
1286890 1830.2
1286900 1837.0
1286910 1843.2
1286920 1843.2
1286930 1848.7
1286940 1853.5
1286950 1853.5
1286960 1857.9
1286970 1861.5
1286980 1861.5
1286990 1864.9
1287000 1868.0
1287010 1868.0
1287020 1871.3
1287030 1874.1
1287040 1874.1
1287050 1877.0
1287060 1879.6
1287070 1879.6
1287080 1881.6
1287090 1883.9
1287100 1883.9
1287110 1887.1
1287120 1890.7
1287130 1890.7
1287140 1895.4
1287150 1900.1
1287160 1905.3
1287170 1905.3
1287180 1909.9
1287190 1914.0
1287200 1914.0
1287210 1919.2
1287220 1925.2
1287230 1925.2
1287240 1930.8
1287250 1934.7
1287260 1934.7
1287270 1938.3
1287280 1941.4
1287290 1941.4
1287300 1945.4
1287310 1952.7
1287320 1952.7
1287330 1956.9
1287340 1963.5
1287350 1963.5
1287360 1970.9
1287370 1977.5
1287380 1983.8
1287390 1983.8
1287400 1990.0
1287410 1996.4
1287420 1996.4
1287430 2003.3
1287440 2009.4
1287450 2009.4
1287460 2014.6
1287470 2018.9
1287480 2018.9
1287490 2022.5
1287500 2025.9
1287510 2025.9
1287520 2029.5
1287530 2033.5
1287540 2033.5
1287550 2036.8
1287560 2040.9
1287570 2040.9
1287580 2046.6
1287590 2054.0
1287600 2054.0
1287610 2062.2
1287620 2069.4
1287630 2076.9
1287640 2076.9
1287650 2085.8
1287660 2091.5
1287670 2091.5
1287680 2098.1
1287690 2105.1
1287700 2105.1
1287710 2111.4
1287720 2116.6
1287730 2116.6
1287740 2119.5
1287750 2124.6
1287760 2124.6
1287770 2131.3
1287780 2136.1
1287790 2136.1
1287800 2140.5
1287810 2143.7
1287820 2143.7
1287830 2147.0
1287840 2153.9
1287850 2153.9
1287860 2158.8
1287870 2161.5
1287880 2164.2
1287890 2164.2
1287900 2168.7
1287910 2174.7
1287920 2174.7
1287930 2179.9
1287940 2184.8
1287950 2185.1
1287960 2189.9
1287970 2195.8
1287980 2195.8
1287990 2200.6
1288000 2205.0
1288010 2205.0
1288020 2208.2
1288030 2210.6
1288040 2210.6
1288050 2213.1
1288060 2216.4
1288070 2216.4
1288080 2220.2
1288090 2224.5
1288100 2224.5
1288110 2229.2
1288120 2234.3
1288130 2239.5
1288140 2239.5
1288150 2244.9
1288160 2250.7
1288170 2250.7
1288180 2256.5
1288190 2258.9
1288200 2258.9
1288210 2260.8
1288220 2267.1
1288230 2267.1
1288240 2272.6
1288250 2275.8
1288260 2275.8
1288270 2275.4
1288280 2277.5
1288290 2277.5
1288300 2283.6
1288310 2286.9
1288320 2286.9
1288330 2286.5
1288340 2286.1
1288350 2286.1
1288360 2286.9
1288370 2290.5
1288380 2292.8
1288390 2292.8
1288400 2294.0
1288410 2295.2
1288420 2295.2
1288430 2296.6
1288440 2299.6
1288450 2299.6
1288460 2302.7
1288470 2305.4
1288480 2305.4
1288490 2308.2
1288500 2311.4
1288510 2311.4
1288520 2314.4
1288530 2317.9
1288540 2317.9
1288550 2321.2
1288560 2323.8
1288570 2323.8
1288580 2325.6
1288590 2327.6
1288600 2328.2
1288610 2330.7
1288620 2331.1
1288630 2330.4
1288640 2330.4
1288650 2330.9
1288660 2333.3
1288670 2333.3
1288680 2332.5
1288690 2331.5
1288700 2331.5
1288710 2331.3
1288720 2331.6
1288730 2331.6
1288740 2333.3
1288750 2335.1
1288760 2335.1
1288770 2337.7
1288780 2340.7
1288790 2340.7
1288800 2342.7
1288810 2345.3
1288820 2345.3
1288830 2350.8
1288840 2356.3
1288850 2360.7
1288860 2360.7
1288870 2365.3
1288880 2370.2
1288890 2370.2
1288900 2374.1
1288910 2376.9
1288920 2376.9
1288930 2378.8
1288940 2380.7
1288950 2380.7
1288960 2383.2
1288970 2386.8
1288980 2386.8
1288990 2390.6
1289000 2395.6
1289010 2395.6
1289020 2401.5
1289030 2407.8
1289040 2407.8
1289050 2414.9
1289060 2422.6
1289070 2422.6
1289080 2430.5
1289090 2438.2
1289100 2446.7
1289110 2446.7
1289120 2456.3
1289130 2464.3
1289140 2464.3
1289150 2470.8
1289160 2478.3
1289170 2478.3
1289180 2486.4
1289190 2495.1
1289200 2495.1
1289210 2503.0
1289220 2509.2
1289230 2509.2
1289240 2515.3
1289250 2525.5
1289260 2525.5
1289270 2530.5
1289280 2536.5
1289290 2536.5
1289300 2542.8
1289310 2548.0
1289320 2548.0
1289330 2551.7
1289340 2555.0
1289350 2558.7
1289360 2558.7
1289370 2563.0
1289380 2567.4
1289390 2567.4
1289400 2570.2
1289410 2572.6
1289420 2572.6
1289430 2575.3
1289440 2578.4
1289450 2578.4
1289460 2584.6
1289470 2601.0
1289480 2601.0
1289490 2598.9
1289500 2577.1
1289510 2577.1
1289520 2575.5
1289530 2579.5
1289540 2579.5
1289550 2562.8
1289560 2549.1
1289570 2549.1
1289580 2540.4
1289590 2535.1
1289600 2530.0
1289610 2530.0
1289620 2525.9
1289630 2524.4
1289640 2524.4
1289650 2519.7
1289660 2510.9
1289670 2510.9
1289680 2508.8
1289690 2506.9
1289700 2506.9
1289710 2500.8
1289720 2497.1
1289730 2497.1
1289740 2494.1
1289750 2487.4
1289760 2487.4
1289770 2475.8
1289780 2465.3
1289790 2465.3
1289800 2461.1
1289810 2457.0
1289820 2457.0
1289830 2453.5
1289840 2450.7
1289850 2447.2
1289860 2447.2
1289870 2443.2
1289880 2439.0
1289890 2439.0
1289900 2431.2
1289910 2427.2
1289920 2427.2
1289930 2424.1
1289940 2422.2
1289950 2422.2
1289960 2421.2
1289970 2420.1
1289980 2420.1
1289990 2419.1
1290000 2418.3
1290010 2418.3
1290020 2417.6
1290030 2416.7
1290040 2416.7
1290050 2416.0
1290060 2414.5
1290070 2412.6
1290080 2412.6
1290090 2410.2
1290100 2407.7
1290110 2407.7
1290120 2405.0
1290130 2401.3
1290140 2401.3
1290150 2396.1
1290160 2391.1
1290170 2391.1
1290180 2387.1
1290190 2384.7
1290200 2384.7
1290210 2383.7
1290220 2382.1
1290230 2382.1
1290240 2379.4
1290250 2376.5
1290260 2376.5
1290270 2373.4
1290280 2370.0
1290290 2370.0
1290300 2366.3
1290310 2362.3
1290320 2358.0
1290330 2358.0
1290340 2353.9
1290350 2350.0
1290360 2350.0
1290370 2346.4
1290380 2343.1
1290390 2343.1
1290400 2339.4
1290410 2335.9
1290420 2335.9
1290430 2332.5
1290440 2328.5
1290450 2328.5
1290460 2324.5
1290470 2320.8
1290480 2320.8
1290490 2317.0
1290500 2313.4
1290510 2313.4
1290520 2309.8
1290530 2306.3
1290540 2306.3
1290550 2298.6
1290560 2294.0
1290570 2290.1
1290580 2290.1
1290590 2285.8
1290600 2280.0
1290610 2280.0
1290620 2272.5
1290630 2264.6
1290640 2264.6
1290650 2257.6
1290660 2251.1
1290670 2251.1
1290680 2242.0
1290690 2235.5
1290700 2235.5
1290710 2228.7
1290720 2219.3
1290730 2219.3
1290740 2211.1
1290750 2204.8
1290760 2204.8
1290770 2198.8
1290780 2191.3
1290790 2191.3
1290800 2182.8
1290810 2173.5
1290820 2164.3
1290830 2164.3
1290840 2156.2
1290850 2148.4
1290860 2148.4
1290870 2141.0
1290880 2134.3
1290890 2134.3
1290900 2127.1
1290910 2120.9
1290920 2120.9
1290930 2117.0
1290940 2114.5
1290950 2114.5
1290960 2111.0
1290970 2105.4
1290980 2105.4
1290990 2099.3
1291000 2094.3
1291010 2094.3
1291020 2088.5
1291030 2082.1
1291040 2082.1
1291050 2075.4
1291060 2069.1
1291070 2062.9
1291080 2062.9
1291090 2056.7
1291100 2051.1
1291110 2051.1
1291120 2045.5
1291130 2039.5
1291140 2039.5
1291150 2033.3
1291160 2027.0
1291170 2027.0
1291180 2021.1
1291190 2013.8
1291200 2013.8
1291210 2003.7
1291220 1996.3
1291230 1996.3
1291240 1988.2
1291250 1981.7
1291260 1981.7
1291270 1976.4
1291280 1971.3
1291290 1966.4
1291300 1966.4
1291310 1961.6
1291320 1956.9
1291330 1956.9
1291340 1952.7
1291350 1948.6
1291360 1948.6
1291370 1944.6
1291380 1940.8
1291390 1940.8
1291400 1936.9
1291410 1933.3
1291420 1933.3
1291430 1929.7
1291440 1926.2
1291450 1926.2
1291460 1922.8
1291470 1918.2
1291480 1918.2
1291490 1913.2
1291500 1908.6
1291510 1908.6
1291520 1903.9
1291530 1898.5
1291540 1893.1
1291550 1893.1
1291560 1887.9
1291570 1882.4
1291580 1882.4
1291590 1876.7
1291600 1869.7
1291610 1869.7
1291620 1862.5
1291630 1854.8
1291640 1854.8
1291650 1847.4
1291660 1839.7
1291670 1839.7
1291680 1832.1
1291690 1826.1
1291700 1826.1
1291710 1820.9
1291720 1816.6
1291730 1816.6
1291740 1813.4
1291750 1808.0
1291760 1808.0
1291770 1803.4
1291780 1799.6
1291790 1795.6
1291800 1795.6
1291810 1790.5
1291820 1785.0
1291830 1785.0
1291840 1781.2
1291850 1778.1
1291860 1778.1
1291870 1773.9
1291880 1770.6
1291890 1770.6
1291900 1767.8
1291910 1764.5
1291920 1764.5
1291930 1760.9
1291940 1757.5
1291950 1757.5
1291960 1754.9
1291970 1752.0
1291980 1752.0
1291990 1749.4
1292000 1746.4
1292010 1746.4
1292020 1743.7
1292030 1741.3
1292040 1739.8
1292050 1739.8
1292060 1738.0
1292070 1735.4
1292080 1735.4
1292090 1733.1
1292100 1730.9
1292110 1730.9
1292120 1728.0
1292130 1724.8
1292140 1724.8
1292150 1722.7
1292160 1721.8
1292170 1721.8
1292180 1723.4
1292190 1727.6
1292200 1727.6
1292210 1731.4
1292220 1734.2
1292230 1734.2
1292240 1736.9
1292250 1741.0
1292260 1741.0
1292270 1744.5
1292280 1748.7
1292290 1751.8
1292300 1751.8
1292310 1754.6
1292320 1757.1
1292330 1757.1
1292340 1760.3
1292350 1762.0
1292360 1762.0
1292370 1763.8
1292380 1765.6
1292390 1765.6
1292400 1767.7
1292410 1769.2
1292420 1769.2
1292430 1770.5
1292440 1772.0
1292450 1772.0
1292460 1774.9
1292470 1778.6
1292480 1778.6
1292490 1780.8
1292500 1782.3
1292510 1785.4
1292520 1785.4
1292530 1792.5
1292540 1795.3
1292550 1795.3
1292560 1798.6
1292570 1803.4
1292580 1803.4
1292590 1807.9
1292600 1811.5
1292610 1811.5
1292620 1814.8
1292630 1818.7
1292640 1818.7
1292650 1822.8
1292660 1825.6
1292670 1825.6
1292680 1828.4
1292690 1830.7
1292700 1830.7
1292710 1832.7
1292720 1835.6
1292730 1835.6
1292740 1838.2
1292750 1840.1
1292760 1841.3
1292770 1841.3
1292780 1843.3
1292790 1845.6
1292800 1845.6
1292810 1847.9
1292820 1850.3
1292830 1850.3
1292840 1852.8
1292850 1855.8
1292860 1855.8
1292870 1858.6
1292880 1861.2
1292890 1861.2
1292900 1863.4
1292910 1865.7
1292920 1865.7
1292930 1868.3
1292940 1867.6
1292950 1867.6
1292960 1867.5
1292970 1868.8
1292980 1868.8
1292990 1870.5
1293000 1871.4
1293010 1873.3
1293020 1873.3
1293030 1876.1
1293040 1878.9
1293050 1878.9
1293060 1880.6
1293070 1882.3
1293080 1882.3
1293090 1884.6
1293100 1887.1
1293110 1887.1
1293120 1890.2
1293130 1892.6
1293140 1892.6
1293150 1894.1
1293160 1893.1
1293170 1893.1
1293180 1894.0
1293190 1898.9
1293200 1898.9
1293210 1900.9
1293220 1901.9
1293230 1901.9
1293240 1902.4
1293250 1902.0
1293260 1900.6
1293270 1900.6
1293280 1901.3
1293290 1904.3
1293300 1904.3
1293310 1905.8
1293320 1905.9
1293330 1905.9
1293340 1909.2
1293350 1912.0
1293360 1912.0
1293370 1912.5
1293380 1913.4
1293390 1913.4
1293400 1915.3
1293410 1918.0
1293420 1918.0
1293430 1919.7
1293440 1920.3
1293450 1920.3
1293460 1921.5
1293470 1922.4
1293480 1922.4
1293490 1922.1
1293500 1920.8
1293510 1919.7
1293520 1919.7
1293530 1921.0
1293540 1925.6
1293550 1925.6
1293560 1931.8
1293570 1938.9
1293580 1938.9
1293590 1945.9
1293600 1949.5
1293610 1949.5
1293620 1952.6
1293630 1953.7
1293640 1953.7
1293650 1955.8
1293660 1956.8
1293670 1956.8
1293680 1955.5
1293690 1954.6
1293700 1954.6
1293710 1951.4
1293720 1950.5
1293730 1952.2
1293740 1952.2
1293750 1954.6
1293760 1955.3
1293770 1955.3
1293780 1954.7
1293790 1956.0
1293800 1956.0
1293810 1958.9
1293820 1962.9
1293830 1962.9
1293840 1967.1
1293850 1969.0
1293860 1972.9
1293870 1974.3
1293880 1972.7
1293890 1972.7
1293900 1971.3
1293910 1970.6
1293920 1970.6
1293930 1970.3
1293940 1968.0
1293950 1968.0
1293960 1966.8
1293970 1965.4
1293980 1962.9
1293990 1962.9
1294000 1960.1
1294010 1960.3
1294020 1960.3
1294030 1963.1
1294040 1967.0
1294050 1967.0
1294060 1966.3
1294070 1964.6
1294080 1964.6
1294090 1963.8
1294100 1960.1
1294110 1960.1
1294120 1956.3
1294130 1953.2
1294140 1953.2
1294150 1949.3
1294160 1945.3
1294170 1945.3
1294180 1943.2
1294190 1943.6
1294200 1943.6
1294210 1944.0
1294220 1943.8
1294230 1945.1
1294240 1945.1
1294250 1942.6
1294260 1938.0
1294270 1938.0
1294280 1931.8
1294290 1925.5
1294300 1925.5
1294310 1919.3
1294320 1913.3
1294330 1913.3
1294340 1907.7
1294350 1901.6
1294360 1901.6
1294370 1894.8
1294380 1888.2
1294390 1888.2
1294400 1884.8
1294410 1881.6
1294420 1881.6
1294430 1877.4
1294440 1871.2
1294450 1871.2
1294460 1865.7
1294470 1862.3
1294480 1859.1
1294490 1859.1
1294500 1853.8
1294510 1846.9
1294520 1846.9
1294530 1841.3
1294540 1835.1
1294550 1835.1
1294560 1829.1
1294570 1822.5
1294580 1822.5
1294590 1816.1
1294600 1809.9
1294610 1809.9
1294620 1803.1
1294630 1795.4
1294640 1795.4
1294650 1787.5
1294660 1782.5
1294670 1782.5
1294680 1777.6
1294690 1772.2
1294700 1772.2
1294710 1768.0
1294720 1764.6
1294730 1761.7
1294740 1761.7
1294750 1757.6
1294760 1754.1
1294770 1754.1
1294780 1753.2
1294790 1753.5
1294800 1753.5
1294810 1753.1
1294820 1751.4
1294830 1751.4
1294840 1748.8
1294850 1745.3
1294860 1745.3
1294870 1742.2
1294880 1737.7
1294890 1737.7
1294900 1730.4
1294910 1725.8
1294920 1725.8
1294930 1722.9
1294940 1719.8
1294950 1716.0
1294960 1716.0
1294970 1711.6
1294980 1705.7
1294990 1705.7
1295000 1699.4
1295010 1693.3
1295020 1693.3
1295030 1687.9
1295040 1681.9
1295050 1681.9
1295060 1675.1
1295070 1668.1
1295080 1668.1
1295090 1661.1
1295100 1654.1
1295110 1654.1
1295120 1648.4
1295130 1643.0
1295140 1643.0
1295150 1638.2
1295160 1635.2
1295170 1635.2
1295180 1633.6
1295190 1628.1
1295200 1627.1
1295210 1627.1
1295220 1626.0
1295230 1627.8
1295240 1627.8
1295250 1630.2
1295260 1632.4
1295270 1632.4
1295280 1634.0
1295290 1635.6
1295300 1635.6
1295310 1638.0
1295320 1639.3
1295330 1639.3
1295340 1641.9
1295350 1643.4
1295360 1643.4
1295370 1644.6
1295380 1646.0
1295390 1646.0
1295400 1647.7
1295410 1649.5
1295420 1649.5
1295430 1652.1
1295440 1654.7
1295450 1658.1
1295460 1658.1
1295470 1660.9
1295480 1664.1
1295490 1664.1
1295500 1667.7
1295510 1671.1
1295520 1671.1
1295530 1674.6
1295540 1680.3
1295550 1680.3
1295560 1684.8
1295570 1685.2
1295580 1685.2
1295590 1685.6
1295600 1688.1
1295610 1688.1
1295620 1692.2
1295630 1695.7
1295640 1695.7
1295650 1699.4
1295660 1704.1
1295670 1704.1
1295680 1710.1
1295690 1715.7
1295700 1721.8
1295710 1721.8
1295720 1729.8
1295730 1736.0
1295740 1736.0
1295750 1743.0
1295760 1749.3
1295770 1749.3
1295780 1751.9
1295790 1754.1
1295800 1754.1
1295810 1756.0
1295820 1757.9
1295830 1757.9
1295840 1760.4
1295850 1763.2
1295860 1763.2
1295870 1766.4
1295880 1771.1
1295890 1771.1
1295900 1775.3
1295910 1778.4
1295920 1780.4
1295930 1780.4
1295940 1782.3
1295950 1785.6
1295960 1785.6
1295970 1789.0
1295980 1792.7
1295990 1792.7
1296000 1795.5
1296010 1798.6
1296020 1798.6
1296030 1803.4
1296040 1807.8
1296050 1807.8
1296060 1813.8
1296070 1821.2
1296080 1821.2
1296090 1827.6
1296100 1833.0
1296110 1833.0
1296120 1836.7
1296130 1839.7
1296140 1839.7
1296150 1839.6
1296160 1838.1
1296170 1838.7
1296180 1838.7
1296190 1840.4
1296200 1842.6
1296210 1842.6
1296220 1845.6
1296230 1846.3
1296240 1846.3
1296250 1847.5
1296260 1849.9
1296270 1849.9
1296280 1852.8
1296290 1856.7
1296300 1856.7
1296310 1862.0
1296320 1868.4
1296330 1868.4
1296340 1875.4
1296350 1880.3
1296360 1880.3
1296370 1883.9
1296380 1887.9
1296390 1887.9
1296400 1893.5
1296410 1896.2
1296420 1897.9
1296430 1897.9
1296440 1901.0
1296450 1905.3
1296460 1905.3
1296470 1909.7
1296480 1914.9
1296490 1914.9
1296500 1918.5
1296510 1920.8
1296520 1920.8
1296530 1922.6
1296540 1925.9
1296550 1927.2
1296560 1930.2
1296570 1933.7
1296580 1933.7
1296590 1940.5
1296600 1948.7
1296610 1948.7
1296620 1955.5
1296630 1959.9
1296640 1959.9
1296650 1964.5
1296660 1969.6
1296670 1975.1
1296680 1975.1
1296690 1979.8
1296700 1983.9
1296710 1983.9
1296720 1987.4
1296730 1990.8
1296740 1990.8
1296750 1994.8
1296760 1998.9
1296770 1998.9
1296780 2001.0
1296790 2003.4
1296800 2003.4
1296810 2008.2
1296820 2012.7
1296830 2012.7
1296840 2016.9
1296850 2021.6
1296860 2021.6
1296870 2027.7
1296880 2033.2
1296890 2033.2
1296900 2038.7
1296910 2045.8
1296920 2050.3
1296930 2050.3
1296940 2053.6
1296950 2058.4
1296960 2058.4
1296970 2062.3
1296980 2064.9
1296990 2064.9
1297000 2067.7
1297010 2072.0
1297020 2072.0
1297030 2076.1
1297040 2079.2
1297050 2079.2
1297060 2082.3
1297070 2086.4
1297080 2086.4
1297090 2090.5
1297100 2096.1
1297110 2096.1
1297120 2101.7
1297130 2107.8
1297140 2112.4
1297150 2112.4
1297160 2115.9
1297170 2119.2
1297180 2119.2
1297190 2121.9
1297200 2123.5
1297210 2123.5
1297220 2125.0
1297230 2126.4
1297240 2126.4
1297250 2127.7
1297260 2130.9
1297270 2130.9
1297280 2134.8
1297290 2138.8
1297300 2138.8
1297310 2142.4
1297320 2145.4
1297330 2145.4
1297340 2150.1
1297350 2155.1
1297360 2155.1
1297370 2159.3
1297380 2163.3
1297390 2166.3
1297400 2166.3
1297410 2167.9
1297420 2170.8
1297430 2170.8
1297440 2174.2
1297450 2179.2
1297460 2179.2
1297470 2183.9
1297480 2188.4
1297490 2188.4
1297500 2190.6
1297510 2190.8
1297520 2190.8
1297530 2190.4
1297540 2190.1
1297550 2190.1
1297560 2190.8
1297570 2192.9
1297580 2192.9
1297590 2195.5
1297600 2197.2
1297610 2197.2
1297620 2199.6
1297630 2202.7
1297640 2202.7
1297650 2202.7
1297660 2202.3
1297670 2204.6
1297680 2204.6
1297690 2208.4
1297700 2210.7
1297710 2210.7
1297720 2213.6
1297730 2219.8
1297740 2219.8
1297750 2225.8
1297760 2232.3
1297770 2232.3
1297780 2239.7
1297790 2247.4
1297800 2247.4
1297810 2256.4
1297820 2265.9
1297830 2265.9
1297840 2273.8
1297850 2281.3
1297860 2281.3
1297870 2286.8
1297880 2290.2
1297890 2293.2
1297900 2290.1
1297910 2293.8
1297920 2298.3
1297930 2298.3
1297940 2302.9
1297950 2307.6
1297960 2307.6
1297970 2312.4
1297980 2317.5
1297990 2317.5
1298000 2322.5
1298010 2327.7
1298020 2327.7
1298030 2332.8
1298040 2338.1
1298050 2338.1
1298060 2343.4
1298070 2349.2
1298080 2349.2
1298090 2356.9
1298100 2364.9
1298110 2364.9
1298120 2372.3
1298130 2378.4
1298140 2384.5
1298150 2384.5
1298160 2390.6
1298170 2397.4
1298180 2397.4
1298190 2404.8
1298200 2412.1
1298210 2412.1
1298220 2420.6
1298230 2430.6
1298240 2430.6
1298250 2439.7
1298260 2452.0
1298270 2452.0
1298280 2463.4
1298290 2471.1
1298300 2471.1
1298310 2478.4
1298320 2484.8
1298330 2484.8
1298340 2491.3
1298350 2498.0
1298360 2504.2
1298370 2504.2
1298380 2509.4
1298390 2514.8
1298400 2514.8
1298410 2519.5
1298420 2521.7
1298430 2521.7
1298440 2525.3
1298450 2529.7
1298460 2529.7
1298470 2533.1
1298480 2538.7
1298490 2538.7
1298500 2545.6
1298510 2550.2
1298520 2550.2
1298530 2552.7
1298540 2556.2
1298550 2556.2
1298560 2560.9
1298570 2566.0
1298580 2558.8
1298590 2563.7
1298600 2568.8
1298610 2573.6
1298620 2573.6
1298630 2578.3
1298640 2582.6
1298650 2582.6
1298660 2585.0
1298670 2585.4
1298680 2585.4
1298690 2584.1
1298700 2582.3
1298710 2582.3
1298720 2579.1
1298730 2575.8
1298740 2575.8
1298750 2573.0
1298760 2569.2
1298770 2569.2
1298780 2564.2
1298790 2559.2
1298800 2559.2
1298810 2555.0
1298820 2551.8
1298830 2551.8
1298840 2547.7
1298850 2542.3
1298860 2536.6
1298870 2536.6
1298880 2531.3
1298890 2525.9
1298900 2525.9
1298910 2522.3
1298920 2520.7
1298930 2520.7
1298940 2519.8
1298950 2520.7
1298960 2520.7
1298970 2522.8
1298980 2524.9
1298990 2524.9
1299000 2512.2
1299010 2504.9
1299020 2504.9
1299030 2501.6
1299040 2503.3
1299050 2503.3
1299060 2507.3
1299070 2499.8
1299080 2499.8
1299090 2494.4
1299100 2494.3
1299110 2490.4
1299120 2490.4
1299130 2485.4
1299140 2480.9
1299150 2480.9
1299160 2473.1
1299170 2467.0
1299180 2467.0
1299190 2465.3
1299200 2466.5
1299210 2466.5
1299220 2469.8
1299230 2472.0
1299240 2472.0
1299250 2465.9
1299260 2463.6
1299270 2451.2
1299280 2445.2
1299290 2443.5
1299300 2443.5
1299310 2443.4
1299320 2446.6
1299330 2446.3
1299340 2446.3
1299350 2440.6
1299360 2438.7
1299370 2438.7
1299380 2430.8
1299390 2426.1
1299400 2426.1
1299410 2422.6
1299420 2419.1
1299430 2419.1
1299440 2416.5
1299450 2415.6
1299460 2415.6
1299470 2414.8
1299480 2415.4
1299490 2415.4
1299500 2416.5
1299510 2415.3
1299520 2415.3
1299530 2410.3
1299540 2405.2
1299550 2405.2
1299560 2401.2
1299570 2398.3
1299580 2397.1
1299590 2397.1
1299600 2396.2
1299610 2395.4
1299620 2395.4
1299630 2396.3
1299640 2398.3
1299650 2398.3
1299660 2395.3
1299670 2387.6
1299680 2387.6
1299690 2380.4
1299700 2375.9
1299710 2375.9
1299720 2371.2
1299730 2366.6
1299740 2366.6
1299750 2361.1
1299760 2354.3
1299770 2354.3
1299780 2346.9
1299790 2342.2
1299800 2342.2
1299810 2342.5
1299820 2344.3
1299830 2345.7
1299840 2345.7
1299850 2347.9
1299860 2350.5
1299870 2350.5
1299880 2353.8
1299890 2355.0
1299900 2355.0
1299910 2356.1
1299920 2355.7
1299930 2355.7
1299940 2355.5
1299950 2350.2
1299960 2350.2
1299970 2350.8
1299980 2351.4
1299990 2351.4
