1280000 1841.8
1280010 1838.2
1280020 1835.3
1280030 1835.3
1280040 1833.7
1280050 1832.2
1280060 1832.2
1280070 1832.6
1280080 1826.5
1280090 1826.5
1280100 1821.9
1280110 1818.3
1280120 1818.3
1280130 1815.1
1280140 1812.9
1280150 1812.9
1280160 1810.2
1280170 1805.7
1280180 1805.7
1280190 1802.7
1280200 1802.1
1280210 1802.1
1280220 1804.0
1280230 1797.7
1280240 1797.7
1280250 1796.6
1280260 1797.2
1280270 1797.2
1280280 1797.2
1280290 1795.9
1280300 1795.3
1280310 1795.3
1280320 1797.0
1280330 1799.6
1280340 1799.6
1280350 1804.6
1280360 1808.1
1280370 1808.1
1280380 1811.6
1280390 1815.5
1280400 1815.5
1280410 1819.1
1280420 1822.3
1280430 1822.3
1280440 1825.2
1280450 1828.8
1280460 1828.8
1280470 1832.9
1280480 1836.9
1280490 1836.9
1280500 1840.8
1280510 1844.8
1280520 1848.5
1280530 1848.5
1280540 1852.2
1280550 1856.4
1280560 1856.4
1280570 1860.7
1280580 1865.0
1280590 1865.0
1280600 1869.5
1280610 1873.9
1280620 1873.9
1280630 1877.6
1280640 1881.1
1280650 1881.1
1280660 1884.0
1280670 1886.2
1280680 1886.2
1280690 1883.0
1280700 1883.8
1280710 1883.8
1280720 1884.3
1280730 1886.3
1280740 1886.3
1280750 1889.0
1280760 1892.1
1280770 1895.3
1280780 1895.3
1280790 1898.0
1280800 1900.0
1280810 1900.0
1280820 1901.1
1280830 1902.1
1280840 1902.1
1280850 1903.3
1280860 1904.7
1280870 1904.7
1280880 1905.9
1280890 1907.8
1280900 1907.8
1280910 1911.5
1280920 1915.2
1280930 1915.2
1280940 1918.1
1280950 1920.8
1280960 1920.8
1280970 1923.8
1280980 1926.5
1280990 1926.5
1281000 1928.7
1281010 1930.1
1281020 1929.5
1281030 1929.5
1281040 1929.5
1281050 1930.6
1281060 1930.6
1281070 1932.3
1281080 1935.1
1281090 1935.1
1281100 1938.9
1281110 1940.7
1281120 1940.7
1281130 1941.3
1281140 1941.2
1281150 1941.2
1281160 1941.9
1281170 1944.1
1281180 1944.1
1281190 1947.8
1281200 1949.0
1281210 1949.0
1281220 1950.2
1281230 1952.6
1281240 1952.6
1281250 1956.4
1281260 1960.9
1281270 1963.8
1281280 1963.8
1281290 1966.1
1281300 1968.3
1281310 1965.3
1281320 1967.7
1281330 1969.2
1281340 1969.2
1281350 1971.1
1281360 1974.8
1281370 1974.8
1281380 1979.4
1281390 1984.1
1281400 1984.1
1281410 1989.1
1281420 1993.9
1281430 1993.9
1281440 1998.0
1281450 2001.9
1281460 2001.9
1281470 2006.1
1281480 2010.7
1281490 2015.2
1281500 2015.2
1281510 2020.6
1281520 2026.9
1281530 2026.9
1281540 2032.7
1281550 2037.9
1281560 2037.9
1281570 2042.1
1281580 2045.6
1281590 2045.6
1281600 2049.7
1281610 2053.0
1281620 2053.0
1281630 2054.8
1281640 2059.0
1281650 2059.0
1281660 2062.8
1281670 2066.4
1281680 2066.4
1281690 2070.4
1281700 2074.2
1281710 2074.2
1281720 2077.3
1281730 2080.8
1281740 2085.2
1281750 2085.2
1281760 2089.7
1281770 2093.7
1281780 2093.7
1281790 2097.2
1281800 2100.8
1281810 2100.8
1281820 2105.3
1281830 2110.2
1281840 2110.2
1281850 2115.9
1281860 2121.4
1281870 2121.4
1281880 2126.9
1281890 2132.4
1281900 2132.4
1281910 2137.6
1281920 2142.5
1281930 2142.5
1281940 2145.2
1281950 2150.4
1281960 2150.4
1281970 2155.6
1281980 2160.6
1281990 2165.3
1282000 2165.3
1282010 2169.9
1282020 2174.2
1282030 2174.2
1282040 2177.8
1282050 2180.7
1282060 2180.7
1282070 2183.5
1282080 2186.9
1282090 2186.9
1282100 2190.8
1282110 2195.3
1282120 2195.3
1282130 2199.9
1282140 2204.0
1282150 2204.0
1282160 2208.2
1282170 2212.3
1282180 2212.3
1282190 2216.6
1282200 2220.5
1282210 2220.5
1282220 2224.0
1282230 2228.0
1282240 2231.8
1282250 2231.8
1282260 2235.1
1282270 2238.3
1282280 2238.3
1282290 2241.5
1282300 2245.3
1282310 2245.3
1282320 2249.4
1282330 2254.2
1282340 2254.2
1282350 2259.4
1282360 2265.1
1282370 2265.1
1282380 2269.8
1282390 2274.6
1282400 2274.6
1282410 2279.1
1282420 2283.9
1282430 2283.9
1282440 2288.6
1282450 2293.1
1282460 2293.1
1282470 2298.6
1282480 2304.7
1282490 2310.3
1282500 2310.3
1282510 2316.4
1282520 2323.5
1282530 2323.5
1282540 2330.5
1282550 2336.5
1282560 2336.5
1282570 2342.9
1282580 2349.2
1282590 2349.2
1282600 2355.6
1282610 2361.6
1282620 2361.6
1282630 2367.5
1282640 2374.4
1282650 2374.4
1282660 2381.4
1282670 2387.2
1282680 2387.2
1282690 2393.5
1282700 2398.4
1282710 2398.4
1282720 2401.6
1282730 2403.6
1282740 2403.7
1282750 2403.7
1282760 2403.8
1282770 2405.3
1282780 2405.3
1282790 2408.1
1282800 2411.4
1282810 2411.4
1282820 2415.4
1282830 2420.8
1282840 2420.8
1282850 2426.0
1282860 2430.3
1282870 2430.3
1282880 2436.5
1282890 2441.0
1282900 2441.0
1282910 2444.4
1282920 2447.8
1282930 2447.8
1282940 2450.2
1282950 2451.7
1282960 2451.7
1282970 2453.3
1282980 2455.0
1282990 2455.9
1283000 2455.9
1283010 2456.0
1283020 2457.6
1283030 2457.6
1283040 2463.1
1283050 2469.6
1283060 2469.6
1283070 2476.3
1283080 2481.0
1283090 2481.0
1283100 2483.7
1283110 2485.2
1283120 2485.2
1283130 2485.6
1283140 2486.5
1283150 2486.5
1283160 2486.9
1283170 2486.6
1283180 2486.6
1283190 2487.4
1283200 2488.4
1283210 2490.4
1283220 2490.4
1283230 2492.4
1283240 2495.3
1283250 2495.3
1283260 2499.0
1283270 2502.1
1283280 2502.1
1283290 2504.4
1283300 2507.7
1283310 2507.7
1283320 2511.4
1283330 2515.7
1283340 2515.7
1283350 2520.2
1283360 2523.9
1283370 2523.9
1283380 2528.7
1283390 2533.7
1283400 2533.7
1283410 2537.7
1283420 2540.6
1283430 2540.6
1283440 2544.7
1283450 2551.8
1283460 2558.3
1283470 2558.3
1283480 2563.8
1283490 2568.7
1283500 2568.7
1283510 2573.9
1283520 2578.6
1283530 2578.6
1283540 2583.7
1283550 2589.5
1283560 2589.5
1283570 2594.9
1283580 2598.9
1283590 2598.9
1283600 2603.3
1283610 2607.6
1283620 2607.6
1283630 2611.7
1283640 2615.7
1283650 2615.7
1283660 2623.2
1283670 2632.3
1283680 2632.3
1283690 2638.8
1283700 2644.0
1283710 2646.9
1283720 2646.9
1283730 2644.7
1283740 2629.9
1283750 2629.9
1283760 2620.8
1283770 2615.0
1283780 2615.0
1283790 2609.8
1283800 2606.2
1283810 2606.2
1283820 2605.7
1283830 2611.2
1283840 2611.2
1283850 2610.8
1283860 2610.1
1283870 2610.1
1283880 2609.7
1283890 2609.9
1283900 2609.9
1283910 2609.2
1283920 2606.3
1283930 2606.3
1283940 2603.6
1283950 2600.4
1283960 2594.1
1283970 2594.1
1283980 2585.0
1283990 2574.8
1284000 2574.8
1284010 2566.4
1284020 2558.9
1284030 2558.9
1284040 2545.2
1284050 2535.0
1284060 2535.0
1284070 2524.7
1284080 2513.1
1284090 2513.1
1284100 2500.3
1284110 2489.6
1284120 2489.6
1284130 2480.2
1284140 2470.6
1284150 2470.6
1284160 2461.6
1284170 2452.2
1284180 2452.2
1284190 2443.0
1284200 2432.5
1284210 2423.2
1284220 2423.2
1284230 2414.7
1284240 2400.5
1284250 2400.5
1284260 2381.0
1284270 2369.4
1284280 2369.4
1284290 2366.0
1284300 2364.0
1284310 2364.0
1284320 2354.1
1284330 2347.6
1284340 2347.6
1284350 2340.1
1284360 2331.2
1284370 2331.2
1284380 2326.3
1284390 2317.7
1284400 2317.7
1284410 2303.9
1284420 2290.7
1284430 2290.7
1284440 2278.6
1284450 2272.0
1284460 2254.6
1284470 2250.2
1284480 2238.4
1284490 2234.0
1284500 2234.0
1284510 2230.8
1284520 2227.7
1284530 2227.7
1284540 2223.2
1284550 2217.8
1284560 2217.8
1284570 2212.1
1284580 2206.2
1284590 2206.2
1284600 2200.2
1284610 2194.3
1284620 2194.3
1284630 2189.4
1284640 2185.8
1284650 2185.8
1284660 2181.9
1284670 2178.6
1284680 2178.6
1284690 2175.2
1284700 2168.6
1284710 2160.8
1284720 2160.8
1284730 2152.1
1284740 2142.2
1284750 2142.2
1284760 2129.1
1284770 2115.8
1284780 2115.8
1284790 2089.7
1284800 2072.1
1284810 2072.1
1284820 2063.6
1284830 2056.4
1284840 2056.4
1284850 2051.1
1284860 2044.6
1284870 2044.6
1284880 2035.7
1284890 2025.8
1284900 2025.8
1284910 2014.0
1284920 2005.3
1284930 2001.1
1284940 2001.1
1284950 1995.2
1284960 1990.6
1284970 1990.6
1284980 1986.6
1284990 1983.1
1285000 1983.1
1285010 1978.9
1285020 1972.1
1285030 1972.1
1285040 1965.4
1285050 1959.5
1285060 1959.5
1285070 1955.2
1285080 1953.3
1285090 1953.3
1285100 1957.8
1285110 1955.2
1285120 1955.2
1285130 1952.0
1285140 1947.0
1285150 1947.0
1285160 1942.0
1285170 1940.4
1285180 1939.4
1285190 1939.4
1285200 1940.2
1285210 1942.7
1285220 1942.7
1285230 1939.0
1285240 1934.7
1285250 1934.7
1285260 1931.5
1285270 1927.9
1285280 1927.9
1285290 1925.5
1285300 1922.8
1285310 1922.8
1285320 1919.3
1285330 1915.5
1285340 1915.5
1285350 1912.8
1285360 1912.2
1285370 1912.2
1285380 1911.3
1285390 1909.0
1285400 1909.0
1285410 1909.2
1285420 1910.9
1285430 1909.2
1285440 1909.2
1285450 1903.8
1285460 1901.5
1285470 1901.5
1285480 1901.2
1285490 1899.7
1285500 1899.7
1285510 1894.8
1285520 1890.4
1285530 1890.4
1285540 1891.9
1285550 1892.4
1285560 1892.4
1285570 1885.2
1285580 1876.2
1285590 1876.2
1285600 1861.6
1285610 1850.1
1285620 1850.1
1285630 1834.8
1285640 1817.5
1285650 1817.5
1285660 1805.4
1285670 1797.4
1285680 1790.3
1285690 1790.3
1285700 1782.9
1285710 1775.6
1285720 1775.6
1285730 1768.5
1285740 1765.4
1285750 1765.4
1285760 1758.7
1285770 1753.4
1285780 1753.4
1285790 1747.5
1285800 1742.3
1285810 1742.3
1285820 1736.9
1285830 1730.2
1285840 1730.2
1285850 1723.8
1285860 1718.1
1285870 1718.1
1285880 1712.2
1285890 1706.5
1285900 1706.5
1285910 1700.9
1285920 1694.8
1285930 1689.1
1285940 1689.1
1285950 1683.7
1285960 1678.7
1285970 1678.7
1285980 1675.4
1285990 1672.1
1286000 1672.1
1286010 1668.2
1286020 1662.5
1286030 1662.5
1286040 1657.0
1286050 1651.6
1286060 1651.6
1286070 1644.4
1286080 1635.6
1286090 1635.6
1286100 1627.6
1286110 1622.5
1286120 1622.5
1286130 1617.9
1286140 1612.4
1286150 1612.4
1286160 1608.3
1286170 1604.6
1286180 1601.7
1286190 1601.7
1286200 1598.4
1286210 1595.1
1286220 1595.1
1286230 1592.4
1286240 1589.9
1286250 1589.9
1286260 1588.9
1286270 1588.5
1286280 1588.5
1286290 1593.1
1286300 1600.3
1286310 1600.3
1286320 1603.9
1286330 1607.9
1286340 1607.9
1286350 1615.4
1286360 1623.4
1286370 1623.4
1286380 1629.1
1286390 1636.1
1286400 1636.1
1286410 1641.0
1286420 1643.3
1286430 1644.9
1286440 1644.9
1286450 1647.7
1286460 1651.6
1286470 1651.6
1286480 1654.4
1286490 1657.2
1286500 1657.2
1286510 1661.6
1286520 1667.8
1286530 1667.8
1286540 1672.9
1286550 1676.7
1286560 1676.7
1286570 1680.2
1286580 1684.7
1286590 1684.7
1286600 1691.2
1286610 1698.1
1286620 1698.1
1286630 1704.6
1286640 1710.9
1286650 1710.9
1286660 1717.5
1286670 1725.2
1286680 1731.8
1286690 1731.8
1286700 1737.5
1286710 1744.6
1286720 1744.6
1286730 1754.3
1286740 1761.6
1286750 1761.6
1286760 1767.3
1286770 1772.3
1286780 1772.3
1286790 1777.4
1286800 1782.7
1286810 1782.7
1286820 1787.4
1286830 1793.0
1286840 1793.0
1286850 1799.5
1286860 1805.2
1286870 1805.2
1286880 1811.5
1286890 1817.3
1286900 1822.9
1286910 1822.9
1286920 1829.9
1286930 1838.4
1286940 1838.4
1286950 1847.1
1286960 1855.4
1286970 1855.4
1286980 1863.4
1286990 1870.4
1287000 1870.4
1287010 1875.5
1287020 1880.1
1287030 1880.1
1287040 1885.8
1287050 1891.1
1287060 1891.1
1287070 1897.1
1287080 1904.4
1287090 1904.4
1287100 1910.7
1287110 1918.0
1287120 1918.0
1287130 1928.4
1287140 1936.9
1287150 1941.6
1287160 1941.6
1287170 1945.6
1287180 1952.1
1287190 1952.1
1287200 1960.8
1287210 1968.7
1287220 1968.7
1287230 1974.5
1287240 1980.0
1287250 1980.0
1287260 1985.0
1287270 1989.9
1287280 1989.9
1287290 1996.1
1287300 2002.7
1287310 2002.7
1287320 2008.7
1287330 2014.4
1287340 2014.4
1287350 2020.0
1287360 2024.7
1287370 2024.7
1287380 2027.9
1287390 2030.6
1287400 2033.8
1287410 2033.8
1287420 2037.0
1287430 2040.5
1287440 2040.5
1287450 2045.5
1287460 2049.7
1287470 2049.7
1287480 2052.9
1287490 2055.2
1287500 2055.2
1287510 2059.0
1287520 2063.5
1287530 2063.5
1287540 2068.7
1287550 2073.6
1287560 2073.6
1287570 2077.7
1287580 2082.0
1287590 2082.0
1287600 2086.5
1287610 2090.2
1287620 2090.2
1287630 2093.1
1287640 2096.4
1287650 2099.8
1287660 2099.8
1287670 2103.6
1287680 2107.7
1287690 2107.7
1287700 2111.4
1287710 2115.8
1287720 2115.8
1287730 2120.5
1287740 2124.4
1287750 2124.4
1287760 2128.5
1287770 2133.0
1287780 2133.0
1287790 2138.6
1287800 2144.4
1287810 2144.4
1287820 2151.4
1287830 2158.0
1287840 2158.0
1287850 2164.5
1287860 2170.8
1287870 2170.8
1287880 2175.5
1287890 2178.2
1287900 2180.6
1287910 2180.6
1287920 2183.5
1287930 2186.2
1287940 2186.2
1287950 2188.4
1287960 2190.8
1287970 2190.8
1287980 2192.2
1287990 2193.8
1288000 2193.8
1288010 2196.1
1288020 2199.4
1288030 2199.4
1288040 2203.0
1288050 2206.0
1288060 2206.0
1288070 2209.1
1288080 2215.5
1288090 2215.5
1288100 2224.2
1288110 2230.7
1288120 2230.7
1288130 2235.1
1288140 2239.8
1288150 2245.2
1288160 2245.2
1288170 2251.4
1288180 2256.2
1288190 2256.2
1288200 2261.1
1288210 2265.2
1288220 2265.2
1288230 2269.6
1288240 2272.3
1288250 2272.3
1288260 2275.4
1288270 2280.1
1288280 2280.1
1288290 2284.8
1288300 2288.0
1288310 2288.0
1288320 2291.8
1288330 2295.1
1288340 2295.1
1288350 2298.3
1288360 2300.4
1288370 2300.4
1288380 2303.2
1288390 2308.3
1288400 2314.5
1288410 2314.5
1288420 2318.4
1288430 2319.7
1288440 2319.7
1288450 2322.4
1288460 2324.0
1288470 2324.0
1288480 2324.3
1288490 2326.4
1288500 2326.4
1288510 2332.6
1288520 2340.3
1288530 2340.3
1288540 2346.0
1288550 2351.4
1288560 2351.4
1288570 2356.7
1288580 2363.8
1288590 2363.8
1288600 2370.9
1288610 2373.1
1288620 2374.2
1288630 2374.2
1288640 2375.9
1288650 2377.3
1288660 2377.3
1288670 2379.3
1288680 2381.6
1288690 2381.6
1288700 2385.8
1288710 2389.6
1288720 2389.6
1288730 2391.1
1288740 2392.8
1288750 2392.8
1288760 2395.6
1288770 2398.1
1288780 2398.1
1288790 2400.5
1288800 2402.3
1288810 2402.3
1288820 2404.4
1288830 2407.0
1288840 2407.0
1288850 2409.9
1288860 2413.5
1288870 2417.0
1288880 2417.0
1288890 2421.3
1288900 2425.1
1288910 2425.1
1288920 2429.5
1288930 2433.9
1288940 2433.9
1288950 2437.1
1288960 2444.8
1288970 2444.8
1288980 2449.2
1288990 2454.2
1289000 2454.2
1289010 2458.7
1289020 2462.7
1289030 2462.7
1289040 2466.7
1289050 2470.8
1289060 2470.8
1289070 2473.4
1289080 2473.2
1289090 2473.2
1289100 2473.4
1289110 2474.3
1289120 2475.4
1289130 2475.4
1289140 2478.9
1289150 2483.5
1289160 2483.5
1289170 2486.7
1289180 2490.6
1289190 2490.6
1289200 2495.4
1289210 2498.6
1289220 2498.6
1289230 2502.9
1289240 2508.8
1289250 2508.8
1289260 2514.0
1289270 2520.4
1289280 2520.4
1289290 2527.2
1289300 2531.7
1289310 2531.7
1289320 2536.9
1289330 2543.5
1289340 2543.5
1289350 2550.7
1289360 2558.5
1289370 2565.1
1289380 2565.1
1289390 2570.4
1289400 2574.6
1289410 2574.6
1289420 2578.9
1289430 2581.8
1289440 2581.8
1289450 2583.5
1289460 2584.9
1289470 2584.9
1289480 2586.6
1289490 2587.5
1289500 2587.5
1289510 2586.6
1289520 2586.1
1289530 2586.1
1289540 2587.3
1289550 2590.7
1289560 2590.7
1289570 2595.1
1289580 2598.6
1289590 2598.6
1289600 2599.8
1289610 2597.5
1289620 2595.9
1289630 2595.9
1289640 2592.2
1289650 2586.4
1289660 2586.4
1289670 2581.0
1289680 2575.7
1289690 2575.7
1289700 2579.0
1289710 2581.7
1289720 2581.7
1289730 2581.6
1289740 2579.9
1289750 2579.9
1289760 2581.0
1289770 2581.6
1289780 2581.6
1289790 2582.4
1289800 2582.6
1289810 2582.6
1289820 2581.4
1289830 2579.3
1289840 2579.3
1289850 2578.4
1289860 2580.6
1289870 2582.0
1289880 2582.0
1289890 2582.8
1289900 2584.5
1289910 2584.5
1289920 2587.2
1289930 2590.8
1289940 2590.8
1289950 2595.7
1289960 2598.3
1289970 2598.3
1289980 2598.6
1289990 2600.4
1290000 2600.4
1290010 2602.3
1290020 2604.2
1290030 2604.2
1290040 2606.0
1290050 2608.8
1290060 2608.8
1290070 2612.3
1290080 2615.6
1290090 2615.6
1290100 2619.2
1290110 2623.0
1290120 2624.8
1290130 2624.8
1290140 2624.2
1290150 2623.0
1290160 2623.0
1290170 2625.0
1290180 2626.0
1290190 2626.0
1290200 2615.4
1290210 2601.7
1290220 2601.7
1290230 2589.2
1290240 2574.5
1290250 2574.5
1290260 2558.4
1290270 2542.5
1290280 2542.5
1290290 2531.9
1290300 2519.0
1290310 2519.0
1290320 2501.5
1290330 2493.9
1290340 2487.9
1290350 2487.9
1290360 2481.6
1290370 2475.2
1290380 2475.2
1290390 2468.8
1290400 2463.2
1290410 2463.2
1290420 2458.2
1290430 2453.3
1290440 2453.3
1290450 2449.5
1290460 2445.9
1290470 2445.9
1290480 2442.5
1290490 2440.6
1290500 2440.6
1290510 2439.5
1290520 2438.7
1290530 2438.7
1290540 2441.9
1290550 2445.5
1290560 2445.5
1290570 2448.8
1290580 2452.1
1290590 2454.3
1290600 2454.3
1290610 2453.6
1290620 2449.3
1290630 2449.3
1290640 2443.6
1290650 2437.5
1290660 2437.5
1290670 2432.5
1290680 2428.8
1290690 2428.8
1290700 2424.3
1290710 2420.2
1290720 2420.2
1290730 2416.5
1290740 2412.6
1290750 2412.6
1290760 2409.0
1290770 2405.4
1290780 2405.4
1290790 2401.9
1290800 2395.7
1290810 2395.7
1290820 2385.6
1290830 2375.8
1290840 2368.7
1290850 2368.7
1290860 2352.8
1290870 2341.4
1290880 2341.4
1290890 2332.6
1290900 2326.5
1290910 2326.5
1290920 2317.0
1290930 2311.8
1290940 2311.8
1290950 2306.9
1290960 2302.8
1290970 2302.8
1290980 2299.5
1290990 2296.0
1291000 2296.0
1291010 2292.9
1291020 2289.9
1291030 2289.9
1291040 2286.4
1291050 2282.8
1291060 2282.8
1291070 2279.1
1291080 2276.0
1291090 2272.9
1291100 2272.9
1291110 2269.8
1291120 2266.7
1291130 2266.7
1291140 2263.8
1291150 2261.1
1291160 2261.1
1291170 2258.6
1291180 2258.1
1291190 2258.1
1291200 2260.7
1291210 2263.2
1291220 2263.2
1291230 2263.1
1291240 2258.3
1291250 2258.3
1291260 2251.6
1291270 2244.9
1291280 2244.9
1291290 2238.2
1291300 2227.9
1291310 2227.9
1291320 2216.0
1291330 2205.3
1291340 2196.8
1291350 2196.8
1291360 2191.3
1291370 2183.6
1291380 2183.6
1291390 2176.2
1291400 2165.6
1291410 2165.6
1291420 2157.2
1291430 2151.3
1291440 2151.3
1291450 2146.2
1291460 2141.1
1291470 2141.1
1291480 2135.8
1291490 2132.2
1291500 2132.2
1291510 2131.6
1291520 2133.5
1291530 2133.5
1291540 2134.1
1291550 2140.3
1291560 2140.3
1291570 2149.2
1291580 2141.7
1291590 2138.6
1291600 2138.6
1291610 2130.7
1291620 2123.5
1291630 2123.5
1291640 2115.8
1291650 2104.0
1291660 2104.0
1291670 2090.3
1291680 2079.5
1291690 2079.5
1291700 2063.4
1291710 2043.4
1291720 2043.4
1291730 2033.5
1291740 2024.8
1291750 2024.8
1291760 2015.7
1291770 2006.0
1291780 2006.0
1291790 1994.2
1291800 1985.2
1291810 1985.2
1291820 1977.1
1291830 1968.6
1291840 1959.7
1291850 1959.7
1291860 1951.4
1291870 1943.3
1291880 1943.3
1291890 1935.5
1291900 1928.3
1291910 1928.3
1291920 1920.7
1291930 1913.0
1291940 1913.0
1291950 1905.8
1291960 1898.8
1291970 1898.8
1291980 1891.8
1291990 1884.8
1292000 1884.8
1292010 1878.0
1292020 1871.7
1292030 1871.7
1292040 1864.1
1292050 1857.3
1292060 1852.2
1292070 1852.2
1292080 1847.8
1292090 1843.3
1292100 1843.3
1292110 1838.3
1292120 1833.1
1292130 1833.1
1292140 1828.1
1292150 1822.9
1292160 1822.9
1292170 1817.6
1292180 1812.5
1292190 1812.5
1292200 1808.1
1292210 1805.3
1292220 1805.3
1292230 1803.0
1292240 1797.0
1292250 1797.0
1292260 1791.0
1292270 1786.0
1292280 1786.0
1292290 1782.5
1292300 1778.9
1292310 1775.2
1292320 1775.2
1292330 1772.1
1292340 1769.4
1292350 1769.4
1292360 1766.9
1292370 1764.5
1292380 1764.5
1292390 1762.0
1292400 1759.5
1292410 1759.5
1292420 1756.7
1292430 1752.9
1292440 1752.9
1292450 1748.2
1292460 1743.2
1292470 1743.2
1292480 1737.3
1292490 1729.3
1292500 1729.3
1292510 1720.3
1292520 1712.6
1292530 1712.6
1292540 1709.3
1292550 1710.9
1292560 1711.6
1292570 1711.6
1292580 1710.7
1292590 1710.7
1292600 1710.7
1292610 1711.6
1292620 1710.8
1292630 1710.8
1292640 1708.6
1292650 1705.5
1292660 1705.5
1292670 1702.1
1292680 1698.1
1292690 1698.1
1292700 1689.8
1292710 1681.3
1292720 1681.3
1292730 1676.6
1292740 1672.4
1292750 1672.4
1292760 1667.8
1292770 1663.7
1292780 1663.7
1292790 1659.9
1292800 1656.7
1292810 1653.2
1292820 1653.2
1292830 1648.5
1292840 1642.1
1292850 1642.1
1292860 1634.8
1292870 1628.1
1292880 1628.1
1292890 1622.9
1292900 1618.3
1292910 1619.4
1292920 1615.4
1292930 1610.7
1292940 1610.7
1292950 1605.6
1292960 1599.4
1292970 1599.4
1292980 1591.0
1292990 1582.8
1293000 1582.8
1293010 1576.3
1293020 1570.4
1293030 1570.4
1293040 1567.9
1293050 1568.4
1293060 1568.7
1293070 1568.7
1293080 1570.6
1293090 1572.6
1293100 1572.6
1293110 1574.7
1293120 1577.8
1293130 1577.8
1293140 1581.8
1293150 1584.4
1293160 1584.4
1293170 1586.8
1293180 1589.6
1293190 1589.6
1293200 1590.8
1293210 1590.6
1293220 1590.6
1293230 1590.9
1293240 1591.6
1293250 1591.6
1293260 1591.1
1293270 1590.4
1293280 1590.4
1293290 1590.0
1293300 1590.1
1293310 1590.0
1293320 1590.0
1293330 1588.7
1293340 1587.5
1293350 1587.5
1293360 1587.0
1293370 1586.1
1293380 1586.1
1293390 1585.3
1293400 1585.1
1293410 1585.1
1293420 1584.7
1293430 1584.8
1293440 1584.8
1293450 1585.1
1293460 1586.2
1293470 1586.2
1293480 1587.5
1293490 1588.6
1293500 1588.6
1293510 1588.7
1293520 1589.1
1293530 1589.8
1293540 1589.8
1293550 1591.4
1293560 1592.3
1293570 1596.0
1293580 1597.5
1293590 1599.3
1293600 1599.3
1293610 1600.7
1293620 1600.5
1293630 1600.5
1293640 1601.0
1293650 1603.2
1293660 1603.2
1293670 1604.8
1293680 1605.5
1293690 1605.5
1293700 1607.3
1293710 1609.7
1293720 1609.7
1293730 1610.6
1293740 1609.3
1293750 1609.3
1293760 1609.4
1293770 1610.3
1293780 1610.2
1293790 1610.2
1293800 1609.6
1293810 1608.9
1293820 1608.9
1293830 1607.9
1293840 1604.6
1293850 1604.6
1293860 1598.7
1293870 1595.0
1293880 1595.0
1293890 1593.3
1293900 1592.4
1293910 1592.4
1293920 1592.1
1293930 1590.3
1293940 1590.3
1293950 1588.2
1293960 1585.9
1293970 1585.9
1293980 1584.9
1293990 1583.5
1294000 1583.5
1294010 1580.8
1294020 1578.0
1294030 1575.0
1294040 1575.0
1294050 1572.0
1294060 1570.5
1294070 1570.5
1294080 1570.4
1294090 1568.2
1294100 1568.2
1294110 1565.1
1294120 1561.5
1294130 1561.5
1294140 1557.4
1294150 1554.2
1294160 1554.2
1294170 1553.4
1294180 1551.1
1294190 1551.1
1294200 1547.8
1294210 1546.7
1294220 1546.7
1294230 1545.7
1294240 1550.9
1294250 1550.9
1294260 1548.7
1294270 1547.1
1294280 1545.5
1294290 1545.5
1294300 1543.1
1294310 1541.2
1294320 1541.2
1294330 1538.8
1294340 1535.4
1294350 1535.4
1294360 1531.1
1294370 1528.6
1294380 1528.6
1294390 1525.6
1294400 1521.9
1294410 1521.9
1294420 1519.0
1294430 1517.7
1294440 1517.7
1294450 1516.0
1294460 1512.7
1294470 1512.7
1294480 1508.8
1294490 1505.5
1294500 1505.5
1294510 1502.7
1294520 1499.4
1294530 1493.8
1294540 1493.8
1294550 1491.3
1294560 1491.7
1294570 1491.7
1294580 1490.7
1294590 1488.6
1294600 1488.6
1294610 1485.7
1294620 1483.8
1294630 1483.8
1294640 1483.4
1294650 1482.6
1294660 1482.6
1294670 1482.0
1294680 1481.8
1294690 1481.8
1294700 1481.2
1294710 1480.4
1294720 1480.4
1294730 1479.4
1294740 1478.1
1294750 1478.1
1294760 1475.3
1294770 1471.2
1294780 1469.0
1294790 1469.0
1294800 1468.8
1294810 1470.9
1294820 1470.9
1294830 1476.9
1294840 1484.6
1294850 1484.6
1294860 1492.1
1294870 1498.7
1294880 1498.7
1294890 1504.4
1294900 1508.3
1294910 1508.6
1294920 1511.4
1294930 1514.5
1294940 1514.5
1294950 1517.8
1294960 1520.4
1294970 1520.4
1294980 1522.0
1294990 1524.3
1295000 1524.3
1295010 1529.8
1295020 1535.5
1295030 1540.1
1295040 1540.1
1295050 1544.6
1295060 1548.2
1295070 1548.2
1295080 1552.9
1295090 1558.6
1295100 1558.6
1295110 1563.6
1295120 1569.3
1295130 1569.3
1295140 1574.3
1295150 1579.0
1295160 1579.0
1295170 1583.2
1295180 1587.6
1295190 1587.6
1295200 1591.8
1295210 1596.5
1295220 1596.5
1295230 1600.1
1295240 1602.5
1295250 1606.8
1295260 1606.8
1295270 1612.9
1295280 1619.7
1295290 1619.7
1295300 1625.5
1295310 1632.1
1295320 1632.1
1295330 1639.7
1295340 1646.6
1295350 1646.6
1295360 1653.2
1295370 1660.6
1295380 1660.6
1295390 1667.8
1295400 1673.7
1295410 1673.7
1295420 1679.4
1295430 1684.9
1295440 1684.9
1295450 1691.5
1295460 1699.1
1295470 1699.1
1295480 1705.5
1295490 1710.6
1295500 1715.7
1295510 1715.7
1295520 1720.2
1295530 1725.0
1295540 1725.0
1295550 1729.9
1295560 1733.7
1295570 1733.7
1295580 1738.9
1295590 1742.5
1295600 1742.5
1295610 1745.6
1295620 1748.8
1295630 1748.8
1295640 1752.5
1295650 1756.7
1295660 1756.7
1295670 1761.4
1295680 1765.2
1295690 1765.2
1295700 1768.1
1295710 1771.4
1295720 1771.4
1295730 1775.0
1295740 1779.7
1295750 1784.4
1295760 1784.4
1295770 1788.0
1295780 1790.4
1295790 1790.4
1295800 1792.2
1295810 1795.8
1295820 1795.8
1295830 1801.4
1295840 1807.4
1295850 1807.4
1295860 1813.3
1295870 1817.9
1295880 1817.9
1295890 1821.9
1295900 1825.9
1295910 1825.9
1295920 1830.4
1295930 1836.3
1295940 1836.3
1295950 1841.2
1295960 1844.9
1295970 1844.9
1295980 1849.6
1295990 1856.5
1296000 1863.5
1296010 1863.5
1296020 1869.6
1296030 1875.4
1296040 1875.4
1296050 1884.1
1296060 1892.2
1296070 1892.2
1296080 1897.6
1296090 1901.4
1296100 1901.4
1296110 1904.4
1296120 1907.5
1296130 1907.5
1296140 1911.0
1296150 1914.9
1296160 1914.9
1296170 1919.0
1296180 1922.7
1296190 1922.7
1296200 1926.2
1296210 1930.3
1296220 1930.3
1296230 1932.6
1296240 1936.1
1296250 1938.0
1296260 1938.0
1296270 1942.5
1296280 1947.3
1296290 1947.3
1296300 1950.3
1296310 1952.5
1296320 1952.5
1296330 1954.4
1296340 1956.4
1296350 1956.4
1296360 1958.6
1296370 1961.1
1296380 1961.1
1296390 1964.3
1296400 1967.7
1296410 1967.7
1296420 1970.3
1296430 1973.0
1296440 1973.0
1296450 1976.4
1296460 1980.8
1296470 1980.8
1296480 1985.5
1296490 1990.1
1296500 1994.1
1296510 1994.1
1296520 1997.4
1296530 2001.0
1296540 2001.0
1296550 2004.9
1296560 2009.0
1296570 2009.0
1296580 2013.7
1296590 2019.6
1296600 2019.6
1296610 2025.6
1296620 2030.9
1296630 2030.9
1296640 2036.4
1296650 2043.4
1296660 2043.4
1296670 2050.2
1296680 2052.3
1296690 2052.3
1296700 2056.6
1296710 2062.4
1296720 2066.2
1296730 2066.2
1296740 2069.3
1296750 2071.2
1296760 2071.2
1296770 2074.5
1296780 2080.7
1296790 2080.7
1296800 2085.6
1296810 2090.9
1296820 2090.9
1296830 2094.8
1296840 2098.4
1296850 2098.4
1296860 2104.4
1296870 2109.6
1296880 2109.6
1296890 2112.1
1296900 2114.5
1296910 2114.5
1296920 2117.7
1296930 2120.0
1296940 2120.0
1296950 2124.5
1296960 2128.7
1296970 2133.5
1296980 2133.5
1296990 2137.7
1297000 2139.5
1297010 2139.5
1297020 2141.9
1297030 2146.2
1297040 2146.2
1297050 2152.3
1297060 2157.7
1297070 2157.7
1297080 2162.8
1297090 2168.9
1297100 2168.9
1297110 2174.9
1297120 2180.2
1297130 2180.2
1297140 2185.3
1297150 2189.2
1297160 2189.2
1297170 2192.1
1297180 2194.1
1297190 2194.1
1297200 2197.0
1297210 2198.8
1297220 2200.9
1297230 2200.9
1297240 2202.9
1297250 2205.6
1297260 2205.6
1297270 2209.0
1297280 2213.1
1297290 2213.1
1297300 2217.7
1297310 2222.7
1297320 2222.7
1297330 2227.0
1297340 2230.5
1297350 2230.5
1297360 2234.5
1297370 2239.7
1297380 2239.7
1297390 2246.8
1297400 2254.0
1297410 2254.0
1297420 2261.3
1297430 2266.7
1297440 2266.7
1297450 2271.0
1297460 2275.9
1297470 2280.6
1297480 2280.6
1297490 2285.9
1297500 2291.8
1297510 2291.8
1297520 2295.9
1297530 2300.4
1297540 2300.4
1297550 2304.1
1297560 2306.7
1297570 2306.7
1297580 2310.8
1297590 2315.7
1297600 2315.7
1297610 2317.8
1297620 2323.7
1297630 2323.7
1297640 2329.5
1297650 2336.0
1297660 2336.0
1297670 2341.0
1297680 2343.1
1297690 2343.1
1297700 2347.7
1297710 2350.6
1297720 2353.0
1297730 2353.0
1297740 2357.1
1297750 2362.0
1297760 2362.0
1297770 2366.1
1297780 2368.3
1297790 2368.3
1297800 2369.5
1297810 2372.3
1297820 2372.3
1297830 2374.6
1297840 2377.6
1297850 2377.6
1297860 2382.4
1297870 2388.1
1297880 2388.1
1297890 2393.0
1297900 2396.2
1297910 2396.2
1297920 2398.0
1297930 2399.3
1297940 2399.3
1297950 2400.5
1297960 2401.4
1297970 2401.2
1297980 2401.2
1297990 2402.4
1298000 2405.3
1298010 2405.3
1298020 2404.9
1298030 2409.2
1298040 2409.2
1298050 2414.3
1298060 2417.0
1298070 2417.0
1298080 2418.5
1298090 2420.3
1298100 2420.3
1298110 2424.3
1298120 2428.8
1298130 2428.8
1298140 2430.6
1298150 2430.3
1298160 2430.3
1298170 2432.4
1298180 2437.2
1298190 2443.1
1298200 2443.1
1298210 2448.1
1298220 2453.6
1298230 2453.6
1298240 2460.4
1298250 2468.8
1298260 2468.8
1298270 2475.9
1298280 2476.6
1298290 2475.3
1298300 2473.6
1298310 2468.7
1298320 2468.7
1298330 2464.1
1298340 2461.0
1298350 2461.0
1298360 2454.8
1298370 2448.7
1298380 2448.7
1298390 2443.2
1298400 2439.2
1298410 2439.2
1298420 2438.2
1298430 2437.5
1298440 2435.2
1298450 2435.2
1298460 2430.7
1298470 2424.8
1298480 2424.8
1298490 2419.2
1298500 2415.3
1298510 2415.3
1298520 2412.5
1298530 2408.8
1298540 2408.8
1298550 2404.6
1298560 2401.0
1298570 2401.0
1298580 2397.5
1298590 2393.9
1298600 2393.9
1298610 2391.0
1298620 2389.0
1298630 2389.0
1298640 2387.4
1298650 2385.8
1298660 2385.8
1298670 2385.0
1298680 2385.1
1298690 2385.4
1298700 2385.4
1298710 2386.2
1298720 2387.1
1298730 2387.1
1298740 2388.1
1298750 2389.1
1298760 2389.1
1298770 2390.0
1298780 2391.3
1298790 2391.3
1298800 2392.7
1298810 2393.8
1298820 2393.8
1298830 2395.0
1298840 2396.0
1298850 2396.0
1298860 2396.2
1298870 2395.0
1298880 2395.0
1298890 2393.4
1298900 2391.2
1298910 2391.2
1298920 2389.2
1298930 2389.5
1298940 2391.7
1298950 2391.7
1298960 2393.3
1298970 2386.6
1298980 2386.6
1298990 2386.9
1299000 2385.6
1299010 2385.6
1299020 2384.4
1299030 2381.2
1299040 2381.2
1299050 2370.8
1299060 2362.6
1299070 2362.6
1299080 2356.6
1299090 2345.1
1299100 2345.1
1299110 2335.7
1299120 2327.3
1299130 2327.3
1299140 2320.4
1299150 2314.7
1299160 2314.7
1299170 2309.4
1299180 2304.4
1299190 2300.2
1299200 2300.2
1299210 2296.7
1299220 2293.1
1299230 2293.1
1299240 2289.0
1299250 2286.3
1299260 2286.3
1299270 2283.1
1299280 2280.9
1299290 2280.9
1299300 2281.5
1299310 2282.4
1299320 2282.4
1299330 2281.8
1299340 2281.6
1299350 2281.6
1299360 2281.3
1299370 2280.4
1299380 2280.4
1299390 2279.5
1299400 2278.6
1299410 2278.6
1299420 2278.7
1299430 2280.1
1299440 2281.3
1299450 2281.3
1299460 2280.6
1299470 2280.1
1299480 2280.1
1299490 2280.5
1299500 2279.6
1299510 2279.6
1299520 2276.1
1299530 2272.0
1299540 2272.0
1299550 2267.0
1299560 2260.8
1299570 2260.8
1299580 2254.8
1299590 2247.7
1299600 2247.7
1299610 2241.6
1299620 2235.5
1299630 2235.5
1299640 2231.4
1299650 2227.3
1299660 2221.1
1299670 2221.1
1299680 2215.5
1299690 2210.7
1299700 2210.7
1299710 2207.3
1299720 2203.3
1299730 2203.3
1299740 2199.3
1299750 2194.2
1299760 2194.2
1299770 2188.6
1299780 2182.9
1299790 2182.9
1299800 2175.7
1299810 2168.2
1299820 2168.2
1299830 2157.3
1299840 2147.9
1299850 2147.9
1299860 2140.6
1299870 2134.0
1299880 2134.0
1299890 2127.9
1299900 2121.9
1299910 2115.8
1299920 2115.8
1299930 2110.8
1299940 2107.0
1299950 2107.0
1299960 2103.4
1299970 2100.5
1299980 2100.5
1299990 2098.2
