1280000 1795.0
1280010 1790.3
1280020 1790.1
1280030 1790.1
1280040 1789.6
1280050 1785.2
1280060 1785.2
1280070 1781.3
1280080 1779.1
1280090 1775.3
1280100 1775.3
1280110 1773.0
1280120 1772.1
1280130 1772.1
1280140 1774.3
1280150 1778.7
1280160 1778.7
1280170 1781.4
1280180 1788.6
1280190 1788.6
1280200 1794.7
1280210 1797.8
1280220 1797.8
1280230 1802.2
1280240 1806.2
1280250 1806.2
1280260 1809.6
1280270 1813.5
1280280 1813.5
1280290 1817.3
1280300 1821.3
1280310 1821.3
1280320 1824.3
1280330 1827.5
1280340 1831.8
1280350 1831.8
1280360 1834.0
1280370 1837.4
1280380 1837.4
1280390 1842.2
1280400 1847.0
1280410 1847.0
1280420 1851.5
1280430 1855.8
1280440 1855.8
1280450 1859.3
1280460 1864.5
1280470 1864.5
1280480 1871.4
1280490 1878.2
1280500 1878.2
1280510 1884.7
1280520 1891.5
1280530 1891.5
1280540 1896.7
1280550 1900.7
1280560 1900.7
1280570 1904.0
1280580 1907.2
1280590 1910.9
1280600 1910.9
1280610 1914.3
1280620 1918.2
1280630 1918.2
1280640 1922.4
1280650 1926.6
1280660 1926.6
1280670 1930.6
1280680 1933.9
1280690 1933.9
1280700 1937.2
1280710 1940.8
1280720 1940.8
1280730 1944.3
1280740 1948.1
1280750 1948.1
1280760 1951.5
1280770 1954.5
1280780 1954.5
1280790 1958.3
1280800 1957.3
1280810 1957.3
1280820 1959.5
1280830 1962.9
1280840 1966.0
1280850 1966.0
1280860 1969.8
1280870 1972.7
1280880 1972.7
1280890 1974.1
1280900 1975.0
1280910 1975.0
1280920 1976.0
1280930 1977.7
1280940 1977.7
1280950 1979.6
1280960 1980.6
1280970 1980.6
1280980 1980.8
1280990 1980.4
1281000 1980.4
1281010 1980.4
1281020 1982.0
1281030 1982.0
1281040 1982.8
1281050 1983.3
1281060 1983.3
1281070 1983.6
1281080 1984.2
1281090 1984.6
1281100 1984.6
1281110 1985.2
1281120 1986.2
1281130 1986.2
1281140 1987.4
1281150 1988.6
1281160 1988.6
1281170 1988.8
1281180 1988.9
1281190 1988.9
1281200 1990.9
1281210 1993.8
1281220 1993.8
1281230 1995.5
1281240 1998.8
1281250 1998.8
1281260 2003.7
1281270 2009.5
1281280 2009.5
1281290 2012.7
1281300 2012.9
1281310 2014.5
1281320 2014.5
1281330 2016.6
1281340 2019.0
1281350 2019.0
1281360 2021.7
1281370 2024.4
1281380 2024.4
1281390 2025.9
1281400 2027.2
1281410 2027.2
1281420 2023.4
1281430 2026.6
1281440 2026.6
1281450 2030.2
1281460 2034.2
1281470 2034.2
1281480 2038.3
1281490 2042.7
1281500 2042.7
1281510 2047.1
1281520 2051.3
1281530 2051.3
1281540 2055.5
1281550 2059.8
1281560 2064.4
1281570 2064.4
1281580 2069.0
1281590 2073.7
1281600 2073.7
1281610 2078.1
1281620 2081.0
1281630 2081.0
1281640 2083.9
1281650 2087.1
1281660 2087.1
1281670 2090.4
1281680 2093.3
1281690 2093.3
1281700 2095.8
1281710 2098.4
1281720 2098.4
1281730 2102.0
1281740 2107.0
1281750 2107.0
1281760 2111.9
1281770 2117.1
1281780 2117.1
1281790 2122.3
1281800 2127.9
1281810 2133.3
1281820 2133.3
1281830 2138.0
1281840 2142.0
1281850 2142.0
1281860 2145.2
1281870 2147.8
1281880 2147.8
1281890 2150.1
1281900 2152.4
1281910 2152.4
1281920 2155.0
1281930 2158.1
1281940 2158.1
1281950 2161.5
1281960 2165.2
1281970 2165.2
1281980 2168.8
1281990 2172.0
1282000 2172.0
1282010 2175.0
1282020 2178.8
1282030 2178.8
1282040 2183.0
1282050 2182.3
1282060 2186.2
1282070 2186.2
1282080 2189.8
1282090 2192.5
1282100 2192.5
1282110 2195.8
1282120 2199.4
1282130 2199.4
1282140 2202.9
1282150 2206.6
1282160 2206.6
1282170 2211.0
1282180 2215.9
1282190 2215.9
1282200 2220.5
1282210 2224.2
1282220 2224.2
1282230 2228.1
1282240 2233.2
1282250 2233.2
1282260 2238.9
1282270 2243.5
1282280 2243.5
1282290 2247.5
1282300 2252.1
1282310 2257.0
1282320 2257.0
1282330 2261.2
1282340 2264.7
1282350 2264.7
1282360 2268.0
1282370 2270.7
1282380 2270.7
1282390 2274.5
1282400 2279.6
1282410 2279.6
1282420 2284.3
1282430 2288.8
1282440 2288.8
1282450 2294.3
1282460 2300.1
1282470 2300.1
1282480 2306.2
1282490 2312.0
1282500 2312.0
1282510 2317.4
1282520 2322.6
1282530 2322.6
1282540 2328.2
1282550 2333.5
1282560 2338.9
1282570 2338.9
1282580 2345.2
1282590 2352.2
1282600 2352.2
1282610 2358.1
1282620 2364.5
1282630 2364.5
1282640 2371.1
1282650 2375.8
1282660 2375.8
1282670 2378.9
1282680 2384.6
1282690 2384.6
1282700 2387.2
1282710 2390.3
1282720 2390.3
1282730 2394.0
1282740 2397.3
1282750 2397.3
1282760 2400.9
1282770 2404.0
1282780 2404.0
1282790 2407.8
1282800 2411.3
1282810 2414.4
1282820 2414.4
1282830 2417.1
1282840 2420.7
1282850 2420.7
1282860 2425.7
1282870 2432.0
1282880 2432.0
1282890 2437.9
1282900 2443.5
1282910 2443.5
1282920 2449.6
1282930 2454.7
1282940 2454.7
1282950 2459.5
1282960 2464.5
1282970 2464.5
1282980 2470.1
1282990 2475.7
1283000 2475.7
1283010 2480.3
1283020 2485.6
1283030 2485.6
1283040 2491.4
1283050 2497.6
1283060 2503.3
1283070 2503.3
1283080 2508.9
1283090 2513.9
1283100 2513.9
1283110 2517.5
1283120 2521.0
1283130 2521.0
1283140 2525.2
1283150 2528.4
1283160 2528.4
1283170 2530.0
1283180 2533.1
1283190 2533.1
1283200 2539.8
1283210 2547.5
1283220 2547.5
1283230 2554.9
1283240 2563.4
1283250 2563.4
1283260 2570.3
1283270 2575.4
1283280 2580.0
1283290 2580.0
1283300 2584.6
1283310 2581.4
1283320 2581.4
1283330 2585.8
1283340 2589.9
1283350 2589.9
1283360 2594.3
1283370 2598.6
1283380 2598.6
1283390 2602.4
1283400 2606.1
1283410 2606.1
1283420 2611.3
1283430 2615.4
1283440 2615.4
1283450 2619.2
1283460 2623.8
1283470 2623.8
1283480 2629.4
1283490 2634.6
1283500 2634.6
1283510 2640.4
1283520 2644.5
1283530 2650.1
1283540 2650.1
1283550 2656.3
1283560 2661.1
1283570 2661.1
1283580 2664.9
1283590 2668.5
1283600 2668.5
1283610 2670.2
1283620 2669.3
1283630 2669.3
1283640 2665.2
1283650 2659.3
1283660 2659.3
1283670 2645.8
1283680 2629.5
1283690 2629.5
1283700 2617.0
1283710 2604.3
1283720 2604.3
1283730 2593.4
1283740 2583.5
1283750 2583.5
1283760 2572.2
1283770 2560.7
1283780 2551.2
1283790 2551.2
1283800 2543.5
1283810 2537.5
1283820 2537.5
1283830 2532.7
1283840 2528.8
1283850 2528.8
1283860 2523.9
1283870 2521.7
1283880 2521.7
1283890 2522.9
1283900 2523.5
1283910 2523.5
1283920 2524.7
1283930 2527.0
1283940 2535.8
1283950 2538.2
1283960 2539.6
1283970 2539.6
1283980 2537.0
1283990 2533.5
1284000 2533.5
1284010 2524.1
1284020 2509.9
1284030 2496.0
1284040 2496.0
1284050 2489.9
1284060 2486.9
1284070 2486.9
1284080 2482.9
1284090 2479.0
1284100 2479.0
1284110 2476.0
1284120 2469.8
1284130 2469.8
1284140 2462.4
1284150 2454.2
1284160 2454.2
1284170 2445.1
1284180 2437.2
1284190 2437.2
1284200 2430.7
1284210 2421.7
1284220 2421.7
1284230 2410.8
1284240 2402.3
1284250 2402.3
1284260 2395.5
1284270 2389.7
1284280 2384.1
1284290 2384.1
1284300 2378.3
1284310 2371.6
1284320 2371.6
1284330 2364.6
1284340 2357.8
1284350 2357.8
1284360 2352.0
1284370 2346.7
1284380 2346.7
1284390 2340.7
1284400 2339.5
1284410 2339.5
1284420 2337.6
1284430 2333.7
1284440 2333.7
1284450 2315.2
1284460 2297.2
1284470 2297.2
1284480 2283.9
1284490 2270.9
1284500 2270.9
1284510 2256.0
1284520 2243.9
1284530 2219.5
1284540 2219.5
1284550 2207.7
1284560 2197.5
1284570 2183.7
1284580 2173.2
1284590 2164.9
1284600 2164.9
1284610 2157.3
1284620 2149.2
1284630 2149.2
1284640 2139.8
1284650 2131.4
1284660 2131.4
1284670 2123.5
1284680 2115.5
1284690 2115.5
1284700 2107.0
1284710 2098.7
1284720 2098.7
1284730 2091.9
1284740 2087.1
1284750 2087.1
1284760 2083.4
1284770 2078.9
1284780 2075.7
1284790 2075.7
1284800 2068.9
1284810 2063.9
1284820 2063.9
1284830 2064.5
1284840 2064.9
1284850 2064.9
1284860 2052.0
1284870 2039.1
1284880 2039.1
1284890 2034.3
1284900 2023.1
1284910 2023.1
1284920 2003.9
1284930 1982.4
1284940 1982.4
1284950 1970.1
1284960 1960.7
1284970 1960.7
1284980 1952.0
1284990 1945.1
1285000 1945.1
1285010 1939.0
1285020 1933.0
1285030 1926.7
1285040 1926.7
1285050 1920.9
1285060 1915.1
1285070 1915.1
1285080 1908.0
1285090 1899.7
1285100 1899.7
1285110 1892.6
1285120 1889.4
1285130 1889.4
1285140 1887.7
1285150 1886.4
1285160 1886.4
1285170 1884.1
1285180 1881.9
1285190 1881.9
1285200 1881.3
1285210 1888.4
1285220 1888.4
1285230 1886.9
1285240 1885.0
1285250 1882.6
1285260 1882.6
1285270 1876.0
1285280 1870.3
1285290 1870.3
1285300 1865.9
1285310 1862.5
1285320 1862.5
1285330 1859.2
1285340 1857.6
1285350 1857.6
1285360 1857.4
1285370 1857.9
1285380 1857.9
1285390 1858.1
1285400 1857.6
1285410 1857.6
1285420 1857.0
1285430 1856.5
1285440 1856.5
1285450 1855.6
1285460 1850.3
1285470 1850.3
1285480 1837.8
1285490 1830.9
1285500 1828.0
1285510 1828.0
1285520 1826.9
1285530 1825.3
1285540 1825.3
1285550 1823.2
1285560 1821.5
1285570 1821.5
1285580 1820.3
1285590 1813.9
1285600 1813.9
1285610 1801.1
1285620 1789.7
1285630 1789.7
1285640 1780.3
1285650 1771.0
1285660 1771.0
1285670 1762.6
1285680 1755.1
1285690 1755.1
1285700 1746.7
1285710 1738.1
1285720 1738.1
1285730 1731.5
1285740 1725.2
1285750 1717.3
1285760 1717.3
1285770 1706.7
1285780 1697.1
1285790 1697.1
1285800 1688.2
1285810 1680.6
1285820 1680.6
1285830 1676.2
1285840 1673.2
1285850 1679.3
1285860 1676.5
1285870 1671.7
1285880 1671.7
1285890 1665.6
1285900 1660.8
1285910 1660.8
1285920 1656.0
1285930 1651.4
1285940 1651.4
1285950 1647.2
1285960 1644.3
1285970 1644.3
1285980 1641.0
1285990 1636.3
1286000 1631.0
1286010 1631.0
1286020 1625.8
1286030 1621.1
1286040 1621.1
1286050 1616.8
1286060 1611.4
1286070 1611.4
1286080 1605.8
1286090 1600.7
1286100 1600.7
1286110 1594.9
1286120 1587.7
1286130 1587.7
1286140 1583.5
1286150 1580.6
1286160 1580.6
1286170 1578.7
1286180 1577.3
1286190 1577.3
1286200 1576.7
1286210 1576.4
1286220 1576.4
1286230 1576.4
1286240 1576.6
1286250 1576.9
1286260 1576.9
1286270 1577.5
1286280 1581.1
1286290 1581.1
1286300 1589.0
1286310 1598.4
1286320 1598.4
1286330 1608.5
1286340 1617.6
1286350 1617.6
1286360 1626.2
1286370 1633.1
1286380 1633.1
1286390 1640.0
1286400 1645.4
1286410 1645.4
1286420 1650.0
1286430 1654.7
1286440 1654.7
1286450 1659.6
1286460 1665.1
1286470 1665.1
1286480 1670.6
1286490 1673.3
1286500 1678.5
1286510 1678.5
1286520 1684.5
1286530 1691.3
1286540 1691.3
1286550 1697.2
1286560 1702.7
1286570 1702.7
1286580 1708.5
1286590 1714.8
1286600 1714.8
1286610 1721.0
1286620 1726.7
1286630 1726.7
1286640 1731.6
1286650 1736.8
1286660 1736.8
1286670 1743.3
1286680 1749.5
1286690 1749.5
1286700 1754.6
1286710 1760.1
1286720 1760.1
1286730 1766.0
1286740 1771.5
1286750 1777.4
1286760 1777.4
1286770 1783.2
1286780 1788.4
1286790 1788.4
1286800 1793.5
1286810 1798.2
1286820 1798.2
1286830 1802.9
1286840 1808.1
1286850 1808.1
1286860 1814.0
1286870 1820.0
1286880 1820.0
1286890 1825.5
1286900 1830.6
1286910 1830.6
1286920 1836.2
1286930 1842.7
1286940 1842.7
1286950 1849.6
1286960 1855.8
1286970 1855.8
1286980 1861.2
1286990 1866.8
1287000 1872.9
1287010 1872.9
1287020 1880.3
1287030 1887.9
1287040 1887.9
1287050 1895.3
1287060 1903.8
1287070 1903.8
1287080 1910.4
1287090 1914.5
1287100 1914.5
1287110 1919.5
1287120 1924.6
1287130 1923.3
1287140 1929.0
1287150 1935.2
1287160 1935.2
1287170 1943.0
1287180 1952.3
1287190 1952.3
1287200 1960.4
1287210 1965.5
1287220 1972.0
1287230 1972.0
1287240 1977.9
1287250 1982.1
1287260 1982.1
1287270 1986.7
1287280 1992.7
1287290 1992.7
1287300 1998.8
1287310 2004.7
1287320 2004.7
1287330 2009.8
1287340 2013.7
1287350 2013.7
1287360 2018.1
1287370 2021.9
1287380 2021.9
1287390 2025.9
1287400 2028.4
1287410 2028.4
1287420 2030.4
1287430 2032.8
1287440 2032.8
1287450 2036.3
1287460 2041.9
1287470 2046.4
1287480 2046.4
1287490 2050.1
1287500 2052.8
1287510 2052.8
1287520 2055.8
1287530 2060.0
1287540 2060.0
1287550 2064.0
1287560 2067.5
1287570 2067.5
1287580 2070.7
1287590 2073.2
1287600 2073.2
1287610 2074.8
1287620 2076.4
1287630 2076.4
1287640 2080.1
1287650 2085.1
1287660 2085.1
1287670 2088.1
1287680 2091.5
1287690 2091.5
1287700 2095.4
1287710 2097.5
1287720 2101.0
1287730 2101.0
1287740 2104.8
1287750 2109.5
1287760 2109.5
1287770 2113.4
1287780 2120.3
1287790 2120.3
1287800 2126.3
1287810 2132.1
1287820 2132.1
1287830 2138.0
1287840 2143.0
1287850 2143.0
1287860 2146.2
1287870 2150.0
1287880 2150.0
1287890 2148.6
1287900 2147.9
1287910 2147.9
1287920 2148.2
1287930 2151.4
1287940 2151.4
1287950 2156.8
1287960 2162.0
1287970 2166.4
1287980 2166.4
1287990 2170.4
1288000 2172.3
1288010 2172.3
1288020 2174.5
1288030 2177.2
1288040 2177.2
1288050 2181.4
1288060 2186.1
1288070 2186.1
1288080 2190.4
1288090 2194.2
1288100 2194.2
1288110 2198.0
1288120 2201.6
1288130 2201.6
1288140 2206.9
1288150 2211.5
1288160 2211.5
1288170 2215.7
1288180 2220.5
1288190 2220.5
1288200 2225.9
1288210 2230.7
1288220 2233.9
1288230 2233.9
1288240 2236.5
1288250 2241.3
1288260 2241.3
1288270 2247.1
1288280 2251.9
1288290 2251.9
1288300 2254.8
1288310 2257.1
1288320 2257.1
1288330 2260.9
1288340 2265.5
1288350 2265.5
1288360 2269.7
1288370 2274.9
1288380 2274.9
1288390 2279.4
1288400 2284.8
1288410 2284.8
1288420 2289.3
1288430 2293.6
1288440 2293.6
1288450 2297.2
1288460 2300.9
1288470 2303.6
1288480 2303.6
1288490 2305.9
1288500 2307.8
1288510 2307.8
1288520 2311.8
1288530 2316.5
1288540 2316.5
1288550 2321.8
1288560 2326.9
1288570 2326.9
1288580 2331.5
1288590 2335.2
1288600 2335.2
1288610 2338.8
1288620 2342.6
1288630 2342.6
1288640 2347.8
1288650 2353.5
1288660 2353.5
1288670 2359.4
1288680 2364.7
1288690 2364.7
1288700 2368.2
1288710 2371.6
1288720 2372.8
1288730 2372.8
1288740 2373.9
1288750 2373.4
1288760 2373.4
1288770 2373.5
1288780 2374.3
1288790 2374.3
1288800 2376.7
1288810 2378.8
1288820 2378.8
1288830 2381.2
1288840 2384.3
1288850 2384.3
1288860 2387.4
1288870 2390.8
1288880 2390.8
1288890 2392.8
1288900 2394.2
1288910 2394.2
1288920 2393.7
1288930 2396.0
1288940 2399.6
1288950 2399.6
1288960 2403.8
1288970 2408.6
1288980 2408.6
1288990 2413.3
1289000 2417.6
1289010 2417.6
1289020 2422.7
1289030 2426.6
1289040 2426.6
1289050 2429.9
1289060 2434.9
1289070 2434.9
1289080 2442.7
1289090 2446.4
1289100 2446.4
1289110 2450.1
1289120 2453.6
1289130 2453.6
1289140 2459.3
1289150 2466.3
1289160 2466.3
1289170 2472.8
1289180 2480.4
1289190 2489.6
1289200 2489.6
1289210 2498.5
1289220 2507.0
1289230 2507.0
1289240 2514.8
1289250 2520.1
1289260 2520.1
1289270 2524.8
1289280 2530.0
1289290 2530.0
1289300 2536.2
1289310 2540.2
1289320 2540.2
1289330 2543.7
1289340 2548.0
1289350 2548.0
1289360 2550.4
1289370 2550.5
1289380 2550.5
1289390 2550.1
1289400 2548.9
1289410 2548.9
1289420 2548.2
1289430 2549.2
1289440 2553.0
1289450 2553.0
1289460 2559.0
1289470 2564.9
1289480 2564.9
1289490 2561.8
1289500 2554.9
1289510 2554.9
1289520 2550.2
1289530 2550.0
1289540 2550.0
1289550 2553.7
1289560 2561.1
1289570 2561.1
1289580 2567.8
1289590 2572.2
1289600 2572.2
1289610 2569.4
1289620 2561.6
1289630 2561.6
1289640 2558.6
1289650 2552.7
1289660 2552.7
1289670 2545.4
1289680 2542.4
1289690 2544.1
1289700 2544.1
1289710 2545.9
1289720 2546.1
1289730 2548.5
1289740 2548.5
1289750 2547.7
1289760 2547.7
1289770 2546.7
1289780 2545.6
1289790 2545.6
1289800 2544.4
1289810 2542.9
1289820 2542.9
1289830 2541.4
1289840 2540.0
1289850 2540.0
1289860 2539.4
1289870 2540.9
1289880 2540.9
1289890 2542.5
1289900 2543.4
1289910 2543.4
1289920 2544.6
1289930 2545.8
1289940 2545.0
1289950 2545.0
1289960 2545.2
1289970 2546.7
1289980 2546.7
1289990 2548.3
1290000 2549.3
1290010 2549.3
1290020 2550.6
1290030 2552.1
1290040 2552.1
1290050 2553.1
1290060 2553.5
1290070 2553.5
1290080 2554.6
1290090 2556.1
1290100 2556.1
1290110 2553.7
1290120 2552.4
1290130 2552.4
1290140 2552.9
1290150 2556.1
1290160 2556.1
1290170 2559.7
1290180 2563.2
1290190 2568.5
1290200 2568.5
1290210 2570.3
1290220 2572.1
1290230 2572.1
1290240 2574.6
1290250 2577.6
1290260 2577.6
1290270 2580.9
1290280 2585.9
1290290 2585.9
1290300 2593.1
1290310 2594.4
1290320 2594.4
1290330 2583.7
1290340 2571.8
1290350 2571.8
1290360 2553.7
1290370 2552.9
1290380 2537.0
1290390 2541.4
1290400 2545.5
1290410 2545.5
1290420 2536.8
1290430 2514.4
1290440 2499.8
1290450 2499.8
1290460 2495.3
1290470 2496.8
1290480 2496.8
1290490 2494.5
1290500 2490.6
1290510 2490.6
1290520 2481.6
1290530 2474.7
1290540 2474.7
1290550 2473.1
1290560 2473.8
1290570 2473.8
1290580 2474.5
1290590 2476.3
1290600 2476.3
1290610 2478.4
1290620 2482.1
1290630 2482.1
1290640 2484.7
1290650 2485.5
1290660 2485.5
1290670 2485.3
1290680 2481.1
1290690 2471.6
1290700 2471.6
1290710 2461.9
1290720 2448.7
1290730 2448.7
1290740 2437.5
1290750 2430.5
1290760 2430.5
1290770 2424.2
1290780 2417.3
1290790 2417.3
1290800 2409.6
1290810 2401.6
1290820 2401.6
1290830 2394.3
1290840 2387.9
1290850 2387.9
1290860 2382.5
1290870 2377.5
1290880 2377.5
1290890 2372.3
1290900 2367.4
1290910 2363.3
1290920 2363.3
1290930 2360.9
1290940 2359.0
1290950 2359.0
1290960 2355.9
1290970 2352.1
1290980 2352.1
1290990 2348.5
1291000 2345.6
1291010 2345.6
1291020 2342.6
1291030 2338.5
1291040 2333.1
1291050 2328.4
1291060 2324.8
1291070 2324.8
1291080 2322.1
1291090 2322.5
1291100 2322.5
1291110 2322.1
1291120 2321.6
1291130 2321.6
1291140 2321.5
1291150 2321.0
1291160 2321.6
1291170 2321.6
1291180 2320.6
1291190 2319.6
1291200 2319.6
1291210 2318.4
1291220 2314.5
1291230 2314.5
1291240 2312.4
1291250 2307.1
1291260 2307.1
1291270 2297.1
1291280 2284.9
1291290 2284.9
1291300 2276.8
1291310 2274.0
1291320 2274.0
1291330 2276.4
1291340 2279.1
1291350 2279.1
1291360 2277.0
1291370 2270.2
1291380 2270.2
1291390 2262.9
1291400 2253.6
1291410 2241.0
1291420 2241.0
1291430 2228.8
1291440 2219.1
1291450 2219.1
1291460 2209.8
1291470 2199.6
1291480 2199.6
1291490 2189.2
1291500 2180.1
1291510 2180.1
1291520 2171.6
1291530 2163.8
1291540 2163.8
1291550 2154.7
1291560 2146.0
1291570 2146.0
1291580 2137.3
1291590 2129.3
1291600 2129.3
1291610 2121.1
1291620 2113.5
1291630 2113.5
1291640 2106.1
1291650 2098.4
1291660 2090.2
1291670 2090.2
1291680 2082.4
1291690 2074.8
1291700 2071.5
1291710 2062.9
1291720 2055.2
1291730 2055.2
1291740 2047.7
1291750 2040.4
1291760 2040.4
1291770 2033.7
1291780 2026.9
1291790 2026.9
1291800 2020.0
1291810 2013.7
1291820 2013.7
1291830 2006.6
1291840 2000.9
1291850 2000.9
1291860 1995.9
1291870 1989.0
1291880 1989.0
1291890 1982.4
1291900 1974.6
1291910 1965.3
1291920 1965.3
1291930 1954.9
1291940 1945.9
1291950 1945.9
1291960 1936.8
1291970 1928.3
1291980 1928.3
1291990 1920.3
1292000 1912.6
1292010 1912.6
1292020 1905.7
1292030 1898.5
1292040 1898.5
1292050 1891.4
1292060 1883.2
1292070 1883.2
1292080 1875.0
1292090 1868.8
1292100 1868.8
1292110 1865.1
1292120 1861.1
1292130 1861.1
1292140 1856.1
1292150 1852.0
1292160 1848.7
1292170 1848.7
1292180 1845.2
1292190 1840.9
1292200 1840.9
1292210 1836.2
1292220 1831.6
1292230 1831.6
1292240 1827.2
1292250 1823.2
1292260 1823.2
1292270 1819.7
1292280 1815.5
1292290 1815.5
1292300 1809.6
1292310 1802.0
1292320 1802.0
1292330 1794.9
1292340 1789.4
1292350 1789.4
1292360 1783.4
1292370 1777.4
1292380 1777.4
1292390 1773.6
1292400 1772.2
1292410 1771.6
1292420 1771.6
1292430 1769.7
1292440 1771.5
1292450 1771.5
1292460 1772.9
1292470 1771.5
1292480 1771.5
1292490 1768.3
1292500 1764.5
1292510 1764.5
1292520 1759.9
1292530 1753.3
1292540 1753.3
1292550 1745.6
1292560 1738.3
1292570 1738.3
1292580 1732.5
1292590 1727.6
1292600 1727.6
1292610 1721.6
1292620 1716.0
1292630 1709.7
1292640 1709.7
1292650 1703.6
1292660 1698.3
1292670 1698.3
1292680 1693.1
1292690 1687.6
1292700 1687.6
1292710 1683.2
1292720 1679.7
1292730 1679.7
1292740 1676.2
1292750 1673.1
1292760 1673.1
1292770 1669.8
1292780 1665.7
1292790 1665.7
1292800 1661.5
1292810 1657.9
1292820 1657.9
1292830 1655.3
1292840 1651.6
1292850 1651.6
1292860 1647.1
1292870 1642.3
1292880 1637.4
1292890 1637.4
1292900 1632.1
1292910 1627.1
1292920 1627.1
1292930 1624.0
1292940 1621.9
1292950 1621.9
1292960 1618.1
1292970 1609.7
1292980 1609.7
1292990 1601.7
1293000 1595.0
1293010 1595.0
1293020 1586.7
1293030 1580.2
1293040 1580.2
1293050 1573.4
1293060 1567.0
1293070 1567.0
1293080 1561.4
1293090 1556.1
1293100 1556.1
1293110 1549.2
1293120 1542.6
1293130 1537.4
1293140 1537.4
1293150 1535.0
1293160 1535.6
1293170 1535.6
1293180 1539.5
1293190 1543.4
1293200 1543.4
1293210 1546.5
1293220 1547.9
1293230 1547.9
1293240 1549.5
1293250 1551.0
1293260 1551.0
1293270 1550.8
1293280 1550.7
1293290 1550.7
1293300 1551.3
1293310 1551.3
1293320 1551.3
1293330 1552.0
1293340 1552.6
1293350 1552.6
1293360 1553.8
1293370 1554.8
1293380 1555.1
1293390 1555.1
1293400 1555.4
1293410 1556.9
1293420 1556.9
1293430 1557.4
1293440 1557.7
1293450 1557.7
1293460 1558.4
1293470 1559.1
1293480 1559.1
1293490 1559.4
1293500 1560.1
1293510 1560.1
1293520 1560.0
1293530 1559.2
1293540 1559.2
1293550 1558.2
1293560 1557.6
1293570 1557.6
1293580 1556.6
1293590 1555.0
1293600 1555.0
1293610 1553.3
1293620 1552.0
1293630 1551.4
1293640 1551.4
1293650 1550.5
1293660 1548.8
1293670 1548.8
1293680 1546.5
1293690 1551.8
1293700 1551.8
1293710 1553.5
1293720 1554.7
1293730 1554.7
1293740 1556.1
1293750 1556.5
1293760 1556.5
1293770 1556.2
1293780 1556.7
1293790 1556.7
1293800 1557.7
1293810 1557.9
1293820 1557.9
1293830 1557.6
1293840 1557.0
1293850 1557.0
1293860 1554.6
1293870 1549.9
1293880 1545.1
1293890 1545.1
1293900 1542.7
1293910 1541.9
1293920 1541.9
1293930 1539.2
1293940 1535.3
1293950 1535.3
1293960 1532.6
1293970 1530.8
1293980 1530.8
1293990 1528.9
1294000 1524.8
1294010 1524.8
1294020 1519.5
1294030 1518.0
1294040 1518.0
1294050 1516.6
1294060 1514.1
1294070 1514.1
1294080 1511.7
1294090 1509.4
1294100 1506.9
1294110 1506.9
1294120 1503.5
1294130 1500.1
1294140 1500.1
1294150 1498.5
1294160 1498.3
1294170 1498.3
1294180 1496.6
1294190 1495.2
1294200 1495.2
1294210 1493.2
1294220 1490.3
1294230 1490.3
1294240 1488.7
1294250 1488.1
1294260 1488.1
1294270 1488.2
1294280 1488.1
1294290 1488.1
1294300 1487.0
1294310 1484.7
1294320 1484.7
1294330 1484.0
1294340 1483.7
1294350 1486.4
1294360 1486.4
1294370 1485.7
1294380 1485.5
1294390 1485.5
1294400 1485.0
1294410 1482.8
1294420 1482.8
1294430 1478.7
1294440 1475.0
1294450 1475.0
1294460 1473.7
1294470 1472.3
1294480 1472.3
1294490 1470.7
1294500 1468.5
1294510 1468.5
1294520 1465.8
1294530 1463.9
1294540 1463.9
1294550 1461.6
1294560 1457.1
1294570 1457.1
1294580 1451.0
1294590 1449.5
1294600 1449.4
1294610 1449.4
1294620 1451.3
1294630 1455.4
1294640 1455.4
1294650 1460.1
1294660 1463.6
1294670 1463.6
1294680 1467.0
1294690 1469.5
1294700 1469.5
1294710 1470.9
1294720 1472.3
1294730 1472.3
1294740 1474.2
1294750 1476.3
1294760 1476.3
1294770 1478.3
1294780 1480.5
1294790 1480.5
1294800 1482.8
1294810 1485.4
1294820 1485.4
1294830 1487.9
1294840 1490.2
1294850 1492.5
1294860 1492.5
1294870 1494.4
1294880 1496.5
1294890 1496.5
1294900 1498.7
1294910 1500.7
1294920 1500.7
1294930 1503.4
1294940 1506.1
1294950 1506.1
1294960 1508.8
1294970 1511.5
1294980 1511.5
1294990 1513.8
1295000 1516.8
1295010 1516.8
1295020 1520.3
1295030 1524.7
1295040 1524.7
1295050 1531.0
1295060 1538.3
1295070 1538.3
1295080 1545.6
1295090 1552.9
1295100 1560.6
1295110 1560.6
1295120 1569.0
1295130 1576.2
1295140 1576.2
1295150 1583.3
1295160 1590.6
1295170 1590.6
1295180 1597.8
1295190 1604.6
1295200 1604.6
1295210 1611.5
1295220 1619.3
1295230 1619.3
1295240 1625.8
1295250 1631.5
1295260 1631.5
1295270 1637.9
1295280 1645.2
1295290 1645.2
1295300 1653.4
1295310 1661.0
1295320 1661.0
1295330 1667.8
1295340 1674.0
1295350 1679.7
1295360 1679.7
1295370 1684.7
1295380 1690.8
1295390 1690.8
1295400 1697.2
1295410 1703.4
1295420 1703.4
1295430 1709.1
1295440 1714.4
1295450 1714.4
1295460 1720.3
1295470 1724.5
1295480 1724.5
1295490 1726.7
1295500 1729.1
1295510 1729.1
1295520 1732.9
1295530 1737.3
1295540 1737.3
1295550 1742.8
1295560 1747.7
1295570 1747.7
1295580 1753.6
1295590 1758.5
1295600 1764.5
1295610 1764.5
1295620 1770.9
1295630 1777.2
1295640 1777.2
1295650 1782.9
1295660 1789.2
1295670 1789.2
1295680 1794.9
1295690 1799.6
1295700 1796.8
1295710 1800.6
1295720 1803.3
1295730 1803.3
1295740 1806.3
1295750 1808.9
1295760 1808.9
1295770 1810.2
1295780 1810.2
1295790 1810.2
1295800 1810.8
1295810 1816.1
1295820 1824.1
1295830 1824.1
1295840 1828.9
1295850 1832.8
1295860 1832.8
1295870 1837.3
1295880 1842.5
1295890 1842.5
1295900 1846.5
1295910 1851.3
1295920 1851.3
1295930 1856.4
1295940 1860.8
1295950 1860.8
1295960 1865.2
1295970 1869.9
1295980 1869.9
1295990 1874.1
1296000 1877.2
1296010 1877.2
1296020 1880.7
1296030 1885.4
1296040 1885.4
1296050 1889.8
1296060 1893.9
1296070 1899.2
1296080 1899.2
1296090 1903.2
1296100 1907.2
1296110 1907.2
1296120 1910.9
1296130 1914.8
1296140 1914.8
1296150 1919.2
1296160 1923.3
1296170 1923.3
1296180 1927.9
1296190 1932.2
1296200 1932.2
1296210 1935.7
1296220 1940.6
1296230 1940.6
1296240 1946.3
1296250 1950.9
1296260 1950.9
1296270 1954.8
1296280 1957.9
1296290 1957.9
1296300 1960.6
1296310 1963.8
1296320 1967.4
1296330 1967.4
1296340 1971.2
1296350 1974.6
1296360 1974.6
1296370 1977.1
1296380 1980.5
1296390 1980.5
1296400 1982.7
1296410 1985.3
1296420 1985.3
1296430 1989.6
1296440 1994.1
1296450 1994.1
1296460 1998.2
1296470 2001.9
1296480 2001.9
1296490 2004.6
1296500 2007.0
1296510 2007.0
1296520 2010.0
1296530 2013.3
1296540 2013.3
1296550 2017.0
1296560 2020.9
1296570 2024.7
1296580 2024.7
1296590 2028.2
1296600 2032.1
1296610 2032.1
1296620 2036.7
1296630 2040.9
1296640 2040.9
1296650 2045.1
1296660 2049.7
1296670 2049.7
1296680 2054.2
1296690 2058.2
1296700 2058.2
1296710 2061.7
1296720 2064.2
1296730 2064.2
1296740 2066.6
1296750 2069.9
1296760 2069.9
1296770 2074.2
1296780 2078.5
1296790 2078.5
1296800 2081.8
1296810 2085.4
1296820 2089.8
1296830 2089.8
1296840 2093.8
1296850 2098.5
1296860 2098.5
1296870 2103.4
1296880 2108.2
1296890 2108.2
1296900 2112.8
1296910 2117.5
1296920 2117.5
1296930 2122.0
1296940 2127.6
1296950 2127.6
1296960 2133.4
1296970 2140.2
1296980 2140.2
1296990 2146.1
1297000 2150.8
1297010 2150.8
1297020 2155.3
1297030 2161.2
1297040 2161.2
1297050 2163.4
1297060 2167.0
1297070 2171.0
1297080 2171.0
1297090 2177.1
1297100 2183.7
1297110 2183.7
1297120 2191.0
1297130 2198.2
1297140 2198.2
1297150 2204.4
1297160 2209.9
1297170 2209.9
1297180 2215.5
1297190 2220.1
1297200 2220.1
1297210 2223.4
1297220 2226.2
1297230 2226.2
1297240 2229.3
1297250 2233.2
1297260 2233.2
1297270 2237.2
1297280 2240.9
1297290 2244.2
1297300 2244.2
1297310 2246.9
1297320 2249.4
1297330 2249.4
1297340 2252.5
1297350 2255.5
1297360 2255.5
1297370 2258.9
1297380 2263.3
1297390 2263.3
1297400 2267.9
1297410 2271.2
1297420 2271.2
1297430 2275.6
1297440 2281.2
1297450 2281.2
1297460 2287.4
1297470 2293.8
1297480 2293.8
1297490 2299.8
1297500 2305.0
1297510 2305.0
1297520 2311.0
1297530 2315.8
1297540 2318.0
1297550 2318.0
1297560 2318.9
1297570 2319.5
1297580 2319.5
1297590 2321.5
1297600 2324.0
1297610 2324.0
1297620 2326.4
1297630 2329.5
1297640 2329.5
1297650 2331.4
1297660 2336.1
1297670 2336.1
1297680 2341.2
1297690 2344.7
1297700 2344.7
1297710 2349.9
1297720 2353.7
1297730 2353.7
1297740 2359.7
1297750 2364.7
1297760 2364.7
1297770 2369.9
1297780 2375.0
1297790 2379.2
1297800 2379.2
1297810 2382.0
1297820 2383.3
1297830 2383.3
1297840 2384.0
1297850 2384.9
1297860 2384.9
1297870 2387.8
1297880 2393.6
1297890 2393.6
1297900 2398.6
1297910 2401.8
1297920 2401.8
1297930 2404.6
1297940 2405.1
1297950 2405.1
1297960 2406.0
1297970 2407.5
1297980 2407.5
1297990 2410.5
1298000 2412.9
1298010 2412.9
1298020 2413.6
1298030 2416.6
1298040 2420.2
1298050 2420.2
1298060 2423.5
1298070 2428.5
1298080 2428.5
1298090 2433.7
1298100 2437.9
1298110 2437.9
1298120 2440.4
1298130 2443.3
1298140 2443.3
1298150 2445.7
1298160 2445.8
1298170 2445.8
1298180 2449.1
1298190 2451.8
1298200 2451.8
1298210 2454.8
1298220 2459.7
1298230 2459.7
1298240 2465.4
1298250 2471.1
1298260 2471.1
1298270 2479.3
1298280 2487.0
1298290 2490.4
1298300 2490.4
1298310 2491.3
1298320 2489.4
1298330 2489.4
1298340 2482.9
1298350 2477.6
1298360 2477.6
1298370 2474.6
1298380 2471.2
1298390 2471.2
1298400 2466.0
1298410 2464.2
1298420 2464.2
1298430 2463.2
1298440 2459.8
1298450 2459.8
1298460 2453.4
1298470 2444.9
1298480 2444.9
1298490 2437.5
1298500 2431.7
1298510 2431.7
1298520 2427.4
1298530 2425.4
1298540 2424.8
1298550 2424.8
1298560 2424.9
1298570 2425.9
1298580 2425.9
1298590 2427.1
1298600 2427.9
1298610 2427.9
1298620 2428.0
1298630 2428.2
1298640 2428.2
1298650 2428.0
1298660 2427.0
1298670 2427.0
1298680 2424.7
1298690 2421.7
1298700 2421.7
1298710 2417.6
1298720 2413.2
1298730 2413.2
1298740 2408.7
1298750 2403.9
1298760 2403.9
1298770 2398.7
1298780 2394.9
1298790 2390.7
1298800 2390.7
1298810 2386.2
1298820 2383.3
1298830 2383.3
1298840 2380.9
1298850 2378.8
1298860 2378.8
1298870 2378.1
1298880 2378.0
1298890 2378.0
1298900 2378.7
1298910 2378.3
1298920 2378.3
1298930 2375.8
1298940 2371.9
1298950 2371.9
1298960 2365.6
1298970 2361.6
1298980 2361.6
1298990 2358.5
1299000 2355.2
1299010 2352.2
1299020 2352.2
1299030 2348.6
1299040 2345.7
1299050 2345.7
1299060 2341.6
1299070 2335.3
1299080 2335.3
1299090 2334.6
1299100 2322.1
1299110 2322.1
1299120 2311.2
1299130 2303.3
1299140 2303.3
1299150 2296.8
1299160 2287.7
1299170 2287.7
1299180 2281.9
1299190 2277.9
1299200 2277.9
1299210 2275.1
1299220 2272.8
1299230 2272.8
1299240 2270.2
1299250 2268.7
1299260 2267.8
1299270 2267.8
1299280 2267.1
1299290 2266.6
1299300 2266.6
1299310 2266.1
1299320 2265.6
1299330 2265.6
1299340 2264.8
1299350 2263.9
1299360 2263.9
1299370 2262.9
1299380 2261.6
1299390 2261.6
1299400 2259.5
1299410 2257.6
1299420 2257.6
1299430 2255.7
1299440 2253.7
1299450 2253.7
1299460 2251.8
1299470 2250.0
1299480 2250.0
1299490 2249.0
1299500 2247.1
1299510 2242.9
1299520 2242.9
1299530 2237.8
1299540 2232.3
1299550 2232.3
1299560 2226.5
1299570 2220.7
1299580 2220.7
1299590 2218.5
1299600 2215.8
1299610 2215.8
1299620 2212.4
1299630 2209.0
1299640 2209.0
1299650 2205.8
1299660 2203.3
1299670 2203.3
1299680 2200.2
1299690 2198.3
1299700 2198.3
1299710 2197.6
1299720 2197.0
1299730 2197.0
1299740 2194.7
1299750 2188.9
1299760 2182.4
1299770 2184.6
1299780 2178.6
1299790 2172.2
1299800 2172.2
1299810 2166.0
1299820 2159.0
1299830 2159.0
1299840 2152.0
1299850 2145.4
1299860 2145.4
1299870 2139.4
1299880 2135.4
1299890 2135.4
1299900 2133.4
1299910 2129.6
1299920 2129.6
1299930 2122.3
1299940 2114.2
1299950 2114.2
1299960 2105.8
1299970 2094.2
1299980 2094.2
1299990 2082.4
