1280000 1919.7
1280010 1919.7
1280020 1922.7
1280030 1927.1
1280040 1927.1
1280050 1931.3
1280060 1935.3
1280070 1935.3
1280080 1934.5
1280090 1938.7
1280100 1938.7
1280110 1943.1
1280120 1946.5
1280130 1946.5
1280140 1948.8
1280150 1951.4
1280160 1951.4
1280170 1954.7
1280180 1957.4
1280190 1960.7
1280200 1960.7
1280210 1963.9
1280220 1966.4
1280230 1966.4
1280240 1968.1
1280250 1970.0
1280260 1970.0
1280270 1973.5
1280280 1977.6
1280290 1977.6
1280300 1981.7
1280310 1985.5
1280320 1985.5
1280330 1989.6
1280340 1994.1
1280350 1994.1
1280360 1999.5
1280370 2005.9
1280380 2005.9
1280390 2011.2
1280400 2014.2
1280410 2014.2
1280420 2016.2
1280430 2019.5
1280440 2024.1
1280450 2024.1
1280460 2028.3
1280470 2031.9
1280480 2031.9
1280490 2035.3
1280500 2038.5
1280510 2038.5
1280520 2041.2
1280530 2044.0
1280540 2044.0
1280550 2048.0
1280560 2053.8
1280570 2053.8
1280580 2059.2
1280590 2062.9
1280600 2062.9
1280610 2065.8
1280620 2068.7
1280630 2068.7
1280640 2072.2
1280650 2077.2
1280660 2077.2
1280670 2082.7
1280680 2087.7
1280690 2092.6
1280700 2092.6
1280710 2093.8
1280720 2097.4
1280730 2097.4
1280740 2100.0
1280750 2103.6
1280760 2103.6
1280770 2106.9
1280780 2111.5
1280790 2111.5
1280800 2114.7
1280810 2118.4
1280820 2118.4
1280830 2123.2
1280840 2127.8
1280850 2127.8
1280860 2130.5
1280870 2133.4
1280880 2133.4
1280890 2137.0
1280900 2142.4
1280910 2142.4
1280920 2146.1
1280930 2152.9
1280940 2157.7
1280950 2157.7
1280960 2160.7
1280970 2163.7
1280980 2163.7
1280990 2166.3
1281000 2169.0
1281010 2169.0
1281020 2171.4
1281030 2173.3
1281040 2173.3
1281050 2175.2
1281060 2176.4
1281070 2176.4
1281080 2176.9
1281090 2177.4
1281100 2177.4
1281110 2179.7
1281120 2182.1
1281130 2182.1
1281140 2183.3
1281150 2185.0
1281160 2185.0
1281170 2187.7
1281180 2190.8
1281190 2193.5
1281200 2193.5
1281210 2196.1
1281220 2198.2
1281230 2198.2
1281240 2199.8
1281250 2200.8
1281260 2200.8
1281270 2201.2
1281280 2202.0
1281290 2202.0
1281300 2204.3
1281310 2205.4
1281320 2205.4
1281330 2202.7
1281340 2204.5
1281350 2204.5
1281360 2206.4
1281370 2208.1
1281380 2208.1
1281390 2211.4
1281400 2216.9
1281410 2216.9
1281420 2222.0
1281430 2226.3
1281440 2230.3
1281450 2230.3
1281460 2232.8
1281470 2235.1
1281480 2235.1
1281490 2237.9
1281500 2241.6
1281510 2241.6
1281520 2245.2
1281530 2249.1
1281540 2249.1
1281550 2253.2
1281560 2257.6
1281570 2257.6
1281580 2262.1
1281590 2266.9
1281600 2266.9
1281610 2272.1
1281620 2277.3
1281630 2277.3
1281640 2282.0
1281650 2286.4
1281660 2286.4
1281670 2290.2
1281680 2293.3
1281690 2295.6
1281700 2295.6
1281710 2297.5
1281720 2299.5
1281730 2299.5
1281740 2301.9
1281750 2305.0
1281760 2305.0
1281770 2308.3
1281780 2311.9
1281790 2311.9
1281800 2316.1
1281810 2321.0
1281820 2321.0
1281830 2325.6
1281840 2329.6
1281850 2329.6
1281860 2332.9
1281870 2336.1
1281880 2336.1
1281890 2340.1
1281900 2344.7
1281910 2348.8
1281920 2348.8
1281930 2353.0
1281940 2355.9
1281950 2355.9
1281960 2361.8
1281970 2365.1
1281980 2365.1
1281990 2368.3
1282000 2371.2
1282010 2371.2
1282020 2373.3
1282030 2374.7
1282040 2374.7
1282050 2375.6
1282060 2377.3
1282070 2377.3
1282080 2379.1
1282090 2380.5
1282100 2380.5
1282110 2380.3
1282120 2380.1
1282130 2380.1
1282140 2381.0
1282150 2381.3
1282160 2381.5
1282170 2381.5
1282180 2382.2
1282190 2383.0
1282200 2383.0
1282210 2385.0
1282220 2388.3
1282230 2388.3
1282240 2392.6
1282250 2397.1
1282260 2397.1
1282270 2401.9
1282280 2407.8
1282290 2407.8
1282300 2414.5
1282310 2419.9
1282320 2419.9
1282330 2423.2
1282340 2426.2
1282350 2426.2
1282360 2429.3
1282370 2432.3
1282380 2432.3
1282390 2435.3
1282400 2437.5
1282410 2438.6
1282420 2438.6
1282430 2438.7
1282440 2438.9
1282450 2438.9
1282460 2439.9
1282470 2440.7
1282480 2440.7
1282490 2443.1
1282500 2447.7
1282510 2447.7
1282520 2452.4
1282530 2456.5
1282540 2456.5
1282550 2459.0
1282560 2462.0
1282570 2462.0
1282580 2466.7
1282590 2471.2
1282600 2471.2
1282610 2476.0
1282620 2479.9
1282630 2479.9
1282640 2482.7
1282650 2484.0
1282660 2485.5
1282670 2485.5
1282680 2486.8
1282690 2488.8
1282700 2488.8
1282710 2490.5
1282720 2491.2
1282730 2491.2
1282740 2491.7
1282750 2493.5
1282760 2493.5
1282770 2496.3
1282780 2497.9
1282790 2497.9
1282800 2499.5
1282810 2501.5
1282820 2501.5
1282830 2503.7
1282840 2507.1
1282850 2507.1
1282860 2510.6
1282870 2514.1
1282880 2514.1
1282890 2516.9
1282900 2520.2
1282910 2524.3
1282920 2524.3
1282930 2528.9
1282940 2534.0
1282950 2534.0
1282960 2539.9
1282970 2545.7
1282980 2545.7
1282990 2551.5
1283000 2557.3
1283010 2557.3
1283020 2564.1
1283030 2570.6
1283040 2570.6
1283050 2576.6
1283060 2582.1
1283070 2582.1
1283080 2587.8
1283090 2594.2
1283100 2594.2
1283110 2600.9
1283120 2606.8
1283130 2606.8
1283140 2612.2
1283150 2617.3
1283160 2621.7
1283170 2621.7
1283180 2626.3
1283190 2631.4
1283200 2631.4
1283210 2635.7
1283220 2644.8
1283230 2644.8
1283240 2646.5
1283250 2647.1
1283260 2647.1
1283270 2647.9
1283280 2648.9
1283290 2648.9
1283300 2651.2
1283310 2651.4
1283320 2651.4
1283330 2648.1
1283340 2643.0
1283350 2643.0
1283360 2637.8
1283370 2632.7
1283380 2632.7
1283390 2628.5
1283400 2624.6
1283410 2621.2
1283420 2621.2
1283430 2618.1
1283440 2614.2
1283450 2614.2
1283460 2610.6
1283470 2607.6
1283480 2607.6
1283490 2604.2
1283500 2600.4
1283510 2600.4
1283520 2595.8
1283530 2590.1
1283540 2590.1
1283550 2583.2
1283560 2576.3
1283570 2576.3
1283580 2569.3
1283590 2561.6
1283600 2561.6
1283610 2555.0
1283620 2549.1
1283630 2549.1
1283640 2543.0
1283650 2535.0
1283660 2527.0
1283670 2527.0
1283680 2519.5
1283690 2510.7
1283700 2510.7
1283710 2502.9
1283720 2496.9
1283730 2496.9
1283740 2492.1
1283750 2487.4
1283760 2487.4
1283770 2482.7
1283780 2476.0
1283790 2476.0
1283800 2464.5
1283810 2452.3
1283820 2452.3
1283830 2443.4
1283840 2437.5
1283850 2428.3
1283860 2423.0
1283870 2417.0
1283880 2417.0
1283890 2405.4
1283900 2390.8
1283910 2375.6
1283920 2375.6
1283930 2358.6
1283940 2346.6
1283950 2346.6
1283960 2338.2
1283970 2330.0
1283980 2330.0
1283990 2322.2
1284000 2314.1
1284010 2314.1
1284020 2306.2
1284030 2298.9
1284040 2298.9
1284050 2292.4
1284060 2286.2
1284070 2286.2
1284080 2280.1
1284090 2273.7
1284100 2273.7
1284110 2267.6
1284120 2262.1
1284130 2262.1
1284140 2257.3
1284150 2253.4
1284160 2250.3
1284170 2250.3
1284180 2246.6
1284190 2239.8
1284200 2239.8
1284210 2227.2
1284220 2213.8
1284230 2213.8
1284240 2204.0
1284250 2199.2
1284260 2199.2
1284270 2193.8
1284280 2188.2
1284290 2188.2
1284300 2182.7
1284310 2177.4
1284320 2177.4
1284330 2172.4
1284340 2167.5
1284350 2167.5
1284360 2162.6
1284370 2157.9
1284380 2157.9
1284390 2152.7
1284400 2147.8
1284410 2143.3
1284420 2143.3
1284430 2139.1
1284440 2134.9
1284450 2134.9
1284460 2130.4
1284470 2125.7
1284480 2129.4
1284490 2125.5
1284500 2120.6
1284510 2120.6
1284520 2114.2
1284530 2110.4
1284540 2110.4
1284550 2106.7
1284560 2102.1
1284570 2102.1
1284580 2096.8
1284590 2091.2
1284600 2091.2
1284610 2085.2
1284620 2081.2
1284630 2078.8
1284640 2078.8
1284650 2078.4
1284660 2080.1
1284670 2080.1
1284680 2081.9
1284690 2082.2
1284700 2082.2
1284710 2081.0
1284720 2078.4
1284730 2078.4
1284740 2074.2
1284750 2068.5
1284760 2068.5
1284770 2061.6
1284780 2054.5
1284790 2054.5
1284800 2047.6
1284810 2040.8
1284820 2040.8
1284830 2034.2
1284840 2027.7
1284850 2027.7
1284860 2021.5
1284870 2015.4
1284880 2009.5
1284890 2009.5
1284900 2004.0
1284910 1998.8
1284920 1998.8
1284930 1993.9
1284940 1986.0
1284950 1986.0
1284960 1963.7
1284970 1946.0
1284980 1946.0
1284990 1942.8
1285000 1943.3
1285010 1943.3
1285020 1947.1
1285030 1947.0
1285040 1947.0
1285050 1945.6
1285060 1939.5
1285070 1939.5
1285080 1932.8
1285090 1924.3
1285100 1924.3
1285110 1917.3
1285120 1913.1
1285130 1896.5
1285140 1896.5
1285150 1873.3
1285160 1863.8
1285170 1863.8
1285180 1855.4
1285190 1846.9
1285200 1846.9
1285210 1839.4
1285220 1832.1
1285230 1832.1
1285240 1824.1
1285250 1815.9
1285260 1815.9
1285270 1809.0
1285280 1806.4
1285290 1806.4
1285300 1804.4
1285310 1785.7
1285320 1785.7
1285330 1769.1
1285340 1749.7
1285350 1749.7
1285360 1734.6
1285370 1724.2
1285380 1717.9
1285390 1717.9
1285400 1710.7
1285410 1703.7
1285420 1703.7
1285430 1696.7
1285440 1689.3
1285450 1689.3
1285460 1682.4
1285470 1675.3
1285480 1675.3
1285490 1668.2
1285500 1660.7
1285510 1660.7
1285520 1654.2
1285530 1647.6
1285540 1647.6
1285550 1641.0
1285560 1634.9
1285570 1634.9
1285580 1628.7
1285590 1622.8
1285600 1622.8
1285610 1617.2
1285620 1612.4
1285630 1607.8
1285640 1607.8
1285650 1602.9
1285660 1598.2
1285670 1598.2
1285680 1594.0
1285690 1589.6
1285700 1589.6
1285710 1585.3
1285720 1582.1
1285730 1582.1
1285740 1579.6
1285750 1576.1
1285760 1577.2
1285770 1574.4
1285780 1571.3
1285790 1571.3
1285800 1568.4
1285810 1565.9
1285820 1565.9
1285830 1563.3
1285840 1560.5
1285850 1560.5
1285860 1557.8
1285870 1555.1
1285880 1553.0
1285890 1553.0
1285900 1552.2
1285910 1552.2
1285920 1552.2
1285930 1552.3
1285940 1554.3
1285950 1554.3
1285960 1554.6
1285970 1555.3
1285980 1555.3
1285990 1557.7
1286000 1560.5
1286010 1560.5
1286020 1563.1
1286030 1565.5
1286040 1565.5
1286050 1567.8
1286060 1570.2
1286070 1570.2
1286080 1572.4
1286090 1573.7
1286100 1573.7
1286110 1575.7
1286120 1578.3
1286130 1582.9
1286140 1582.9
1286150 1586.9
1286160 1590.6
1286170 1590.6
1286180 1594.0
1286190 1600.5
1286200 1600.5
1286210 1608.0
1286220 1613.4
1286230 1613.4
1286240 1617.7
1286250 1621.9
1286260 1621.9
1286270 1626.8
1286280 1632.0
1286290 1632.0
1286300 1637.4
1286310 1642.8
1286320 1642.8
1286330 1647.9
1286340 1653.6
1286350 1653.6
1286360 1660.4
1286370 1665.5
1286380 1668.5
1286390 1668.5
1286400 1671.6
1286410 1678.1
1286420 1678.1
1286430 1684.9
1286440 1690.8
1286450 1690.8
1286460 1694.5
1286470 1698.3
1286480 1698.3
1286490 1702.6
1286500 1706.9
1286510 1706.9
1286520 1711.0
1286530 1715.0
1286540 1715.0
1286550 1719.1
1286560 1722.6
1286570 1722.6
1286580 1725.6
1286590 1728.4
1286600 1728.4
1286610 1731.7
1286620 1736.1
1286630 1739.7
1286640 1739.7
1286650 1742.5
1286660 1746.6
1286670 1746.6
1286680 1750.7
1286690 1755.0
1286700 1755.0
1286710 1757.7
1286720 1759.4
1286730 1759.4
1286740 1761.0
1286750 1761.9
1286760 1761.9
1286770 1763.7
1286780 1767.2
1286790 1767.2
1286800 1771.2
1286810 1775.0
1286820 1775.0
1286830 1778.6
1286840 1782.6
1286850 1782.6
1286860 1786.6
1286870 1789.9
1286880 1793.2
1286890 1793.2
1286900 1796.3
1286910 1799.2
1286920 1799.2
1286930 1802.0
1286940 1804.3
1286950 1804.3
1286960 1806.0
1286970 1807.3
1286980 1807.3
1286990 1811.0
1287000 1815.6
1287010 1815.6
1287020 1819.8
1287030 1823.7
1287040 1826.8
1287050 1832.8
1287060 1838.5
1287070 1838.5
1287080 1843.6
1287090 1847.3
1287100 1849.4
1287110 1849.4
1287120 1852.1
1287130 1855.1
1287140 1855.1
1287150 1856.8
1287160 1859.0
1287170 1859.0
1287180 1862.3
1287190 1865.7
1287200 1865.7
1287210 1868.1
1287220 1870.8
1287230 1870.8
1287240 1874.7
1287250 1878.3
1287260 1878.3
1287270 1881.7
1287280 1886.5
1287290 1886.5
1287300 1890.7
1287310 1894.7
1287320 1894.7
1287330 1899.3
1287340 1903.3
1287350 1906.7
1287360 1906.7
1287370 1910.8
1287380 1915.6
1287390 1915.6
1287400 1920.7
1287410 1925.3
1287420 1925.3
1287430 1930.0
1287440 1934.8
1287450 1934.8
1287460 1940.9
1287470 1947.8
1287480 1947.8
1287490 1953.3
1287500 1958.1
1287510 1958.1
1287520 1963.0
1287530 1966.5
1287540 1966.5
1287550 1969.8
1287560 1974.7
1287570 1974.7
1287580 1982.3
1287590 1989.2
1287600 1994.2
1287610 1994.2
1287620 1997.1
1287630 1998.2
1287640 1998.2
1287650 2001.4
1287660 2004.5
1287670 2004.5
1287680 2007.9
1287690 2013.7
1287700 2013.7
1287710 2019.8
1287720 2027.0
1287730 2027.0
1287740 2034.1
1287750 2039.3
1287760 2039.3
1287770 2043.6
1287780 2047.3
1287790 2047.3
1287800 2050.9
1287810 2055.1
1287820 2055.1
1287830 2059.3
1287840 2063.8
1287850 2070.3
1287860 2070.3
1287870 2075.1
1287880 2081.4
1287890 2081.4
1287900 2087.4
1287910 2092.1
1287920 2092.1
1287930 2096.6
1287940 2102.2
1287950 2102.2
1287960 2108.8
1287970 2112.7
1287980 2112.7
1287990 2116.9
1288000 2120.5
1288010 2120.5
1288020 2125.5
1288030 2132.1
1288040 2132.1
1288050 2139.1
1288060 2144.2
1288070 2144.2
1288080 2149.0
1288090 2151.5
1288100 2155.5
1288110 2155.5
1288120 2159.2
1288130 2162.4
1288140 2162.4
1288150 2165.3
1288160 2167.4
1288170 2167.4
1288180 2168.0
1288190 2168.8
1288200 2168.8
1288210 2170.4
1288220 2173.5
1288230 2173.5
1288240 2177.0
1288250 2180.8
1288260 2180.8
1288270 2185.0
1288280 2189.2
1288290 2189.2
1288300 2193.6
1288310 2196.4
1288320 2196.4
1288330 2196.6
1288340 2195.8
1288350 2194.9
1288360 2194.9
1288370 2196.5
1288380 2199.1
1288390 2199.1
1288400 2201.8
1288410 2204.0
1288420 2204.0
1288430 2206.6
1288440 2211.8
1288450 2211.8
1288460 2216.9
1288470 2222.2
1288480 2222.2
1288490 2227.9
1288500 2234.7
1288510 2234.7
1288520 2241.2
1288530 2247.5
1288540 2247.5
1288550 2253.6
1288560 2259.5
1288570 2259.5
1288580 2265.7
1288590 2272.6
1288600 2278.8
1288610 2278.8
1288620 2285.4
1288630 2291.4
1288640 2291.4
1288650 2296.4
1288660 2302.4
1288670 2302.4
1288680 2307.8
1288690 2312.3
1288700 2312.3
1288710 2317.6
1288720 2323.9
1288730 2323.9
1288740 2329.3
1288750 2333.7
1288760 2333.7
1288770 2337.9
1288780 2342.5
1288790 2342.5
1288800 2347.7
1288810 2353.6
1288820 2353.6
1288830 2360.1
1288840 2366.2
1288850 2373.6
1288860 2373.6
1288870 2379.8
1288880 2384.4
1288890 2384.4
1288900 2389.4
1288910 2394.2
1288920 2394.2
1288930 2398.7
1288940 2402.8
1288950 2402.8
1288960 2404.9
1288970 2407.3
1288980 2408.2
1288990 2412.6
1289000 2417.5
1289010 2417.5
1289020 2421.5
1289030 2423.4
1289040 2423.4
1289050 2427.1
1289060 2431.5
1289070 2431.5
1289080 2435.6
1289090 2440.7
1289100 2445.2
1289110 2445.2
1289120 2449.9
1289130 2454.1
1289140 2454.1
1289150 2458.1
1289160 2460.3
1289170 2460.3
1289180 2462.3
1289190 2464.1
1289200 2464.1
1289210 2464.4
1289220 2465.5
1289230 2465.5
1289240 2463.3
1289250 2458.9
1289260 2458.9
1289270 2463.2
1289280 2468.9
1289290 2468.9
1289300 2475.3
1289310 2481.9
1289320 2481.9
1289330 2486.9
1289340 2490.9
1289350 2493.6
1289360 2493.6
1289370 2492.9
1289380 2492.3
1289390 2492.3
1289400 2490.8
1289410 2491.4
1289420 2491.4
1289430 2496.2
1289440 2502.5
1289450 2502.5
1289460 2509.3
1289470 2515.3
1289480 2515.3
1289490 2521.4
1289500 2526.0
1289510 2526.0
1289520 2526.5
1289530 2521.9
1289540 2521.9
1289550 2514.4
1289560 2508.2
1289570 2503.1
1289580 2503.1
1289590 2498.5
1289600 2499.2
1289610 2499.2
1289620 2497.3
1289630 2488.6
1289640 2488.6
1289650 2482.2
1289660 2477.0
1289670 2477.0
1289680 2472.0
1289690 2466.7
1289700 2466.7
1289710 2461.0
1289720 2454.2
1289730 2454.2
1289740 2445.9
1289750 2438.0
1289760 2438.0
1289770 2430.5
1289780 2422.7
1289790 2422.7
1289800 2415.7
1289810 2409.1
1289820 2402.8
1289830 2402.8
1289840 2396.6
1289850 2390.6
1289860 2390.6
1289870 2385.0
1289880 2380.0
1289890 2380.0
1289900 2374.9
1289910 2369.7
1289920 2369.7
1289930 2365.0
1289940 2360.0
1289950 2360.0
1289960 2354.8
1289970 2349.4
1289980 2349.4
1289990 2343.8
1290000 2338.0
1290010 2338.0
1290020 2332.1
1290030 2326.5
1290040 2326.5
1290050 2321.4
1290060 2316.7
1290070 2312.7
1290080 2312.7
1290090 2309.9
1290100 2307.4
1290110 2307.4
1290120 2304.7
1290130 2301.7
1290140 2301.7
1290150 2298.4
1290160 2294.8
1290170 2294.8
1290180 2291.1
1290190 2287.6
1290200 2287.6
1290210 2286.4
1290220 2286.6
1290230 2286.6
1290240 2285.8
1290250 2288.0
1290260 2288.0
1290270 2292.3
1290280 2294.9
1290290 2299.8
1290300 2302.6
1290310 2305.6
1290320 2307.3
1290330 2307.3
1290340 2309.7
1290350 2313.0
1290360 2313.0
1290370 2316.3
1290380 2318.5
1290390 2318.5
1290400 2320.6
1290410 2323.1
1290420 2323.1
1290430 2323.8
1290440 2325.2
1290450 2325.2
1290460 2326.8
1290470 2327.0
1290480 2327.0
1290490 2328.9
1290500 2332.1
1290510 2332.1
1290520 2335.4
1290530 2335.8
1290540 2335.8
1290550 2336.5
1290560 2337.8
1290570 2339.4
1290580 2339.4
1290590 2342.0
1290600 2342.8
1290610 2342.8
1290620 2344.7
1290630 2348.5
1290640 2348.5
1290650 2350.4
1290660 2351.0
1290670 2351.0
1290680 2352.2
1290690 2352.2
1290700 2352.2
1290710 2350.1
1290720 2344.8
1290730 2344.8
1290740 2347.4
1290750 2353.2
1290760 2353.2
1290770 2354.0
1290780 2345.0
1290790 2345.0
1290800 2336.7
1290810 2330.6
1290820 2329.8
1290830 2329.8
1290840 2329.0
1290850 2325.7
1290860 2325.7
1290870 2321.1
1290880 2318.7
1290890 2318.7
1290900 2317.8
1290910 2317.7
1290920 2317.7
1290930 2318.1
1290940 2321.8
1290950 2321.8
1290960 2312.9
1290970 2300.1
1290980 2300.1
1290990 2294.1
1291000 2289.4
1291010 2289.4
1291020 2287.9
1291030 2287.1
1291040 2287.1
1291050 2284.4
1291060 2281.3
1291070 2279.8
1291080 2279.8
1291090 2278.3
1291100 2277.4
1291110 2277.4
1291120 2279.6
1291130 2281.5
1291140 2281.5
1291150 2280.2
1291160 2279.5
1291170 2279.5
1291180 2278.2
1291190 2279.9
1291200 2279.9
1291210 2281.9
1291220 2284.3
1291230 2284.3
1291240 2285.4
1291250 2286.7
1291260 2286.7
1291270 2289.6
1291280 2293.2
1291290 2293.2
1291300 2297.1
1291310 2300.7
1291320 2302.7
1291330 2302.7
1291340 2304.0
1291350 2305.4
1291360 2305.4
1291370 2306.4
1291380 2306.9
1291390 2306.9
1291400 2311.2
1291410 2316.6
1291420 2316.6
1291430 2315.3
1291440 2308.3
1291450 2308.3
1291460 2299.9
1291470 2290.7
1291480 2290.7
1291490 2282.2
1291500 2274.5
1291510 2274.5
1291520 2266.7
1291530 2259.2
1291540 2259.2
1291550 2252.1
1291560 2245.2
1291570 2239.0
1291580 2239.0
1291590 2232.2
1291600 2223.2
1291610 2223.2
1291620 2215.0
1291630 2206.0
1291640 2206.0
1291650 2197.5
1291660 2189.3
1291670 2189.3
1291680 2181.5
1291690 2173.9
1291700 2173.9
1291710 2168.3
1291720 2162.3
1291730 2162.3
1291740 2154.9
1291750 2147.7
1291760 2147.7
1291770 2141.1
1291780 2134.4
1291790 2134.4
1291800 2128.3
1291810 2122.6
1291820 2117.3
1291830 2117.3
1291840 2111.9
1291850 2107.4
1291860 2107.4
1291870 2103.4
1291880 2098.3
1291890 2098.3
1291900 2093.0
1291910 2088.5
1291920 2088.5
1291930 2082.9
1291940 2075.8
1291950 2075.8
1291960 2069.3
1291970 2066.2
1291980 2066.2
1291990 2062.4
1292000 2057.6
1292010 2057.6
1292020 2053.4
1292030 2050.5
1292040 2047.3
1292050 2047.3
1292060 2043.3
1292070 2040.4
1292080 2040.4
1292090 2038.4
1292100 2037.5
1292110 2037.5
1292120 2034.9
1292130 2030.6
1292140 2030.6
1292150 2026.5
1292160 2022.9
1292170 2022.9
1292180 2018.8
1292190 2015.1
1292200 2015.1
1292210 2011.4
1292220 2007.9
1292230 2007.9
1292240 2004.8
1292250 2001.4
1292260 2001.8
1292270 1997.8
1292280 1993.9
1292290 1989.7
1292300 1989.7
1292310 1985.7
1292320 1981.9
1292330 1981.9
1292340 1978.2
1292350 1974.2
1292360 1974.2
1292370 1968.0
1292380 1961.3
1292390 1961.3
1292400 1954.7
1292410 1949.3
1292420 1949.3
1292430 1945.2
1292440 1940.7
1292450 1940.7
1292460 1935.2
1292470 1929.9
1292480 1929.9
1292490 1925.0
1292500 1920.8
1292510 1920.8
1292520 1917.0
1292530 1912.2
1292540 1906.8
1292550 1906.8
1292560 1901.2
1292570 1895.1
1292580 1895.1
1292590 1889.6
1292600 1883.9
1292610 1883.9
1292620 1878.1
1292630 1872.3
1292640 1872.3
1292650 1865.9
1292660 1859.7
1292670 1859.7
1292680 1853.7
1292690 1847.5
1292700 1847.5
1292710 1840.8
1292720 1834.6
1292730 1834.6
1292740 1829.2
1292750 1824.3
1292760 1824.3
1292770 1819.0
1292780 1813.8
1292790 1808.3
1292800 1808.3
1292810 1803.5
1292820 1798.6
1292830 1798.6
1292840 1793.6
1292850 1788.8
1292860 1788.8
1292870 1784.0
1292880 1779.5
1292890 1779.5
1292900 1774.4
1292910 1770.3
1292920 1770.3
1292930 1765.9
1292940 1760.7
1292950 1760.7
1292960 1754.6
1292970 1747.8
1292980 1747.8
1292990 1741.7
1293000 1736.2
1293010 1736.2
1293020 1730.0
1293030 1724.5
1293040 1717.5
1293050 1717.5
1293060 1712.4
1293070 1708.0
1293080 1708.0
1293090 1703.8
1293100 1700.7
1293110 1700.7
1293120 1698.2
1293130 1694.6
1293140 1694.6
1293150 1690.5
1293160 1685.9
1293170 1685.9
1293180 1681.8
1293190 1677.9
1293200 1677.9
1293210 1674.7
1293220 1671.0
1293230 1671.0
1293240 1666.3
1293250 1661.7
1293260 1661.7
1293270 1656.8
1293280 1651.6
1293290 1646.5
1293300 1646.5
1293310 1640.2
1293320 1633.1
1293330 1633.1
1293340 1626.9
1293350 1620.6
1293360 1620.6
1293370 1614.3
1293380 1608.7
1293390 1608.7
1293400 1603.4
1293410 1598.5
1293420 1598.5
1293430 1592.8
1293440 1587.1
1293450 1587.1
1293460 1581.5
1293470 1576.0
1293480 1576.0
1293490 1571.0
1293500 1564.7
1293510 1564.7
1293520 1557.6
1293530 1553.1
1293540 1548.6
1293550 1548.6
1293560 1544.3
1293570 1538.5
1293580 1538.5
1293590 1534.3
1293600 1528.2
1293610 1528.2
1293620 1521.6
1293630 1516.9
1293640 1516.9
1293650 1513.9
1293660 1510.3
1293670 1510.3
1293680 1506.9
1293690 1504.7
1293700 1504.7
1293710 1501.0
1293720 1496.7
1293730 1496.7
1293740 1492.7
1293750 1487.8
1293760 1487.8
1293770 1482.6
1293780 1476.3
1293790 1469.9
1293800 1469.9
1293810 1463.8
1293820 1457.3
1293830 1457.3
1293840 1449.2
1293850 1440.3
1293860 1440.3
1293870 1431.9
1293880 1423.2
1293890 1423.2
1293900 1415.0
1293910 1409.9
1293920 1409.9
1293930 1406.5
1293940 1405.7
1293950 1405.7
1293960 1405.2
1293970 1405.2
1293980 1405.2
1293990 1404.2
1294000 1402.8
1294010 1402.8
1294020 1404.2
1294030 1404.8
1294040 1404.4
1294050 1404.4
1294060 1404.5
1294070 1404.7
1294080 1404.7
1294090 1405.3
1294100 1406.0
1294110 1406.0
1294120 1409.5
1294130 1413.5
1294140 1413.5
1294150 1416.2
1294160 1418.0
1294170 1418.0
1294180 1419.3
1294190 1420.3
1294200 1420.3
1294210 1421.8
1294220 1424.6
1294230 1424.6
1294240 1429.5
1294250 1435.5
1294260 1439.4
1294270 1439.4
1294280 1444.2
1294290 1448.0
1294300 1448.0
1294310 1452.2
1294320 1456.6
1294330 1456.6
1294340 1461.0
1294350 1467.1
1294360 1467.1
1294370 1474.6
1294380 1482.2
1294390 1482.2
1294400 1489.0
1294410 1494.9
1294420 1494.9
1294430 1501.5
1294440 1507.2
1294450 1507.2
1294460 1512.8
1294470 1518.6
1294480 1518.6
1294490 1524.0
1294500 1528.8
1294510 1533.5
1294520 1533.5
1294530 1536.5
1294540 1539.7
1294550 1539.7
1294560 1542.8
1294570 1545.6
1294580 1545.6
1294590 1548.1
1294600 1550.2
1294610 1550.2
1294620 1552.3
1294630 1555.2
1294640 1555.2
1294650 1558.8
1294660 1562.4
1294670 1562.4
1294680 1567.7
1294690 1573.9
1294700 1573.9
1294710 1579.6
1294720 1585.1
1294730 1585.1
1294740 1590.7
1294750 1595.8
1294760 1600.9
1294770 1600.9
1294780 1605.7
1294790 1610.5
1294800 1610.5
1294810 1615.2
1294820 1620.2
1294830 1620.2
1294840 1624.0
1294850 1628.3
1294860 1628.3
1294870 1633.4
1294880 1639.6
1294890 1639.6
1294900 1646.0
1294910 1651.3
1294920 1651.3
1294930 1654.4
1294940 1660.5
1294950 1660.5
1294960 1666.4
1294970 1672.7
1294980 1672.7
1294990 1679.3
1295000 1683.8
1295010 1687.2
1295020 1687.2
1295030 1690.9
1295040 1696.1
1295050 1696.1
1295060 1704.5
1295070 1713.4
1295080 1713.4
1295090 1722.0
1295100 1728.9
1295110 1728.9
1295120 1734.7
1295130 1740.2
1295140 1740.2
1295150 1746.6
1295160 1752.7
1295170 1752.7
1295180 1758.0
1295190 1763.3
1295200 1763.3
1295210 1767.4
1295220 1770.7
1295230 1770.7
1295240 1774.2
1295250 1778.2
1295260 1782.6
1295270 1782.6
1295280 1787.1
1295290 1791.6
1295300 1791.6
1295310 1797.3
1295320 1802.5
1295330 1802.5
1295340 1807.6
1295350 1812.1
1295360 1812.1
1295370 1816.7
1295380 1822.2
1295390 1822.2
1295400 1828.4
1295410 1833.3
1295420 1833.3
1295430 1838.9
1295440 1844.6
1295450 1844.6
1295460 1850.9
1295470 1856.4
1295480 1856.4
1295490 1862.0
1295500 1866.7
1295510 1872.1
1295520 1872.1
1295530 1877.0
1295540 1880.8
1295550 1880.8
1295560 1884.2
1295570 1887.4
1295580 1887.4
1295590 1892.2
1295600 1893.4
1295610 1893.4
1295620 1899.2
1295630 1903.2
1295640 1903.2
1295650 1906.0
1295660 1909.5
1295670 1909.5
1295680 1913.3
1295690 1917.4
1295700 1917.4
1295710 1921.3
1295720 1924.8
1295730 1924.8
1295740 1927.4
1295750 1929.6
1295760 1933.2
1295770 1933.2
1295780 1937.8
1295790 1943.6
1295800 1943.6
1295810 1949.9
1295820 1953.5
1295830 1953.5
1295840 1957.6
1295850 1962.4
1295860 1962.4
1295870 1967.5
1295880 1973.4
1295890 1973.4
1295900 1979.7
1295910 1984.9
1295920 1984.9
1295930 1988.8
1295940 1992.2
1295950 1992.2
1295960 1994.9
1295970 1998.0
1295980 1998.0
1295990 2002.5
1296000 2006.9
1296010 2011.8
1296020 2011.8
1296030 2018.0
1296040 2024.4
1296050 2024.4
1296060 2030.5
1296070 2037.2
1296080 2037.2
1296090 2043.3
1296100 2046.2
1296110 2046.2
1296120 2047.0
1296130 2048.0
1296140 2048.0
1296150 2050.8
1296160 2052.9
1296170 2052.9
1296180 2054.2
1296190 2056.1
1296200 2056.1
1296210 2059.3
1296220 2062.2
1296230 2064.7
1296240 2064.7
1296250 2067.0
1296260 2070.4
1296270 2069.2
1296280 2074.3
1296290 2079.4
1296300 2079.4
1296310 2082.1
1296320 2086.2
1296330 2086.2
1296340 2090.1
1296350 2093.0
1296360 2093.0
1296370 2095.8
1296380 2098.4
1296390 2098.4
1296400 2100.6
1296410 2102.8
1296420 2102.8
1296430 2104.6
1296440 2106.4
1296450 2106.4
1296460 2107.9
1296470 2109.2
1296480 2110.7
1296490 2110.7
1296500 2112.0
1296510 2112.9
1296520 2112.9
1296530 2114.3
1296540 2115.1
1296550 2115.1
1296560 2115.9
1296570 2116.0
1296580 2116.0
1296590 2116.2
1296600 2117.0
1296610 2117.0
1296620 2118.0
1296630 2119.8
1296640 2119.8
1296650 2123.4
1296660 2127.0
1296670 2127.0
1296680 2129.9
1296690 2133.0
1296700 2133.0
1296710 2135.7
1296720 2138.1
1296730 2141.7
1296740 2141.7
1296750 2146.1
1296760 2150.3
1296770 2150.3
1296780 2152.9
1296790 2153.9
1296800 2153.9
1296810 2155.0
1296820 2155.9
1296830 2155.9
1296840 2156.9
1296850 2158.2
1296860 2158.2
1296870 2160.2
1296880 2161.4
1296890 2161.4
1296900 2162.8
1296910 2164.3
1296920 2164.3
1296930 2165.6
1296940 2167.2
1296950 2163.3
1296960 2165.5
1296970 2167.6
1296980 2169.6
1296990 2169.6
1297000 2172.2
1297010 2175.3
1297020 2175.3
1297030 2178.7
1297040 2182.0
1297050 2182.0
1297060 2184.7
1297070 2187.3
1297080 2187.3
1297090 2190.4
1297100 2194.7
1297110 2194.7
1297120 2199.2
1297130 2204.4
1297140 2204.4
1297150 2209.5
1297160 2214.0
1297170 2214.0
1297180 2217.9
1297190 2221.3
1297200 2221.3
1297210 2224.9
1297220 2228.4
1297230 2230.7
1297240 2230.7
1297250 2232.4
1297260 2232.5
1297270 2232.5
1297280 2233.2
1297290 2234.8
1297300 2234.8
1297310 2236.2
1297320 2237.4
1297330 2237.4
1297340 2238.4
1297350 2238.8
1297360 2238.8
1297370 2239.3
1297380 2241.0
1297390 2241.0
1297400 2243.1
1297410 2245.2
1297420 2245.2
1297430 2247.8
1297440 2251.9
1297450 2251.9
1297460 2255.9
1297470 2259.7
1297480 2264.1
1297490 2264.1
1297500 2268.1
1297510 2271.3
1297520 2271.3
1297530 2274.5
1297540 2274.9
1297550 2274.9
1297560 2277.0
1297570 2278.7
1297580 2278.7
1297590 2279.6
1297600 2280.3
1297610 2280.3
1297620 2280.4
1297630 2280.9
1297640 2280.9
1297650 2282.5
1297660 2285.1
1297670 2285.1
1297680 2287.5
1297690 2290.3
1297700 2290.3
1297710 2294.2
1297720 2299.5
1297730 2305.3
1297740 2305.3
1297750 2311.2
1297760 2316.6
1297770 2316.6
1297780 2321.1
1297790 2324.8
1297800 2324.8
1297810 2327.4
1297820 2330.4
1297830 2330.4
1297840 2332.2
1297850 2335.5
1297860 2335.5
1297870 2338.3
1297880 2341.6
1297890 2341.6
1297900 2344.9
1297910 2350.5
1297920 2350.5
1297930 2357.3
1297940 2364.2
1297950 2364.2
1297960 2370.6
1297970 2376.5
1297980 2382.2
1297990 2382.2
1298000 2388.6
1298010 2395.5
1298020 2395.5
1298030 2402.4
1298040 2409.4
1298050 2409.4
1298060 2416.6
1298070 2423.6
1298080 2423.6
1298090 2430.2
1298100 2436.1
1298110 2436.1
1298120 2441.6
1298130 2447.0
1298140 2447.0
1298150 2452.5
1298160 2457.0
1298170 2457.0
1298180 2459.7
1298190 2462.3
1298200 2462.3
1298210 2466.3
1298220 2472.3
1298230 2479.3
1298240 2479.3
1298250 2482.1
1298260 2483.4
1298270 2483.4
1298280 2486.5
1298290 2491.4
1298300 2491.4
1298310 2496.7
1298320 2503.3
1298330 2503.3
1298340 2508.6
1298350 2512.3
1298360 2512.3
1298370 2515.1
1298380 2517.5
1298390 2517.5
1298400 2520.9
1298410 2526.4
1298420 2526.4
1298430 2532.2
1298440 2538.7
1298450 2545.3
1298460 2545.3
1298470 2552.0
1298480 2559.0
1298490 2559.0
1298500 2565.3
1298510 2571.9
1298520 2571.9
1298530 2578.4
1298540 2583.4
1298550 2583.4
1298560 2584.5
1298570 2586.1
1298580 2586.1
1298590 2589.2
1298600 2592.2
1298610 2592.2
1298620 2594.5
1298630 2596.8
1298640 2596.8
1298650 2599.6
1298660 2601.0
1298670 2601.0
1298680 2602.8
1298690 2602.8
1298700 2600.7
1298710 2600.7
1298720 2595.8
1298730 2591.7
1298740 2591.7
1298750 2589.2
1298760 2586.1
1298770 2586.1
1298780 2579.3
1298790 2572.3
1298800 2572.3
1298810 2565.6
1298820 2559.2
1298830 2559.2
1298840 2551.4
1298850 2543.8
1298860 2543.8
1298870 2536.9
1298880 2529.0
1298890 2529.0
1298900 2519.5
1298910 2511.9
1298920 2511.9
1298930 2504.7
1298940 2496.8
1298950 2489.9
1298960 2489.9
1298970 2484.9
1298980 2479.1
1298990 2477.8
1299000 2474.1
1299010 2469.5
1299020 2469.5
1299030 2465.0
1299040 2462.6
1299050 2462.6
1299060 2457.2
1299070 2452.7
1299080 2452.7
1299090 2451.3
1299100 2446.5
1299110 2446.5
1299120 2441.1
1299130 2437.4
1299140 2437.4
1299150 2433.7
1299160 2428.9
1299170 2428.9
1299180 2424.7
1299190 2419.8
1299200 2416.5
1299210 2416.5
1299220 2412.0
1299230 2406.9
1299240 2406.9
1299250 2402.2
1299260 2395.3
1299270 2395.3
1299280 2391.3
1299290 2393.1
1299300 2393.1
1299310 2391.6
1299320 2388.8
1299330 2388.8
1299340 2386.3
1299350 2384.3
1299360 2384.3
1299370 2382.5
1299380 2378.2
1299390 2378.2
1299400 2373.1
1299410 2367.8
1299420 2367.8
1299430 2362.5
1299440 2358.9
1299450 2356.3
1299460 2356.3
1299470 2349.5
1299480 2338.0
1299490 2338.0
1299500 2327.9
1299510 2314.7
1299520 2314.7
1299530 2299.4
1299540 2289.8
1299550 2289.8
1299560 2278.5
1299570 2266.1
1299580 2266.1
1299590 2251.8
1299600 2238.8
1299610 2238.8
1299620 2229.8
1299630 2225.0
1299640 2225.0
1299650 2221.0
1299660 2220.0
1299670 2220.0
1299680 2213.4
1299690 2219.5
1299700 2218.9
1299710 2218.9
1299720 2209.3
1299730 2201.7
1299740 2201.7
1299750 2195.0
1299760 2187.5
1299770 2187.5
1299780 2179.9
1299790 2172.2
1299800 2172.2
1299810 2160.2
1299820 2146.5
1299830 2146.5
1299840 2135.8
1299850 2123.3
1299860 2123.3
1299870 2113.8
1299880 2105.3
1299890 2105.3
1299900 2097.1
1299910 2089.5
1299920 2089.5
1299930 2078.5
1299940 2067.2
1299950 2056.9
1299960 2056.9
1299970 2046.9
1299980 2037.9
1299990 2037.9
