1280000 2167.2
1280010 2167.0
1280020 2163.7
1280030 2163.7
1280040 2163.4
1280050 2162.5
1280060 2162.5
1280070 2161.0
1280080 2159.2
1280090 2159.2
1280100 2157.1
1280110 2155.8
1280120 2155.8
1280130 2155.8
1280140 2158.6
1280150 2163.6
1280160 2163.6
1280170 2168.7
1280180 2173.2
1280190 2173.2
1280200 2173.5
1280210 2172.6
1280220 2172.6
1280230 2175.3
1280240 2178.4
1280250 2178.4
1280260 2179.0
1280270 2178.9
1280280 2178.9
1280290 2177.4
1280300 2175.8
1280310 2175.8
1280320 2172.6
1280330 2169.9
1280340 2169.9
1280350 2168.5
1280360 2167.2
1280370 2167.2
1280380 2167.6
1280390 2167.9
1280400 2168.2
1280410 2168.2
1280420 2169.4
1280430 2171.3
1280440 2171.3
1280450 2173.1
1280460 2174.8
1280470 2174.8
1280480 2175.7
1280490 2178.3
1280500 2178.3
1280510 2181.9
1280520 2185.3
1280530 2185.3
1280540 2189.8
1280550 2194.2
1280560 2194.2
1280570 2197.4
1280580 2201.0
1280590 2201.0
1280600 2194.0
1280610 2196.5
1280620 2196.5
1280630 2195.8
1280640 2196.3
1280650 2197.6
1280660 2197.6
1280670 2199.3
1280680 2201.1
1280690 2201.1
1280700 2203.5
1280710 2205.9
1280720 2205.9
1280730 2207.7
1280740 2208.7
1280750 2208.7
1280760 2206.3
1280770 2206.7
1280780 2206.7
1280790 2208.3
1280800 2210.6
1280810 2210.6
1280820 2212.9
1280830 2215.0
1280840 2215.0
1280850 2216.3
1280860 2217.9
1280870 2217.9
1280880 2221.0
1280890 2225.5
1280900 2230.7
1280910 2230.7
1280920 2235.8
1280930 2240.0
1280940 2240.0
1280950 2243.8
1280960 2248.7
1280970 2248.7
1280980 2254.4
1280990 2259.1
1281000 2259.1
1281010 2261.3
1281020 2263.9
1281030 2263.9
1281040 2266.8
1281050 2268.5
1281060 2268.5
1281070 2273.4
1281080 2278.6
1281090 2278.6
1281100 2282.9
1281110 2285.0
1281120 2285.0
1281130 2287.2
1281140 2283.3
1281150 2279.8
1281160 2279.8
1281170 2282.1
1281180 2284.8
1281190 2284.8
1281200 2284.2
1281210 2284.7
1281220 2284.7
1281230 2278.5
1281240 2279.8
1281250 2279.8
1281260 2281.3
1281270 2283.8
1281280 2283.8
1281290 2286.4
1281300 2289.5
1281310 2289.5
1281320 2293.2
1281330 2297.6
1281340 2297.6
1281350 2302.0
1281360 2306.2
1281370 2306.2
1281380 2312.2
1281390 2319.4
1281400 2325.3
1281410 2325.3
1281420 2330.4
1281430 2335.4
1281440 2335.4
1281450 2340.7
1281460 2345.9
1281470 2345.9
1281480 2352.0
1281490 2358.1
1281500 2358.1
1281510 2364.5
1281520 2371.7
1281530 2371.7
1281540 2377.8
1281550 2383.4
1281560 2383.4
1281570 2390.5
1281580 2396.7
1281590 2396.7
1281600 2401.8
1281610 2406.5
1281620 2406.5
1281630 2412.0
1281640 2415.7
1281650 2419.1
1281660 2419.1
1281670 2423.7
1281680 2430.6
1281690 2430.6
1281700 2437.3
1281710 2441.4
1281720 2441.4
1281730 2440.6
1281740 2440.6
1281750 2440.6
1281760 2436.9
1281770 2433.1
1281780 2433.1
1281790 2435.6
1281800 2440.2
1281810 2440.2
1281820 2443.7
1281830 2446.3
1281840 2446.3
1281850 2439.1
1281860 2440.2
1281870 2440.2
1281880 2439.6
1281890 2440.8
1281900 2443.2
1281910 2443.2
1281920 2445.3
1281930 2447.7
1281940 2447.7
1281950 2450.8
1281960 2452.9
1281970 2452.9
1281980 2454.5
1281990 2456.3
1282000 2456.3
1282010 2458.7
1282020 2460.1
1282030 2460.1
1282040 2460.5
1282050 2461.0
1282060 2461.0
1282070 2462.6
1282080 2463.1
1282090 2463.1
1282100 2465.3
1282110 2466.8
1282120 2466.8
1282130 2469.1
1282140 2477.1
1282150 2483.1
1282160 2483.1
1282170 2486.6
1282180 2489.9
1282190 2489.9
1282200 2492.7
1282210 2497.6
1282220 2497.6
1282230 2506.8
1282240 2513.1
1282250 2513.1
1282260 2520.0
1282270 2519.5
1282280 2519.5
1282290 2517.6
1282300 2515.1
1282310 2515.1
1282320 2514.9
1282330 2514.9
1282340 2514.9
1282350 2515.8
1282360 2518.0
1282370 2518.0
1282380 2521.1
1282390 2523.0
1282400 2521.5
1282410 2521.5
1282420 2520.0
1282430 2523.0
1282440 2523.0
1282450 2525.4
1282460 2527.2
1282470 2527.2
1282480 2533.0
1282490 2534.1
1282500 2534.1
1282510 2535.6
1282520 2537.0
1282530 2537.0
1282540 2537.5
1282550 2537.3
1282560 2537.3
1282570 2538.2
1282580 2539.3
1282590 2539.3
1282600 2541.5
1282610 2544.1
1282620 2544.1
1282630 2544.9
1282640 2543.9
1282650 2543.3
1282660 2543.3
1282670 2543.8
1282680 2545.1
1282690 2545.1
1282700 2545.9
1282710 2545.6
1282720 2545.6
1282730 2545.3
1282740 2544.2
1282750 2544.2
1282760 2542.0
1282770 2540.0
1282780 2540.0
1282790 2539.5
1282800 2539.0
1282810 2539.0
1282820 2538.7
1282830 2539.1
1282840 2539.1
1282850 2540.1
1282860 2540.7
1282870 2540.7
1282880 2541.3
1282890 2541.4
1282900 2541.7
1282910 2541.7
1282920 2542.5
1282930 2543.1
1282940 2543.1
1282950 2544.0
1282960 2544.8
1282970 2544.8
1282980 2545.3
1282990 2545.1
1283000 2545.1
1283010 2544.7
1283020 2543.9
1283030 2543.9
1283040 2541.5
1283050 2539.0
1283060 2539.0
1283070 2535.9
1283080 2532.0
1283090 2532.0
1283100 2528.5
1283110 2530.6
1283120 2530.6
1283130 2526.6
1283140 2522.4
1283150 2520.0
1283160 2520.0
1283170 2517.3
1283180 2515.9
1283190 2515.9
1283200 2517.3
1283210 2520.1
1283220 2520.1
1283230 2523.4
1283240 2526.4
1283250 2526.4
1283260 2530.6
1283270 2533.9
1283280 2533.9
1283290 2535.4
1283300 2535.2
1283310 2535.2
1283320 2533.5
1283330 2531.2
1283340 2531.2
1283350 2528.6
1283360 2527.5
1283370 2527.5
1283380 2528.6
1283390 2530.2
1283400 2530.8
1283410 2530.8
1283420 2530.2
1283430 2529.3
1283440 2529.3
1283450 2527.6
1283460 2525.7
1283470 2525.7
1283480 2523.7
1283490 2521.8
1283500 2521.8
1283510 2520.8
1283520 2517.3
1283530 2517.3
1283540 2513.2
1283550 2510.5
1283560 2510.5
1283570 2506.6
1283580 2501.2
1283590 2501.2
1283600 2496.3
1283610 2490.6
1283620 2485.0
1283630 2485.0
1283640 2481.2
1283650 2477.3
1283660 2477.3
1283670 2473.5
1283680 2470.8
1283690 2470.8
1283700 2467.8
1283710 2465.4
1283720 2465.4
1283730 2462.9
1283740 2465.2
1283750 2465.2
1283760 2463.6
1283770 2461.9
1283780 2461.9
1283790 2458.6
1283800 2452.8
1283810 2452.8
1283820 2447.7
1283830 2444.6
1283840 2444.6
1283850 2440.9
1283860 2436.1
1283870 2430.4
1283880 2430.4
1283890 2424.7
1283900 2421.4
1283910 2421.4
1283920 2418.8
1283930 2416.1
1283940 2416.1
1283950 2414.5
1283960 2412.5
1283970 2412.5
1283980 2410.3
1283990 2407.7
1284000 2407.7
1284010 2404.2
1284020 2399.1
1284030 2399.1
1284040 2395.7
1284050 2392.1
1284060 2392.1
1284070 2386.3
1284080 2379.1
1284090 2379.1
1284100 2371.5
1284110 2363.1
1284120 2355.5
1284130 2355.5
1284140 2348.5
1284150 2342.2
1284160 2342.2
1284170 2335.5
1284180 2328.3
1284190 2328.3
1284200 2320.9
1284210 2314.4
1284220 2314.4
1284230 2308.6
1284240 2302.4
1284250 2302.4
1284260 2297.3
1284270 2291.0
1284280 2291.0
1284290 2284.0
1284300 2277.2
1284310 2277.2
1284320 2268.7
1284330 2259.6
1284340 2259.6
1284350 2253.3
1284360 2247.9
1284370 2244.5
1284380 2235.5
1284390 2232.1
1284400 2224.8
1284410 2224.8
1284420 2215.8
1284430 2200.8
1284440 2200.8
1284450 2185.4
1284460 2166.6
1284470 2166.6
1284480 2155.0
1284490 2146.9
1284500 2146.9
1284510 2138.5
1284520 2130.3
1284530 2130.3
1284540 2121.4
1284550 2115.5
1284560 2115.5
1284570 2109.6
1284580 2097.9
1284590 2097.9
1284600 2089.9
1284610 2084.6
1284620 2079.5
1284630 2079.5
1284640 2072.8
1284650 2065.5
1284660 2065.5
1284670 2057.8
1284680 2049.8
1284690 2049.8
1284700 2041.9
1284710 2034.3
1284720 2034.3
1284730 2026.6
1284740 2019.2
1284750 2019.2
1284760 2012.9
1284770 2007.4
1284780 2007.4
1284790 2000.6
1284800 1992.5
1284810 1992.5
1284820 1984.5
1284830 1977.6
1284840 1977.6
1284850 1972.4
1284860 1967.9
1284870 1963.8
1284880 1963.8
1284890 1960.3
1284900 1956.2
1284910 1956.2
1284920 1951.6
1284930 1946.0
1284940 1946.0
1284950 1938.6
1284960 1929.6
1284970 1929.6
1284980 1921.9
1284990 1918.3
1285000 1918.3
1285010 1905.7
1285020 1896.8
1285030 1896.8
1285040 1890.5
1285050 1880.1
1285060 1880.1
1285070 1875.5
1285080 1872.0
1285090 1872.0
1285100 1863.2
1285110 1850.2
1285120 1841.1
1285130 1841.1
1285140 1838.1
1285150 1836.0
1285160 1836.0
1285170 1831.4
1285180 1831.1
1285190 1831.1
1285200 1830.9
1285210 1829.4
1285220 1829.4
1285230 1815.6
1285240 1782.6
1285250 1782.6
1285260 1758.0
1285270 1746.0
1285280 1746.0
1285290 1736.1
1285300 1724.3
1285310 1724.3
1285320 1712.7
1285330 1703.0
1285340 1703.0
1285350 1694.8
1285360 1686.3
1285370 1677.2
1285380 1677.2
1285390 1667.4
1285400 1658.6
1285410 1658.6
1285420 1651.8
1285430 1646.0
1285440 1646.0
1285450 1640.4
1285460 1634.2
1285470 1634.2
1285480 1628.3
1285490 1622.3
1285500 1622.3
1285510 1616.3
1285520 1610.3
1285530 1610.3
1285540 1604.6
1285550 1598.9
1285560 1598.9
1285570 1593.2
1285580 1587.5
1285590 1587.5
1285600 1582.3
1285610 1577.2
1285620 1572.0
1285630 1572.0
1285640 1566.8
1285650 1563.1
1285660 1563.1
1285670 1557.8
1285680 1552.7
1285690 1552.7
1285700 1547.6
1285710 1542.7
1285720 1542.7
1285730 1538.3
1285740 1533.8
1285750 1533.8
1285760 1529.2
1285770 1526.4
1285780 1526.4
1285790 1524.6
1285800 1522.2
1285810 1522.2
1285820 1520.6
1285830 1519.1
1285840 1519.1
1285850 1512.7
1285860 1505.9
1285870 1505.3
1285880 1505.3
1285890 1507.3
1285900 1510.5
1285910 1510.5
1285920 1518.1
1285930 1525.2
1285940 1525.2
1285950 1532.1
1285960 1541.9
1285970 1541.9
1285980 1550.6
1285990 1557.5
1286000 1557.5
1286010 1565.8
1286020 1572.4
1286030 1572.4
1286040 1576.2
1286050 1579.3
1286060 1579.3
1286070 1582.1
1286080 1585.2
1286090 1585.2
1286100 1586.9
1286110 1588.5
1286120 1590.4
1286130 1590.4
1286140 1592.5
1286150 1593.8
1286160 1593.8
1286170 1595.8
1286180 1598.3
1286190 1598.3
1286200 1600.8
1286210 1603.2
1286220 1603.2
1286230 1605.8
1286240 1608.7
1286250 1608.7
1286260 1611.7
1286270 1614.6
1286280 1614.6
1286290 1618.1
1286300 1620.4
1286310 1620.4
1286320 1621.9
1286330 1623.1
1286340 1623.1
1286350 1624.4
1286360 1624.2
1286370 1623.5
1286380 1623.5
1286390 1623.5
1286400 1625.0
1286410 1625.0
1286420 1628.8
1286430 1633.3
1286440 1633.3
1286450 1636.3
1286460 1640.6
1286470 1640.6
1286480 1647.2
1286490 1652.5
1286500 1652.5
1286510 1658.6
1286520 1665.4
1286530 1665.4
1286540 1673.7
1286550 1679.6
1286560 1679.6
1286570 1680.4
1286580 1681.7
1286590 1681.7
1286600 1684.6
1286610 1687.5
1286620 1689.9
1286630 1689.9
1286640 1691.8
1286650 1693.0
1286660 1693.0
1286670 1693.9
1286680 1694.4
1286690 1694.4
1286700 1694.4
1286710 1696.8
1286720 1696.8
1286730 1702.7
1286740 1709.2
1286750 1709.2
1286760 1713.5
1286770 1717.0
1286780 1717.0
1286790 1721.6
1286800 1726.4
1286810 1726.4
1286820 1731.5
1286830 1737.3
1286840 1744.1
1286850 1744.1
1286860 1751.0
1286870 1755.8
1286880 1755.8
1286890 1760.5
1286900 1764.9
1286910 1764.9
1286920 1768.5
1286930 1773.1
1286940 1773.1
1286950 1778.1
1286960 1782.5
1286970 1782.5
1286980 1788.0
1286990 1792.8
1287000 1792.8
1287010 1795.1
1287020 1798.6
1287030 1798.6
1287040 1802.4
1287050 1806.1
1287060 1806.1
1287070 1809.9
1287080 1814.6
1287090 1819.6
1287100 1819.6
1287110 1823.6
1287120 1826.9
1287130 1826.9
1287140 1829.8
1287150 1833.8
1287160 1833.8
1287170 1839.8
1287180 1845.7
1287190 1845.7
1287200 1850.9
1287210 1856.0
1287220 1856.0
1287230 1860.7
1287240 1864.2
1287250 1864.2
1287260 1867.2
1287270 1869.5
1287280 1869.5
1287290 1872.6
1287300 1876.1
1287310 1876.1
1287320 1880.6
1287330 1885.4
1287340 1890.0
1287350 1890.0
1287360 1895.1
1287370 1900.2
1287380 1900.2
1287390 1904.5
1287400 1908.3
1287410 1908.3
1287420 1910.8
1287430 1912.5
1287440 1912.5
1287450 1914.3
1287460 1916.5
1287470 1916.5
1287480 1920.5
1287490 1926.1
1287500 1926.1
1287510 1930.5
1287520 1933.6
1287530 1933.6
1287540 1937.5
1287550 1941.7
1287560 1941.7
1287570 1945.1
1287580 1951.7
1287590 1956.4
1287600 1956.4
1287610 1962.1
1287620 1967.2
1287630 1967.2
1287640 1972.4
1287650 1978.6
1287660 1978.6
1287670 1985.5
1287680 1991.2
1287690 1991.2
1287700 1993.7
1287710 1995.6
1287720 1995.6
1287730 1998.7
1287740 2004.9
1287750 2004.9
1287760 2011.4
1287770 2017.5
1287780 2017.5
1287790 2023.1
1287800 2030.4
1287810 2030.4
1287820 2034.8
1287830 2042.4
1287840 2051.1
1287850 2051.1
1287860 2056.7
1287870 2060.6
1287880 2060.6
1287890 2064.7
1287900 2069.1
1287910 2069.1
1287920 2073.5
1287930 2076.9
1287940 2076.9
1287950 2081.9
1287960 2087.4
1287970 2087.4
1287980 2091.4
1287990 2094.8
1288000 2094.8
1288010 2096.9
1288020 2096.5
1288030 2096.5
1288040 2096.0
1288050 2096.9
1288060 2096.9
1288070 2099.9
1288080 2102.7
1288090 2105.5
1288100 2105.5
1288110 2108.3
1288120 2109.2
1288130 2109.2
1288140 2110.5
1288150 2113.1
1288160 2113.1
1288170 2116.0
1288180 2119.7
1288190 2119.7
1288200 2123.9
1288210 2129.0
1288220 2129.0
1288230 2133.5
1288240 2140.3
1288250 2140.3
1288260 2146.6
1288270 2153.3
1288280 2153.3
1288290 2161.0
1288300 2167.5
1288310 2167.5
1288320 2173.1
1288330 2177.8
1288340 2182.3
1288350 2182.3
1288360 2187.6
1288370 2193.2
1288380 2193.2
1288390 2198.9
1288400 2204.7
1288410 2204.7
1288420 2210.3
1288430 2215.6
1288440 2215.6
1288450 2220.5
1288460 2224.2
1288470 2224.2
1288480 2226.8
1288490 2229.9
1288500 2229.9
1288510 2234.8
1288520 2240.0
1288530 2240.0
1288540 2245.1
1288550 2248.9
1288560 2248.9
1288570 2252.4
1288580 2255.1
1288590 2257.2
1288600 2257.2
1288610 2258.5
1288620 2260.3
1288630 2260.3
1288640 2263.9
1288650 2267.7
1288660 2267.7
1288670 2272.4
1288680 2278.6
1288690 2278.6
1288700 2284.3
1288710 2290.1
1288720 2290.1
1288730 2296.6
1288740 2302.7
1288750 2302.7
1288760 2309.0
1288770 2314.7
1288780 2314.7
1288790 2319.2
1288800 2323.4
1288810 2323.4
1288820 2328.3
1288830 2331.4
1288840 2333.6
1288850 2333.6
1288860 2337.0
1288870 2339.7
1288880 2341.9
1288890 2344.1
1288900 2347.3
1288910 2347.3
1288920 2350.5
1288930 2351.1
1288940 2351.1
1288950 2355.7
1288960 2361.1
1288970 2361.1
1288980 2365.2
1288990 2368.5
1289000 2368.5
1289010 2372.2
1289020 2376.1
1289030 2376.1
1289040 2379.8
1289050 2384.4
1289060 2384.4
1289070 2390.3
1289080 2394.1
1289090 2394.6
1289100 2394.6
1289110 2397.0
1289120 2400.0
1289130 2400.0
1289140 2402.6
1289150 2405.8
1289160 2405.8
1289170 2408.8
1289180 2413.9
1289190 2413.9
1289200 2419.6
1289210 2425.0
1289220 2425.0
1289230 2431.4
1289240 2438.5
1289250 2438.5
1289260 2443.5
1289270 2448.0
1289280 2448.0
1289290 2452.1
1289300 2455.3
1289310 2455.3
1289320 2459.2
1289330 2463.3
1289340 2467.6
1289350 2467.6
1289360 2475.3
1289370 2481.7
1289380 2481.7
1289390 2485.3
1289400 2488.9
1289410 2488.9
1289420 2491.7
1289430 2494.5
1289440 2494.5
1289450 2498.8
1289460 2502.9
1289470 2502.9
1289480 2507.8
1289490 2513.2
1289500 2513.2
1289510 2519.4
1289520 2523.9
1289530 2522.4
1289540 2527.9
1289550 2534.3
1289560 2534.3
1289570 2540.5
1289580 2546.0
1289590 2551.6
1289600 2551.6
1289610 2561.4
1289620 2573.7
1289630 2573.7
1289640 2582.0
1289650 2585.4
1289660 2585.4
1289670 2581.7
1289680 2572.9
1289690 2572.9
1289700 2565.6
1289710 2561.9
1289720 2561.9
1289730 2558.1
1289740 2553.0
1289750 2553.0
1289760 2546.4
1289770 2536.5
1289780 2536.5
1289790 2527.7
1289800 2519.0
1289810 2519.0
1289820 2508.1
1289830 2498.8
1289840 2488.5
1289850 2488.5
1289860 2480.1
1289870 2465.3
1289880 2465.3
1289890 2446.5
1289900 2436.6
1289910 2436.6
1289920 2429.0
1289930 2415.2
1289940 2415.2
1289950 2396.3
1289960 2383.9
1289970 2383.9
1289980 2376.2
1289990 2369.5
1290000 2369.5
1290010 2366.0
1290020 2365.0
1290030 2365.0
1290040 2365.9
1290050 2368.0
1290060 2370.1
1290070 2370.1
1290080 2371.6
1290090 2373.1
1290100 2373.1
1290110 2373.6
1290120 2371.9
1290130 2371.9
1290140 2368.6
1290150 2364.7
1290160 2364.7
1290170 2364.8
1290180 2370.2
1290190 2370.2
1290200 2365.9
1290210 2359.3
1290220 2359.3
1290230 2352.1
1290240 2343.6
1290250 2343.6
1290260 2328.8
1290270 2318.9
1290280 2318.9
1290290 2308.6
1290300 2300.1
1290310 2289.8
1290320 2289.8
1290330 2273.1
1290340 2260.9
1290350 2260.9
1290360 2253.0
1290370 2246.4
1290380 2246.4
1290390 2239.9
1290400 2234.0
1290410 2234.0
1290420 2229.6
1290430 2226.0
1290440 2226.0
1290450 2221.9
1290460 2216.8
1290470 2216.8
1290480 2212.6
1290490 2211.4
1290500 2211.4
1290510 2209.1
1290520 2210.5
1290530 2210.5
1290540 2211.1
1290550 2208.4
1290560 2207.9
1290570 2207.9
1290580 2210.3
1290590 2212.9
1290600 2212.9
1290610 2213.2
1290620 2215.5
1290630 2215.5
1290640 2217.9
1290650 2219.2
1290660 2219.2
1290670 2219.2
1290680 2217.1
1290690 2217.1
1290700 2214.4
1290710 2214.6
1290720 2214.6
1290730 2216.1
1290740 2218.5
1290750 2218.5
1290760 2223.4
1290770 2230.2
1290780 2230.2
1290790 2237.7
1290800 2245.7
1290810 2248.6
1290820 2248.6
1290830 2248.6
1290840 2244.3
1290850 2244.3
1290860 2235.8
1290870 2220.6
1290880 2220.6
1290890 2211.0
1290900 2204.9
1290910 2204.9
1290920 2199.3
1290930 2193.3
1290940 2193.3
1290950 2187.8
1290960 2184.8
1290970 2184.8
1290980 2183.6
1290990 2182.5
1291000 2182.5
1291010 2176.4
1291020 2170.8
1291030 2170.8
1291040 2168.2
1291050 2161.4
1291060 2152.3
1291070 2152.3
1291080 2146.0
1291090 2135.9
1291100 2135.9
1291110 2125.8
1291120 2121.1
1291130 2121.1
1291140 2119.8
1291150 2118.9
1291160 2118.9
1291170 2119.3
1291180 2119.2
1291190 2119.2
1291200 2116.1
1291210 2112.1
1291220 2112.1
1291230 2108.3
1291240 2105.3
1291250 2105.3
1291260 2102.6
1291270 2100.0
1291280 2100.0
1291290 2097.5
1291300 2096.5
1291310 2098.1
1291320 2098.1
1291330 2102.4
1291340 2108.6
1291350 2108.6
1291360 2115.3
1291370 2121.7
1291380 2121.7
1291390 2127.0
1291400 2131.9
1291410 2131.9
1291420 2137.8
1291430 2143.4
1291440 2143.4
1291450 2149.3
1291460 2155.6
1291470 2155.6
1291480 2161.2
1291490 2172.0
1291500 2172.0
1291510 2176.9
1291520 2181.4
1291530 2181.4
1291540 2185.9
1291550 2190.6
1291560 2191.0
1291570 2191.0
1291580 2185.7
1291590 2173.5
1291600 2173.5
1291610 2163.3
1291620 2155.9
1291630 2155.9
1291640 2148.9
1291650 2142.0
1291660 2142.0
1291670 2135.5
1291680 2129.0
1291690 2129.0
1291700 2121.4
1291710 2113.2
1291720 2113.2
1291730 2105.1
1291740 2096.3
1291750 2096.3
1291760 2088.0
1291770 2078.7
1291780 2078.7
1291790 2067.1
1291800 2054.9
1291810 2044.5
1291820 2044.5
1291830 2034.7
1291840 2026.6
1291850 2026.6
1291860 2021.2
1291870 2017.7
1291880 2017.7
1291890 2013.6
1291900 2008.4
1291910 2008.4
1291920 2003.9
1291930 1999.9
1291940 1999.9
1291950 1995.7
1291960 1990.4
1291970 1990.4
1291980 1985.8
1291990 1981.6
1292000 1981.6
1292010 1978.2
1292020 1974.6
1292030 1974.6
1292040 1970.4
1292050 1966.9
1292060 1964.1
1292070 1964.1
1292080 1962.1
1292090 1959.5
1292100 1959.5
1292110 1955.9
1292120 1952.8
1292130 1952.8
1292140 1950.0
1292150 1950.4
1292160 1950.4
1292170 1947.8
1292180 1945.4
1292190 1945.4
1292200 1943.2
1292210 1940.7
1292220 1940.7
1292230 1938.8
1292240 1936.3
1292250 1936.3
1292260 1934.1
1292270 1930.0
1292280 1930.0
1292290 1926.4
1292300 1923.0
1292310 1918.8
1292320 1918.8
1292330 1915.2
1292340 1910.6
1292350 1910.6
1292360 1905.7
1292370 1902.1
1292380 1902.1
1292390 1898.5
1292400 1895.4
1292410 1895.4
1292420 1893.1
1292430 1890.6
1292440 1890.6
1292450 1888.4
1292460 1885.4
1292470 1885.4
1292480 1880.3
1292490 1876.2
1292500 1876.2
1292510 1871.9
1292520 1867.8
1292530 1867.8
1292540 1864.0
1292550 1862.4
1292560 1860.1
1292570 1860.1
1292580 1855.6
1292590 1850.2
1292600 1850.2
1292610 1846.1
1292620 1842.1
1292630 1842.1
1292640 1838.2
1292650 1832.4
1292660 1832.4
1292670 1824.5
1292680 1817.5
1292690 1817.5
1292700 1811.7
1292710 1806.1
1292720 1806.1
1292730 1799.6
1292740 1795.2
1292750 1795.2
1292760 1792.0
1292770 1788.5
1292780 1788.5
1292790 1786.0
1292800 1780.1
1292810 1771.9
1292820 1770.1
1292830 1763.8
1292840 1760.0
1292850 1760.0
1292860 1757.3
1292870 1752.8
1292880 1752.8
1292890 1748.6
1292900 1744.5
1292910 1744.5
1292920 1741.0
1292930 1736.6
1292940 1736.6
1292950 1731.0
1292960 1725.2
1292970 1725.2
1292980 1719.3
1292990 1715.7
1293000 1715.7
1293010 1713.7
1293020 1713.4
1293030 1712.0
1293040 1712.0
1293050 1709.6
1293060 1706.3
1293070 1706.3
1293080 1704.1
1293090 1698.1
1293100 1698.1
1293110 1693.4
1293120 1686.9
1293130 1686.9
1293140 1680.0
1293150 1674.6
1293160 1674.6
1293170 1669.4
1293180 1664.5
1293190 1664.5
1293200 1658.0
1293210 1650.6
1293220 1650.6
1293230 1645.1
1293240 1640.3
1293250 1640.3
1293260 1635.0
1293270 1630.4
1293280 1625.8
1293290 1625.8
1293300 1619.0
1293310 1612.0
1293320 1612.0
1293330 1604.8
1293340 1598.0
1293350 1598.0
1293360 1591.5
1293370 1586.5
1293380 1586.5
1293390 1583.3
1293400 1581.2
1293410 1581.2
1293420 1577.8
1293430 1572.5
1293440 1572.5
1293450 1567.3
1293460 1562.3
1293470 1562.3
1293480 1558.0
1293490 1552.0
1293500 1552.0
1293510 1547.5
1293520 1541.3
1293530 1535.0
1293540 1535.0
1293550 1530.4
1293560 1525.0
1293570 1525.0
1293580 1520.1
1293590 1515.6
1293600 1515.6
1293610 1512.1
1293620 1507.8
1293630 1507.8
1293640 1503.3
1293650 1498.4
1293660 1498.4
1293670 1493.6
1293680 1489.1
1293690 1489.1
1293700 1482.1
1293710 1473.1
1293720 1473.1
1293730 1464.7
1293740 1460.2
1293750 1460.2
1293760 1457.3
1293770 1453.4
1293780 1449.3
1293790 1449.3
1293800 1443.8
1293810 1438.0
1293820 1438.0
1293830 1434.0
1293840 1430.6
1293850 1430.6
1293860 1427.4
1293870 1423.2
1293880 1423.2
1293890 1418.8
1293900 1413.1
1293910 1413.1
1293920 1406.5
1293930 1400.1
1293940 1400.1
1293950 1393.9
1293960 1393.4
1293970 1393.4
1293980 1393.6
1293990 1394.4
1294000 1394.4
1294010 1395.8
1294020 1400.1
1294030 1404.1
1294040 1404.1
1294050 1406.7
1294060 1409.6
1294070 1409.6
1294080 1412.5
1294090 1415.0
1294100 1415.0
1294110 1418.0
1294120 1421.3
1294130 1421.3
1294140 1424.8
1294150 1426.1
1294160 1426.1
1294170 1429.2
1294180 1432.1
1294190 1432.1
1294200 1435.8
1294210 1439.5
1294220 1439.5
1294230 1443.2
1294240 1447.1
1294250 1447.1
1294260 1451.0
1294270 1454.2
1294280 1457.7
1294290 1457.7
1294300 1461.6
1294310 1465.7
1294320 1465.7
1294330 1469.6
1294340 1473.9
1294350 1473.9
1294360 1478.1
1294370 1482.8
1294380 1482.8
1294390 1487.7
1294400 1492.6
1294410 1492.6
1294420 1497.6
1294430 1503.0
1294440 1503.0
1294450 1509.1
1294460 1515.3
1294470 1515.3
1294480 1521.2
1294490 1526.3
1294500 1526.3
1294510 1531.3
1294520 1536.7
1294530 1542.0
1294540 1542.0
1294550 1546.0
1294560 1550.2
1294570 1550.2
1294580 1555.1
1294590 1562.1
1294600 1562.1
1294610 1570.6
1294620 1580.0
1294630 1580.0
1294640 1590.4
1294650 1597.0
1294660 1597.0
1294670 1603.0
1294680 1609.4
1294690 1609.4
1294700 1616.1
1294710 1623.5
1294720 1623.5
1294730 1630.7
1294740 1637.6
1294750 1637.6
1294760 1644.0
1294770 1650.3
1294780 1655.9
1294790 1655.9
1294800 1660.8
1294810 1666.1
1294820 1665.2
1294830 1669.8
1294840 1674.1
1294850 1674.1
1294860 1679.0
1294870 1684.6
1294880 1684.6
1294890 1689.9
1294900 1695.5
1294910 1695.5
1294920 1700.9
1294930 1706.2
1294940 1706.2
1294950 1711.4
1294960 1716.9
1294970 1716.9
1294980 1722.7
1294990 1728.0
1295000 1728.0
1295010 1733.8
1295020 1739.7
1295030 1745.4
1295040 1745.4
1295050 1750.5
1295060 1755.4
1295070 1755.4
1295080 1760.2
1295090 1764.9
1295100 1764.9
1295110 1769.5
1295120 1773.5
1295130 1773.5
1295140 1777.3
1295150 1781.3
1295160 1781.3
1295170 1784.6
1295180 1786.9
1295190 1786.9
1295200 1789.4
1295210 1792.5
1295220 1792.5
1295230 1796.2
1295240 1800.2
1295250 1800.2
1295260 1803.9
1295270 1807.1
1295280 1811.1
1295290 1811.1
1295300 1815.8
1295310 1820.5
1295320 1820.5
1295330 1824.9
1295340 1829.1
1295350 1829.1
1295360 1832.9
1295370 1836.7
1295380 1836.7
1295390 1839.8
1295400 1843.1
1295410 1843.1
1295420 1848.2
1295430 1854.8
1295440 1854.8
1295450 1861.0
1295460 1866.0
1295470 1866.0
1295480 1871.3
1295490 1876.6
1295500 1876.6
1295510 1882.2
1295520 1888.1
1295530 1894.0
1295540 1894.0
1295550 1899.4
1295560 1905.4
1295570 1905.4
1295580 1910.4
1295590 1916.6
1295600 1916.6
1295610 1922.2
1295620 1928.5
1295630 1928.5
1295640 1936.2
1295650 1943.4
1295660 1943.4
1295670 1951.3
1295680 1959.2
1295690 1959.2
1295700 1966.7
1295710 1974.3
1295720 1974.3
1295730 1981.4
1295740 1988.8
1295750 1995.8
1295760 1995.8
1295770 2003.4
1295780 2009.7
1295790 2009.7
1295800 2014.9
1295810 2020.3
1295820 2020.3
1295830 2025.7
1295840 2031.2
1295850 2031.2
1295860 2035.4
1295870 2036.6
1295880 2036.6
1295890 2040.2
1295900 2045.0
1295910 2045.0
1295920 2050.2
1295930 2055.5
1295940 2055.5
1295950 2061.5
1295960 2067.2
1295970 2067.2
1295980 2073.8
1295990 2078.2
1296000 2083.3
1296010 2083.3
1296020 2090.1
1296030 2095.4
1296040 2095.4
1296050 2100.2
1296060 2104.2
1296070 2104.2
1296080 2108.1
1296090 2112.4
1296100 2112.4
1296110 2117.1
1296120 2121.3
1296130 2121.3
1296140 2125.8
1296150 2129.2
1296160 2129.1
1296170 2131.3
1296180 2134.2
1296190 2134.2
1296200 2139.3
1296210 2145.0
1296220 2145.0
1296230 2150.8
1296240 2156.9
1296250 2162.6
1296260 2162.6
1296270 2166.3
1296280 2169.7
1296290 2169.7
1296300 2171.5
1296310 2172.1
1296320 2172.1
1296330 2173.1
1296340 2175.3
1296350 2175.3
1296360 2177.3
1296370 2178.9
1296380 2178.9
1296390 2180.1
1296400 2181.2
1296410 2181.2
1296420 2181.9
1296430 2182.3
1296440 2182.3
1296450 2182.6
1296460 2186.5
1296470 2186.5
1296480 2193.0
1296490 2197.6
1296500 2203.4
1296510 2203.4
1296520 2208.4
1296530 2214.1
1296540 2214.1
1296550 2218.5
1296560 2222.5
1296570 2222.5
1296580 2226.3
1296590 2229.3
1296600 2229.3
1296610 2231.1
1296620 2233.8
1296630 2233.8
1296640 2238.9
1296650 2245.4
1296660 2245.4
1296670 2250.8
1296680 2254.8
1296690 2254.8
1296700 2258.0
1296710 2261.9
1296720 2261.9
1296730 2265.6
1296740 2269.2
1296750 2272.6
1296760 2272.6
1296770 2275.4
1296780 2278.5
1296790 2278.5
1296800 2281.7
1296810 2285.0
1296820 2285.0
1296830 2288.9
1296840 2287.6
1296850 2287.6
1296860 2291.7
1296870 2295.8
1296880 2295.8
1296890 2299.4
1296900 2302.2
1296910 2302.2
1296920 2304.6
1296930 2306.8
1296940 2306.8
1296950 2309.4
1296960 2311.0
1296970 2311.0
1296980 2313.3
1296990 2315.9
1297000 2318.7
1297010 2318.7
1297020 2322.0
1297030 2326.0
1297040 2326.0
1297050 2328.7
1297060 2330.9
1297070 2330.9
1297080 2332.6
1297090 2336.4
1297100 2336.4
1297110 2341.9
1297120 2346.7
1297130 2346.7
1297140 2347.1
1297150 2347.2
1297160 2347.2
1297170 2347.8
1297180 2348.4
1297190 2348.4
1297200 2349.9
1297210 2349.7
1297220 2349.7
1297230 2350.0
1297240 2353.8
1297250 2360.1
1297260 2360.1
1297270 2365.8
1297280 2370.2
1297290 2370.2
1297300 2373.1
1297310 2372.3
1297320 2372.3
1297330 2371.5
1297340 2375.0
1297350 2375.0
1297360 2375.8
1297370 2374.4
1297380 2374.4
1297390 2373.9
1297400 2371.5
1297410 2371.5
1297420 2368.6
1297430 2367.2
1297440 2367.2
1297450 2363.9
1297460 2361.3
1297470 2361.3
1297480 2361.5
1297490 2362.9
1297500 2364.0
1297510 2364.0
1297520 2366.8
1297530 2368.2
1297540 2368.2
1297550 2372.2
1297560 2377.6
1297570 2377.6
1297580 2382.8
1297590 2388.2
1297600 2388.2
1297610 2393.1
1297620 2397.5
1297630 2397.5
1297640 2400.7
1297650 2401.8
1297660 2401.8
1297670 2402.4
1297680 2402.0
1297690 2402.0
1297700 2400.4
1297710 2402.3
1297720 2402.3
1297730 2399.6
1297740 2396.5
1297750 2395.9
1297760 2395.9
1297770 2397.1
1297780 2398.4
1297790 2398.4
1297800 2400.2
1297810 2400.9
1297820 2400.9
1297830 2403.7
1297840 2406.3
1297850 2406.3
1297860 2408.3
1297870 2410.5
1297880 2410.5
1297890 2413.7
1297900 2417.0
1297910 2417.0
1297920 2419.9
1297930 2423.9
1297940 2423.9
1297950 2428.6
1297960 2436.0
1297970 2436.0
1297980 2444.1
1297990 2452.1
1298000 2459.6
1298010 2459.6
1298020 2466.3
1298030 2474.4
1298040 2474.4
1298050 2482.0
1298060 2489.7
1298070 2489.7
1298080 2498.3
1298090 2506.8
1298100 2506.8
1298110 2514.5
1298120 2520.6
1298130 2520.6
1298140 2527.4
1298150 2535.3
1298160 2535.3
1298170 2542.1
1298180 2547.9
1298190 2547.9
1298200 2545.4
1298210 2550.9
1298220 2557.8
1298230 2557.8
1298240 2561.3
1298250 2564.6
1298260 2564.6
1298270 2567.5
1298280 2572.9
1298290 2572.9
1298300 2578.9
1298310 2584.4
1298320 2584.4
1298330 2588.8
1298340 2591.0
1298350 2591.0
1298360 2588.1
1298370 2583.2
1298380 2583.2
1298390 2578.8
1298400 2574.2
1298410 2574.2
1298420 2570.4
1298430 2569.7
1298440 2569.7
1298450 2573.4
1298460 2561.7
1298470 2546.6
1298480 2546.6
1298490 2535.7
1298500 2530.2
1298510 2530.2
1298520 2525.5
1298530 2520.5
1298540 2520.5
1298550 2515.5
1298560 2510.2
1298570 2510.2
1298580 2505.2
1298590 2499.7
1298600 2499.7
1298610 2493.8
1298620 2488.6
1298630 2488.6
1298640 2483.3
1298650 2478.7
1298660 2478.7
1298670 2474.6
1298680 2470.6
1298690 2470.6
1298700 2466.9
1298710 2464.3
1298720 2461.8
1298730 2461.8
1298740 2459.0
1298750 2456.0
1298760 2456.0
1298770 2452.1
1298780 2448.3
1298790 2448.3
1298800 2445.3
1298810 2441.9
1298820 2441.9
1298830 2435.7
1298840 2429.7
1298850 2429.7
1298860 2425.8
1298870 2422.9
1298880 2427.6
1298890 2423.0
1298900 2418.0
1298910 2418.0
1298920 2412.2
1298930 2406.1
1298940 2406.1
1298950 2401.6
1298960 2395.8
1298970 2389.8
1298980 2389.8
1298990 2383.6
1299000 2376.5
1299010 2376.5
1299020 2370.2
1299030 2365.6
1299040 2365.6
1299050 2361.7
1299060 2358.4
1299070 2358.4
1299080 2354.8
1299090 2349.3
1299100 2349.3
1299110 2344.4
1299120 2340.6
1299130 2340.6
1299140 2335.6
1299150 2328.8
1299160 2328.8
1299170 2323.8
1299180 2319.3
1299190 2319.3
1299200 2311.7
1299210 2303.5
1299220 2297.7
1299230 2297.7
1299240 2293.3
1299250 2287.4
1299260 2287.4
1299270 2282.9
1299280 2279.6
1299290 2279.6
1299300 2275.4
1299310 2272.3
1299320 2272.3
1299330 2267.9
1299340 2262.6
1299350 2262.6
1299360 2257.2
1299370 2251.8
1299380 2251.8
1299390 2245.6
1299400 2238.6
1299410 2238.6
1299420 2232.1
1299430 2226.2
1299440 2226.2
1299450 2220.9
1299460 2215.2
1299470 2209.4
1299480 2209.4
1299490 2204.6
1299500 2200.5
1299510 2200.5
1299520 2195.8
1299530 2189.2
1299540 2189.2
1299550 2181.3
1299560 2172.0
1299570 2172.0
1299580 2166.2
1299590 2160.7
1299600 2160.7
1299610 2154.9
1299620 2147.9
1299630 2147.9
1299640 2141.1
1299650 2134.0
1299660 2134.0
1299670 2128.1
1299680 2123.2
1299690 2123.2
1299700 2118.6
1299710 2109.8
1299720 2101.7
1299730 2101.7
1299740 2095.0
1299750 2088.9
1299760 2088.9
1299770 2082.9
1299780 2076.8
1299790 2076.8
1299800 2071.2
1299810 2065.9
1299820 2065.9
1299830 2062.1
1299840 2058.4
1299850 2058.4
1299860 2055.8
1299870 2052.2
1299880 2052.2
1299890 2047.9
1299900 2043.4
1299910 2043.4
1299920 2037.7
1299930 2031.9
1299940 2031.9
1299950 2026.9
1299960 2021.5
1299970 2015.9
1299980 2015.9
1299990 2010.4
