1280000 2129.8
1280010 2130.0
1280020 2130.5
1280030 2130.5
1280040 2128.0
1280050 2127.5
1280060 2127.5
1280070 2128.7
1280080 2127.2
1280090 2127.2
1280100 2125.4
1280110 2127.1
1280120 2127.1
1280130 2130.6
1280140 2132.3
1280150 2132.3
1280160 2133.7
1280170 2134.6
1280180 2134.6
1280190 2136.0
1280200 2138.8
1280210 2138.8
1280220 2140.2
1280230 2141.1
1280240 2142.7
1280250 2142.7
1280260 2144.8
1280270 2146.3
1280280 2146.3
1280290 2146.3
1280300 2145.7
1280310 2145.7
1280320 2145.2
1280330 2144.5
1280340 2144.5
1280350 2144.7
1280360 2144.0
1280370 2144.0
1280380 2145.2
1280390 2147.2
1280400 2147.2
1280410 2147.8
1280420 2148.1
1280430 2148.1
1280440 2147.9
1280450 2148.8
1280460 2148.8
1280470 2151.1
1280480 2154.1
1280490 2158.3
1280500 2158.3
1280510 2163.4
1280520 2166.6
1280530 2166.6
1280540 2167.4
1280550 2167.9
1280560 2160.3
1280570 2162.7
1280580 2164.3
1280590 2164.3
1280600 2164.8
1280610 2165.5
1280620 2165.5
1280630 2165.9
1280640 2167.4
1280650 2167.4
1280660 2168.7
1280670 2169.6
1280680 2169.6
1280690 2169.5
1280700 2169.7
1280710 2169.7
1280720 2170.2
1280730 2172.9
1280740 2176.1
1280750 2176.1
1280760 2179.2
1280770 2182.1
1280780 2182.1
1280790 2184.9
1280800 2187.1
1280810 2187.1
1280820 2188.5
1280830 2189.3
1280840 2189.3
1280850 2190.9
1280860 2194.7
1280870 2194.7
1280880 2198.5
1280890 2202.4
1280900 2202.4
1280910 2205.5
1280920 2208.4
1280930 2208.4
1280940 2211.2
1280950 2214.7
1280960 2214.7
1280970 2219.4
1280980 2224.0
1280990 2227.9
1281000 2227.9
1281010 2231.7
1281020 2234.7
1281030 2234.7
1281040 2235.7
1281050 2239.5
1281060 2239.5
1281070 2246.7
1281080 2256.1
1281090 2256.1
1281100 2259.5
1281110 2255.9
1281120 2255.9
1281130 2255.3
1281140 2255.8
1281150 2255.8
1281160 2257.3
1281170 2259.5
1281180 2251.5
1281190 2255.0
1281200 2258.6
1281210 2258.6
1281220 2261.9
1281230 2264.2
1281240 2265.6
1281250 2265.6
1281260 2266.9
1281270 2268.8
1281280 2268.8
1281290 2271.4
1281300 2275.5
1281310 2275.5
1281320 2279.7
1281330 2283.4
1281340 2283.4
1281350 2287.3
1281360 2291.5
1281370 2291.5
1281380 2295.0
1281390 2298.8
1281400 2298.8
1281410 2302.8
1281420 2307.7
1281430 2307.7
1281440 2312.5
1281450 2316.9
1281460 2322.0
1281470 2322.0
1281480 2327.7
1281490 2334.6
1281500 2334.6
1281510 2340.7
1281520 2346.8
1281530 2346.8
1281540 2352.2
1281550 2357.3
1281560 2357.3
1281570 2362.2
1281580 2366.6
1281590 2366.6
1281600 2370.9
1281610 2374.8
1281620 2374.8
1281630 2378.6
1281640 2384.2
1281650 2384.2
1281660 2387.7
1281670 2388.8
1281680 2388.8
1281690 2392.6
1281700 2398.5
1281710 2403.7
1281720 2403.7
1281730 2405.1
1281740 2403.8
1281750 2403.8
1281760 2405.8
1281770 2407.8
1281780 2407.8
1281790 2409.9
1281800 2412.1
1281810 2407.3
1281820 2409.7
1281830 2411.1
1281840 2411.1
1281850 2411.6
1281860 2414.2
1281870 2414.2
1281880 2416.9
1281890 2417.3
1281900 2417.3
1281910 2418.5
1281920 2421.0
1281930 2421.0
1281940 2422.4
1281950 2424.1
1281960 2426.0
1281970 2426.0
1281980 2427.6
1281990 2428.9
1282000 2428.9
1282010 2430.6
1282020 2431.6
1282030 2431.6
1282040 2432.7
1282050 2436.3
1282060 2436.3
1282070 2440.2
1282080 2443.0
1282090 2443.0
1282100 2446.3
1282110 2446.0
1282120 2446.0
1282130 2446.3
1282140 2449.2
1282150 2449.2
1282160 2452.2
1282170 2453.4
1282180 2453.4
1282190 2455.3
1282200 2459.6
1282210 2464.8
1282220 2464.8
1282230 2469.7
1282240 2474.6
1282250 2474.6
1282260 2480.6
1282270 2480.4
1282280 2480.4
1282290 2483.3
1282300 2486.4
1282310 2486.4
1282320 2489.3
1282330 2493.1
1282340 2493.1
1282350 2497.7
1282360 2502.8
1282370 2502.8
1282380 2507.3
1282390 2512.2
1282400 2512.2
1282410 2516.9
1282420 2521.7
1282430 2521.7
1282440 2525.3
1282450 2529.0
1282460 2531.1
1282470 2531.1
1282480 2533.0
1282490 2538.0
1282500 2538.0
1282510 2543.4
1282520 2547.6
1282530 2547.6
1282540 2552.1
1282550 2557.1
1282560 2557.1
1282570 2561.8
1282580 2565.5
1282590 2565.5
1282600 2568.1
1282610 2570.3
1282620 2570.3
1282630 2572.7
1282640 2575.8
1282650 2575.8
1282660 2578.3
1282670 2577.6
1282680 2577.6
1282690 2577.0
1282700 2578.1
1282710 2580.7
1282720 2580.7
1282730 2578.8
1282740 2576.0
1282750 2576.0
1282760 2574.4
1282770 2573.0
1282780 2573.0
1282790 2572.1
1282800 2571.4
1282810 2571.4
1282820 2569.5
1282830 2567.0
1282840 2567.0
1282850 2565.7
1282860 2564.6
1282870 2564.6
1282880 2563.0
1282890 2561.6
1282900 2561.6
1282910 2561.2
1282920 2563.0
1282930 2563.0
1282940 2565.0
1282950 2565.6
1282960 2564.5
1282970 2564.5
1282980 2563.2
1282990 2561.2
1283000 2561.2
1283010 2558.9
1283020 2557.8
1283030 2557.8
1283040 2557.5
1283050 2556.5
1283060 2556.5
1283070 2558.4
1283080 2554.6
1283090 2554.6
1283100 2550.8
1283110 2547.0
1283120 2547.0
1283130 2542.8
1283140 2539.4
1283150 2539.4
1283160 2536.7
1283170 2537.4
1283180 2537.4
1283190 2539.1
1283200 2542.2
1283210 2544.1
1283220 2544.1
1283230 2545.4
1283240 2547.4
1283250 2547.4
1283260 2550.3
1283270 2553.6
1283280 2553.6
1283290 2554.5
1283300 2552.7
1283310 2552.7
1283320 2549.4
1283330 2546.1
1283340 2546.1
1283350 2543.7
1283360 2542.8
1283370 2542.8
1283380 2542.9
1283390 2543.3
1283400 2543.3
1283410 2541.9
1283420 2540.1
1283430 2540.1
1283440 2538.8
1283450 2537.4
1283460 2535.2
1283470 2535.2
1283480 2532.7
1283490 2531.0
1283500 2531.0
1283510 2527.7
1283520 2524.2
1283530 2524.2
1283540 2521.1
1283550 2518.2
1283560 2518.2
1283570 2515.7
1283580 2512.5
1283590 2512.5
1283600 2508.4
1283610 2505.0
1283620 2505.0
1283630 2501.0
1283640 2498.3
1283650 2498.3
1283660 2495.8
1283670 2492.5
1283680 2492.5
1283690 2489.0
1283700 2489.2
1283710 2486.4
1283720 2486.4
1283730 2484.9
1283740 2484.2
1283750 2484.2
1283760 2482.5
1283770 2478.7
1283780 2478.7
1283790 2473.4
1283800 2468.1
1283810 2468.1
1283820 2463.2
1283830 2458.1
1283840 2458.1
1283850 2453.7
1283860 2448.0
1283870 2448.0
1283880 2441.3
1283890 2435.9
1283900 2435.9
1283910 2432.1
1283920 2428.6
1283930 2428.6
1283940 2423.7
1283950 2418.5
1283960 2413.0
1283970 2413.0
1283980 2405.7
1283990 2398.8
1284000 2398.8
1284010 2393.8
1284020 2389.4
1284030 2389.4
1284040 2381.1
1284050 2367.7
1284060 2367.7
1284070 2356.8
1284080 2347.7
1284090 2347.7
1284100 2342.1
1284110 2336.2
1284120 2336.2
1284130 2328.9
1284140 2322.4
1284150 2322.4
1284160 2317.2
1284170 2312.7
1284180 2312.7
1284190 2305.8
1284200 2298.2
1284210 2289.0
1284220 2289.0
1284230 2282.6
1284240 2277.8
1284250 2277.8
1284260 2272.5
1284270 2266.2
1284280 2266.2
1284290 2259.3
1284300 2252.7
1284310 2252.7
1284320 2246.1
1284330 2235.1
1284340 2235.1
1284350 2229.9
1284360 2225.7
1284370 2225.7
1284380 2220.3
1284390 2213.2
1284400 2213.2
1284410 2204.9
1284420 2196.1
1284430 2196.1
1284440 2187.0
1284450 2176.8
1284460 2165.2
1284470 2165.2
1284480 2152.9
1284490 2136.4
1284500 2136.4
1284510 2121.9
1284520 2113.6
1284530 2113.6
1284540 2109.0
1284550 2104.4
1284560 2104.4
1284570 2099.7
1284580 2095.0
1284590 2095.0
1284600 2089.6
1284610 2083.9
1284620 2083.9
1284630 2077.4
1284640 2070.3
1284650 2070.3
1284660 2062.8
1284670 2056.8
1284680 2051.8
1284690 2051.8
1284700 2046.3
1284710 2040.7
1284720 2040.7
1284730 2035.9
1284740 2031.4
1284750 2031.4
1284760 2026.8
1284770 2021.1
1284780 2021.1
1284790 2014.0
1284800 2005.3
1284810 2005.3
1284820 1996.8
1284830 1990.2
1284840 1990.2
1284850 1985.4
1284860 1979.9
1284870 1979.9
1284880 1973.8
1284890 1967.8
1284900 1967.8
1284910 1961.5
1284920 1955.0
1284930 1948.2
1284940 1948.2
1284950 1941.8
1284960 1936.1
1284970 1941.2
1284980 1935.4
1284990 1931.0
1285000 1931.0
1285010 1929.1
1285020 1924.7
1285030 1924.7
1285040 1907.9
1285050 1894.2
1285060 1894.2
1285070 1877.8
1285080 1865.8
1285090 1865.8
1285100 1848.8
1285110 1836.8
1285120 1836.8
1285130 1829.9
1285140 1819.4
1285150 1819.4
1285160 1806.5
1285170 1796.9
1285180 1788.6
1285190 1788.6
1285200 1780.1
1285210 1771.8
1285220 1771.8
1285230 1764.1
1285240 1756.3
1285250 1756.3
1285260 1748.0
1285270 1739.5
1285280 1739.5
1285290 1731.0
1285300 1721.8
1285310 1721.8
1285320 1713.4
1285330 1705.5
1285340 1705.5
1285350 1697.7
1285360 1690.1
1285370 1690.1
1285380 1682.9
1285390 1675.9
1285400 1675.9
1285410 1669.0
1285420 1662.2
1285430 1655.4
1285440 1655.4
1285450 1648.6
1285460 1642.1
1285470 1642.1
1285480 1635.6
1285490 1629.2
1285500 1629.2
1285510 1623.1
1285520 1616.7
1285530 1616.7
1285540 1610.6
1285550 1605.0
1285560 1605.0
1285570 1599.5
1285580 1593.5
1285590 1593.5
1285600 1587.4
1285610 1582.4
1285620 1582.4
1285630 1576.5
1285640 1570.9
1285650 1570.9
1285660 1565.8
1285670 1561.0
1285680 1557.2
1285690 1557.2
1285700 1553.1
1285710 1549.0
1285720 1549.0
1285730 1546.3
1285740 1544.0
1285750 1544.0
1285760 1541.5
1285770 1538.5
1285780 1538.5
1285790 1535.4
1285800 1532.1
1285810 1532.1
1285820 1529.3
1285830 1527.1
1285840 1527.1
1285850 1525.4
1285860 1522.2
1285870 1522.2
1285880 1515.8
1285890 1511.4
1285900 1511.4
1285910 1513.7
1285920 1516.7
1285930 1523.5
1285940 1523.5
1285950 1531.7
1285960 1539.7
1285970 1539.7
1285980 1547.3
1285990 1555.1
1286000 1555.1
1286010 1561.3
1286020 1566.7
1286030 1566.7
1286040 1570.7
1286050 1575.2
1286060 1575.2
1286070 1580.0
1286080 1584.7
1286090 1584.7
1286100 1589.1
1286110 1592.2
1286120 1592.2
1286130 1594.8
1286140 1597.1
1286150 1597.1
1286160 1599.7
1286170 1602.1
1286180 1604.0
1286190 1604.0
1286200 1606.0
1286210 1608.9
1286220 1608.9
1286230 1611.9
1286240 1614.5
1286250 1615.8
1286260 1618.3
1286270 1620.3
1286280 1620.3
1286290 1622.5
1286300 1623.8
1286310 1623.8
1286320 1624.5
1286330 1625.4
1286340 1625.4
1286350 1626.4
1286360 1627.1
1286370 1627.1
1286380 1627.8
1286390 1628.5
1286400 1628.5
1286410 1628.6
1286420 1630.2
1286430 1634.1
1286440 1634.1
1286450 1639.8
1286460 1645.0
1286470 1645.0
1286480 1648.4
1286490 1653.2
1286500 1653.2
1286510 1658.8
1286520 1664.6
1286530 1664.6
1286540 1671.0
1286550 1679.1
1286560 1679.1
1286570 1684.9
1286580 1686.8
1286590 1686.8
1286600 1689.8
1286610 1693.7
1286620 1693.7
1286630 1696.7
1286640 1698.9
1286650 1698.9
1286660 1699.8
1286670 1700.4
1286680 1700.9
1286690 1700.9
1286700 1700.7
1286710 1703.0
1286720 1703.0
1286730 1705.4
1286740 1707.6
1286750 1707.6
1286760 1710.6
1286770 1714.8
1286780 1714.8
1286790 1719.4
1286800 1724.1
1286810 1724.1
1286820 1729.1
1286830 1735.3
1286840 1735.3
1286850 1741.8
1286860 1748.4
1286870 1748.4
1286880 1754.4
1286890 1760.6
1286900 1760.6
1286910 1767.0
1286920 1773.6
1286930 1778.2
1286940 1778.2
1286950 1782.3
1286960 1786.8
1286970 1786.8
1286980 1792.1
1286990 1797.3
1287000 1797.3
1287010 1802.3
1287020 1806.4
1287030 1806.4
1287040 1809.9
1287050 1812.5
1287060 1812.5
1287070 1815.3
1287080 1818.7
1287090 1818.7
1287100 1823.4
1287110 1827.9
1287120 1827.9
1287130 1831.6
1287140 1835.5
1287150 1835.5
1287160 1839.5
1287170 1843.2
1287180 1847.1
1287190 1847.1
1287200 1851.1
1287210 1855.0
1287220 1855.0
1287230 1858.6
1287240 1860.7
1287250 1860.7
1287260 1864.2
1287270 1868.0
1287280 1868.0
1287290 1871.2
1287300 1874.3
1287310 1874.3
1287320 1879.2
1287330 1886.4
1287340 1886.4
1287350 1892.8
1287360 1898.1
1287370 1898.1
1287380 1901.7
1287390 1904.5
1287400 1904.5
1287410 1907.1
1287420 1909.1
1287430 1912.1
1287440 1912.1
1287450 1916.1
1287460 1920.5
1287470 1920.5
1287480 1924.7
1287490 1929.4
1287500 1929.4
1287510 1935.6
1287520 1942.4
1287530 1942.4
1287540 1950.6
1287550 1954.5
1287560 1954.5
1287570 1957.0
1287580 1958.2
1287590 1958.2
1287600 1960.2
1287610 1965.2
1287620 1965.2
1287630 1970.9
1287640 1976.5
1287650 1976.5
1287660 1981.4
1287670 1986.7
1287680 1993.8
1287690 1993.8
1287700 2000.9
1287710 2006.1
1287720 2006.1
1287730 2010.6
1287740 2014.8
1287750 2014.8
1287760 2018.7
1287770 2022.5
1287780 2022.5
1287790 2026.5
1287800 2030.3
1287810 2030.3
1287820 2033.9
1287830 2038.1
1287840 2038.1
1287850 2044.5
1287860 2053.0
1287870 2053.0
1287880 2062.0
1287890 2070.1
1287900 2076.0
1287910 2076.0
1287920 2079.3
1287930 2082.5
1287940 2082.5
1287950 2083.6
1287960 2085.8
1287970 2085.8
1287980 2090.1
1287990 2094.7
1288000 2094.7
1288010 2098.5
1288020 2099.8
1288030 2099.8
1288040 2100.8
1288050 2101.1
1288060 2101.1
1288070 2102.2
1288080 2105.0
1288090 2105.0
1288100 2108.6
1288110 2112.1
1288120 2112.1
1288130 2116.3
1288140 2119.5
1288150 2121.5
1288160 2121.5
1288170 2124.9
1288180 2132.3
1288190 2132.3
1288200 2135.7
1288210 2139.8
1288220 2139.8
1288230 2145.5
1288240 2151.3
1288250 2151.3
1288260 2156.8
1288270 2162.1
1288280 2162.1
1288290 2167.8
1288300 2173.9
1288310 2173.9
1288320 2178.5
1288330 2180.6
1288340 2180.6
1288350 2181.8
1288360 2184.7
1288370 2184.7
1288380 2190.1
1288390 2195.8
1288400 2201.3
1288410 2201.3
1288420 2206.5
1288430 2212.0
1288440 2212.0
1288450 2217.5
1288460 2222.4
1288470 2222.4
1288480 2227.8
1288490 2233.5
1288500 2233.5
1288510 2238.6
1288520 2244.0
1288530 2244.0
1288540 2247.9
1288550 2250.8
1288560 2250.8
1288570 2255.1
1288580 2259.8
1288590 2259.8
1288600 2264.1
1288610 2267.3
1288620 2267.3
1288630 2269.7
1288640 2273.2
1288650 2276.3
1288660 2276.3
1288670 2279.7
1288680 2284.6
1288690 2284.6
1288700 2289.1
1288710 2291.9
1288720 2291.9
1288730 2296.4
1288740 2302.2
1288750 2302.2
1288760 2308.7
1288770 2314.2
1288780 2314.2
1288790 2319.7
1288800 2325.1
1288810 2325.1
1288820 2329.9
1288830 2334.0
1288840 2334.0
1288850 2339.4
1288860 2342.9
1288870 2342.9
1288880 2344.2
1288890 2347.4
1288900 2349.8
1288910 2349.8
1288920 2352.5
1288930 2356.4
1288940 2356.4
1288950 2361.4
1288960 2365.3
1288970 2365.3
1288980 2365.8
1288990 2368.6
1289000 2368.6
1289010 2373.4
1289020 2377.9
1289030 2377.9
1289040 2382.1
1289050 2388.0
1289060 2388.0
1289070 2392.5
1289080 2393.9
1289090 2393.9
1289100 2394.3
1289110 2396.5
1289120 2396.5
1289130 2400.3
1289140 2405.4
1289150 2412.1
1289160 2412.1
1289170 2415.8
1289180 2419.9
1289190 2419.9
1289200 2426.6
1289210 2433.4
1289220 2433.4
1289230 2440.0
1289240 2445.0
1289250 2445.0
1289260 2449.3
1289270 2452.9
1289280 2452.9
1289290 2454.1
1289300 2456.6
1289310 2456.6
1289320 2458.6
1289330 2461.2
1289340 2461.2
1289350 2466.5
1289360 2472.8
1289370 2472.8
1289380 2480.3
1289390 2488.0
1289400 2494.3
1289410 2494.3
1289420 2498.8
1289430 2501.2
1289440 2501.2
1289450 2503.6
1289460 2503.9
1289470 2503.9
1289480 2504.2
1289490 2508.3
1289500 2508.3
1289510 2514.8
1289520 2520.0
1289530 2520.0
1289540 2524.4
1289550 2529.4
1289560 2529.4
1289570 2534.0
1289580 2537.7
1289590 2537.7
1289600 2542.6
1289610 2548.0
1289620 2548.0
1289630 2553.7
1289640 2561.3
1289650 2569.7
1289660 2569.7
1289670 2573.1
1289680 2575.9
1289690 2575.9
1289700 2576.5
1289710 2572.6
1289720 2572.6
1289730 2568.7
1289740 2562.0
1289750 2562.0
1289760 2552.3
1289770 2543.6
1289780 2543.6
1289790 2535.3
1289800 2520.0
1289810 2520.0
1289820 2503.8
1289830 2493.6
1289840 2493.6
1289850 2483.7
1289860 2474.9
1289870 2474.9
1289880 2463.0
1289890 2452.5
1289900 2441.7
1289910 2441.7
1289920 2429.0
1289930 2410.6
1289940 2410.6
1289950 2397.6
1289960 2389.0
1289970 2389.0
1289980 2385.4
1289990 2384.0
1290000 2384.0
1290010 2383.0
1290020 2383.6
1290030 2383.6
1290040 2384.1
1290050 2384.2
1290060 2384.2
1290070 2384.6
1290080 2385.0
1290090 2385.0
1290100 2387.0
1290110 2389.4
1290120 2389.4
1290130 2392.0
1290140 2391.2
1290150 2389.4
1290160 2389.4
1290170 2386.8
1290180 2376.5
1290190 2376.5
1290200 2365.8
1290210 2358.0
1290220 2358.0
1290230 2345.1
1290240 2335.4
1290250 2335.4
1290260 2326.8
1290270 2313.1
1290280 2313.1
1290290 2297.6
1290300 2285.6
1290310 2285.6
1290320 2278.7
1290330 2267.5
1290340 2267.5
1290350 2254.9
1290360 2249.0
1290370 2249.0
1290380 2242.7
1290390 2236.4
1290400 2231.0
1290410 2231.0
1290420 2226.4
1290430 2222.6
1290440 2222.6
1290450 2221.2
1290460 2219.6
1290470 2219.6
1290480 2218.2
1290490 2217.5
1290500 2217.5
1290510 2216.7
1290520 2215.7
1290530 2215.7
1290540 2215.8
1290550 2215.8
1290560 2215.8
1290570 2214.9
1290580 2216.0
1290590 2216.0
1290600 2219.0
1290610 2222.7
1290620 2222.7
1290630 2227.1
1290640 2229.0
1290650 2229.5
1290660 2229.5
1290670 2227.4
1290680 2225.0
1290690 2225.0
1290700 2224.3
1290710 2227.1
1290720 2227.1
1290730 2231.7
1290740 2237.2
1290750 2237.2
1290760 2243.3
1290770 2249.3
1290780 2249.3
1290790 2259.5
1290800 2261.5
1290810 2261.5
1290820 2259.7
1290830 2256.5
1290840 2256.5
1290850 2251.7
1290860 2238.0
1290870 2229.1
1290880 2229.1
1290890 2223.9
1290900 2218.6
1290910 2218.6
1290920 2213.1
1290930 2209.0
1290940 2209.0
1290950 2205.8
1290960 2203.6
1290970 2203.6
1290980 2201.6
1290990 2198.4
1291000 2198.4
1291010 2193.4
1291020 2189.6
1291030 2189.6
1291040 2183.0
1291050 2176.0
1291060 2176.0
1291070 2167.8
1291080 2157.5
1291090 2157.5
1291100 2150.8
1291110 2145.2
1291120 2142.1
1291130 2142.1
1291140 2142.1
1291150 2140.7
1291160 2140.7
1291170 2136.9
1291180 2133.5
1291190 2133.5
1291200 2130.5
1291210 2127.8
1291220 2127.8
1291230 2124.8
1291240 2122.7
1291250 2122.7
1291260 2122.4
1291270 2121.8
1291280 2121.8
1291290 2121.6
1291300 2122.1
1291310 2122.1
1291320 2125.0
1291330 2130.2
1291340 2130.2
1291350 2132.7
1291360 2135.9
1291370 2140.5
1291380 2140.5
1291390 2146.4
1291400 2151.4
1291410 2151.4
1291420 2158.1
1291430 2163.6
1291440 2163.6
1291450 2175.4
1291460 2181.7
1291470 2181.7
1291480 2188.0
1291490 2194.4
1291500 2194.4
1291510 2200.8
1291520 2206.9
1291530 2206.9
1291540 2210.6
1291550 2209.8
1291560 2209.8
1291570 2202.7
1291580 2192.4
1291590 2192.4
1291600 2181.8
1291610 2172.2
1291620 2162.5
1291630 2162.5
1291640 2154.4
1291650 2147.5
1291660 2147.5
1291670 2140.4
1291680 2131.5
1291690 2131.5
1291700 2122.0
1291710 2113.2
1291720 2113.2
1291730 2104.8
1291740 2095.1
1291750 2095.1
1291760 2085.2
1291770 2077.2
1291780 2077.2
1291790 2069.6
1291800 2058.3
1291810 2058.3
1291820 2046.2
1291830 2037.9
1291840 2037.9
1291850 2032.1
1291860 2027.2
1291870 2023.6
1291880 2023.6
1291890 2020.5
1291900 2017.3
1291910 2017.3
1291920 2011.9
1291930 2006.4
1291940 2006.4
1291950 2002.3
1291960 1998.4
1291970 1998.4
1291980 1995.0
1291990 1992.2
1292000 1992.2
1292010 1988.1
1292020 1983.8
1292030 1983.8
1292040 1981.7
1292050 1979.0
1292060 1979.0
1292070 1975.4
1292080 1973.2
1292090 1973.2
1292100 1970.5
1292110 1970.9
1292120 1967.6
1292130 1967.6
1292140 1964.4
1292150 1960.3
1292160 1960.3
1292170 1956.0
1292180 1952.0
1292190 1952.0
1292200 1948.8
1292210 1947.8
1292220 1947.8
1292230 1948.6
1292240 1946.2
1292250 1946.2
1292260 1942.4
1292270 1937.9
1292280 1937.9
1292290 1933.8
1292300 1931.6
1292310 1931.6
1292320 1929.4
1292330 1927.5
1292340 1927.5
1292350 1924.2
1292360 1921.3
1292370 1918.3
1292380 1918.3
1292390 1914.5
1292400 1911.8
1292410 1911.8
1292420 1908.6
1292430 1904.5
1292440 1904.5
1292450 1901.5
1292460 1898.8
1292470 1898.8
1292480 1895.7
1292490 1891.1
1292500 1891.1
1292510 1884.5
1292520 1880.5
1292530 1880.5
1292540 1876.5
1292550 1872.6
1292560 1872.6
1292570 1866.8
1292580 1861.6
1292590 1861.6
1292600 1859.3
1292610 1856.1
1292620 1849.7
1292630 1849.7
1292640 1841.9
1292650 1835.7
1292660 1835.7
1292670 1829.0
1292680 1823.6
1292690 1823.6
1292700 1817.4
1292710 1810.3
1292720 1810.3
1292730 1803.8
1292740 1798.1
1292750 1798.1
1292760 1793.3
1292770 1792.2
1292780 1792.2
1292790 1788.3
1292800 1783.7
1292810 1783.7
1292820 1780.8
1292830 1776.5
1292840 1776.5
1292850 1771.3
1292860 1766.6
1292870 1762.5
1292880 1762.5
1292890 1759.6
1292900 1755.6
1292910 1755.6
1292920 1750.7
1292930 1744.8
1292940 1744.8
1292950 1738.1
1292960 1732.3
1292970 1732.3
1292980 1728.7
1292990 1727.1
1293000 1727.1
1293010 1724.9
1293020 1721.9
1293030 1721.9
1293040 1719.0
1293050 1716.4
1293060 1716.4
1293070 1712.9
1293080 1705.4
1293090 1705.4
1293100 1699.8
1293110 1694.7
1293120 1689.8
1293130 1689.8
1293140 1685.0
1293150 1679.7
1293160 1679.7
1293170 1674.5
1293180 1667.6
1293190 1667.6
1293200 1658.7
1293210 1652.6
1293220 1652.6
1293230 1647.2
1293240 1642.2
1293250 1642.2
1293260 1636.8
1293270 1630.9
1293280 1630.9
1293290 1625.0
1293300 1619.0
1293310 1619.0
1293320 1613.3
1293330 1608.5
1293340 1608.5
1293350 1604.0
1293360 1599.4
1293370 1594.7
1293380 1594.7
1293390 1590.0
1293400 1584.7
1293410 1584.7
1293420 1579.7
1293430 1574.1
1293440 1574.6
1293450 1569.2
1293460 1564.6
1293470 1564.6
1293480 1559.8
1293490 1553.4
1293500 1553.4
1293510 1547.6
1293520 1542.9
1293530 1542.9
1293540 1539.0
1293550 1533.7
1293560 1533.7
1293570 1529.0
1293580 1524.4
1293590 1519.9
1293600 1519.9
1293610 1515.3
1293620 1511.5
1293630 1511.5
1293640 1508.6
1293650 1504.6
1293660 1504.6
1293670 1500.2
1293680 1494.8
1293690 1494.8
1293700 1487.5
1293710 1480.4
1293720 1480.4
1293730 1471.9
1293740 1465.0
1293750 1465.0
1293760 1462.2
1293770 1459.1
1293780 1459.1
1293790 1455.4
1293800 1451.0
1293810 1451.0
1293820 1446.5
1293830 1441.3
1293840 1436.3
1293850 1436.3
1293860 1432.2
1293870 1428.2
1293880 1428.2
1293890 1423.5
1293900 1416.6
1293910 1416.6
1293920 1406.5
1293930 1399.6
1293940 1399.6
1293950 1395.0
1293960 1394.8
1293970 1394.8
1293980 1395.2
1293990 1395.4
1294000 1395.4
1294010 1395.9
1294020 1396.6
1294030 1396.6
1294040 1399.6
1294050 1406.0
1294060 1406.0
1294070 1411.4
1294080 1415.2
1294090 1417.5
1294100 1413.8
1294110 1415.4
1294120 1418.0
1294130 1418.0
1294140 1421.1
1294150 1424.3
1294160 1424.3
1294170 1427.5
1294180 1430.8
1294190 1430.8
1294200 1434.3
1294210 1437.8
1294220 1437.8
1294230 1440.9
1294240 1444.2
1294250 1444.2
1294260 1447.9
1294270 1452.3
1294280 1452.3
1294290 1457.6
1294300 1464.1
1294310 1464.1
1294320 1471.7
1294330 1479.4
1294340 1486.2
1294350 1486.2
1294360 1492.1
1294370 1497.0
1294380 1497.0
1294390 1502.1
1294400 1508.1
1294410 1508.1
1294420 1515.4
1294430 1522.4
1294440 1522.4
1294450 1528.1
1294460 1533.7
1294470 1533.7
1294480 1538.7
1294490 1543.4
1294500 1543.4
1294510 1549.4
1294520 1555.2
1294530 1555.2
1294540 1559.9
1294550 1564.2
1294560 1564.2
1294570 1568.7
1294580 1573.1
1294590 1576.5
1294600 1576.5
1294610 1580.2
1294620 1585.3
1294630 1585.3
1294640 1591.3
1294650 1596.9
1294660 1596.9
1294670 1602.5
1294680 1608.7
1294690 1608.7
1294700 1614.6
1294710 1621.4
1294720 1621.4
1294730 1628.3
1294740 1635.3
1294750 1635.3
1294760 1642.3
1294770 1649.3
1294780 1649.3
1294790 1653.7
1294800 1658.5
1294810 1658.5
1294820 1662.4
1294830 1666.0
1294840 1669.9
1294850 1669.9
1294860 1673.9
1294870 1678.0
1294880 1678.0
1294890 1682.9
1294900 1687.4
1294910 1687.4
1294920 1691.8
1294930 1696.5
1294940 1696.5
1294950 1701.3
1294960 1706.8
1294970 1706.8
1294980 1712.3
1294990 1717.7
1295000 1717.7
1295010 1723.0
1295020 1729.0
1295030 1729.0
1295040 1734.0
1295050 1737.9
1295060 1737.9
1295070 1741.7
1295080 1745.3
1295090 1749.9
1295100 1749.9
1295110 1755.3
1295120 1761.6
1295130 1761.6
1295140 1767.0
1295150 1770.5
1295160 1770.5
1295170 1773.4
1295180 1775.5
1295190 1775.5
1295200 1777.1
1295210 1780.2
1295220 1780.2
1295230 1784.9
1295240 1790.3
1295250 1790.3
1295260 1796.0
1295270 1801.5
1295280 1801.5
1295290 1807.0
1295300 1811.4
1295310 1811.4
1295320 1816.3
1295330 1822.1
1295340 1827.9
1295350 1827.9
1295360 1833.0
1295370 1836.9
1295380 1836.9
1295390 1840.3
1295400 1843.6
1295410 1843.6
1295420 1847.3
1295430 1851.4
1295440 1850.5
1295450 1854.9
1295460 1860.3
1295470 1860.3
1295480 1866.6
1295490 1873.1
1295500 1873.1
1295510 1879.3
1295520 1885.5
1295530 1885.5
1295540 1891.6
1295550 1898.3
1295560 1898.3
1295570 1904.7
1295580 1911.1
1295590 1917.6
1295600 1917.6
1295610 1925.5
1295620 1932.2
1295630 1932.2
1295640 1937.7
1295650 1943.2
1295660 1943.2
1295670 1948.7
1295680 1954.7
1295690 1954.7
1295700 1960.6
1295710 1966.6
1295720 1966.6
1295730 1973.1
1295740 1980.6
1295750 1980.6
1295760 1987.0
1295770 1993.6
1295780 1993.6
1295790 1999.4
1295800 2007.0
1295810 2007.0
1295820 2012.3
1295830 2016.0
1295840 2019.6
1295850 2019.6
1295860 2023.4
1295870 2027.0
1295880 2027.0
1295890 2031.1
1295900 2036.2
1295910 2036.2
1295920 2041.8
1295930 2047.5
1295940 2047.5
1295950 2051.8
1295960 2057.2
1295970 2057.2
1295980 2063.2
1295990 2068.2
1296000 2068.2
1296010 2073.3
1296020 2078.4
1296030 2078.4
1296040 2083.3
1296050 2088.6
1296060 2093.6
1296070 2093.6
1296080 2099.4
1296090 2105.1
1296100 2105.1
1296110 2111.2
1296120 2113.5
1296130 2113.5
1296140 2117.4
1296150 2120.5
1296160 2120.5
1296170 2124.6
1296180 2128.8
1296190 2128.8
1296200 2133.1
1296210 2137.2
1296220 2137.2
1296230 2141.9
1296240 2146.7
1296250 2146.7
1296260 2150.6
1296270 2154.1
1296280 2154.1
1296290 2156.5
1296300 2157.7
1296310 2159.0
1296320 2159.0
1296330 2161.7
1296340 2164.5
1296350 2164.5
1296360 2166.9
1296370 2169.4
1296380 2169.4
1296390 2171.8
1296400 2173.5
1296410 2173.5
1296420 2174.8
1296430 2178.2
1296440 2178.2
1296450 2183.2
1296460 2189.2
1296470 2189.2
1296480 2194.7
1296490 2197.4
1296500 2197.4
1296510 2198.8
1296520 2200.0
1296530 2200.0
1296540 2201.4
1296550 2203.8
1296560 2206.4
1296570 2206.4
1296580 2208.2
1296590 2212.0
1296600 2212.0
1296610 2218.5
1296620 2225.7
1296630 2225.7
1296640 2229.7
1296650 2232.7
1296660 2232.7
1296670 2236.0
1296680 2239.3
1296690 2239.3
1296700 2242.7
1296710 2246.4
1296720 2246.4
1296730 2249.8
1296740 2252.5
1296750 2252.5
1296760 2255.6
1296770 2259.0
1296780 2259.0
1296790 2251.1
1296800 2253.7
1296810 2258.1
1296820 2258.1
1296830 2262.5
1296840 2268.2
1296850 2268.2
1296860 2271.9
1296870 2269.7
1296880 2269.7
1296890 2269.1
1296900 2273.1
1296910 2273.1
1296920 2276.2
1296930 2276.6
1296940 2276.6
1296950 2278.0
1296960 2281.4
1296970 2281.4
1296980 2284.6
1296990 2286.1
1297000 2286.1
1297010 2289.7
1297020 2293.8
1297030 2293.8
1297040 2296.5
1297050 2299.1
1297060 2302.0
1297070 2302.0
1297080 2305.2
1297090 2309.8
1297100 2309.8
1297110 2315.1
1297120 2316.8
1297130 2316.8
1297140 2315.5
1297150 2317.1
1297160 2317.1
1297170 2320.3
1297180 2321.8
1297190 2321.8
1297200 2320.7
1297210 2321.6
1297220 2321.6
1297230 2321.6
1297240 2323.1
1297250 2323.1
1297260 2326.8
1297270 2329.4
1297280 2329.4
1297290 2330.1
1297300 2330.8
1297310 2333.6
1297320 2333.6
1297330 2336.2
1297340 2338.8
1297350 2338.8
1297360 2342.1
1297370 2344.5
1297380 2344.5
1297390 2346.4
1297400 2349.2
1297410 2349.2
1297420 2353.4
1297430 2358.4
1297440 2358.4
1297450 2363.2
1297460 2367.6
1297470 2368.5
1297480 2370.9
1297490 2373.4
1297500 2373.4
1297510 2376.9
1297520 2380.0
1297530 2380.0
1297540 2380.6
1297550 2381.0
1297560 2381.5
1297570 2381.5
1297580 2381.0
1297590 2380.0
1297600 2380.0
1297610 2376.4
1297620 2372.2
1297630 2372.2
1297640 2368.5
1297650 2367.0
1297660 2367.0
1297670 2365.9
1297680 2365.7
1297690 2365.7
1297700 2367.5
1297710 2371.6
1297720 2371.6
1297730 2372.9
1297740 2370.0
1297750 2370.0
1297760 2370.8
1297770 2372.6
1297780 2372.6
1297790 2374.8
1297800 2377.4
1297810 2378.7
1297820 2378.7
1297830 2380.1
1297840 2381.1
1297850 2381.1
1297860 2383.1
1297870 2385.7
1297880 2385.7
1297890 2388.8
1297900 2392.1
1297910 2392.1
1297920 2395.9
1297930 2400.5
1297940 2400.5
1297950 2405.8
1297960 2412.0
1297970 2412.0
1297980 2419.0
1297990 2426.7
1298000 2426.7
1298010 2434.5
1298020 2442.3
1298030 2442.3
1298040 2449.7
1298050 2457.3
1298060 2465.0
1298070 2465.0
1298080 2472.5
1298090 2480.6
1298100 2480.6
1298110 2489.1
1298120 2498.5
1298130 2498.5
1298140 2507.1
1298150 2504.9
1298160 2504.9
1298170 2509.2
1298180 2513.6
1298190 2513.6
1298200 2518.0
1298210 2523.0
1298220 2523.0
1298230 2528.5
1298240 2539.6
1298250 2539.6
1298260 2544.7
1298270 2553.1
1298280 2553.1
1298290 2559.3
1298300 2565.4
1298310 2571.6
1298320 2571.6
1298330 2578.5
1298340 2583.4
1298350 2583.4
1298360 2588.5
1298370 2594.1
1298380 2594.1
1298390 2598.6
1298400 2601.6
1298410 2601.6
1298420 2604.5
1298430 2601.2
1298440 2601.2
1298450 2592.3
1298460 2582.2
1298470 2582.2
1298480 2571.1
1298490 2562.1
1298500 2562.1
1298510 2554.0
1298520 2547.6
1298530 2541.8
1298540 2541.8
1298550 2537.0
1298560 2531.7
1298570 2531.7
1298580 2526.1
1298590 2520.9
1298600 2520.9
1298610 2515.4
1298620 2510.6
1298630 2510.6
1298640 2505.5
1298650 2499.7
1298660 2499.7
1298670 2496.3
1298680 2495.4
1298690 2495.4
1298700 2494.2
1298710 2492.6
1298720 2492.6
1298730 2489.1
1298740 2485.5
1298750 2485.5
1298760 2482.2
1298770 2475.2
1298780 2464.9
1298790 2464.9
1298800 2456.9
1298810 2450.8
1298820 2450.8
1298830 2449.7
1298840 2447.0
1298850 2447.0
1298860 2444.4
1298870 2441.2
1298880 2441.2
1298890 2437.0
1298900 2433.4
1298910 2433.4
1298920 2429.6
1298930 2424.5
1298940 2424.5
1298950 2418.7
1298960 2412.7
1298970 2412.7
1298980 2405.9
1298990 2399.3
1299000 2399.3
1299010 2394.7
1299020 2389.5
1299030 2383.9
1299040 2383.9
1299050 2378.8
1299060 2374.6
1299070 2374.6
1299080 2370.5
1299090 2365.4
1299100 2365.4
1299110 2358.8
1299120 2352.4
1299130 2352.4
1299140 2347.2
1299150 2341.4
1299160 2341.4
1299170 2334.9
1299180 2327.9
1299190 2327.9
1299200 2318.6
1299210 2310.8
1299220 2310.8
1299230 2307.4
1299240 2304.2
1299250 2304.2
1299260 2300.8
1299270 2296.4
1299280 2292.2
1299290 2292.2
1299300 2286.5
1299310 2280.3
1299320 2280.3
1299330 2273.2
1299340 2265.4
1299350 2265.4
1299360 2258.2
1299370 2250.5
1299380 2250.5
1299390 2244.1
1299400 2238.2
1299410 2238.2
1299420 2232.6
1299430 2226.5
1299440 2226.5
1299450 2220.9
1299460 2215.3
1299470 2215.3
1299480 2209.3
1299490 2202.3
1299500 2202.3
1299510 2195.0
1299520 2189.2
1299530 2183.5
1299540 2183.5
1299550 2177.8
1299560 2172.2
1299570 2172.2
1299580 2166.4
1299590 2160.5
1299600 2160.5
1299610 2154.4
1299620 2148.1
1299630 2148.1
1299640 2142.0
1299650 2135.8
1299660 2135.8
1299670 2129.6
1299680 2123.5
1299690 2123.5
1299700 2117.4
1299710 2111.3
1299720 2111.3
1299730 2105.0
1299740 2099.1
1299750 2099.1
1299760 2093.4
1299770 2087.0
1299780 2079.3
1299790 2079.3
1299800 2071.3
1299810 2064.2
1299820 2064.2
1299830 2057.0
1299840 2049.4
1299850 2049.4
1299860 2042.5
1299870 2035.9
1299880 2035.9
1299890 2029.4
1299900 2023.2
1299910 2023.2
1299920 2016.8
1299930 2011.4
1299940 2011.4
1299950 2006.2
1299960 2001.0
1299970 2001.0
1299980 1995.2
1299990 1989.9
