1280000 1978.3
1280010 1981.7
1280020 1983.0
1280030 1983.0
1280040 1982.5
1280050 1980.5
1280060 1980.5
1280070 1978.7
1280080 1979.4
1280090 1979.4
1280100 1979.1
1280110 1978.0
1280120 1977.6
1280130 1977.6
1280140 1977.8
1280150 1979.1
1280160 1979.1
1280170 1979.1
1280180 1980.4
1280190 1980.4
1280200 1982.8
1280210 1986.2
1280220 1986.2
1280230 1989.5
1280240 1992.9
1280250 1992.9
1280260 2003.4
1280270 2005.8
1280280 2005.8
1280290 2006.8
1280300 2008.9
1280310 2008.9
1280320 2011.4
1280330 2013.2
1280340 2013.2
1280350 2015.6
1280360 2018.7
1280370 2022.8
1280380 2022.8
1280390 2029.7
1280400 2038.6
1280410 2038.6
1280420 2050.0
1280430 2058.8
1280440 2058.8
1280450 2068.9
1280460 2080.9
1280470 2080.9
1280480 2090.8
1280490 2097.3
1280500 2097.3
1280510 2100.4
1280520 2102.5
1280530 2102.5
1280540 2104.2
1280550 2105.5
1280560 2105.5
1280570 2107.7
1280580 2110.4
1280590 2110.4
1280600 2111.8
1280610 2112.1
1280620 2114.7
1280630 2114.7
1280640 2118.0
1280650 2120.1
1280660 2120.1
1280670 2123.6
1280680 2127.6
1280690 2127.6
1280700 2132.7
1280710 2137.3
1280720 2137.3
1280730 2141.1
1280740 2142.5
1280750 2142.5
1280760 2143.0
1280770 2145.2
1280780 2145.2
1280790 2147.7
1280800 2150.2
1280810 2150.2
1280820 2153.1
1280830 2157.7
1280840 2157.7
1280850 2163.1
1280860 2168.9
1280870 2174.2
1280880 2174.2
1280890 2181.9
1280900 2183.4
1280910 2183.4
1280920 2182.8
1280930 2183.2
1280940 2183.2
1280950 2185.0
1280960 2186.3
1280970 2186.3
1280980 2185.5
1280990 2185.6
1281000 2185.6
1281010 2188.0
1281020 2191.5
1281030 2191.5
1281040 2194.3
1281050 2196.9
1281060 2196.9
1281070 2197.3
1281080 2196.1
1281090 2196.1
1281100 2196.1
1281110 2196.1
1281120 2197.6
1281130 2197.6
1281140 2199.4
1281150 2201.5
1281160 2201.5
1281170 2202.2
1281180 2202.5
1281190 2202.5
1281200 2203.2
1281210 2203.7
1281220 2203.7
1281230 2203.3
1281240 2203.2
1281250 2203.2
1281260 2204.6
1281270 2207.2
1281280 2207.2
1281290 2211.1
1281300 2213.6
1281310 2213.6
1281320 2215.1
1281330 2216.0
1281340 2216.0
1281350 2217.0
1281360 2217.8
1281370 2218.9
1281380 2218.9
1281390 2220.1
1281400 2221.1
1281410 2221.1
1281420 2222.4
1281430 2223.5
1281440 2223.5
1281450 2224.1
1281460 2223.2
1281470 2223.2
1281480 2220.2
1281490 2213.1
1281500 2213.1
1281510 2211.7
1281520 2208.0
1281530 2208.0
1281540 2207.4
1281550 2200.5
1281560 2200.5
1281570 2190.1
1281580 2180.0
1281590 2180.0
1281600 2168.2
1281610 2154.9
1281620 2149.0
1281630 2149.0
1281640 2146.6
1281650 2144.1
1281660 2144.1
1281670 2141.6
1281680 2139.5
1281690 2139.5
1281700 2138.8
1281710 2136.6
1281720 2136.6
1281730 2133.7
1281740 2133.5
1281750 2133.5
1281760 2135.3
1281770 2138.7
1281780 2138.7
1281790 2141.0
1281800 2140.8
1281810 2140.8
1281820 2138.5
1281830 2136.3
1281840 2136.3
1281850 2134.5
1281860 2132.3
1281870 2129.3
1281880 2129.3
1281890 2126.4
1281900 2126.0
1281910 2126.0
1281920 2126.8
1281930 2125.3
1281940 2125.3
1281950 2122.0
1281960 2119.5
1281970 2119.5
1281980 2118.0
1281990 2117.9
1282000 2117.9
1282010 2119.2
1282020 2121.2
1282030 2121.2
1282040 2122.7
1282050 2122.6
1282060 2122.6
1282070 2120.9
1282080 2118.8
1282090 2118.8
1282100 2117.8
1282110 2118.3
1282120 2121.3
1282130 2121.3
1282140 2126.5
1282150 2127.7
1282160 2127.7
1282170 2130.4
1282180 2132.9
1282190 2132.9
1282200 2133.7
1282210 2132.7
1282220 2132.7
1282230 2132.2
1282240 2132.5
1282250 2132.5
1282260 2132.1
1282270 2131.0
1282280 2131.0
1282290 2130.3
1282300 2130.7
1282310 2130.7
1282320 2131.6
1282330 2131.2
1282340 2131.2
1282350 2128.2
1282360 2124.5
1282370 2123.3
1282380 2123.3
1282390 2124.5
1282400 2122.3
1282410 2122.3
1282420 2118.2
1282430 2114.3
1282440 2114.3
1282450 2111.5
1282460 2108.4
1282470 2108.4
1282480 2105.2
1282490 2101.3
1282500 2101.3
1282510 2099.3
1282520 2100.7
1282530 2100.7
1282540 2101.3
1282550 2100.0
1282560 2100.0
1282570 2099.2
1282580 2096.7
1282590 2096.7
1282600 2095.8
1282610 2095.8
1282620 2095.5
1282630 2095.5
1282640 2094.2
1282650 2092.9
1282660 2092.9
1282670 2092.8
1282680 2091.8
1282690 2091.8
1282700 2090.3
1282710 2088.0
1282720 2088.0
1282730 2085.3
1282740 2085.3
1282750 2085.3
1282760 2086.8
1282770 2096.0
1282780 2096.0
1282790 2096.9
1282800 2096.4
1282810 2096.4
1282820 2096.9
1282830 2100.7
1282840 2100.7
1282850 2104.4
1282860 2106.7
1282870 2108.1
1282880 2108.1
1282890 2109.3
1282900 2109.6
1282910 2109.6
1282920 2109.2
1282930 2107.2
1282940 2107.2
1282950 2104.4
1282960 2103.1
1282970 2103.1
1282980 2104.7
1282990 2106.2
1283000 2106.2
1283010 2109.0
1283020 2114.3
1283030 2114.3
1283040 2119.1
1283050 2122.3
1283060 2122.3
1283070 2123.8
1283080 2124.4
1283090 2124.4
1283100 2123.9
1283110 2124.6
1283120 2124.7
1283130 2124.7
1283140 2125.3
1283150 2126.9
1283160 2126.9
1283170 2128.3
1283180 2130.8
1283190 2130.8
1283200 2134.5
1283210 2137.2
1283220 2137.2
1283230 2139.4
1283240 2142.3
1283250 2142.3
1283260 2146.4
1283270 2151.0
1283280 2151.0
1283290 2153.5
1283300 2155.1
1283310 2155.1
1283320 2159.4
1283330 2163.0
1283340 2163.0
1283350 2165.5
1283360 2167.1
1283370 2169.0
1283380 2169.0
1283390 2171.7
1283400 2179.8
1283410 2179.8
1283420 2182.6
1283430 2184.8
1283440 2184.8
1283450 2186.8
1283460 2187.7
1283470 2187.7
1283480 2187.1
1283490 2188.5
1283500 2188.5
1283510 2189.9
1283520 2192.7
1283530 2192.7
1283540 2193.7
1283550 2194.4
1283560 2194.4
1283570 2193.3
1283580 2191.2
1283590 2191.2
1283600 2191.4
1283610 2191.2
1283620 2190.9
1283630 2190.9
1283640 2191.3
1283650 2191.5
1283660 2191.5
1283670 2191.9
1283680 2193.5
1283690 2193.5
1283700 2196.2
1283710 2199.1
1283720 2199.1
1283730 2202.0
1283740 2204.0
1283750 2204.0
1283760 2205.8
1283770 2206.8
1283780 2206.8
1283790 2207.0
1283800 2204.5
1283810 2204.5
1283820 2202.4
1283830 2201.8
1283840 2201.8
1283850 2203.3
1283860 2207.1
1283870 2212.7
1283880 2212.7
1283890 2217.7
1283900 2220.2
1283910 2220.2
1283920 2221.7
1283930 2223.1
1283940 2223.1
1283950 2224.5
1283960 2226.4
1283970 2226.4
1283980 2228.5
1283990 2231.5
1284000 2231.5
1284010 2234.3
1284020 2235.8
1284030 2240.5
1284040 2241.4
1284050 2242.6
1284060 2242.6
1284070 2245.2
1284080 2250.2
1284090 2250.2
1284100 2256.5
1284110 2262.7
1284120 2269.4
1284130 2269.4
1284140 2275.9
1284150 2281.9
1284160 2281.9
1284170 2287.9
1284180 2291.5
1284190 2291.5
1284200 2295.0
1284210 2298.6
1284220 2298.6
1284230 2302.4
1284240 2305.0
1284250 2305.0
1284260 2305.4
1284270 2304.2
1284280 2304.2
1284290 2302.5
1284300 2301.9
1284310 2301.9
1284320 2299.0
1284330 2293.1
1284340 2293.1
1284350 2287.4
1284360 2282.2
1284370 2277.5
1284380 2277.5
1284390 2273.3
1284400 2268.2
1284410 2268.2
1284420 2261.6
1284430 2254.2
1284440 2254.2
1284450 2247.9
1284460 2241.5
1284470 2241.5
1284480 2235.4
1284490 2227.4
1284500 2227.4
1284510 2218.4
1284520 2208.9
1284530 2208.9
1284540 2201.5
1284550 2195.8
1284560 2195.8
1284570 2190.0
1284580 2180.9
1284590 2180.9
1284600 2168.0
1284610 2155.6
1284620 2143.6
1284630 2143.6
1284640 2134.3
1284650 2126.3
1284660 2126.3
1284670 2117.1
1284680 2108.6
1284690 2108.6
1284700 2100.2
1284710 2091.6
1284720 2091.6
1284730 2083.1
1284740 2074.4
1284750 2074.4
1284760 2067.2
1284770 2058.6
1284780 2058.6
1284790 2052.8
1284800 2047.7
1284810 2047.7
1284820 2037.9
1284830 2029.6
1284840 2029.6
1284850 2014.3
1284860 1992.5
1284870 1981.9
1284880 1981.9
1284890 1974.6
1284900 1962.1
1284910 1962.1
1284920 1953.8
1284930 1945.7
1284940 1945.7
1284950 1934.1
1284960 1924.5
1284970 1924.5
1284980 1916.3
1284990 1907.0
1285000 1907.0
1285010 1901.4
1285020 1901.7
1285030 1901.7
1285040 1902.0
1285050 1897.3
1285060 1897.3
1285070 1889.4
1285080 1879.7
1285090 1879.7
1285100 1868.8
1285110 1859.6
1285120 1851.1
1285130 1851.1
1285140 1841.7
1285150 1830.6
1285160 1830.6
1285170 1815.5
1285180 1799.3
1285190 1799.3
1285200 1786.6
1285210 1776.2
1285220 1776.2
1285230 1767.4
1285240 1758.8
1285250 1758.8
1285260 1749.6
1285270 1738.4
1285280 1738.4
1285290 1728.4
1285300 1719.7
1285310 1718.6
1285320 1710.3
1285330 1702.4
1285340 1702.4
1285350 1693.3
1285360 1684.7
1285370 1676.2
1285380 1676.2
1285390 1668.0
1285400 1657.7
1285410 1657.7
1285420 1647.9
1285430 1638.2
1285440 1638.2
1285450 1629.5
1285460 1621.5
1285470 1621.5
1285480 1614.5
1285490 1606.2
1285500 1606.2
1285510 1591.8
1285520 1577.1
1285530 1577.1
1285540 1560.2
1285550 1549.3
1285560 1549.3
1285570 1540.5
1285580 1532.3
1285590 1532.3
1285600 1524.6
1285610 1516.9
1285620 1510.2
1285630 1510.2
1285640 1503.6
1285650 1496.9
1285660 1496.9
1285670 1490.4
1285680 1484.4
1285690 1484.4
1285700 1474.7
1285710 1451.6
1285720 1451.6
1285730 1434.5
1285740 1423.9
1285750 1423.9
1285760 1416.0
1285770 1408.8
1285780 1408.8
1285790 1405.6
1285800 1405.5
1285810 1405.5
1285820 1405.4
1285830 1405.5
1285840 1405.5
1285850 1405.4
1285860 1405.7
1285870 1407.6
1285880 1407.6
1285890 1409.9
1285900 1415.3
1285910 1415.3
1285920 1418.5
1285930 1419.8
1285940 1419.8
1285950 1422.4
1285960 1425.9
1285970 1425.9
1285980 1430.1
1285990 1434.8
1286000 1434.8
1286010 1438.4
1286020 1441.3
1286030 1441.3
1286040 1445.0
1286050 1449.4
1286060 1449.4
1286070 1454.5
1286080 1460.6
1286090 1460.6
1286100 1466.0
1286110 1470.5
1286120 1474.7
1286130 1474.7
1286140 1480.3
1286150 1488.1
1286160 1488.1
1286170 1496.1
1286180 1502.2
1286190 1502.2
1286200 1506.1
1286210 1509.4
1286220 1509.4
1286230 1515.5
1286240 1521.3
1286250 1521.3
1286260 1525.4
1286270 1527.0
1286280 1527.0
1286290 1530.1
1286300 1533.8
1286310 1533.8
1286320 1537.6
1286330 1540.9
1286340 1540.9
1286350 1545.5
1286360 1551.4
1286370 1557.9
1286380 1557.9
1286390 1564.2
1286400 1568.7
1286410 1568.7
1286420 1572.1
1286430 1574.6
1286440 1574.6
1286450 1577.1
1286460 1580.2
1286470 1580.2
1286480 1582.7
1286490 1583.7
1286500 1583.7
1286510 1585.3
1286520 1588.0
1286530 1588.0
1286540 1591.2
1286550 1594.0
1286560 1594.0
1286570 1597.0
1286580 1601.6
1286590 1611.2
1286600 1611.2
1286610 1616.5
1286620 1620.5
1286630 1620.5
1286640 1623.5
1286650 1628.2
1286660 1628.2
1286670 1633.5
1286680 1639.7
1286690 1639.7
1286700 1644.3
1286710 1647.6
1286720 1647.6
1286730 1650.7
1286740 1653.7
1286750 1653.7
1286760 1656.4
1286770 1659.3
1286780 1659.3
1286790 1662.5
1286800 1665.4
1286810 1665.4
1286820 1668.1
1286830 1670.5
1286840 1673.5
1286850 1673.5
1286860 1676.7
1286870 1680.3
1286880 1680.3
1286890 1684.0
1286900 1687.9
1286910 1687.9
1286920 1692.5
1286930 1697.9
1286940 1697.9
1286950 1704.1
1286960 1711.6
1286970 1711.6
1286980 1719.1
1286990 1724.5
1287000 1724.5
1287010 1729.8
1287020 1735.7
1287030 1735.7
1287040 1739.5
1287050 1743.7
1287060 1743.7
1287070 1749.1
1287080 1756.0
1287090 1762.3
1287100 1762.3
1287110 1768.4
1287120 1774.6
1287130 1774.6
1287140 1780.4
1287150 1784.5
1287160 1784.5
1287170 1788.7
1287180 1792.5
1287190 1792.5
1287200 1797.1
1287210 1803.1
1287220 1803.1
1287230 1809.7
1287240 1813.3
1287250 1813.3
1287260 1816.4
1287270 1821.9
1287280 1821.9
1287290 1826.5
1287300 1829.6
1287310 1829.6
1287320 1832.0
1287330 1835.2
1287340 1838.0
1287350 1838.0
1287360 1841.0
1287370 1846.3
1287380 1846.3
1287390 1849.8
1287400 1853.7
1287410 1853.7
1287420 1858.9
1287430 1866.3
1287440 1866.3
1287450 1874.8
1287460 1880.7
1287470 1880.7
1287480 1885.8
1287490 1889.3
1287500 1889.3
1287510 1894.0
1287520 1899.5
1287530 1899.5
1287540 1904.9
1287550 1909.7
1287560 1909.7
1287570 1913.7
1287580 1918.1
1287590 1923.2
1287600 1923.2
1287610 1927.8
1287620 1932.6
1287630 1932.6
1287640 1935.3
1287650 1936.7
1287660 1936.7
1287670 1937.5
1287680 1939.4
1287690 1939.4
1287700 1942.0
1287710 1944.5
1287720 1944.5
1287730 1946.5
1287740 1947.0
1287750 1947.0
1287760 1948.0
1287770 1949.8
1287780 1949.8
1287790 1952.4
1287800 1955.4
1287810 1955.4
1287820 1958.1
1287830 1959.8
1287840 1961.6
1287850 1961.6
1287860 1963.9
1287870 1968.0
1287880 1968.4
1287890 1971.6
1287900 1975.2
1287910 1975.2
1287920 1977.5
1287930 1979.9
1287940 1979.9
1287950 1981.7
1287960 1982.6
1287970 1982.6
1287980 1985.8
1287990 1989.7
1288000 1989.7
1288010 1993.4
1288020 1996.1
1288030 1996.1
1288040 1998.8
1288050 2001.9
1288060 2001.9
1288070 2005.8
1288080 2009.6
1288090 2013.7
1288100 2013.7
1288110 2016.8
1288120 2018.2
1288130 2018.2
1288140 2019.2
1288150 2022.5
1288160 2022.5
1288170 2026.2
1288180 2028.7
1288190 2028.7
1288200 2031.0
1288210 2034.4
1288220 2034.4
1288230 2039.0
1288240 2045.1
1288250 2045.1
1288260 2051.2
1288270 2055.6
1288280 2055.6
1288290 2060.8
1288300 2067.8
1288310 2067.8
1288320 2073.8
1288330 2077.4
1288340 2080.8
1288350 2080.8
1288360 2082.1
1288370 2084.0
1288380 2084.0
1288390 2087.4
1288400 2090.9
1288410 2090.9
1288420 2093.9
1288430 2097.0
1288440 2097.0
1288450 2099.6
1288460 2102.2
1288470 2102.2
1288480 2105.2
1288490 2108.3
1288500 2108.3
1288510 2110.9
1288520 2116.9
1288530 2116.9
1288540 2119.9
1288550 2124.2
1288560 2124.2
1288570 2129.9
1288580 2134.2
1288590 2136.9
1288600 2136.9
1288610 2137.1
1288620 2135.7
1288630 2135.7
1288640 2134.3
1288650 2135.3
1288660 2135.3
1288670 2137.5
1288680 2139.2
1288690 2139.2
1288700 2141.0
1288710 2142.2
1288720 2142.2
1288730 2142.9
1288740 2145.4
1288750 2145.4
1288760 2148.4
1288770 2151.9
1288780 2151.9
1288790 2155.0
1288800 2157.6
1288810 2157.6
1288820 2160.9
1288830 2165.8
1288840 2172.2
1288850 2172.2
1288860 2179.2
1288870 2185.9
1288880 2185.9
1288890 2192.9
1288900 2200.2
1288910 2200.2
1288920 2207.6
1288930 2214.3
1288940 2214.3
1288950 2219.0
1288960 2222.8
1288970 2222.8
1288980 2227.1
1288990 2231.6
1289000 2231.6
1289010 2235.1
1289020 2238.2
1289030 2238.2
1289040 2241.1
1289050 2244.4
1289060 2244.4
1289070 2248.2
1289080 2251.4
1289090 2254.3
1289100 2254.3
1289110 2257.8
1289120 2261.5
1289130 2261.5
1289140 2264.6
1289150 2267.2
1289160 2267.2
1289170 2274.7
1289180 2280.9
1289190 2280.9
1289200 2284.6
1289210 2287.2
1289220 2287.2
1289230 2289.5
1289240 2292.8
1289250 2292.8
1289260 2294.7
1289270 2298.4
1289280 2298.4
1289290 2303.2
1289300 2307.5
1289310 2307.5
1289320 2311.2
1289330 2315.1
1289340 2318.1
1289350 2318.1
1289360 2320.2
1289370 2322.6
1289380 2322.6
1289390 2327.7
1289400 2335.5
1289410 2335.5
1289420 2339.8
1289430 2339.5
1289440 2339.5
1289450 2334.9
1289460 2332.8
1289470 2332.8
1289480 2339.1
1289490 2345.9
1289500 2345.9
1289510 2351.9
1289520 2355.7
1289530 2355.7
1289540 2356.8
1289550 2355.2
1289560 2355.2
1289570 2351.4
1289580 2348.0
1289590 2344.5
1289600 2344.5
1289610 2342.3
1289620 2337.4
1289630 2337.4
1289640 2331.1
1289650 2324.3
1289660 2324.3
1289670 2317.5
1289680 2310.8
1289690 2310.8
1289700 2304.3
1289710 2298.0
1289720 2298.0
1289730 2292.0
1289740 2286.9
1289750 2286.9
1289760 2282.8
1289770 2281.2
1289780 2281.2
1289790 2281.8
1289800 2282.2
1289810 2282.2
1289820 2281.4
1289830 2280.8
1289840 2279.6
1289850 2279.6
1289860 2278.7
1289870 2276.9
1289880 2276.9
1289890 2274.5
1289900 2274.1
1289910 2274.1
1289920 2277.7
1289930 2282.4
1289940 2282.4
1289950 2286.9
1289960 2290.7
1289970 2290.7
1289980 2294.1
1289990 2297.1
1290000 2297.1
1290010 2299.5
1290020 2302.0
1290030 2302.0
1290040 2303.6
1290050 2305.1
1290060 2305.1
1290070 2306.6
1290080 2307.5
1290090 2308.2
1290100 2308.2
1290110 2307.8
1290120 2306.2
1290130 2306.2
1290140 2303.5
1290150 2300.2
1290160 2300.2
1290170 2296.8
1290180 2292.1
1290190 2292.1
1290200 2286.5
1290210 2279.9
1290220 2279.9
1290230 2274.7
1290240 2272.1
1290250 2272.1
1290260 2269.8
1290270 2266.6
1290280 2266.6
1290290 2261.1
1290300 2256.2
1290310 2256.2
1290320 2252.8
1290330 2249.0
1290340 2245.2
1290350 2245.2
1290360 2241.5
1290370 2238.4
1290380 2238.4
1290390 2235.4
1290400 2233.4
1290410 2233.4
1290420 2232.1
1290430 2228.5
1290440 2228.5
1290450 2221.4
1290460 2214.7
1290470 2214.7
1290480 2209.5
1290490 2204.0
1290500 2204.0
1290510 2198.1
1290520 2193.5
1290530 2193.5
1290540 2189.1
1290550 2182.7
1290560 2182.7
1290570 2176.4
1290580 2166.5
1290590 2157.4
1290600 2157.4
1290610 2151.1
1290620 2145.9
1290630 2145.9
1290640 2142.2
1290650 2139.3
1290660 2139.3
1290670 2136.3
1290680 2132.4
1290690 2132.4
1290700 2123.5
1290710 2108.9
1290720 2108.9
1290730 2100.1
1290740 2092.2
1290750 2092.2
1290760 2086.1
1290770 2080.8
1290780 2080.8
1290790 2075.9
1290800 2071.0
1290810 2071.0
1290820 2066.6
1290830 2064.2
1290840 2063.8
1290850 2063.8
1290860 2064.7
1290870 2066.0
1290880 2066.0
1290890 2064.9
1290900 2060.5
1290910 2060.5
1290920 2051.8
1290930 2044.1
1290940 2044.1
1290950 2033.6
1290960 2024.9
1290970 2024.9
1290980 2018.8
1290990 2012.8
1291000 2012.8
1291010 2006.7
1291020 1996.5
1291030 1996.5
1291040 1982.4
1291050 1975.7
1291060 1975.7
1291070 1970.8
1291080 1966.3
1291090 1961.6
1291100 1961.6
1291110 1956.2
1291120 1951.7
1291130 1951.7
1291140 1946.7
1291150 1940.9
1291160 1940.9
1291170 1935.2
1291180 1929.3
1291190 1929.3
1291200 1923.2
1291210 1917.4
1291220 1917.4
1291230 1912.7
1291240 1908.5
1291250 1908.5
1291260 1903.8
1291270 1898.6
1291280 1898.6
1291290 1893.5
1291300 1889.4
1291310 1889.4
1291320 1886.7
1291330 1885.2
1291340 1884.7
1291350 1884.7
1291360 1883.0
1291370 1879.0
1291380 1879.0
1291390 1874.4
1291400 1869.6
1291410 1869.6
1291420 1864.8
1291430 1860.0
1291440 1860.0
1291450 1854.7
1291460 1850.5
1291470 1850.5
1291480 1847.1
1291490 1843.4
1291500 1843.4
1291510 1839.7
1291520 1835.5
1291530 1835.5
1291540 1831.5
1291550 1827.0
1291560 1827.0
1291570 1818.9
1291580 1810.7
1291590 1803.0
1291600 1803.0
1291610 1795.8
1291620 1789.6
1291630 1789.6
1291640 1784.4
1291650 1779.4
1291660 1779.4
1291670 1773.8
1291680 1768.8
1291690 1768.8
1291700 1764.2
1291710 1760.3
1291720 1760.3
1291730 1757.2
1291740 1754.1
1291750 1754.1
1291760 1750.8
1291770 1747.0
1291780 1747.0
1291790 1743.8
1291800 1741.3
1291810 1741.3
1291820 1738.5
1291830 1735.3
1291840 1731.8
1291850 1731.8
1291860 1728.4
1291870 1725.7
1291880 1725.7
1291890 1723.1
1291900 1719.6
1291910 1719.6
1291920 1716.9
1291930 1714.4
1291940 1714.4
1291950 1713.5
1291960 1714.1
1291970 1714.1
1291980 1715.4
1291990 1717.3
1292000 1717.3
1292010 1719.1
1292020 1720.8
1292030 1720.8
1292040 1722.6
1292050 1724.3
1292060 1724.3
1292070 1725.8
1292080 1727.0
1292090 1727.6
1292100 1727.6
1292110 1726.0
1292120 1721.4
1292130 1721.4
1292140 1716.2
1292150 1711.0
1292160 1711.0
1292170 1704.3
1292180 1695.2
1292190 1695.2
1292200 1684.4
1292210 1674.9
1292220 1674.9
1292230 1666.5
1292240 1658.7
1292250 1658.7
1292260 1652.4
1292270 1644.7
1292280 1644.7
1292290 1637.7
1292300 1631.4
1292310 1631.4
1292320 1625.3
1292330 1620.2
1292340 1617.1
1292350 1617.1
1292360 1615.6
1292370 1613.9
1292380 1613.9
1292390 1611.1
1292400 1608.4
1292410 1608.4
1292420 1606.5
1292430 1604.9
1292440 1604.9
1292450 1602.2
1292460 1603.3
1292470 1603.3
1292480 1599.0
1292490 1595.2
1292500 1595.2
1292510 1591.9
1292520 1588.3
1292530 1588.3
1292540 1584.0
1292550 1580.3
1292560 1580.3
1292570 1577.7
1292580 1574.8
1292590 1570.6
1292600 1570.6
1292610 1566.4
1292620 1561.7
1292630 1561.7
1292640 1556.6
1292650 1552.7
1292660 1552.7
1292670 1549.2
1292680 1545.5
1292690 1545.5
1292700 1541.8
1292710 1538.6
1292720 1538.6
1292730 1535.3
1292740 1533.2
1292750 1533.2
1292760 1530.3
1292770 1526.8
1292780 1526.8
1292790 1524.0
1292800 1521.9
1292810 1521.9
1292820 1518.3
1292830 1515.1
1292840 1512.0
1292850 1512.0
1292860 1509.6
1292870 1507.9
1292880 1507.9
1292890 1507.0
1292900 1505.7
1292910 1505.7
1292920 1503.9
1292930 1501.9
1292940 1501.9
1292950 1498.0
1292960 1493.4
1292970 1493.4
1292980 1489.0
1292990 1486.0
1293000 1486.0
1293010 1484.0
1293020 1481.9
1293030 1481.9
1293040 1479.7
1293050 1477.8
1293060 1477.8
1293070 1475.6
1293080 1473.0
1293090 1469.2
1293100 1469.2
1293110 1464.7
1293120 1464.0
1293130 1464.0
1293140 1461.0
1293150 1457.6
1293160 1457.6
1293170 1453.7
1293180 1449.8
1293190 1449.8
1293200 1444.4
1293210 1439.2
1293220 1439.2
1293230 1434.5
1293240 1429.8
1293250 1429.8
1293260 1424.6
1293270 1420.1
1293280 1420.1
1293290 1417.9
1293300 1415.0
1293310 1415.0
1293320 1412.2
1293330 1409.5
1293340 1406.7
1293350 1406.7
1293360 1402.7
1293370 1398.3
1293380 1398.3
1293390 1394.2
1293400 1390.3
1293410 1390.3
1293420 1386.6
1293430 1381.9
1293440 1381.9
1293450 1374.3
1293460 1368.4
1293470 1368.4
1293480 1363.6
1293490 1360.9
1293500 1360.9
1293510 1364.2
1293520 1371.0
1293530 1371.0
1293540 1373.5
1293550 1376.6
1293560 1376.6
1293570 1378.8
1293580 1380.8
1293590 1383.6
1293600 1383.6
1293610 1386.1
1293620 1388.6
1293630 1388.6
1293640 1392.3
1293650 1395.6
1293660 1395.6
1293670 1399.1
1293680 1402.2
1293690 1402.2
1293700 1405.2
1293710 1408.1
1293720 1408.1
1293730 1411.5
1293740 1416.6
1293750 1416.6
1293760 1424.0
1293770 1429.4
1293780 1429.4
1293790 1437.4
1293800 1442.0
1293810 1442.0
1293820 1446.0
1293830 1448.5
1293840 1451.2
1293850 1451.2
1293860 1454.7
1293870 1458.1
1293880 1458.1
1293890 1462.0
1293900 1465.9
1293910 1465.9
1293920 1470.0
1293930 1474.2
1293940 1474.2
1293950 1479.2
1293960 1482.4
1293970 1482.4
1293980 1485.6
1293990 1490.1
1294000 1490.1
1294010 1494.4
1294020 1497.1
1294030 1497.1
1294040 1501.8
1294050 1506.9
1294060 1506.9
1294070 1512.5
1294080 1518.3
1294090 1523.9
1294100 1523.9
1294110 1529.0
1294120 1534.9
1294130 1534.9
1294140 1541.2
1294150 1547.2
1294160 1547.2
1294170 1552.9
1294180 1558.1
1294190 1558.1
1294200 1562.6
1294210 1566.7
1294220 1566.7
1294230 1570.9
1294240 1574.8
1294250 1574.8
1294260 1579.4
1294270 1583.7
1294280 1583.7
1294290 1588.0
1294300 1592.3
1294310 1592.3
1294320 1596.1
1294330 1599.4
1294340 1603.3
1294350 1603.3
1294360 1610.3
1294370 1619.0
1294380 1619.0
1294390 1629.0
1294400 1637.2
1294410 1637.2
1294420 1644.7
1294430 1651.5
1294440 1651.5
1294450 1658.8
1294460 1659.8
1294470 1659.8
1294480 1664.7
1294490 1669.5
1294500 1669.5
1294510 1674.7
1294520 1680.5
1294530 1680.5
1294540 1686.2
1294550 1691.5
1294560 1691.5
1294570 1697.2
1294580 1703.3
1294590 1709.6
1294600 1709.6
1294610 1715.8
1294620 1721.0
1294630 1721.0
1294640 1727.9
1294650 1733.6
1294660 1733.6
1294670 1739.4
1294680 1745.1
1294690 1745.1
1294700 1750.3
1294710 1755.8
1294720 1755.8
1294730 1761.4
1294740 1766.6
1294750 1766.6
1294760 1772.3
1294770 1779.5
1294780 1779.5
1294790 1787.8
1294800 1794.1
1294810 1794.1
1294820 1797.8
1294830 1801.3
1294840 1804.5
1294850 1804.5
1294860 1807.4
1294870 1810.2
1294880 1810.2
1294890 1812.5
1294900 1815.2
1294910 1815.2
1294920 1818.5
1294930 1822.5
1294940 1822.5
1294950 1828.9
1294960 1835.9
1294970 1835.9
1294980 1841.0
1294990 1845.3
1295000 1845.3
1295010 1849.5
1295020 1853.8
1295030 1853.8
1295040 1859.4
1295050 1865.7
1295060 1865.7
1295070 1870.5
1295080 1873.9
1295090 1878.5
1295100 1878.5
1295110 1883.6
1295120 1889.1
1295130 1887.6
1295140 1893.9
1295150 1900.5
1295160 1900.5
1295170 1907.4
1295180 1912.1
1295190 1912.1
1295200 1914.9
1295210 1919.2
1295220 1919.2
1295230 1925.0
1295240 1930.7
1295250 1930.7
1295260 1935.8
1295270 1940.5
1295280 1940.5
1295290 1944.6
1295300 1949.0
1295310 1949.0
1295320 1954.2
1295330 1959.1
1295340 1962.8
1295350 1962.8
1295360 1966.0
1295370 1969.9
1295380 1969.9
1295390 1974.1
1295400 1978.1
1295410 1978.1
1295420 1982.8
1295430 1987.9
1295440 1987.9
1295450 1994.4
1295460 2000.1
1295470 2000.1
1295480 2003.9
1295490 2006.6
1295500 2006.6
1295510 2009.4
1295520 2014.3
1295530 2014.3
1295540 2019.2
1295550 2024.2
1295560 2024.2
1295570 2028.6
1295580 2032.0
1295590 2035.5
1295600 2035.5
1295610 2038.5
1295620 2041.4
1295630 2041.4
1295640 2045.3
1295650 2048.7
1295660 2048.7
1295670 2051.5
1295680 2054.8
1295690 2054.8
1295700 2058.0
1295710 2061.1
1295720 2061.1
1295730 2064.5
1295740 2067.4
1295750 2067.4
1295760 2069.5
1295770 2072.1
1295780 2072.1
1295790 2075.3
1295800 2076.0
1295810 2076.0
1295820 2078.4
1295830 2081.4
1295840 2084.6
1295850 2084.6
1295860 2086.7
1295870 2088.3
1295880 2088.3
1295890 2090.1
1295900 2092.4
1295910 2092.4
1295920 2094.9
1295930 2098.2
1295940 2098.2
1295950 2101.3
1295960 2104.2
1295970 2104.2
1295980 2106.9
1295990 2109.8
1296000 2109.8
1296010 2113.8
1296020 2117.3
1296030 2117.3
1296040 2120.1
1296050 2123.0
1296060 2123.0
1296070 2126.2
1296080 2129.7
1296090 2132.8
1296100 2132.8
1296110 2135.9
1296120 2138.5
1296130 2138.5
1296140 2140.8
1296150 2142.4
1296160 2142.4
1296170 2144.8
1296180 2147.5
1296190 2147.5
1296200 2149.4
1296210 2151.0
1296220 2151.0
1296230 2153.2
1296240 2155.4
1296250 2155.4
1296260 2157.7
1296270 2159.9
1296280 2159.9
1296290 2162.1
1296300 2164.7
1296310 2164.7
1296320 2167.8
1296330 2170.4
1296340 2173.4
1296350 2173.4
1296360 2177.0
1296370 2180.2
1296380 2180.2
1296390 2183.2
1296400 2186.5
1296410 2186.5
1296420 2189.3
1296430 2192.2
1296440 2192.2
1296450 2194.6
1296460 2196.1
1296470 2191.5
1296480 2193.2
1296490 2195.8
1296500 2195.8
1296510 2197.9
1296520 2200.3
1296530 2200.3
1296540 2203.5
1296550 2210.6
1296560 2210.6
1296570 2217.6
1296580 2222.8
1296590 2226.1
1296600 2226.1
1296610 2230.6
1296620 2235.8
1296630 2235.8
1296640 2240.2
1296650 2245.9
1296660 2245.9
1296670 2252.3
1296680 2257.6
1296690 2257.6
1296700 2259.9
1296710 2263.2
1296720 2263.2
1296730 2268.2
1296740 2274.1
1296750 2274.1
1296760 2280.4
1296770 2287.1
1296780 2287.1
1296790 2294.3
1296800 2302.3
1296810 2302.3
1296820 2309.6
1296830 2315.5
1296840 2320.5
1296850 2320.5
1296860 2325.3
1296870 2329.3
1296880 2329.3
1296890 2333.6
1296900 2338.3
1296910 2338.3
1296920 2341.6
1296930 2344.9
1296940 2344.9
1296950 2349.5
1296960 2354.2
1296970 2354.2
1296980 2359.4
1296990 2364.6
1297000 2364.6
1297010 2369.9
1297020 2374.3
1297030 2374.3
1297040 2378.4
1297050 2383.6
1297060 2390.4
1297070 2390.4
1297080 2397.0
1297090 2402.8
1297100 2402.8
1297110 2408.0
1297120 2413.0
1297130 2413.0
1297140 2417.7
1297150 2421.0
1297160 2421.0
1297170 2425.6
1297180 2430.4
1297190 2430.4
1297200 2435.4
1297210 2440.2
1297220 2440.2
1297230 2443.7
1297240 2447.7
1297250 2447.7
1297260 2452.8
1297270 2457.6
1297280 2457.6
1297290 2461.3
1297300 2464.5
1297310 2467.6
1297320 2467.6
1297330 2470.6
1297340 2473.4
1297350 2473.4
1297360 2478.8
1297370 2484.0
1297380 2484.0
1297390 2488.0
1297400 2492.0
1297410 2492.0
1297420 2495.5
1297430 2498.3
1297440 2498.3
1297450 2500.9
1297460 2503.0
1297470 2503.0
1297480 2505.7
1297490 2510.0
1297500 2510.0
1297510 2515.6
1297520 2521.3
1297530 2521.3
1297540 2527.0
1297550 2532.5
1297560 2537.9
1297570 2537.9
1297580 2542.2
1297590 2546.3
1297600 2546.3
1297610 2549.8
1297620 2553.6
1297630 2553.6
1297640 2558.5
1297650 2564.3
1297660 2564.3
1297670 2571.0
1297680 2577.4
1297690 2577.4
1297700 2582.5
1297710 2586.6
1297720 2586.6
1297730 2590.1
1297740 2593.6
1297750 2593.6
1297760 2596.5
1297770 2599.0
1297780 2599.0
1297790 2601.1
1297800 2602.8
1297810 2604.2
1297820 2604.2
1297830 2608.1
1297840 2609.0
1297850 2609.0
1297860 2608.9
1297870 2608.8
1297880 2608.8
1297890 2611.2
1297900 2613.1
1297910 2613.1
1297920 2613.5
1297930 2614.2
1297940 2614.2
1297950 2616.8
1297960 2618.0
1297970 2618.0
1297980 2614.9
1297990 2611.3
1298000 2611.3
1298010 2611.9
1298020 2612.3
1298030 2612.3
1298040 2612.4
1298050 2613.7
1298060 2616.4
1298070 2616.4
1298080 2619.8
1298090 2621.7
1298100 2621.7
1298110 2622.5
1298120 2623.5
1298130 2623.5
1298140 2624.6
1298150 2624.4
1298160 2624.4
1298170 2623.6
1298180 2622.6
1298190 2622.6
1298200 2619.8
1298210 2614.7
1298220 2614.7
1298230 2608.8
1298240 2603.8
1298250 2603.8
1298260 2602.0
1298270 2601.5
1298280 2601.5
1298290 2601.8
1298300 2601.0
1298310 2598.2
1298320 2598.2
1298330 2598.9
1298340 2601.2
1298350 2601.2
1298360 2601.6
1298370 2601.5
1298380 2601.5
1298390 2600.8
1298400 2599.0
1298410 2599.0
1298420 2597.0
1298430 2595.7
1298440 2595.7
1298450 2594.0
1298460 2594.1
1298470 2594.1
1298480 2594.6
1298490 2594.3
1298500 2594.3
1298510 2600.9
1298520 2603.3
1298530 2603.3
1298540 2604.7
1298550 2606.9
1298560 2609.8
1298570 2609.8
1298580 2613.2
1298590 2616.8
1298600 2616.8
1298610 2619.9
1298620 2622.2
1298630 2622.2
1298640 2624.3
1298650 2625.8
1298660 2625.8
1298670 2623.1
1298680 2620.4
1298690 2620.4
1298700 2613.9
1298710 2610.8
1298720 2610.8
1298730 2608.2
1298740 2603.3
1298750 2603.3
1298760 2595.5
1298770 2593.5
1298780 2593.5
1298790 2589.5
1298800 2581.2
1298810 2571.7
1298820 2571.7
1298830 2560.2
1298840 2548.9
1298850 2548.9
1298860 2536.7
1298870 2526.7
1298880 2526.7
1298890 2518.8
1298900 2512.6
1298910 2512.6
1298920 2506.4
1298930 2500.3
1298940 2500.3
1298950 2494.7
1298960 2487.4
1298970 2487.4
1298980 2481.9
1298990 2478.6
1299000 2478.6
1299010 2474.9
1299020 2470.1
1299030 2470.1
1299040 2465.8
1299050 2460.6
1299060 2455.7
1299070 2455.7
1299080 2451.7
1299090 2447.3
1299100 2447.3
1299110 2443.5
1299120 2439.5
1299130 2439.5
1299140 2434.9
1299150 2429.7
1299160 2429.7
1299170 2425.0
1299180 2421.7
1299190 2418.2
1299200 2416.0
1299210 2414.2
1299220 2414.2
1299230 2411.3
1299240 2405.7
1299250 2405.7
1299260 2394.9
1299270 2385.5
1299280 2385.5
1299290 2376.4
1299300 2367.3
1299310 2357.5
1299320 2357.5
1299330 2344.5
1299340 2333.1
1299350 2333.1
1299360 2323.2
1299370 2314.0
1299380 2314.0
1299390 2302.9
1299400 2295.0
1299410 2295.0
1299420 2288.9
1299430 2283.3
1299440 2283.3
1299450 2277.7
1299460 2272.9
1299470 2272.9
1299480 2270.6
1299490 2269.9
1299500 2269.9
1299510 2270.1
1299520 2266.8
1299530 2266.8
1299540 2263.8
1299550 2263.0
1299560 2262.7
1299570 2262.7
1299580 2259.7
1299590 2256.5
1299600 2256.5
1299610 2253.8
1299620 2250.7
1299630 2250.7
1299640 2249.4
1299650 2248.4
1299660 2248.4
1299670 2244.3
1299680 2242.9
1299690 2242.9
1299700 2242.1
1299710 2241.6
1299720 2241.6
1299730 2241.4
1299740 2239.7
1299750 2239.7
1299760 2238.9
1299770 2239.5
1299780 2239.5
1299790 2239.8
1299800 2240.8
1299810 2242.9
1299820 2242.9
1299830 2244.4
1299840 2246.6
1299850 2246.6
1299860 2247.1
1299870 2231.8
1299880 2219.1
1299890 2212.6
1299900 2205.1
1299910 2205.1
1299920 2192.6
1299930 2183.4
1299940 2183.4
1299950 2181.6
1299960 2182.4
1299970 2182.4
1299980 2186.5
1299990 2189.2
