1280000 1985.3
1280010 1988.1
1280020 1989.3
1280030 1989.3
1280040 1989.2
1280050 1987.0
1280060 1987.0
1280070 1984.4
1280080 1983.7
1280090 1983.7
1280100 1982.6
1280110 1982.4
1280120 1982.7
1280130 1982.7
1280140 1983.0
1280150 1984.1
1280160 1984.1
1280170 1985.8
1280180 1987.7
1280190 1987.7
1280200 1989.8
1280210 1992.9
1280220 1992.9
1280230 1996.0
1280240 1999.6
1280250 1999.6
1280260 2003.4
1280270 2005.8
1280280 2005.8
1280290 2006.8
1280300 2008.9
1280310 2008.9
1280320 2011.4
1280330 2013.2
1280340 2013.2
1280350 2015.6
1280360 2018.7
1280370 2022.8
1280380 2022.8
1280390 2029.7
1280400 2038.6
1280410 2038.6
1280420 2050.0
1280430 2058.8
1280440 2058.8
1280450 2068.9
1280460 2084.4
1280470 2084.4
1280480 2092.0
1280490 2098.6
1280500 2098.6
1280510 2103.1
1280520 2106.5
1280530 2106.5
1280540 2108.8
1280550 2110.5
1280560 2110.5
1280570 2112.5
1280580 2115.2
1280590 2115.2
1280600 2117.9
1280610 2120.9
1280620 2122.6
1280630 2122.6
1280640 2124.7
1280650 2126.4
1280660 2126.4
1280670 2128.6
1280680 2131.4
1280690 2131.4
1280700 2135.4
1280710 2140.0
1280720 2140.0
1280730 2143.5
1280740 2145.3
1280750 2145.3
1280760 2147.1
1280770 2149.1
1280780 2149.1
1280790 2152.1
1280800 2154.6
1280810 2154.6
1280820 2156.6
1280830 2159.7
1280840 2159.7
1280850 2164.6
1280860 2169.9
1280870 2177.1
1280880 2177.1
1280890 2181.9
1280900 2183.4
1280910 2183.4
1280920 2182.8
1280930 2183.2
1280940 2183.2
1280950 2185.0
1280960 2186.3
1280970 2186.3
1280980 2185.5
1280990 2185.6
1281000 2185.6
1281010 2188.0
1281020 2191.5
1281030 2191.5
1281040 2194.3
1281050 2196.9
1281060 2196.9
1281070 2197.3
1281080 2196.1
1281090 2200.7
1281100 2200.5
1281110 2199.6
1281120 2199.0
1281130 2199.0
1281140 2200.7
1281150 2203.5
1281160 2203.5
1281170 2205.6
1281180 2206.4
1281190 2206.4
1281200 2207.8
1281210 2209.2
1281220 2209.2
1281230 2209.2
1281240 2209.1
1281250 2209.1
1281260 2209.7
1281270 2213.0
1281280 2213.0
1281290 2217.8
1281300 2220.1
1281310 2220.1
1281320 2221.3
1281330 2223.0
1281340 2223.0
1281350 2224.3
1281360 2225.1
1281370 2225.5
1281380 2225.5
1281390 2226.7
1281400 2227.9
1281410 2227.9
1281420 2228.9
1281430 2229.6
1281440 2229.6
1281450 2229.3
1281460 2228.1
1281470 2228.1
1281480 2225.3
1281490 2221.1
1281500 2221.1
1281510 2211.7
1281520 2208.0
1281530 2208.0
1281540 2207.4
1281550 2200.5
1281560 2200.5
1281570 2190.1
1281580 2180.0
1281590 2180.0
1281600 2168.2
1281610 2154.9
1281620 2149.0
1281630 2149.0
1281640 2146.6
1281650 2144.1
1281660 2144.1
1281670 2141.6
1281680 2139.5
1281690 2139.5
1281700 2138.8
1281710 2146.0
1281720 2146.0
1281730 2140.3
1281740 2139.9
1281750 2139.9
1281760 2141.9
1281770 2144.7
1281780 2144.7
1281790 2146.9
1281800 2147.3
1281810 2147.3
1281820 2145.2
1281830 2143.1
1281840 2143.1
1281850 2141.1
1281860 2137.8
1281870 2133.7
1281880 2133.7
1281890 2130.6
1281900 2129.2
1281910 2129.2
1281920 2128.7
1281930 2127.1
1281940 2127.1
1281950 2124.2
1281960 2122.3
1281970 2122.3
1281980 2122.8
1281990 2123.0
1282000 2123.0
1282010 2124.0
1282020 2125.5
1282030 2125.5
1282040 2126.8
1282050 2126.1
1282060 2126.1
1282070 2123.2
1282080 2120.9
1282090 2120.9
1282100 2119.5
1282110 2120.3
1282120 2123.7
1282130 2123.7
1282140 2126.5
1282150 2127.7
1282160 2127.7
1282170 2130.4
1282180 2132.9
1282190 2132.9
1282200 2133.7
1282210 2132.7
1282220 2132.7
1282230 2132.2
1282240 2132.5
1282250 2132.5
1282260 2132.1
1282270 2131.0
1282280 2131.0
1282290 2130.3
1282300 2130.7
1282310 2130.7
1282320 2131.6
1282330 2131.2
1282340 2138.2
1282350 2135.0
1282360 2131.4
1282370 2130.2
1282380 2130.2
1282390 2130.4
1282400 2129.0
1282410 2129.0
1282420 2126.0
1282430 2121.4
1282440 2121.4
1282450 2118.2
1282460 2115.1
1282470 2115.1
1282480 2111.5
1282490 2107.6
1282500 2107.6
1282510 2104.5
1282520 2105.5
1282530 2105.5
1282540 2106.7
1282550 2105.4
1282560 2105.4
1282570 2103.7
1282580 2102.3
1282590 2102.3
1282600 2101.4
1282610 2101.8
1282620 2102.0
1282630 2102.0
1282640 2101.0
1282650 2099.9
1282660 2099.9
1282670 2098.5
1282680 2096.6
1282690 2096.6
1282700 2095.3
1282710 2093.8
1282720 2093.8
1282730 2090.7
1282740 2090.6
1282750 2090.6
1282760 2093.7
1282770 2096.0
1282780 2096.0
1282790 2096.9
1282800 2096.4
1282810 2096.4
1282820 2096.9
1282830 2100.7
1282840 2100.7
1282850 2104.4
1282860 2106.7
1282870 2108.1
1282880 2108.1
1282890 2109.3
1282900 2109.6
1282910 2109.6
1282920 2109.2
1282930 2107.2
1282940 2107.2
1282950 2104.4
1282960 2103.1
1282970 2110.6
1282980 2110.9
1282990 2112.0
1283000 2112.0
1283010 2114.4
1283020 2119.1
1283030 2119.1
1283040 2123.8
1283050 2126.5
1283060 2126.5
1283070 2128.4
1283080 2129.0
1283090 2129.0
1283100 2128.9
1283110 2129.7
1283120 2131.2
1283130 2131.2
1283140 2132.7
1283150 2132.8
1283160 2132.8
1283170 2133.7
1283180 2136.6
1283190 2136.6
1283200 2140.4
1283210 2143.3
1283220 2143.3
1283230 2145.3
1283240 2147.7
1283250 2147.7
1283260 2152.6
1283270 2157.0
1283280 2157.0
1283290 2159.5
1283300 2161.9
1283310 2161.9
1283320 2166.5
1283330 2169.3
1283340 2169.3
1283350 2171.4
1283360 2172.1
1283370 2175.1
1283380 2175.1
1283390 2178.0
1283400 2179.8
1283410 2179.8
1283420 2182.6
1283430 2184.8
1283440 2184.8
1283450 2186.8
1283460 2187.7
1283470 2187.7
1283480 2187.1
1283490 2188.5
1283500 2188.5
1283510 2189.9
1283520 2192.7
1283530 2192.7
1283540 2193.7
1283550 2194.4
1283560 2194.4
1283570 2193.3
1283580 2191.2
1283590 2191.2
1283600 2197.9
1283610 2197.2
1283620 2196.3
1283630 2196.3
1283640 2196.6
1283650 2196.9
1283660 2196.9
1283670 2196.7
1283680 2196.1
1283690 2196.1
1283700 2198.0
1283710 2201.4
1283720 2201.4
1283730 2204.8
1283740 2207.4
1283750 2207.4
1283760 2209.1
1283770 2210.0
1283780 2210.0
1283790 2209.7
1283800 2207.6
1283810 2207.6
1283820 2205.0
1283830 2204.0
1283840 2204.0
1283850 2205.0
1283860 2208.7
1283870 2213.5
1283880 2213.5
1283890 2218.4
1283900 2221.5
1283910 2221.5
1283920 2223.2
1283930 2224.6
1283940 2224.6
1283950 2226.1
1283960 2228.7
1283970 2228.7
1283980 2232.1
1283990 2236.1
1284000 2236.1
1284010 2239.6
1284020 2240.5
1284030 2240.5
1284040 2241.4
1284050 2242.6
1284060 2242.6
1284070 2245.2
1284080 2250.2
1284090 2250.2
1284100 2256.5
1284110 2262.7
1284120 2269.4
1284130 2269.4
1284140 2275.9
1284150 2281.9
1284160 2281.9
1284170 2287.9
1284180 2291.5
1284190 2291.5
1284200 2295.0
1284210 2298.6
1284220 2298.6
1284230 2302.4
1284240 2307.5
1284250 2307.5
1284260 2307.5
1284270 2305.6
1284280 2305.6
1284290 2303.4
1284300 2301.9
1284310 2301.9
1284320 2298.3
1284330 2292.8
1284340 2292.8
1284350 2287.6
1284360 2282.7
1284370 2278.3
1284380 2278.3
1284390 2274.0
1284400 2269.3
1284410 2269.3
1284420 2263.2
1284430 2256.1
1284440 2256.1
1284450 2249.9
1284460 2243.5
1284470 2243.5
1284480 2236.4
1284490 2228.1
1284500 2228.1
1284510 2219.1
1284520 2207.6
1284530 2207.6
1284540 2197.9
1284550 2190.6
1284560 2190.6
1284570 2185.7
1284580 2174.4
1284590 2174.4
1284600 2160.3
1284610 2149.9
1284620 2141.4
1284630 2141.4
1284640 2133.2
1284650 2125.1
1284660 2125.1
1284670 2117.1
1284680 2108.6
1284690 2108.6
1284700 2100.2
1284710 2091.6
1284720 2091.6
1284730 2083.1
1284740 2074.4
1284750 2074.4
1284760 2067.2
1284770 2058.6
1284780 2058.6
1284790 2052.8
1284800 2047.7
1284810 2047.7
1284820 2037.9
1284830 2029.6
1284840 2029.6
1284850 2014.3
1284860 1992.5
1284870 1971.2
1284880 1971.2
1284890 1964.1
1284900 1954.3
1284910 1954.3
1284920 1944.6
1284930 1939.5
1284940 1939.5
1284950 1931.2
1284960 1921.3
1284970 1921.3
1284980 1912.8
1284990 1902.9
1285000 1902.9
1285010 1894.5
1285020 1891.7
1285030 1891.7
1285040 1894.0
1285050 1892.2
1285060 1892.2
1285070 1886.3
1285080 1877.7
1285090 1877.7
1285100 1866.7
1285110 1858.0
1285120 1849.8
1285130 1849.8
1285140 1840.3
1285150 1828.2
1285160 1828.2
1285170 1811.6
1285180 1798.2
1285190 1798.2
1285200 1787.5
1285210 1778.6
1285220 1778.6
1285230 1769.4
1285240 1758.7
1285250 1758.7
1285260 1748.2
1285270 1735.8
1285280 1735.8
1285290 1727.0
1285300 1718.6
1285310 1718.6
1285320 1710.3
1285330 1702.4
1285340 1702.4
1285350 1693.3
1285360 1684.7
1285370 1676.2
1285380 1676.2
1285390 1668.0
1285400 1657.7
1285410 1657.7
1285420 1647.9
1285430 1638.2
1285440 1638.2
1285450 1629.5
1285460 1621.5
1285470 1621.5
1285480 1614.5
1285490 1606.2
1285500 1606.2
1285510 1591.1
1285520 1576.7
1285530 1576.7
1285540 1563.1
1285550 1554.3
1285560 1554.3
1285570 1544.6
1285580 1535.0
1285590 1535.0
1285600 1528.5
1285610 1522.0
1285620 1514.4
1285630 1514.4
1285640 1507.2
1285650 1500.2
1285660 1500.2
1285670 1494.1
1285680 1487.6
1285690 1487.6
1285700 1473.9
1285710 1453.2
1285720 1453.2
1285730 1433.7
1285740 1422.6
1285750 1422.6
1285760 1414.8
1285770 1408.2
1285780 1408.2
1285790 1406.3
1285800 1405.9
1285810 1405.9
1285820 1406.0
1285830 1406.2
1285840 1406.2
1285850 1406.3
1285860 1406.0
1285870 1407.7
1285880 1407.7
1285890 1409.8
1285900 1415.2
1285910 1415.2
1285920 1418.4
1285930 1419.8
1285940 1419.8
1285950 1422.4
1285960 1425.9
1285970 1425.9
1285980 1430.1
1285990 1434.8
1286000 1434.8
1286010 1438.4
1286020 1441.3
1286030 1441.3
1286040 1445.0
1286050 1449.4
1286060 1449.4
1286070 1454.5
1286080 1460.6
1286090 1460.6
1286100 1466.0
1286110 1470.5
1286120 1474.7
1286130 1474.7
1286140 1480.3
1286150 1490.1
1286160 1490.1
1286170 1496.7
1286180 1502.8
1286190 1502.8
1286200 1507.1
1286210 1510.8
1286220 1510.8
1286230 1516.8
1286240 1522.6
1286250 1522.6
1286260 1525.0
1286270 1527.1
1286280 1527.1
1286290 1530.4
1286300 1534.3
1286310 1534.3
1286320 1538.1
1286330 1541.6
1286340 1541.6
1286350 1546.6
1286360 1552.3
1286370 1558.1
1286380 1558.1
1286390 1563.6
1286400 1568.4
1286410 1568.4
1286420 1572.5
1286430 1575.3
1286440 1575.3
1286450 1577.5
1286460 1580.6
1286470 1580.6
1286480 1582.7
1286490 1583.8
1286500 1583.8
1286510 1586.0
1286520 1588.9
1286530 1588.9
1286540 1591.4
1286550 1594.6
1286560 1594.6
1286570 1598.2
1286580 1603.5
1286590 1603.5
1286600 1611.2
1286610 1616.5
1286620 1620.5
1286630 1620.5
1286640 1623.5
1286650 1628.2
1286660 1628.2
1286670 1633.5
1286680 1639.7
1286690 1639.7
1286700 1644.3
1286710 1647.6
1286720 1647.6
1286730 1650.7
1286740 1653.7
1286750 1653.7
1286760 1656.4
1286770 1659.3
1286780 1659.3
1286790 1665.1
1286800 1667.7
1286810 1667.7
1286820 1670.3
1286830 1673.1
1286840 1673.1
1286850 1675.6
1286860 1678.2
1286870 1681.4
1286880 1681.4
1286890 1685.0
1286900 1688.5
1286910 1688.5
1286920 1692.7
1286930 1697.6
1286940 1697.6
1286950 1703.3
1286960 1710.1
1286970 1710.1
1286980 1717.5
1286990 1723.9
1287000 1723.9
1287010 1729.3
1287020 1734.6
1287030 1734.6
1287040 1738.5
1287050 1743.2
1287060 1743.2
1287070 1749.5
1287080 1755.9
1287090 1755.9
1287100 1761.6
1287110 1768.4
1287120 1774.8
1287130 1774.8
1287140 1780.7
1287150 1785.0
1287160 1785.0
1287170 1789.3
1287180 1792.0
1287190 1792.0
1287200 1797.5
1287210 1804.5
1287220 1804.5
1287230 1809.7
1287240 1813.3
1287250 1813.3
1287260 1816.4
1287270 1821.9
1287280 1821.9
1287290 1826.5
1287300 1829.6
1287310 1829.6
1287320 1832.0
1287330 1835.2
1287340 1835.2
1287350 1838.0
1287360 1841.0
1287370 1846.3
1287380 1846.3
1287390 1849.8
1287400 1853.7
1287410 1853.7
1287420 1858.9
1287430 1866.3
1287440 1864.9
1287450 1871.1
1287460 1876.6
1287470 1876.6
1287480 1882.1
1287490 1887.4
1287500 1887.4
1287510 1892.4
1287520 1898.0
1287530 1898.0
1287540 1904.0
1287550 1909.4
1287560 1909.4
1287570 1913.3
1287580 1917.4
1287590 1917.4
1287600 1921.6
1287610 1926.6
1287620 1931.4
1287630 1931.4
1287640 1935.3
1287650 1937.6
1287660 1937.6
1287670 1938.8
1287680 1940.7
1287690 1940.7
1287700 1943.8
1287710 1947.5
1287720 1947.5
1287730 1949.2
1287740 1949.4
1287750 1949.4
1287760 1950.3
1287770 1952.1
1287780 1952.1
1287790 1954.0
1287800 1956.4
1287810 1956.4
1287820 1959.2
1287830 1961.3
1287840 1961.3
1287850 1962.1
1287860 1964.9
1287870 1968.4
1287880 1968.4
1287890 1971.6
1287900 1975.2
1287910 1975.2
1287920 1977.5
1287930 1979.9
1287940 1979.9
1287950 1981.7
1287960 1982.6
1287970 1982.6
1287980 1985.8
1287990 1989.7
1288000 1989.7
1288010 1993.4
1288020 1996.1
1288030 1996.1
1288040 1998.8
1288050 2001.9
1288060 2001.9
1288070 2005.8
1288080 2011.6
1288090 2011.6
1288100 2016.4
1288110 2019.4
1288120 2020.8
1288130 2020.8
1288140 2022.7
1288150 2026.4
1288160 2026.4
1288170 2030.6
1288180 2033.6
1288190 2033.6
1288200 2036.1
1288210 2039.2
1288220 2039.2
1288230 2044.3
1288240 2050.4
1288250 2050.4
1288260 2055.2
1288270 2059.2
1288280 2059.2
1288290 2064.3
1288300 2070.5
1288310 2070.5
1288320 2076.2
1288330 2080.8
1288340 2080.8
1288350 2083.6
1288360 2085.5
1288370 2087.1
1288380 2087.1
1288390 2090.1
1288400 2094.0
1288410 2094.0
1288420 2096.4
1288430 2099.3
1288440 2099.3
1288450 2102.3
1288460 2105.2
1288470 2105.2
1288480 2108.1
1288490 2111.2
1288500 2111.2
1288510 2113.8
1288520 2116.9
1288530 2116.9
1288540 2119.9
1288550 2124.2
1288560 2124.2
1288570 2129.9
1288580 2134.2
1288590 2134.2
1288600 2136.9
1288610 2137.1
1288620 2135.7
1288630 2135.7
1288640 2134.3
1288650 2135.3
1288660 2135.3
1288670 2137.5
1288680 2139.2
1288690 2139.2
1288700 2141.0
1288710 2142.2
1288720 2142.2
1288730 2146.1
1288740 2148.5
1288750 2148.5
1288760 2152.0
1288770 2155.9
1288780 2155.9
1288790 2158.5
1288800 2160.9
1288810 2160.9
1288820 2164.4
1288830 2169.2
1288840 2169.2
1288850 2175.5
1288860 2182.2
1288870 2189.0
1288880 2189.0
1288890 2196.4
1288900 2204.0
1288910 2204.0
1288920 2211.0
1288930 2217.1
1288940 2217.1
1288950 2221.3
1288960 2225.8
1288970 2225.8
1288980 2230.6
1288990 2235.5
1289000 2235.5
1289010 2239.7
1289020 2242.5
1289030 2242.5
1289040 2245.2
1289050 2247.7
1289060 2247.7
1289070 2251.1
1289080 2254.4
1289090 2254.4
1289100 2257.7
1289110 2261.3
1289120 2263.4
1289130 2263.4
1289140 2266.0
1289150 2269.1
1289160 2269.1
1289170 2274.7
1289180 2280.9
1289190 2280.9
1289200 2284.6
1289210 2287.2
1289220 2287.2
1289230 2289.5
1289240 2292.8
1289250 2292.8
1289260 2294.7
1289270 2298.4
1289280 2298.4
1289290 2303.2
1289300 2307.5
1289310 2307.5
1289320 2311.2
1289330 2315.1
1289340 2315.1
1289350 2318.1
1289360 2320.2
1289370 2322.6
1289380 2327.7
1289390 2334.3
1289400 2342.0
1289410 2342.0
1289420 2344.8
1289430 2340.2
1289440 2340.2
1289450 2334.1
1289460 2334.2
1289470 2334.2
1289480 2340.9
1289490 2348.2
1289500 2348.2
1289510 2356.1
1289520 2361.6
1289530 2361.6
1289540 2361.3
1289550 2357.8
1289560 2357.8
1289570 2354.1
1289580 2350.2
1289590 2350.2
1289600 2348.3
1289610 2345.2
1289620 2338.8
1289630 2338.8
1289640 2332.4
1289650 2325.6
1289660 2325.6
1289670 2318.7
1289680 2311.9
1289690 2311.9
1289700 2304.8
1289710 2298.0
1289720 2298.0
1289730 2291.8
1289740 2287.2
1289750 2287.2
1289760 2285.0
1289770 2285.1
1289780 2285.1
1289790 2285.7
1289800 2286.0
1289810 2286.0
1289820 2284.5
1289830 2280.8
1289840 2280.8
1289850 2279.6
1289860 2278.7
1289870 2276.9
1289880 2276.9
1289890 2274.5
1289900 2274.1
1289910 2274.1
1289920 2277.7
1289930 2282.4
1289940 2282.4
1289950 2286.9
1289960 2290.7
1289970 2290.7
1289980 2294.1
1289990 2297.1
1290000 2297.1
1290010 2299.5
1290020 2302.0
1290030 2302.0
1290040 2310.7
1290050 2312.0
1290060 2312.0
1290070 2313.8
1290080 2315.2
1290090 2315.2
1290100 2315.8
1290110 2315.6
1290120 2313.7
1290130 2313.7
1290140 2310.6
1290150 2306.5
1290160 2306.5
1290170 2302.8
1290180 2298.0
1290190 2298.0
1290200 2293.3
1290210 2287.7
1290220 2287.7
1290230 2281.9
1290240 2279.8
1290250 2279.8
1290260 2277.1
1290270 2273.6
1290280 2273.6
1290290 2268.0
1290300 2262.7
1290310 2262.7
1290320 2258.7
1290330 2254.2
1290340 2254.2
1290350 2249.9
1290360 2245.8
1290370 2242.9
1290380 2242.9
1290390 2239.3
1290400 2235.6
1290410 2235.6
1290420 2232.6
1290430 2228.0
1290440 2228.0
1290450 2220.9
1290460 2214.7
1290470 2214.7
1290480 2209.5
1290490 2204.0
1290500 2204.0
1290510 2198.1
1290520 2193.5
1290530 2193.5
1290540 2189.1
1290550 2182.7
1290560 2182.7
1290570 2176.4
1290580 2166.5
1290590 2166.5
1290600 2157.4
1290610 2151.1
1290620 2145.9
1290630 2145.9
1290640 2142.2
1290650 2139.3
1290660 2139.3
1290670 2136.3
1290680 2132.4
1290690 2135.4
1290700 2126.1
1290710 2114.4
1290720 2114.4
1290730 2103.7
1290740 2093.4
1290750 2093.4
1290760 2085.7
1290770 2079.4
1290780 2079.4
1290790 2074.0
1290800 2069.0
1290810 2069.0
1290820 2063.3
1290830 2058.3
1290840 2058.3
1290850 2056.4
1290860 2054.2
1290870 2052.8
1290880 2052.8
1290890 2051.3
1290900 2047.6
1290910 2047.6
1290920 2042.2
1290930 2037.7
1290940 2037.7
1290950 2030.1
1290960 2021.7
1290970 2021.7
1290980 2015.2
1290990 2008.8
1291000 2008.8
1291010 2001.1
1291020 1990.7
1291030 1990.7
1291040 1981.6
1291050 1975.4
1291060 1975.4
1291070 1970.6
1291080 1966.4
1291090 1966.4
1291100 1962.0
1291110 1956.6
1291120 1951.9
1291130 1951.9
1291140 1946.7
1291150 1940.9
1291160 1940.9
1291170 1935.2
1291180 1929.3
1291190 1929.3
1291200 1923.2
1291210 1917.4
1291220 1917.4
1291230 1912.7
1291240 1908.5
1291250 1908.5
1291260 1903.8
1291270 1898.6
1291280 1898.6
1291290 1893.5
1291300 1889.4
1291310 1889.4
1291320 1886.7
1291330 1885.2
1291340 1885.2
1291350 1887.4
1291360 1883.1
1291370 1877.9
1291380 1877.9
1291390 1872.8
1291400 1867.8
1291410 1867.8
1291420 1863.4
1291430 1859.1
1291440 1859.1
1291450 1854.7
1291460 1851.2
1291470 1851.2
1291480 1848.0
1291490 1844.7
1291500 1844.7
1291510 1841.4
1291520 1837.5
1291530 1837.5
1291540 1833.2
1291550 1828.6
1291560 1828.6
1291570 1819.8
1291580 1811.2
1291590 1802.7
1291600 1802.7
1291610 1796.0
1291620 1789.6
1291630 1789.6
1291640 1784.0
1291650 1779.0
1291660 1779.0
1291670 1773.6
1291680 1768.9
1291690 1768.9
1291700 1764.9
1291710 1761.2
1291720 1761.2
1291730 1757.8
1291740 1754.7
1291750 1754.7
1291760 1751.3
1291770 1748.0
1291780 1748.0
1291790 1744.5
1291800 1741.3
1291810 1741.3
1291820 1738.5
1291830 1735.3
1291840 1731.8
1291850 1731.8
1291860 1728.4
1291870 1725.7
1291880 1725.7
1291890 1723.1
1291900 1719.6
1291910 1719.6
1291920 1716.9
1291930 1714.4
1291940 1714.4
1291950 1713.5
1291960 1714.1
1291970 1714.1
1291980 1715.4
1291990 1717.3
1292000 1717.3
1292010 1724.1
1292020 1726.0
1292030 1726.0
1292040 1727.5
1292050 1728.6
1292060 1728.6
1292070 1729.7
1292080 1731.1
1292090 1731.1
1292100 1731.1
1292110 1728.2
1292120 1723.5
1292130 1723.5
1292140 1719.0
1292150 1713.5
1292160 1713.5
1292170 1705.9
1292180 1696.1
1292190 1696.1
1292200 1685.3
1292210 1675.9
1292220 1675.9
1292230 1667.7
1292240 1660.3
1292250 1660.3
1292260 1653.4
1292270 1646.4
1292280 1646.4
1292290 1639.7
1292300 1633.6
1292310 1633.6
1292320 1628.6
1292330 1623.9
1292340 1621.8
1292350 1621.8
1292360 1619.8
1292370 1616.7
1292380 1616.7
1292390 1613.7
1292400 1611.6
1292410 1611.6
1292420 1610.4
1292430 1609.4
1292440 1609.4
1292450 1607.3
1292460 1603.3
1292470 1603.3
1292480 1599.0
1292490 1595.2
1292500 1595.2
1292510 1591.9
1292520 1588.3
1292530 1588.3
1292540 1584.0
1292550 1580.3
1292560 1580.3
1292570 1577.7
1292580 1574.8
1292590 1570.6
1292600 1570.6
1292610 1566.4
1292620 1561.7
1292630 1561.7
1292640 1556.6
1292650 1552.7
1292660 1552.7
1292670 1552.2
1292680 1548.0
1292690 1548.0
1292700 1543.3
1292710 1539.7
1292720 1539.7
1292730 1536.6
1292740 1534.8
1292750 1534.8
1292760 1532.7
1292770 1529.2
1292780 1529.2
1292790 1525.6
1292800 1523.0
1292810 1523.0
1292820 1519.3
1292830 1515.8
1292840 1512.5
1292850 1512.5
1292860 1510.7
1292870 1509.5
1292880 1509.5
1292890 1507.9
1292900 1506.0
1292910 1506.0
1292920 1504.1
1292930 1502.0
1292940 1502.0
1292950 1498.5
1292960 1494.7
1292970 1494.7
1292980 1491.7
1292990 1489.8
1293000 1489.8
1293010 1487.9
1293020 1485.8
1293030 1485.8
1293040 1483.5
1293050 1481.4
1293060 1481.4
1293070 1479.2
1293080 1476.2
1293090 1472.0
1293100 1472.0
1293110 1467.8
1293120 1464.0
1293130 1464.0
1293140 1461.0
1293150 1457.6
1293160 1457.6
1293170 1453.7
1293180 1449.8
1293190 1449.8
1293200 1444.4
1293210 1439.2
1293220 1439.2
1293230 1434.5
1293240 1429.8
1293250 1429.8
1293260 1424.6
1293270 1420.1
1293280 1420.1
1293290 1417.9
1293300 1415.0
1293310 1415.0
1293320 1412.2
1293330 1409.5
1293340 1409.4
1293350 1409.4
1293360 1405.6
1293370 1401.0
1293380 1401.0
1293390 1396.0
1293400 1391.4
1293410 1391.4
1293420 1387.8
1293430 1383.8
1293440 1383.8
1293450 1377.9
1293460 1371.4
1293470 1371.4
1293480 1366.4
1293490 1362.0
1293500 1362.0
1293510 1362.8
1293520 1369.0
1293530 1369.0
1293540 1372.7
1293550 1376.2
1293560 1376.2
1293570 1378.5
1293580 1380.7
1293590 1383.3
1293600 1383.3
1293610 1385.7
1293620 1388.4
1293630 1388.4
1293640 1391.5
1293650 1394.6
1293660 1394.6
1293670 1397.8
1293680 1400.9
1293690 1400.9
1293700 1403.5
1293710 1406.9
1293720 1406.9
1293730 1412.0
1293740 1419.0
1293750 1419.0
1293760 1426.1
1293770 1431.3
1293780 1431.3
1293790 1437.4
1293800 1442.0
1293810 1442.0
1293820 1446.0
1293830 1448.5
1293840 1451.2
1293850 1451.2
1293860 1454.7
1293870 1458.1
1293880 1458.1
1293890 1462.0
1293900 1465.9
1293910 1465.9
1293920 1470.0
1293930 1474.2
1293940 1474.2
1293950 1479.2
1293960 1482.4
1293970 1482.4
1293980 1485.6
1293990 1490.1
1294000 1488.9
1294010 1493.2
1294020 1496.2
1294030 1496.2
1294040 1500.0
1294050 1505.2
1294060 1505.2
1294070 1510.3
1294080 1515.8
1294090 1521.9
1294100 1521.9
1294110 1527.1
1294120 1533.1
1294130 1533.1
1294140 1538.7
1294150 1544.1
1294160 1544.1
1294170 1550.1
1294180 1555.2
1294190 1555.2
1294200 1559.5
1294210 1562.8
1294220 1562.8
1294230 1566.0
1294240 1569.8
1294250 1569.8
1294260 1574.3
1294270 1578.7
1294280 1578.7
1294290 1583.0
1294300 1586.9
1294310 1586.9
1294320 1590.4
1294330 1595.1
1294340 1600.8
1294350 1600.8
1294360 1606.9
1294370 1616.0
1294380 1616.0
1294390 1624.3
1294400 1632.0
1294410 1632.0
1294420 1639.6
1294430 1647.1
1294440 1647.1
1294450 1653.8
1294460 1659.8
1294470 1659.8
1294480 1664.7
1294490 1669.5
1294500 1669.5
1294510 1674.7
1294520 1680.5
1294530 1680.5
1294540 1686.2
1294550 1691.5
1294560 1691.5
1294570 1697.2
1294580 1703.3
1294590 1709.6
1294600 1709.6
1294610 1715.8
1294620 1721.0
1294630 1721.0
1294640 1727.9
1294650 1733.6
1294660 1733.6
1294670 1736.2
1294680 1741.5
1294690 1741.5
1294700 1746.2
1294710 1751.4
1294720 1751.4
1294730 1757.3
1294740 1762.4
1294750 1762.4
1294760 1768.1
1294770 1775.2
1294780 1775.2
1294790 1783.1
1294800 1791.7
1294810 1791.7
1294820 1795.9
1294830 1799.1
1294840 1802.4
1294850 1802.4
1294860 1805.6
1294870 1808.6
1294880 1808.6
1294890 1810.8
1294900 1813.9
1294910 1813.9
1294920 1817.0
1294930 1822.3
1294940 1822.3
1294950 1829.2
1294960 1835.1
1294970 1835.1
1294980 1839.7
1294990 1843.8
1295000 1843.8
1295010 1847.7
1295020 1851.5
1295030 1851.5
1295040 1856.7
1295050 1862.0
1295060 1862.0
1295070 1866.5
1295080 1870.9
1295090 1876.1
1295100 1876.1
1295110 1881.4
1295120 1887.6
1295130 1887.6
1295140 1893.9
1295150 1900.5
1295160 1900.5
1295170 1907.4
1295180 1912.1
1295190 1912.1
1295200 1914.9
1295210 1919.2
1295220 1919.2
1295230 1925.0
1295240 1930.7
1295250 1930.7
1295260 1935.8
1295270 1940.5
1295280 1940.5
1295290 1944.6
1295300 1949.0
1295310 1949.0
1295320 1954.2
1295330 1959.1
1295340 1962.3
1295350 1962.3
1295360 1966.0
1295370 1971.6
1295380 1971.6
1295390 1977.8
1295400 1983.1
1295410 1983.1
1295420 1987.6
1295430 1991.1
1295440 1991.1
1295450 1995.8
1295460 2000.0
1295470 2000.0
1295480 2004.0
1295490 2007.7
1295500 2007.7
1295510 2010.5
1295520 2013.9
1295530 2013.9
1295540 2017.1
1295550 2022.0
1295560 2022.0
1295570 2027.2
1295580 2031.2
1295590 2034.5
1295600 2034.5
1295610 2037.8
1295620 2040.8
1295630 2040.8
1295640 2044.2
1295650 2047.7
1295660 2047.7
1295670 2050.6
1295680 2053.1
1295690 2053.1
1295700 2056.0
1295710 2059.0
1295720 2059.0
1295730 2062.3
1295740 2065.5
1295750 2065.5
1295760 2068.2
1295770 2070.4
1295780 2070.4
1295790 2073.2
1295800 2076.0
1295810 2076.0
1295820 2078.4
1295830 2081.4
1295840 2084.6
1295850 2084.6
1295860 2086.7
1295870 2088.3
1295880 2088.3
1295890 2090.1
1295900 2092.4
1295910 2092.4
1295920 2094.9
1295930 2098.2
1295940 2098.2
1295950 2101.3
1295960 2104.2
1295970 2104.2
1295980 2106.9
1295990 2109.8
1296000 2109.8
1296010 2113.8
1296020 2114.7
1296030 2114.7
1296040 2117.6
1296050 2120.3
1296060 2120.3
1296070 2123.8
1296080 2126.9
1296090 2129.7
1296100 2129.7
1296110 2133.0
1296120 2136.0
1296130 2136.0
1296140 2138.5
1296150 2140.4
1296160 2140.4
1296170 2142.6
1296180 2144.7
1296190 2144.7
1296200 2146.8
1296210 2149.0
1296220 2149.0
1296230 2151.6
1296240 2153.9
1296250 2153.9
1296260 2155.9
1296270 2157.1
1296280 2157.1
1296290 2159.1
1296300 2161.7
1296310 2161.7
1296320 2164.4
1296330 2166.7
1296340 2170.2
1296350 2170.2
1296360 2173.7
1296370 2176.6
1296380 2176.6
1296390 2178.9
1296400 2182.1
1296410 2182.1
1296420 2185.3
1296430 2188.3
1296440 2188.3
1296450 2190.3
1296460 2191.5
1296470 2191.5
1296480 2193.2
1296490 2195.8
1296500 2195.8
1296510 2197.9
1296520 2200.3
1296530 2200.3
1296540 2203.5
1296550 2210.6
1296560 2210.6
1296570 2217.6
1296580 2222.8
1296590 2226.1
1296600 2226.1
1296610 2230.6
1296620 2235.8
1296630 2235.8
1296640 2240.2
1296650 2245.9
1296660 2245.9
1296670 2252.3
1296680 2257.6
1296690 2252.9
1296700 2257.7
1296710 2261.8
1296720 2261.8
1296730 2266.4
1296740 2272.6
1296750 2272.6
1296760 2279.4
1296770 2286.1
1296780 2286.1
1296790 2292.5
1296800 2300.6
1296810 2300.6
1296820 2308.6
1296830 2314.6
1296840 2318.9
1296850 2318.9
1296860 2322.5
1296870 2327.0
1296880 2327.0
1296890 2331.8
1296900 2336.1
1296910 2336.1
1296920 2339.6
1296930 2343.8
1296940 2343.8
1296950 2349.0
1296960 2353.5
1296970 2353.5
1296980 2358.1
1296990 2363.0
1297000 2363.0
1297010 2368.6
1297020 2373.2
1297030 2373.2
1297040 2377.7
1297050 2383.6
1297060 2383.6
1297070 2389.6
1297080 2395.4
1297090 2401.0
1297100 2401.0
1297110 2406.2
1297120 2411.4
1297130 2411.4
1297140 2416.1
1297150 2421.0
1297160 2421.0
1297170 2425.6
1297180 2430.4
1297190 2430.4
1297200 2435.4
1297210 2440.2
1297220 2440.2
1297230 2443.7
1297240 2447.7
1297250 2447.7
1297260 2452.8
1297270 2457.6
1297280 2457.6
1297290 2461.3
1297300 2464.5
1297310 2464.5
1297320 2467.6
1297330 2470.6
1297340 2473.4
1297350 2473.4
1297360 2478.8
1297370 2483.5
1297380 2483.5
1297390 2487.7
1297400 2491.1
1297410 2491.1
1297420 2494.0
1297430 2497.1
1297440 2497.1
1297450 2499.7
1297460 2502.0
1297470 2502.0
1297480 2504.6
1297490 2508.2
1297500 2508.2
1297510 2513.7
1297520 2520.1
1297530 2520.1
1297540 2526.1
1297550 2531.2
1297560 2531.2
1297570 2536.6
1297580 2541.3
1297590 2545.3
1297600 2545.3
1297610 2549.3
1297620 2553.4
1297630 2553.4
1297640 2557.8
1297650 2563.9
1297660 2563.9
1297670 2570.6
1297680 2576.2
1297690 2576.2
1297700 2581.5
1297710 2586.1
1297720 2586.1
1297730 2589.9
1297740 2593.7
1297750 2593.7
1297760 2596.8
1297770 2599.7
1297780 2599.7
1297790 2602.5
1297800 2604.8
1297810 2604.8
1297820 2606.7
1297830 2608.1
1297840 2609.0
1297850 2609.0
1297860 2608.9
1297870 2608.8
1297880 2608.8
1297890 2611.2
1297900 2613.1
1297910 2613.1
1297920 2613.5
1297930 2614.2
1297940 2614.2
1297950 2616.8
1297960 2618.0
1297970 2618.0
1297980 2614.9
1297990 2611.3
1298000 2611.3
1298010 2611.9
1298020 2612.3
1298030 2612.3
1298040 2612.4
1298050 2620.6
1298060 2620.6
1298070 2621.4
1298080 2624.0
1298090 2626.8
1298100 2626.8
1298110 2626.8
1298120 2627.2
1298130 2627.2
1298140 2627.7
1298150 2628.3
1298160 2628.3
1298170 2628.0
1298180 2627.1
1298190 2627.1
1298200 2624.5
1298210 2619.7
1298220 2619.7
1298230 2614.0
1298240 2609.7
1298250 2609.7
1298260 2608.0
1298270 2607.2
1298280 2607.2
1298290 2606.4
1298300 2603.7
1298310 2603.7
1298320 2602.2
1298330 2605.0
1298340 2606.4
1298350 2606.4
1298360 2606.5
1298370 2606.6
1298380 2606.6
1298390 2606.2
1298400 2604.9
1298410 2604.9
1298420 2603.0
1298430 2601.6
1298440 2601.6
1298450 2600.1
1298460 2600.0
1298470 2600.0
1298480 2600.3
1298490 2600.0
1298500 2600.0
1298510 2600.9
1298520 2603.3
1298530 2603.3
1298540 2604.7
1298550 2606.9
1298560 2606.9
1298570 2609.8
1298580 2613.2
1298590 2616.8
1298600 2616.8
1298610 2619.9
1298620 2622.2
1298630 2622.2
1298640 2624.3
1298650 2625.8
1298660 2625.8
1298670 2623.1
1298680 2620.4
1298690 2620.4
1298700 2613.9
1298710 2610.8
1298720 2610.8
1298730 2600.6
1298740 2594.4
1298750 2594.4
1298760 2591.2
1298770 2590.9
1298780 2590.9
1298790 2584.5
1298800 2575.6
1298810 2575.6
1298820 2566.3
1298830 2552.4
1298840 2540.7
1298850 2540.7
1298860 2530.0
1298870 2520.6
1298880 2520.6
1298890 2514.2
1298900 2508.3
1298910 2508.3
1298920 2502.6
1298930 2496.9
1298940 2496.9
1298950 2491.2
1298960 2485.2
1298970 2485.2
1298980 2479.3
1298990 2474.7
1299000 2474.7
1299010 2470.4
1299020 2464.5
1299030 2464.5
1299040 2460.1
1299050 2455.5
1299060 2455.5
1299070 2450.5
1299080 2445.7
1299090 2440.8
1299100 2440.8
1299110 2436.6
1299120 2432.9
1299130 2432.9
1299140 2429.2
1299150 2425.3
1299160 2425.3
1299170 2420.9
1299180 2418.2
1299190 2418.2
1299200 2416.0
1299210 2414.2
1299220 2414.2
1299230 2411.3
1299240 2405.7
1299250 2405.7
1299260 2394.9
1299270 2385.5
1299280 2385.5
1299290 2376.4
1299300 2367.3
1299310 2367.3
1299320 2357.5
1299330 2344.5
1299340 2333.1
1299350 2333.1
1299360 2323.2
1299370 2314.0
1299380 2314.0
1299390 2302.9
1299400 2295.0
1299410 2291.0
1299420 2284.9
1299430 2279.0
1299440 2279.0
1299450 2273.3
1299460 2267.9
1299470 2267.9
1299480 2264.4
1299490 2262.9
1299500 2262.9
1299510 2263.2
1299520 2262.1
1299530 2262.1
1299540 2257.3
1299550 2255.6
1299560 2255.6
1299570 2255.2
1299580 2253.4
1299590 2249.7
1299600 2249.7
1299610 2246.5
1299620 2243.1
1299630 2243.1
1299640 2241.4
1299650 2240.8
1299660 2240.8
1299670 2237.2
1299680 2233.0
1299690 2233.0
1299700 2232.9
1299710 2232.5
1299720 2232.5
1299730 2231.0
1299740 2227.6
1299750 2227.6
1299760 2228.5
1299770 2228.9
1299780 2228.9
1299790 2227.4
1299800 2227.5
1299810 2228.1
1299820 2228.1
1299830 2231.1
1299840 2235.8
1299850 2235.8
1299860 2233.8
1299870 2219.1
1299880 2219.1
1299890 2212.6
1299900 2205.1
1299910 2205.1
1299920 2192.6
1299930 2183.4
1299940 2183.4
1299950 2181.6
1299960 2182.4
1299970 2182.4
1299980 2186.5
1299990 2189.2
