1280000 1812.8
1280010 1814.5
1280020 1814.5
1280030 1814.4
1280040 1814.0
1280050 1814.0
1280060 1813.5
1280070 1812.6
1280080 1812.6
1280090 1814.2
1280100 1815.1
1280110 1815.1
1280120 1815.5
1280130 1816.2
1280140 1816.2
1280150 1817.6
1280160 1823.2
1280170 1827.8
1280180 1827.8
1280190 1827.1
1280200 1824.0
1280210 1824.0
1280220 1822.0
1280230 1824.5
1280240 1824.5
1280250 1829.5
1280260 1835.5
1280270 1835.5
1280280 1842.8
1280290 1850.0
1280300 1850.0
1280310 1857.2
1280320 1865.0
1280330 1865.7
1280340 1874.1
1280350 1885.2
1280360 1885.2
1280370 1894.9
1280380 1905.0
1280390 1905.0
1280400 1917.1
1280410 1928.5
1280420 1939.3
1280430 1939.3
1280440 1951.7
1280450 1960.3
1280460 1960.3
1280470 1971.2
1280480 1977.2
1280490 1977.2
1280500 1982.2
1280510 1986.9
1280520 1986.9
1280530 1988.5
1280540 1984.9
1280550 1984.9
1280560 1978.9
1280570 1970.5
1280580 1970.5
1280590 1962.0
1280600 1954.7
1280610 1954.7
1280620 1947.6
1280630 1941.9
1280640 1941.9
1280650 1937.2
1280660 1930.5
1280670 1924.3
1280680 1924.3
1280690 1918.6
1280700 1916.0
1280710 1916.0
1280720 1912.3
1280730 1908.8
1280740 1908.8
1280750 1904.6
1280760 1898.0
1280770 1898.0
1280780 1889.2
1280790 1881.4
1280800 1881.4
1280810 1876.2
1280820 1875.4
1280830 1875.4
1280840 1875.8
1280850 1874.0
1280860 1874.0
1280870 1872.1
1280880 1870.4
1280890 1870.4
1280900 1870.2
1280910 1873.6
1280920 1878.0
1280930 1878.0
1280940 1881.9
1280950 1889.4
1280960 1889.4
1280970 1892.5
1280980 1895.2
1280990 1895.2
1281000 1896.6
1281010 1897.3
1281020 1897.3
1281030 1896.6
1281040 1893.6
1281050 1893.6
1281060 1890.1
1281070 1890.9
1281080 1890.9
1281090 1894.6
1281100 1898.0
1281110 1898.0
1281120 1901.0
1281130 1902.8
1281140 1902.8
1281150 1903.3
1281160 1902.7
1281170 1901.9
1281180 1901.9
1281190 1901.5
1281200 1900.7
1281210 1900.7
1281220 1900.7
1281230 1902.7
1281240 1902.7
1281250 1904.6
1281260 1908.6
1281270 1908.6
1281280 1912.0
1281290 1914.2
1281300 1914.2
1281310 1914.5
1281320 1914.8
1281330 1914.8
1281340 1912.1
1281350 1909.3
1281360 1909.3
1281370 1909.2
1281380 1908.7
1281390 1908.7
1281400 1910.0
1281410 1913.8
1281420 1917.6
1281430 1917.6
1281440 1921.1
1281450 1922.1
1281460 1922.1
1281470 1921.7
1281480 1921.0
1281490 1921.0
1281500 1920.3
1281510 1920.8
1281520 1920.8
1281530 1919.9
1281540 1918.3
1281550 1918.3
1281560 1918.0
1281570 1918.2
1281580 1922.1
1281590 1925.3
1281600 1929.1
1281610 1929.1
1281620 1933.4
1281630 1939.2
1281640 1939.2
1281650 1944.5
1281660 1949.0
1281670 1953.5
1281680 1953.5
1281690 1956.2
1281700 1957.3
1281710 1957.3
1281720 1958.0
1281730 1960.3
1281740 1960.3
1281750 1961.8
1281760 1962.3
1281770 1962.3
1281780 1960.8
1281790 1957.2
1281800 1957.2
1281810 1950.6
1281820 1947.2
1281830 1947.2
1281840 1948.6
1281850 1950.1
1281860 1950.1
1281870 1951.3
1281880 1949.5
1281890 1949.5
1281900 1947.9
1281910 1945.1
1281920 1942.2
1281930 1942.2
1281940 1939.2
1281950 1935.0
1281960 1935.0
1281970 1928.2
1281980 1923.0
1281990 1923.0
1282000 1917.9
1282010 1912.2
1282020 1912.2
1282030 1902.3
1282040 1893.6
1282050 1893.6
1282060 1889.5
1282070 1888.5
1282080 1888.5
1282090 1890.4
1282100 1887.6
1282110 1887.6
1282120 1884.7
1282130 1879.5
1282140 1879.5
1282150 1875.9
1282160 1874.0
1282170 1872.7
1282180 1872.7
1282190 1870.5
1282200 1868.2
1282210 1871.9
1282220 1870.2
1282230 1870.9
1282240 1870.9
1282250 1871.5
1282260 1870.6
1282270 1870.6
1282280 1869.2
1282290 1866.5
1282300 1866.5
1282310 1865.3
1282320 1865.4
1282330 1865.4
1282340 1866.7
1282350 1868.4
1282360 1868.4
1282370 1870.4
1282380 1872.1
1282390 1872.1
1282400 1872.9
1282410 1872.8
1282420 1874.8
1282430 1874.8
1282440 1877.3
1282450 1879.0
1282460 1879.0
1282470 1878.5
1282480 1876.8
1282490 1876.8
1282500 1874.4
1282510 1871.7
1282520 1871.7
1282530 1869.1
1282540 1868.1
1282550 1868.1
1282560 1869.0
1282570 1870.1
1282580 1870.1
1282590 1873.5
1282600 1878.9
1282610 1878.9
1282620 1883.8
1282630 1888.7
1282640 1888.7
1282650 1894.2
1282660 1899.4
1282670 1899.4
1282680 1904.6
1282690 1909.2
1282700 1912.9
1282710 1912.9
1282720 1917.4
1282730 1922.5
1282740 1922.5
1282750 1925.6
1282760 1927.0
1282770 1927.0
1282780 1929.8
1282790 1934.8
1282800 1934.8
1282810 1939.6
1282820 1943.2
1282830 1943.2
1282840 1946.4
1282850 1949.4
1282860 1949.4
1282870 1951.5
1282880 1953.2
1282890 1953.2
1282900 1956.2
1282910 1959.4
1282920 1959.4
1282930 1963.1
1282940 1966.9
1282950 1967.4
1282960 1967.4
1282970 1968.1
1282980 1969.0
1282990 1969.0
1283000 1970.5
1283010 1973.0
1283020 1973.0
1283030 1976.6
1283040 1980.4
1283050 1980.4
1283060 1984.0
1283070 1986.3
1283080 1986.3
1283090 1988.4
1283100 1989.2
1283110 1989.2
1283120 1989.7
1283130 1992.0
1283140 1992.0
1283150 1995.2
1283160 1998.7
1283170 1998.7
1283180 2001.3
1283190 2004.8
1283200 2007.6
1283210 2007.6
1283220 2009.4
1283230 2012.7
1283240 2012.7
1283250 2015.4
1283260 2017.1
1283270 2017.1
1283280 2017.5
1283290 2017.6
1283300 2017.6
1283310 2020.0
1283320 2023.5
1283330 2023.5
1283340 2027.1
1283350 2030.7
1283360 2030.7
1283370 2033.8
1283380 2037.4
1283390 2037.4
1283400 2041.8
1283410 2046.5
1283420 2046.5
1283430 2053.0
1283440 2058.2
1283450 2064.7
1283460 2064.7
1283470 2069.3
1283480 2074.5
1283490 2074.5
1283500 2078.5
1283510 2081.9
1283520 2081.9
1283530 2085.4
1283540 2087.8
1283550 2087.8
1283560 2090.9
1283570 2095.2
1283580 2095.2
1283590 2098.7
1283600 2102.8
1283610 2102.8
1283620 2106.8
1283630 2110.8
1283640 2110.8
1283650 2113.2
1283660 2114.3
1283670 2114.3
1283680 2115.5
1283690 2118.9
1283700 2121.8
1283710 2121.8
1283720 2123.8
1283730 2127.1
1283740 2127.1
1283750 2130.8
1283760 2135.7
1283770 2135.7
1283780 2141.1
1283790 2144.9
1283800 2144.9
1283810 2147.2
1283820 2148.8
1283830 2148.8
1283840 2150.2
1283850 2151.2
1283860 2151.2
1283870 2152.9
1283880 2156.4
1283890 2156.4
1283900 2161.3
1283910 2164.9
1283920 2164.9
1283930 2166.4
1283940 2163.6
1283950 2162.8
1283960 2162.8
1283970 2164.8
1283980 2165.7
1283990 2165.7
1284000 2164.5
1284010 2165.0
1284020 2165.0
1284030 2164.6
1284040 2163.8
1284050 2163.8
1284060 2162.3
1284070 2161.8
1284080 2161.8
1284090 2161.9
1284100 2165.4
1284110 2165.4
1284120 2165.8
1284130 2168.4
1284140 2168.4
1284150 2167.3
1284160 2165.5
1284170 2165.5
1284180 2162.8
1284190 2161.9
1284200 2158.4
1284210 2158.4
1284220 2155.7
1284230 2152.8
1284240 2152.8
1284250 2148.2
1284260 2143.9
1284270 2143.9
1284280 2139.6
1284290 2135.6
1284300 2135.6
1284310 2129.9
1284320 2124.1
1284330 2124.1
1284340 2118.1
1284350 2111.5
1284360 2111.5
1284370 2103.7
1284380 2096.1
1284390 2096.1
1284400 2089.7
1284410 2082.6
1284420 2082.6
1284430 2072.6
1284440 2063.8
1284450 2056.5
1284460 2056.5
1284470 2049.3
1284480 2042.4
1284490 2042.4
1284500 2036.0
1284510 2028.9
1284520 2028.9
1284530 2021.2
1284540 2012.9
1284550 2012.9
1284560 2004.2
1284570 1995.7
1284580 1995.7
1284590 1988.1
1284600 1982.8
1284610 1982.8
1284620 1974.6
1284630 1965.1
1284640 1965.1
1284650 1956.2
1284660 1947.6
1284670 1947.6
1284680 1940.1
1284690 1932.7
1284700 1925.6
1284710 1925.6
1284720 1918.2
1284730 1910.5
1284740 1911.7
1284750 1903.4
1284760 1895.8
1284770 1895.8
1284780 1887.8
1284790 1880.2
1284800 1880.2
1284810 1873.5
1284820 1866.9
1284830 1866.9
1284840 1859.7
1284850 1852.3
1284860 1852.3
1284870 1844.7
1284880 1837.6
1284890 1837.6
1284900 1831.1
1284910 1824.9
1284920 1824.9
1284930 1819.3
1284940 1813.6
1284950 1807.7
1284960 1807.7
1284970 1801.8
1284980 1795.9
1284990 1795.9
1285000 1789.9
1285010 1784.0
1285020 1784.0
1285030 1778.2
1285040 1771.8
1285050 1771.8
1285060 1765.8
1285070 1758.0
1285080 1758.0
1285090 1750.3
1285100 1744.0
1285110 1744.0
1285120 1738.5
1285130 1733.7
1285140 1733.7
1285150 1729.2
1285160 1724.9
1285170 1724.9
1285180 1720.1
1285190 1715.3
1285200 1710.6
1285210 1710.6
1285220 1705.4
1285230 1699.5
1285240 1699.5
1285250 1692.8
1285260 1686.2
1285270 1686.2
1285280 1679.8
1285290 1672.4
1285300 1672.4
1285310 1663.7
1285320 1655.8
1285330 1655.8
1285340 1648.0
1285350 1639.5
1285360 1639.5
1285370 1625.6
1285380 1615.6
1285390 1615.6
1285400 1610.3
1285410 1600.5
1285420 1600.5
1285430 1590.0
1285440 1580.4
1285450 1564.6
1285460 1564.6
1285470 1544.9
1285480 1532.3
1285490 1532.3
1285500 1524.6
1285510 1519.6
1285520 1519.6
1285530 1510.3
1285540 1496.9
1285550 1496.9
1285560 1488.4
1285570 1481.1
1285580 1481.1
1285590 1474.3
1285600 1465.3
1285610 1465.3
1285620 1458.0
1285630 1452.6
1285640 1452.6
1285650 1446.6
1285660 1441.0
1285670 1441.0
1285680 1435.5
1285690 1430.3
1285700 1424.9
1285710 1424.9
1285720 1419.5
1285730 1414.1
1285740 1414.1
1285750 1409.0
1285760 1404.6
1285770 1404.6
1285780 1400.3
1285790 1396.0
1285800 1396.0
1285810 1391.9
1285820 1388.4
1285830 1388.4
1285840 1384.9
1285850 1381.6
1285860 1381.6
1285870 1378.3
1285880 1371.5
1285890 1371.5
1285900 1368.3
1285910 1372.3
1285920 1372.3
1285930 1378.8
1285940 1383.9
1285950 1390.6
1285960 1390.6
1285970 1396.4
1285980 1403.8
1285990 1403.8
1286000 1411.2
1286010 1415.5
1286020 1415.5
1286030 1417.2
1286040 1418.8
1286050 1418.8
1286060 1420.3
1286070 1422.2
1286080 1422.2
1286090 1424.9
1286100 1427.9
1286110 1427.9
1286120 1430.9
1286130 1434.5
1286140 1434.5
1286150 1437.2
1286160 1439.3
1286170 1439.3
1286180 1441.4
1286190 1443.7
1286200 1446.7
1286210 1446.7
1286220 1450.0
1286230 1453.2
1286240 1453.2
1286250 1454.6
1286260 1456.7
1286270 1456.7
1286280 1461.4
1286290 1465.9
1286300 1465.9
1286310 1470.0
1286320 1474.1
1286330 1474.1
1286340 1478.8
1286350 1485.1
1286360 1485.1
1286370 1491.6
1286380 1497.4
1286390 1497.4
1286400 1504.7
1286410 1512.5
1286420 1512.5
1286430 1519.9
1286440 1526.9
1286450 1532.4
1286460 1532.4
1286470 1536.1
1286480 1540.8
1286490 1540.8
1286500 1546.3
1286510 1550.6
1286520 1550.6
1286530 1553.4
1286540 1556.0
1286550 1556.0
1286560 1558.5
1286570 1561.4
1286580 1561.4
1286590 1564.1
1286600 1566.2
1286610 1566.2
1286620 1568.8
1286630 1572.0
1286640 1572.0
1286650 1575.0
1286660 1579.9
1286670 1579.9
1286680 1583.5
1286690 1585.2
1286700 1585.4
1286710 1585.4
1286720 1585.2
1286730 1586.7
1286740 1586.7
1286750 1589.7
1286760 1590.1
1286770 1590.1
1286780 1588.9
1286790 1591.1
1286800 1591.1
1286810 1596.2
1286820 1600.7
1286830 1600.7
1286840 1605.2
1286850 1611.1
1286860 1611.1
1286870 1617.3
1286880 1623.0
1286890 1623.0
1286900 1626.9
1286910 1629.5
1286920 1629.5
1286930 1632.9
1286940 1638.4
1286950 1643.1
1286960 1643.1
1286970 1646.8
1286980 1649.8
1286990 1649.8
1287000 1652.0
1287010 1653.4
1287020 1653.4
1287030 1654.3
1287040 1657.0
1287050 1657.0
1287060 1660.9
1287070 1664.3
1287080 1664.3
1287090 1666.9
1287100 1669.8
1287110 1669.8
1287120 1672.7
1287130 1675.9
1287140 1675.9
1287150 1680.2
1287160 1685.6
1287170 1685.6
1287180 1691.4
1287190 1696.9
1287200 1701.4
1287210 1701.4
1287220 1705.6
1287230 1710.4
1287240 1710.4
1287250 1714.8
1287260 1718.8
1287270 1718.8
1287280 1722.5
1287290 1725.9
1287300 1725.6
1287310 1729.5
1287320 1733.2
1287330 1733.2
1287340 1737.1
1287350 1740.2
1287360 1740.2
1287370 1743.2
1287380 1747.0
1287390 1747.0
1287400 1751.4
1287410 1755.3
1287420 1755.3
1287430 1758.4
1287440 1761.3
1287450 1763.9
1287460 1763.9
1287470 1766.0
1287480 1767.8
1287490 1767.8
1287500 1769.7
1287510 1771.6
1287520 1771.6
1287530 1773.5
1287540 1775.0
1287550 1775.0
1287560 1777.3
1287570 1779.6
1287580 1779.6
1287590 1780.9
1287600 1781.1
1287610 1781.1
1287620 1781.2
1287630 1781.9
1287640 1781.9
1287650 1782.5
1287660 1783.5
1287670 1783.5
1287680 1784.6
1287690 1785.8
1287700 1787.1
1287710 1787.1
1287720 1788.6
1287730 1790.8
1287740 1790.8
1287750 1793.5
1287760 1796.8
1287770 1796.8
1287780 1800.2
1287790 1802.6
1287800 1802.6
1287810 1804.9
1287820 1808.1
1287830 1808.1
1287840 1811.7
1287850 1815.3
1287860 1815.3
1287870 1819.5
1287880 1824.1
1287890 1824.1
1287900 1827.7
1287910 1829.9
1287920 1829.9
1287930 1832.6
1287940 1835.7
1287950 1840.2
1287960 1840.2
1287970 1843.2
1287980 1846.5
1287990 1846.5
1288000 1849.5
1288010 1853.5
1288020 1853.5
1288030 1857.4
1288040 1860.8
1288050 1860.8
1288060 1864.1
1288070 1867.3
1288080 1867.3
1288090 1870.3
1288100 1873.6
1288110 1873.6
1288120 1876.6
1288130 1879.1
1288140 1879.1
1288150 1881.6
1288160 1884.3
1288170 1884.3
1288180 1886.4
1288190 1888.4
1288200 1891.1
1288210 1891.1
1288220 1893.8
1288230 1896.5
1288240 1896.5
1288250 1899.7
1288260 1902.7
1288270 1902.7
1288280 1905.0
1288290 1907.0
1288300 1907.0
1288310 1908.2
1288320 1909.8
1288330 1909.8
1288340 1911.4
1288350 1914.2
1288360 1914.2
1288370 1917.8
1288380 1920.9
1288390 1920.9
1288400 1924.1
1288410 1927.2
1288420 1927.2
1288430 1930.0
1288440 1932.7
1288450 1935.3
1288460 1935.3
1288470 1937.7
1288480 1940.4
1288490 1940.4
1288500 1943.9
1288510 1947.5
1288520 1947.5
1288530 1951.2
1288540 1954.7
1288550 1954.7
1288560 1958.5
1288570 1961.7
1288580 1961.7
1288590 1964.4
1288600 1969.3
1288610 1969.3
1288620 1971.5
1288630 1974.1
1288640 1974.1
1288650 1977.3
1288660 1980.7
1288670 1980.7
1288680 1983.4
1288690 1984.5
1288700 1987.0
1288710 1987.0
1288720 1991.1
1288730 1995.9
1288740 1995.9
1288750 1999.6
1288760 2001.2
1288770 2001.2
1288780 2002.3
1288790 2004.8
1288800 2004.8
1288810 2008.3
1288820 2010.2
1288830 2010.2
1288840 2010.1
1288850 2011.9
1288860 2011.9
1288870 2017.5
1288880 2023.4
1288890 2023.4
1288900 2029.9
1288910 2035.4
1288920 2035.4
1288930 2039.6
1288940 2043.7
1288950 2047.1
1288960 2047.1
1288970 2049.6
1288980 2051.7
1288990 2051.7
1289000 2054.4
1289010 2058.1
1289020 2058.1
1289030 2062.1
1289040 2064.5
1289050 2064.5
1289060 2067.1
1289070 2068.7
1289080 2068.7
1289090 2069.4
1289100 2069.8
1289110 2069.8
1289120 2071.5
1289130 2073.7
1289140 2073.7
1289150 2076.0
1289160 2076.3
1289170 2076.3
1289180 2074.3
1289190 2071.2
1289200 2068.3
1289210 2068.3
1289220 2068.6
1289230 2070.3
1289240 2070.3
1289250 2074.6
1289260 2079.9
1289270 2079.9
1289280 2086.9
1289290 2091.5
1289300 2091.5
1289310 2095.3
1289320 2098.5
1289330 2098.5
1289340 2102.9
1289350 2108.4
1289360 2108.4
1289370 2114.4
1289380 2119.6
1289390 2119.6
1289400 2125.4
1289410 2131.0
1289420 2131.0
1289430 2136.7
1289440 2141.2
1289450 2143.3
1289460 2143.3
1289470 2145.4
1289480 2149.0
1289490 2149.0
1289500 2152.1
1289510 2155.4
1289520 2155.4
1289530 2158.9
1289540 2163.8
1289550 2163.8
1289560 2167.8
1289570 2171.6
1289580 2171.6
1289590 2177.1
1289600 2183.2
1289610 2183.2
1289620 2187.7
1289630 2191.6
1289640 2191.6
1289650 2194.6
1289660 2196.6
1289670 2196.6
1289680 2200.3
1289690 2204.7
1289700 2209.8
1289710 2209.8
1289720 2214.6
1289730 2218.1
1289740 2218.1
1289750 2221.4
1289760 2223.8
1289770 2223.8
1289780 2226.9
1289790 2231.9
1289800 2231.9
1289810 2237.0
1289820 2241.7
1289830 2241.7
1289840 2244.9
1289850 2247.4
1289860 2247.4
1289870 2249.6
1289880 2253.9
1289890 2253.9
1289900 2261.3
1289910 2266.6
1289920 2266.6
1289930 2270.8
1289940 2276.4
1289950 2276.4
1289960 2282.0
1289970 2286.9
1289980 2291.8
1289990 2291.8
1290000 2296.6
1290010 2300.6
1290020 2300.6
1290030 2303.2
1290040 2305.8
1290050 2305.8
1290060 2308.7
1290070 2313.5
1290080 2313.5
1290090 2319.0
1290100 2325.2
1290110 2325.2
1290120 2329.7
1290130 2333.2
1290140 2333.2
1290150 2338.1
1290160 2343.1
1290170 2343.1
1290180 2345.4
1290190 2344.0
1290200 2344.0
1290210 2341.6
1290220 2345.5
1290230 2346.5
1290240 2346.5
1290250 2341.8
1290260 2334.8
1290270 2334.8
1290280 2326.8
1290290 2317.8
1290300 2317.8
1290310 2308.6
1290320 2300.2
1290330 2300.2
1290340 2293.4
1290350 2286.9
1290360 2286.9
1290370 2279.6
1290380 2273.6
1290390 2273.6
1290400 2269.1
1290410 2265.1
1290420 2265.1
1290430 2260.5
1290440 2253.2
1290450 2253.2
1290460 2247.2
1290470 2242.9
1290480 2239.3
1290490 2239.3
1290500 2234.5
1290510 2227.0
1290520 2227.0
1290530 2218.9
1290540 2210.7
1290550 2210.2
1290560 2200.3
1290570 2188.8
1290580 2188.8
1290590 2177.3
1290600 2162.9
1290610 2162.9
1290620 2150.7
1290630 2139.9
1290640 2139.9
1290650 2129.4
1290660 2121.8
1290670 2121.8
1290680 2115.0
1290690 2110.2
1290700 2110.2
1290710 2106.6
1290720 2102.8
1290730 2099.0
1290740 2099.0
1290750 2095.6
1290760 2092.4
1290770 2092.4
1290780 2089.2
1290790 2079.7
1290800 2079.7
1290810 2070.8
1290820 2064.5
1290830 2064.5
1290840 2057.3
1290850 2046.2
1290860 2046.2
1290870 2036.8
1290880 2029.3
1290890 2029.3
1290900 2022.1
1290910 2013.6
1290920 2013.6
1290930 2004.6
1290940 1995.4
1290950 1995.4
1290960 1987.6
1290970 1979.1
1290980 1971.2
1290990 1971.2
1291000 1963.1
1291010 1956.4
1291020 1956.4
1291030 1952.6
1291040 1947.9
1291050 1947.9
1291060 1940.2
1291070 1934.1
1291080 1934.1
1291090 1927.6
1291100 1919.7
1291110 1919.7
1291120 1911.1
1291130 1902.8
1291140 1902.8
1291150 1894.0
1291160 1883.1
1291170 1883.1
1291180 1872.7
1291190 1863.3
1291200 1863.3
1291210 1856.2
1291220 1849.9
1291230 1844.1
1291240 1844.1
1291250 1838.9
1291260 1833.8
1291270 1833.8
1291280 1828.6
1291290 1823.3
1291300 1823.3
1291310 1818.2
1291320 1813.0
1291330 1813.0
1291340 1807.8
1291350 1802.9
1291360 1802.9
1291370 1797.8
1291380 1792.7
1291390 1792.7
1291400 1786.9
1291410 1780.2
1291420 1780.2
1291430 1775.7
1291440 1770.2
1291450 1770.2
1291460 1766.4
1291470 1761.0
1291480 1755.1
1291490 1755.1
1291500 1749.2
1291510 1743.3
1291520 1743.3
1291530 1738.2
1291540 1734.3
1291550 1734.3
1291560 1731.1
1291570 1727.8
1291580 1727.8
1291590 1725.3
1291600 1721.2
1291610 1721.2
1291620 1714.3
1291630 1707.2
1291640 1707.2
1291650 1700.5
1291660 1694.3
1291670 1694.3
1291680 1688.0
1291690 1680.4
1291700 1680.4
1291710 1670.0
1291720 1658.7
1291730 1650.0
1291740 1650.0
1291750 1642.9
1291760 1635.7
1291770 1635.7
1291780 1628.5
1291790 1622.6
1291800 1622.6
1291810 1617.4
1291820 1612.7
1291830 1612.7
1291840 1608.2
1291850 1603.3
1291860 1603.3
1291870 1602.0
1291880 1597.8
1291890 1597.8
1291900 1594.2
1291910 1590.0
1291920 1590.0
1291930 1584.7
1291940 1579.4
1291950 1579.4
1291960 1574.2
1291970 1569.3
1291980 1565.2
1291990 1565.2
1292000 1561.7
1292010 1557.7
1292020 1557.7
1292030 1553.7
1292040 1548.5
1292050 1548.5
1292060 1543.3
1292070 1539.0
1292080 1539.0
1292090 1536.4
1292100 1531.9
1292110 1531.9
1292120 1525.5
1292130 1519.3
1292140 1519.3
1292150 1514.0
1292160 1508.2
1292170 1508.2
1292180 1502.9
1292190 1498.6
1292200 1498.6
1292210 1495.2
1292220 1492.4
1292230 1490.1
1292240 1490.1
1292250 1487.9
1292260 1486.5
1292270 1486.5
1292280 1487.2
1292290 1489.1
1292300 1489.1
1292310 1487.1
1292320 1485.2
1292330 1485.2
1292340 1482.1
1292350 1478.3
1292360 1478.3
1292370 1474.0
1292380 1469.3
1292390 1469.3
1292400 1464.2
1292410 1459.2
1292420 1459.2
1292430 1454.3
1292440 1449.3
1292450 1449.3
1292460 1444.4
1292470 1439.9
1292480 1435.2
1292490 1435.2
1292500 1430.1
1292510 1424.6
1292520 1424.6
1292530 1417.1
1292540 1411.8
1292550 1411.8
1292560 1406.3
1292570 1401.5
1292580 1401.5
1292590 1396.7
1292600 1391.8
1292610 1391.8
1292620 1387.3
1292630 1383.6
1292640 1383.6
1292650 1382.2
1292660 1381.6
1292670 1381.6
1292680 1379.6
1292690 1378.0
1292700 1378.0
1292710 1376.8
1292720 1375.3
1292730 1374.2
1292740 1374.2
1292750 1372.8
1292760 1371.3
1292770 1371.3
1292780 1369.8
1292790 1368.6
1292800 1368.6
1292810 1367.2
1292820 1365.8
1292830 1365.8
1292840 1364.5
1292850 1362.9
1292860 1362.9
1292870 1361.3
1292880 1359.8
1292890 1359.8
1292900 1358.1
1292910 1356.1
1292920 1356.1
1292930 1354.6
1292940 1351.7
1292950 1351.7
1292960 1349.2
1292970 1347.6
1292980 1346.8
1292990 1346.8
1293000 1345.2
1293010 1343.1
1293020 1343.1
1293030 1341.3
1293040 1340.1
1293050 1340.1
1293060 1343.8
1293070 1347.1
1293080 1347.1
1293090 1349.0
1293100 1350.0
1293110 1350.0
1293120 1350.6
1293130 1351.7
1293140 1351.7
1293150 1353.7
1293160 1355.7
1293170 1355.7
1293180 1357.8
1293190 1360.4
1293200 1360.5
1293210 1362.9
1293220 1366.7
1293230 1370.8
1293240 1370.8
1293250 1374.4
1293260 1377.2
1293270 1377.2
1293280 1378.9
1293290 1380.8
1293300 1380.8
1293310 1383.9
1293320 1389.3
1293330 1389.3
1293340 1395.3
1293350 1399.7
1293360 1399.7
1293370 1403.5
1293380 1408.2
1293390 1408.2
1293400 1414.0
1293410 1419.3
1293420 1419.3
1293430 1423.3
1293440 1426.3
1293450 1426.3
1293460 1428.7
1293470 1431.5
1293480 1435.0
1293490 1435.0
1293500 1438.8
1293510 1443.7
1293520 1443.7
1293530 1448.9
1293540 1454.5
1293550 1454.5
1293560 1460.3
1293570 1466.4
1293580 1466.4
1293590 1472.6
1293600 1478.6
1293610 1478.6
1293620 1484.3
1293630 1489.9
1293640 1489.9
1293650 1496.0
1293660 1500.3
1293670 1500.3
1293680 1506.0
1293690 1510.8
1293700 1510.8
1293710 1515.3
1293720 1519.6
1293730 1524.2
1293740 1524.2
1293750 1530.5
1293760 1536.4
1293770 1536.4
1293780 1540.8
1293790 1545.7
1293800 1545.7
1293810 1552.0
1293820 1556.8
1293830 1556.8
1293840 1561.3
1293850 1565.3
1293860 1565.8
1293870 1569.9
1293880 1575.9
1293890 1575.9
1293900 1581.2
1293910 1587.7
1293920 1587.7
1293930 1593.9
1293940 1599.6
1293950 1599.6
1293960 1605.6
1293970 1609.7
1293980 1613.8
1293990 1613.8
1294000 1618.5
1294010 1623.4
1294020 1623.4
1294030 1626.3
1294040 1629.1
1294050 1629.1
1294060 1632.6
1294070 1636.7
1294080 1636.7
1294090 1640.0
1294100 1642.7
1294110 1642.7
1294120 1646.6
1294130 1651.1
1294140 1651.1
1294150 1654.9
1294160 1659.2
1294170 1659.2
1294180 1664.3
1294190 1667.3
1294200 1667.3
1294210 1669.8
1294220 1672.2
1294230 1674.1
1294240 1674.1
1294250 1675.8
1294260 1677.3
1294270 1677.3
1294280 1679.3
1294290 1681.9
1294300 1681.9
1294310 1685.5
1294320 1689.5
1294330 1689.5
1294340 1693.2
1294350 1697.2
1294360 1697.2
1294370 1701.9
1294380 1707.0
1294390 1707.0
1294400 1711.8
1294410 1717.0
1294420 1717.0
1294430 1722.9
1294440 1728.3
1294450 1728.3
1294460 1732.3
1294470 1735.2
1294480 1737.7
1294490 1737.7
1294500 1742.6
1294510 1747.0
1294520 1747.0
1294530 1752.1
1294540 1756.2
1294550 1756.2
1294560 1760.1
1294570 1764.5
1294580 1764.5
1294590 1769.2
1294600 1773.9
1294610 1773.9
1294620 1778.3
1294630 1783.5
1294640 1783.5
1294650 1788.5
1294660 1794.5
1294670 1794.5
1294680 1799.4
1294690 1803.2
1294700 1803.2
1294710 1806.7
1294720 1810.3
1294730 1814.2
1294740 1814.2
1294750 1817.3
1294760 1820.6
1294770 1820.6
1294780 1824.1
1294790 1828.5
1294800 1828.5
1294810 1833.0
1294820 1838.2
1294830 1838.2
1294840 1843.9
1294850 1847.9
1294860 1847.9
1294870 1852.2
1294880 1857.2
1294890 1857.2
1294900 1862.0
1294910 1867.4
1294920 1867.4
1294930 1873.2
1294940 1878.5
1294950 1878.5
1294960 1883.3
1294970 1887.6
1294980 1891.6
1294990 1891.6
1295000 1895.5
1295010 1900.1
1295020 1900.1
1295030 1905.0
1295040 1909.6
1295050 1909.6
1295060 1913.3
1295070 1918.1
1295080 1918.1
1295090 1922.8
1295100 1927.3
1295110 1927.3
1295120 1932.5
1295130 1936.8
1295140 1936.8
1295150 1941.2
1295160 1943.9
1295170 1943.9
1295180 1946.1
1295190 1950.1
1295200 1947.3
1295210 1950.7
1295220 1954.5
1295230 1958.4
1295240 1958.4
1295250 1962.4
1295260 1966.6
1295270 1966.6
1295280 1970.1
1295290 1973.1
1295300 1973.1
1295310 1976.2
1295320 1979.1
1295330 1979.1
1295340 1983.1
1295350 1987.2
1295360 1987.2
1295370 1991.3
1295380 1995.8
1295390 1995.8
1295400 2000.1
1295410 2004.5
1295420 2004.5
1295430 2008.7
1295440 2012.3
1295450 2012.3
1295460 2016.1
1295470 2019.3
1295480 2022.6
1295490 2022.6
1295500 2026.0
1295510 2029.3
1295520 2029.3
1295530 2032.3
1295540 2034.6
1295550 2034.6
1295560 2037.3
1295570 2039.3
1295580 2039.3
1295590 2041.5
1295600 2044.2
1295610 2044.2
1295620 2047.3
1295630 2050.7
1295640 2050.7
1295650 2053.9
1295660 2057.8
1295670 2057.8
1295680 2061.5
1295690 2064.1
1295700 2064.1
1295710 2066.6
1295720 2069.6
1295730 2073.5
1295740 2073.5
1295750 2077.3
1295760 2082.1
1295770 2082.1
1295780 2087.0
1295790 2091.1
1295800 2091.1
1295810 2094.8
1295820 2098.9
1295830 2098.9
1295840 2102.8
1295850 2106.2
1295860 2106.2
1295870 2105.5
1295880 2108.3
1295890 2108.3
1295900 2111.1
1295910 2114.0
1295920 2114.0
1295930 2117.5
1295940 2121.4
1295950 2121.4
1295960 2126.2
1295970 2131.1
1295980 2135.9
1295990 2135.9
1296000 2141.5
1296010 2146.7
1296020 2146.7
1296030 2152.5
1296040 2157.4
1296050 2157.4
1296060 2161.8
1296070 2163.4
1296080 2163.4
1296090 2165.0
1296100 2165.9
1296110 2165.9
1296120 2167.2
1296130 2169.5
1296140 2169.5
1296150 2173.2
1296160 2176.4
1296170 2176.4
1296180 2179.3
1296190 2182.7
1296200 2182.7
1296210 2186.2
1296220 2190.2
1296230 2194.7
1296240 2194.7
1296250 2198.8
1296260 2203.1
1296270 2203.1
1296280 2206.9
1296290 2210.8
1296300 2210.8
1296310 2215.2
1296320 2219.5
1296330 2219.5
1296340 2223.3
1296350 2226.9
1296360 2226.9
1296370 2230.6
1296380 2234.4
1296390 2234.4
1296400 2237.5
1296410 2236.9
1296420 2236.9
1296430 2235.9
1296440 2235.4
1296450 2235.4
1296460 2236.7
1296470 2243.0
1296480 2249.5
1296490 2249.5
1296500 2255.6
1296510 2261.6
1296520 2261.6
1296530 2267.6
1296540 2273.6
1296550 2276.9
1296560 2283.3
1296570 2289.6
1296580 2289.6
1296590 2294.2
1296600 2299.2
1296610 2299.2
1296620 2305.1
1296630 2310.8
1296640 2310.8
1296650 2315.9
1296660 2320.4
1296670 2320.4
1296680 2325.0
1296690 2331.2
1296700 2331.2
1296710 2337.2
1296720 2341.7
1296730 2347.6
1296740 2347.6
1296750 2354.2
1296760 2359.6
1296770 2359.6
1296780 2364.4
1296790 2370.6
1296800 2370.6
1296810 2376.4
1296820 2381.2
1296830 2381.2
1296840 2386.5
1296850 2391.5
1296860 2391.5
1296870 2396.3
1296880 2400.8
1296890 2400.8
1296900 2405.8
1296910 2411.6
1296920 2411.6
1296930 2414.5
1296940 2417.4
1296950 2417.4
1296960 2421.2
1296970 2423.9
1296980 2425.8
1296990 2425.8
1297000 2431.4
1297010 2434.1
1297020 2434.1
1297030 2435.4
1297040 2437.9
1297050 2437.9
1297060 2439.4
1297070 2443.1
1297080 2443.1
1297090 2448.9
1297100 2454.7
1297110 2454.7
1297120 2455.7
1297130 2455.6
1297140 2455.6
1297150 2460.2
1297160 2464.7
1297170 2464.7
1297180 2469.0
1297190 2471.7
1297200 2471.7
1297210 2474.7
1297220 2474.3
1297230 2470.7
1297240 2470.7
1297250 2462.7
1297260 2456.9
1297270 2456.9
1297280 2453.3
1297290 2454.8
1297300 2454.8
1297310 2458.5
1297320 2461.5
1297330 2461.5
1297340 2460.6
1297350 2456.3
1297360 2456.3
1297370 2449.0
1297380 2443.6
1297390 2443.6
1297400 2439.8
1297410 2436.4
1297420 2436.4
1297430 2436.8
1297440 2437.1
1297450 2437.1
1297460 2435.9
1297470 2436.5
1297480 2439.6
1297490 2439.6
1297500 2438.8
1297510 2434.6
1297520 2434.6
1297530 2431.9
1297540 2430.1
1297550 2430.1
1297560 2427.9
1297570 2425.7
1297580 2425.7
1297590 2417.9
1297600 2408.4
1297610 2408.4
1297620 2400.8
1297630 2394.9
1297640 2394.9
1297650 2389.8
1297660 2385.3
1297670 2385.3
1297680 2380.5
1297690 2375.5
1297700 2375.5
1297710 2370.9
1297720 2366.9
1297730 2364.5
1297740 2364.5
1297750 2362.7
1297760 2358.0
1297770 2358.0
1297780 2351.7
1297790 2346.6
1297800 2346.6
1297810 2338.7
1297820 2332.7
1297830 2332.7
1297840 2326.3
1297850 2320.9
1297860 2320.9
1297870 2317.3
1297880 2312.4
1297890 2312.4
1297900 2303.3
1297910 2294.2
1297920 2294.2
1297930 2287.7
1297940 2280.7
1297950 2280.7
1297960 2272.7
1297970 2265.2
1297980 2260.6
1297990 2260.6
1298000 2259.5
1298010 2260.9
1298020 2260.9
1298030 2262.6
1298040 2261.9
1298050 2261.9
1298060 2260.2
1298070 2256.8
1298080 2256.8
1298090 2254.4
1298100 2251.7
1298110 2251.7
1298120 2249.4
1298130 2247.3
1298140 2247.3
1298150 2243.4
1298160 2237.6
1298170 2237.6
1298180 2231.8
1298190 2230.2
1298200 2230.2
1298210 2229.2
1298220 2225.6
1298230 2221.1
1298240 2221.1
1298250 2217.0
1298260 2214.2
1298270 2214.2
1298280 2211.9
1298290 2208.7
1298300 2208.7
1298310 2205.0
1298320 2201.1
1298330 2201.1
1298340 2198.1
1298350 2193.2
1298360 2193.2
1298370 2189.5
1298380 2185.5
1298390 2185.5
1298400 2182.7
1298410 2179.7
1298420 2179.7
1298430 2176.5
1298440 2175.1
1298450 2175.1
1298460 2174.5
1298470 2172.1
1298480 2165.9
1298490 2165.9
1298500 2161.1
1298510 2160.7
1298520 2160.7
1298530 2161.6
1298540 2161.6
1298550 2161.6
1298560 2161.2
1298570 2161.1
1298580 2161.1
1298590 2164.4
1298600 2164.4
1298610 2164.4
1298620 2164.5
1298630 2164.9
1298640 2164.9
1298650 2166.6
1298660 2170.3
1298670 2170.3
1298680 2175.2
1298690 2180.7
1298700 2180.7
1298710 2186.1
1298720 2191.8
1298730 2198.8
1298740 2198.8
1298750 2206.2
1298760 2212.3
1298770 2212.3
1298780 2217.6
1298790 2221.6
1298800 2221.6
1298810 2224.5
1298820 2227.9
1298830 2227.9
1298840 2231.1
1298850 2235.2
1298860 2235.2
1298870 2240.5
1298880 2245.2
1298890 2245.2
1298900 2248.4
1298910 2251.4
1298920 2251.4
1298930 2254.8
1298940 2257.7
1298950 2257.7
1298960 2261.1
1298970 2265.0
1298980 2269.7
1298990 2269.7
1299000 2274.6
1299010 2279.7
1299020 2279.7
1299030 2285.4
1299040 2291.1
1299050 2291.1
1299060 2296.8
1299070 2302.7
1299080 2302.7
1299090 2308.2
1299100 2313.7
1299110 2313.7
1299120 2320.8
1299130 2329.0
1299140 2329.0
1299150 2336.8
1299160 2344.2
1299170 2344.2
1299180 2351.2
1299190 2358.1
1299200 2358.1
1299210 2364.5
1299220 2371.6
1299230 2386.7
1299240 2386.7
1299250 2398.8
1299260 2404.5
1299270 2406.9
1299280 2414.7
1299290 2421.1
1299300 2421.1
1299310 2428.0
1299320 2438.8
1299330 2438.8
1299340 2449.8
1299350 2460.6
1299360 2460.6
1299370 2466.5
1299380 2470.2
1299390 2470.2
1299400 2473.8
1299410 2477.0
1299420 2477.0
1299430 2482.8
1299440 2489.7
1299450 2489.7
1299460 2497.5
1299470 2505.5
1299480 2515.9
1299490 2515.9
1299500 2532.5
1299510 2535.1
1299520 2535.1
1299530 2530.5
1299540 2523.4
1299550 2523.4
1299560 2515.9
1299570 2508.9
1299580 2508.9
1299590 2501.5
1299600 2497.0
1299610 2497.0
1299620 2491.4
1299630 2486.0
1299640 2486.0
1299650 2479.7
1299660 2468.0
1299670 2468.0
1299680 2458.7
1299690 2449.8
1299700 2449.8
1299710 2441.0
1299720 2431.9
1299730 2413.6
1299740 2413.6
1299750 2405.0
1299760 2398.9
1299770 2398.9
1299780 2392.2
1299790 2386.6
1299800 2386.6
1299810 2380.1
1299820 2373.9
1299830 2373.9
1299840 2367.9
1299850 2360.9
1299860 2360.9
1299870 2353.4
1299880 2346.2
1299890 2346.2
1299900 2336.1
1299910 2327.9
1299920 2327.9
1299930 2321.1
1299940 2314.7
1299950 2314.7
1299960 2310.3
1299970 2304.0
1299980 2297.9
1299990 2297.9
