1280000 1675.2
1280010 1682.5
1280020 1682.5
1280030 1689.8
1280040 1698.0
1280050 1698.0
1280060 1707.8
1280070 1716.9
1280080 1716.9
1280090 1726.1
1280100 1735.2
1280110 1735.2
1280120 1743.5
1280130 1750.8
1280140 1750.8
1280150 1758.4
1280160 1766.6
1280170 1766.6
1280180 1773.8
1280190 1776.8
1280200 1777.3
1280210 1777.3
1280220 1778.2
1280230 1779.6
1280240 1779.6
1280250 1780.2
1280260 1781.5
1280270 1781.5
1280280 1783.7
1280290 1786.1
1280300 1786.1
1280310 1788.9
1280320 1791.8
1280330 1791.8
1280340 1795.0
1280350 1798.7
1280360 1798.7
1280370 1802.6
1280380 1807.2
1280390 1807.2
1280400 1812.1
1280410 1816.4
1280420 1816.4
1280430 1821.6
1280440 1826.8
1280450 1831.9
1280460 1831.9
1280470 1836.2
1280480 1839.5
1280490 1839.5
1280500 1842.4
1280510 1844.7
1280520 1844.7
1280530 1846.3
1280540 1848.0
1280550 1850.0
1280560 1851.0
1280570 1851.9
1280580 1851.9
1280590 1851.6
1280600 1850.0
1280610 1850.0
1280620 1847.4
1280630 1844.2
1280640 1844.2
1280650 1841.7
1280660 1840.0
1280670 1840.0
1280680 1838.6
1280690 1837.2
1280700 1836.0
1280710 1836.0
1280720 1835.3
1280730 1833.3
1280740 1833.3
1280750 1830.2
1280760 1827.1
1280770 1827.1
1280780 1823.6
1280790 1820.3
1280800 1820.3
1280810 1817.1
1280820 1814.2
1280830 1814.2
1280840 1810.6
1280850 1807.9
1280860 1807.9
1280870 1806.5
1280880 1805.7
1280890 1805.7
1280900 1806.8
1280910 1807.2
1280920 1807.2
1280930 1805.0
1280940 1802.9
1280950 1800.4
1280960 1800.4
1280970 1797.1
1280980 1793.2
1280990 1793.2
1281000 1789.6
1281010 1787.7
1281020 1787.7
1281030 1787.7
1281040 1791.5
1281050 1791.5
1281060 1796.2
1281070 1800.7
1281080 1800.7
1281090 1803.5
1281100 1802.2
1281110 1802.2
1281120 1801.4
1281130 1803.0
1281140 1803.0
1281150 1803.2
1281160 1802.9
1281170 1806.6
1281180 1805.7
1281190 1804.9
1281200 1805.0
1281210 1805.0
1281220 1805.5
1281230 1806.0
1281240 1806.0
1281250 1806.4
1281260 1806.7
1281270 1806.7
1281280 1806.1
1281290 1804.1
1281300 1804.1
1281310 1801.1
1281320 1798.6
1281330 1798.6
1281340 1796.5
1281350 1794.5
1281360 1794.5
1281370 1792.2
1281380 1789.6
1281390 1789.6
1281400 1787.3
1281410 1785.2
1281420 1785.2
1281430 1783.4
1281440 1781.1
1281450 1778.6
1281460 1778.6
1281470 1777.7
1281480 1781.2
1281490 1781.2
1281500 1785.5
1281510 1789.6
1281520 1789.6
1281530 1793.6
1281540 1797.1
1281550 1797.1
1281560 1801.1
1281570 1805.5
1281580 1805.5
1281590 1809.6
1281600 1813.3
1281610 1813.3
1281620 1816.7
1281630 1819.7
1281640 1819.7
1281650 1822.9
1281660 1825.4
1281670 1825.4
1281680 1827.3
1281690 1829.0
1281700 1831.8
1281710 1831.8
1281720 1835.0
1281730 1837.0
1281740 1837.0
1281750 1835.7
1281760 1834.2
1281770 1834.2
1281780 1835.0
1281790 1834.7
1281800 1836.5
1281810 1835.8
1281820 1835.9
1281830 1835.9
1281840 1835.2
1281850 1840.2
1281860 1840.2
1281870 1846.8
1281880 1845.1
1281890 1845.1
1281900 1839.9
1281910 1836.2
1281920 1836.2
1281930 1828.1
1281940 1818.9
1281950 1817.3
1281960 1817.3
1281970 1822.1
1281980 1827.9
1281990 1827.9
1282000 1831.3
1282010 1824.5
1282020 1824.5
1282030 1815.2
1282040 1808.4
1282050 1808.4
1282060 1807.8
1282070 1805.7
1282080 1805.7
1282090 1800.4
1282100 1803.0
1282110 1803.0
1282120 1802.3
1282130 1796.9
1282140 1796.9
1282150 1790.6
1282160 1784.8
1282170 1784.8
1282180 1779.1
1282190 1774.7
1282200 1771.8
1282210 1771.8
1282220 1769.4
1282230 1767.5
1282240 1767.5
1282250 1766.4
1282260 1765.3
1282270 1765.3
1282280 1765.5
1282290 1766.0
1282300 1766.0
1282310 1766.3
1282320 1766.5
1282330 1766.5
1282340 1766.6
1282350 1766.6
1282360 1766.6
1282370 1766.4
1282380 1766.0
1282390 1766.0
1282400 1765.1
1282410 1763.7
1282420 1765.5
1282430 1762.1
1282440 1759.2
1282450 1758.0
1282460 1758.0
1282470 1757.2
1282480 1755.0
1282490 1755.0
1282500 1753.6
1282510 1755.6
1282520 1755.6
1282530 1757.8
1282540 1759.5
1282550 1759.5
1282560 1760.4
1282570 1761.6
1282580 1761.6
1282590 1765.2
1282600 1770.5
1282610 1770.5
1282620 1776.2
1282630 1780.4
1282640 1780.4
1282650 1783.6
1282660 1786.4
1282670 1786.4
1282680 1787.1
1282690 1789.1
1282700 1791.4
1282710 1791.4
1282720 1794.4
1282730 1799.3
1282740 1799.3
1282750 1804.7
1282760 1808.9
1282770 1808.9
1282780 1813.4
1282790 1818.3
1282800 1818.3
1282810 1822.9
1282820 1828.1
1282830 1828.1
1282840 1833.0
1282850 1837.6
1282860 1837.6
1282870 1841.1
1282880 1844.2
1282890 1844.2
1282900 1846.7
1282910 1849.0
1282920 1849.0
1282930 1851.4
1282940 1854.1
1282950 1857.1
1282960 1857.1
1282970 1860.2
1282980 1863.3
1282990 1863.3
1283000 1865.1
1283010 1867.8
1283020 1867.8
1283030 1870.4
1283040 1872.8
1283050 1877.9
1283060 1880.1
1283070 1882.6
1283080 1882.6
1283090 1885.3
1283100 1887.9
1283110 1887.9
1283120 1891.1
1283130 1894.7
1283140 1894.7
1283150 1898.1
1283160 1901.6
1283170 1901.6
1283180 1905.5
1283190 1908.3
1283200 1908.3
1283210 1910.5
1283220 1913.1
1283230 1915.2
1283240 1915.2
1283250 1916.6
1283260 1918.0
1283270 1918.0
1283280 1919.6
1283290 1920.5
1283300 1920.5
1283310 1921.2
1283320 1922.7
1283330 1922.7
1283340 1924.7
1283350 1927.1
1283360 1927.1
1283370 1928.4
1283380 1929.4
1283390 1929.4
1283400 1930.5
1283410 1933.0
1283420 1933.0
1283430 1935.5
1283440 1937.8
1283450 1937.8
1283460 1939.7
1283470 1941.8
1283480 1943.3
1283490 1943.3
1283500 1943.2
1283510 1941.9
1283520 1941.9
1283530 1942.7
1283540 1945.2
1283550 1945.2
1283560 1947.5
1283570 1949.6
1283580 1949.6
1283590 1952.8
1283600 1956.3
1283610 1956.3
1283620 1959.5
1283630 1962.7
1283640 1962.7
1283650 1966.3
1283660 1970.1
1283670 1970.1
1283680 1973.5
1283690 1979.9
1283700 1979.9
1283710 1982.5
1283720 1984.5
1283730 1986.0
1283740 1986.0
1283750 1987.7
1283760 1990.7
1283770 1990.7
1283780 1993.5
1283790 1993.5
1283800 1993.5
1283810 1996.5
1283820 1999.4
1283830 1999.4
1283840 2000.8
1283850 2001.9
1283860 2001.9
1283870 2003.9
1283880 2006.7
1283890 2006.7
1283900 2008.7
1283910 2010.6
1283920 2010.6
1283930 2013.6
1283940 2016.3
1283950 2016.3
1283960 2018.5
1283970 2019.7
1283980 2020.3
1283990 2020.3
1284000 2020.5
1284010 2020.4
1284020 2020.4
1284030 2020.1
1284040 2020.7
1284050 2020.7
1284060 2022.1
1284070 2023.1
1284080 2023.1
1284090 2024.6
1284100 2025.6
1284110 2025.6
1284120 2026.0
1284130 2026.6
1284140 2026.6
1284150 2027.5
1284160 2028.9
1284170 2028.9
1284180 2029.3
1284190 2030.6
1284200 2030.6
1284210 2030.9
1284220 2028.3
1284230 2023.1
1284240 2023.1
1284250 2020.2
1284260 2016.4
1284270 2016.4
1284280 2013.6
1284290 2011.5
1284300 2011.5
1284310 2010.9
1284320 2012.4
1284330 2012.4
1284340 2008.8
1284350 2006.9
1284360 2006.9
1284370 2006.4
1284380 2007.1
1284390 2007.1
1284400 2006.9
1284410 2005.8
1284420 2005.8
1284430 2003.7
1284440 2001.5
1284450 2001.5
1284460 1998.3
1284470 1994.6
1284480 1992.0
1284490 1992.0
1284500 1990.8
1284510 1987.7
1284520 1987.7
1284530 1984.7
1284540 1983.2
1284550 1983.2
1284560 1978.8
1284570 1970.4
1284580 1970.4
1284590 1960.2
1284600 1951.3
1284610 1951.3
1284620 1940.6
1284630 1930.0
1284640 1930.0
1284650 1920.6
1284660 1912.8
1284670 1912.8
1284680 1906.0
1284690 1900.3
1284700 1900.3
1284710 1895.9
1284720 1892.2
1284730 1885.8
1284740 1885.8
1284750 1879.1
1284760 1873.8
1284770 1873.8
1284780 1867.7
1284790 1860.8
1284800 1860.8
1284810 1856.9
1284820 1856.0
1284830 1856.0
1284840 1851.2
1284850 1842.7
1284860 1842.7
1284870 1828.9
1284880 1813.9
1284890 1813.9
1284900 1801.0
1284910 1788.5
1284920 1788.5
1284930 1777.0
1284940 1768.6
1284950 1768.6
1284960 1765.7
1284970 1759.5
1284980 1752.8
1284990 1752.8
1285000 1745.2
1285010 1737.1
1285020 1737.1
1285030 1729.2
1285040 1721.7
1285050 1721.7
1285060 1714.7
1285070 1708.7
1285080 1708.7
1285090 1702.7
1285100 1697.2
1285110 1697.2
1285120 1692.3
1285130 1688.1
1285140 1688.1
1285150 1683.6
1285160 1677.2
1285170 1677.2
1285180 1670.4
1285190 1663.4
1285200 1663.4
1285210 1656.1
1285220 1649.1
1285230 1642.7
1285240 1642.7
1285250 1636.0
1285260 1627.8
1285270 1627.8
1285280 1621.4
1285290 1614.7
1285300 1614.7
1285310 1605.3
1285320 1596.7
1285330 1596.7
1285340 1589.4
1285350 1580.8
1285360 1580.8
1285370 1571.2
1285380 1562.3
1285390 1562.3
1285400 1554.7
1285410 1547.2
1285420 1547.2
1285430 1539.4
1285440 1531.3
1285450 1531.3
1285460 1522.2
1285470 1514.9
1285480 1511.5
1285490 1511.5
1285500 1507.4
1285510 1502.0
1285520 1502.0
1285530 1495.8
1285540 1486.7
1285550 1486.7
1285560 1477.9
1285570 1470.2
1285580 1470.2
1285590 1460.9
1285600 1452.8
1285610 1452.8
1285620 1444.4
1285630 1436.1
1285640 1436.1
1285650 1427.1
1285660 1419.7
1285670 1419.7
1285680 1414.8
1285690 1409.9
1285700 1409.9
1285710 1405.4
1285720 1400.2
1285730 1396.0
1285740 1396.0
1285750 1391.1
1285760 1386.5
1285770 1386.5
1285780 1383.0
1285790 1379.0
1285800 1379.0
1285810 1375.3
1285820 1371.3
1285830 1371.3
1285840 1366.6
1285850 1361.8
1285860 1361.8
1285870 1357.9
1285880 1355.0
1285890 1355.0
1285900 1351.9
1285910 1348.8
1285920 1348.8
1285930 1345.7
1285940 1343.3
1285950 1343.3
1285960 1340.9
1285970 1338.3
1285980 1335.7
1285990 1335.7
1286000 1332.1
1286010 1326.3
1286020 1326.3
1286030 1324.8
1286040 1324.3
1286050 1324.3
1286060 1325.4
1286070 1328.0
1286080 1328.0
1286090 1331.4
1286100 1334.7
1286110 1334.7
1286120 1338.3
1286130 1342.4
1286140 1342.4
1286150 1346.6
1286160 1350.5
1286170 1350.5
1286180 1354.6
1286190 1360.7
1286200 1360.7
1286210 1367.2
1286220 1372.7
1286230 1379.8
1286240 1381.7
1286250 1387.5
1286260 1394.5
1286270 1394.5
1286280 1401.6
1286290 1408.7
1286300 1408.7
1286310 1414.3
1286320 1418.0
1286330 1418.0
1286340 1420.7
1286350 1424.3
1286360 1424.3
1286370 1430.8
1286380 1437.3
1286390 1437.3
1286400 1443.4
1286410 1448.3
1286420 1448.3
1286430 1452.6
1286440 1456.0
1286450 1456.0
1286460 1459.1
1286470 1462.6
1286480 1467.1
1286490 1467.1
1286500 1473.8
1286510 1480.5
1286520 1480.5
1286530 1486.3
1286540 1491.7
1286550 1491.7
1286560 1497.0
1286570 1502.2
1286580 1502.2
1286590 1506.4
1286600 1510.3
1286610 1510.3
1286620 1514.0
1286630 1517.1
1286640 1517.1
1286650 1519.9
1286660 1522.5
1286670 1522.5
1286680 1525.2
1286690 1527.4
1286700 1527.4
1286710 1529.8
1286720 1532.3
1286730 1535.0
1286740 1535.0
1286750 1538.0
1286760 1541.2
1286770 1541.2
1286780 1544.3
1286790 1547.1
1286800 1547.1
1286810 1549.0
1286820 1550.6
1286830 1550.6
1286840 1553.6
1286850 1556.2
1286860 1556.2
1286870 1559.2
1286880 1564.8
1286890 1564.8
1286900 1569.7
1286910 1575.0
1286920 1575.0
1286930 1579.9
1286940 1583.0
1286950 1583.0
1286960 1586.6
1286970 1589.5
1286980 1589.5
1286990 1592.7
1287000 1596.1
1287010 1600.0
1287020 1600.0
1287030 1603.7
1287040 1607.6
1287050 1607.6
1287060 1611.5
1287070 1615.4
1287080 1615.4
1287090 1618.2
1287100 1620.1
1287110 1620.1
1287120 1621.8
1287130 1623.6
1287140 1623.6
1287150 1624.2
1287160 1624.4
1287170 1624.4
1287180 1625.4
1287190 1627.8
1287200 1627.8
1287210 1631.2
1287220 1635.6
1287230 1635.6
1287240 1639.5
1287250 1644.0
1287260 1648.0
1287270 1648.0
1287280 1651.4
1287290 1654.5
1287300 1654.5
1287310 1657.2
1287320 1659.6
1287330 1659.6
1287340 1661.0
1287350 1662.2
1287360 1662.2
1287370 1663.9
1287380 1665.7
1287390 1665.7
1287400 1668.1
1287410 1671.3
1287420 1671.3
1287430 1674.3
1287440 1677.1
1287450 1677.1
1287460 1680.4
1287470 1682.4
1287480 1682.4
1287490 1683.0
1287500 1683.1
1287510 1683.4
1287520 1683.4
1287530 1688.9
1287540 1691.8
1287550 1691.8
1287560 1694.3
1287570 1696.6
1287580 1696.6
1287590 1698.7
1287600 1700.2
1287610 1700.2
1287620 1701.3
1287630 1702.8
1287640 1702.8
1287650 1704.8
1287660 1707.2
1287670 1707.2
1287680 1708.7
1287690 1709.7
1287700 1709.7
1287710 1710.9
1287720 1712.8
1287730 1712.8
1287740 1715.5
1287750 1718.2
1287760 1721.2
1287770 1721.2
1287780 1724.0
1287790 1727.3
1287800 1727.3
1287810 1731.6
1287820 1736.4
1287830 1736.4
1287840 1741.4
1287850 1746.0
1287860 1746.0
1287870 1750.9
1287880 1756.7
1287890 1756.7
1287900 1762.1
1287910 1767.9
1287920 1767.9
1287930 1772.4
1287940 1777.4
1287950 1777.4
1287960 1783.4
1287970 1789.1
1287980 1789.1
1287990 1791.6
1288000 1792.8
1288010 1794.5
1288020 1794.5
1288030 1796.3
1288040 1796.8
1288050 1796.8
1288060 1797.8
1288070 1799.5
1288080 1799.5
1288090 1802.2
1288100 1805.1
1288110 1805.1
1288120 1807.6
1288130 1809.4
1288140 1809.4
1288150 1811.0
1288160 1812.1
1288170 1814.1
1288180 1815.2
1288190 1817.1
1288200 1817.1
1288210 1820.0
1288220 1822.8
1288230 1822.8
1288240 1825.7
1288250 1829.0
1288260 1831.8
1288270 1831.8
1288280 1834.9
1288290 1838.1
1288300 1838.1
1288310 1840.9
1288320 1844.1
1288330 1844.1
1288340 1846.4
1288350 1849.0
1288360 1849.0
1288370 1852.1
1288380 1855.3
1288390 1855.3
1288400 1857.7
1288410 1860.2
1288420 1860.2
1288430 1861.9
1288440 1863.5
1288450 1863.5
1288460 1865.2
1288470 1867.0
1288480 1867.0
1288490 1869.3
1288500 1872.6
1288510 1876.2
1288520 1876.2
1288530 1879.6
1288540 1882.8
1288550 1882.8
1288560 1885.9
1288570 1888.4
1288580 1888.4
1288590 1891.3
1288600 1895.8
1288610 1895.8
1288620 1897.5
1288630 1898.4
1288640 1898.4
1288650 1900.3
1288660 1904.0
1288670 1904.0
1288680 1909.5
1288690 1915.2
1288700 1915.2
1288710 1919.1
1288720 1921.3
1288730 1921.3
1288740 1922.3
1288750 1923.6
1288760 1925.2
1288770 1925.2
1288780 1926.8
1288790 1928.8
1288800 1928.8
1288810 1929.9
1288820 1934.2
1288830 1934.2
1288840 1934.7
1288850 1934.7
1288860 1934.7
1288870 1936.1
1288880 1939.0
1288890 1939.0
1288900 1944.0
1288910 1949.8
1288920 1949.8
1288930 1953.9
1288940 1959.9
1288950 1959.9
1288960 1966.4
1288970 1972.0
1288980 1972.0
1288990 1976.9
1289000 1981.4
1289010 1985.8
1289020 1985.8
1289030 1989.8
1289040 1992.7
1289050 1992.7
1289060 1995.4
1289070 1997.4
1289080 1997.4
1289090 1999.1
1289100 2000.3
1289110 2000.3
1289120 2002.2
1289130 2004.4
1289140 2004.4
1289150 2006.1
1289160 2007.4
1289170 2007.4
1289180 2008.3
1289190 2008.4
1289200 2008.4
1289210 2008.4
1289220 2009.0
1289230 2009.0
1289240 2010.5
1289250 2012.9
1289260 2015.6
1289270 2015.6
1289280 2020.0
1289290 2026.7
1289300 2026.7
1289310 2033.0
1289320 2038.3
1289330 2038.3
1289340 2043.3
1289350 2048.3
1289360 2048.3
1289370 2052.7
1289380 2057.4
1289390 2057.4
1289400 2062.6
1289410 2067.3
1289420 2067.3
1289430 2070.3
1289440 2072.5
1289450 2072.5
1289460 2074.9
1289470 2077.5
1289480 2077.5
1289490 2078.7
1289500 2081.1
1289510 2083.8
1289520 2083.8
1289530 2086.9
1289540 2090.4
1289550 2090.4
1289560 2095.4
1289570 2098.5
1289580 2098.5
1289590 2100.9
1289600 2103.0
1289610 2103.0
1289620 2104.9
1289630 2108.4
1289640 2108.4
1289650 2112.1
1289660 2115.4
1289670 2115.4
1289680 2119.6
1289690 2124.6
1289700 2124.6
1289710 2130.1
1289720 2135.0
1289730 2135.0
1289740 2138.5
1289750 2141.3
1289760 2143.9
1289770 2143.9
1289780 2148.3
1289790 2154.6
1289800 2154.6
1289810 2161.8
1289820 2169.1
1289830 2169.1
1289840 2173.9
1289850 2175.6
1289860 2175.6
1289870 2178.1
1289880 2179.7
1289890 2179.7
1289900 2180.4
1289910 2182.7
1289920 2182.7
1289930 2185.7
1289940 2188.3
1289950 2188.3
1289960 2190.7
1289970 2194.9
1289980 2194.9
1289990 2198.8
1290000 2201.6
1290010 2203.7
1290020 2203.7
1290030 2206.9
1290040 2212.2
1290050 2212.2
1290060 2218.9
1290070 2222.1
1290080 2222.1
1290090 2224.6
1290100 2229.0
1290110 2229.0
1290120 2235.3
1290130 2243.7
1290140 2243.7
1290150 2248.8
1290160 2258.4
1290170 2258.4
1290180 2268.2
1290190 2276.4
1290200 2276.4
1290210 2283.5
1290220 2284.2
1290230 2284.2
1290240 2284.2
1290250 2283.6
1290260 2287.6
1290270 2287.6
1290280 2294.6
1290290 2300.8
1290300 2300.8
1290310 2297.9
1290320 2290.6
1290330 2290.6
1290340 2284.9
1290350 2279.6
1290360 2279.6
1290370 2268.3
1290380 2255.2
1290390 2255.2
1290400 2235.5
1290410 2226.3
1290420 2226.3
1290430 2218.5
1290440 2211.1
1290450 2211.1
1290460 2205.6
1290470 2201.8
1290480 2201.8
1290490 2198.9
1290500 2195.7
1290510 2189.6
1290520 2189.6
1290530 2182.5
1290540 2176.4
1290550 2176.4
1290560 2171.3
1290570 2168.2
1290580 2168.2
1290590 2168.3
1290600 2166.3
1290610 2166.3
1290620 2163.0
1290630 2162.0
1290640 2162.0
1290650 2160.6
1290660 2156.4
1290670 2156.4
1290680 2149.0
1290690 2140.7
1290700 2140.7
1290710 2131.6
1290720 2119.9
1290730 2119.9
1290740 2106.5
1290750 2094.5
1290760 2083.7
1290770 2083.7
1290780 2069.7
1290790 2059.6
1290800 2059.6
1290810 2051.2
1290820 2044.3
1290830 2044.3
1290840 2037.6
1290850 2031.3
1290860 2031.3
1290870 2025.0
1290880 2018.6
1290890 2018.6
1290900 2012.6
1290910 2007.4
1290920 2007.4
1290930 2002.7
1290940 1997.5
1290950 1997.5
1290960 1991.1
1290970 1982.7
1290980 1982.7
1290990 1971.8
1291000 1962.4
1291010 1954.0
1291020 1954.0
1291030 1948.2
1291040 1941.3
1291050 1941.3
1291060 1932.8
1291070 1923.5
1291080 1923.5
1291090 1916.0
1291100 1908.3
1291110 1908.3
1291120 1902.4
1291130 1897.5
1291140 1897.5
1291150 1893.6
1291160 1889.0
1291170 1889.0
1291180 1883.2
1291190 1876.8
1291200 1876.8
1291210 1870.7
1291220 1864.7
1291230 1864.7
1291240 1858.6
1291250 1851.9
1291260 1851.9
1291270 1845.0
1291280 1838.2
1291290 1831.6
1291300 1831.6
1291310 1826.6
1291320 1820.1
1291330 1820.1
1291340 1814.0
1291350 1808.0
1291360 1808.0
1291370 1802.0
1291380 1795.7
1291390 1795.7
1291400 1788.9
1291410 1781.5
1291420 1781.5
1291430 1774.1
1291440 1770.7
1291450 1770.7
1291460 1766.3
1291470 1761.7
1291480 1761.7
1291490 1755.9
1291500 1750.0
1291510 1750.0
1291520 1743.8
1291530 1738.4
1291540 1733.9
1291550 1733.9
1291560 1729.2
1291570 1724.8
1291580 1724.8
1291590 1721.7
1291600 1718.4
1291610 1718.4
1291620 1715.6
1291630 1712.8
1291640 1712.8
1291650 1709.6
1291660 1706.9
1291670 1706.9
1291680 1704.2
1291690 1701.1
1291700 1701.1
1291710 1697.4
1291720 1692.6
1291730 1692.6
1291740 1687.7
1291750 1682.5
1291760 1682.5
1291770 1676.2
1291780 1670.0
1291790 1664.8
1291800 1664.8
1291810 1660.4
1291820 1656.0
1291830 1656.0
1291840 1650.8
1291850 1645.4
1291860 1645.4
1291870 1638.9
1291880 1633.3
1291890 1633.3
1291900 1629.5
1291910 1625.4
1291920 1625.4
1291930 1620.8
1291940 1616.9
1291950 1616.9
1291960 1613.6
1291970 1609.6
1291980 1609.6
1291990 1606.5
1292000 1603.5
1292010 1603.5
1292020 1598.8
1292030 1594.1
1292040 1588.9
1292050 1588.9
1292060 1582.3
1292070 1575.4
1292080 1575.4
1292090 1569.4
1292100 1566.3
1292110 1566.3
1292120 1562.0
1292130 1558.9
1292140 1558.9
1292150 1555.2
1292160 1549.7
1292170 1549.7
1292180 1544.4
1292190 1539.6
1292200 1539.6
1292210 1534.5
1292220 1528.8
1292230 1528.8
1292240 1524.0
1292250 1520.1
1292260 1520.1
1292270 1516.1
1292280 1512.5
1292290 1508.2
1292300 1508.2
1292310 1504.2
1292320 1500.0
1292330 1500.0
1292340 1494.3
1292350 1487.9
1292360 1487.9
1292370 1481.7
1292380 1477.0
1292390 1477.0
1292400 1472.3
1292410 1468.1
1292420 1468.1
1292430 1461.8
1292440 1454.6
1292450 1454.6
1292460 1449.3
1292470 1443.8
1292480 1443.8
1292490 1438.4
1292500 1432.2
1292510 1432.2
1292520 1425.5
1292530 1418.0
1292540 1411.0
1292550 1411.0
1292560 1404.2
1292570 1398.3
1292580 1398.3
1292590 1392.4
1292600 1385.5
1292610 1385.5
1292620 1378.8
1292630 1374.3
1292640 1374.3
1292650 1369.6
1292660 1365.3
1292670 1365.3
1292680 1361.8
1292690 1360.0
1292700 1360.0
1292710 1359.0
1292720 1358.5
1292730 1358.5
1292740 1357.7
1292750 1356.6
1292760 1358.1
1292770 1356.7
1292780 1355.2
1292790 1353.4
1292800 1353.4
1292810 1351.9
1292820 1351.2
1292830 1351.2
1292840 1350.4
1292850 1349.1
1292860 1349.1
1292870 1347.6
1292880 1346.4
1292890 1346.4
1292900 1345.3
1292910 1343.9
1292920 1343.9
1292930 1342.6
1292940 1341.1
1292950 1341.1
1292960 1339.9
1292970 1339.2
1292980 1339.2
1292990 1337.6
1293000 1335.2
1293010 1335.2
1293020 1330.8
1293030 1323.1
1293040 1316.3
1293050 1316.3
1293060 1317.5
1293070 1324.6
1293080 1324.6
1293090 1332.2
1293100 1337.5
1293110 1337.5
1293120 1345.3
1293130 1353.0
1293140 1353.0
1293150 1359.5
1293160 1364.8
1293170 1364.8
1293180 1368.2
1293190 1370.6
1293200 1370.6
1293210 1372.9
1293220 1375.2
1293230 1375.2
1293240 1377.7
1293250 1381.3
1293260 1381.3
1293270 1385.5
1293280 1389.8
1293290 1394.4
1293300 1394.4
1293310 1399.3
1293320 1404.3
1293330 1404.3
1293340 1409.5
1293350 1414.2
1293360 1414.2
1293370 1418.5
1293380 1422.7
1293390 1422.7
1293400 1426.6
1293410 1430.2
1293420 1430.2
1293430 1436.8
1293440 1440.3
1293450 1440.3
1293460 1444.7
1293470 1449.5
1293480 1449.5
1293490 1455.2
1293500 1461.2
1293510 1461.2
1293520 1466.9
1293530 1472.6
1293540 1477.8
1293550 1477.8
1293560 1481.9
1293570 1486.1
1293580 1486.1
1293590 1491.1
1293600 1496.0
1293610 1496.0
1293620 1499.1
1293630 1501.9
1293640 1501.9
1293650 1504.4
1293660 1507.0
1293670 1507.0
1293680 1509.4
1293690 1511.5
1293700 1511.5
1293710 1513.8
1293720 1516.0
1293730 1516.0
1293740 1519.4
1293750 1522.8
1293760 1522.8
1293770 1525.8
1293780 1528.7
1293790 1532.3
1293800 1532.3
1293810 1536.3
1293820 1540.4
1293830 1540.4
1293840 1545.0
1293850 1549.6
1293860 1549.6
1293870 1554.2
1293880 1558.6
1293890 1558.6
1293900 1564.2
1293910 1570.7
1293920 1570.7
1293930 1576.6
1293940 1581.1
1293950 1581.1
1293960 1586.2
1293970 1592.5
1293980 1592.5
1293990 1599.6
1294000 1606.8
1294010 1606.8
1294020 1613.3
1294030 1618.7
1294040 1625.0
1294050 1625.0
1294060 1629.6
1294070 1637.1
1294080 1637.1
1294090 1641.1
1294100 1647.4
1294110 1647.4
1294120 1655.9
1294130 1664.2
1294140 1664.2
1294150 1671.8
1294160 1678.2
1294170 1678.2
1294180 1683.8
1294190 1689.4
1294200 1689.4
1294210 1695.2
1294220 1701.7
1294230 1701.7
1294240 1708.2
1294250 1714.2
1294260 1714.2
1294270 1720.0
1294280 1726.5
1294290 1732.4
1294300 1732.4
1294310 1740.1
1294320 1746.0
1294330 1746.0
1294340 1750.7
1294350 1754.7
1294360 1754.7
1294370 1761.1
1294380 1770.0
1294390 1770.0
1294400 1777.5
1294410 1782.9
1294420 1782.9
1294430 1786.8
1294440 1791.6
1294450 1791.6
1294460 1797.1
1294470 1802.1
1294480 1802.1
1294490 1806.3
1294500 1810.8
1294510 1810.8
1294520 1816.0
1294530 1820.3
1294540 1824.4
1294550 1824.4
1294560 1828.1
1294570 1831.6
1294580 1831.6
1294590 1836.6
1294600 1841.4
1294610 1841.4
1294620 1845.4
1294630 1849.5
1294640 1849.5
1294650 1852.5
1294660 1855.7
1294670 1855.7
1294680 1859.6
1294690 1864.0
1294700 1864.0
1294710 1867.9
1294720 1872.3
1294730 1872.3
1294740 1876.9
1294750 1880.2
1294760 1879.4
1294770 1882.9
1294780 1886.2
1294790 1889.4
1294800 1889.4
1294810 1891.1
1294820 1893.3
1294830 1893.3
1294840 1896.2
1294850 1899.9
1294860 1899.9
1294870 1903.7
1294880 1906.6
1294890 1906.6
1294900 1908.8
1294910 1911.9
1294920 1911.9
1294930 1915.3
1294940 1917.2
1294950 1917.2
1294960 1919.7
1294970 1923.2
1294980 1923.2
1294990 1927.2
1295000 1931.5
1295010 1931.5
1295020 1936.2
1295030 1940.4
1295040 1944.3
1295050 1944.3
1295060 1948.5
1295070 1952.4
1295080 1952.4
1295090 1956.4
1295100 1960.7
1295110 1960.7
1295120 1964.9
1295130 1968.4
1295140 1968.4
1295150 1971.4
1295160 1974.5
1295170 1974.5
1295180 1977.0
1295190 1980.4
1295200 1980.4
1295210 1983.1
1295220 1986.1
1295230 1986.1
1295240 1988.3
1295250 1990.1
1295260 1990.1
1295270 1991.4
1295280 1992.0
1295290 1992.4
1295300 1992.4
1295310 1992.4
1295320 1994.5
1295330 1994.5
1295340 1997.5
1295350 2000.2
1295360 2000.2
1295370 2002.6
1295380 2005.2
1295390 2005.2
1295400 2008.9
1295410 2012.9
1295420 2012.9
1295430 2018.3
1295440 2022.6
1295450 2022.6
1295460 2027.5
1295470 2032.9
1295480 2032.9
1295490 2037.0
1295500 2041.4
1295510 2041.4
1295520 2046.0
1295530 2049.7
1295540 2053.2
1295550 2053.2
1295560 2057.4
1295570 2061.7
1295580 2061.7
1295590 2065.7
1295600 2069.9
1295610 2069.9
1295620 2073.6
1295630 2077.1
1295640 2077.1
1295650 2080.7
1295660 2083.5
1295670 2083.5
1295680 2086.7
1295690 2091.2
1295700 2091.2
1295710 2094.2
1295720 2097.3
1295730 2097.3
1295740 2101.6
1295750 2105.9
1295760 2105.9
1295770 2111.2
1295780 2119.3
1295790 2124.4
1295800 2124.4
1295810 2127.7
1295820 2130.3
1295830 2130.3
1295840 2132.3
1295850 2134.2
1295860 2134.2
1295870 2136.7
1295880 2140.9
1295890 2140.9
1295900 2145.2
1295910 2149.5
1295920 2149.5
1295930 2153.6
1295940 2157.8
1295950 2157.8
1295960 2161.7
1295970 2165.1
1295980 2165.1
1295990 2167.8
1296000 2170.9
1296010 2170.9
1296020 2174.0
1296030 2176.1
1296040 2176.1
1296050 2178.2
1296060 2180.8
1296070 2184.4
1296080 2184.4
1296090 2189.0
1296100 2192.1
1296110 2195.5
1296120 2198.7
1296130 2201.4
1296140 2201.4
1296150 2205.5
1296160 2209.2
1296170 2209.2
1296180 2213.5
1296190 2218.9
1296200 2218.9
1296210 2224.8
1296220 2230.5
1296230 2230.5
1296240 2235.2
1296250 2239.1
1296260 2239.1
1296270 2243.7
1296280 2249.0
1296290 2249.0
1296300 2253.8
1296310 2257.6
1296320 2261.9
1296330 2261.9
1296340 2267.2
1296350 2272.4
1296360 2272.4
1296370 2277.3
1296380 2281.6
1296390 2281.6
1296400 2284.7
1296410 2287.8
1296420 2287.8
1296430 2292.6
1296440 2296.6
1296450 2296.6
1296460 2302.4
1296470 2307.5
1296480 2307.5
1296490 2311.6
1296500 2315.5
1296510 2315.5
1296520 2321.1
1296530 2326.5
1296540 2326.5
1296550 2331.4
1296560 2335.1
1296570 2338.9
1296580 2338.9
1296590 2343.8
1296600 2348.7
1296610 2348.7
1296620 2352.7
1296630 2356.3
1296640 2356.3
1296650 2359.8
1296660 2362.1
1296670 2362.1
1296680 2364.2
1296690 2366.3
1296700 2366.3
1296710 2369.6
1296720 2373.7
1296730 2373.7
1296740 2377.2
1296750 2381.1
1296760 2381.1
1296770 2385.8
1296780 2393.1
1296790 2393.1
1296800 2397.7
1296810 2403.0
1296820 2407.8
1296830 2407.8
1296840 2412.0
1296850 2416.8
1296860 2416.8
1296870 2420.3
1296880 2424.8
1296890 2424.8
1296900 2428.9
1296910 2433.0
1296920 2433.0
1296930 2437.5
1296940 2442.9
1296950 2442.9
1296960 2447.5
1296970 2450.9
1296980 2450.9
1296990 2452.1
1297000 2454.9
1297010 2454.9
1297020 2457.9
1297030 2458.6
1297040 2458.6
1297050 2456.4
1297060 2453.5
1297070 2450.1
1297080 2450.1
1297090 2452.6
1297100 2457.0
1297110 2457.0
1297120 2460.1
1297130 2459.8
1297140 2459.8
1297150 2459.6
1297160 2463.3
1297170 2463.3
1297180 2461.0
1297190 2451.4
1297200 2451.4
1297210 2440.2
1297220 2426.8
1297230 2426.8
1297240 2412.3
1297250 2394.8
1297260 2394.8
1297270 2379.9
1297280 2368.6
1297290 2368.6
1297300 2365.6
1297310 2354.3
1297320 2345.4
1297330 2345.4
1297340 2340.9
1297350 2333.9
1297360 2333.9
1297370 2327.1
1297380 2321.3
1297390 2321.3
1297400 2316.7
1297410 2312.8
1297420 2312.8
1297430 2307.0
1297440 2298.4
1297450 2298.4
1297460 2298.9
1297470 2291.7
1297480 2291.7
1297490 2284.9
1297500 2277.6
1297510 2277.6
1297520 2273.4
1297530 2268.6
1297540 2268.6
1297550 2258.6
1297560 2252.4
1297570 2246.4
1297580 2246.4
1297590 2243.8
1297600 2241.1
1297610 2241.1
1297620 2237.9
1297630 2236.1
1297640 2236.1
1297650 2233.3
1297660 2230.0
1297670 2230.0
1297680 2225.9
1297690 2222.5
1297700 2222.5
1297710 2220.5
1297720 2221.3
1297730 2221.3
1297740 2223.1
1297750 2221.6
1297760 2221.6
1297770 2219.6
1297780 2215.6
1297790 2215.6
1297800 2212.4
1297810 2211.4
1297820 2208.2
1297830 2208.2
1297840 2202.6
1297850 2196.0
1297860 2196.0
1297870 2189.7
1297880 2183.3
1297890 2183.3
1297900 2177.1
1297910 2171.6
1297920 2171.6
1297930 2167.6
1297940 2164.8
1297950 2164.8
1297960 2161.5
1297970 2157.7
1297980 2157.7
1297990 2153.5
1298000 2149.0
1298010 2149.0
1298020 2144.7
1298030 2141.2
1298040 2141.2
1298050 2137.1
1298060 2133.7
1298070 2131.8
1298080 2131.8
1298090 2130.9
1298100 2130.2
1298110 2130.2
1298120 2130.3
1298130 2127.5
1298140 2129.1
1298150 2123.7
1298160 2118.2
1298170 2118.2
1298180 2116.4
1298190 2115.5
1298200 2115.5
1298210 2113.7
1298220 2111.4
1298230 2111.4
1298240 2108.9
1298250 2108.4
1298260 2108.4
1298270 2107.0
1298280 2103.6
1298290 2103.6
1298300 2100.9
1298310 2099.8
1298320 2100.4
1298330 2100.4
1298340 2102.2
1298350 2104.1
1298360 2104.1
1298370 2104.9
1298380 2106.8
1298390 2106.8
1298400 2108.9
1298410 2110.4
1298420 2110.4
1298430 2110.8
1298440 2112.0
1298450 2112.0
1298460 2114.0
1298470 2116.5
1298480 2116.5
1298490 2119.1
1298500 2119.0
1298510 2119.0
1298520 2116.0
1298530 2112.3
1298540 2112.3
1298550 2112.2
1298560 2114.9
1298570 2121.7
1298580 2121.7
1298590 2129.6
1298600 2136.1
1298610 2136.1
1298620 2140.9
1298630 2146.9
1298640 2146.9
1298650 2154.0
1298660 2160.3
1298670 2160.3
1298680 2168.5
1298690 2175.6
1298700 2175.6
1298710 2183.2
1298720 2191.1
1298730 2191.1
1298740 2198.1
1298750 2206.4
1298760 2206.4
1298770 2214.1
1298780 2221.5
1298790 2221.5
1298800 2228.9
1298810 2236.4
1298820 2243.8
1298830 2244.0
1298840 2250.5
1298850 2256.7
1298860 2256.7
1298870 2262.9
1298880 2269.0
1298890 2269.0
1298900 2274.8
1298910 2280.6
1298920 2280.6
1298930 2286.4
1298940 2291.9
1298950 2291.9
1298960 2296.1
1298970 2300.7
1298980 2300.7
1298990 2303.7
1299000 2306.8
1299010 2306.8
1299020 2310.3
1299030 2313.1
1299040 2313.1
1299050 2317.0
1299060 2322.5
1299070 2327.1
1299080 2327.1
1299090 2332.2
1299100 2337.7
1299110 2337.7
1299120 2342.3
1299130 2345.9
1299140 2345.9
1299150 2351.0
1299160 2357.6
1299170 2357.6
1299180 2364.3
1299190 2370.4
1299200 2370.4
1299210 2375.1
1299220 2378.6
1299230 2378.6
1299240 2380.7
1299250 2382.2
1299260 2382.2
1299270 2383.8
1299280 2385.9
1299290 2385.9
1299300 2389.5
1299310 2391.2
1299320 2391.5
1299330 2391.5
1299340 2392.1
1299350 2394.3
1299360 2394.3
1299370 2395.8
1299380 2397.7
1299390 2397.7
1299400 2400.0
1299410 2400.0
1299420 2400.0
1299430 2397.7
1299440 2395.0
1299450 2395.0
1299460 2394.1
1299470 2392.3
1299480 2392.3
1299490 2388.1
1299500 2382.5
1299510 2385.7
1299520 2380.1
1299530 2376.4
1299540 2376.4
1299550 2372.2
1299560 2368.0
1299570 2363.8
1299580 2363.8
1299590 2359.1
1299600 2355.2
1299610 2355.2
1299620 2351.6
1299630 2348.4
1299640 2348.4
1299650 2345.2
1299660 2342.3
1299670 2342.3
1299680 2339.7
1299690 2339.4
1299700 2339.4
1299710 2340.5
1299720 2341.0
1299730 2341.0
1299740 2341.2
1299750 2342.6
1299760 2342.6
1299770 2344.3
1299780 2347.4
1299790 2347.4
1299800 2351.8
1299810 2356.2
1299820 2359.3
1299830 2359.3
1299840 2352.2
1299850 2331.1
1299860 2331.1
1299870 2325.1
1299880 2319.6
1299890 2319.6
1299900 2314.8
1299910 2309.4
1299920 2309.4
1299930 2304.1
1299940 2299.7
1299950 2299.7
1299960 2295.6
1299970 2291.6
1299980 2291.6
1299990 2287.3
