1280000 1580.4
1280010 1585.4
1280020 1589.3
1280030 1593.3
1280040 1593.3
1280050 1597.0
1280060 1599.0
1280070 1599.0
1280080 1599.7
1280090 1602.7
1280100 1602.7
1280110 1607.4
1280120 1612.0
1280130 1612.0
1280140 1615.8
1280150 1618.7
1280160 1621.8
1280170 1621.8
1280180 1629.9
1280190 1638.4
1280200 1638.4
1280210 1643.0
1280220 1646.3
1280230 1646.3
1280240 1652.6
1280250 1660.3
1280260 1660.3
1280270 1674.6
1280280 1682.4
1280290 1682.4
1280300 1685.7
1280310 1690.2
1280320 1690.2
1280330 1688.9
1280340 1690.3
1280350 1690.3
1280360 1693.4
1280370 1697.3
1280380 1697.3
1280390 1699.0
1280400 1699.0
1280410 1699.0
1280420 1699.5
1280430 1699.7
1280440 1699.8
1280450 1699.8
1280460 1700.4
1280470 1701.6
1280480 1701.6
1280490 1702.8
1280500 1703.7
1280510 1703.7
1280520 1704.6
1280530 1706.1
1280540 1706.1
1280550 1707.9
1280560 1709.3
1280570 1709.3
1280580 1708.5
1280590 1707.1
1280600 1707.1
1280610 1706.6
1280620 1706.3
1280630 1706.3
1280640 1710.4
1280650 1711.8
1280660 1711.8
1280670 1713.8
1280680 1715.3
1280690 1717.4
1280700 1717.4
1280710 1719.7
1280720 1722.9
1280730 1722.9
1280740 1725.9
1280750 1728.9
1280760 1728.9
1280770 1731.4
1280780 1733.7
1280790 1733.7
1280800 1735.7
1280810 1736.7
1280820 1736.7
1280830 1738.0
1280840 1738.3
1280850 1738.3
1280860 1737.0
1280870 1736.1
1280880 1736.1
1280890 1735.3
1280900 1734.6
1280910 1734.6
1280920 1734.0
1280930 1732.5
1280940 1729.7
1280950 1729.7
1280960 1726.3
1280970 1723.1
1280980 1723.1
1280990 1720.7
1281000 1718.7
1281010 1718.7
1281020 1716.3
1281030 1713.5
1281040 1713.5
1281050 1711.3
1281060 1708.9
1281070 1708.9
1281080 1707.2
1281090 1705.4
1281100 1705.4
1281110 1704.2
1281120 1704.0
1281130 1704.0
1281140 1704.3
1281150 1705.5
1281160 1705.5
1281170 1707.0
1281180 1708.6
1281190 1710.4
1281200 1710.4
1281210 1710.3
1281220 1708.6
1281230 1708.6
1281240 1704.6
1281250 1699.4
1281260 1699.8
1281270 1696.4
1281280 1693.5
1281290 1693.5
1281300 1691.9
1281310 1691.6
1281320 1691.6
1281330 1690.6
1281340 1687.6
1281350 1687.6
1281360 1684.0
1281370 1683.5
1281380 1683.5
1281390 1685.7
1281400 1689.7
1281410 1689.7
1281420 1696.3
1281430 1700.6
1281440 1703.1
1281450 1703.1
1281460 1704.4
1281470 1701.3
1281480 1701.3
1281490 1700.2
1281500 1699.4
1281510 1699.4
1281520 1698.9
1281530 1700.8
1281540 1700.8
1281550 1703.5
1281560 1705.3
1281570 1705.3
1281580 1706.6
1281590 1707.4
1281600 1707.4
1281610 1709.8
1281620 1713.9
1281630 1713.9
1281640 1717.5
1281650 1720.8
1281660 1720.8
1281670 1723.7
1281680 1726.7
1281690 1729.5
1281700 1729.5
1281710 1732.5
1281720 1735.1
1281730 1735.1
1281740 1736.3
1281750 1737.6
1281760 1737.6
1281770 1739.6
1281780 1740.5
1281790 1740.5
1281800 1741.8
1281810 1742.7
1281820 1742.7
1281830 1744.0
1281840 1745.3
1281850 1745.3
1281860 1745.7
1281870 1746.4
1281880 1746.4
1281890 1750.8
1281900 1745.1
1281910 1745.1
1281920 1742.1
1281930 1740.9
1281940 1742.6
1281950 1742.6
1281960 1739.9
1281970 1735.8
1281980 1735.8
1281990 1732.9
1282000 1732.7
1282010 1732.7
1282020 1733.7
1282030 1732.6
1282040 1732.6
1282050 1734.6
1282060 1737.8
1282070 1737.8
1282080 1736.7
1282090 1730.5
1282100 1730.5
1282110 1725.7
1282120 1720.7
1282130 1720.7
1282140 1716.3
1282150 1715.1
1282160 1715.1
1282170 1716.1
1282180 1715.6
1282190 1717.7
1282200 1717.7
1282210 1718.3
1282220 1716.1
1282230 1716.1
1282240 1713.5
1282250 1710.6
1282260 1710.6
1282270 1706.5
1282280 1701.6
1282290 1701.6
1282300 1698.7
1282310 1697.7
1282320 1697.7
1282330 1696.4
1282340 1696.1
1282350 1696.1
1282360 1696.0
1282370 1694.6
1282380 1694.6
1282390 1693.4
1282400 1693.2
1282410 1693.2
1282420 1693.2
1282430 1693.4
1282440 1693.4
1282450 1693.4
1282460 1694.0
1282470 1695.5
1282480 1695.5
1282490 1696.0
1282500 1695.5
1282510 1699.9
1282520 1700.2
1282530 1700.3
1282540 1700.3
1282550 1700.8
1282560 1701.4
1282570 1701.4
1282580 1700.6
1282590 1696.4
1282600 1696.4
1282610 1691.9
1282620 1692.5
1282630 1692.5
1282640 1696.7
1282650 1700.1
1282660 1700.1
1282670 1701.3
1282680 1701.0
1282690 1702.3
1282700 1702.3
1282710 1702.6
1282720 1703.4
1282730 1703.4
1282740 1705.6
1282750 1707.3
1282760 1707.3
1282770 1708.4
1282780 1709.9
1282790 1709.9
1282800 1712.0
1282810 1713.3
1282820 1713.3
1282830 1716.0
1282840 1718.6
1282850 1718.6
1282860 1721.1
1282870 1723.9
1282880 1723.9
1282890 1727.1
1282900 1730.3
1282910 1730.3
1282920 1733.9
1282930 1737.5
1282940 1740.7
1282950 1740.7
1282960 1744.8
1282970 1748.8
1282980 1748.8
1282990 1752.9
1283000 1756.7
1283010 1756.7
1283020 1760.9
1283030 1765.1
1283040 1765.1
1283050 1769.2
1283060 1774.3
1283070 1774.3
1283080 1778.8
1283090 1781.5
1283100 1781.5
1283110 1783.8
1283120 1786.1
1283130 1786.1
1283140 1788.6
1283150 1796.5
1283160 1796.5
1283170 1798.5
1283180 1800.8
1283190 1800.8
1283200 1802.9
1283210 1805.2
1283220 1807.5
1283230 1807.5
1283240 1809.7
1283250 1810.6
1283260 1810.6
1283270 1810.8
1283280 1810.8
1283290 1810.8
1283300 1810.9
1283310 1811.6
1283320 1811.6
1283330 1814.3
1283340 1816.6
1283350 1816.6
1283360 1819.3
1283370 1823.3
1283380 1823.3
1283390 1826.6
1283400 1828.8
1283410 1828.8
1283420 1832.8
1283430 1837.1
1283440 1837.1
1283450 1840.9
1283460 1844.4
1283470 1847.6
1283480 1847.6
1283490 1849.9
1283500 1851.9
1283510 1851.9
1283520 1853.3
1283530 1854.9
1283540 1854.9
1283550 1855.9
1283560 1856.9
1283570 1856.9
1283580 1858.2
1283590 1860.7
1283600 1860.7
1283610 1864.0
1283620 1866.9
1283630 1866.9
1283640 1867.9
1283650 1868.6
1283660 1868.6
1283670 1871.2
1283680 1875.7
1283690 1875.7
1283700 1879.8
1283710 1882.8
1283720 1884.7
1283730 1884.7
1283740 1885.0
1283750 1885.5
1283760 1885.5
1283770 1886.2
1283780 1890.9
1283790 1890.9
1283800 1892.2
1283810 1893.6
1283820 1893.6
1283830 1895.3
1283840 1896.6
1283850 1896.6
1283860 1898.4
1283870 1901.0
1283880 1901.0
1283890 1903.1
1283900 1903.3
1283910 1903.3
1283920 1903.5
1283930 1904.6
1283940 1904.6
1283950 1905.3
1283960 1906.0
1283970 1907.6
1283980 1907.6
1283990 1907.6
1284000 1907.0
1284010 1907.0
1284020 1906.0
1284030 1904.8
1284040 1904.8
1284050 1903.6
1284060 1902.7
1284070 1902.7
1284080 1902.0
1284090 1901.2
1284100 1901.2
1284110 1901.5
1284120 1903.3
1284130 1903.3
1284140 1904.2
1284150 1905.9
1284160 1905.9
1284170 1908.6
1284180 1909.4
1284190 1909.4
1284200 1909.3
1284210 1908.3
1284220 1909.7
1284230 1909.7
1284240 1910.0
1284250 1910.6
1284260 1910.6
1284270 1911.3
1284280 1910.0
1284290 1910.0
1284300 1906.3
1284310 1902.8
1284320 1902.8
1284330 1900.7
1284340 1897.8
1284350 1897.8
1284360 1897.2
1284370 1898.5
1284380 1898.5
1284390 1899.3
1284400 1896.9
1284410 1901.0
1284420 1896.6
1284430 1894.6
1284440 1894.6
1284450 1895.3
1284460 1896.8
1284470 1897.8
1284480 1897.8
1284490 1897.0
1284500 1895.1
1284510 1895.1
1284520 1893.3
1284530 1889.9
1284540 1889.9
1284550 1886.6
1284560 1883.7
1284570 1883.7
1284580 1878.6
1284590 1873.0
1284600 1873.0
1284610 1868.4
1284620 1862.8
1284630 1862.8
1284640 1859.1
1284650 1858.3
1284660 1858.3
1284670 1857.4
1284680 1857.4
1284690 1857.4
1284700 1858.0
1284710 1857.9
1284720 1855.3
1284730 1855.3
1284740 1852.6
1284750 1850.1
1284760 1850.1
1284770 1848.7
1284780 1847.9
1284790 1847.9
1284800 1846.3
1284810 1843.7
1284820 1843.7
1284830 1840.9
1284840 1838.5
1284850 1838.5
1284860 1836.1
1284870 1833.1
1284880 1833.1
1284890 1829.4
1284900 1823.5
1284910 1823.5
1284920 1816.7
1284930 1810.6
1284940 1810.6
1284950 1802.5
1284960 1789.8
1284970 1779.8
1284980 1779.8
1284990 1770.1
1285000 1761.0
1285010 1761.0
1285020 1754.6
1285030 1746.6
1285040 1746.6
1285050 1735.8
1285060 1721.5
1285070 1721.5
1285080 1709.0
1285090 1701.1
1285100 1701.1
1285110 1694.0
1285120 1686.0
1285130 1686.0
1285140 1678.5
1285150 1669.8
1285160 1669.8
1285170 1659.9
1285180 1650.7
1285190 1650.7
1285200 1642.0
1285210 1633.3
1285220 1624.9
1285230 1624.9
1285240 1617.8
1285250 1611.2
1285260 1611.2
1285270 1604.7
1285280 1596.7
1285290 1596.7
1285300 1589.6
1285310 1581.5
1285320 1581.5
1285330 1573.7
1285340 1565.9
1285350 1565.9
1285360 1558.1
1285370 1550.9
1285380 1550.9
1285390 1544.0
1285400 1538.2
1285410 1538.2
1285420 1532.7
1285430 1527.1
1285440 1527.1
1285450 1521.1
1285460 1514.7
1285470 1508.1
1285480 1508.1
1285490 1501.7
1285500 1494.6
1285510 1494.6
1285520 1488.2
1285530 1483.4
1285540 1483.4
1285550 1478.3
1285560 1471.0
1285570 1471.0
1285580 1463.9
1285590 1456.9
1285600 1456.9
1285610 1449.9
1285620 1444.0
1285630 1444.0
1285640 1441.9
1285650 1439.3
1285660 1439.3
1285670 1434.8
1285680 1430.2
1285690 1434.9
1285700 1431.4
1285710 1427.3
1285720 1423.0
1285730 1423.0
1285740 1418.3
1285750 1413.1
1285760 1413.1
1285770 1408.3
1285780 1403.1
1285790 1403.1
1285800 1397.2
1285810 1391.0
1285820 1391.0
1285830 1385.7
1285840 1380.3
1285850 1380.3
1285860 1374.9
1285870 1369.1
1285880 1369.1
1285890 1364.0
1285900 1358.0
1285910 1358.0
1285920 1351.6
1285930 1345.6
1285940 1345.6
1285950 1341.0
1285960 1337.6
1285970 1337.6
1285980 1334.6
1285990 1331.8
1286000 1329.0
1286010 1329.0
1286020 1326.9
1286030 1325.6
1286040 1325.6
1286050 1324.3
1286060 1322.2
1286070 1322.2
1286080 1319.7
1286090 1315.9
1286100 1315.9
1286110 1309.9
1286120 1310.0
1286130 1310.0
1286140 1313.0
1286150 1319.5
1286160 1319.5
1286170 1327.0
1286180 1334.1
1286190 1334.1
1286200 1339.2
1286210 1344.8
1286220 1344.8
1286230 1350.4
1286240 1355.3
1286250 1360.7
1286260 1360.7
1286270 1366.6
1286280 1372.3
1286290 1372.3
1286300 1376.7
1286310 1380.7
1286320 1380.7
1286330 1384.4
1286340 1388.0
1286350 1388.0
1286360 1392.0
1286370 1395.7
1286380 1395.7
1286390 1399.4
1286400 1403.3
1286410 1403.3
1286420 1407.9
1286430 1412.2
1286440 1412.2
1286450 1415.8
1286460 1420.1
1286470 1420.1
1286480 1424.3
1286490 1428.1
1286500 1431.2
1286510 1431.2
1286520 1434.3
1286530 1437.6
1286540 1437.6
1286550 1441.5
1286560 1445.7
1286570 1445.7
1286580 1449.0
1286590 1453.8
1286600 1453.8
1286610 1460.0
1286620 1465.9
1286630 1465.9
1286640 1470.9
1286650 1474.6
1286660 1474.6
1286670 1477.1
1286680 1479.7
1286690 1479.7
1286700 1483.1
1286710 1486.7
1286720 1486.7
1286730 1490.3
1286740 1493.5
1286750 1496.3
1286760 1496.3
1286770 1499.4
1286780 1503.0
1286790 1503.0
1286800 1507.2
1286810 1511.0
1286820 1511.0
1286830 1514.1
1286840 1517.1
1286850 1517.1
1286860 1520.0
1286870 1523.2
1286880 1523.2
1286890 1526.4
1286900 1528.6
1286910 1528.6
1286920 1530.6
1286930 1532.5
1286940 1532.5
1286950 1534.5
1286960 1536.2
1286970 1536.8
1286980 1538.4
1286990 1539.7
1287000 1540.7
1287010 1540.7
1287020 1541.5
1287030 1542.2
1287040 1542.2
1287050 1543.0
1287060 1543.8
1287070 1543.8
1287080 1544.4
1287090 1544.9
1287100 1544.9
1287110 1545.3
1287120 1546.0
1287130 1546.0
1287140 1547.0
1287150 1548.3
1287160 1548.3
1287170 1549.6
1287180 1552.0
1287190 1552.0
1287200 1554.8
1287210 1557.3
1287220 1557.3
1287230 1558.9
1287240 1560.4
1287250 1562.1
1287260 1562.1
1287270 1562.2
1287280 1562.4
1287290 1562.4
1287300 1565.5
1287310 1566.7
1287320 1566.7
1287330 1567.4
1287340 1569.7
1287350 1569.7
1287360 1573.8
1287370 1577.6
1287380 1577.6
1287390 1579.9
1287400 1581.5
1287410 1581.5
1287420 1584.4
1287430 1586.6
1287440 1586.6
1287450 1588.4
1287460 1590.6
1287470 1590.6
1287480 1593.2
1287490 1597.5
1287500 1601.9
1287510 1601.9
1287520 1605.8
1287530 1609.7
1287540 1609.7
1287550 1614.2
1287560 1619.4
1287570 1619.4
1287580 1623.9
1287590 1626.9
1287600 1626.9
1287610 1630.7
1287620 1636.8
1287630 1636.8
1287640 1640.6
1287650 1643.6
1287660 1643.6
1287670 1645.2
1287680 1646.4
1287690 1646.4
1287700 1647.4
1287710 1648.8
1287720 1648.8
1287730 1650.3
1287740 1651.2
1287750 1651.0
1287760 1651.0
1287770 1650.2
1287780 1648.9
1287790 1648.9
1287800 1648.6
1287810 1650.7
1287820 1650.7
1287830 1655.1
1287840 1660.8
1287850 1660.8
1287860 1666.7
1287870 1673.1
1287880 1673.1
1287890 1679.5
1287900 1685.4
1287910 1685.4
1287920 1689.4
1287930 1694.4
1287940 1694.4
1287950 1700.0
1287960 1705.4
1287970 1705.4
1287980 1712.1
1287990 1720.0
1288000 1724.8
1288010 1724.8
1288020 1727.0
1288030 1729.3
1288040 1729.3
1288050 1731.7
1288060 1734.9
1288070 1734.9
1288080 1738.3
1288090 1742.2
1288100 1742.2
1288110 1746.7
1288120 1753.1
1288130 1753.1
1288140 1761.4
1288150 1766.9
1288160 1766.9
1288170 1770.5
1288180 1772.7
1288190 1772.7
1288200 1774.6
1288210 1776.8
1288220 1776.8
1288230 1778.8
1288240 1781.6
1288250 1784.3
1288260 1784.3
1288270 1788.8
1288280 1792.6
1288290 1792.6
1288300 1796.1
1288310 1799.3
1288320 1799.3
1288330 1802.1
1288340 1806.7
1288350 1806.7
1288360 1812.8
1288370 1819.1
1288380 1819.1
1288390 1825.1
1288400 1831.4
1288410 1831.4
1288420 1837.2
1288430 1839.6
1288440 1839.6
1288450 1839.9
1288460 1840.5
1288470 1840.5
1288480 1842.3
1288490 1844.6
1288500 1846.5
1288510 1846.5
1288520 1848.4
1288530 1850.3
1288540 1850.3
1288550 1851.5
1288560 1852.2
1288570 1852.2
1288580 1852.7
1288590 1853.2
1288600 1853.2
1288610 1854.2
1288620 1856.7
1288630 1856.7
1288640 1859.9
1288650 1862.5
1288660 1862.5
1288670 1865.3
1288680 1869.0
1288690 1869.0
1288700 1873.4
1288710 1878.4
1288720 1878.4
1288730 1884.4
1288740 1890.7
1288750 1897.8
1288760 1897.8
1288770 1905.6
1288780 1912.3
1288790 1912.3
1288800 1917.6
1288810 1921.1
1288820 1921.1
1288830 1923.8
1288840 1926.3
1288850 1926.3
1288860 1928.4
1288870 1929.2
1288880 1929.2
1288890 1929.4
1288900 1930.5
1288910 1930.5
1288920 1934.7
1288930 1937.0
1288940 1937.0
1288950 1939.1
1288960 1940.4
1288970 1940.4
1288980 1943.0
1288990 1946.3
1289000 1946.3
1289010 1951.0
1289020 1956.6
1289030 1962.6
1289040 1962.6
1289050 1967.5
1289060 1972.0
1289070 1972.0
1289080 1976.0
1289090 1979.9
1289100 1979.9
1289110 1983.5
1289120 1985.8
1289130 1985.8
1289140 1987.3
1289150 1988.8
1289160 1988.8
1289170 1992.0
1289180 1996.0
1289190 1996.0
1289200 1999.4
1289210 2002.6
1289220 2002.6
1289230 2005.1
1289240 2008.1
1289250 2008.1
1289260 2011.0
1289270 2014.5
1289280 2018.8
1289290 2018.8
1289300 2023.1
1289310 2027.7
1289320 2027.7
1289330 2029.9
1289340 2033.5
1289350 2033.5
1289360 2036.6
1289370 2039.7
1289380 2039.7
1289390 2043.0
1289400 2047.0
1289410 2047.0
1289420 2051.5
1289430 2056.9
1289440 2056.9
1289450 2062.5
1289460 2067.8
1289470 2067.8
1289480 2072.6
1289490 2076.7
1289500 2076.7
1289510 2078.9
1289520 2080.8
1289530 2083.2
1289540 2083.2
1289550 2084.5
1289560 2086.3
1289570 2085.8
1289580 2087.7
1289590 2089.2
1289600 2089.2
1289610 2091.0
1289620 2092.7
1289630 2092.7
1289640 2093.9
1289650 2095.1
1289660 2095.1
1289670 2096.3
1289680 2097.0
1289690 2097.0
1289700 2097.5
1289710 2097.9
1289720 2097.9
1289730 2099.8
1289740 2101.7
1289750 2101.7
1289760 2106.1
1289770 2112.6
1289780 2117.7
1289790 2117.7
1289800 2119.7
1289810 2121.2
1289820 2121.2
1289830 2124.6
1289840 2130.5
1289850 2130.5
1289860 2136.8
1289870 2141.2
1289880 2141.2
1289890 2143.9
1289900 2145.8
1289910 2145.8
1289920 2147.9
1289930 2150.1
1289940 2150.1
1289950 2152.6
1289960 2153.3
1289970 2153.3
1289980 2155.1
1289990 2157.4
1290000 2157.4
1290010 2162.0
1290020 2168.3
1290030 2176.0
1290040 2176.0
1290050 2183.6
1290060 2189.9
1290070 2189.9
1290080 2195.9
1290090 2201.9
1290100 2201.9
1290110 2208.4
1290120 2215.1
1290130 2215.1
1290140 2221.7
1290150 2227.9
1290160 2227.9
1290170 2232.2
1290180 2235.5
1290190 2235.5
1290200 2239.7
1290210 2243.5
1290220 2243.6
1290230 2250.5
1290240 2258.5
1290250 2258.5
1290260 2267.3
1290270 2274.3
1290280 2280.4
1290290 2280.4
1290300 2282.2
1290310 2285.8
1290320 2285.8
1290330 2294.0
1290340 2304.1
1290350 2304.1
1290360 2307.1
1290370 2301.8
1290380 2301.8
1290390 2293.0
1290400 2290.1
1290410 2290.1
1290420 2286.2
1290430 2280.9
1290440 2280.9
1290450 2275.4
1290460 2270.3
1290470 2270.3
1290480 2265.3
1290490 2262.0
1290500 2262.0
1290510 2258.3
1290520 2252.9
1290530 2248.3
1290540 2248.3
1290550 2244.0
1290560 2237.6
1290570 2237.6
1290580 2228.2
1290590 2219.6
1290600 2219.6
1290610 2211.1
1290620 2203.2
1290630 2203.2
1290640 2194.8
1290650 2187.6
1290660 2187.6
1290670 2182.0
1290680 2177.3
1290690 2177.3
1290700 2172.8
1290710 2167.1
1290720 2167.1
1290730 2161.6
1290740 2154.0
1290750 2154.0
1290760 2145.8
1290770 2134.2
1290780 2118.1
1290790 2118.1
1290800 2106.6
1290810 2097.7
1290820 2097.7
1290830 2089.5
1290840 2081.1
1290850 2081.1
1290860 2073.1
1290870 2065.6
1290880 2062.4
1290890 2054.7
1290900 2047.0
1290910 2047.0
1290920 2039.4
1290930 2031.6
1290940 2031.6
1290950 2024.5
1290960 2017.4
1290970 2017.4
1290980 2010.6
1290990 2003.8
1291000 2003.8
1291010 1997.0
1291020 1990.3
1291030 1983.9
1291040 1983.9
1291050 1977.3
1291060 1968.2
1291070 1968.2
1291080 1959.6
1291090 1951.1
1291100 1951.1
1291110 1940.6
1291120 1932.3
1291130 1932.3
1291140 1926.1
1291150 1917.6
1291160 1917.6
1291170 1904.7
1291180 1892.5
1291190 1892.5
1291200 1880.2
1291210 1867.2
1291220 1867.2
1291230 1856.4
1291240 1849.7
1291250 1849.7
1291260 1837.3
1291270 1826.6
1291280 1818.4
1291290 1818.4
1291300 1812.8
1291310 1807.6
1291320 1807.6
1291330 1798.4
1291340 1785.5
1291350 1785.5
1291360 1770.9
1291370 1761.1
1291380 1761.1
1291390 1755.4
1291400 1749.7
1291410 1749.7
1291420 1741.9
1291430 1735.4
1291440 1735.4
1291450 1729.4
1291460 1722.9
1291470 1722.9
1291480 1716.4
1291490 1710.8
1291500 1710.8
1291510 1705.5
1291520 1699.6
1291530 1693.3
1291540 1694.1
1291550 1688.6
1291560 1683.6
1291570 1683.6
1291580 1679.4
1291590 1674.7
1291600 1674.7
1291610 1669.8
1291620 1664.4
1291630 1664.4
1291640 1657.5
1291650 1650.8
1291660 1650.8
1291670 1644.4
1291680 1638.7
1291690 1638.7
1291700 1631.5
1291710 1624.2
1291720 1624.2
1291730 1616.8
1291740 1609.5
1291750 1609.5
1291760 1603.1
1291770 1597.9
1291780 1592.8
1291790 1592.8
1291800 1588.0
1291810 1582.6
1291820 1582.6
1291830 1577.2
1291840 1572.4
1291850 1572.4
1291860 1568.5
1291870 1565.1
1291880 1565.1
1291890 1562.4
1291900 1559.9
1291910 1559.9
1291920 1557.8
1291930 1555.7
1291940 1555.7
1291950 1553.3
1291960 1550.6
1291970 1550.6
1291980 1547.9
1291990 1545.1
1292000 1545.1
1292010 1542.3
1292020 1538.8
1292030 1535.0
1292040 1535.0
1292050 1531.4
1292060 1527.7
1292070 1527.7
1292080 1524.4
1292090 1521.0
1292100 1521.0
1292110 1517.3
1292120 1513.3
1292130 1513.3
1292140 1509.7
1292150 1505.9
1292160 1505.9
1292170 1502.6
1292180 1500.2
1292190 1500.2
1292200 1497.7
1292210 1494.1
1292220 1494.1
1292230 1490.5
1292240 1486.9
1292250 1486.9
1292260 1483.1
1292270 1479.4
1292280 1479.4
1292290 1475.6
1292300 1471.7
1292310 1468.3
1292320 1468.3
1292330 1465.2
1292340 1461.3
1292350 1461.3
1292360 1456.8
1292370 1451.8
1292380 1451.8
1292390 1446.0
1292400 1440.3
1292410 1440.3
1292420 1435.4
1292430 1431.3
1292440 1431.3
1292450 1426.1
1292460 1420.3
1292470 1420.3
1292480 1414.0
1292490 1408.9
1292500 1408.9
1292510 1404.6
1292520 1399.6
1292530 1399.6
1292540 1394.9
1292550 1390.1
1292560 1386.1
1292570 1386.1
1292580 1381.9
1292590 1377.5
1292600 1377.5
1292610 1372.6
1292620 1367.7
1292630 1367.7
1292640 1363.0
1292650 1358.8
1292660 1358.8
1292670 1355.3
1292680 1351.0
1292690 1351.0
1292700 1345.3
1292710 1340.8
1292720 1340.8
1292730 1336.6
1292740 1333.1
1292750 1333.1
1292760 1328.8
1292770 1323.1
1292780 1323.1
1292790 1318.9
1292800 1314.2
1292810 1310.1
1292820 1310.1
1292830 1308.1
1292840 1306.6
1292850 1306.6
1292860 1307.6
1292870 1306.7
1292880 1306.7
1292890 1305.4
1292900 1305.0
1292910 1305.0
1292920 1304.4
1292930 1303.1
1292940 1303.1
1292950 1301.9
1292960 1301.6
1292970 1301.6
1292980 1301.1
1292990 1300.8
1293000 1300.8
1293010 1300.0
1293020 1299.2
1293030 1299.2
1293040 1295.9
1293050 1287.7
1293060 1282.4
1293070 1282.4
1293080 1283.3
1293090 1289.0
1293100 1289.0
1293110 1295.3
1293120 1301.8
1293130 1301.8
1293140 1306.2
1293150 1309.2
1293160 1309.2
1293170 1313.4
1293180 1316.9
1293190 1316.9
1293200 1321.6
1293210 1327.4
1293220 1327.4
1293230 1334.5
1293240 1341.9
1293250 1341.9
1293260 1349.0
1293270 1355.4
1293280 1355.4
1293290 1362.0
1293300 1368.6
1293310 1374.4
1293320 1374.4
1293330 1381.1
1293340 1387.5
1293350 1387.5
1293360 1393.9
1293370 1400.3
1293380 1400.3
1293390 1405.7
1293400 1410.6
1293410 1410.6
1293420 1415.9
1293430 1419.9
1293440 1419.9
1293450 1423.7
1293460 1428.2
1293470 1428.2
1293480 1432.8
1293490 1436.9
1293500 1436.9
1293510 1440.4
1293520 1444.4
1293530 1444.4
1293540 1446.8
1293550 1449.0
1293560 1453.7
1293570 1453.7
1293580 1459.8
1293590 1467.0
1293600 1467.0
1293610 1474.4
1293620 1481.3
1293630 1481.3
1293640 1487.6
1293650 1493.7
1293660 1493.7
1293670 1499.9
1293680 1505.2
1293690 1505.2
1293700 1509.9
1293710 1514.9
1293720 1514.9
1293730 1519.9
1293740 1525.3
1293750 1525.3
1293760 1531.4
1293770 1536.4
1293780 1536.4
1293790 1539.8
1293800 1543.3
1293810 1545.9
1293820 1545.9
1293830 1548.6
1293840 1552.4
1293850 1552.4
1293860 1557.0
1293870 1562.4
1293880 1562.4
1293890 1569.4
1293900 1577.7
1293910 1577.7
1293920 1585.2
1293930 1591.5
1293940 1591.5
1293950 1596.9
1293960 1600.7
1293970 1600.7
1293980 1603.9
1293990 1606.4
1294000 1606.4
1294010 1609.1
1294020 1612.4
1294030 1612.4
1294040 1614.7
1294050 1617.0
1294060 1619.4
1294070 1619.4
1294080 1622.3
1294090 1625.5
1294100 1625.5
1294110 1628.8
1294120 1632.5
1294130 1632.5
1294140 1636.7
1294150 1641.0
1294160 1641.0
1294170 1645.3
1294180 1649.6
1294190 1652.3
1294200 1656.7
1294210 1660.5
1294220 1660.5
1294230 1664.3
1294240 1667.5
1294250 1667.5
1294260 1670.9
1294270 1674.8
1294280 1674.8
1294290 1679.2
1294300 1685.4
1294310 1692.9
1294320 1692.9
1294330 1700.3
1294340 1706.9
1294350 1706.9
1294360 1712.7
1294370 1719.6
1294380 1719.6
1294390 1726.4
1294400 1732.0
1294410 1732.0
1294420 1737.4
1294430 1743.1
1294440 1743.1
1294450 1748.5
1294460 1754.4
1294470 1754.4
1294480 1761.0
1294490 1767.6
1294500 1767.6
1294510 1772.7
1294520 1776.0
1294530 1776.0
1294540 1779.4
1294550 1781.9
1294560 1785.8
1294570 1785.8
1294580 1789.2
1294590 1793.0
1294600 1793.0
1294610 1797.2
1294620 1800.2
1294630 1800.2
1294640 1802.3
1294650 1804.0
1294660 1804.0
1294670 1807.0
1294680 1810.2
1294690 1810.2
1294700 1814.5
1294710 1818.2
1294720 1818.2
1294730 1821.6
1294740 1823.7
1294750 1823.7
1294760 1825.4
1294770 1828.6
1294780 1828.6
1294790 1831.2
1294800 1834.5
1294810 1838.9
1294820 1838.9
1294830 1844.2
1294840 1848.9
1294850 1848.9
1294860 1859.8
1294870 1863.4
1294880 1863.4
1294890 1867.8
1294900 1873.8
1294910 1873.8
1294920 1879.9
1294930 1883.7
1294940 1883.7
1294950 1885.7
1294960 1887.1
1294970 1887.1
1294980 1889.9
1294990 1892.6
1295000 1892.6
1295010 1895.2
1295020 1896.9
1295030 1896.9
1295040 1898.9
1295050 1901.5
1295060 1903.0
1295070 1903.0
1295080 1904.3
1295090 1905.7
1295100 1905.7
1295110 1907.0
1295120 1908.3
1295130 1908.3
1295140 1910.1
1295150 1913.0
1295160 1913.0
1295170 1916.3
1295180 1918.5
1295190 1918.5
1295200 1920.5
1295210 1922.9
1295220 1922.9
1295230 1925.6
1295240 1928.2
1295250 1928.2
1295260 1930.9
1295270 1933.9
1295280 1933.9
1295290 1936.8
1295300 1938.6
1295310 1941.4
1295320 1941.4
1295330 1946.2
1295340 1949.6
1295350 1949.6
1295360 1952.5
1295370 1955.3
1295380 1955.3
1295390 1957.6
1295400 1959.8
1295410 1959.8
1295420 1961.7
1295430 1963.4
1295440 1963.4
1295450 1964.5
1295460 1965.3
1295470 1965.3
1295480 1966.9
1295490 1968.5
1295500 1968.5
1295510 1971.1
1295520 1974.9
1295530 1982.1
1295540 1985.7
1295550 1988.7
1295560 1988.7
1295570 1992.4
1295580 1996.5
1295590 2000.4
1295600 2000.4
1295610 2005.4
1295620 2010.2
1295630 2010.2
1295640 2013.0
1295650 2015.7
1295660 2015.7
1295670 2017.5
1295680 2018.0
1295690 2018.0
1295700 2019.7
1295710 2022.8
1295720 2022.8
1295730 2027.0
1295740 2031.2
1295750 2031.2
1295760 2035.1
1295770 2038.7
1295780 2038.7
1295790 2041.8
1295800 2044.5
1295810 2044.5
1295820 2047.7
1295830 2051.4
1295840 2055.4
1295850 2055.4
1295860 2058.5
1295870 2061.6
1295880 2061.6
1295890 2065.4
1295900 2068.2
1295910 2068.2
1295920 2071.7
1295930 2073.8
1295940 2073.8
1295950 2075.9
1295960 2078.6
1295970 2078.6
1295980 2081.1
1295990 2083.2
1296000 2083.2
1296010 2086.2
1296020 2090.9
1296030 2090.9
1296040 2094.5
1296050 2097.1
1296060 2097.1
1296070 2098.2
1296080 2101.1
1296090 2104.7
1296100 2104.7
1296110 2109.1
1296120 2113.3
1296130 2113.3
1296140 2120.3
1296150 2128.9
1296160 2128.9
1296170 2136.7
1296180 2144.2
1296190 2144.2
1296200 2152.8
1296210 2162.8
1296220 2162.8
1296230 2169.0
1296240 2174.0
1296250 2174.0
1296260 2178.1
1296270 2181.6
1296280 2181.6
1296290 2186.2
1296300 2191.1
1296310 2191.1
1296320 2196.3
1296330 2202.3
1296340 2208.3
1296350 2208.3
1296360 2214.3
1296370 2220.6
1296380 2220.6
1296390 2226.5
1296400 2231.6
1296410 2231.6
1296420 2236.4
1296430 2240.6
1296440 2240.6
1296450 2243.7
1296460 2245.4
1296470 2245.4
1296480 2249.1
1296490 2253.7
1296500 2253.7
1296510 2257.9
1296520 2262.4
1296530 2262.4
1296540 2268.1
1296550 2274.2
1296560 2274.2
1296570 2281.2
1296580 2288.1
1296590 2294.4
1296600 2294.4
1296610 2300.1
1296620 2306.7
1296630 2306.7
1296640 2312.2
1296650 2317.9
1296660 2317.9
1296670 2323.9
1296680 2329.4
1296690 2329.4
1296700 2335.2
1296710 2341.8
1296720 2341.8
1296730 2347.5
1296740 2353.3
1296750 2353.3
1296760 2358.5
1296770 2363.5
1296780 2363.5
1296790 2368.8
1296800 2373.4
1296810 2373.4
1296820 2377.0
1296830 2381.7
1296840 2385.1
1296850 2385.1
1296860 2386.0
1296870 2388.1
1296880 2390.5
1296890 2394.1
1296900 2400.0
1296910 2400.0
1296920 2409.1
1296930 2409.4
1296940 2409.4
1296950 2407.1
1296960 2401.4
1296970 2401.4
1296980 2393.1
1296990 2382.3
1297000 2382.3
1297010 2374.2
1297020 2368.2
1297030 2368.2
1297040 2363.1
1297050 2359.1
1297060 2359.1
1297070 2354.1
1297080 2348.8
1297090 2343.4
1297100 2343.4
1297110 2339.4
1297120 2335.4
1297130 2335.4
1297140 2330.6
1297150 2325.9
1297160 2325.9
1297170 2321.0
1297180 2316.7
1297190 2316.7
1297200 2310.9
1297210 2305.5
1297220 2305.5
1297230 2300.4
1297240 2294.5
1297250 2294.5
1297260 2288.2
1297270 2282.7
1297280 2282.7
1297290 2277.4
1297300 2270.7
1297310 2270.7
1297320 2263.9
1297330 2256.4
1297340 2248.5
1297350 2248.5
1297360 2240.8
1297370 2233.9
1297380 2233.9
1297390 2226.0
1297400 2217.9
1297410 2217.9
1297420 2210.9
1297430 2203.9
1297440 2203.9
1297450 2196.8
1297460 2189.6
1297470 2189.6
1297480 2182.6
1297490 2176.5
1297500 2176.5
1297510 2170.9
1297520 2166.3
1297530 2166.3
1297540 2161.8
1297550 2156.8
1297560 2153.6
1297570 2148.3
1297580 2143.9
1297590 2140.1
1297600 2140.1
1297610 2136.6
1297620 2133.1
1297630 2133.1
1297640 2128.0
1297650 2122.3
1297660 2122.3
1297670 2117.2
1297680 2115.4
1297690 2115.4
1297700 2114.1
1297710 2114.7
1297720 2114.7
1297730 2116.3
1297740 2115.1
1297750 2115.1
1297760 2110.9
1297770 2105.4
1297780 2105.4
1297790 2099.7
1297800 2092.3
1297810 2092.3
1297820 2085.1
1297830 2078.5
1297840 2072.5
1297850 2072.5
1297860 2067.1
1297870 2061.5
1297880 2061.5
1297890 2054.6
1297900 2047.9
1297910 2047.9
1297920 2042.7
1297930 2037.1
1297940 2037.1
1297950 2031.6
1297960 2026.4
1297970 2026.4
1297980 2021.6
1297990 2018.3
1298000 2018.3
1298010 2014.1
1298020 2011.4
1298030 2011.4
1298040 2009.3
1298050 2007.0
1298060 2007.0
1298070 2004.5
1298080 2003.0
1298090 2002.8
1298100 2002.8
1298110 2003.1
1298120 2002.7
1298130 2002.7
1298140 2001.9
1298150 2001.7
1298160 2001.7
1298170 2002.7
1298180 2004.6
1298190 2004.6
1298200 2006.6
1298210 2007.4
1298220 2007.4
1298230 2006.2
1298240 2006.9
1298250 2006.9
1298260 2002.5
1298270 1999.6
1298280 1999.6
1298290 1998.9
1298300 1997.0
1298310 1997.0
1298320 1995.1
1298330 1994.2
1298340 1998.1
1298350 1998.1
1298360 2001.4
1298370 2002.9
1298380 2002.9
1298390 2004.5
1298400 2008.2
1298410 2008.2
1298420 2013.3
1298430 2016.5
1298440 2016.5
1298450 2021.0
1298460 2025.9
1298470 2025.9
1298480 2030.0
1298490 2032.7
1298500 2032.7
1298510 2034.8
1298520 2038.7
1298530 2038.7
1298540 2043.4
1298550 2047.4
1298560 2047.4
1298570 2051.5
1298580 2055.3
1298590 2058.4
1298600 2058.4
1298610 2062.9
1298620 2067.2
1298630 2067.2
1298640 2071.9
1298650 2075.6
1298660 2075.6
1298670 2080.5
1298680 2084.1
1298690 2084.1
1298700 2088.3
1298710 2093.2
1298720 2093.2
1298730 2098.4
1298740 2103.3
1298750 2103.3
1298760 2108.3
1298770 2112.2
1298780 2112.2
1298790 2115.7
1298800 2120.6
1298810 2120.6
1298820 2127.0
1298830 2133.3
1298840 2138.3
1298850 2138.3
1298860 2143.1
1298870 2148.5
1298880 2148.5
1298890 2153.0
1298900 2157.2
1298910 2157.2
1298920 2165.1
1298930 2168.8
1298940 2168.8
1298950 2173.6
1298960 2178.4
1298970 2178.4
1298980 2182.5
1298990 2185.6
1299000 2185.6
1299010 2189.9
1299020 2196.7
1299030 2196.7
1299040 2202.6
1299050 2205.0
1299060 2205.0
1299070 2203.9
1299080 2200.9
1299090 2201.4
1299100 2201.4
1299110 2203.1
1299120 2205.1
1299130 2205.1
1299140 2209.0
1299150 2216.6
1299160 2216.6
1299170 2222.2
1299180 2224.7
1299190 2224.7
1299200 2226.3
1299210 2227.0
1299220 2227.0
1299230 2228.7
1299240 2234.1
1299250 2234.1
1299260 2239.0
1299270 2244.0
1299280 2244.0
1299290 2250.8
1299300 2259.6
1299310 2259.6
1299320 2265.8
1299330 2272.3
1299340 2272.3
1299350 2281.6
1299360 2279.6
1299370 2280.6
1299380 2280.6
1299390 2285.4
1299400 2290.1
1299410 2290.1
1299420 2294.9
1299430 2297.1
1299440 2297.1
1299450 2299.5
1299460 2304.7
1299470 2304.7
1299480 2310.8
1299490 2316.8
1299500 2316.8
1299510 2314.5
1299520 2310.5
1299530 2310.5
1299540 2305.6
1299550 2300.7
1299560 2300.7
1299570 2296.8
1299580 2293.4
1299590 2293.4
1299600 2289.4
1299610 2286.7
1299620 2278.8
1299630 2278.8
1299640 2271.0
1299650 2264.6
1299660 2264.6
1299670 2258.5
1299680 2251.0
1299690 2251.0
1299700 2245.5
1299710 2240.2
1299720 2240.2
1299730 2233.0
1299740 2228.8
1299750 2228.8
1299760 2223.6
1299770 2217.1
1299780 2217.1
1299790 2212.6
1299800 2209.8
1299810 2209.8
1299820 2206.5
1299830 2201.9
1299840 2201.9
1299850 2198.8
1299860 2193.4
1299870 2183.8
1299880 2183.8
1299890 2177.5
1299900 2173.9
1299910 2173.9
1299920 2171.4
1299930 2170.6
1299940 2170.6
1299950 2170.2
1299960 2169.8
1299970 2169.8
1299980 2167.5
1299990 2164.6
