1280000 1401.8
1280010 1403.5
1280020 1403.5
1280030 1404.8
1280040 1406.2
1280050 1406.2
1280060 1408.1
1280070 1408.8
1280080 1408.8
1280090 1409.4
1280100 1409.7
1280110 1409.7
1280120 1409.8
1280130 1409.4
1280140 1409.4
1280150 1408.7
1280160 1408.9
1280170 1408.9
1280180 1409.7
1280190 1410.6
1280200 1410.6
1280210 1411.0
1280220 1410.9
1280230 1410.5
1280240 1410.5
1280250 1409.2
1280260 1406.9
1280270 1406.9
1280280 1405.3
1280290 1406.7
1280300 1406.7
1280310 1409.3
1280320 1410.4
1280330 1410.4
1280340 1410.6
1280350 1415.6
1280360 1415.6
1280370 1415.5
1280380 1415.4
1280390 1415.4
1280400 1415.1
1280410 1414.3
1280420 1414.3
1280430 1414.8
1280440 1416.5
1280450 1416.5
1280460 1419.8
1280470 1424.2
1280480 1429.1
1280490 1429.1
1280500 1433.5
1280510 1437.1
1280520 1437.1
1280530 1440.4
1280540 1442.7
1280550 1442.7
1280560 1444.0
1280570 1444.9
1280580 1444.9
1280590 1446.4
1280600 1449.0
1280610 1449.0
1280620 1451.5
1280630 1453.8
1280640 1453.8
1280650 1455.7
1280660 1457.5
1280670 1457.5
1280680 1459.2
1280690 1460.3
1280700 1460.3
1280710 1461.6
1280720 1463.1
1280730 1463.5
1280740 1463.5
1280750 1463.8
1280760 1464.5
1280770 1464.5
1280780 1464.9
1280790 1464.8
1280800 1464.8
1280810 1464.6
1280820 1464.3
1280830 1464.3
1280840 1464.0
1280850 1464.2
1280860 1464.2
1280870 1464.2
1280880 1464.8
1280890 1464.8
1280900 1466.9
1280910 1468.2
1280920 1468.2
1280930 1468.7
1280940 1470.0
1280950 1470.0
1280960 1471.4
1280970 1476.6
1280980 1478.0
1280990 1478.0
1281000 1479.7
1281010 1481.9
1281020 1481.9
1281030 1484.2
1281040 1486.6
1281050 1486.6
1281060 1489.0
1281070 1491.2
1281080 1491.2
1281090 1492.7
1281100 1493.2
1281110 1493.2
1281120 1492.2
1281130 1491.1
1281140 1491.1
1281150 1489.5
1281160 1488.1
1281170 1488.1
1281180 1487.9
1281190 1488.5
1281200 1488.5
1281210 1490.0
1281220 1491.2
1281230 1492.1
1281240 1492.1
1281250 1493.6
1281260 1495.1
1281270 1495.1
1281280 1496.6
1281290 1498.0
1281300 1498.0
1281310 1499.0
1281320 1497.7
1281330 1497.7
1281340 1496.6
1281350 1498.7
1281360 1498.7
1281370 1503.4
1281380 1508.8
1281390 1508.8
1281400 1513.7
1281410 1517.4
1281420 1517.4
1281430 1520.2
1281440 1522.7
1281450 1522.7
1281460 1524.5
1281470 1526.2
1281480 1526.2
1281490 1527.4
1281500 1527.7
1281510 1528.0
1281520 1528.0
1281530 1528.7
1281540 1529.3
1281550 1529.3
1281560 1529.6
1281570 1530.1
1281580 1530.1
1281590 1530.6
1281600 1532.9
1281610 1532.9
1281620 1534.4
1281630 1535.4
1281640 1535.4
1281650 1536.1
1281660 1536.0
1281670 1536.0
1281680 1534.6
1281690 1533.5
1281700 1533.5
1281710 1532.9
1281720 1531.4
1281730 1531.4
1281740 1530.2
1281750 1530.7
1281760 1533.3
1281770 1533.3
1281780 1537.0
1281790 1541.0
1281800 1541.0
1281810 1545.2
1281820 1549.3
1281830 1549.3
1281840 1554.0
1281850 1558.1
1281860 1558.1
1281870 1561.2
1281880 1563.8
1281890 1563.8
1281900 1565.8
1281910 1567.5
1281920 1567.5
1281930 1568.5
1281940 1570.0
1281950 1570.0
1281960 1573.0
1281970 1577.8
1281980 1577.8
1281990 1580.5
1282000 1581.9
1282010 1585.4
1282020 1585.4
1282030 1590.3
1282040 1595.3
1282050 1595.3
1282060 1599.4
1282070 1600.6
1282080 1600.6
1282090 1600.3
1282100 1600.9
1282110 1600.9
1282120 1601.2
1282130 1600.7
1282140 1600.7
1282150 1599.6
1282160 1598.4
1282170 1598.4
1282180 1596.9
1282190 1597.0
1282200 1597.0
1282210 1596.9
1282220 1595.8
1282230 1595.9
1282240 1593.8
1282250 1591.4
1282260 1589.4
1282270 1589.4
1282280 1588.0
1282290 1586.4
1282300 1586.4
1282310 1583.4
1282320 1580.7
1282330 1580.7
1282340 1578.2
1282350 1575.3
1282360 1575.3
1282370 1573.9
1282380 1575.6
1282390 1575.6
1282400 1578.4
1282410 1581.7
1282420 1581.7
1282430 1586.2
1282440 1590.6
1282450 1590.6
1282460 1591.9
1282470 1590.2
1282480 1590.2
1282490 1589.3
1282500 1588.6
1282510 1585.7
1282520 1585.7
1282530 1582.3
1282540 1579.5
1282550 1579.5
1282560 1579.0
1282570 1579.1
1282580 1579.1
1282590 1578.5
1282600 1576.4
1282610 1576.4
1282620 1575.4
1282630 1578.4
1282640 1578.4
1282650 1578.9
1282660 1576.4
1282670 1576.4
1282680 1574.8
1282690 1574.9
1282700 1574.9
1282710 1574.6
1282720 1573.2
1282730 1573.2
1282740 1572.0
1282750 1572.0
1282760 1573.0
1282770 1573.0
1282780 1573.4
1282790 1574.1
1282800 1574.1
1282810 1575.3
1282820 1576.4
1282830 1576.4
1282840 1577.8
1282850 1579.3
1282860 1581.0
1282870 1585.4
1282880 1590.5
1282890 1590.5
1282900 1595.1
1282910 1601.6
1282920 1601.6
1282930 1608.2
1282940 1611.6
1282950 1611.6
1282960 1614.1
1282970 1615.9
1282980 1615.9
1282990 1616.8
1283000 1618.6
1283010 1621.8
1283020 1621.8
1283030 1625.3
1283040 1628.1
1283050 1628.1
1283060 1630.3
1283070 1633.3
1283080 1633.3
1283090 1635.3
1283100 1636.8
1283110 1636.8
1283120 1638.9
1283130 1641.8
1283140 1641.8
1283150 1645.2
1283160 1648.9
1283170 1648.9
1283180 1652.7
1283190 1657.3
1283200 1657.3
1283210 1660.6
1283220 1663.5
1283230 1663.5
1283240 1667.0
1283250 1670.5
1283260 1673.0
1283270 1673.0
1283280 1675.3
1283290 1678.0
1283300 1678.0
1283310 1680.3
1283320 1682.3
1283330 1682.3
1283340 1684.6
1283350 1687.0
1283360 1687.0
1283370 1688.3
1283380 1689.2
1283390 1689.2
1283400 1691.7
1283410 1695.0
1283420 1695.0
1283430 1698.3
1283440 1700.0
1283450 1700.0
1283460 1699.9
1283470 1699.6
1283480 1699.6
1283490 1704.0
1283500 1704.4
1283510 1704.4
1283520 1705.3
1283530 1708.8
1283540 1713.2
1283550 1713.2
1283560 1716.6
1283570 1720.4
1283580 1720.4
1283590 1723.5
1283600 1724.3
1283610 1724.3
1283620 1724.7
1283630 1723.5
1283640 1723.5
1283650 1722.3
1283660 1722.4
1283670 1722.4
1283680 1722.6
1283690 1724.7
1283700 1724.7
1283710 1727.1
1283720 1727.7
1283730 1727.7
1283740 1728.0
1283750 1729.2
1283760 1729.2
1283770 1730.9
1283780 1733.8
1283790 1735.9
1283800 1735.9
1283810 1736.3
1283820 1735.5
1283830 1735.5
1283840 1732.7
1283850 1730.8
1283860 1730.8
1283870 1730.3
1283880 1729.9
1283890 1729.9
1283900 1730.8
1283910 1733.4
1283920 1733.4
1283930 1736.9
1283940 1740.6
1283950 1740.6
1283960 1743.5
1283970 1745.9
1283980 1745.9
1283990 1745.6
1284000 1747.8
1284010 1747.8
1284020 1751.6
1284030 1754.6
1284040 1754.7
1284050 1754.7
1284060 1751.3
1284070 1747.2
1284080 1747.2
1284090 1744.4
1284100 1742.0
1284110 1742.0
1284120 1744.1
1284130 1742.2
1284140 1742.2
1284150 1742.0
1284160 1742.5
1284170 1742.5
1284180 1742.4
1284190 1743.1
1284200 1743.1
1284210 1743.8
1284220 1744.9
1284230 1744.9
1284240 1747.1
1284250 1750.3
1284260 1750.3
1284270 1751.9
1284280 1749.4
1284290 1747.1
1284300 1747.1
1284310 1745.7
1284320 1745.0
1284330 1745.0
1284340 1743.3
1284350 1740.0
1284360 1740.0
1284370 1736.4
1284380 1737.0
1284390 1737.0
1284400 1738.4
1284410 1739.5
1284420 1739.5
1284430 1739.0
1284440 1737.8
1284450 1737.8
1284460 1736.5
1284470 1735.3
1284480 1735.3
1284490 1733.5
1284500 1731.4
1284510 1731.4
1284520 1729.0
1284530 1726.5
1284540 1723.8
1284550 1723.8
1284560 1721.3
1284570 1719.0
1284580 1719.0
1284590 1718.8
1284600 1723.2
1284610 1723.2
1284620 1721.0
1284630 1715.7
1284640 1715.7
1284650 1710.2
1284660 1704.0
1284670 1704.0
1284680 1696.4
1284690 1692.6
1284700 1692.6
1284710 1693.2
1284720 1691.7
1284730 1691.7
1284740 1689.0
1284750 1685.1
1284760 1684.5
1284770 1679.3
1284780 1675.7
1284790 1672.2
1284800 1672.2
1284810 1670.9
1284820 1669.0
1284830 1669.0
1284840 1667.1
1284850 1663.5
1284860 1663.5
1284870 1659.8
1284880 1656.8
1284890 1656.8
1284900 1654.1
1284910 1652.0
1284920 1652.0
1284930 1649.8
1284940 1649.6
1284950 1649.6
1284960 1646.4
1284970 1640.1
1284980 1640.1
1284990 1634.1
1285000 1629.5
1285010 1629.5
1285020 1627.1
1285030 1622.5
1285040 1619.3
1285050 1619.3
1285060 1618.4
1285070 1614.5
1285080 1614.5
1285090 1608.3
1285100 1604.7
1285110 1604.7
1285120 1602.3
1285130 1600.4
1285140 1600.4
1285150 1596.9
1285160 1591.2
1285170 1591.2
1285180 1585.2
1285190 1579.3
1285200 1579.3
1285210 1572.5
1285220 1566.4
1285230 1566.4
1285240 1562.0
1285250 1559.4
1285260 1559.4
1285270 1556.8
1285280 1553.9
1285290 1550.9
1285300 1550.9
1285310 1545.4
1285320 1539.2
1285330 1539.2
1285340 1534.0
1285350 1527.4
1285360 1527.4
1285370 1519.9
1285380 1513.1
1285390 1514.2
1285400 1509.1
1285410 1504.5
1285420 1504.5
1285430 1499.8
1285440 1494.7
1285450 1494.7
1285460 1489.8
1285470 1485.4
1285480 1485.4
1285490 1481.9
1285500 1479.4
1285510 1479.4
1285520 1477.0
1285530 1474.4
1285540 1474.4
1285550 1471.7
1285560 1469.2
1285570 1467.2
1285580 1467.2
1285590 1465.1
1285600 1462.5
1285610 1462.5
1285620 1458.9
1285630 1454.8
1285640 1454.8
1285650 1450.8
1285660 1446.1
1285670 1446.1
1285680 1440.7
1285690 1433.8
1285700 1433.8
1285710 1428.9
1285720 1423.6
1285730 1423.6
1285740 1418.3
1285750 1412.9
1285760 1412.9
1285770 1408.8
1285780 1404.9
1285790 1404.9
1285800 1400.3
1285810 1394.9
1285820 1389.8
1285830 1389.8
1285840 1385.3
1285850 1380.9
1285860 1380.9
1285870 1375.5
1285880 1370.3
1285890 1370.3
1285900 1365.4
1285910 1360.7
1285920 1360.7
1285930 1354.6
1285940 1348.1
1285950 1348.1
1285960 1342.7
1285970 1338.2
1285980 1338.2
1285990 1333.2
1286000 1328.4
1286010 1328.4
1286020 1323.2
1286030 1315.0
1286040 1315.0
1286050 1310.0
1286060 1305.6
1286070 1300.6
1286080 1300.6
1286090 1295.9
1286100 1293.1
1286110 1293.1
1286120 1290.4
1286130 1287.8
1286140 1287.8
1286150 1285.1
1286160 1283.1
1286170 1283.1
1286180 1282.4
1286190 1281.7
1286200 1281.7
1286210 1281.0
1286220 1280.0
1286230 1280.0
1286240 1278.7
1286250 1277.6
1286260 1277.6
1286270 1276.5
1286280 1273.0
1286290 1273.0
1286300 1267.7
1286310 1267.4
1286320 1269.7
1286330 1269.7
1286340 1274.9
1286350 1279.1
1286360 1279.1
1286370 1283.8
1286380 1289.8
1286390 1289.8
1286400 1294.7
1286410 1298.0
1286420 1298.0
1286430 1301.2
1286440 1304.4
1286450 1304.4
1286460 1307.2
1286470 1309.2
1286480 1309.2
1286490 1310.5
1286500 1313.7
1286510 1313.7
1286520 1318.2
1286530 1322.5
1286540 1322.5
1286550 1326.5
1286560 1329.5
1286570 1330.7
1286580 1330.7
1286590 1327.5
1286600 1326.1
1286610 1326.1
1286620 1332.2
1286630 1338.9
1286640 1338.9
1286650 1344.0
1286660 1350.3
1286670 1350.3
1286680 1361.5
1286690 1366.2
1286700 1366.2
1286710 1370.9
1286720 1375.3
1286730 1375.3
1286740 1379.3
1286750 1384.1
1286760 1384.1
1286770 1389.0
1286780 1394.0
1286790 1394.0
1286800 1393.8
1286810 1391.4
1286820 1393.6
1286830 1393.6
1286840 1400.9
1286850 1409.3
1286860 1409.3
1286870 1416.2
1286880 1421.3
1286890 1421.3
1286900 1424.0
1286910 1426.4
1286920 1426.4
1286930 1430.4
1286940 1437.6
1286950 1437.6
1286960 1442.6
1286970 1447.6
1286980 1447.6
1286990 1451.6
1287000 1455.3
1287010 1455.3
1287020 1459.5
1287030 1463.7
1287040 1463.7
1287050 1467.4
1287060 1471.8
1287070 1476.6
1287080 1476.6
1287090 1480.3
1287100 1481.2
1287110 1481.2
1287120 1483.0
1287130 1484.4
1287140 1484.4
1287150 1486.5
1287160 1489.0
1287170 1489.0
1287180 1492.2
1287190 1496.0
1287200 1496.0
1287210 1499.8
1287220 1503.4
1287230 1503.4
1287240 1507.1
1287250 1511.4
1287260 1511.4
1287270 1515.9
1287280 1520.6
1287290 1520.6
1287300 1524.7
1287310 1528.6
1287320 1531.0
1287330 1531.0
1287340 1534.7
1287350 1538.0
1287360 1538.0
1287370 1541.1
1287380 1544.5
1287390 1544.5
1287400 1547.6
1287410 1550.2
1287420 1550.2
1287430 1553.0
1287440 1555.7
1287450 1555.7
1287460 1558.5
1287470 1561.6
1287480 1561.6
1287490 1565.0
1287500 1567.7
1287510 1567.7
1287520 1571.2
1287530 1574.6
1287540 1574.6
1287550 1578.2
1287560 1582.1
1287570 1582.1
1287580 1585.8
1287590 1589.7
1287600 1593.5
1287610 1593.5
1287620 1597.9
1287630 1602.4
1287640 1602.4
1287650 1607.7
1287660 1614.7
1287670 1614.7
1287680 1619.5
1287690 1624.9
1287700 1624.9
1287710 1629.2
1287720 1633.3
1287730 1633.3
1287740 1637.3
1287750 1641.4
1287760 1641.4
1287770 1645.4
1287780 1648.6
1287790 1648.6
1287800 1652.1
1287810 1657.1
1287820 1657.1
1287830 1662.9
1287840 1667.2
1287850 1670.5
1287860 1670.5
1287870 1674.1
1287880 1678.8
1287890 1678.8
1287900 1683.7
1287910 1688.7
1287920 1688.7
1287930 1693.0
1287940 1697.1
1287950 1697.1
1287960 1701.0
1287970 1704.5
1287980 1704.5
1287990 1707.8
1288000 1712.3
1288010 1712.3
1288020 1716.9
1288030 1720.5
1288040 1720.5
1288050 1722.3
1288060 1724.2
1288070 1724.2
1288080 1726.5
1288090 1728.7
1288100 1730.3
1288110 1730.3
1288120 1731.6
1288130 1732.8
1288140 1732.8
1288150 1734.2
1288160 1735.5
1288170 1735.5
1288180 1736.4
1288190 1737.3
1288200 1737.3
1288210 1739.7
1288220 1744.9
1288230 1744.9
1288240 1752.3
1288250 1757.9
1288260 1757.9
1288270 1763.3
1288280 1769.2
1288290 1769.2
1288300 1772.9
1288310 1775.9
1288320 1775.9
1288330 1779.4
1288340 1784.2
1288350 1789.7
1288360 1789.7
1288370 1794.9
1288380 1798.7
1288390 1798.7
1288400 1802.6
1288410 1806.0
1288420 1806.0
1288430 1808.4
1288440 1810.0
1288450 1810.0
1288460 1812.0
1288470 1814.4
1288480 1814.4
1288490 1815.7
1288500 1816.0
1288510 1816.0
1288520 1816.6
1288530 1819.1
1288540 1819.1
1288550 1824.3
1288560 1829.4
1288570 1829.4
1288580 1835.0
1288590 1840.0
1288600 1843.3
1288610 1843.3
1288620 1845.5
1288630 1847.5
1288640 1847.5
1288650 1848.1
1288660 1847.9
1288670 1847.9
1288680 1847.4
1288690 1847.5
1288700 1847.5
1288710 1849.3
1288720 1852.0
1288730 1852.0
1288740 1855.5
1288750 1859.2
1288760 1859.2
1288770 1863.3
1288780 1867.2
1288790 1867.2
1288800 1870.5
1288810 1873.6
1288820 1873.6
1288830 1876.6
1288840 1879.7
1288850 1882.4
1288860 1882.4
1288870 1884.9
1288880 1888.0
1288890 1888.0
1288900 1890.9
1288910 1893.9
1288920 1893.9
1288930 1896.9
1288940 1897.8
1288950 1897.8
1288960 1899.2
1288970 1902.2
1288980 1902.2
1288990 1905.7
1289000 1909.6
1289010 1909.6
1289020 1913.6
1289030 1917.3
1289040 1917.3
1289050 1920.1
1289060 1923.3
1289070 1923.3
1289080 1925.8
1289090 1928.2
1289100 1931.1
1289110 1931.1
1289120 1933.9
1289130 1936.8
1289140 1936.8
1289150 1939.6
1289160 1943.2
1289170 1943.2
1289180 1946.2
1289190 1948.9
1289200 1948.9
1289210 1951.3
1289220 1954.3
1289230 1954.3
1289240 1957.4
1289250 1960.5
1289260 1960.5
1289270 1965.8
1289280 1968.4
1289290 1968.4
1289300 1971.3
1289310 1974.3
1289320 1974.3
1289330 1976.9
1289340 1979.7
1289350 1982.6
1289360 1982.6
1289370 1985.2
1289380 1988.9
1289390 1988.9
1289400 1992.7
1289410 1997.0
1289420 1997.0
1289430 2002.4
1289440 2007.3
1289450 2007.3
1289460 2010.6
1289470 2015.1
1289480 2015.1
1289490 2019.8
1289500 2023.4
1289510 2023.4
1289520 2024.0
1289530 2025.8
1289540 2025.8
1289550 2029.1
1289560 2032.6
1289570 2032.6
1289580 2036.4
1289590 2039.9
1289600 2039.9
1289610 2043.4
1289620 2046.5
1289630 2049.6
1289640 2049.6
1289650 2053.3
1289660 2056.9
1289670 2056.9
1289680 2059.6
1289690 2059.9
1289700 2059.9
1289710 2060.4
1289720 2060.6
1289730 2060.6
1289740 2059.6
1289750 2059.1
1289760 2059.1
1289770 2060.4
1289780 2061.5
1289790 2061.5
1289800 2063.0
1289810 2064.9
1289820 2064.9
1289830 2066.7
1289840 2068.6
1289850 2068.6
1289860 2070.4
1289870 2072.0
1289880 2074.7
1289890 2074.7
1289900 2077.6
1289910 2080.9
1289920 2082.8
1289930 2086.6
1289940 2090.8
1289950 2090.8
1289960 2095.5
1289970 2099.8
1289980 2099.8
1289990 2104.7
1290000 2107.0
1290010 2107.0
1290020 2107.2
1290030 2109.7
1290040 2109.7
1290050 2111.4
1290060 2114.1
1290070 2114.1
1290080 2117.3
1290090 2121.7
1290100 2121.7
1290110 2126.8
1290120 2130.1
1290130 2131.1
1290140 2131.1
1290150 2134.4
1290160 2138.1
1290170 2138.1
1290180 2143.3
1290190 2149.5
1290200 2149.5
1290210 2155.2
1290220 2160.2
1290230 2160.2
1290240 2165.2
1290250 2169.1
1290260 2169.1
1290270 2175.2
1290280 2180.0
1290290 2180.0
1290300 2184.2
1290310 2189.4
1290320 2189.4
1290330 2192.8
1290340 2195.8
1290350 2195.8
1290360 2199.2
1290370 2196.5
1290380 2193.3
1290390 2193.3
1290400 2196.4
1290410 2201.5
1290420 2201.5
1290430 2207.8
1290440 2213.0
1290450 2213.0
1290460 2212.9
1290470 2207.1
1290480 2207.1
1290490 2192.9
1290500 2181.8
1290510 2181.8
1290520 2175.7
1290530 2171.2
1290540 2171.2
1290550 2165.9
1290560 2157.7
1290570 2157.7
1290580 2155.3
1290590 2149.8
1290600 2149.8
1290610 2137.7
1290620 2127.2
1290630 2117.6
1290640 2117.6
1290650 2107.9
1290660 2101.5
1290670 2101.5
1290680 2095.7
1290690 2089.3
1290700 2089.3
1290710 2083.5
1290720 2078.2
1290730 2078.2
1290740 2072.5
1290750 2065.6
1290760 2065.6
1290770 2059.4
1290780 2053.6
1290790 2053.6
1290800 2048.5
1290810 2040.8
1290820 2040.8
1290830 2032.0
1290840 2023.8
1290850 2023.8
1290860 2015.0
1290870 2007.1
1290880 1999.5
1290890 1999.5
1290900 1992.4
1290910 1985.9
1290920 1985.9
1290930 1978.9
1290940 1971.6
1290950 1971.6
1290960 1964.1
1290970 1956.7
1290980 1956.7
1290990 1949.5
1291000 1943.3
1291010 1943.3
1291020 1936.6
1291030 1928.4
1291040 1928.4
1291050 1921.0
1291060 1914.8
1291070 1914.8
1291080 1908.4
1291090 1902.1
1291100 1902.1
1291110 1895.0
1291120 1889.1
1291130 1884.2
1291140 1884.2
1291150 1879.4
1291160 1874.8
1291170 1874.8
1291180 1869.9
1291190 1864.9
1291200 1864.9
1291210 1859.5
1291220 1853.3
1291230 1854.8
1291240 1849.0
1291250 1844.2
1291260 1844.2
1291270 1837.8
1291280 1830.7
1291290 1830.7
1291300 1824.4
1291310 1819.5
1291320 1819.5
1291330 1814.1
1291340 1806.0
1291350 1806.0
1291360 1798.6
1291370 1791.6
1291380 1784.6
1291390 1784.6
1291400 1778.7
1291410 1773.0
1291420 1773.0
1291430 1767.0
1291440 1760.7
1291450 1760.7
1291460 1755.1
1291470 1749.9
1291480 1749.9
1291490 1745.0
1291500 1740.1
1291510 1740.1
1291520 1735.6
1291530 1731.5
1291540 1731.5
1291550 1727.6
1291560 1724.0
1291570 1724.0
1291580 1720.4
1291590 1717.0
1291600 1717.0
1291610 1714.0
1291620 1711.1
1291630 1708.5
1291640 1708.5
1291650 1706.0
1291660 1703.6
1291670 1703.6
1291680 1701.5
1291690 1699.0
1291700 1699.0
1291710 1696.8
1291720 1693.2
1291730 1693.2
1291740 1689.5
1291750 1686.2
1291760 1686.2
1291770 1683.2
1291780 1679.3
1291790 1679.3
1291800 1674.2
1291810 1670.2
1291820 1670.2
1291830 1663.5
1291840 1656.1
1291850 1656.1
1291860 1649.5
1291870 1643.5
1291880 1643.5
1291890 1635.7
1291900 1628.7
1291910 1621.6
1291920 1621.6
1291930 1615.0
1291940 1608.5
1291950 1608.5
1291960 1601.5
1291970 1593.5
1291980 1593.5
1291990 1586.7
1292000 1578.3
1292010 1578.3
1292020 1570.5
1292030 1564.9
1292040 1564.9
1292050 1558.7
1292060 1551.9
1292070 1551.9
1292080 1545.2
1292090 1538.0
1292100 1538.0
1292110 1532.5
1292120 1528.6
1292130 1528.6
1292140 1524.2
1292150 1519.0
1292160 1513.7
1292170 1513.7
1292180 1508.9
1292190 1505.5
1292200 1505.5
1292210 1501.0
1292220 1494.7
1292230 1494.7
1292240 1488.0
1292250 1482.1
1292260 1482.1
1292270 1477.8
1292280 1474.1
1292290 1474.1
1292300 1469.6
1292310 1466.2
1292320 1466.2
1292330 1464.4
1292340 1461.9
1292350 1461.9
1292360 1458.3
1292370 1453.6
1292380 1453.6
1292390 1447.9
1292400 1443.3
1292410 1439.8
1292420 1439.8
1292430 1438.0
1292440 1435.2
1292450 1435.2
1292460 1429.6
1292470 1424.7
1292480 1424.7
1292490 1417.7
1292500 1411.4
1292510 1411.4
1292520 1407.1
1292530 1403.9
1292540 1403.9
1292550 1398.1
1292560 1395.0
1292570 1395.0
1292580 1392.5
1292590 1389.2
1292600 1389.2
1292610 1383.5
1292620 1377.0
1292630 1377.0
1292640 1370.2
1292650 1363.5
1292660 1355.9
1292670 1355.9
1292680 1348.5
1292690 1345.0
1292700 1345.0
1292710 1342.0
1292720 1337.9
1292730 1337.9
1292740 1332.7
1292750 1327.1
1292760 1327.1
1292770 1320.4
1292780 1313.2
1292790 1313.2
1292800 1307.1
1292810 1300.5
1292820 1300.5
1292830 1292.8
1292840 1285.9
1292850 1285.9
1292860 1279.0
1292870 1273.2
1292880 1273.2
1292890 1266.7
1292900 1260.5
1292910 1251.8
1292920 1251.8
1292930 1245.6
1292940 1249.2
1292950 1249.2
1292960 1256.1
1292970 1261.8
1292980 1261.8
1292990 1264.4
1293000 1266.7
1293010 1266.7
1293020 1268.9
1293030 1271.5
1293040 1271.5
1293050 1274.7
1293060 1278.7
1293070 1278.7
1293080 1283.0
1293090 1287.2
1293100 1287.2
1293110 1291.3
1293120 1295.6
1293130 1295.6
1293140 1299.7
1293150 1303.0
1293160 1305.6
1293170 1305.6
1293180 1308.6
1293190 1311.9
1293200 1311.9
1293210 1315.3
1293220 1319.1
1293230 1319.1
1293240 1322.4
1293250 1326.4
1293260 1326.4
1293270 1330.1
1293280 1333.3
1293290 1333.3
1293300 1337.1
1293310 1340.4
1293320 1340.4
1293330 1343.3
1293340 1346.3
1293350 1346.3
1293360 1349.3
1293370 1353.1
1293380 1353.1
1293390 1357.3
1293400 1361.5
1293410 1364.8
1293420 1364.8
1293430 1367.4
1293440 1370.4
1293450 1370.4
1293460 1374.4
1293470 1379.0
1293480 1379.0
1293490 1384.6
1293500 1388.5
1293510 1388.5
1293520 1394.0
1293530 1398.7
1293540 1398.7
1293550 1402.3
1293560 1405.4
1293570 1405.4
1293580 1408.2
1293590 1411.4
1293600 1411.4
1293610 1414.5
1293620 1417.9
1293630 1417.9
1293640 1421.0
1293650 1424.3
1293660 1427.7
1293670 1427.7
1293680 1431.4
1293690 1436.2
1293700 1436.2
1293710 1440.4
1293720 1445.5
1293730 1445.5
1293740 1451.2
1293750 1456.7
1293760 1456.7
1293770 1460.9
1293780 1464.7
1293790 1464.7
1293800 1469.0
1293810 1473.9
1293820 1473.9
1293830 1479.4
1293840 1484.4
1293850 1484.4
1293860 1488.5
1293870 1492.1
1293880 1492.9
1293890 1498.4
1293900 1503.8
1293910 1503.8
1293920 1509.2
1293930 1515.4
1293940 1521.0
1293950 1521.0
1293960 1525.0
1293970 1529.6
1293980 1529.6
1293990 1534.1
1294000 1538.5
1294010 1538.5
1294020 1542.1
1294030 1545.9
1294040 1545.9
1294050 1549.4
1294060 1552.4
1294070 1552.4
1294080 1554.9
1294090 1558.0
1294100 1558.0
1294110 1562.6
1294120 1566.7
1294130 1566.7
1294140 1571.8
1294150 1576.9
1294160 1576.9
1294170 1583.7
1294180 1588.3
1294190 1591.7
1294200 1591.7
1294210 1594.7
1294220 1597.1
1294230 1597.1
1294240 1599.3
1294250 1601.8
1294260 1601.8
1294270 1604.4
1294280 1606.9
1294290 1606.9
1294300 1610.1
1294310 1614.2
1294320 1614.2
1294330 1617.4
1294340 1620.1
1294350 1620.1
1294360 1622.3
1294370 1623.6
1294380 1623.6
1294390 1625.4
1294400 1628.0
1294410 1628.0
1294420 1630.7
1294430 1633.6
1294440 1637.0
1294450 1637.0
1294460 1641.2
1294470 1646.4
1294480 1646.4
1294490 1650.1
1294500 1653.2
1294510 1653.2
1294520 1657.4
1294530 1661.2
1294540 1661.2
1294550 1666.4
1294560 1670.5
1294570 1670.5
1294580 1675.7
1294590 1679.6
1294600 1679.6
1294610 1684.4
1294620 1688.2
1294630 1688.2
1294640 1691.0
1294650 1695.0
1294660 1695.0
1294670 1699.5
1294680 1704.5
1294690 1709.2
1294700 1709.2
1294710 1713.9
1294720 1717.3
1294730 1717.3
1294740 1721.8
1294750 1728.2
1294760 1728.2
1294770 1733.7
1294780 1736.2
1294790 1736.2
1294800 1737.5
1294810 1739.0
1294820 1739.0
1294830 1740.3
1294840 1741.9
1294850 1741.9
1294860 1744.5
1294870 1747.9
1294880 1747.9
1294890 1751.7
1294900 1755.4
1294910 1755.4
1294920 1758.9
1294930 1765.0
1294940 1769.5
1294950 1769.5
1294960 1771.8
1294970 1774.7
1294980 1774.7
1294990 1779.0
1295000 1780.7
1295010 1780.7
1295020 1783.3
1295030 1789.3
1295040 1789.3
1295050 1794.3
1295060 1800.5
1295070 1800.5
1295080 1806.0
1295090 1808.2
1295100 1808.2
1295110 1808.1
1295120 1813.0
1295130 1813.0
1295140 1817.4
1295150 1816.6
1295160 1816.6
1295170 1818.1
1295180 1825.4
1295190 1833.5
1295200 1833.5
1295210 1840.0
1295220 1845.4
1295230 1845.4
1295240 1849.1
1295250 1853.9
1295260 1853.9
1295270 1859.1
1295280 1864.8
1295290 1864.8
1295300 1870.6
1295310 1876.3
1295320 1876.3
1295330 1881.7
1295340 1887.3
1295350 1887.3
1295360 1892.0
1295370 1895.1
1295380 1895.1
1295390 1897.9
1295400 1900.0
1295410 1900.0
1295420 1902.9
1295430 1908.0
1295440 1914.1
1295450 1914.1
1295460 1919.0
1295470 1923.0
1295480 1923.0
1295490 1927.5
1295500 1931.5
1295510 1931.5
1295520 1935.4
1295530 1940.0
1295540 1940.0
1295550 1944.1
1295560 1948.0
1295570 1948.0
1295580 1952.9
1295590 1956.7
1295600 1956.7
1295610 1960.8
1295620 1964.2
1295630 1964.2
1295640 1968.0
1295650 1972.4
1295660 1972.4
1295670 1976.9
1295680 1980.9
1295690 1984.1
1295700 1984.1
1295710 1987.2
1295720 1990.0
1295730 1990.0
1295740 1992.2
1295750 1994.6
1295760 1994.6
1295770 1997.1
1295780 1999.3
1295790 1999.3
1295800 2001.1
1295810 2003.0
1295820 2003.0
1295830 2004.9
1295840 2006.8
1295850 2006.8
1295860 2009.4
1295870 2011.8
1295880 2011.8
1295890 2014.5
1295900 2016.5
1295910 2016.5
1295920 2019.9
1295930 2022.9
1295940 2026.5
1295950 2026.5
1295960 2029.4
1295970 2033.5
1295980 2033.5
1295990 2038.3
1296000 2043.6
1296010 2043.6
1296020 2048.5
1296030 2053.2
1296040 2053.2
1296050 2058.2
1296060 2063.4
1296070 2063.4
1296080 2067.7
1296090 2072.3
1296100 2072.3
1296110 2077.8
1296120 2082.0
1296130 2082.0
1296140 2084.4
1296150 2086.3
1296160 2086.3
1296170 2089.3
1296180 2092.8
1296190 2092.8
1296200 2096.4
1296210 2100.0
1296220 2103.3
1296230 2103.3
1296240 2107.1
1296250 2113.5
1296260 2113.5
1296270 2120.1
1296280 2126.8
1296290 2126.8
1296300 2132.2
1296310 2137.1
1296320 2137.1
1296330 2141.9
1296340 2147.6
1296350 2147.6
1296360 2155.2
1296370 2162.0
1296380 2162.0
1296390 2169.1
1296400 2175.8
1296410 2175.8
1296420 2182.8
1296430 2189.2
1296440 2189.2
1296450 2195.8
1296460 2202.1
1296470 2208.8
1296480 2208.8
1296490 2215.5
1296500 2222.7
1296510 2222.7
1296520 2229.1
1296530 2235.8
1296540 2235.8
1296550 2243.0
1296560 2249.9
1296570 2256.2
1296580 2261.5
1296590 2267.8
1296600 2267.8
1296610 2273.0
1296620 2279.5
1296630 2279.5
1296640 2275.8
1296650 2273.6
1296660 2273.6
1296670 2277.9
1296680 2282.7
1296690 2282.7
1296700 2288.7
1296710 2293.5
1296720 2303.3
1296730 2303.3
1296740 2320.8
1296750 2327.4
1296760 2327.4
1296770 2333.6
1296780 2338.5
1296790 2338.5
1296800 2343.7
1296810 2347.8
1296820 2347.8
1296830 2347.2
1296840 2344.3
1296850 2344.3
1296860 2341.9
1296870 2336.7
1296880 2336.7
1296890 2327.6
1296900 2326.5
1296910 2326.5
1296920 2328.7
1296930 2328.2
1296940 2328.2
1296950 2317.6
1296960 2301.4
1296970 2290.5
1296980 2290.5
1296990 2274.5
1297000 2266.9
1297010 2266.9
1297020 2271.2
1297030 2276.2
1297040 2276.2
1297050 2272.0
1297060 2263.5
1297070 2263.5
1297080 2248.0
1297090 2231.1
1297100 2231.1
1297110 2222.1
1297120 2213.2
1297130 2213.2
1297140 2206.4
1297150 2198.6
1297160 2198.6
1297170 2188.3
1297180 2179.5
1297190 2179.5
1297200 2168.7
1297210 2160.5
1297220 2153.1
1297230 2153.1
1297240 2146.5
1297250 2139.7
1297260 2139.7
1297270 2130.3
1297280 2119.2
1297290 2119.2
1297300 2106.9
1297310 2093.7
1297320 2093.7
1297330 2088.4
1297340 2084.5
1297350 2084.5
1297360 2081.2
1297370 2078.3
1297380 2078.3
1297390 2076.7
1297400 2074.7
1297410 2074.7
1297420 2072.6
1297430 2069.7
1297440 2069.7
1297450 2066.3
1297460 2061.9
1297470 2057.4
1297480 2057.4
1297490 2053.5
1297500 2048.4
1297510 2048.4
1297520 2043.7
1297530 2039.6
1297540 2039.6
1297550 2035.3
1297560 2030.7
1297570 2030.7
1297580 2025.8
1297590 2021.8
1297600 2021.8
1297610 2017.3
1297620 2012.4
1297630 2012.4
1297640 2007.7
1297650 2000.5
1297660 2000.5
1297670 1990.6
1297680 1983.2
1297690 1983.2
1297700 1979.1
1297710 1975.1
1297720 1970.7
1297730 1970.7
1297740 1966.5
1297750 1961.4
1297760 1961.4
1297770 1954.9
1297780 1948.1
1297790 1948.1
1297800 1941.5
1297810 1934.9
1297820 1934.9
1297830 1928.6
1297840 1922.1
1297850 1922.1
1297860 1916.0
1297870 1911.2
1297880 1911.2
1297890 1908.5
1297900 1906.0
1297910 1906.0
1297920 1902.4
1297930 1898.6
1297940 1898.6
1297950 1893.4
1297960 1889.1
1297970 1885.3
1297980 1885.3
1297990 1880.2
1298000 1875.6
1298010 1875.6
1298020 1872.2
1298030 1870.1
1298040 1870.1
1298050 1866.3
1298060 1863.3
1298070 1863.3
1298080 1859.1
1298090 1854.0
1298100 1854.0
1298110 1851.2
1298120 1847.8
1298130 1847.8
1298140 1844.8
1298150 1843.2
1298160 1843.2
1298170 1841.8
1298180 1838.5
1298190 1838.5
1298200 1836.9
1298210 1833.7
1298220 1826.4
1298230 1826.4
1298240 1821.5
1298250 1822.2
1298260 1822.2
1298270 1823.0
1298280 1823.2
1298290 1823.2
1298300 1823.0
1298310 1822.6
1298320 1822.6
1298330 1822.1
1298340 1821.1
1298350 1821.1
1298360 1819.9
1298370 1819.6
1298380 1819.6
1298390 1822.6
1298400 1827.4
1298410 1827.4
1298420 1830.0
1298430 1832.6
1298440 1832.6
1298450 1834.7
1298460 1837.7
1298470 1839.9
1298480 1839.9
1298490 1843.4
1298500 1846.1
1298510 1846.1
1298520 1848.1
1298530 1849.3
1298540 1849.3
1298550 1850.5
1298560 1851.3
1298570 1851.3
1298580 1854.0
1298590 1857.0
1298600 1857.0
1298610 1858.6
1298620 1863.1
1298630 1863.1
1298640 1867.9
1298650 1872.3
1298660 1872.3
1298670 1877.6
1298680 1882.7
1298690 1882.7
1298700 1888.7
1298710 1893.3
1298720 1893.3
1298730 1898.1
1298740 1902.9
1298750 1907.0
1298760 1907.0
1298770 1910.2
1298780 1913.2
1298790 1913.2
1298800 1916.6
1298810 1919.5
1298820 1919.5
1298830 1922.9
1298840 1926.3
1298850 1926.3
1298860 1929.8
1298870 1934.5
1298880 1934.5
1298890 1938.0
1298900 1940.8
1298910 1940.8
1298920 1944.1
1298930 1948.1
1298940 1948.1
1298950 1955.3
1298960 1961.8
1298970 1961.8
1298980 1967.1
1298990 1972.3
1299000 1976.8
1299010 1976.8
1299020 1980.1
1299030 1981.6
1299040 1981.6
1299050 1986.2
1299060 1992.3
1299070 1992.3
1299080 1996.0
1299090 2000.2
1299100 2000.2
1299110 2004.3
1299120 2006.4
1299130 2006.4
1299140 2010.0
1299150 2012.7
1299160 2012.7
1299170 2016.3
1299180 2018.4
1299190 2018.4
1299200 2020.2
1299210 2020.7
1299220 2020.7
1299230 2023.5
1299240 2024.7
1299250 2025.3
1299260 2025.3
1299270 2026.6
1299280 2030.2
1299290 2030.2
1299300 2036.2
1299310 2037.5
1299320 2037.5
1299330 2039.4
1299340 2042.8
1299350 2042.8
1299360 2044.4
1299370 2046.3
1299380 2046.3
1299390 2048.8
1299400 2052.3
1299410 2052.3
1299420 2057.5
1299430 2064.4
1299440 2064.4
1299450 2072.2
1299460 2079.7
1299470 2079.7
1299480 2087.5
1299490 2092.5
1299500 2093.4
1299510 2093.4
1299520 2093.3
1299530 2094.3
1299540 2094.3
1299550 2096.4
1299560 2097.0
1299570 2097.0
1299580 2097.3
1299590 2099.3
1299600 2099.3
1299610 2101.7
1299620 2107.0
1299630 2107.0
1299640 2118.0
1299650 2132.4
1299660 2132.4
1299670 2142.2
1299680 2147.0
1299690 2147.0
1299700 2152.4
1299710 2160.3
1299720 2160.3
1299730 2168.6
1299740 2173.6
1299750 2177.5
1299760 2177.5
1299770 2176.2
1299780 2169.6
1299790 2169.6
1299800 2163.9
1299810 2159.1
1299820 2159.1
1299830 2153.4
1299840 2149.4
1299850 2149.4
1299860 2147.1
1299870 2144.5
1299880 2144.5
1299890 2142.3
1299900 2139.7
1299910 2139.7
1299920 2137.4
1299930 2135.5
1299940 2135.5
1299950 2133.0
1299960 2129.9
1299970 2129.9
1299980 2128.3
1299990 2120.6
