1280000 1416.5
1280010 1416.5
1280020 1417.6
1280030 1418.8
1280040 1418.8
1280050 1420.0
1280060 1421.7
1280070 1422.8
1280080 1422.8
1280090 1423.8
1280100 1425.2
1280110 1425.2
1280120 1427.1
1280130 1428.1
1280140 1428.1
1280150 1429.1
1280160 1430.9
1280170 1430.9
1280180 1433.5
1280190 1435.6
1280200 1435.6
1280210 1437.5
1280220 1439.2
1280230 1439.2
1280240 1440.4
1280250 1441.3
1280260 1441.3
1280270 1441.0
1280280 1439.3
1280290 1445.1
1280300 1446.6
1280310 1449.9
1280320 1449.9
1280330 1453.4
1280340 1455.6
1280350 1456.3
1280360 1456.3
1280370 1457.9
1280380 1459.5
1280390 1459.5
1280400 1458.8
1280410 1456.3
1280420 1456.3
1280430 1454.4
1280440 1453.1
1280450 1453.1
1280460 1451.9
1280470 1451.6
1280480 1451.6
1280490 1454.3
1280500 1457.3
1280510 1457.3
1280520 1461.1
1280530 1465.3
1280540 1465.3
1280550 1469.5
1280560 1473.1
1280570 1473.1
1280580 1475.9
1280590 1478.4
1280600 1480.4
1280610 1480.4
1280620 1481.7
1280630 1482.4
1280640 1482.4
1280650 1483.1
1280660 1483.6
1280670 1483.6
1280680 1483.3
1280690 1482.4
1280700 1482.4
1280710 1482.4
1280720 1482.8
1280730 1482.8
1280740 1482.8
1280750 1482.6
1280760 1482.6
1280770 1483.2
1280780 1485.1
1280790 1485.1
1280800 1486.7
1280810 1487.4
1280820 1487.4
1280830 1488.3
1280840 1489.5
1280850 1490.7
1280860 1490.7
1280870 1491.7
1280880 1491.7
1280890 1491.7
1280900 1493.0
1280910 1498.6
1280920 1498.6
1280930 1499.4
1280940 1500.7
1280950 1500.7
1280960 1503.6
1280970 1506.6
1280980 1506.6
1280990 1509.3
1281000 1511.0
1281010 1511.0
1281020 1511.4
1281030 1511.1
1281040 1511.1
1281050 1511.1
1281060 1510.6
1281070 1510.6
1281080 1509.3
1281090 1507.8
1281100 1505.8
1281110 1505.8
1281120 1503.6
1281130 1502.0
1281140 1502.0
1281150 1501.1
1281160 1502.1
1281170 1502.1
1281180 1503.9
1281190 1506.0
1281200 1506.0
1281210 1509.1
1281220 1512.3
1281230 1512.3
1281240 1514.9
1281250 1516.7
1281260 1516.7
1281270 1518.9
1281280 1520.6
1281290 1520.6
1281300 1521.4
1281310 1521.6
1281320 1521.6
1281330 1522.1
1281340 1522.5
1281350 1521.4
1281360 1521.4
1281370 1519.4
1281380 1519.5
1281390 1519.5
1281400 1523.5
1281410 1529.4
1281420 1529.4
1281430 1532.6
1281440 1533.3
1281450 1533.3
1281460 1534.1
1281470 1535.2
1281480 1535.2
1281490 1536.6
1281500 1538.1
1281510 1538.1
1281520 1540.9
1281530 1543.0
1281540 1548.3
1281550 1548.9
1281560 1550.4
1281570 1550.4
1281580 1551.6
1281590 1552.8
1281600 1553.8
1281610 1553.8
1281620 1554.5
1281630 1554.6
1281640 1554.6
1281650 1553.7
1281660 1553.2
1281670 1553.2
1281680 1552.9
1281690 1552.7
1281700 1552.7
1281710 1552.8
1281720 1553.4
1281730 1553.4
1281740 1553.8
1281750 1554.0
1281760 1554.0
1281770 1555.2
1281780 1559.0
1281790 1559.0
1281800 1563.0
1281810 1566.4
1281820 1566.4
1281830 1570.5
1281840 1573.9
1281850 1577.4
1281860 1577.4
1281870 1580.9
1281880 1583.9
1281890 1583.9
1281900 1586.1
1281910 1587.8
1281920 1587.8
1281930 1589.9
1281940 1592.3
1281950 1592.3
1281960 1594.9
1281970 1597.3
1281980 1597.3
1281990 1597.7
1282000 1598.2
1282010 1598.2
1282020 1601.6
1282030 1603.9
1282040 1603.9
1282050 1603.9
1282060 1605.3
1282070 1605.3
1282080 1607.3
1282090 1609.0
1282100 1610.1
1282110 1610.1
1282120 1610.8
1282130 1610.9
1282140 1610.9
1282150 1610.5
1282160 1611.3
1282170 1611.3
1282180 1609.1
1282190 1606.6
1282200 1606.6
1282210 1603.4
1282220 1601.5
1282230 1601.5
1282240 1600.3
1282250 1599.7
1282260 1599.7
1282270 1600.6
1282280 1602.4
1282290 1602.4
1282300 1603.5
1282310 1603.7
1282320 1603.7
1282330 1603.8
1282340 1604.7
1282350 1604.7
1282360 1606.0
1282370 1607.2
1282380 1610.5
1282390 1610.5
1282400 1611.7
1282410 1608.3
1282420 1608.3
1282430 1602.9
1282440 1599.1
1282450 1599.1
1282460 1597.0
1282470 1596.8
1282480 1596.8
1282490 1597.1
1282500 1595.3
1282510 1595.3
1282520 1591.6
1282530 1588.4
1282540 1588.4
1282550 1585.4
1282560 1583.6
1282570 1583.6
1282580 1583.4
1282590 1584.2
1282600 1584.2
1282610 1584.9
1282620 1584.6
1282630 1587.5
1282640 1587.5
1282650 1589.8
1282660 1590.1
1282670 1590.1
1282680 1588.1
1282690 1584.2
1282700 1584.2
1282710 1581.2
1282720 1581.4
1282730 1581.4
1282740 1583.0
1282750 1585.0
1282760 1585.0
1282770 1585.5
1282780 1585.3
1282790 1588.4
1282800 1588.9
1282810 1590.9
1282820 1590.9
1282830 1592.2
1282840 1593.6
1282850 1593.6
1282860 1596.1
1282870 1601.7
1282880 1609.4
1282890 1609.4
1282900 1616.3
1282910 1621.6
1282920 1621.6
1282930 1626.1
1282940 1629.4
1282950 1629.4
1282960 1632.3
1282970 1634.4
1282980 1634.4
1282990 1636.1
1283000 1638.0
1283010 1638.0
1283020 1639.9
1283030 1641.6
1283040 1641.6
1283050 1643.5
1283060 1644.6
1283070 1644.6
1283080 1645.7
1283090 1647.4
1283100 1647.4
1283110 1650.4
1283120 1655.0
1283130 1660.2
1283140 1660.2
1283150 1664.6
1283160 1668.1
1283170 1668.1
1283180 1671.3
1283190 1675.0
1283200 1675.0
1283210 1679.0
1283220 1683.0
1283230 1683.0
1283240 1686.1
1283250 1689.4
1283260 1689.4
1283270 1692.4
1283280 1693.7
1283290 1693.7
1283300 1695.2
1283310 1696.7
1283320 1696.7
1283330 1698.9
1283340 1701.2
1283350 1701.2
1283360 1703.8
1283370 1708.0
1283380 1711.6
1283390 1711.6
1283400 1713.5
1283410 1713.9
1283420 1716.9
1283430 1717.7
1283440 1718.2
1283450 1718.2
1283460 1719.7
1283470 1721.3
1283480 1721.3
1283490 1722.6
1283500 1723.4
1283510 1723.4
1283520 1723.8
1283530 1724.1
1283540 1724.1
1283550 1725.0
1283560 1726.2
1283570 1726.2
1283580 1727.0
1283590 1728.9
1283600 1728.9
1283610 1732.1
1283620 1734.2
1283630 1735.5
1283640 1735.5
1283650 1736.4
1283660 1738.2
1283670 1738.2
1283680 1740.1
1283690 1743.0
1283700 1743.0
1283710 1746.5
1283720 1748.3
1283730 1748.3
1283740 1749.2
1283750 1750.1
1283760 1750.1
1283770 1750.6
1283780 1751.5
1283790 1751.5
1283800 1751.3
1283810 1750.7
1283820 1750.7
1283830 1749.8
1283840 1750.3
1283850 1750.3
1283860 1751.3
1283870 1752.2
1283880 1752.6
1283890 1752.6
1283900 1753.7
1283910 1756.1
1283920 1756.1
1283930 1758.1
1283940 1759.5
1283950 1759.5
1283960 1762.2
1283970 1764.3
1283980 1764.3
1283990 1765.8
1284000 1767.1
1284010 1767.1
1284020 1767.4
1284030 1767.2
1284040 1767.2
1284050 1766.1
1284060 1766.8
1284070 1766.8
1284080 1765.1
1284090 1762.9
1284100 1762.9
1284110 1761.4
1284120 1761.3
1284130 1762.6
1284140 1762.6
1284150 1764.7
1284160 1764.5
1284170 1764.5
1284180 1762.1
1284190 1763.4
1284200 1763.4
1284210 1764.2
1284220 1763.1
1284230 1763.1
1284240 1764.3
1284250 1765.6
1284260 1765.6
1284270 1765.5
1284280 1765.4
1284290 1765.4
1284300 1765.0
1284310 1764.6
1284320 1764.6
1284330 1762.9
1284340 1761.3
1284350 1761.3
1284360 1759.0
1284370 1756.8
1284380 1756.8
1284390 1755.3
1284400 1756.2
1284410 1756.2
1284420 1756.2
1284430 1755.5
1284440 1754.3
1284450 1754.3
1284460 1752.5
1284470 1751.1
1284480 1751.1
1284490 1749.2
1284500 1745.3
1284510 1745.3
1284520 1741.5
1284530 1738.4
1284540 1738.4
1284550 1735.7
1284560 1733.1
1284570 1733.1
1284580 1730.8
1284590 1731.2
1284600 1731.2
1284610 1734.6
1284620 1728.6
1284630 1728.6
1284640 1717.4
1284650 1710.3
1284660 1705.8
1284670 1705.8
1284680 1703.6
1284690 1700.0
1284700 1700.0
1284710 1695.7
1284720 1693.1
1284730 1693.1
1284740 1690.3
1284750 1688.8
1284760 1688.8
1284770 1686.9
1284780 1685.0
1284790 1685.0
1284800 1682.4
1284810 1679.8
1284820 1679.8
1284830 1677.3
1284840 1674.8
1284850 1674.8
1284860 1672.1
1284870 1668.8
1284880 1668.8
1284890 1667.8
1284900 1666.4
1284910 1661.2
1284920 1661.2
1284930 1656.7
1284940 1652.0
1284950 1652.0
1284960 1647.8
1284970 1644.5
1284980 1644.5
1284990 1642.7
1285000 1641.8
1285010 1641.8
1285020 1637.9
1285030 1633.9
1285040 1633.9
1285050 1631.1
1285060 1628.7
1285070 1628.7
1285080 1625.0
1285090 1619.8
1285100 1619.8
1285110 1615.7
1285120 1613.0
1285130 1613.0
1285140 1610.2
1285150 1604.8
1285160 1597.9
1285170 1597.9
1285180 1593.1
1285190 1588.9
1285200 1588.9
1285210 1585.3
1285220 1581.8
1285230 1581.8
1285240 1576.8
1285250 1573.0
1285260 1573.0
1285270 1569.3
1285280 1564.9
1285290 1564.9
1285300 1559.0
1285310 1553.5
1285320 1553.5
1285330 1549.3
1285340 1542.5
1285350 1542.5
1285360 1535.6
1285370 1528.4
1285380 1528.4
1285390 1522.6
1285400 1519.5
1285410 1516.9
1285420 1516.9
1285430 1513.8
1285440 1511.1
1285450 1511.1
1285460 1510.4
1285470 1507.7
1285480 1507.7
1285490 1503.4
1285500 1498.1
1285510 1498.1
1285520 1491.5
1285530 1483.8
1285540 1483.8
1285550 1475.4
1285560 1468.6
1285570 1468.6
1285580 1464.2
1285590 1460.5
1285600 1460.5
1285610 1456.5
1285620 1451.8
1285630 1451.8
1285640 1446.7
1285650 1441.8
1285660 1436.7
1285670 1436.7
1285680 1432.7
1285690 1427.2
1285700 1427.2
1285710 1422.0
1285720 1416.9
1285730 1416.9
1285740 1411.8
1285750 1406.3
1285760 1406.3
1285770 1401.0
1285780 1396.0
1285790 1396.0
1285800 1389.7
1285810 1382.6
1285820 1382.6
1285830 1376.2
1285840 1370.7
1285850 1370.7
1285860 1365.9
1285870 1360.7
1285880 1360.7
1285890 1355.5
1285900 1351.1
1285910 1346.7
1285920 1346.7
1285930 1342.4
1285940 1338.7
1285950 1338.7
1285960 1334.8
1285970 1328.2
1285980 1328.2
1285990 1323.3
1286000 1318.1
1286010 1318.1
1286020 1312.3
1286030 1306.9
1286040 1306.9
1286050 1303.7
1286060 1300.0
1286070 1300.0
1286080 1294.3
1286090 1291.1
1286100 1291.1
1286110 1290.2
1286120 1289.2
1286130 1289.2
1286140 1288.0
1286150 1286.8
1286160 1285.4
1286170 1285.4
1286180 1283.8
1286190 1280.7
1286200 1280.7
1286210 1276.5
1286220 1276.9
1286230 1276.9
1286240 1279.1
1286250 1282.4
1286260 1282.4
1286270 1286.2
1286280 1289.4
1286290 1289.4
1286300 1293.2
1286310 1296.7
1286320 1296.7
1286330 1297.1
1286340 1297.4
1286350 1297.4
1286360 1299.9
1286370 1303.3
1286380 1303.3
1286390 1307.5
1286400 1311.8
1286410 1311.8
1286420 1315.4
1286430 1318.1
1286440 1320.9
1286450 1320.9
1286460 1323.9
1286470 1327.3
1286480 1327.3
1286490 1331.2
1286500 1335.0
1286510 1335.0
1286520 1338.5
1286530 1341.6
1286540 1341.6
1286550 1345.5
1286560 1350.5
1286570 1350.5
1286580 1353.5
1286590 1356.6
1286600 1356.6
1286610 1364.0
1286620 1368.0
1286630 1368.0
1286640 1369.9
1286650 1368.2
1286660 1368.2
1286670 1370.7
1286680 1377.1
1286690 1383.8
1286700 1383.8
1286710 1391.3
1286720 1398.9
1286730 1398.9
1286740 1405.2
1286750 1410.3
1286760 1410.3
1286770 1415.7
1286780 1420.4
1286790 1420.4
1286800 1424.3
1286810 1426.3
1286820 1426.3
1286830 1429.7
1286840 1432.5
1286850 1432.5
1286860 1435.2
1286870 1438.0
1286880 1438.0
1286890 1438.8
1286900 1438.6
1286910 1438.6
1286920 1440.4
1286930 1441.3
1286940 1441.1
1286950 1441.1
1286960 1440.3
1286970 1441.6
1286980 1441.6
1286990 1444.5
1287000 1450.4
1287010 1450.4
1287020 1456.9
1287030 1462.7
1287040 1462.7
1287050 1469.6
1287060 1474.0
1287070 1474.0
1287080 1476.4
1287090 1479.3
1287100 1479.3
1287110 1480.4
1287120 1481.6
1287130 1481.6
1287140 1482.9
1287150 1484.3
1287160 1484.3
1287170 1486.4
1287180 1489.3
1287190 1492.5
1287200 1492.5
1287210 1495.2
1287220 1498.4
1287230 1498.4
1287240 1502.5
1287250 1507.2
1287260 1511.6
1287270 1516.7
1287280 1521.9
1287290 1521.9
1287300 1526.4
1287310 1530.6
1287320 1530.6
1287330 1534.6
1287340 1538.1
1287350 1538.1
1287360 1541.2
1287370 1544.2
1287380 1544.2
1287390 1547.3
1287400 1550.3
1287410 1550.3
1287420 1554.0
1287430 1558.1
1287440 1561.1
1287450 1561.1
1287460 1563.3
1287470 1566.3
1287480 1566.3
1287490 1570.3
1287500 1574.4
1287510 1574.4
1287520 1578.6
1287530 1582.6
1287540 1582.6
1287550 1586.3
1287560 1589.9
1287570 1589.9
1287580 1593.5
1287590 1597.4
1287600 1597.4
1287610 1600.6
1287620 1603.6
1287630 1603.6
1287640 1607.5
1287650 1610.8
1287660 1610.8
1287670 1615.4
1287680 1620.0
1287690 1624.9
1287700 1624.9
1287710 1629.8
1287720 1634.9
1287730 1634.9
1287740 1639.5
1287750 1643.8
1287760 1643.8
1287770 1648.4
1287780 1652.7
1287790 1652.7
1287800 1658.0
1287810 1663.2
1287820 1663.2
1287830 1667.1
1287840 1670.1
1287850 1670.1
1287860 1673.7
1287870 1678.2
1287880 1678.2
1287890 1682.9
1287900 1686.5
1287910 1686.5
1287920 1690.5
1287930 1694.8
1287940 1699.2
1287950 1699.2
1287960 1702.7
1287970 1704.9
1287980 1704.9
1287990 1706.7
1288000 1709.6
1288010 1709.6
1288020 1714.0
1288030 1719.3
1288040 1719.3
1288050 1723.6
1288060 1726.7
1288070 1726.7
1288080 1729.5
1288090 1732.2
1288100 1732.2
1288110 1733.8
1288120 1735.9
1288130 1735.9
1288140 1738.5
1288150 1740.9
1288160 1740.9
1288170 1743.3
1288180 1745.6
1288190 1747.2
1288200 1747.2
1288210 1748.3
1288220 1748.8
1288230 1748.8
1288240 1750.2
1288250 1751.5
1288260 1751.5
1288270 1752.6
1288280 1753.9
1288290 1753.9
1288300 1755.9
1288310 1759.6
1288320 1759.6
1288330 1764.7
1288340 1770.6
1288350 1770.6
1288360 1776.5
1288370 1780.4
1288380 1780.4
1288390 1783.8
1288400 1788.0
1288410 1788.0
1288420 1794.1
1288430 1802.2
1288440 1809.6
1288450 1809.6
1288460 1813.5
1288470 1816.2
1288480 1816.2
1288490 1817.7
1288500 1819.1
1288510 1819.1
1288520 1820.7
1288530 1821.3
1288540 1821.3
1288550 1822.4
1288560 1822.9
1288570 1822.9
1288580 1823.8
1288590 1826.2
1288600 1826.2
1288610 1829.7
1288620 1835.6
1288630 1835.6
1288640 1841.8
1288650 1846.6
1288660 1846.6
1288670 1850.8
1288680 1854.0
1288690 1854.0
1288700 1856.5
1288710 1857.9
1288720 1859.7
1288730 1859.7
1288740 1861.5
1288750 1863.1
1288760 1863.1
1288770 1864.9
1288780 1868.1
1288790 1868.1
1288800 1871.6
1288810 1875.6
1288820 1875.6
1288830 1880.3
1288840 1884.8
1288850 1884.8
1288860 1889.2
1288870 1894.4
1288880 1894.4
1288890 1898.6
1288900 1903.0
1288910 1903.0
1288920 1907.5
1288930 1911.2
1288940 1911.2
1288950 1912.1
1288960 1913.0
1288970 1917.0
1288980 1917.0
1288990 1921.4
1289000 1924.3
1289010 1924.3
1289020 1926.4
1289030 1928.4
1289040 1928.4
1289050 1931.4
1289060 1935.1
1289070 1935.1
1289080 1937.0
1289090 1939.8
1289100 1939.8
1289110 1944.2
1289120 1946.3
1289130 1946.3
1289140 1948.7
1289150 1950.4
1289160 1950.4
1289170 1952.0
1289180 1954.0
1289190 1954.0
1289200 1958.2
1289210 1960.9
1289220 1964.0
1289230 1964.0
1289240 1967.1
1289250 1970.3
1289260 1970.3
1289270 1973.5
1289280 1976.5
1289290 1976.5
1289300 1979.5
1289310 1982.2
1289320 1982.2
1289330 1984.4
1289340 1987.5
1289350 1987.5
1289360 1991.2
1289370 1995.0
1289380 1995.0
1289390 1999.0
1289400 2003.1
1289410 2003.1
1289420 2007.7
1289430 2012.3
1289440 2012.3
1289450 2017.1
1289460 2022.2
1289470 2026.5
1289480 2026.5
1289490 2030.1
1289500 2033.3
1289510 2033.3
1289520 2036.8
1289530 2040.5
1289540 2040.5
1289550 2044.0
1289560 2047.1
1289570 2047.1
1289580 2050.2
1289590 2053.6
1289600 2053.6
1289610 2057.2
1289620 2060.6
1289630 2060.6
1289640 2061.4
1289650 2063.2
1289660 2063.2
1289670 2064.7
1289680 2064.5
1289690 2064.5
1289700 2063.1
1289710 2060.8
1289720 2061.2
1289730 2061.2
1289740 2062.8
1289750 2063.5
1289760 2063.5
1289770 2065.0
1289780 2068.1
1289790 2068.1
1289800 2070.7
1289810 2073.7
1289820 2073.7
1289830 2076.0
1289840 2077.8
1289850 2077.8
1289860 2079.7
1289870 2080.6
1289880 2080.6
1289890 2082.1
1289900 2084.3
1289910 2084.3
1289920 2087.5
1289930 2091.6
1289940 2091.6
1289950 2095.6
1289960 2099.3
1289970 2103.1
1289980 2103.1
1289990 2105.9
1290000 2108.4
1290010 2108.4
1290020 2112.4
1290030 2118.8
1290040 2118.8
1290050 2122.6
1290060 2126.1
1290070 2126.1
1290080 2129.1
1290090 2130.9
1290100 2130.9
1290110 2134.4
1290120 2139.7
1290130 2139.7
1290140 2144.3
1290150 2149.1
1290160 2149.1
1290170 2153.8
1290180 2157.1
1290190 2157.1
1290200 2160.8
1290210 2165.7
1290220 2170.2
1290230 2170.2
1290240 2174.0
1290250 2177.2
1290260 2177.2
1290270 2181.4
1290280 2185.0
1290290 2185.0
1290300 2190.8
1290310 2195.3
1290320 2195.3
1290330 2198.3
1290340 2199.7
1290350 2199.7
1290360 2203.2
1290370 2207.2
1290380 2207.2
1290390 2211.0
1290400 2216.6
1290410 2216.6
1290420 2223.1
1290430 2231.0
1290440 2231.0
1290450 2237.3
1290460 2243.4
1290470 2243.6
1290480 2243.6
1290490 2241.3
1290500 2235.1
1290510 2241.0
1290520 2230.0
1290530 2224.5
1290540 2224.5
1290550 2213.2
1290560 2202.3
1290570 2202.3
1290580 2192.4
1290590 2184.4
1290600 2184.4
1290610 2174.8
1290620 2166.7
1290630 2166.7
1290640 2158.7
1290650 2150.5
1290660 2150.5
1290670 2142.7
1290680 2132.9
1290690 2132.9
1290700 2120.4
1290710 2111.0
1290720 2105.5
1290730 2105.5
1290740 2100.0
1290750 2093.2
1290760 2093.2
1290770 2085.3
1290780 2076.5
1290790 2076.5
1290800 2068.2
1290810 2060.5
1290820 2060.5
1290830 2052.7
1290840 2044.4
1290850 2044.4
1290860 2033.8
1290870 2023.9
1290880 2023.9
1290890 2013.6
1290900 2003.5
1290910 2003.5
1290920 1995.0
1290930 1988.2
1290940 1988.2
1290950 1982.7
1290960 1976.7
1290970 1976.7
1290980 1969.9
1290990 1962.6
1291000 1956.0
1291010 1956.0
1291020 1951.0
1291030 1946.4
1291040 1946.4
1291050 1941.6
1291060 1933.0
1291070 1933.0
1291080 1922.9
1291090 1910.7
1291100 1910.7
1291110 1898.4
1291120 1887.4
1291130 1887.4
1291140 1877.7
1291150 1869.8
1291160 1869.8
1291170 1862.9
1291180 1855.4
1291190 1855.4
1291200 1851.5
1291210 1849.2
1291220 1849.2
1291230 1847.0
1291240 1844.0
1291250 1840.1
1291260 1840.1
1291270 1835.0
1291280 1830.0
1291290 1830.0
1291300 1825.6
1291310 1820.9
1291320 1820.9
1291330 1815.5
1291340 1809.6
1291350 1809.6
1291360 1803.7
1291370 1797.0
1291380 1797.0
1291390 1790.3
1291400 1783.1
1291410 1783.1
1291420 1776.7
1291430 1770.6
1291440 1770.6
1291450 1764.5
1291460 1757.1
1291470 1757.1
1291480 1750.8
1291490 1746.4
1291500 1742.9
1291510 1742.9
1291520 1740.1
1291530 1737.7
1291540 1737.7
1291550 1735.0
1291560 1731.9
1291570 1731.9
1291580 1727.6
1291590 1723.2
1291600 1723.2
1291610 1718.9
1291620 1714.2
1291630 1714.2
1291640 1709.7
1291650 1705.0
1291660 1705.0
1291670 1700.5
1291680 1693.4
1291690 1693.4
1291700 1685.9
1291710 1677.1
1291720 1677.1
1291730 1671.2
1291740 1663.8
1291750 1657.4
1291760 1657.4
1291770 1652.1
1291780 1645.2
1291790 1645.2
1291800 1637.3
1291810 1631.2
1291820 1631.2
1291830 1624.0
1291840 1621.4
1291850 1621.4
1291860 1620.0
1291870 1617.4
1291880 1617.4
1291890 1615.1
1291900 1611.2
1291910 1611.2
1291920 1604.7
1291930 1599.1
1291940 1599.1
1291950 1593.9
1291960 1587.9
1291970 1587.9
1291980 1580.9
1291990 1574.8
1292000 1568.4
1292010 1568.4
1292020 1561.9
1292030 1556.0
1292040 1556.0
1292050 1548.1
1292060 1540.3
1292070 1540.3
1292080 1532.4
1292090 1523.6
1292100 1523.6
1292110 1516.2
1292120 1511.0
1292130 1511.0
1292140 1505.7
1292150 1499.0
1292160 1499.0
1292170 1493.5
1292180 1487.8
1292190 1487.8
1292200 1482.9
1292210 1478.9
1292220 1478.9
1292230 1474.3
1292240 1469.8
1292250 1465.1
1292260 1465.1
1292270 1459.5
1292280 1453.3
1292290 1453.3
1292300 1447.4
1292310 1441.4
1292320 1441.4
1292330 1436.3
1292340 1432.0
1292350 1432.0
1292360 1427.7
1292370 1425.1
1292380 1425.1
1292390 1422.3
1292400 1418.6
1292410 1418.6
1292420 1415.7
1292430 1413.0
1292440 1413.0
1292450 1408.7
1292460 1405.4
1292470 1405.4
1292480 1401.0
1292490 1395.9
1292500 1393.6
1292510 1393.6
1292520 1390.5
1292530 1386.9
1292540 1386.9
1292550 1381.7
1292560 1377.0
1292570 1377.0
1292580 1372.9
1292590 1369.4
1292600 1369.4
1292610 1366.1
1292620 1362.2
1292630 1362.2
1292640 1358.3
1292650 1353.6
1292660 1353.6
1292670 1347.0
1292680 1339.6
1292690 1339.6
1292700 1334.0
1292710 1329.8
1292720 1329.8
1292730 1325.4
1292740 1322.0
1292750 1316.0
1292760 1316.0
1292770 1310.1
1292780 1304.5
1292790 1304.5
1292800 1298.1
1292810 1291.3
1292820 1291.3
1292830 1283.8
1292840 1277.0
1292850 1277.0
1292860 1270.6
1292870 1264.3
1292880 1264.3
1292890 1258.5
1292900 1254.1
1292910 1254.1
1292920 1249.0
1292930 1248.8
1292940 1248.8
1292950 1253.1
1292960 1259.8
1292970 1259.8
1292980 1265.7
1292990 1269.3
1293000 1274.0
1293010 1274.0
1293020 1278.0
1293030 1281.7
1293040 1281.7
1293050 1285.4
1293060 1289.6
1293070 1289.6
1293080 1293.3
1293090 1296.4
1293100 1296.4
1293110 1299.7
1293120 1303.9
1293130 1303.9
1293140 1307.3
1293150 1310.7
1293160 1310.7
1293170 1314.4
1293180 1317.6
1293190 1317.6
1293200 1320.5
1293210 1323.5
1293220 1323.5
1293230 1326.9
1293240 1331.6
1293250 1331.6
1293260 1335.5
1293270 1338.4
1293280 1340.8
1293290 1340.8
1293300 1344.4
1293310 1347.8
1293320 1347.8
1293330 1351.3
1293340 1354.7
1293350 1354.7
1293360 1357.9
1293370 1360.5
1293380 1360.5
1293390 1363.7
1293400 1367.1
1293410 1367.1
1293420 1370.4
1293430 1374.3
1293440 1374.3
1293450 1378.9
1293460 1384.7
1293470 1384.7
1293480 1391.0
1293490 1394.6
1293500 1394.6
1293510 1399.1
1293520 1403.5
1293530 1407.0
1293540 1407.0
1293550 1410.2
1293560 1412.9
1293570 1412.9
1293580 1415.6
1293590 1418.4
1293600 1418.4
1293610 1421.2
1293620 1425.0
1293630 1425.0
1293640 1429.7
1293650 1434.4
1293660 1434.4
1293670 1438.1
1293680 1441.6
1293690 1441.6
1293700 1446.2
1293710 1451.1
1293720 1451.1
1293730 1455.3
1293740 1459.4
1293750 1459.4
1293760 1462.7
1293770 1466.7
1293780 1469.9
1293790 1469.9
1293800 1473.2
1293810 1476.8
1293820 1478.8
1293830 1483.6
1293840 1487.1
1293850 1487.1
1293860 1492.0
1293870 1497.7
1293880 1497.7
1293890 1503.5
1293900 1508.8
1293910 1508.8
1293920 1513.5
1293930 1518.6
1293940 1518.6
1293950 1523.3
1293960 1527.4
1293970 1527.4
1293980 1531.5
1293990 1535.1
1294000 1535.1
1294010 1538.4
1294020 1542.9
1294030 1547.4
1294040 1547.4
1294050 1552.1
1294060 1557.1
1294070 1557.1
1294080 1561.2
1294090 1565.9
1294100 1565.9
1294110 1569.5
1294120 1572.9
1294130 1572.9
1294140 1577.1
1294150 1582.1
1294160 1582.1
1294170 1589.5
1294180 1594.4
1294190 1594.4
1294200 1598.3
1294210 1601.9
1294220 1601.9
1294230 1604.5
1294240 1606.3
1294250 1606.3
1294260 1608.6
1294270 1611.9
1294280 1615.6
1294290 1615.6
1294300 1618.8
1294310 1621.4
1294320 1621.4
1294330 1623.7
1294340 1625.9
1294350 1625.9
1294360 1628.5
1294370 1631.1
1294380 1631.1
1294390 1633.6
1294400 1635.9
1294410 1635.9
1294420 1638.7
1294430 1641.3
1294440 1641.3
1294450 1643.5
1294460 1646.1
1294470 1646.1
1294480 1649.2
1294490 1656.3
1294500 1656.3
1294510 1660.5
1294520 1663.0
1294530 1665.5
1294540 1665.5
1294550 1669.3
1294560 1673.3
1294570 1673.3
1294580 1677.3
1294590 1682.2
1294600 1682.2
1294610 1687.8
1294620 1693.2
1294630 1693.2
1294640 1697.8
1294650 1701.5
1294660 1701.5
1294670 1705.4
1294680 1709.9
1294690 1709.9
1294700 1713.1
1294710 1716.7
1294720 1716.7
1294730 1722.1
1294740 1726.0
1294750 1726.0
1294760 1728.5
1294770 1729.9
1294780 1731.2
1294790 1731.2
1294800 1732.9
1294810 1735.4
1294820 1735.4
1294830 1738.8
1294840 1743.6
1294850 1743.6
1294860 1748.3
1294870 1750.8
1294880 1750.8
1294890 1754.4
1294900 1760.2
1294910 1760.2
1294920 1766.2
1294930 1771.3
1294940 1771.3
1294950 1773.7
1294960 1775.9
1294970 1775.9
1294980 1781.6
1294990 1785.9
1295000 1785.9
1295010 1791.2
1295020 1796.3
1295030 1799.3
1295040 1799.3
1295050 1798.3
1295060 1800.4
1295070 1800.4
1295080 1803.4
1295090 1806.1
1295100 1806.1
1295110 1808.2
1295120 1811.4
1295130 1811.4
1295140 1815.1
1295150 1818.9
1295160 1820.8
1295170 1825.6
1295180 1830.1
1295190 1830.1
1295200 1834.3
1295210 1838.7
1295220 1838.7
1295230 1842.9
1295240 1846.6
1295250 1846.6
1295260 1852.1
1295270 1859.3
1295280 1869.3
1295290 1869.3
1295300 1878.7
1295310 1886.6
1295320 1886.6
1295330 1894.1
1295340 1901.6
1295350 1901.6
1295360 1906.1
1295370 1911.7
1295380 1911.7
1295390 1921.1
1295400 1929.2
1295410 1929.2
1295420 1934.5
1295430 1938.3
1295440 1938.3
1295450 1939.5
1295460 1940.1
1295470 1940.1
1295480 1942.2
1295490 1942.3
1295500 1942.3
1295510 1943.4
1295520 1945.4
1295530 1945.4
1295540 1946.9
1295550 1948.0
1295560 1948.8
1295570 1948.8
1295580 1949.6
1295590 1952.7
1295600 1952.7
1295610 1956.9
1295620 1961.7
1295630 1961.7
1295640 1967.1
1295650 1971.1
1295660 1971.1
1295670 1974.1
1295680 1976.5
1295690 1976.5
1295700 1980.2
1295710 1984.9
1295720 1984.9
1295730 1988.5
1295740 1991.5
1295750 1991.5
1295760 1993.5
1295770 1995.6
1295780 1995.6
1295790 1998.7
1295800 2002.0
1295810 2005.0
1295820 2005.0
1295830 2011.0
1295840 2014.3
1295850 2014.3
1295860 2018.6
1295870 2023.1
1295880 2023.1
1295890 2027.1
1295900 2030.3
1295910 2030.3
1295920 2032.7
1295930 2035.9
1295940 2035.9
1295950 2039.5
1295960 2042.3
1295970 2042.3
1295980 2043.5
1295990 2043.0
1296000 2043.0
1296010 2043.7
1296020 2044.9
1296030 2044.9
1296040 2047.0
1296050 2050.0
1296060 2054.6
1296070 2054.6
1296080 2059.5
1296090 2063.2
1296100 2063.2
1296110 2065.5
1296120 2067.3
1296130 2067.3
1296140 2071.1
1296150 2076.5
1296160 2076.5
1296170 2081.9
1296180 2085.8
1296190 2085.8
1296200 2089.2
1296210 2091.6
1296220 2091.6
1296230 2094.0
1296240 2098.2
1296250 2098.2
1296260 2103.0
1296270 2107.7
1296280 2107.7
1296290 2112.2
1296300 2117.8
1296310 2124.6
1296320 2124.6
1296330 2130.8
1296340 2137.8
1296350 2137.8
1296360 2144.7
1296370 2152.1
1296380 2152.1
1296390 2158.7
1296400 2166.3
1296410 2166.3
1296420 2174.0
1296430 2181.7
1296440 2181.7
1296450 2189.1
1296460 2196.6
1296470 2196.6
1296480 2203.9
1296490 2210.2
1296500 2210.2
1296510 2216.3
1296520 2224.0
1296530 2224.0
1296540 2232.3
1296550 2242.3
1296560 2253.1
1296570 2253.1
1296580 2261.3
1296590 2268.5
1296600 2268.5
1296610 2273.7
1296620 2280.3
1296630 2280.3
1296640 2284.0
1296650 2285.0
1296660 2285.0
1296670 2288.9
1296680 2294.5
1296690 2294.5
1296700 2300.9
1296710 2309.1
1296720 2309.1
1296730 2317.2
1296740 2322.2
1296750 2322.2
1296760 2328.5
1296770 2336.4
1296780 2336.4
1296790 2341.6
1296800 2344.7
1296810 2348.0
1296820 2348.0
1296830 2349.9
1296840 2353.0
1296850 2353.0
1296860 2357.2
1296870 2359.7
1296880 2359.7
1296890 2361.7
1296900 2364.3
1296910 2364.3
1296920 2365.7
1296930 2362.9
1296940 2362.9
1296950 2357.1
1296960 2350.3
1296970 2350.3
1296980 2345.7
1296990 2343.5
1297000 2343.5
1297010 2342.7
1297020 2333.6
1297030 2333.6
1297040 2317.9
1297050 2299.9
1297060 2281.6
1297070 2281.6
1297080 2264.5
1297090 2250.4
1297100 2250.4
1297110 2237.7
1297120 2224.5
1297130 2224.5
1297140 2210.7
1297150 2196.7
1297160 2196.7
1297170 2187.3
1297180 2183.8
1297190 2183.8
1297200 2178.1
1297210 2172.3
1297220 2172.3
1297230 2166.9
1297240 2162.1
1297250 2162.1
1297260 2155.0
1297270 2140.6
1297280 2140.6
1297290 2134.6
1297300 2133.1
1297310 2130.5
1297320 2130.5
1297330 2126.1
1297340 2121.7
1297350 2121.7
1297360 2117.8
1297370 2113.8
1297380 2113.8
1297390 2109.2
1297400 2103.8
1297410 2103.8
1297420 2097.5
1297430 2092.4
1297440 2092.4
1297450 2087.5
1297460 2081.7
1297470 2081.7
1297480 2075.8
1297490 2069.4
1297500 2069.4
1297510 2062.7
1297520 2056.3
1297530 2056.3
1297540 2050.3
1297550 2044.8
1297560 2041.0
1297570 2041.0
1297580 2037.0
1297590 2032.0
1297600 2032.0
1297610 2026.8
1297620 2021.5
1297630 2021.5
1297640 2015.9
1297650 2010.0
1297660 2010.0
1297670 2004.2
1297680 1998.2
1297690 1998.2
1297700 1992.3
1297710 1986.2
1297720 1986.2
1297730 1979.9
1297740 1974.5
1297750 1974.5
1297760 1971.2
1297770 1967.3
1297780 1967.3
1297790 1962.0
1297800 1957.3
1297810 1952.6
1297820 1952.6
1297830 1946.9
1297840 1941.5
1297850 1941.5
1297860 1939.4
1297870 1933.8
1297880 1933.8
1297890 1928.8
1297900 1924.9
1297910 1924.9
1297920 1921.7
1297930 1917.1
1297940 1917.1
1297950 1912.0
1297960 1908.5
1297970 1908.5
1297980 1902.6
1297990 1896.3
1298000 1896.3
1298010 1892.0
1298020 1887.9
1298030 1887.9
1298040 1884.0
1298050 1879.8
1298060 1879.8
1298070 1877.5
1298080 1874.3
1298090 1870.3
1298100 1870.3
1298110 1867.8
1298120 1864.3
1298130 1864.3
1298140 1861.4
1298150 1857.9
1298160 1857.9
1298170 1854.8
1298180 1849.6
1298190 1849.6
1298200 1843.7
1298210 1841.7
1298220 1841.7
1298230 1839.9
1298240 1835.8
1298250 1835.8
1298260 1831.7
1298270 1829.2
1298280 1829.2
1298290 1830.3
1298300 1830.1
1298310 1830.1
1298320 1829.0
1298330 1828.3
1298340 1827.9
1298350 1827.9
1298360 1829.2
1298370 1831.1
1298380 1831.1
1298390 1836.0
1298400 1840.4
1298410 1840.4
1298420 1843.1
1298430 1845.6
1298440 1845.6
1298450 1849.2
1298460 1851.1
1298470 1851.1
1298480 1852.3
1298490 1855.1
1298500 1855.1
1298510 1858.0
1298520 1858.8
1298530 1858.8
1298540 1864.2
1298550 1865.9
1298560 1865.9
1298570 1868.2
1298580 1870.3
1298590 1871.8
1298600 1871.8
1298610 1876.1
1298620 1882.0
1298630 1882.0
1298640 1885.8
1298650 1888.7
1298660 1888.7
1298670 1893.8
1298680 1901.4
1298690 1901.4
1298700 1909.7
1298710 1916.3
1298720 1916.3
1298730 1922.4
1298740 1928.8
1298750 1928.8
1298760 1933.4
1298770 1938.4
1298780 1938.4
1298790 1942.9
1298800 1945.7
1298810 1945.7
1298820 1949.5
1298830 1953.4
1298840 1956.9
1298850 1956.9
1298860 1961.2
1298870 1965.8
1298880 1965.8
1298890 1970.1
1298900 1973.8
1298910 1973.8
1298920 1976.4
1298930 1977.7
1298940 1977.7
1298950 1979.9
1298960 1984.4
1298970 1984.4
1298980 1989.7
1298990 1995.1
1299000 1995.1
1299010 1999.1
1299020 2003.1
1299030 2003.1
1299040 2006.7
1299050 2010.8
1299060 2010.8
1299070 2014.0
1299080 2016.6
1299090 2020.9
1299100 2020.9
1299110 2025.9
1299120 2027.9
1299130 2027.9
1299140 2028.8
1299150 2030.4
1299160 2030.4
1299170 2033.2
1299180 2035.9
1299190 2035.9
1299200 2038.0
1299210 2040.1
1299220 2040.1
1299230 2047.1
1299240 2048.9
1299250 2048.9
1299260 2050.4
1299270 2051.7
1299280 2051.7
1299290 2052.2
1299300 2055.4
1299310 2055.4
1299320 2057.5
1299330 2059.1
1299340 2063.1
1299350 2063.1
1299360 2066.7
1299370 2069.8
1299380 2069.8
1299390 2072.4
1299400 2076.8
1299410 2076.8
1299420 2079.9
1299430 2084.3
1299440 2084.3
1299450 2088.0
1299460 2091.9
1299470 2091.9
1299480 2096.7
1299490 2101.2
1299500 2101.2
1299510 2105.3
1299520 2109.5
1299530 2109.5
1299540 2114.1
1299550 2115.8
1299560 2115.8
1299570 2117.6
1299580 2119.9
1299590 2123.0
1299600 2123.0
1299610 2125.5
1299620 2135.7
1299630 2135.7
1299640 2150.5
1299650 2162.7
1299660 2162.7
1299670 2176.0
1299680 2188.6
1299690 2188.6
1299700 2198.1
1299710 2199.6
1299720 2199.6
1299730 2194.7
1299740 2189.1
1299750 2189.1
1299760 2183.3
1299770 2176.9
1299780 2176.9
1299790 2170.7
1299800 2163.8
1299810 2163.8
1299820 2158.0
1299830 2152.3
1299840 2145.0
1299850 2145.0
1299860 2137.2
1299870 2131.1
1299880 2131.1
1299890 2125.6
1299900 2120.6
1299910 2120.6
1299920 2114.6
1299930 2109.6
1299940 2109.6
1299950 2105.3
1299960 2100.6
1299970 2100.6
1299980 2095.6
1299990 2092.2
