1280000 1308.5
1280010 1308.0
1280020 1308.8
1280030 1308.8
1280040 1309.5
1280050 1309.0
1280060 1309.0
1280070 1307.7
1280080 1305.1
1280090 1301.6
1280100 1301.6
1280110 1298.5
1280120 1297.1
1280130 1297.1
1280140 1296.1
1280150 1301.1
1280160 1301.1
1280170 1298.5
1280180 1297.5
1280190 1297.5
1280200 1296.5
1280210 1295.2
1280220 1295.2
1280230 1293.7
1280240 1293.0
1280250 1293.0
1280260 1293.8
1280270 1296.4
1280280 1296.4
1280290 1299.9
1280300 1303.0
1280310 1303.0
1280320 1305.3
1280330 1308.0
1280340 1311.6
1280350 1311.6
1280360 1315.6
1280370 1320.2
1280380 1320.2
1280390 1325.5
1280400 1330.7
1280410 1330.7
1280420 1336.3
1280430 1342.0
1280440 1342.0
1280450 1347.9
1280460 1353.5
1280470 1353.5
1280480 1356.1
1280490 1355.8
1280500 1355.8
1280510 1356.5
1280520 1359.7
1280530 1359.7
1280540 1362.1
1280550 1364.7
1280560 1364.7
1280570 1366.4
1280580 1367.5
1280590 1370.6
1280600 1370.6
1280610 1375.3
1280620 1380.4
1280630 1380.4
1280640 1384.6
1280650 1387.9
1280660 1387.9
1280670 1390.4
1280680 1392.2
1280690 1392.2
1280700 1392.9
1280710 1392.8
1280720 1392.8
1280730 1393.1
1280740 1392.9
1280750 1392.9
1280760 1393.1
1280770 1393.6
1280780 1396.6
1280790 1396.8
1280800 1396.2
1280810 1396.2
1280820 1394.9
1280830 1394.1
1280840 1394.7
1280850 1394.7
1280860 1395.8
1280870 1396.3
1280880 1396.3
1280890 1395.7
1280900 1394.5
1280910 1394.5
1280920 1393.8
1280930 1393.6
1280940 1393.6
1280950 1393.1
1280960 1392.7
1280970 1392.7
1280980 1392.3
1280990 1391.6
1281000 1391.6
1281010 1390.6
1281020 1389.1
1281030 1389.1
1281040 1387.0
1281050 1387.2
1281060 1387.2
1281070 1387.0
1281080 1385.3
1281090 1385.3
1281100 1382.3
1281110 1380.9
1281120 1379.9
1281130 1379.9
1281140 1380.4
1281150 1381.7
1281160 1381.7
1281170 1384.7
1281180 1388.7
1281190 1388.7
1281200 1393.3
1281210 1397.2
1281220 1397.2
1281230 1400.7
1281240 1404.3
1281250 1404.3
1281260 1408.8
1281270 1413.3
1281280 1413.3
1281290 1417.5
1281300 1421.7
1281310 1421.7
1281320 1426.3
1281330 1429.6
1281340 1429.6
1281350 1432.6
1281360 1435.6
1281370 1438.9
1281380 1438.9
1281390 1441.9
1281400 1447.2
1281410 1447.2
1281420 1450.1
1281430 1453.4
1281440 1453.4
1281450 1456.9
1281460 1459.7
1281470 1459.7
1281480 1461.2
1281490 1462.2
1281500 1462.2
1281510 1463.0
1281520 1463.6
1281530 1463.6
1281540 1464.7
1281550 1467.1
1281560 1467.1
1281570 1470.5
1281580 1472.7
1281590 1472.7
1281600 1474.4
1281610 1475.1
1281620 1476.0
1281630 1476.0
1281640 1477.6
1281650 1479.6
1281660 1479.6
1281670 1481.2
1281680 1482.5
1281690 1482.5
1281700 1483.8
1281710 1484.7
1281720 1484.7
1281730 1485.0
1281740 1485.3
1281750 1485.3
1281760 1484.7
1281770 1483.7
1281780 1483.7
1281790 1482.7
1281800 1481.8
1281810 1481.8
1281820 1480.8
1281830 1478.9
1281840 1478.9
1281850 1476.9
1281860 1476.1
1281870 1475.6
1281880 1475.6
1281890 1475.0
1281900 1474.6
1281910 1474.6
1281920 1475.1
1281930 1475.3
1281940 1475.3
1281950 1476.8
1281960 1481.3
1281970 1481.3
1281980 1486.8
1281990 1490.1
1282000 1490.1
1282010 1494.7
1282020 1498.8
1282030 1504.6
1282040 1507.1
1282050 1509.7
1282060 1509.7
1282070 1514.2
1282080 1517.5
1282090 1517.5
1282100 1518.7
1282110 1519.1
1282120 1519.9
1282130 1519.9
1282140 1520.9
1282150 1522.2
1282160 1522.2
1282170 1524.0
1282180 1525.4
1282190 1525.4
1282200 1526.6
1282210 1528.4
1282220 1528.4
1282230 1530.3
1282240 1532.7
1282250 1532.7
1282260 1534.7
1282270 1537.2
1282280 1537.2
1282290 1539.6
1282300 1541.8
1282310 1541.8
1282320 1542.7
1282330 1543.1
1282340 1543.1
1282350 1543.0
1282360 1542.4
1282370 1541.5
1282380 1541.5
1282390 1540.0
1282400 1537.1
1282410 1537.1
1282420 1533.4
1282430 1530.4
1282440 1530.4
1282450 1527.2
1282460 1524.0
1282470 1524.0
1282480 1521.5
1282490 1520.5
1282500 1520.5
1282510 1521.6
1282520 1525.5
1282530 1525.5
1282540 1530.3
1282550 1533.0
1282560 1533.0
1282570 1533.0
1282580 1534.0
1282590 1534.0
1282600 1535.7
1282610 1537.2
1282620 1537.4
1282630 1537.4
1282640 1536.7
1282650 1536.5
1282660 1539.0
1282670 1539.1
1282680 1536.9
1282690 1536.9
1282700 1531.9
1282710 1529.7
1282720 1529.7
1282730 1530.8
1282740 1533.2
1282750 1533.2
1282760 1533.0
1282770 1530.9
1282780 1530.9
1282790 1534.1
1282800 1538.7
1282810 1538.7
1282820 1541.0
1282830 1542.1
1282840 1542.1
1282850 1542.1
1282860 1540.0
1282870 1540.0
1282880 1537.7
1282890 1535.6
1282900 1535.8
1282910 1535.8
1282920 1536.2
1282930 1536.4
1282940 1536.4
1282950 1537.7
1282960 1540.4
1282970 1540.4
1282980 1544.0
1282990 1549.0
1283000 1549.0
1283010 1554.4
1283020 1560.8
1283030 1560.8
1283040 1565.9
1283050 1569.5
1283060 1569.5
1283070 1572.3
1283080 1574.6
1283090 1574.6
1283100 1576.5
1283110 1579.0
1283120 1579.0
1283130 1581.0
1283140 1582.8
1283150 1585.2
1283160 1585.2
1283170 1587.7
1283180 1590.3
1283190 1590.3
1283200 1593.3
1283210 1595.9
1283220 1595.9
1283230 1599.0
1283240 1601.7
1283250 1601.7
1283260 1604.6
1283270 1608.1
1283280 1608.1
1283290 1613.5
1283300 1614.7
1283310 1614.7
1283320 1616.4
1283330 1616.9
1283340 1616.9
1283350 1617.1
1283360 1619.0
1283370 1619.0
1283380 1622.7
1283390 1626.6
1283400 1628.5
1283410 1628.5
1283420 1630.5
1283430 1633.7
1283440 1633.7
1283450 1636.8
1283460 1639.3
1283470 1639.3
1283480 1640.3
1283490 1638.6
1283500 1638.6
1283510 1636.9
1283520 1635.2
1283530 1635.2
1283540 1634.1
1283550 1635.4
1283560 1635.4
1283570 1636.6
1283580 1638.7
1283590 1638.7
1283600 1641.8
1283610 1643.0
1283620 1643.0
1283630 1643.3
1283640 1643.7
1283650 1643.9
1283660 1643.9
1283670 1643.1
1283680 1642.9
1283690 1642.9
1283700 1643.5
1283710 1644.7
1283720 1644.7
1283730 1645.8
1283740 1646.8
1283750 1646.8
1283760 1648.4
1283770 1649.3
1283780 1649.3
1283790 1649.8
1283800 1650.0
1283810 1650.0
1283820 1650.5
1283830 1651.7
1283840 1651.7
1283850 1652.5
1283860 1653.5
1283870 1653.5
1283880 1653.6
1283890 1654.3
1283900 1655.4
1283910 1655.4
1283920 1659.6
1283930 1659.9
1283940 1659.9
1283950 1659.8
1283960 1659.9
1283970 1659.9
1283980 1660.8
1283990 1661.9
1284000 1661.9
1284010 1662.5
1284020 1663.1
1284030 1663.1
1284040 1663.4
1284050 1663.3
1284060 1663.3
1284070 1663.5
1284080 1665.4
1284090 1665.4
1284100 1668.0
1284110 1669.4
1284120 1669.4
1284130 1671.2
1284140 1672.1
1284150 1673.0
1284160 1673.0
1284170 1672.1
1284180 1670.7
1284190 1670.7
1284200 1670.8
1284210 1669.9
1284220 1669.9
1284230 1668.0
1284240 1667.0
1284250 1667.0
1284260 1666.6
1284270 1665.9
1284280 1665.9
1284290 1666.2
1284300 1666.0
1284310 1666.0
1284320 1665.0
1284330 1663.2
1284340 1663.2
1284350 1663.0
1284360 1664.2
1284370 1664.2
1284380 1664.5
1284390 1664.7
1284400 1663.7
1284410 1663.7
1284420 1661.2
1284430 1660.1
1284440 1660.1
1284450 1660.1
1284460 1660.5
1284470 1660.5
1284480 1661.0
1284490 1662.0
1284500 1662.0
1284510 1662.6
1284520 1660.4
1284530 1660.4
1284540 1658.5
1284550 1656.3
1284560 1659.9
1284570 1660.7
1284580 1660.2
1284590 1660.2
1284600 1658.7
1284610 1657.1
1284620 1657.1
1284630 1655.1
1284640 1653.5
1284650 1653.5
1284660 1652.2
1284670 1651.2
1284680 1650.6
1284690 1650.6
1284700 1650.4
1284710 1650.3
1284720 1650.3
1284730 1650.5
1284740 1650.7
1284750 1650.7
1284760 1649.9
1284770 1650.8
1284780 1650.8
1284790 1649.8
1284800 1646.9
1284810 1646.9
1284820 1644.5
1284830 1641.8
1284840 1641.8
1284850 1639.4
1284860 1636.1
1284870 1636.1
1284880 1630.2
1284890 1625.6
1284900 1625.6
1284910 1621.6
1284920 1620.9
1284930 1619.8
1284940 1619.8
1284950 1618.3
1284960 1616.9
1284970 1616.9
1284980 1615.4
1284990 1609.9
1285000 1609.9
1285010 1603.0
1285020 1597.7
1285030 1597.7
1285040 1592.8
1285050 1588.2
1285060 1588.2
1285070 1583.8
1285080 1580.4
1285090 1580.4
1285100 1577.4
1285110 1575.0
1285120 1575.0
1285130 1572.8
1285140 1569.4
1285150 1569.4
1285160 1565.7
1285170 1562.5
1285180 1560.9
1285190 1562.5
1285200 1557.1
1285210 1550.3
1285220 1550.3
1285230 1544.3
1285240 1538.2
1285250 1538.2
1285260 1533.8
1285270 1529.6
1285280 1529.6
1285290 1526.0
1285300 1523.5
1285310 1523.5
1285320 1521.3
1285330 1517.6
1285340 1517.6
1285350 1512.0
1285360 1506.2
1285370 1506.2
1285380 1500.0
1285390 1495.6
1285400 1495.6
1285410 1491.2
1285420 1488.6
1285430 1486.7
1285440 1486.7
1285450 1483.1
1285460 1478.6
1285470 1478.6
1285480 1474.7
1285490 1470.8
1285500 1470.8
1285510 1465.9
1285520 1462.8
1285530 1462.8
1285540 1460.5
1285550 1456.5
1285560 1456.5
1285570 1452.8
1285580 1449.9
1285590 1449.9
1285600 1447.3
1285610 1443.7
1285620 1443.7
1285630 1439.0
1285640 1433.2
1285650 1433.2
1285660 1426.8
1285670 1421.1
1285680 1417.8
1285690 1417.8
1285700 1416.2
1285710 1415.1
1285720 1415.1
1285730 1412.0
1285740 1408.9
1285750 1408.9
1285760 1406.8
1285770 1403.5
1285780 1403.5
1285790 1400.0
1285800 1394.8
1285810 1394.8
1285820 1388.9
1285830 1384.4
1285840 1384.4
1285850 1379.2
1285860 1374.1
1285870 1374.1
1285880 1370.5
1285890 1366.3
1285900 1366.3
1285910 1362.9
1285920 1360.5
1285930 1358.1
1285940 1358.1
1285950 1355.2
1285960 1351.2
1285970 1351.2
1285980 1346.5
1285990 1340.5
1286000 1340.5
1286010 1335.7
1286020 1329.8
1286030 1329.8
1286040 1323.7
1286050 1318.3
1286060 1318.3
1286070 1312.4
1286080 1306.1
1286090 1306.1
1286100 1300.1
1286110 1293.8
1286120 1293.8
1286130 1288.1
1286140 1282.2
1286150 1282.2
1286160 1273.9
1286170 1266.6
1286180 1262.2
1286190 1262.2
1286200 1259.7
1286210 1255.6
1286220 1255.6
1286230 1249.6
1286240 1247.1
1286250 1247.1
1286260 1245.3
1286270 1247.3
1286280 1247.3
1286290 1251.9
1286300 1252.5
1286310 1252.5
1286320 1250.5
1286330 1252.4
1286340 1252.4
1286350 1255.7
1286360 1259.2
1286370 1259.2
1286380 1260.3
1286390 1261.3
1286400 1261.3
1286410 1261.9
1286420 1261.8
1286430 1261.8
1286440 1262.1
1286450 1262.6
1286460 1262.5
1286470 1262.5
1286480 1265.1
1286490 1267.8
1286500 1267.8
1286510 1271.2
1286520 1276.1
1286530 1276.1
1286540 1280.5
1286550 1284.2
1286560 1284.2
1286570 1290.0
1286580 1297.4
1286590 1297.4
1286600 1304.3
1286610 1309.4
1286620 1309.4
1286630 1314.7
1286640 1317.0
1286650 1317.0
1286660 1320.5
1286670 1326.8
1286680 1326.8
1286690 1333.7
1286700 1339.7
1286710 1344.4
1286720 1344.4
1286730 1348.6
1286740 1352.2
1286750 1352.2
1286760 1355.3
1286770 1357.9
1286780 1357.9
1286790 1362.2
1286800 1368.9
1286810 1368.9
1286820 1375.1
1286830 1380.4
1286840 1380.4
1286850 1385.5
1286860 1389.4
1286870 1389.4
1286880 1393.0
1286890 1397.0
1286900 1397.0
1286910 1401.2
1286920 1405.7
1286930 1405.7
1286940 1408.6
1286950 1412.1
1286960 1414.4
1286970 1414.4
1286980 1415.0
1286990 1417.1
1287000 1417.1
1287010 1420.0
1287020 1423.0
1287030 1423.0
1287040 1426.5
1287050 1430.8
1287060 1430.8
1287070 1435.2
1287080 1438.6
1287090 1438.6
1287100 1440.9
1287110 1443.2
1287120 1443.3
1287130 1446.0
1287140 1449.5
1287150 1449.5
1287160 1453.8
1287170 1459.0
1287180 1459.0
1287190 1464.0
1287200 1468.3
1287210 1471.9
1287220 1471.9
1287230 1475.5
1287240 1478.9
1287250 1478.9
1287260 1482.2
1287270 1486.8
1287280 1486.8
1287290 1493.0
1287300 1498.3
1287310 1498.3
1287320 1503.2
1287330 1508.0
1287340 1508.0
1287350 1513.0
1287360 1519.2
1287370 1519.2
1287380 1524.2
1287390 1528.7
1287400 1528.7
1287410 1532.8
1287420 1535.2
1287430 1535.2
1287440 1537.7
1287450 1540.8
1287460 1544.4
1287470 1544.4
1287480 1547.5
1287490 1549.7
1287500 1549.7
1287510 1551.2
1287520 1552.2
1287530 1552.2
1287540 1554.2
1287550 1558.2
1287560 1558.2
1287570 1562.6
1287580 1569.2
1287590 1569.2
1287600 1574.1
1287610 1577.5
1287620 1577.5
1287630 1580.6
1287640 1583.3
1287650 1583.3
1287660 1586.4
1287670 1589.0
1287680 1589.0
1287690 1591.5
1287700 1594.7
1287710 1598.4
1287720 1598.4
1287730 1602.3
1287740 1605.5
1287750 1605.5
1287760 1607.0
1287770 1608.8
1287780 1608.8
1287790 1609.9
1287800 1610.8
1287810 1610.8
1287820 1613.0
1287830 1617.1
1287840 1617.1
1287850 1622.0
1287860 1626.9
1287870 1626.9
1287880 1632.7
1287890 1637.7
1287900 1637.7
1287910 1642.9
1287920 1647.3
1287930 1647.3
1287940 1652.1
1287950 1656.9
1287960 1660.4
1287970 1660.4
1287980 1663.7
1287990 1667.4
1288000 1667.4
1288010 1671.4
1288020 1675.3
1288030 1675.3
1288040 1679.4
1288050 1683.7
1288060 1683.7
1288070 1687.4
1288080 1691.5
1288090 1691.5
1288100 1696.5
1288110 1701.7
1288120 1701.7
1288130 1706.3
1288140 1710.7
1288150 1710.7
1288160 1715.0
1288170 1719.1
1288180 1719.1
1288190 1724.8
1288200 1730.2
1288210 1730.2
1288220 1735.8
1288230 1740.7
1288240 1745.1
1288250 1745.1
1288260 1749.9
1288270 1754.5
1288280 1754.5
1288290 1758.3
1288300 1762.1
1288310 1762.1
1288320 1767.4
1288330 1772.1
1288340 1772.1
1288350 1774.8
1288360 1776.1
1288370 1776.1
1288380 1776.0
1288390 1775.2
1288400 1775.2
1288410 1779.1
1288420 1777.9
1288430 1777.9
1288440 1777.7
1288450 1779.0
1288460 1779.0
1288470 1783.2
1288480 1788.4
1288490 1793.9
1288500 1793.9
1288510 1799.3
1288520 1804.1
1288530 1804.1
1288540 1808.2
1288550 1811.7
1288560 1811.7
1288570 1814.8
1288580 1818.1
1288590 1818.1
1288600 1821.3
1288610 1824.6
1288620 1824.6
1288630 1828.0
1288640 1831.4
1288650 1831.4
1288660 1834.7
1288670 1838.1
1288680 1838.1
1288690 1841.4
1288700 1845.0
1288710 1845.0
1288720 1848.6
1288730 1851.8
1288740 1854.6
1288750 1854.6
1288760 1856.7
1288770 1858.4
1288780 1858.4
1288790 1860.4
1288800 1863.4
1288810 1863.4
1288820 1866.4
1288830 1868.6
1288840 1868.6
1288850 1870.6
1288860 1872.1
1288870 1872.1
1288880 1873.8
1288890 1875.9
1288900 1875.9
1288910 1877.9
1288920 1879.5
1288930 1879.5
1288940 1881.2
1288950 1883.7
1288960 1883.7
1288970 1886.4
1288980 1889.3
1288990 1891.8
1289000 1891.8
1289010 1894.3
1289020 1896.2
1289030 1896.2
1289040 1896.8
1289050 1895.6
1289060 1899.5
1289070 1898.2
1289080 1897.2
1289090 1897.2
1289100 1897.0
1289110 1897.0
1289120 1897.0
1289130 1896.6
1289140 1897.4
1289150 1897.4
1289160 1899.2
1289170 1901.2
1289180 1901.2
1289190 1903.7
1289200 1907.7
1289210 1907.7
1289220 1911.2
1289230 1911.0
1289240 1910.6
1289250 1910.6
1289260 1910.5
1289270 1910.4
1289280 1910.4
1289290 1910.6
1289300 1911.1
1289310 1911.1
1289320 1912.6
1289330 1915.8
1289340 1915.8
1289350 1919.9
1289360 1923.0
1289370 1923.0
1289380 1925.6
1289390 1928.0
1289400 1928.0
1289410 1931.4
1289420 1934.7
1289430 1934.7
1289440 1936.9
1289450 1939.2
1289460 1939.2
1289470 1942.6
1289480 1946.0
1289490 1949.4
1289500 1949.4
1289510 1953.3
1289520 1957.4
1289530 1957.4
1289540 1961.2
1289550 1964.5
1289560 1964.5
1289570 1967.1
1289580 1969.8
1289590 1969.8
1289600 1973.6
1289610 1976.5
1289620 1976.5
1289630 1978.8
1289640 1981.9
1289650 1981.9
1289660 1985.7
1289670 1989.7
1289680 1989.7
1289690 1993.7
1289700 1997.9
1289710 1997.9
1289720 2005.1
1289730 2010.5
1289740 2016.6
1289750 2016.6
1289760 2022.4
1289770 2027.9
1289780 2027.9
1289790 2033.5
1289800 2039.5
1289810 2039.5
1289820 2044.7
1289830 2050.4
1289840 2050.4
1289850 2055.2
1289860 2058.0
1289870 2058.0
1289880 2061.1
1289890 2064.3
1289900 2064.3
1289910 2067.5
1289920 2070.7
1289930 2070.7
1289940 2072.2
1289950 2074.7
1289960 2074.7
1289970 2077.8
1289980 2081.4
1289990 2081.4
1290000 2085.2
1290010 2088.4
1290020 2092.3
1290030 2092.3
1290040 2096.6
1290050 2101.1
1290060 2101.1
1290070 2104.8
1290080 2107.8
1290090 2107.8
1290100 2109.7
1290110 2112.4
1290120 2112.4
1290130 2115.8
1290140 2119.9
1290150 2119.9
1290160 2123.4
1290170 2125.8
1290180 2125.8
1290190 2128.8
1290200 2131.8
1290210 2131.8
1290220 2135.2
1290230 2140.1
1290240 2140.1
1290250 2145.1
1290260 2148.6
1290270 2152.4
1290280 2152.4
1290290 2157.1
1290300 2162.3
1290310 2162.3
1290320 2167.2
1290330 2171.3
1290340 2171.3
1290350 2174.4
1290360 2178.2
1290370 2178.6
1290380 2183.0
1290390 2187.8
1290400 2187.8
1290410 2192.3
1290420 2199.7
1290430 2199.7
1290440 2204.3
1290450 2207.1
1290460 2207.1
1290470 2211.5
1290480 2214.7
1290490 2214.7
1290500 2215.5
1290510 2214.2
1290520 2206.6
1290530 2206.6
1290540 2196.5
1290550 2186.2
1290560 2186.2
1290570 2176.3
1290580 2166.1
1290590 2166.1
1290600 2153.0
1290610 2140.9
1290620 2140.9
1290630 2131.2
1290640 2120.6
1290650 2120.6
1290660 2113.9
1290670 2104.9
1290680 2104.9
1290690 2095.3
1290700 2085.0
1290710 2085.0
1290720 2072.6
1290730 2059.4
1290740 2059.4
1290750 2049.9
1290760 2041.0
1290770 2034.4
1290780 2034.4
1290790 2028.9
1290800 2023.5
1290810 2023.5
1290820 2018.2
1290830 2013.4
1290840 2013.4
1290850 2008.7
1290860 2004.6
1290870 2004.6
1290880 2001.0
1290890 1997.3
1290900 1997.3
1290910 1992.1
1290920 1984.0
1290930 1984.0
1290940 1976.1
1290950 1970.9
1290960 1970.9
1290970 1966.4
1290980 1958.3
1290990 1958.3
1291000 1950.5
1291010 1943.8
1291020 1936.4
1291030 1936.0
1291040 1929.5
1291050 1924.4
1291060 1924.4
1291070 1917.7
1291080 1912.3
1291090 1912.3
1291100 1906.2
1291110 1900.5
1291120 1900.5
1291130 1895.9
1291140 1893.3
1291150 1893.3
1291160 1890.0
1291170 1886.8
1291180 1886.8
1291190 1883.4
1291200 1879.9
1291210 1879.9
1291220 1874.9
1291230 1868.0
1291240 1868.0
1291250 1860.1
1291260 1852.6
1291270 1846.0
1291280 1846.0
1291290 1839.5
1291300 1834.6
1291310 1834.6
1291320 1830.3
1291330 1826.0
1291340 1826.0
1291350 1822.7
1291360 1819.4
1291370 1819.4
1291380 1816.5
1291390 1813.8
1291400 1813.8
1291410 1810.8
1291420 1806.9
1291430 1806.9
1291440 1803.7
1291450 1800.7
1291460 1800.7
1291470 1797.3
1291480 1793.7
1291490 1793.7
1291500 1788.5
1291510 1783.0
1291520 1776.8
1291530 1776.8
1291540 1771.1
1291550 1765.1
1291560 1765.1
1291570 1761.9
1291580 1758.8
1291590 1758.8
1291600 1752.0
1291610 1744.3
1291620 1744.3
1291630 1737.5
1291640 1731.3
1291650 1731.3
1291660 1724.9
1291670 1718.1
1291680 1718.1
1291690 1713.7
1291700 1706.5
1291710 1706.5
1291720 1698.3
1291730 1690.4
1291740 1690.4
1291750 1682.8
1291760 1676.0
1291770 1669.9
1291780 1669.9
1291790 1664.3
1291800 1658.8
1291810 1658.8
1291820 1653.2
1291830 1646.2
1291840 1646.2
1291850 1641.0
1291860 1637.3
1291870 1637.3
1291880 1633.1
1291890 1628.4
1291900 1628.4
1291910 1624.8
1291920 1621.5
1291930 1621.5
1291940 1618.0
1291950 1614.9
1291960 1614.9
1291970 1611.1
1291980 1607.1
1291990 1607.1
1292000 1602.6
1292010 1599.1
1292020 1599.1
1292030 1596.1
1292040 1593.8
1292050 1588.8
1292060 1588.8
1292070 1584.9
1292080 1579.3
1292090 1579.3
1292100 1573.3
1292110 1568.9
1292120 1568.9
1292130 1565.4
1292140 1561.9
1292150 1561.9
1292160 1557.7
1292170 1551.2
1292180 1551.2
1292190 1545.7
1292200 1540.7
1292210 1540.7
1292220 1536.0
1292230 1528.9
1292240 1528.9
1292250 1523.3
1292260 1516.2
1292270 1516.2
1292280 1509.9
1292290 1504.8
1292300 1498.7
1292310 1498.7
1292320 1493.6
1292330 1488.3
1292340 1488.3
1292350 1478.4
1292360 1471.1
1292370 1471.1
1292380 1463.9
1292390 1458.2
1292400 1458.2
1292410 1452.2
1292420 1444.6
1292430 1444.6
1292440 1438.2
1292450 1433.5
1292460 1433.5
1292470 1426.4
1292480 1421.1
1292490 1421.1
1292500 1417.1
1292510 1411.9
1292520 1411.9
1292530 1406.9
1292540 1402.2
1292550 1398.9
1292560 1398.9
1292570 1395.4
1292580 1390.7
1292590 1390.7
1292600 1385.2
1292610 1380.1
1292620 1380.1
1292630 1374.0
1292640 1367.7
1292650 1367.7
1292660 1362.4
1292670 1355.6
1292680 1355.6
1292690 1350.5
1292700 1346.0
1292710 1346.0
1292720 1340.5
1292730 1335.5
1292740 1335.5
1292750 1330.4
1292760 1324.4
1292770 1324.4
1292780 1319.9
1292790 1314.6
1292800 1307.7
1292810 1307.7
1292820 1300.4
1292830 1293.9
1292840 1293.9
1292850 1289.3
1292860 1285.7
1292870 1285.7
1292880 1281.9
1292890 1277.3
1292900 1277.3
1292910 1271.7
1292920 1266.0
1292930 1266.0
1292940 1260.1
1292950 1254.3
1292960 1254.3
1292970 1248.4
1292980 1242.0
1292990 1242.0
1293000 1236.4
1293010 1228.5
1293020 1228.5
1293030 1224.3
1293040 1230.0
1293050 1237.9
1293060 1237.9
1293070 1243.0
1293080 1248.4
1293090 1248.4
1293100 1252.5
1293110 1254.2
1293120 1254.2
1293130 1256.3
1293140 1257.9
1293150 1257.9
1293160 1259.9
1293170 1262.8
1293180 1262.8
1293190 1265.2
1293200 1267.3
1293210 1267.3
1293220 1269.8
1293230 1273.3
1293240 1273.3
1293250 1278.1
1293260 1284.1
1293270 1284.1
1293280 1290.6
1293290 1297.1
1293300 1302.5
1293310 1302.5
1293320 1306.2
1293330 1311.4
1293340 1311.4
1293350 1315.3
1293360 1319.0
1293370 1319.0
1293380 1323.0
1293390 1326.2
1293400 1326.2
1293410 1329.2
1293420 1332.8
1293430 1332.8
1293440 1337.8
1293450 1341.7
1293460 1341.7
1293470 1346.2
1293480 1349.1
1293490 1349.1
1293500 1351.5
1293510 1355.2
1293520 1355.2
1293530 1360.8
1293540 1366.0
1293550 1368.1
1293560 1368.1
1293570 1369.9
1293580 1372.0
1293590 1372.0
1293600 1375.4
1293610 1379.0
1293620 1379.0
1293630 1382.2
1293640 1387.1
1293650 1387.1
1293660 1391.7
1293670 1396.8
1293680 1397.2
1293690 1402.0
1293700 1406.7
1293710 1406.7
1293720 1411.6
1293730 1416.2
1293740 1416.2
1293750 1420.1
1293760 1424.4
1293770 1424.4
1293780 1429.1
1293790 1432.4
1293800 1432.4
1293810 1435.8
1293820 1439.3
1293830 1443.3
1293840 1443.3
1293850 1448.1
1293860 1452.3
1293870 1452.3
1293880 1455.6
1293890 1457.9
1293900 1457.9
1293910 1459.9
1293920 1461.4
1293930 1461.4
1293940 1465.9
1293950 1469.1
1293960 1469.1
1293970 1471.1
1293980 1473.5
1293990 1473.5
1294000 1475.5
1294010 1478.1
1294020 1478.1
1294030 1480.8
1294040 1484.3
1294050 1484.3
1294060 1489.0
1294070 1494.9
1294080 1499.6
1294090 1499.6
1294100 1504.0
1294110 1507.9
1294120 1507.9
1294130 1512.0
1294140 1515.7
1294150 1515.7
1294160 1518.3
1294170 1520.8
1294180 1520.8
1294190 1524.6
1294200 1530.6
1294210 1530.6
1294220 1535.9
1294230 1540.1
1294240 1540.1
1294250 1544.0
1294260 1549.0
1294270 1549.0
1294280 1554.8
1294290 1558.7
1294300 1558.7
1294310 1563.4
1294320 1567.8
1294330 1573.1
1294340 1575.7
1294350 1581.2
1294360 1587.2
1294370 1587.2
1294380 1593.4
1294390 1597.6
1294400 1597.6
1294410 1601.7
1294420 1603.7
1294430 1603.7
1294440 1605.7
1294450 1606.1
1294460 1606.1
1294470 1606.5
1294480 1608.5
1294490 1608.5
1294500 1612.5
1294510 1618.5
1294520 1618.5
1294530 1622.5
1294540 1624.9
1294550 1624.9
1294560 1628.6
1294570 1632.4
1294580 1636.4
1294590 1636.4
1294600 1640.9
1294610 1644.1
1294620 1644.1
1294630 1648.8
1294640 1654.2
1294650 1654.2
1294660 1658.3
1294670 1662.5
1294680 1662.5
1294690 1667.4
1294700 1671.3
1294710 1671.3
1294720 1676.3
1294730 1681.3
1294740 1681.3
1294750 1687.0
1294760 1693.8
1294770 1693.8
1294780 1700.2
1294790 1705.9
1294800 1705.9
1294810 1710.7
1294820 1715.8
1294830 1722.0
1294840 1722.0
1294850 1727.4
1294860 1731.6
1294870 1731.6
1294880 1735.7
1294890 1740.3
1294900 1740.3
1294910 1743.4
1294920 1747.7
1294930 1747.7
1294940 1751.2
1294950 1754.5
1294960 1754.5
1294970 1759.1
1294980 1764.9
1294990 1764.9
1295000 1771.9
1295010 1777.2
1295020 1777.2
1295030 1781.2
1295040 1785.8
1295050 1785.8
1295060 1793.0
1295070 1797.9
1295080 1802.4
1295090 1802.4
1295100 1807.5
1295110 1813.8
1295120 1813.8
1295130 1820.4
1295140 1825.0
1295150 1825.0
1295160 1828.0
1295170 1830.7
1295180 1830.7
1295190 1833.6
1295200 1836.7
1295210 1836.7
1295220 1840.2
1295230 1843.6
1295240 1843.6
1295250 1846.9
1295260 1851.1
1295270 1851.1
1295280 1855.8
1295290 1861.5
1295300 1861.5
1295310 1867.0
1295320 1872.1
1295330 1876.9
1295340 1876.9
1295350 1881.1
1295360 1885.5
1295370 1885.5
1295380 1890.7
1295390 1896.7
1295400 1896.7
1295410 1902.8
1295420 1908.2
1295430 1908.2
1295440 1914.4
1295450 1918.8
1295460 1918.8
1295470 1920.8
1295480 1924.7
1295490 1924.7
1295500 1929.9
1295510 1934.6
1295520 1934.6
1295530 1939.4
1295540 1944.2
1295550 1944.2
1295560 1949.6
1295570 1953.3
1295580 1958.0
1295590 1958.0
1295600 1964.1
1295610 1972.3
1295620 1972.3
1295630 1979.4
1295640 1985.0
1295650 1985.0
1295660 1992.7
1295670 1999.0
1295680 1999.0
1295690 2004.1
1295700 2009.3
1295710 2009.3
1295720 2013.0
1295730 2017.3
1295740 2017.3
1295750 2021.7
1295760 2025.7
1295770 2025.7
1295780 2028.3
1295790 2031.2
1295800 2031.2
1295810 2035.7
1295820 2039.9
1295830 2039.9
1295840 2044.4
1295850 2048.7
1295860 2052.9
1295870 2052.9
1295880 2057.5
1295890 2061.9
1295900 2061.9
1295910 2065.7
1295920 2069.6
1295930 2069.6
1295940 2072.7
1295950 2074.7
1295960 2074.7
1295970 2076.9
1295980 2079.9
1295990 2079.9
1296000 2083.3
1296010 2086.9
1296020 2086.9
1296030 2090.9
1296040 2094.6
1296050 2094.6
1296060 2099.3
1296070 2103.3
1296080 2103.3
1296090 2107.0
1296100 2111.1
1296110 2115.9
1296120 2115.9
1296130 2119.6
1296140 2124.0
1296150 2124.0
1296160 2129.5
1296170 2134.3
1296180 2134.3
1296190 2138.5
1296200 2142.1
1296210 2142.1
1296220 2144.5
1296230 2147.3
1296240 2147.3
1296250 2150.5
1296260 2154.4
1296270 2154.4
1296280 2160.1
1296290 2166.6
1296300 2166.6
1296310 2172.5
1296320 2177.0
1296330 2177.0
1296340 2180.9
1296350 2185.2
1296360 2188.1
1296370 2188.1
1296380 2192.8
1296390 2198.0
1296400 2198.0
1296410 2202.6
1296420 2208.1
1296430 2208.1
1296440 2214.1
1296450 2219.1
1296460 2219.1
1296470 2222.3
1296480 2225.7
1296490 2225.7
1296500 2229.4
1296510 2234.0
1296520 2234.0
1296530 2238.8
1296540 2244.3
1296550 2244.3
1296560 2249.3
1296570 2254.1
1296580 2254.1
1296590 2259.5
1296600 2264.7
1296610 2269.7
1296620 2269.7
1296630 2275.1
1296640 2280.6
1296650 2280.6
1296660 2284.9
1296670 2288.2
1296680 2288.2
1296690 2289.8
1296700 2290.5
1296710 2290.5
1296720 2294.7
1296730 2298.7
1296740 2298.7
1296750 2299.8
1296760 2303.8
1296770 2303.8
1296780 2307.6
1296790 2309.6
1296800 2309.6
1296810 2305.6
1296820 2299.0
1296830 2299.0
1296840 2292.9
1296850 2288.0
1296860 2286.2
1296870 2286.2
1296880 2284.8
1296890 2282.8
1296900 2282.8
1296910 2275.2
1296920 2265.6
1296930 2265.6
1296940 2255.5
1296950 2250.4
1296960 2250.4
1296970 2246.6
1296980 2245.1
1296990 2245.1
1297000 2244.5
1297010 2241.9
1297020 2241.9
1297030 2237.1
1297040 2237.3
1297050 2237.3
1297060 2231.8
1297070 2224.2
1297080 2224.2
1297090 2216.9
1297100 2211.2
1297110 2201.4
1297120 2201.4
1297130 2194.6
1297140 2191.7
1297150 2191.7
1297160 2190.6
1297170 2186.4
1297180 2186.4
1297190 2179.0
1297200 2169.5
1297210 2169.5
1297220 2164.7
1297230 2158.9
1297240 2158.9
1297250 2146.2
1297260 2139.2
1297270 2139.2
1297280 2133.1
1297290 2124.1
1297300 2124.1
1297310 2117.8
1297320 2111.8
1297330 2111.8
1297340 2104.5
1297350 2092.4
1297360 2084.2
1297370 2084.2
1297380 2079.1
1297390 2074.3
1297400 2074.3
1297410 2070.4
1297420 2066.9
1297430 2066.9
1297440 2065.3
1297450 2065.0
1297460 2065.0
1297470 2065.2
1297480 2061.4
1297490 2061.4
1297500 2056.4
1297510 2049.8
1297520 2049.8
1297530 2044.3
1297540 2038.6
1297550 2038.6
1297560 2033.0
1297570 2026.9
1297580 2026.9
1297590 2020.4
1297600 2015.2
1297610 2010.2
1297620 2010.2
1297630 2004.9
1297640 1999.0
1297650 1999.0
1297660 1992.0
1297670 1984.4
1297680 1984.4
1297690 1976.8
1297700 1969.9
1297710 1969.9
1297720 1959.2
1297730 1953.6
1297740 1953.6
1297750 1949.0
1297760 1945.0
1297770 1945.0
1297780 1940.8
1297790 1936.5
1297800 1936.5
1297810 1932.3
1297820 1928.9
1297830 1928.9
1297840 1926.1
1297850 1923.5
1297860 1923.5
1297870 1920.0
1297880 1914.7
1297890 1909.2
1297900 1909.2
1297910 1904.5
1297920 1900.7
1297930 1900.7
1297940 1897.0
1297950 1893.5
1297960 1893.5
1297970 1889.8
1297980 1887.0
1297990 1887.0
1298000 1883.8
1298010 1880.8
1298020 1880.8
1298030 1878.6
1298040 1875.1
1298050 1875.1
1298060 1871.1
1298070 1867.1
1298080 1867.1
1298090 1862.1
1298100 1857.3
1298110 1857.3
1298120 1852.2
1298130 1846.3
1298140 1840.2
1298150 1840.2
1298160 1834.6
1298170 1829.0
1298180 1829.0
1298190 1823.9
1298200 1818.5
1298210 1818.5
1298220 1813.1
1298230 1807.0
1298240 1807.0
1298250 1800.4
1298260 1793.9
1298270 1793.9
1298280 1787.9
1298290 1782.6
1298300 1782.6
1298310 1777.5
1298320 1773.5
1298330 1773.5
1298340 1770.8
1298350 1769.0
1298360 1769.0
1298370 1769.2
1298380 1768.8
1298390 1768.6
1298400 1771.8
1298410 1772.2
1298420 1773.2
1298430 1773.2
1298440 1772.8
1298450 1771.6
1298460 1771.6
1298470 1770.8
1298480 1770.0
1298490 1770.0
1298500 1770.0
1298510 1771.5
1298520 1771.5
1298530 1772.0
1298540 1774.8
1298550 1774.8
1298560 1780.5
1298570 1784.9
1298580 1784.9
1298590 1789.7
1298600 1794.8
1298610 1794.8
1298620 1799.1
1298630 1803.0
1298640 1806.8
1298650 1806.8
1298660 1808.9
1298670 1809.9
1298680 1809.9
1298690 1811.2
1298700 1815.1
1298710 1815.1
1298720 1817.0
1298730 1818.7
1298740 1818.7
1298750 1820.5
1298760 1823.9
1298770 1823.9
1298780 1827.4
1298790 1832.4
1298800 1832.4
1298810 1838.4
1298820 1843.3
1298830 1843.3
1298840 1847.7
1298850 1851.5
1298860 1851.5
1298870 1855.2
1298880 1860.0
1298890 1864.0
1298900 1864.0
1298910 1867.1
1298920 1869.0
1298930 1869.0
1298940 1871.4
1298950 1874.7
1298960 1874.7
1298970 1879.5
1298980 1884.2
1298990 1884.2
1299000 1889.3
1299010 1895.2
1299020 1895.2
1299030 1900.7
1299040 1906.5
1299050 1906.5
1299060 1912.7
1299070 1920.3
1299080 1922.9
1299090 1929.4
1299100 1935.6
1299110 1935.6
1299120 1942.5
1299130 1949.5
1299140 1954.9
1299150 1954.9
1299160 1958.6
1299170 1960.8
1299180 1960.8
1299190 1961.9
1299200 1961.8
1299210 1961.8
1299220 1961.6
1299230 1961.4
1299240 1961.4
1299250 1961.0
1299260 1961.8
1299270 1961.8
1299280 1964.8
1299290 1968.6
1299300 1968.6
1299310 1968.6
1299320 1967.1
1299330 1967.1
1299340 1967.7
1299350 1969.5
1299360 1969.5
1299370 1970.6
1299380 1972.6
1299390 1975.2
1299400 1975.2
1299410 1976.5
1299420 1976.4
1299430 1976.4
1299440 1977.3
1299450 1980.0
1299460 1980.0
1299470 1985.1
1299480 1990.5
1299490 1990.5
1299500 1995.5
1299510 2000.9
1299520 2000.9
1299530 2005.3
1299540 2009.8
1299550 2009.8
1299560 2014.1
1299570 2018.3
1299580 2018.3
1299590 2021.0
1299600 2024.4
1299610 2024.4
1299620 2028.0
1299630 2031.3
1299640 2034.4
1299650 2034.4
1299660 2037.5
1299670 2040.4
1299680 2040.4
1299690 2045.4
1299700 2051.3
1299710 2051.3
1299720 2056.2
1299730 2061.1
1299740 2061.1
1299750 2065.6
1299760 2069.9
1299770 2069.2
1299780 2072.1
1299790 2077.2
1299800 2077.2
1299810 2081.4
1299820 2086.4
1299830 2086.4
1299840 2091.1
1299850 2093.4
1299860 2093.4
1299870 2095.1
1299880 2098.5
1299890 2101.7
1299900 2101.7
1299910 2103.8
1299920 2104.0
1299930 2104.0
1299940 2105.3
1299950 2107.9
1299960 2107.9
1299970 2110.5
1299980 2115.5
1299990 2115.5
