1280000 887.4
1280010 887.4
1280020 887.4
1280030 887.3
1280040 887.3
1280050 887.3
1280060 887.3
1280070 887.3
1280080 887.3
1280090 887.2
1280100 887.3
1280110 887.3
1280120 887.6
1280130 887.7
1280140 887.7
1280150 887.8
1280160 887.8
1280170 887.8
1280180 887.9
1280190 887.9
1280200 887.9
1280210 888.2
1280220 888.3
1280230 888.8
1280240 888.8
1280250 889.9
1280260 891.1
1280270 891.1
1280280 892.8
1280290 894.3
1280300 894.3
1280310 895.7
1280320 896.9
1280330 896.9
1280340 897.8
1280350 898.7
1280360 898.7
1280370 899.6
1280380 900.6
1280390 900.6
1280400 901.6
1280410 902.5
1280420 902.5
1280430 903.2
1280440 904.0
1280450 904.0
1280460 904.7
1280470 905.5
1280480 905.5
1280490 906.2
1280500 906.9
1280510 907.5
1280520 907.5
1280530 908.2
1280540 908.9
1280550 908.9
1280560 909.5
1280570 909.6
1280580 909.6
1280590 909.5
1280600 909.3
1280610 909.3
1280620 909.0
1280630 908.7
1280640 908.7
1280650 908.2
1280660 907.6
1280670 907.6
1280680 907.3
1280690 906.9
1280700 906.9
1280710 906.3
1280720 905.7
1280730 905.7
1280740 905.2
1280750 904.7
1280760 904.4
1280770 904.4
1280780 904.0
1280790 903.3
1280800 902.7
1280810 902.5
1280820 902.6
1280830 902.6
1280840 902.6
1280850 902.6
1280860 902.6
1280870 902.6
1280880 902.7
1280890 902.7
1280900 902.6
1280910 902.6
1280920 902.6
1280930 901.5
1280940 901.3
1280950 901.3
1280960 901.4
1280970 901.7
1280980 901.7
1280990 902.4
1281000 903.1
1281010 903.6
1281020 903.6
1281030 903.9
1281040 903.9
1281050 903.9
1281060 903.7
1281070 903.5
1281080 903.5
1281090 903.2
1281100 902.9
1281110 902.9
1281120 902.7
1281130 902.4
1281140 902.4
1281150 902.3
1281160 902.1
1281170 902.1
1281180 901.4
1281190 901.0
1281200 901.0
1281210 901.0
1281220 900.9
1281230 900.9
1281240 900.9
1281250 900.9
1281260 900.9
1281270 900.8
1281280 900.8
1281290 900.6
1281300 900.6
1281310 900.4
1281320 900.1
1281330 900.1
1281340 899.9
1281350 899.9
1281360 899.9
1281370 900.0
1281380 900.1
1281390 900.1
1281400 900.3
1281410 900.4
1281420 900.4
1281430 899.8
1281440 897.8
1281450 897.8
1281460 894.1
1281470 890.6
1281480 890.6
1281490 886.4
1281500 880.1
1281510 880.1
1281520 873.7
1281530 868.1
1281540 864.2
1281550 864.2
1281560 860.3
1281570 857.3
1281580 857.3
1281590 854.9
1281600 852.8
1281610 852.8
1281620 850.9
1281630 849.0
1281640 849.0
1281650 847.1
1281660 845.6
1281670 845.6
1281680 844.6
1281690 843.9
1281700 843.9
1281710 843.2
1281720 842.5
1281730 842.5
1281740 842.3
1281750 840.7
1281760 840.7
1281770 840.0
1281780 839.2
1281790 838.4
1281800 838.4
1281810 837.7
1281820 837.2
1281830 837.2
1281840 836.6
1281850 835.8
1281860 835.8
1281870 834.9
1281880 833.6
1281890 833.6
1281900 832.3
1281910 831.6
1281920 831.6
1281930 831.2
1281940 830.6
1281950 830.6
1281960 829.9
1281970 828.7
1281980 828.7
1281990 828.2
1282000 828.2
1282010 828.2
1282020 828.2
1282030 828.5
1282040 829.4
1282050 830.9
1282060 831.6
1282070 832.2
1282080 832.2
1282090 832.8
1282100 832.4
1282110 832.4
1282120 832.6
1282130 832.7
1282140 832.7
1282150 834.0
1282160 838.6
1282170 838.6
1282180 843.4
1282190 847.7
1282200 847.7
1282210 852.0
1282220 855.9
1282230 855.9
1282240 859.8
1282250 865.4
1282260 865.4
1282270 870.4
1282280 873.8
1282290 873.8
1282300 877.2
1282310 880.5
1282320 884.2
1282330 884.2
1282340 887.4
1282350 891.0
1282360 891.0
1282370 895.4
1282380 900.1
1282390 900.1
1282400 905.4
1282410 910.7
1282420 910.7
1282430 914.9
1282440 918.6
1282450 918.6
1282460 920.2
1282470 920.9
1282480 920.9
1282490 921.2
1282500 921.5
1282510 921.5
1282520 921.6
1282530 921.6
1282540 921.6
1282550 921.6
1282560 921.6
1282570 921.6
1282580 921.6
1282590 921.7
1282600 921.6
1282610 921.6
1282620 921.6
1282630 921.6
1282640 921.6
1282650 921.7
1282660 921.7
1282670 921.7
1282680 921.8
1282690 921.9
1282700 921.9
1282710 922.1
1282720 922.3
1282730 922.3
1282740 922.5
1282750 922.7
1282760 922.7
1282770 922.9
1282780 923.2
1282790 923.2
1282800 923.6
1282810 924.0
1282820 924.4
1282830 924.4
1282840 924.8
1282850 925.2
1282860 925.2
1282870 925.6
1282880 926.2
1282890 926.2
1282900 926.8
1282910 927.4
1282920 927.4
1282930 927.9
1282940 928.2
1282950 928.2
1282960 928.5
1282970 929.1
1282980 929.1
1282990 929.9
1283000 930.2
1283010 930.2
1283020 930.3
1283030 930.4
1283040 930.4
1283050 930.4
1283060 930.5
1283070 930.5
1283080 930.5
1283090 930.6
1283100 930.6
1283110 930.6
1283120 930.7
1283130 930.6
1283140 930.6
1283150 930.7
1283160 930.9
1283170 930.9
1283180 931.0
1283190 931.2
1283200 931.2
1283210 931.4
1283220 931.5
1283230 931.5
1283240 931.7
1283250 931.9
1283260 931.9
1283270 932.0
1283280 932.3
1283290 932.3
1283300 932.5
1283310 933.6
1283320 933.6
1283330 934.1
1283340 935.0
1283350 934.4
1283360 934.4
1283370 934.2
1283380 934.4
1283390 934.4
1283400 934.7
1283410 935.1
1283420 935.1
1283430 935.4
1283440 935.4
1283450 935.4
1283460 934.0
1283470 934.5
1283480 934.5
1283490 935.9
1283500 936.2
1283510 936.2
1283520 936.3
1283530 936.6
1283540 936.6
1283550 936.7
1283560 937.1
1283570 937.1
1283580 937.6
1283590 937.6
1283600 937.5
1283610 937.5
1283620 937.2
1283630 938.4
1283640 938.4
1283650 939.3
1283660 939.6
1283670 939.6
1283680 939.9
1283690 940.0
1283700 940.0
1283710 939.9
1283720 939.7
1283730 939.7
1283740 939.4
1283750 939.2
1283760 939.2
1283770 938.8
1283780 938.5
1283790 938.5
1283800 938.4
1283810 938.5
1283820 938.5
1283830 939.0
1283840 939.5
1283850 940.0
1283860 940.0
1283870 940.7
1283880 941.2
1283890 941.2
1283900 941.8
1283910 942.6
1283920 942.6
1283930 943.4
1283940 944.3
1283950 945.9
1283960 946.9
1283970 947.8
1283980 947.8
1283990 948.6
1284000 949.5
1284010 949.5
1284020 950.5
1284030 952.7
1284040 952.7
1284050 951.8
1284060 950.7
1284070 950.7
1284080 952.6
1284090 954.6
1284100 954.6
1284110 955.5
1284120 957.3
1284130 959.3
1284140 959.3
1284150 961.3
1284160 964.5
1284170 964.5
1284180 968.9
1284190 974.2
1284200 974.2
1284210 977.5
1284220 977.7
1284230 977.7
1284240 980.0
1284250 984.3
1284260 984.3
1284270 986.9
1284280 988.6
1284290 988.6
1284300 989.7
1284310 992.0
1284320 992.0
1284330 995.3
1284340 998.0
1284350 998.0
1284360 1001.5
1284370 1004.6
1284380 1007.1
1284390 1007.1
1284400 1009.4
1284410 1012.0
1284420 1012.0
1284430 1016.6
1284440 1020.0
1284450 1020.0
1284460 1022.2
1284470 1026.1
1284480 1026.1
1284490 1030.0
1284500 1033.9
1284510 1033.9
1284520 1037.9
1284530 1041.0
1284540 1041.0
1284550 1043.5
1284560 1045.8
1284570 1045.8
1284580 1051.2
1284590 1052.9
1284600 1052.9
1284610 1056.5
1284620 1059.4
1284630 1062.6
1284640 1062.6
1284650 1065.9
1284660 1068.3
1284670 1068.3
1284680 1069.9
1284690 1071.3
1284700 1071.3
1284710 1072.1
1284720 1073.7
1284730 1073.7
1284740 1075.9
1284750 1076.7
1284760 1076.7
1284770 1076.7
1284780 1077.3
1284790 1077.3
1284800 1078.2
1284810 1079.9
1284820 1079.9
1284830 1083.5
1284840 1085.8
1284850 1085.8
1284860 1088.8
1284870 1092.1
1284880 1092.1
1284890 1094.5
1284900 1096.2
1284910 1098.9
1284920 1098.9
1284930 1102.9
1284940 1106.6
1284950 1106.6
1284960 1111.9
1284970 1116.4
1284980 1116.4
1284990 1119.8
1285000 1123.8
1285010 1123.8
1285020 1127.4
1285030 1129.4
1285040 1129.4
1285050 1132.3
1285060 1135.8
1285070 1135.8
1285080 1138.4
1285090 1141.7
1285100 1141.7
1285110 1145.2
1285120 1148.4
1285130 1148.4
1285140 1150.6
1285150 1153.7
1285160 1157.2
1285170 1157.2
1285180 1160.4
1285190 1165.1
1285200 1165.1
1285210 1168.7
1285220 1174.3
1285230 1174.3
1285240 1175.8
1285250 1176.3
1285260 1176.3
1285270 1177.7
1285280 1180.7
1285290 1180.7
1285300 1183.9
1285310 1187.4
1285320 1187.4
1285330 1191.2
1285340 1194.4
1285350 1194.4
1285360 1196.6
1285370 1197.5
1285380 1197.5
1285390 1197.9
1285400 1197.5
1285410 1196.2
1285420 1196.2
1285430 1196.4
1285440 1197.7
1285450 1197.7
1285460 1200.1
1285470 1203.5
1285480 1203.5
1285490 1206.4
1285500 1208.8
1285510 1208.8
1285520 1211.3
1285530 1213.8
1285540 1213.8
1285550 1216.7
1285560 1222.3
1285570 1222.3
1285580 1227.7
1285590 1231.4
1285600 1231.4
1285610 1235.6
1285620 1240.2
1285630 1240.2
1285640 1242.4
1285650 1244.4
1285660 1246.8
1285670 1246.8
1285680 1249.2
1285690 1251.3
1285700 1251.3
1285710 1252.8
1285720 1253.9
1285730 1253.9
1285740 1254.9
1285750 1256.0
1285760 1256.0
1285770 1256.8
1285780 1257.3
1285790 1257.3
1285800 1257.6
1285810 1258.1
1285820 1258.1
1285830 1259.0
1285840 1260.3
1285850 1260.3
1285860 1263.6
1285870 1264.5
1285880 1264.5
1285890 1265.1
1285900 1266.0
1285910 1266.0
1285920 1268.1
1285930 1271.7
1285940 1276.5
1285950 1276.5
1285960 1279.7
1285970 1281.9
1285980 1281.9
1285990 1284.2
1286000 1287.3
1286010 1287.3
1286020 1290.5
1286030 1293.6
1286040 1293.6
1286050 1296.2
1286060 1298.0
1286070 1298.0
1286080 1299.7
1286090 1299.8
1286100 1299.8
1286110 1300.2
1286120 1302.0
1286130 1302.0
1286140 1303.9
1286150 1307.1
1286160 1307.1
1286170 1310.5
1286180 1313.8
1286190 1316.1
1286200 1316.1
1286210 1318.9
1286220 1322.3
1286230 1322.3
1286240 1325.4
1286250 1327.6
1286260 1327.6
1286270 1329.8
1286280 1332.3
1286290 1332.3
1286300 1335.4
1286310 1338.8
1286320 1338.8
1286330 1341.9
1286340 1345.2
1286350 1345.2
1286360 1348.9
1286370 1352.8
1286380 1352.8
1286390 1356.3
1286400 1360.1
1286410 1360.1
1286420 1363.9
1286430 1366.7
1286440 1368.8
1286450 1368.8
1286460 1368.7
1286470 1362.7
1286480 1362.7
1286490 1354.0
1286500 1350.6
1286510 1350.6
1286520 1345.1
1286530 1337.9
1286540 1337.9
1286550 1320.5
1286560 1302.7
1286570 1302.7
1286580 1291.0
1286590 1279.8
1286600 1279.8
1286610 1269.8
1286620 1262.0
1286630 1262.0
1286640 1253.3
1286650 1243.3
1286660 1243.3
1286670 1233.0
1286680 1222.1
1286690 1222.1
1286700 1213.1
1286710 1207.3
1286720 1197.2
1286730 1197.2
1286740 1183.4
1286750 1172.7
1286760 1172.7
1286770 1163.6
1286780 1154.2
1286790 1154.2
1286800 1143.9
1286810 1131.4
1286820 1131.4
1286830 1122.7
1286840 1117.7
1286850 1117.7
1286860 1109.0
1286870 1097.5
1286880 1097.5
1286890 1081.7
1286900 1065.2
1286910 1065.2
1286920 1055.6
1286930 1049.3
1286940 1049.3
1286950 1041.8
1286960 1033.8
1286970 1025.5
1286980 1025.5
1286990 1017.4
1287000 1010.4
1287010 1010.4
1287020 1005.4
1287030 1001.6
1287040 1001.6
1287050 999.7
1287060 999.0
1287070 999.0
1287080 999.2
1287090 1001.8
1287100 1001.8
1287110 1007.2
1287120 1013.5
1287130 1013.5
1287140 1018.2
1287150 1019.7
1287160 1019.7
1287170 1023.5
1287180 1026.1
1287190 1026.1
1287200 1028.2
1287210 1030.3
1287220 1032.1
1287230 1032.1
1287240 1032.8
1287250 1032.8
1287260 1032.8
1287270 1034.5
1287280 1038.9
1287290 1038.9
1287300 1043.8
1287310 1049.4
1287320 1049.4
1287330 1054.8
1287340 1058.3
1287350 1058.3
1287360 1060.6
1287370 1065.4
1287380 1065.4
1287390 1070.0
1287400 1074.2
1287410 1074.2
1287420 1078.6
1287430 1083.8
1287440 1083.8
1287450 1091.3
1287460 1097.2
1287470 1101.7
1287480 1101.7
1287490 1105.8
1287500 1109.5
1287510 1109.5
1287520 1113.5
1287530 1117.1
1287540 1117.1
1287550 1120.5
1287560 1124.1
1287570 1124.1
1287580 1128.0
1287590 1132.4
1287600 1132.4
1287610 1137.4
1287620 1143.3
1287630 1143.3
1287640 1149.8
1287650 1156.0
1287660 1156.0
1287670 1161.4
1287680 1166.3
1287690 1166.3
1287700 1171.5
1287710 1176.6
1287720 1176.6
1287730 1181.1
1287740 1185.3
1287750 1189.7
1287760 1189.7
1287770 1194.5
1287780 1199.7
1287790 1198.4
1287800 1201.5
1287810 1205.8
1287820 1205.8
1287830 1209.2
1287840 1213.0
1287850 1213.0
1287860 1217.3
1287870 1221.4
1287880 1221.4
1287890 1225.5
1287900 1230.5
1287910 1230.5
1287920 1236.2
1287930 1242.2
1287940 1242.2
1287950 1248.0
1287960 1253.2
1287970 1253.2
1287980 1257.2
1287990 1260.4
1288000 1262.9
1288010 1262.9
1288020 1265.6
1288030 1268.2
1288040 1268.2
1288050 1270.5
1288060 1273.2
1288070 1273.2
1288080 1276.4
1288090 1279.7
1288100 1279.7
1288110 1283.5
1288120 1287.3
1288130 1287.3
1288140 1290.8
1288150 1294.2
1288160 1294.2
1288170 1297.9
1288180 1301.6
1288190 1301.6
1288200 1305.7
1288210 1311.2
1288220 1311.2
1288230 1317.0
1288240 1323.0
1288250 1329.5
1288260 1329.5
1288270 1335.4
1288280 1339.6
1288290 1339.6
1288300 1343.2
1288310 1346.2
1288320 1346.2
1288330 1349.7
1288340 1353.4
1288350 1353.4
1288360 1356.6
1288370 1359.9
1288380 1359.9
1288390 1363.3
1288400 1366.9
1288410 1366.9
1288420 1371.6
1288430 1376.0
1288440 1375.8
1288450 1380.4
1288460 1384.4
1288470 1384.4
1288480 1388.4
1288490 1392.0
1288500 1392.0
1288510 1394.8
1288520 1397.3
1288530 1400.9
1288540 1400.9
1288550 1404.7
1288560 1408.8
1288570 1408.8
1288580 1413.5
1288590 1417.4
1288600 1417.4
1288610 1421.6
1288620 1425.2
1288630 1425.2
1288640 1428.2
1288650 1431.8
1288660 1431.8
1288670 1435.5
1288680 1440.2
1288690 1440.2
1288700 1444.4
1288710 1448.1
1288720 1448.1
1288730 1451.9
1288740 1456.1
1288750 1456.1
1288760 1460.0
1288770 1463.5
1288780 1467.1
1288790 1467.1
1288800 1470.9
1288810 1474.7
1288820 1474.7
1288830 1477.9
1288840 1481.3
1288850 1481.3
1288860 1484.1
1288870 1486.5
1288880 1486.5
1288890 1489.4
1288900 1492.3
1288910 1492.3
1288920 1495.3
1288930 1498.6
1288940 1498.6
1288950 1502.1
1288960 1505.7
1288970 1505.7
1288980 1509.5
1288990 1513.0
1289000 1513.0
1289010 1517.7
1289020 1520.5
1289030 1523.7
1289040 1523.7
1289050 1526.8
1289060 1528.9
1289070 1528.9
1289080 1532.0
1289090 1536.3
1289100 1536.3
1289110 1540.6
1289120 1545.3
1289130 1545.3
1289140 1549.8
1289150 1551.4
1289160 1551.4
1289170 1552.8
1289180 1555.0
1289190 1555.0
1289200 1557.9
1289210 1561.0
1289220 1561.0
1289230 1563.3
1289240 1565.6
1289250 1565.6
1289260 1570.1
1289270 1574.8
1289280 1578.8
1289290 1578.8
1289300 1583.5
1289310 1587.2
1289320 1587.2
1289330 1590.0
1289340 1592.4
1289350 1592.4
1289360 1595.6
1289370 1597.8
1289380 1597.8
1289390 1600.7
1289400 1602.8
1289410 1602.8
1289420 1604.6
1289430 1606.8
1289440 1606.8
1289450 1609.3
1289460 1612.7
1289470 1612.7
1289480 1616.8
1289490 1621.0
1289500 1621.0
1289510 1624.7
1289520 1626.8
1289530 1626.8
1289540 1629.1
1289550 1632.4
1289560 1635.9
1289570 1635.9
1289580 1640.2
1289590 1645.6
1289600 1645.6
1289610 1650.3
1289620 1653.3
1289630 1653.3
1289640 1656.0
1289650 1661.0
1289660 1661.0
1289670 1665.3
1289680 1666.1
1289690 1666.1
1289700 1668.4
1289710 1671.7
1289720 1671.7
1289730 1673.9
1289740 1677.9
1289750 1677.9
1289760 1678.5
1289770 1678.8
1289780 1678.8
1289790 1679.4
1289800 1680.1
1289810 1680.7
1289820 1680.7
1289830 1679.8
1289840 1678.6
1289850 1678.6
1289860 1679.0
1289870 1679.5
1289880 1679.5
1289890 1681.3
1289900 1682.3
1289910 1682.3
1289920 1682.7
1289930 1683.1
1289940 1683.1
1289950 1684.0
1289960 1686.3
1289970 1686.3
1289980 1686.4
1289990 1685.1
1290000 1685.1
1290010 1683.4
1290020 1681.6
1290030 1681.6
1290040 1679.4
1290050 1676.9
1290060 1673.9
1290070 1673.9
1290080 1670.4
1290090 1667.6
1290100 1667.6
1290110 1665.6
1290120 1663.2
1290130 1663.2
1290140 1660.5
1290150 1657.3
1290160 1657.3
1290170 1654.1
1290180 1650.8
1290190 1650.8
1290200 1647.9
1290210 1645.2
1290220 1645.2
1290230 1640.9
1290240 1634.1
1290250 1634.1
1290260 1627.2
1290270 1617.5
1290280 1617.5
1290290 1611.3
1290300 1608.4
1290310 1608.4
1290320 1607.5
1290330 1604.9
1290340 1600.5
1290350 1600.5
1290360 1597.5
1290370 1595.8
1290380 1595.8
1290390 1594.0
1290400 1598.9
1290410 1598.9
1290420 1596.5
1290430 1591.0
1290440 1591.0
1290450 1584.5
1290460 1580.8
1290470 1580.8
1290480 1575.3
1290490 1567.9
1290500 1567.9
1290510 1562.1
1290520 1557.9
1290530 1557.9
1290540 1555.1
1290550 1554.6
1290560 1554.6
1290570 1554.9
1290580 1555.4
1290590 1555.5
1290600 1555.5
1290610 1555.3
1290620 1554.5
1290630 1554.5
1290640 1553.1
1290650 1552.6
1290660 1552.6
1290670 1552.4
1290680 1551.7
1290690 1551.7
1290700 1550.8
1290710 1550.4
1290720 1550.4
1290730 1550.0
1290740 1550.8
1290750 1550.8
1290760 1552.4
1290770 1553.2
1290780 1553.2
1290790 1552.7
1290800 1552.1
1290810 1552.1
1290820 1554.1
1290830 1554.9
1290840 1553.7
1290850 1553.7
1290860 1553.0
1290870 1550.0
1290880 1550.0
1290890 1546.0
1290900 1544.4
1290910 1544.4
1290920 1543.7
1290930 1539.7
1290940 1539.7
1290950 1536.1
1290960 1533.8
1290970 1533.8
1290980 1532.0
1290990 1531.2
1291000 1531.2
1291010 1530.6
1291020 1528.9
1291030 1528.9
1291040 1526.8
1291050 1524.4
1291060 1528.1
1291070 1526.8
1291080 1525.3
1291090 1524.1
1291100 1524.1
1291110 1521.9
1291120 1519.8
1291130 1519.8
1291140 1517.2
1291150 1513.0
1291160 1513.0
1291170 1508.1
1291180 1505.5
1291190 1505.5
1291200 1505.2
1291210 1504.7
1291220 1504.7
1291230 1503.9
1291240 1503.1
1291250 1503.1
1291260 1502.4
1291270 1500.9
1291280 1500.9
1291290 1499.4
1291300 1497.9
1291310 1497.9
1291320 1497.6
1291330 1496.7
1291340 1496.7
1291350 1497.3
1291360 1499.9
1291370 1502.9
1291380 1502.9
1291390 1505.5
1291400 1506.7
1291410 1506.7
1291420 1506.6
1291430 1505.4
1291440 1505.4
1291450 1504.3
1291460 1503.5
1291470 1503.5
1291480 1502.6
1291490 1502.0
1291500 1502.0
1291510 1501.4
1291520 1501.1
1291530 1501.1
1291540 1500.2
1291550 1498.7
1291560 1498.7
1291570 1497.2
1291580 1495.9
1291590 1495.9
1291600 1494.0
1291610 1491.8
1291620 1490.5
1291630 1490.5
1291640 1487.5
1291650 1483.5
1291660 1483.5
1291670 1479.9
1291680 1478.0
1291690 1478.0
1291700 1476.1
1291710 1473.9
1291720 1476.8
1291730 1474.7
1291740 1472.4
1291750 1472.4
1291760 1469.7
1291770 1467.5
1291780 1467.5
1291790 1466.0
1291800 1461.8
1291810 1461.8
1291820 1455.9
1291830 1451.1
1291840 1451.1
1291850 1444.8
1291860 1437.5
1291870 1428.8
1291880 1428.8
1291890 1422.4
1291900 1416.8
1291910 1416.8
1291920 1410.5
1291930 1401.5
1291940 1401.5
1291950 1391.1
1291960 1381.7
1291970 1381.7
1291980 1372.6
1291990 1365.0
1292000 1365.0
1292010 1360.1
1292020 1356.7
1292030 1356.7
1292040 1354.9
1292050 1352.8
1292060 1352.8
1292070 1351.2
1292080 1349.3
1292090 1349.3
1292100 1347.1
1292110 1345.6
1292120 1341.2
1292130 1341.2
1292140 1331.0
1292150 1322.9
1292160 1322.9
1292170 1314.5
1292180 1306.9
1292190 1306.9
1292200 1299.6
1292210 1292.8
1292220 1292.8
1292230 1286.1
1292240 1279.0
1292250 1279.0
1292260 1271.6
1292270 1263.8
1292280 1263.8
1292290 1253.1
1292300 1243.3
1292310 1243.3
1292320 1236.3
1292330 1229.5
1292340 1229.5
1292350 1222.6
1292360 1218.1
1292370 1218.1
1292380 1222.5
1292390 1216.7
1292400 1209.6
1292410 1209.6
1292420 1202.8
1292430 1195.9
1292440 1195.9
1292450 1189.3
1292460 1180.1
1292470 1180.1
1292480 1174.0
1292490 1167.2
1292500 1167.2
1292510 1159.8
1292520 1151.1
1292530 1151.1
1292540 1144.3
1292550 1141.1
1292560 1141.1
1292570 1137.3
1292580 1132.6
1292590 1132.6
1292600 1127.2
1292610 1121.2
1292620 1121.2
1292630 1115.0
1292640 1108.6
1292650 1102.2
1292660 1102.2
1292670 1096.0
1292680 1087.9
1292690 1087.9
1292700 1079.5
1292710 1071.9
1292720 1071.9
1292730 1064.1
1292740 1057.8
1292750 1057.8
1292760 1046.8
1292770 1036.3
1292780 1036.3
1292790 1029.2
1292800 1022.5
1292810 1022.5
1292820 1016.9
1292830 1013.1
1292840 1013.1
1292850 1009.6
1292860 1006.4
1292870 1006.4
1292880 1003.9
1292890 1001.9
1292900 1000.5
1292910 1000.5
1292920 999.7
1292930 999.2
1292940 999.2
1292950 997.5
1292960 999.3
1292970 999.3
1292980 1000.4
1292990 1001.8
1293000 1001.8
1293010 1006.0
1293020 1012.1
1293030 1012.1
1293040 1018.3
1293050 1026.9
1293060 1026.9
1293070 1033.7
1293080 1041.0
1293090 1041.0
1293100 1048.9
1293110 1056.2
1293120 1056.2
1293130 1069.9
1293140 1083.9
1293150 1083.9
1293160 1091.2
1293170 1096.7
1293180 1108.6
1293190 1108.6
1293200 1124.4
1293210 1141.9
1293220 1141.9
1293230 1150.0
1293240 1157.4
1293250 1157.4
1293260 1165.6
1293270 1174.9
1293280 1174.9
1293290 1188.0
1293300 1197.5
1293310 1197.5
1293320 1205.0
1293330 1212.4
1293340 1212.4
1293350 1219.3
1293360 1226.2
1293370 1226.2
1293380 1233.6
1293390 1241.5
1293400 1241.5
1293410 1251.3
1293420 1260.8
1293430 1267.4
1293440 1267.4
1293450 1274.3
1293460 1280.8
1293470 1280.8
1293480 1287.4
1293490 1295.0
1293500 1295.0
1293510 1300.7
1293520 1305.4
1293530 1305.4
1293540 1310.9
1293550 1315.7
1293560 1315.7
1293570 1321.8
1293580 1328.6
1293590 1328.6
1293600 1334.3
1293610 1339.2
1293620 1339.2
1293630 1345.2
1293640 1351.8
1293650 1351.8
1293660 1356.7
1293670 1361.8
1293680 1367.1
1293690 1367.1
1293700 1374.0
1293710 1382.9
1293720 1382.9
1293730 1386.8
1293740 1389.7
1293750 1389.7
1293760 1391.7
1293770 1393.2
1293780 1393.2
1293790 1394.3
1293800 1397.6
1293810 1397.6
1293820 1402.7
1293830 1408.7
1293840 1408.7
1293850 1415.7
1293860 1422.0
1293870 1422.0
1293880 1427.2
1293890 1431.9
1293900 1431.9
1293910 1435.4
1293920 1438.8
1293930 1442.9
1293940 1442.9
1293950 1448.6
1293960 1454.1
1293970 1454.1
1293980 1459.2
1293990 1463.1
1294000 1463.1
1294010 1465.4
1294020 1468.5
1294030 1468.5
1294040 1471.8
1294050 1475.6
1294060 1475.6
1294070 1479.7
1294080 1483.5
1294090 1483.5
1294100 1487.5
1294110 1491.3
1294120 1491.3
1294130 1494.8
1294140 1498.4
1294150 1498.4
1294160 1503.0
1294170 1509.1
1294180 1509.1
1294190 1515.6
1294200 1521.4
1294210 1526.4
1294220 1526.4
1294230 1529.8
1294240 1533.2
1294250 1533.2
1294260 1536.3
1294270 1539.3
1294280 1539.3
1294290 1542.9
1294300 1547.2
1294310 1547.2
1294320 1551.8
1294330 1557.9
1294340 1557.9
1294350 1564.4
1294360 1569.4
1294370 1569.3
1294380 1573.7
1294390 1577.9
1294400 1577.9
1294410 1582.2
1294420 1585.0
1294430 1585.0
1294440 1588.2
1294450 1591.8
1294460 1594.9
1294470 1594.9
1294480 1597.7
1294490 1601.2
1294500 1601.2
1294510 1605.3
1294520 1608.9
1294530 1608.9
1294540 1612.5
1294550 1616.6
1294560 1616.6
1294570 1620.9
1294580 1624.5
1294590 1624.5
1294600 1628.0
1294610 1631.3
1294620 1631.3
1294630 1633.9
1294640 1635.7
1294650 1635.7
1294660 1637.1
1294670 1637.7
1294680 1637.7
1294690 1639.0
1294700 1641.1
1294710 1643.1
1294720 1643.1
1294730 1646.2
1294740 1649.6
1294750 1649.6
1294760 1653.1
1294770 1656.4
1294780 1656.4
1294790 1659.3
1294800 1663.1
1294810 1663.1
1294820 1666.6
1294830 1671.3
1294840 1671.3
1294850 1675.5
1294860 1678.8
1294870 1678.8
1294880 1680.5
1294890 1683.0
1294900 1683.0
1294910 1687.3
1294920 1691.2
1294930 1691.2
1294940 1694.2
1294950 1698.5
1294960 1703.1
1294970 1703.1
1294980 1708.3
1294990 1712.5
1295000 1712.5
1295010 1716.4
1295020 1721.6
1295030 1721.6
1295040 1727.1
1295050 1731.8
1295060 1731.8
1295070 1735.9
1295080 1740.6
1295090 1740.6
1295100 1745.8
1295110 1750.2
1295120 1750.2
1295130 1754.2
1295140 1757.5
1295150 1757.5
1295160 1760.2
1295170 1762.3
1295180 1762.3
1295190 1763.4
1295200 1764.4
1295210 1764.4
1295220 1766.2
1295230 1768.7
1295240 1773.0
1295250 1773.0
1295260 1777.0
1295270 1781.2
1295280 1781.2
1295290 1785.8
1295300 1791.8
1295310 1791.8
1295320 1797.6
1295330 1802.3
1295340 1802.3
1295350 1806.3
1295360 1811.5
1295370 1811.5
1295380 1816.9
1295390 1821.4
1295400 1821.4
1295410 1825.8
1295420 1831.7
1295430 1831.7
1295440 1836.3
1295450 1842.1
1295460 1842.1
1295470 1846.5
1295480 1849.6
1295490 1851.5
1295500 1851.5
1295510 1853.7
1295520 1856.3
1295530 1856.3
1295540 1858.8
1295550 1863.3
1295560 1863.3
1295570 1868.2
1295580 1873.8
1295590 1873.8
1295600 1880.6
1295610 1886.2
1295620 1886.2
1295630 1891.2
1295640 1896.3
1295650 1896.3
1295660 1901.9
1295670 1908.3
1295680 1908.3
1295690 1914.2
1295700 1919.7
1295710 1919.7
1295720 1926.4
1295730 1934.4
1295740 1941.6
1295750 1941.6
1295760 1948.3
1295770 1954.4
1295780 1954.4
1295790 1961.6
1295800 1969.0
1295810 1969.0
1295820 1975.5
1295830 1981.1
1295840 1981.1
1295850 1986.5
1295860 1992.0
1295870 1992.0
1295880 1996.8
1295890 2001.2
1295900 2001.2
1295910 2007.5
1295920 2014.0
1295930 2014.0
1295940 2020.2
1295950 2026.7
1295960 2026.7
1295970 2031.6
1295980 2034.6
1295990 2034.6
1296000 2037.7
1296010 2040.9
1296020 2043.0
1296030 2043.0
1296040 2044.3
1296050 2043.9
1296060 2043.9
1296070 2043.7
1296080 2045.5
1296090 2045.5
1296100 2048.0
1296110 2049.5
1296120 2049.5
1296130 2049.6
1296140 2049.6
1296150 2049.6
1296160 2048.8
1296170 2047.0
1296180 2047.0
1296190 2045.1
1296200 2045.5
1296210 2045.5
1296220 2045.2
1296230 2043.7
1296240 2043.7
1296250 2041.9
1296260 2041.8
1296270 2042.8
1296280 2042.8
1296290 2044.2
1296300 2043.7
1296310 2043.7
1296320 2042.2
1296330 2040.9
1296340 2040.9
1296350 2039.5
1296360 2038.4
1296370 2038.4
1296380 2036.9
1296390 2040.4
1296400 2040.4
1296410 2034.9
1296420 2030.4
1296430 2030.4
1296440 2028.3
1296450 2027.0
1296460 2027.0
1296470 2026.0
1296480 2025.7
1296490 2025.7
1296500 2023.5
1296510 2020.3
1296520 2019.0
1296530 2019.0
1296540 2019.5
1296550 2018.5
1296560 2018.5
1296570 2018.3
1296580 2018.0
1296590 2018.0
1296600 2016.5
1296610 2015.9
1296620 2015.9
1296630 2015.0
1296640 2013.9
1296650 2013.9
1296660 2013.9
1296670 2013.8
1296680 2013.8
1296690 2011.9
1296700 2010.6
1296710 2010.6
1296720 2008.8
1296730 2007.4
1296740 2007.4
1296750 2008.1
1296760 2006.2
1296770 2005.3
1296780 2005.3
1296790 2003.2
1296800 1999.9
1296810 1999.9
1296820 1995.9
1296830 1990.8
1296840 1990.8
1296850 1985.9
1296860 1980.9
1296870 1980.9
1296880 1975.4
1296890 1970.1
1296900 1970.1
1296910 1964.8
1296920 1959.1
1296930 1959.1
1296940 1954.1
1296950 1949.6
1296960 1949.6
1296970 1944.7
1296980 1940.7
1296990 1940.7
1297000 1936.7
1297010 1932.6
1297020 1932.6
1297030 1928.4
1297040 1923.6
1297050 1917.9
1297060 1917.9
1297070 1913.6
1297080 1908.1
1297090 1908.1
1297100 1902.8
1297110 1897.1
1297120 1897.1
1297130 1891.5
1297140 1886.7
1297150 1886.7
1297160 1882.5
1297170 1878.4
1297180 1878.4
1297190 1874.2
1297200 1869.7
1297210 1869.7
1297220 1865.3
1297230 1860.8
1297240 1860.8
1297250 1856.1
1297260 1851.4
1297270 1851.4
1297280 1848.6
1297290 1845.1
1297300 1840.8
1297310 1840.8
1297320 1838.6
1297330 1838.0
1297340 1838.0
1297350 1835.7
1297360 1832.8
1297370 1832.8
1297380 1832.5
1297390 1832.8
1297400 1832.8
1297410 1833.3
1297420 1832.4
1297430 1832.4
1297440 1831.4
1297450 1832.0
1297460 1832.0
1297470 1834.8
1297480 1832.5
1297490 1832.5
1297500 1830.6
1297510 1830.2
1297520 1830.2
1297530 1829.5
1297540 1829.9
1297550 1831.7
1297560 1831.7
1297570 1832.5
1297580 1832.3
1297590 1832.3
1297600 1831.8
1297610 1831.6
1297620 1831.6
1297630 1830.8
1297640 1829.8
1297650 1829.8
1297660 1829.6
1297670 1829.2
1297680 1829.2
1297690 1828.1
1297700 1827.1
1297710 1827.1
1297720 1826.9
1297730 1825.5
1297740 1825.5
1297750 1828.0
1297760 1826.6
1297770 1826.6
1297780 1825.7
1297790 1824.3
1297800 1822.0
1297810 1822.0
1297820 1817.7
1297830 1811.8
1297840 1811.8
1297850 1806.0
1297860 1802.2
1297870 1802.2
1297880 1799.6
1297890 1795.4
1297900 1795.4
1297910 1791.0
1297920 1786.5
1297930 1786.5
1297940 1781.5
1297950 1776.6
1297960 1776.6
1297970 1771.1
1297980 1765.2
1297990 1765.2
1298000 1758.6
1298010 1752.4
1298020 1752.4
1298030 1746.9
1298040 1741.2
1298050 1741.2
1298060 1735.4
1298070 1729.6
1298080 1723.9
1298090 1723.9
1298100 1718.3
1298110 1712.7
1298120 1712.7
1298130 1707.1
1298140 1701.5
1298150 1701.5
1298160 1696.3
1298170 1691.3
1298180 1691.3
1298190 1685.9
1298200 1679.7
1298210 1679.7
1298220 1672.0
1298230 1663.7
1298240 1663.7
1298250 1654.9
1298260 1645.8
1298270 1645.8
1298280 1639.2
1298290 1632.5
1298300 1632.5
1298310 1626.9
1298320 1620.7
1298330 1616.9
1298340 1616.9
1298350 1615.6
1298360 1614.3
1298370 1614.3
1298380 1613.0
1298390 1611.7
1298400 1611.7
1298410 1610.0
1298420 1607.6
1298430 1608.7
1298440 1605.3
1298450 1601.8
1298460 1601.8
1298470 1597.5
1298480 1593.8
1298490 1593.8
1298500 1590.7
1298510 1588.5
1298520 1588.5
1298530 1586.2
1298540 1582.9
1298550 1582.9
1298560 1580.0
1298570 1578.1
1298580 1576.1
1298590 1576.1
1298600 1572.8
1298610 1569.4
1298620 1569.4
1298630 1566.5
1298640 1563.2
1298650 1563.2
1298660 1560.6
1298670 1557.6
1298680 1557.6
1298690 1555.2
1298700 1552.6
1298710 1552.6
1298720 1550.5
1298730 1548.2
1298740 1548.2
1298750 1545.3
1298760 1542.3
1298770 1542.3
1298780 1538.8
1298790 1535.2
1298800 1535.2
1298810 1532.0
1298820 1528.7
1298830 1525.7
1298840 1525.7
1298850 1522.7
1298860 1518.5
1298870 1518.5
1298880 1512.7
1298890 1507.8
1298900 1507.8
1298910 1503.7
1298920 1500.3
1298930 1500.3
1298940 1495.8
1298950 1490.2
1298960 1490.2
1298970 1489.1
1298980 1490.4
1298990 1490.4
1299000 1490.1
1299010 1488.1
1299020 1488.1
1299030 1486.0
1299040 1483.6
1299050 1483.6
1299060 1481.0
1299070 1478.2
1299080 1478.2
1299090 1474.7
1299100 1468.8
1299110 1460.8
1299120 1462.0
1299130 1460.0
1299140 1466.3
1299150 1466.3
1299160 1471.8
1299170 1474.3
1299180 1474.3
1299190 1476.4
1299200 1477.7
1299210 1477.7
1299220 1478.7
1299230 1479.7
1299240 1479.7
1299250 1479.4
1299260 1477.8
1299270 1477.8
1299280 1477.7
1299290 1478.9
1299300 1478.9
1299310 1482.7
1299320 1486.2
1299330 1486.2
1299340 1489.5
1299350 1492.7
1299360 1496.0
1299370 1496.0
1299380 1498.9
1299390 1501.4
1299400 1501.4
1299410 1505.2
1299420 1509.2
1299430 1509.2
1299440 1513.4
1299450 1518.1
1299460 1518.1
1299470 1521.9
1299480 1525.6
1299490 1525.6
1299500 1528.9
1299510 1532.8
1299520 1532.8
1299530 1536.8
1299540 1539.7
1299550 1539.7
1299560 1542.5
1299570 1544.8
1299580 1544.8
1299590 1546.7
1299600 1550.7
1299610 1556.0
1299620 1556.0
1299630 1560.6
1299640 1564.8
1299650 1564.8
1299660 1569.1
1299670 1573.1
1299680 1573.1
1299690 1576.8
1299700 1579.9
1299710 1579.9
1299720 1582.7
1299730 1585.5
1299740 1585.5
1299750 1588.2
1299760 1589.8
1299770 1589.8
1299780 1588.5
1299790 1583.5
1299800 1590.1
1299810 1585.7
1299820 1581.1
1299830 1581.1
1299840 1575.8
1299850 1571.3
1299860 1571.3
1299870 1566.6
1299880 1562.7
1299890 1559.1
1299900 1559.1
1299910 1556.2
1299920 1551.7
1299930 1551.7
1299940 1545.7
1299950 1539.2
1299960 1539.2
1299970 1533.5
1299980 1531.2
1299990 1531.2
