1280000 898.9
1280010 896.8
1280020 894.9
1280030 894.9
1280040 893.2
1280050 892.0
1280060 891.2
1280070 891.2
1280080 891.0
1280090 890.8
1280100 890.8
1280110 890.6
1280120 890.6
1280130 890.6
1280140 890.7
1280150 890.7
1280160 890.7
1280170 890.5
1280180 890.4
1280190 890.4
1280200 890.7
1280210 890.9
1280220 890.9
1280230 891.1
1280240 891.2
1280250 891.2
1280260 891.4
1280270 891.6
1280280 891.6
1280290 891.8
1280300 891.9
1280310 892.3
1280320 892.3
1280330 892.9
1280340 893.7
1280350 893.7
1280360 894.2
1280370 894.8
1280380 894.8
1280390 895.1
1280400 894.9
1280410 894.9
1280420 894.5
1280430 894.7
1280440 894.7
1280450 894.8
1280460 894.9
1280470 894.9
1280480 895.0
1280490 895.1
1280500 895.1
1280510 895.3
1280520 895.3
1280530 895.3
1280540 895.3
1280550 895.3
1280560 895.4
1280570 895.4
1280580 895.5
1280590 895.6
1280600 895.6
1280610 895.8
1280620 896.0
1280630 896.0
1280640 896.8
1280650 897.5
1280660 897.5
1280670 897.9
1280680 897.9
1280690 897.9
1280700 898.0
1280710 898.8
1280720 898.8
1280730 899.1
1280740 899.0
1280750 899.0
1280760 898.7
1280770 898.7
1280780 898.7
1280790 898.6
1280800 898.5
1280810 898.6
1280820 898.6
1280830 898.7
1280840 898.6
1280850 898.6
1280860 899.4
1280870 901.1
1280880 901.1
1280890 902.0
1280900 902.4
1280910 902.4
1280920 902.9
1280930 903.3
1280940 903.3
1280950 903.6
1280960 903.8
1280970 903.8
1280980 903.8
1280990 903.6
1281000 903.6
1281010 903.1
1281020 902.3
1281030 902.3
1281040 899.6
1281050 898.6
1281060 898.6
1281070 897.9
1281080 897.1
1281090 896.5
1281100 896.5
1281110 895.9
1281120 895.5
1281130 895.5
1281140 896.4
1281150 897.8
1281160 897.8
1281170 898.7
1281180 899.1
1281190 899.1
1281200 899.7
1281210 899.9
1281220 899.9
1281230 900.1
1281240 900.3
1281250 900.3
1281260 900.5
1281270 900.2
1281280 900.2
1281290 899.9
1281300 900.0
1281310 900.0
1281320 900.0
1281330 900.1
1281340 900.3
1281350 900.3
1281360 900.7
1281370 900.9
1281380 900.9
1281390 900.2
1281400 897.8
1281410 897.8
1281420 895.1
1281430 892.7
1281440 892.7
1281450 887.0
1281460 878.9
1281470 878.9
1281480 870.8
1281490 866.8
1281500 866.8
1281510 867.2
1281520 867.0
1281530 867.0
1281540 866.4
1281550 865.2
1281560 865.2
1281570 863.9
1281580 863.2
1281590 862.4
1281600 862.4
1281610 861.7
1281620 860.5
1281630 860.5
1281640 860.2
1281650 860.5
1281660 860.5
1281670 864.1
1281680 869.8
1281690 869.8
1281700 875.9
1281710 881.8
1281720 881.8
1281730 887.4
1281740 893.6
1281750 893.6
1281760 899.8
1281770 904.2
1281780 904.2
1281790 906.5
1281800 905.5
1281810 905.5
1281820 903.8
1281830 903.1
1281840 903.1
1281850 902.7
1281860 902.0
1281870 901.8
1281880 901.8
1281890 901.9
1281900 902.3
1281910 902.3
1281920 902.7
1281930 903.3
1281940 903.3
1281950 904.7
1281960 906.9
1281970 906.9
1281980 908.5
1281990 908.7
1282000 908.7
1282010 905.3
1282020 897.8
1282030 897.8
1282040 890.0
1282050 882.7
1282060 882.7
1282070 876.1
1282080 870.6
1282090 870.6
1282100 868.1
1282110 869.0
1282120 870.6
1282130 870.6
1282140 871.5
1282150 871.0
1282160 871.0
1282170 868.9
1282180 866.9
1282190 866.9
1282200 865.6
1282210 865.5
1282220 865.5
1282230 866.1
1282240 867.2
1282250 867.2
1282260 869.9
1282270 872.4
1282280 872.4
1282290 875.0
1282300 878.7
1282310 878.7
1282320 883.7
1282330 889.3
1282340 889.3
1282350 894.6
1282360 899.9
1282370 905.3
1282380 905.3
1282390 911.0
1282400 916.2
1282410 916.2
1282420 918.7
1282430 919.5
1282440 919.5
1282450 920.1
1282460 920.5
1282470 920.5
1282480 920.8
1282490 921.0
1282500 921.0
1282510 921.1
1282520 921.1
1282530 921.1
1282540 921.2
1282550 921.3
1282560 921.3
1282570 921.5
1282580 922.1
1282590 922.1
1282600 923.4
1282610 924.2
1282620 924.6
1282630 924.6
1282640 925.0
1282650 926.0
1282660 926.0
1282670 927.2
1282680 927.9
1282690 927.9
1282700 928.0
1282710 928.2
1282720 928.2
1282730 928.5
1282740 928.9
1282750 928.9
1282760 929.4
1282770 929.9
1282780 929.9
1282790 930.4
1282800 930.9
1282810 930.9
1282820 931.5
1282830 932.1
1282840 932.1
1282850 932.8
1282860 933.4
1282870 933.4
1282880 934.1
1282890 934.9
1282900 935.8
1282910 935.8
1282920 937.5
1282930 938.3
1282940 938.3
1282950 939.1
1282960 939.7
1282970 939.7
1282980 940.3
1282990 940.9
1283000 940.9
1283010 941.6
1283020 942.2
1283030 942.2
1283040 943.0
1283050 943.8
1283060 943.8
1283070 944.5
1283080 945.0
1283090 945.0
1283100 945.5
1283110 946.0
1283120 946.0
1283130 946.4
1283140 947.1
1283150 947.8
1283160 947.8
1283170 948.3
1283180 948.9
1283190 948.9
1283200 949.7
1283210 950.5
1283220 950.5
1283230 951.4
1283240 952.0
1283250 952.0
1283260 952.2
1283270 952.4
1283280 952.4
1283290 952.7
1283300 953.0
1283310 953.0
1283320 953.4
1283330 953.9
1283340 953.9
1283350 954.4
1283360 954.7
1283370 954.7
1283380 955.0
1283390 955.5
1283400 955.9
1283410 955.9
1283420 956.4
1283430 956.6
1283440 956.6
1283450 956.7
1283460 957.3
1283470 957.3
1283480 958.6
1283490 956.0
1283500 956.0
1283510 954.8
1283520 956.8
1283530 956.8
1283540 958.6
1283550 959.2
1283560 963.4
1283570 963.1
1283580 961.9
1283590 961.9
1283600 964.4
1283610 965.9
1283620 965.9
1283630 965.9
1283640 966.2
1283650 967.9
1283660 967.9
1283670 969.4
1283680 969.7
1283690 969.7
1283700 968.7
1283710 968.1
1283720 968.1
1283730 968.0
1283740 968.2
1283750 968.2
1283760 969.0
1283770 970.6
1283780 970.6
1283790 973.2
1283800 977.1
1283810 977.1
1283820 980.9
1283830 984.2
1283840 984.2
1283850 986.1
1283860 988.2
1283870 988.2
1283880 991.1
1283890 993.9
1283900 993.9
1283910 998.1
1283920 998.6
1283930 999.7
1283940 999.7
1283950 1002.5
1283960 1005.9
1283970 1005.9
1283980 1005.6
1283990 1005.9
1284000 1005.9
1284010 1007.0
1284020 1010.0
1284030 1010.0
1284040 1017.2
1284050 1024.2
1284060 1024.2
1284070 1024.0
1284080 1023.6
1284090 1023.6
1284100 1020.5
1284110 1017.6
1284120 1017.6
1284130 1018.9
1284140 1026.3
1284150 1026.3
1284160 1030.9
1284170 1032.0
1284180 1033.5
1284190 1036.4
1284200 1037.6
1284210 1039.8
1284220 1039.8
1284230 1043.4
1284240 1047.3
1284250 1047.3
1284260 1051.1
1284270 1054.9
1284280 1054.9
1284290 1057.8
1284300 1060.5
1284310 1060.5
1284320 1063.4
1284330 1066.3
1284340 1066.3
1284350 1067.6
1284360 1068.8
1284370 1068.8
1284380 1071.2
1284390 1074.2
1284400 1074.2
1284410 1076.5
1284420 1080.9
1284430 1086.8
1284440 1086.8
1284450 1091.1
1284460 1096.2
1284470 1096.2
1284480 1099.1
1284490 1101.2
1284500 1101.2
1284510 1102.9
1284520 1103.9
1284530 1103.9
1284540 1104.8
1284550 1105.8
1284560 1105.8
1284570 1106.9
1284580 1108.2
1284590 1108.2
1284600 1110.0
1284610 1112.9
1284620 1112.9
1284630 1115.6
1284640 1117.3
1284650 1117.3
1284660 1119.0
1284670 1120.3
1284680 1120.3
1284690 1122.0
1284700 1125.2
1284710 1129.1
1284720 1129.1
1284730 1132.2
1284740 1134.4
1284750 1134.4
1284760 1136.9
1284770 1139.2
1284780 1139.2
1284790 1142.2
1284800 1146.5
1284810 1146.5
1284820 1151.8
1284830 1158.9
1284840 1158.9
1284850 1161.3
1284860 1162.8
1284870 1162.8
1284880 1165.2
1284890 1168.3
1284900 1168.3
1284910 1170.3
1284920 1171.3
1284930 1171.3
1284940 1172.6
1284950 1173.5
1284960 1175.8
1284970 1175.8
1284980 1178.5
1284990 1182.4
1285000 1182.4
1285010 1185.7
1285020 1188.2
1285030 1188.2
1285040 1190.7
1285050 1193.8
1285060 1193.8
1285070 1196.4
1285080 1199.2
1285090 1199.2
1285100 1203.7
1285110 1208.6
1285120 1208.6
1285130 1211.1
1285140 1213.7
1285150 1213.7
1285160 1216.6
1285170 1219.3
1285180 1219.3
1285190 1221.7
1285200 1222.7
1285210 1222.9
1285220 1222.9
1285230 1223.3
1285240 1223.0
1285250 1223.0
1285260 1223.3
1285270 1228.2
1285280 1228.2
1285290 1234.6
1285300 1239.9
1285310 1239.9
1285320 1243.8
1285330 1247.5
1285340 1247.5
1285350 1250.1
1285360 1251.6
1285370 1251.6
1285380 1252.6
1285390 1252.8
1285400 1252.8
1285410 1252.2
1285420 1251.4
1285430 1251.4
1285440 1251.5
1285450 1252.3
1285460 1254.0
1285470 1258.7
1285480 1260.8
1285490 1262.9
1285500 1262.9
1285510 1263.6
1285520 1264.3
1285530 1264.3
1285540 1264.9
1285550 1265.5
1285560 1265.5
1285570 1266.7
1285580 1269.6
1285590 1269.6
1285600 1271.3
1285610 1271.8
1285620 1271.8
1285630 1272.4
1285640 1274.3
1285650 1274.3
1285660 1275.7
1285670 1276.1
1285680 1276.1
1285690 1276.7
1285700 1277.5
1285710 1277.5
1285720 1278.3
1285730 1279.1
1285740 1280.6
1285750 1280.6
1285760 1283.1
1285770 1285.8
1285780 1285.8
1285790 1288.4
1285800 1291.6
1285810 1291.6
1285820 1294.6
1285830 1297.1
1285840 1297.1
1285850 1299.5
1285860 1301.8
1285870 1301.8
1285880 1304.2
1285890 1307.5
1285900 1307.5
1285910 1311.6
1285920 1315.2
1285930 1315.2
1285940 1318.2
1285950 1320.3
1285960 1320.3
1285970 1322.5
1285980 1324.9
1285990 1326.6
1286000 1326.6
1286010 1327.9
1286020 1329.0
1286030 1329.0
1286040 1329.8
1286050 1330.6
1286060 1330.6
1286070 1331.6
1286080 1332.5
1286090 1332.5
1286100 1333.2
1286110 1335.0
1286120 1335.0
1286130 1335.8
1286140 1336.6
1286150 1336.6
1286160 1337.9
1286170 1340.0
1286180 1340.0
1286190 1342.3
1286200 1343.9
1286210 1343.9
1286220 1346.0
1286230 1350.8
1286240 1357.1
1286250 1357.1
1286260 1363.0
1286270 1367.8
1286280 1367.8
1286290 1370.8
1286300 1372.9
1286310 1372.9
1286320 1375.7
1286330 1379.8
1286340 1379.8
1286350 1384.6
1286360 1389.0
1286370 1389.0
1286380 1390.9
1286390 1391.7
1286400 1391.7
1286410 1391.9
1286420 1390.6
1286430 1390.6
1286440 1389.6
1286450 1388.8
1286460 1388.8
1286470 1387.5
1286480 1387.2
1286490 1385.5
1286500 1385.5
1286510 1379.5
1286520 1375.3
1286530 1375.3
1286540 1372.6
1286550 1367.7
1286560 1367.7
1286570 1357.7
1286580 1340.9
1286590 1340.9
1286600 1323.7
1286610 1307.1
1286620 1307.1
1286630 1299.5
1286640 1294.2
1286650 1294.2
1286660 1286.5
1286670 1266.9
1286680 1266.9
1286690 1254.5
1286700 1247.8
1286710 1247.8
1286720 1239.7
1286730 1222.7
1286740 1222.7
1286750 1195.0
1286760 1181.5
1286770 1172.6
1286780 1172.6
1286790 1164.4
1286800 1155.0
1286810 1155.0
1286820 1147.1
1286830 1139.5
1286840 1139.5
1286850 1135.7
1286860 1134.5
1286870 1134.5
1286880 1132.9
1286890 1127.9
1286900 1127.9
1286910 1123.9
1286920 1119.7
1286930 1119.7
1286940 1114.4
1286950 1109.7
1286960 1109.7
1286970 1104.8
1286980 1099.9
1286990 1099.9
1287000 1096.9
1287010 1093.0
1287020 1090.2
1287030 1090.2
1287040 1088.7
1287050 1084.8
1287060 1084.8
1287070 1079.5
1287080 1072.7
1287090 1072.7
1287100 1065.3
1287110 1059.9
1287120 1059.9
1287130 1055.1
1287140 1050.4
1287150 1050.4
1287160 1043.8
1287170 1036.4
1287180 1036.4
1287190 1029.5
1287200 1031.9
1287210 1031.9
1287220 1038.5
1287230 1045.1
1287240 1045.1
1287250 1050.0
1287260 1057.1
1287270 1061.5
1287280 1061.5
1287290 1064.0
1287300 1067.3
1287310 1067.3
1287320 1071.5
1287330 1075.5
1287340 1075.5
1287350 1078.3
1287360 1081.4
1287370 1081.4
1287380 1084.7
1287390 1093.1
1287400 1093.1
1287410 1097.6
1287420 1102.5
1287430 1102.5
1287440 1108.8
1287450 1115.9
1287460 1115.9
1287470 1121.2
1287480 1125.1
1287490 1125.1
1287500 1128.6
1287510 1131.6
1287520 1131.6
1287530 1133.8
1287540 1136.7
1287550 1139.6
1287560 1139.6
1287570 1141.8
1287580 1144.9
1287590 1144.9
1287600 1149.5
1287610 1154.2
1287620 1154.2
1287630 1158.7
1287640 1159.3
1287650 1159.3
1287660 1158.3
1287670 1159.6
1287680 1159.6
1287690 1161.3
1287700 1162.4
1287710 1162.4
1287720 1163.5
1287730 1165.4
1287740 1165.4
1287750 1165.9
1287760 1166.1
1287770 1166.1
1287780 1166.6
1287790 1168.6
1287800 1169.9
1287810 1169.9
1287820 1172.7
1287830 1174.5
1287840 1174.5
1287850 1175.9
1287860 1180.9
1287870 1180.9
1287880 1188.2
1287890 1194.8
1287900 1194.8
1287910 1197.9
1287920 1197.8
1287930 1197.8
1287940 1203.2
1287950 1212.7
1287960 1212.7
1287970 1219.1
1287980 1224.3
1287990 1224.3
1288000 1229.1
1288010 1234.5
1288020 1234.5
1288030 1240.9
1288040 1245.9
1288050 1248.9
1288060 1248.9
1288070 1253.9
1288080 1259.6
1288090 1259.6
1288100 1264.4
1288110 1267.7
1288120 1267.7
1288130 1271.5
1288140 1275.8
1288150 1275.8
1288160 1280.4
1288170 1285.2
1288180 1285.2
1288190 1290.8
1288200 1296.1
1288210 1296.1
1288220 1300.7
1288230 1305.6
1288240 1305.6
1288250 1309.3
1288260 1312.7
1288270 1312.7
1288280 1317.0
1288290 1322.3
1288300 1327.6
1288310 1327.6
1288320 1331.3
1288330 1335.0
1288340 1335.0
1288350 1338.5
1288360 1342.9
1288370 1342.9
1288380 1348.8
1288390 1354.0
1288400 1354.0
1288410 1358.0
1288420 1361.5
1288430 1361.5
1288440 1364.8
1288450 1367.9
1288460 1367.9
1288470 1370.7
1288480 1373.2
1288490 1373.2
1288500 1375.7
1288510 1378.2
1288520 1378.2
1288530 1380.7
1288540 1383.4
1288550 1383.4
1288560 1386.4
1288570 1389.5
1288580 1391.9
1288590 1391.9
1288600 1394.1
1288610 1397.3
1288620 1397.3
1288630 1400.2
1288640 1403.4
1288650 1403.4
1288660 1406.9
1288670 1408.9
1288680 1408.9
1288690 1410.4
1288700 1413.7
1288710 1413.7
1288720 1416.9
1288730 1419.9
1288740 1419.9
1288750 1423.5
1288760 1427.9
1288770 1427.9
1288780 1432.2
1288790 1435.8
1288800 1435.8
1288810 1439.7
1288820 1444.5
1288830 1448.8
1288840 1448.8
1288850 1453.2
1288860 1458.9
1288870 1458.9
1288880 1464.1
1288890 1468.4
1288900 1468.4
1288910 1472.0
1288920 1476.3
1288930 1476.3
1288940 1480.5
1288950 1484.5
1288960 1484.5
1288970 1488.8
1288980 1493.6
1288990 1493.6
1289000 1498.8
1289010 1504.7
1289020 1504.7
1289030 1509.7
1289040 1515.1
1289050 1515.1
1289060 1520.0
1289070 1524.3
1289080 1527.7
1289090 1527.7
1289100 1530.6
1289110 1534.2
1289120 1534.2
1289130 1538.3
1289140 1541.6
1289150 1541.6
1289160 1544.9
1289170 1549.1
1289180 1549.1
1289190 1554.6
1289200 1560.6
1289210 1560.6
1289220 1566.9
1289230 1573.6
1289240 1573.6
1289250 1577.5
1289260 1582.5
1289270 1582.5
1289280 1587.9
1289290 1593.2
1289300 1593.2
1289310 1597.5
1289320 1601.5
1289330 1606.4
1289340 1607.1
1289350 1612.4
1289360 1616.7
1289370 1616.7
1289380 1621.1
1289390 1624.8
1289400 1624.8
1289410 1627.8
1289420 1629.9
1289430 1629.9
1289440 1631.8
1289450 1633.8
1289460 1633.8
1289470 1636.3
1289480 1639.2
1289490 1639.2
1289500 1642.9
1289510 1649.9
1289520 1649.9
1289530 1656.7
1289540 1662.0
1289550 1662.0
1289560 1667.8
1289570 1674.1
1289580 1674.1
1289590 1679.5
1289600 1684.4
1289610 1686.8
1289620 1686.8
1289630 1688.2
1289640 1690.5
1289650 1690.5
1289660 1694.9
1289670 1699.4
1289680 1699.4
1289690 1702.5
1289700 1705.4
1289710 1705.4
1289720 1710.1
1289730 1713.5
1289740 1713.5
1289750 1716.3
1289760 1719.5
1289770 1719.5
1289780 1721.4
1289790 1721.3
1289800 1721.3
1289810 1720.1
1289820 1721.0
1289830 1721.0
1289840 1723.0
1289850 1726.4
1289860 1731.3
1289870 1731.3
1289880 1734.2
1289890 1736.4
1289900 1736.4
1289910 1737.5
1289920 1738.9
1289930 1738.9
1289940 1739.7
1289950 1741.3
1289960 1741.3
1289970 1743.2
1289980 1744.5
1289990 1744.5
1290000 1750.3
1290010 1751.6
1290020 1751.6
1290030 1755.3
1290040 1757.3
1290050 1757.3
1290060 1757.0
1290070 1755.8
1290080 1755.8
1290090 1753.7
1290100 1752.7
1290110 1751.8
1290120 1751.8
1290130 1751.1
1290140 1751.0
1290150 1751.0
1290160 1748.0
1290170 1743.3
1290180 1743.3
1290190 1737.0
1290200 1729.4
1290210 1729.4
1290220 1722.0
1290230 1714.5
1290240 1714.5
1290250 1708.6
1290260 1703.7
1290270 1703.7
1290280 1698.7
1290290 1694.1
1290300 1694.1
1290310 1689.6
1290320 1687.5
1290330 1687.5
1290340 1686.9
1290350 1687.0
1290360 1686.0
1290370 1686.0
1290380 1684.4
1290390 1681.4
1290400 1681.4
1290410 1678.0
1290420 1676.0
1290430 1676.0
1290440 1673.2
1290450 1666.5
1290460 1666.5
1290470 1658.4
1290480 1650.6
1290490 1650.6
1290500 1642.5
1290510 1634.6
1290520 1634.6
1290530 1627.2
1290540 1621.1
1290550 1621.1
1290560 1617.0
1290570 1613.5
1290580 1613.5
1290590 1610.2
1290600 1607.6
1290610 1607.6
1290620 1604.2
1290630 1601.7
1290640 1601.4
1290650 1608.2
1290660 1610.0
1290670 1610.2
1290680 1610.2
1290690 1610.1
1290700 1609.8
1290710 1609.8
1290720 1609.3
1290730 1609.7
1290740 1609.7
1290750 1611.2
1290760 1611.7
1290770 1611.7
1290780 1611.9
1290790 1611.4
1290800 1611.4
1290810 1610.7
1290820 1610.9
1290830 1610.9
1290840 1610.4
1290850 1608.6
1290860 1608.6
1290870 1606.8
1290880 1605.8
1290890 1603.6
1290900 1603.6
1290910 1600.8
1290920 1599.0
1290930 1599.0
1290940 1597.0
1290950 1594.6
1290960 1594.6
1290970 1592.7
1290980 1590.1
1290990 1590.1
1291000 1587.5
1291010 1584.6
1291020 1584.6
1291030 1582.2
1291040 1580.6
1291050 1580.6
1291060 1579.1
1291070 1577.3
1291080 1577.3
1291090 1576.5
1291100 1576.8
1291110 1576.8
1291120 1577.8
1291130 1578.2
1291140 1577.6
1291150 1577.6
1291160 1577.3
1291170 1578.4
1291180 1578.4
1291190 1579.5
1291200 1580.0
1291210 1580.0
1291220 1581.2
1291230 1580.8
1291240 1580.8
1291250 1578.6
1291260 1576.9
1291270 1576.9
1291280 1573.3
1291290 1568.0
1291300 1568.0
1291310 1566.0
1291320 1561.7
1291330 1561.7
1291340 1558.6
1291350 1557.8
1291360 1557.8
1291370 1558.3
1291380 1559.5
1291390 1559.5
1291400 1559.9
1291410 1560.6
1291420 1560.6
1291430 1560.6
1291440 1560.9
1291450 1561.8
1291460 1561.8
1291470 1563.5
1291480 1565.7
1291490 1565.7
1291500 1568.7
1291510 1571.1
1291520 1571.1
1291530 1572.6
1291540 1571.9
1291550 1571.9
1291560 1570.4
1291570 1569.1
1291580 1569.1
1291590 1568.7
1291600 1568.3
1291610 1568.3
1291620 1566.8
1291630 1563.2
1291640 1563.2
1291650 1555.7
1291660 1546.9
1291670 1538.7
1291680 1538.7
1291690 1529.3
1291700 1518.8
1291710 1518.8
1291720 1509.6
1291730 1504.3
1291740 1504.3
1291750 1500.4
1291760 1495.0
1291770 1495.0
1291780 1488.1
1291790 1480.3
1291800 1480.3
1291810 1472.7
1291820 1466.8
1291830 1466.8
1291840 1462.9
1291850 1459.7
1291860 1459.7
1291870 1455.8
1291880 1451.6
1291890 1451.6
1291900 1447.2
1291910 1441.6
1291920 1436.0
1291930 1436.0
1291940 1430.3
1291950 1424.9
1291960 1424.9
1291970 1423.5
1291980 1419.2
1291990 1419.2
1292000 1415.0
1292010 1410.8
1292020 1410.8
1292030 1407.3
1292040 1403.6
1292050 1403.6
1292060 1400.6
1292070 1397.8
1292080 1397.8
1292090 1395.2
1292100 1393.0
1292110 1393.0
1292120 1391.0
1292130 1387.0
1292140 1387.0
1292150 1381.3
1292160 1376.6
1292170 1371.4
1292180 1371.4
1292190 1365.7
1292200 1360.1
1292210 1360.1
1292220 1353.8
1292230 1347.4
1292240 1347.4
1292250 1341.1
1292260 1335.0
1292270 1335.0
1292280 1328.4
1292290 1321.8
1292300 1321.8
1292310 1315.1
1292320 1309.1
1292330 1309.1
1292340 1302.9
1292350 1295.5
1292360 1295.5
1292370 1286.8
1292380 1277.3
1292390 1277.3
1292400 1269.6
1292410 1262.1
1292420 1262.1
1292430 1254.1
1292440 1245.9
1292450 1238.7
1292460 1238.7
1292470 1232.9
1292480 1227.5
1292490 1227.5
1292500 1220.9
1292510 1212.2
1292520 1212.2
1292530 1200.4
1292540 1192.4
1292550 1192.4
1292560 1184.4
1292570 1176.3
1292580 1176.3
1292590 1167.2
1292600 1156.8
1292610 1156.8
1292620 1148.5
1292630 1148.1
1292640 1148.1
1292650 1140.1
1292660 1133.5
1292670 1133.5
1292680 1126.5
1292690 1119.9
1292700 1111.6
1292710 1111.6
1292720 1103.4
1292730 1095.6
1292740 1095.6
1292750 1088.1
1292760 1080.2
1292770 1080.2
1292780 1072.1
1292790 1064.3
1292800 1064.3
1292810 1056.4
1292820 1049.3
1292830 1049.3
1292840 1042.8
1292850 1036.2
1292860 1036.2
1292870 1029.6
1292880 1023.6
1292890 1023.6
1292900 1018.5
1292910 1013.5
1292920 1013.5
1292930 1006.8
1292940 1004.2
1292950 1003.3
1292960 1003.3
1292970 1000.9
1292980 1002.9
1292990 1002.9
1293000 1004.4
1293010 1004.7
1293020 1004.7
1293030 1008.5
1293040 1014.8
1293050 1014.8
1293060 1019.8
1293070 1024.8
1293080 1024.8
1293090 1030.1
1293100 1036.6
1293110 1036.6
1293120 1040.7
1293130 1047.2
1293140 1047.2
1293150 1053.6
1293160 1059.9
1293170 1059.9
1293180 1066.1
1293190 1072.9
1293200 1080.5
1293210 1080.5
1293220 1087.0
1293230 1093.3
1293240 1093.3
1293250 1103.2
1293260 1117.5
1293270 1117.5
1293280 1125.0
1293290 1127.7
1293300 1123.2
1293310 1133.9
1293320 1146.2
1293330 1146.2
1293340 1155.7
1293350 1163.1
1293360 1163.1
1293370 1169.5
1293380 1176.0
1293390 1176.0
1293400 1183.1
1293410 1191.4
1293420 1191.4
1293430 1201.4
1293440 1215.3
1293450 1215.3
1293460 1227.8
1293470 1237.7
1293480 1246.3
1293490 1246.3
1293500 1253.1
1293510 1260.1
1293520 1260.1
1293530 1266.9
1293540 1273.8
1293550 1273.8
1293560 1281.3
1293570 1290.2
1293580 1290.2
1293590 1298.7
1293600 1309.4
1293610 1309.4
1293620 1320.2
1293630 1328.9
1293640 1328.9
1293650 1337.6
1293660 1345.3
1293670 1345.3
1293680 1352.7
1293690 1358.4
1293700 1358.4
1293710 1365.3
1293720 1371.6
1293730 1377.4
1293740 1377.4
1293750 1386.2
1293760 1395.5
1293770 1395.5
1293780 1399.9
1293790 1401.9
1293800 1401.9
1293810 1404.1
1293820 1406.1
1293830 1406.1
1293840 1407.8
1293850 1409.9
1293860 1409.9
1293870 1412.2
1293880 1415.1
1293890 1415.1
1293900 1419.3
1293910 1424.7
1293920 1424.7
1293930 1429.7
1293940 1434.9
1293950 1434.9
1293960 1445.8
1293970 1453.2
1293980 1459.4
1293990 1459.4
1294000 1464.4
1294010 1470.6
1294020 1470.6
1294030 1476.5
1294040 1482.2
1294050 1482.2
1294060 1486.9
1294070 1490.8
1294080 1490.8
1294090 1495.6
1294100 1500.0
1294110 1500.0
1294120 1501.0
1294130 1503.3
1294140 1503.3
1294150 1510.0
1294160 1516.8
1294170 1516.8
1294180 1524.9
1294190 1532.7
1294200 1532.7
1294210 1538.0
1294220 1541.7
1294230 1543.9
1294240 1543.9
1294250 1546.6
1294260 1550.4
1294270 1550.4
1294280 1552.8
1294290 1556.6
1294300 1556.6
1294310 1560.6
1294320 1564.0
1294330 1564.0
1294340 1566.4
1294350 1568.6
1294360 1568.6
1294370 1572.4
1294380 1577.0
1294390 1577.0
1294400 1581.7
1294410 1586.7
1294420 1586.7
1294430 1592.2
1294440 1597.1
1294450 1597.1
1294460 1601.3
1294470 1606.4
1294480 1606.4
1294490 1611.7
1294500 1616.8
1294510 1621.3
1294520 1621.3
1294530 1626.0
1294540 1629.8
1294550 1629.8
1294560 1633.0
1294570 1635.9
1294580 1635.9
1294590 1639.6
1294600 1644.0
1294610 1644.0
1294620 1648.4
1294630 1655.7
1294640 1655.7
1294650 1659.5
1294660 1663.8
1294670 1663.8
1294680 1668.9
1294690 1673.0
1294700 1673.0
1294710 1677.3
1294720 1680.5
1294730 1680.5
1294740 1683.2
1294750 1687.0
1294760 1691.2
1294770 1691.2
1294780 1696.3
1294790 1700.5
1294800 1700.5
1294810 1704.0
1294820 1707.3
1294830 1707.3
1294840 1710.4
1294850 1712.8
1294860 1712.8
1294870 1716.6
1294880 1722.3
1294890 1722.3
1294900 1726.7
1294910 1730.1
1294920 1730.1
1294930 1734.1
1294940 1737.2
1294950 1737.2
1294960 1740.4
1294970 1743.2
1294980 1743.2
1294990 1747.2
1295000 1752.5
1295010 1757.7
1295020 1757.7
1295030 1761.7
1295040 1764.5
1295050 1764.5
1295060 1767.5
1295070 1771.5
1295080 1771.5
1295090 1776.5
1295100 1781.4
1295110 1781.4
1295120 1785.0
1295130 1787.7
1295140 1787.7
1295150 1791.4
1295160 1797.1
1295170 1797.1
1295180 1802.5
1295190 1805.9
1295200 1805.9
1295210 1808.8
1295220 1813.1
1295230 1813.1
1295240 1818.1
1295250 1823.3
1295260 1827.9
1295270 1827.9
1295280 1834.1
1295290 1839.4
1295300 1841.5
1295310 1844.8
1295320 1848.6
1295330 1848.6
1295340 1851.2
1295350 1854.9
1295360 1854.9
1295370 1858.7
1295380 1861.9
1295390 1861.9
1295400 1864.8
1295410 1868.2
1295420 1868.2
1295430 1872.2
1295440 1875.0
1295450 1875.0
1295460 1877.1
1295470 1879.1
1295480 1879.1
1295490 1882.5
1295500 1886.2
1295510 1886.2
1295520 1889.1
1295530 1892.6
1295540 1896.2
1295550 1896.2
1295560 1900.7
1295570 1906.6
1295580 1906.6
1295590 1912.8
1295600 1918.9
1295610 1918.9
1295620 1924.7
1295630 1931.3
1295640 1931.3
1295650 1936.5
1295660 1941.7
1295670 1941.7
1295680 1947.3
1295690 1952.0
1295700 1952.0
1295710 1955.0
1295720 1958.8
1295730 1958.8
1295740 1962.5
1295750 1964.8
1295760 1964.8
1295770 1967.6
1295780 1970.0
1295790 1973.3
1295800 1973.3
1295810 1978.3
1295820 1982.6
1295830 1982.6
1295840 1986.9
1295850 1991.7
1295860 1991.7
1295870 1996.8
1295880 2001.9
1295890 2001.9
1295900 2008.8
1295910 2016.3
1295920 2016.3
1295930 2023.4
1295940 2027.9
1295950 2027.9
1295960 2032.9
1295970 2038.3
1295980 2039.7
1295990 2044.9
1296000 2050.3
1296010 2050.3
1296020 2056.0
1296030 2060.6
1296040 2064.7
1296050 2064.7
1296060 2068.2
1296070 2072.0
1296080 2072.0
1296090 2077.3
1296100 2084.1
1296110 2084.1
1296120 2092.2
1296130 2100.3
1296140 2100.3
1296150 2108.5
1296160 2115.7
1296170 2115.7
1296180 2121.0
1296190 2124.7
1296200 2124.7
1296210 2128.8
1296220 2133.7
1296230 2133.7
1296240 2135.2
1296250 2132.6
1296260 2132.6
1296270 2132.1
1296280 2134.3
1296290 2137.0
1296300 2137.0
1296310 2136.8
1296320 2134.9
1296330 2134.9
1296340 2135.2
1296350 2136.6
1296360 2136.6
1296370 2135.8
1296380 2133.6
1296390 2133.6
1296400 2132.9
1296410 2131.4
1296420 2131.4
1296430 2130.8
1296440 2130.1
1296450 2130.1
1296460 2127.9
1296470 2123.7
1296480 2123.7
1296490 2119.6
1296500 2116.1
1296510 2116.1
1296520 2112.1
1296530 2108.6
1296540 2108.6
1296550 2103.9
1296560 2099.1
1296570 2095.5
1296580 2095.5
1296590 2092.5
1296600 2092.4
1296610 2092.4
1296620 2093.8
1296630 2094.3
1296640 2094.3
1296650 2097.5
1296660 2094.9
1296670 2094.9
1296680 2091.3
1296690 2088.3
1296700 2088.3
1296710 2084.4
1296720 2080.9
1296730 2080.9
1296740 2077.9
1296750 2075.6
1296760 2075.6
1296770 2073.6
1296780 2071.3
1296790 2071.3
1296800 2068.2
1296810 2063.9
1296820 2057.6
1296830 2057.6
1296840 2051.7
1296850 2044.9
1296860 2044.9
1296870 2037.7
1296880 2030.5
1296890 2030.5
1296900 2021.5
1296910 2012.5
1296920 2012.5
1296930 2003.8
1296940 1994.6
1296950 1994.6
1296960 1984.1
1296970 1975.3
1296980 1975.3
1296990 1969.4
1297000 1963.1
1297010 1963.1
1297020 1956.5
1297030 1951.0
1297040 1951.0
1297050 1946.2
1297060 1941.1
1297070 1935.3
1297080 1935.3
1297090 1929.1
1297100 1924.3
1297110 1924.3
1297120 1921.4
1297130 1919.0
1297140 1919.0
1297150 1917.0
1297160 1915.1
1297170 1915.1
1297180 1912.3
1297190 1909.6
1297200 1909.6
1297210 1906.7
1297220 1903.1
1297230 1903.1
1297240 1899.2
1297250 1895.2
1297260 1895.2
1297270 1891.3
1297280 1887.5
1297290 1887.5
1297300 1885.1
1297310 1881.5
1297320 1876.2
1297330 1877.5
1297340 1874.0
1297350 1872.0
1297360 1872.0
1297370 1871.0
1297380 1870.5
1297390 1870.5
1297400 1870.8
1297410 1872.7
1297420 1872.7
1297430 1875.2
1297440 1876.0
1297450 1876.0
1297460 1875.2
1297470 1873.9
1297480 1873.9
1297490 1873.4
1297500 1872.9
1297510 1872.9
1297520 1872.3
1297530 1871.6
1297540 1871.6
1297550 1871.3
1297560 1870.9
1297570 1870.9
1297580 1870.0
1297590 1870.0
1297600 1871.3
1297610 1871.3
1297620 1873.1
1297630 1874.2
1297640 1874.2
1297650 1875.1
1297660 1875.2
1297670 1875.2
1297680 1875.5
1297690 1875.8
1297700 1875.8
1297710 1874.4
1297720 1871.2
1297730 1871.2
1297740 1866.1
1297750 1859.9
1297760 1859.9
1297770 1854.2
1297780 1848.6
1297790 1848.6
1297800 1842.7
1297810 1836.9
1297820 1836.9
1297830 1831.3
1297840 1825.4
1297850 1819.2
1297860 1819.2
1297870 1814.5
1297880 1809.2
1297890 1809.2
1297900 1803.9
1297910 1798.7
1297920 1798.7
1297930 1793.2
1297940 1788.7
1297950 1788.7
1297960 1783.4
1297970 1778.3
1297980 1778.3
1297990 1772.9
1298000 1767.2
1298010 1766.3
1298020 1760.7
1298030 1754.9
1298040 1754.9
1298050 1748.6
1298060 1742.0
1298070 1742.0
1298080 1735.0
1298090 1727.5
1298100 1720.2
1298110 1720.2
1298120 1713.9
1298130 1709.1
1298140 1709.1
1298150 1705.2
1298160 1701.7
1298170 1701.7
1298180 1698.3
1298190 1694.6
1298200 1694.6
1298210 1691.2
1298220 1686.9
1298230 1686.9
1298240 1682.0
1298250 1676.9
1298260 1676.9
1298270 1672.3
1298280 1667.6
1298290 1667.6
1298300 1662.2
1298310 1656.8
1298320 1656.8
1298330 1653.8
1298340 1651.9
1298350 1649.3
1298360 1649.3
1298370 1647.3
1298380 1644.8
1298390 1644.8
1298400 1642.4
1298410 1639.8
1298420 1639.8
1298430 1637.4
1298440 1635.3
1298450 1635.3
1298460 1632.9
1298470 1630.5
1298480 1630.5
1298490 1628.1
1298500 1625.1
1298510 1625.1
1298520 1622.9
1298530 1620.4
1298540 1620.4
1298550 1617.2
1298560 1614.6
1298570 1614.6
1298580 1611.9
1298590 1608.2
1298600 1608.2
1298610 1604.2
1298620 1601.2
1298630 1598.5
1298640 1598.5
1298650 1594.7
1298660 1590.0
1298670 1590.0
1298680 1585.4
1298690 1579.4
1298700 1579.7
1298710 1575.7
1298720 1571.2
1298730 1571.2
1298740 1564.6
1298750 1559.0
1298760 1559.0
1298770 1557.5
1298780 1556.9
1298790 1556.9
1298800 1556.9
1298810 1556.1
1298820 1556.1
1298830 1554.3
1298840 1552.9
1298850 1552.9
1298860 1552.7
1298870 1551.3
1298880 1549.1
1298890 1549.1
1298900 1545.8
1298910 1542.0
1298920 1542.0
1298930 1538.0
1298940 1534.3
1298950 1534.3
1298960 1530.9
1298970 1528.7
1298980 1528.7
1298990 1527.8
1299000 1527.7
1299010 1527.7
1299020 1528.0
1299030 1527.7
1299040 1527.7
1299050 1527.4
1299060 1525.1
1299070 1525.1
1299080 1521.9
1299090 1515.8
1299100 1515.8
1299110 1513.4
1299120 1518.8
1299130 1523.5
1299140 1523.5
1299150 1526.2
1299160 1527.9
1299170 1527.9
1299180 1528.2
1299190 1528.0
1299200 1528.0
1299210 1527.6
1299220 1527.9
1299230 1527.9
1299240 1529.4
1299250 1531.2
1299260 1531.2
1299270 1532.9
1299280 1534.3
1299290 1534.3
1299300 1535.4
1299310 1536.8
1299320 1536.8
1299330 1539.2
1299340 1541.5
1299350 1541.5
1299360 1541.9
1299370 1545.0
1299380 1551.8
1299390 1551.8
1299400 1555.2
1299410 1557.8
1299420 1557.8
1299430 1559.9
1299440 1562.3
1299450 1562.3
1299460 1565.2
1299470 1568.6
1299480 1568.6
1299490 1572.0
1299500 1575.3
1299510 1575.3
1299520 1579.0
1299530 1584.1
1299540 1584.1
1299550 1589.7
1299560 1594.7
1299570 1594.7
1299580 1598.0
1299590 1599.9
1299600 1599.9
1299610 1602.5
1299620 1605.7
1299630 1605.7
1299640 1609.4
1299650 1613.6
1299660 1618.4
1299670 1618.4
1299680 1623.5
1299690 1629.7
1299700 1629.7
1299710 1636.2
1299720 1641.8
1299730 1641.8
1299740 1646.3
1299750 1648.1
1299760 1648.1
1299770 1650.4
1299780 1654.5
1299790 1654.5
1299800 1656.6
1299810 1657.9
1299820 1657.9
1299830 1658.1
1299840 1653.9
1299850 1653.9
1299860 1647.2
1299870 1641.4
1299880 1641.4
1299890 1638.1
1299900 1635.4
1299910 1631.3
1299920 1631.3
1299930 1626.1
1299940 1621.6
1299950 1621.6
1299960 1616.5
1299970 1610.5
1299980 1610.5
1299990 1605.7
