1280000 828.7
1280010 826.4
1280020 819.7
1280030 819.7
1280040 821.0
1280050 827.9
1280060 827.9
1280070 832.7
1280080 832.5
1280090 832.5
1280100 831.4
1280110 828.6
1280120 828.6
1280130 827.7
1280140 829.1
1280150 828.4
1280160 828.4
1280170 827.9
1280180 827.9
1280190 827.9
1280200 826.3
1280210 823.0
1280220 823.0
1280230 824.2
1280240 826.2
1280250 826.2
1280260 825.8
1280270 825.7
1280280 825.7
1280290 825.5
1280300 825.2
1280310 825.2
1280320 825.1
1280330 825.7
1280340 825.7
1280350 826.8
1280360 827.9
1280370 827.9
1280380 829.0
1280390 830.0
1280400 831.3
1280410 831.3
1280420 832.8
1280430 834.6
1280440 834.6
1280450 837.1
1280460 839.4
1280470 839.4
1280480 840.7
1280490 842.7
1280500 842.7
1280510 846.4
1280520 851.1
1280530 851.1
1280540 855.7
1280550 859.7
1280560 859.7
1280570 863.4
1280580 873.1
1280590 873.1
1280600 877.6
1280610 882.4
1280620 882.4
1280630 886.2
1280640 889.9
1280650 889.9
1280660 892.6
1280670 894.9
1280680 896.8
1280690 896.8
1280700 898.1
1280710 898.8
1280720 898.8
1280730 899.5
1280740 900.4
1280750 900.4
1280760 901.2
1280770 902.2
1280780 902.2
1280790 903.1
1280800 903.9
1280810 903.9
1280820 904.5
1280830 904.9
1280840 904.9
1280850 905.5
1280860 906.0
1280870 906.0
1280880 906.4
1280890 907.1
1280900 907.1
1280910 907.4
1280920 907.7
1280930 908.0
1280940 908.0
1280950 908.3
1280960 908.6
1280970 908.6
1280980 908.9
1280990 909.0
1281000 909.0
1281010 909.1
1281020 909.2
1281030 909.2
1281040 909.3
1281050 909.4
1281060 909.4
1281070 909.3
1281080 909.2
1281090 909.2
1281100 909.1
1281110 909.0
1281120 909.0
1281130 908.9
1281140 908.8
1281150 908.8
1281160 908.7
1281170 908.4
1281180 908.2
1281190 908.2
1281200 907.7
1281210 907.6
1281220 907.6
1281230 907.3
1281240 906.9
1281250 906.9
1281260 906.5
1281270 905.8
1281280 905.8
1281290 905.3
1281300 904.7
1281310 904.7
1281320 904.2
1281330 903.7
1281340 903.7
1281350 903.2
1281360 902.7
1281370 902.7
1281380 901.9
1281390 901.2
1281400 901.2
1281410 900.4
1281420 899.6
1281430 899.6
1281440 898.9
1281450 897.9
1281460 897.0
1281470 897.0
1281480 896.3
1281490 896.1
1281500 896.1
1281510 895.9
1281520 895.5
1281530 895.5
1281540 895.0
1281550 894.3
1281560 894.3
1281570 893.7
1281580 893.3
1281590 893.3
1281600 893.4
1281610 893.7
1281620 893.7
1281630 893.6
1281640 892.8
1281650 892.8
1281660 891.1
1281670 888.4
1281680 888.4
1281690 885.9
1281700 883.9
1281710 882.2
1281720 882.2
1281730 880.7
1281740 879.4
1281750 879.4
1281760 878.4
1281770 877.5
1281780 877.5
1281790 876.6
1281800 875.4
1281810 875.4
1281820 874.1
1281830 873.1
1281840 873.1
1281850 871.3
1281860 870.5
1281870 870.5
1281880 869.5
1281890 868.3
1281900 868.3
1281910 867.3
1281920 866.3
1281930 866.3
1281940 865.5
1281950 864.8
1281960 864.2
1281970 864.2
1281980 863.7
1281990 863.1
1282000 863.1
1282010 862.5
1282020 862.0
1282030 862.0
1282040 861.6
1282050 861.2
1282060 861.2
1282070 859.9
1282080 858.1
1282090 858.1
1282100 856.7
1282110 855.7
1282120 855.7
1282130 857.3
1282140 859.1
1282150 859.1
1282160 859.9
1282170 860.2
1282180 860.2
1282190 860.9
1282200 861.0
1282210 861.0
1282220 857.0
1282230 851.4
1282240 847.8
1282250 847.8
1282260 847.4
1282270 847.2
1282280 847.2
1282290 844.9
1282300 845.1
1282310 845.1
1282320 846.2
1282330 844.2
1282340 844.2
1282350 842.8
1282360 844.4
1282370 844.4
1282380 847.3
1282390 847.3
1282400 847.3
1282410 848.9
1282420 851.0
1282430 851.0
1282440 851.4
1282450 846.4
1282460 844.9
1282470 837.2
1282480 829.4
1282490 821.7
1282500 821.7
1282510 814.3
1282520 807.1
1282530 807.1
1282540 800.2
1282550 793.1
1282560 793.1
1282570 786.4
1282580 781.6
1282590 781.6
1282600 776.9
1282610 772.8
1282620 772.8
1282630 769.9
1282640 767.3
1282650 767.3
1282660 766.2
1282670 766.3
1282680 766.3
1282690 765.9
1282700 766.3
1282710 766.3
1282720 766.7
1282730 766.8
1282740 767.6
1282750 767.6
1282760 770.5
1282770 774.9
1282780 774.9
1282790 779.2
1282800 783.8
1282810 783.8
1282820 788.5
1282830 793.7
1282840 793.7
1282850 797.0
1282860 797.7
1282870 797.7
1282880 800.4
1282890 803.1
1282900 803.1
1282910 804.2
1282920 805.3
1282930 805.3
1282940 807.1
1282950 810.3
1282960 810.3
1282970 812.9
1282980 814.6
1282990 814.6
1283000 817.1
1283010 821.8
1283020 827.0
1283030 827.0
1283040 832.4
1283050 836.4
1283060 836.4
1283070 841.4
1283080 845.8
1283090 847.8
1283100 852.3
1283110 857.4
1283120 857.4
1283130 863.0
1283140 868.8
1283150 868.8
1283160 875.1
1283170 881.9
1283180 881.9
1283190 889.2
1283200 896.7
1283210 896.7
1283220 903.5
1283230 909.2
1283240 909.2
1283250 910.9
1283260 911.7
1283270 912.4
1283280 912.4
1283290 913.0
1283300 913.5
1283310 913.5
1283320 913.8
1283330 914.1
1283340 914.1
1283350 914.2
1283360 914.0
1283370 914.0
1283380 913.8
1283390 913.7
1283400 913.7
1283410 913.5
1283420 913.4
1283430 913.4
1283440 913.2
1283450 912.8
1283460 912.8
1283470 912.6
1283480 912.3
1283490 912.3
1283500 912.0
1283510 911.6
1283520 911.4
1283530 911.4
1283540 911.1
1283550 910.8
1283560 910.8
1283570 910.7
1283580 910.4
1283590 910.4
1283600 910.0
1283610 909.6
1283620 909.6
1283630 908.6
1283640 907.4
1283650 907.4
1283660 906.5
1283670 905.7
1283680 905.7
1283690 904.7
1283700 903.7
1283710 903.7
1283720 905.8
1283730 906.3
1283740 906.3
1283750 907.0
1283760 907.1
1283770 907.1
1283780 907.2
1283790 906.7
1283800 905.8
1283810 905.8
1283820 905.2
1283830 904.7
1283840 904.7
1283850 904.4
1283860 904.2
1283870 904.2
1283880 904.0
1283890 903.7
1283900 903.7
1283910 903.5
1283920 903.1
1283930 903.1
1283940 902.7
1283950 902.0
1283960 902.0
1283970 901.0
1283980 899.7
1283990 899.7
1284000 898.2
1284010 896.8
1284020 896.8
1284030 895.7
1284040 894.6
1284050 894.1
1284060 894.1
1284070 894.0
1284080 893.3
1284090 893.3
1284100 892.8
1284110 892.5
1284120 892.5
1284130 892.1
1284140 891.6
1284150 891.6
1284160 891.2
1284170 891.3
1284180 891.3
1284190 891.5
1284200 891.7
1284210 891.7
1284220 891.8
1284230 891.9
1284240 891.9
1284250 891.9
1284260 891.7
1284270 891.7
1284280 891.4
1284290 891.1
1284300 890.8
1284310 890.8
1284320 890.4
1284330 890.1
1284340 890.1
1284350 889.9
1284360 890.8
1284370 890.8
1284380 890.7
1284390 892.2
1284400 892.2
1284410 894.4
1284420 897.0
1284430 897.0
1284440 899.3
1284450 901.6
1284460 901.6
1284470 904.0
1284480 906.2
1284490 906.2
1284500 908.0
1284510 909.5
1284520 909.5
1284530 910.6
1284540 911.9
1284550 911.9
1284560 913.8
1284570 914.8
1284580 915.4
1284590 915.4
1284600 915.9
1284610 916.5
1284620 916.5
1284630 917.2
1284640 917.9
1284650 917.9
1284660 918.7
1284670 919.5
1284680 919.5
1284690 920.5
1284700 921.7
1284710 921.7
1284720 923.1
1284730 924.8
1284740 924.8
1284750 926.9
1284760 929.3
1284770 929.3
1284780 931.0
1284790 932.4
1284800 932.4
1284810 934.3
1284820 936.4
1284830 938.9
1284840 938.9
1284850 943.7
1284860 948.5
1284870 948.5
1284880 952.8
1284890 957.5
1284900 957.5
1284910 963.1
1284920 968.2
1284930 968.2
1284940 972.2
1284950 973.6
1284960 973.6
1284970 973.1
1284980 973.3
1284990 976.3
1285000 978.0
1285010 980.5
1285020 980.5
1285030 984.0
1285040 986.1
1285050 986.1
1285060 987.6
1285070 989.0
1285080 991.1
1285090 991.1
1285100 991.5
1285110 994.1
1285120 994.1
1285130 998.8
1285140 1003.1
1285150 1003.1
1285160 1006.9
1285170 1010.7
1285180 1010.7
1285190 1014.5
1285200 1017.6
1285210 1017.6
1285220 1020.6
1285230 1023.5
1285240 1023.5
1285250 1026.6
1285260 1029.3
1285270 1029.3
1285280 1033.3
1285290 1035.9
1285300 1035.9
1285310 1040.1
1285320 1041.4
1285330 1041.4
1285340 1042.1
1285350 1043.5
1285360 1044.1
1285370 1044.1
1285380 1045.6
1285390 1047.5
1285400 1047.5
1285410 1048.7
1285420 1049.5
1285430 1049.5
1285440 1050.3
1285450 1051.9
1285460 1051.9
1285470 1053.8
1285480 1056.4
1285490 1056.4
1285500 1059.7
1285510 1063.0
1285520 1063.0
1285530 1066.1
1285540 1069.2
1285550 1069.2
1285560 1072.2
1285570 1074.8
1285580 1074.8
1285590 1077.2
1285600 1080.1
1285610 1083.9
1285620 1083.9
1285630 1089.6
1285640 1093.5
1285650 1093.5
1285660 1097.6
1285670 1101.6
1285680 1101.6
1285690 1105.4
1285700 1109.1
1285710 1109.1
1285720 1113.0
1285730 1117.2
1285740 1117.2
1285750 1121.5
1285760 1124.9
1285770 1124.9
1285780 1128.1
1285790 1131.1
1285800 1131.1
1285810 1134.9
1285820 1139.4
1285830 1139.4
1285840 1143.2
1285850 1146.0
1285860 1149.7
1285870 1149.7
1285880 1153.1
1285890 1156.0
1285900 1156.0
1285910 1158.7
1285920 1161.6
1285930 1161.6
1285940 1164.6
1285950 1167.5
1285960 1167.5
1285970 1170.3
1285980 1173.1
1285990 1173.1
1286000 1175.9
1286010 1178.5
1286020 1178.5
1286030 1180.8
1286040 1182.8
1286050 1182.8
1286060 1184.9
1286070 1186.4
1286080 1186.4
1286090 1186.6
1286100 1187.0
1286110 1187.0
1286120 1188.0
1286130 1189.0
1286140 1189.0
1286150 1189.0
1286160 1188.9
1286170 1188.4
1286180 1188.4
1286190 1188.1
1286200 1187.5
1286210 1187.5
1286220 1186.8
1286230 1185.7
1286240 1185.7
1286250 1184.2
1286260 1182.7
1286270 1185.2
1286280 1183.3
1286290 1180.3
1286300 1180.3
1286310 1177.4
1286320 1175.9
1286330 1175.9
1286340 1175.6
1286350 1175.4
1286360 1175.4
1286370 1175.1
1286380 1174.2
1286390 1172.7
1286400 1172.7
1286410 1170.4
1286420 1168.2
1286430 1168.2
1286440 1165.7
1286450 1162.6
1286460 1162.6
1286470 1160.3
1286480 1156.9
1286490 1156.9
1286500 1153.9
1286510 1151.4
1286520 1151.4
1286530 1148.7
1286540 1145.1
1286550 1145.1
1286560 1140.6
1286570 1136.9
1286580 1136.9
1286590 1133.4
1286600 1127.1
1286610 1127.1
1286620 1117.6
1286630 1108.3
1286640 1101.5
1286650 1101.5
1286660 1096.7
1286670 1092.4
1286680 1092.4
1286690 1088.1
1286700 1084.1
1286710 1084.1
1286720 1080.6
1286730 1077.4
1286740 1077.4
1286750 1074.0
1286760 1070.3
1286770 1070.3
1286780 1066.9
1286790 1063.2
1286800 1063.2
1286810 1059.7
1286820 1055.4
1286830 1055.4
1286840 1050.1
1286850 1044.8
1286860 1044.8
1286870 1039.9
1286880 1034.2
1286890 1034.2
1286900 1032.3
1286910 1030.7
1286920 1028.8
1286930 1028.8
1286940 1022.0
1286950 1014.9
1286960 1014.9
1286970 1006.9
1286980 998.7
1286990 998.7
1287000 990.6
1287010 983.0
1287020 983.0
1287030 975.3
1287040 966.7
1287050 966.7
1287060 958.4
1287070 950.2
1287080 950.2
1287090 942.2
1287100 934.2
1287110 934.2
1287120 930.7
1287130 934.3
1287140 934.3
1287150 938.0
1287160 941.2
1287170 945.0
1287180 945.0
1287190 949.7
1287200 953.9
1287210 953.9
1287220 957.9
1287230 962.9
1287240 962.9
1287250 968.1
1287260 973.5
1287270 973.5
1287280 980.5
1287290 987.7
1287300 987.7
1287310 994.9
1287320 1001.4
1287330 1001.4
1287340 1006.0
1287350 1010.6
1287360 1010.6
1287370 1014.6
1287380 1018.6
1287390 1018.6
1287400 1022.3
1287410 1026.1
1287420 1030.0
1287430 1030.0
1287440 1033.3
1287450 1035.8
1287460 1035.8
1287470 1038.3
1287480 1041.1
1287490 1041.1
1287500 1044.0
1287510 1046.9
1287520 1046.9
1287530 1050.3
1287540 1053.5
1287550 1053.5
1287560 1059.6
1287570 1063.6
1287580 1063.6
1287590 1067.4
1287600 1069.1
1287610 1069.1
1287620 1070.9
1287630 1072.5
1287640 1072.5
1287650 1074.0
1287660 1074.7
1287670 1074.7
1287680 1075.3
1287690 1076.2
1287700 1077.7
1287710 1077.7
1287720 1081.0
1287730 1085.5
1287740 1085.5
1287750 1090.1
1287760 1095.4
1287770 1095.4
1287780 1100.5
1287790 1106.4
1287800 1106.4
1287810 1110.8
1287820 1115.0
1287830 1115.0
1287840 1119.0
1287850 1123.1
1287860 1123.1
1287870 1128.1
1287880 1132.5
1287890 1132.5
1287900 1136.3
1287910 1141.5
1287920 1141.5
1287930 1147.1
1287940 1151.7
1287950 1155.8
1287960 1155.8
1287970 1159.9
1287980 1164.4
1287990 1164.4
1288000 1168.4
1288010 1172.5
1288020 1172.5
1288030 1176.4
1288040 1179.7
1288050 1179.7
1288060 1182.3
1288070 1184.9
1288080 1184.9
1288090 1188.3
1288100 1191.8
1288110 1191.8
1288120 1195.5
1288130 1199.1
1288140 1199.1
1288150 1202.3
1288160 1205.4
1288170 1205.4
1288180 1208.0
1288190 1210.5
1288200 1213.3
1288210 1215.4
1288220 1218.3
1288230 1220.7
1288240 1220.7
1288250 1222.1
1288260 1223.2
1288270 1223.2
1288280 1224.1
1288290 1223.9
1288300 1223.9
1288310 1224.4
1288320 1225.8
1288330 1225.8
1288340 1227.9
1288350 1229.4
1288360 1229.4
1288370 1230.0
1288380 1230.5
1288390 1230.5
1288400 1232.5
1288410 1235.1
1288420 1235.1
1288430 1238.5
1288440 1241.7
1288450 1241.7
1288460 1244.6
1288470 1247.0
1288480 1250.1
1288490 1250.1
1288500 1253.5
1288510 1257.0
1288520 1257.0
1288530 1260.4
1288540 1264.0
1288550 1264.0
1288560 1266.2
1288570 1269.8
1288580 1269.8
1288590 1273.3
1288600 1277.3
1288610 1277.3
1288620 1282.7
1288630 1286.9
1288640 1286.9
1288650 1290.4
1288660 1292.9
1288670 1292.9
1288680 1294.5
1288690 1295.1
1288700 1295.1
1288710 1295.8
1288720 1297.9
1288730 1299.8
1288740 1299.8
1288750 1301.4
1288760 1303.3
1288770 1303.3
1288780 1305.2
1288790 1306.2
1288800 1306.2
1288810 1307.3
1288820 1308.9
1288830 1308.9
1288840 1313.0
1288850 1317.1
1288860 1318.8
1288870 1322.5
1288880 1327.4
1288890 1327.4
1288900 1332.3
1288910 1335.4
1288920 1335.4
1288930 1336.9
1288940 1339.2
1288950 1339.2
1288960 1345.0
1288970 1350.3
1288980 1355.5
1288990 1355.5
1289000 1361.2
1289010 1366.3
1289020 1366.3
1289030 1371.0
1289040 1375.7
1289050 1375.7
1289060 1380.1
1289070 1384.0
1289080 1384.0
1289090 1388.3
1289100 1393.4
1289110 1393.4
1289120 1397.9
1289130 1402.4
1289140 1402.4
1289150 1405.7
1289160 1408.3
1289170 1408.3
1289180 1411.6
1289190 1415.2
1289200 1415.2
1289210 1418.4
1289220 1421.4
1289230 1421.4
1289240 1425.0
1289250 1428.1
1289260 1431.5
1289270 1431.5
1289280 1436.0
1289290 1441.0
1289300 1441.0
1289310 1444.9
1289320 1446.9
1289330 1446.9
1289340 1448.6
1289350 1450.9
1289360 1450.9
1289370 1453.1
1289380 1454.5
1289390 1454.5
1289400 1456.5
1289410 1459.3
1289420 1459.3
1289430 1463.0
1289440 1466.0
1289450 1466.0
1289460 1470.0
1289470 1473.7
1289480 1473.7
1289490 1476.0
1289500 1477.9
1289510 1481.7
1289520 1481.7
1289530 1483.6
1289540 1485.0
1289550 1485.0
1289560 1486.2
1289570 1486.3
1289580 1486.3
1289590 1484.7
1289600 1481.3
1289610 1481.3
1289620 1478.6
1289630 1477.4
1289640 1477.4
1289650 1477.2
1289660 1475.2
1289670 1475.2
1289680 1472.6
1289690 1470.8
1289700 1470.8
1289710 1469.3
1289720 1467.7
1289730 1467.7
1289740 1465.1
1289750 1461.8
1289760 1458.5
1289770 1458.5
1289780 1456.5
1289790 1455.2
1289800 1455.2
1289810 1451.9
1289820 1447.6
1289830 1447.6
1289840 1444.5
1289850 1441.3
1289860 1441.3
1289870 1437.8
1289880 1433.2
1289890 1433.2
1289900 1428.8
1289910 1424.5
1289920 1424.5
1289930 1420.4
1289940 1417.3
1289950 1417.3
1289960 1415.7
1289970 1414.8
1289980 1414.8
1289990 1414.7
1290000 1414.3
1290010 1414.3
1290020 1413.0
1290030 1412.5
1290040 1411.4
1290050 1411.4
1290060 1409.3
1290070 1407.0
1290080 1407.0
1290090 1405.3
1290100 1404.2
1290110 1404.2
1290120 1402.0
1290130 1400.0
1290140 1400.0
1290150 1399.8
1290160 1399.4
1290170 1403.5
1290180 1403.3
1290190 1402.3
1290200 1402.3
1290210 1399.7
1290220 1396.4
1290230 1396.4
1290240 1392.6
1290250 1389.6
1290260 1389.6
1290270 1387.5
1290280 1384.4
1290290 1380.9
1290300 1380.9
1290310 1378.0
1290320 1375.8
1290330 1375.8
1290340 1373.5
1290350 1371.2
1290360 1371.2
1290370 1368.7
1290380 1365.3
1290390 1365.3
1290400 1361.6
1290410 1358.0
1290420 1358.0
1290430 1352.3
1290440 1347.4
1290450 1347.4
1290460 1343.5
1290470 1339.1
1290480 1339.1
1290490 1334.0
1290500 1330.2
1290510 1330.2
1290520 1328.4
1290530 1326.3
1290540 1326.1
1290550 1326.1
1290560 1324.8
1290570 1323.4
1290580 1323.4
1290590 1322.7
1290600 1320.6
1290610 1320.6
1290620 1316.9
1290630 1313.9
1290640 1313.9
1290650 1312.5
1290660 1312.6
1290670 1312.6
1290680 1312.5
1290690 1312.6
1290700 1312.6
1290710 1313.3
1290720 1314.3
1290730 1314.3
1290740 1314.5
1290750 1313.3
1290760 1313.3
1290770 1312.2
1290780 1312.1
1290790 1312.1
1290800 1313.2
1290810 1313.4
1290820 1317.7
1290830 1317.7
1290840 1317.4
1290850 1316.6
1290860 1316.6
1290870 1315.9
1290880 1315.0
1290890 1315.0
1290900 1312.1
1290910 1309.5
1290920 1309.5
1290930 1308.3
1290940 1306.3
1290950 1306.3
1290960 1302.9
1290970 1300.9
1290980 1300.9
1290990 1297.7
1291000 1291.7
1291010 1291.7
1291020 1284.6
1291030 1278.1
1291040 1278.1
1291050 1274.0
1291060 1270.5
1291070 1267.3
1291080 1267.3
1291090 1264.8
1291100 1262.8
1291110 1262.8
1291120 1262.3
1291130 1261.0
1291140 1261.0
1291150 1260.4
1291160 1257.1
1291170 1257.1
1291180 1254.1
1291190 1252.7
1291200 1252.7
1291210 1252.0
1291220 1251.2
1291230 1251.2
1291240 1249.0
1291250 1247.1
1291260 1247.1
1291270 1246.0
1291280 1245.6
1291290 1245.6
1291300 1245.1
1291310 1243.7
1291320 1241.6
1291330 1241.6
1291340 1239.6
1291350 1238.3
1291360 1238.3
1291370 1236.6
1291380 1235.3
1291390 1235.3
1291400 1233.1
1291410 1230.3
1291420 1230.3
1291430 1227.4
1291440 1225.7
1291450 1225.7
1291460 1223.0
1291470 1219.4
1291480 1222.9
1291490 1218.8
1291500 1217.8
1291510 1217.8
1291520 1216.5
1291530 1216.0
1291540 1216.0
1291550 1214.4
1291560 1211.9
1291570 1211.9
1291580 1208.1
1291590 1205.4
1291600 1203.6
1291610 1203.6
1291620 1201.1
1291630 1199.1
1291640 1199.1
1291650 1196.8
1291660 1195.7
1291670 1195.7
1291680 1193.1
1291690 1187.6
1291700 1187.6
1291710 1180.5
1291720 1177.7
1291730 1177.7
1291740 1178.6
1291750 1179.2
1291760 1179.2
1291770 1179.0
1291780 1178.3
1291790 1178.3
1291800 1177.0
1291810 1175.6
1291820 1175.6
1291830 1174.5
1291840 1173.1
1291850 1170.7
1291860 1170.7
1291870 1167.3
1291880 1162.8
1291890 1162.8
1291900 1158.0
1291910 1153.3
1291920 1153.3
1291930 1148.6
1291940 1144.2
1291950 1144.2
1291960 1139.4
1291970 1134.3
1291980 1134.3
1291990 1129.8
1292000 1122.8
1292010 1122.8
1292020 1117.1
1292030 1113.5
1292040 1113.5
1292050 1112.4
1292060 1110.7
1292070 1110.7
1292080 1106.4
1292090 1102.4
1292100 1099.7
1292110 1099.7
1292120 1095.9
1292130 1090.6
1292140 1092.7
1292150 1088.0
1292160 1083.4
1292170 1083.4
1292180 1080.7
1292190 1078.2
1292200 1078.2
1292210 1073.5
1292220 1068.5
1292230 1068.5
1292240 1064.3
1292250 1062.5
1292260 1062.5
1292270 1062.1
1292280 1058.1
1292290 1058.1
1292300 1050.9
1292310 1042.3
1292320 1042.3
1292330 1034.3
1292340 1026.8
1292350 1019.7
1292360 1019.7
1292370 1014.0
1292380 1007.2
1292390 1007.2
1292400 999.4
1292410 991.0
1292420 991.0
1292430 983.3
1292440 975.5
1292450 975.5
1292460 968.2
1292470 961.5
1292480 961.5
1292490 954.7
1292500 950.8
1292510 950.8
1292520 950.4
1292530 950.6
1292540 950.6
1292550 950.8
1292560 950.9
1292570 950.9
1292580 951.0
1292590 951.0
1292600 951.0
1292610 951.1
1292620 950.8
1292630 951.1
1292640 951.1
1292650 955.4
1292660 960.8
1292670 960.8
1292680 965.2
1292690 969.8
1292700 969.8
1292710 975.3
1292720 982.6
1292730 982.6
1292740 987.8
1292750 991.7
1292760 991.7
1292770 998.5
1292780 1006.7
1292790 1006.7
1292800 1013.8
1292810 1020.0
1292820 1020.0
1292830 1027.7
1292840 1034.6
1292850 1034.6
1292860 1040.8
1292870 1045.7
1292880 1049.0
1292890 1049.0
1292900 1049.9
1292910 1052.9
1292920 1052.9
1292930 1055.3
1292940 1058.0
1292950 1058.0
1292960 1060.9
1292970 1065.6
1292980 1065.6
1292990 1071.2
1293000 1076.2
1293010 1076.2
1293020 1081.4
1293030 1087.5
1293040 1087.5
1293050 1094.1
1293060 1099.2
1293070 1099.2
1293080 1104.4
1293090 1108.2
1293100 1108.2
1293110 1112.4
1293120 1116.8
1293130 1120.3
1293140 1120.3
1293150 1124.1
1293160 1129.3
1293170 1129.3
1293180 1134.5
1293190 1139.1
1293200 1139.1
1293210 1143.6
1293220 1148.3
1293230 1148.3
1293240 1154.0
1293250 1160.8
1293260 1160.8
1293270 1167.8
1293280 1173.7
1293290 1173.7
1293300 1179.2
1293310 1185.5
1293320 1185.5
1293330 1191.7
1293340 1196.2
1293350 1196.2
1293360 1201.4
1293370 1207.7
1293380 1207.7
1293390 1213.8
1293400 1217.7
1293410 1221.6
1293420 1221.6
1293430 1225.3
1293440 1229.5
1293450 1229.5
1293460 1235.1
1293470 1242.8
1293480 1242.8
1293490 1251.2
1293500 1257.2
1293510 1257.2
1293520 1261.3
1293530 1265.3
1293540 1265.3
1293550 1268.0
1293560 1270.5
1293570 1270.5
1293580 1273.3
1293590 1277.6
1293600 1277.6
1293610 1284.5
1293620 1292.7
1293630 1292.7
1293640 1301.3
1293650 1306.6
1293660 1307.4
1293670 1307.4
1293680 1310.1
1293690 1311.4
1293700 1311.4
1293710 1314.1
1293720 1317.2
1293730 1317.2
1293740 1319.8
1293750 1323.1
1293760 1323.1
1293770 1327.7
1293780 1332.3
1293790 1332.3
1293800 1337.2
1293810 1344.4
1293820 1344.4
1293830 1352.6
1293840 1360.1
1293850 1360.1
1293860 1368.2
1293870 1375.0
1293880 1375.0
1293890 1381.2
1293900 1388.3
1293910 1393.5
1293920 1393.5
1293930 1398.1
1293940 1402.8
1293950 1402.8
1293960 1407.8
1293970 1413.6
1293980 1413.6
1293990 1418.5
1294000 1422.8
1294010 1422.8
1294020 1426.7
1294030 1430.5
1294040 1430.5
1294050 1434.2
1294060 1437.8
1294070 1437.8
1294080 1441.0
1294090 1443.2
1294100 1443.2
1294110 1445.0
1294120 1447.8
1294130 1447.8
1294140 1450.0
1294150 1453.7
1294160 1453.7
1294170 1457.8
1294180 1461.0
1294190 1464.2
1294200 1464.2
1294210 1467.4
1294220 1471.0
1294230 1471.0
1294240 1474.3
1294250 1477.1
1294260 1477.1
1294270 1480.7
1294280 1485.5
1294290 1485.5
1294300 1489.4
1294310 1492.4
1294320 1492.4
1294330 1495.8
1294340 1500.0
1294350 1500.0
1294360 1504.2
1294370 1509.1
1294380 1509.1
1294390 1515.0
1294400 1522.1
1294410 1522.1
1294420 1529.9
1294430 1535.5
1294440 1541.3
1294450 1541.3
1294460 1547.4
1294470 1554.0
1294480 1554.0
1294490 1559.2
1294500 1563.4
1294510 1563.4
1294520 1568.9
1294530 1572.6
1294540 1572.6
1294550 1574.2
1294560 1576.3
1294570 1576.3
1294580 1578.8
1294590 1580.4
1294600 1580.4
1294610 1583.2
1294620 1585.6
1294630 1585.6
1294640 1587.8
1294650 1591.2
1294660 1591.2
1294670 1595.7
1294680 1600.1
1294690 1604.1
1294700 1604.1
1294710 1607.5
1294720 1611.0
1294730 1611.0
1294740 1617.6
1294750 1622.7
1294760 1622.7
1294770 1626.3
1294780 1630.0
1294790 1630.0
1294800 1633.1
1294810 1634.1
1294820 1634.1
1294830 1638.9
1294840 1647.1
1294850 1647.1
1294860 1654.3
1294870 1661.9
1294880 1661.9
1294890 1670.8
1294900 1675.7
1294910 1675.7
1294920 1683.7
1294930 1690.8
1294940 1690.8
1294950 1696.4
1294960 1705.5
1294970 1713.6
1294980 1713.6
1294990 1721.0
1295000 1728.1
1295010 1728.1
1295020 1734.1
1295030 1737.8
1295040 1737.8
1295050 1742.5
1295060 1748.8
1295070 1748.8
1295080 1757.9
1295090 1763.5
1295100 1763.5
1295110 1770.6
1295120 1775.9
1295130 1775.9
1295140 1775.7
1295150 1776.1
1295160 1776.1
1295170 1783.0
1295180 1787.7
1295190 1787.7
1295200 1789.9
1295210 1795.0
1295220 1801.6
1295230 1801.6
1295240 1807.5
1295250 1811.8
1295260 1811.8
1295270 1816.7
1295280 1823.3
1295290 1823.3
1295300 1829.7
1295310 1834.2
1295320 1834.2
1295330 1837.7
1295340 1841.5
1295350 1841.5
1295360 1846.2
1295370 1851.1
1295380 1851.1
1295390 1854.7
1295400 1857.3
1295410 1857.3
1295420 1861.0
1295430 1864.1
1295440 1864.1
1295450 1866.8
1295460 1869.5
1295470 1872.0
1295480 1874.3
1295490 1876.8
1295500 1875.0
1295510 1875.0
1295520 1873.9
1295530 1871.5
1295540 1871.5
1295550 1868.4
1295560 1865.7
1295570 1865.7
1295580 1864.6
1295590 1859.9
1295600 1859.9
1295610 1855.1
1295620 1855.5
1295630 1855.5
1295640 1857.2
1295650 1857.7
1295660 1857.7
1295670 1857.9
1295680 1857.7
1295690 1857.7
1295700 1857.6
1295710 1857.0
1295720 1857.0
1295730 1856.0
1295740 1855.1
1295750 1852.9
1295760 1852.9
1295770 1850.3
1295780 1848.8
1295790 1848.8
1295800 1847.1
1295810 1844.6
1295820 1844.6
1295830 1841.8
1295840 1839.0
1295850 1839.0
1295860 1835.8
1295870 1834.9
1295880 1834.9
1295890 1833.5
1295900 1831.7
1295910 1831.7
1295920 1829.3
1295930 1826.4
1295940 1826.4
1295950 1824.2
1295960 1821.8
1295970 1821.8
1295980 1817.1
1295990 1811.5
1296000 1807.1
1296010 1807.1
1296020 1802.3
1296030 1797.2
1296040 1797.2
1296050 1793.5
1296060 1789.7
1296070 1789.7
1296080 1786.4
1296090 1784.0
1296100 1784.0
1296110 1782.5
1296120 1781.1
1296130 1781.1
1296140 1780.1
1296150 1783.3
1296160 1783.3
1296170 1781.9
1296180 1780.9
1296190 1780.9
1296200 1780.0
1296210 1779.0
1296220 1779.0
1296230 1777.8
1296240 1775.9
1296250 1774.0
1296260 1774.0
1296270 1771.4
1296280 1768.3
1296290 1768.3
1296300 1765.3
1296310 1761.8
1296320 1761.8
1296330 1758.0
1296340 1755.3
1296350 1755.3
1296360 1753.4
1296370 1751.5
1296380 1751.5
1296390 1750.0
1296400 1749.3
1296410 1749.3
1296420 1747.7
1296430 1745.9
1296440 1745.9
1296450 1744.6
1296460 1743.8
1296470 1743.8
1296480 1743.1
1296490 1742.7
1296500 1742.7
1296510 1742.4
1296520 1742.0
1296530 1738.6
1296540 1738.6
1296550 1735.0
1296560 1734.7
1296570 1734.7
1296580 1734.5
1296590 1733.1
1296600 1733.1
1296610 1730.7
1296620 1728.2
1296630 1728.2
1296640 1725.8
1296650 1723.6
1296660 1723.6
1296670 1721.6
1296680 1718.9
1296690 1718.9
1296700 1716.7
1296710 1715.2
1296720 1715.2
1296730 1713.0
1296740 1710.5
1296750 1710.5
1296760 1708.7
1296770 1706.5
1296780 1703.7
1296790 1703.7
1296800 1699.3
1296810 1693.9
1296820 1693.9
1296830 1690.8
1296840 1688.9
1296850 1688.9
1296860 1688.2
1296870 1687.7
1296880 1687.7
1296890 1687.6
1296900 1687.6
1296910 1687.6
1296920 1687.1
1296930 1685.1
1296940 1685.1
1296950 1682.6
1296960 1680.3
1296970 1680.3
1296980 1676.7
1296990 1672.3
1297000 1672.3
1297010 1668.8
1297020 1667.6
1297030 1666.7
1297040 1666.7
1297050 1666.2
1297060 1664.6
1297070 1664.6
1297080 1661.8
1297090 1659.4
1297100 1659.4
1297110 1656.2
1297120 1654.7
1297130 1654.7
1297140 1655.2
1297150 1655.5
1297160 1655.5
1297170 1654.2
1297180 1651.4
1297190 1651.4
1297200 1648.0
1297210 1645.2
1297220 1645.2
1297230 1644.6
1297240 1644.1
1297250 1644.1
1297260 1642.6
1297270 1641.2
1297280 1640.4
1297290 1640.4
1297300 1641.3
1297310 1644.9
1297320 1644.9
1297330 1646.2
1297340 1646.0
1297350 1646.0
1297360 1644.5
1297370 1643.6
1297380 1643.6
1297390 1642.8
1297400 1642.2
1297410 1642.2
1297420 1642.3
1297430 1642.4
1297440 1642.4
1297450 1641.0
1297460 1639.1
1297470 1639.1
1297480 1638.0
1297490 1637.2
1297500 1637.2
1297510 1639.0
1297520 1636.9
1297530 1636.9
1297540 1635.3
1297550 1634.3
1297560 1633.3
1297570 1633.3
1297580 1631.9
1297590 1630.3
1297600 1630.3
1297610 1628.4
1297620 1625.9
1297630 1625.9
1297640 1622.8
1297650 1618.4
1297660 1618.4
1297670 1613.1
1297680 1608.2
1297690 1608.2
1297700 1604.9
1297710 1602.0
1297720 1602.0
1297730 1599.4
1297740 1597.0
1297750 1597.0
1297760 1594.8
1297770 1592.3
1297780 1592.3
1297790 1590.9
1297800 1589.0
1297810 1584.6
1297820 1584.6
1297830 1582.6
1297840 1585.7
1297850 1585.7
1297860 1586.3
1297870 1583.2
1297880 1583.2
1297890 1587.9
1297900 1592.2
1297910 1592.2
1297920 1593.6
1297930 1593.7
1297940 1593.7
1297950 1593.1
1297960 1591.9
1297970 1591.9
1297980 1590.8
1297990 1590.2
1298000 1590.2
1298010 1589.0
1298020 1588.3
1298030 1588.3
1298040 1586.9
1298050 1585.6
1298060 1583.6
1298070 1583.6
1298080 1581.2
1298090 1579.0
1298100 1579.0
1298110 1578.7
1298120 1578.1
1298130 1578.1
1298140 1577.1
1298150 1576.1
1298160 1576.1
1298170 1574.4
1298180 1574.0
1298190 1578.5
1298200 1576.5
1298210 1573.9
1298220 1573.9
1298230 1570.3
1298240 1566.4
1298250 1566.4
1298260 1562.8
1298270 1559.2
1298280 1559.2
1298290 1555.8
1298300 1551.6
1298310 1551.6
1298320 1547.8
1298330 1545.4
1298340 1543.3
1298350 1543.3
1298360 1541.4
1298370 1538.4
1298380 1538.4
1298390 1534.8
1298400 1532.7
1298410 1532.7
1298420 1531.8
1298430 1531.2
1298440 1531.2
1298450 1529.8
1298460 1527.5
1298470 1527.5
1298480 1525.1
1298490 1523.2
1298500 1523.2
1298510 1520.4
1298520 1515.7
1298530 1515.7
1298540 1511.6
1298550 1508.7
1298560 1508.7
1298570 1506.2
1298580 1502.5
1298590 1498.1
1298600 1498.1
1298610 1494.6
1298620 1489.0
1298630 1489.0
1298640 1482.1
1298650 1475.9
1298660 1475.9
1298670 1469.3
1298680 1463.3
1298690 1463.3
1298700 1457.4
1298710 1452.2
1298720 1452.2
1298730 1447.6
1298740 1445.0
1298750 1445.0
1298760 1442.9
1298770 1441.3
1298780 1441.3
1298790 1438.8
1298800 1435.0
1298810 1435.0
1298820 1430.6
1298830 1426.1
1298840 1421.4
1298850 1421.4
1298860 1416.7
1298870 1411.6
1298880 1413.4
1298890 1408.5
1298900 1402.9
1298910 1402.9
1298920 1395.9
1298930 1387.8
1298940 1387.8
1298950 1379.2
1298960 1371.1
1298970 1371.1
1298980 1364.6
1298990 1358.6
1299000 1358.6
1299010 1353.9
1299020 1349.4
1299030 1349.4
1299040 1344.7
1299050 1340.3
1299060 1340.3
1299070 1335.7
1299080 1331.5
1299090 1331.5
1299100 1326.9
1299110 1322.1
1299120 1315.1
1299130 1315.1
1299140 1307.8
1299150 1301.1
1299160 1301.1
1299170 1294.0
1299180 1287.2
1299190 1287.2
1299200 1280.7
1299210 1273.2
1299220 1273.2
1299230 1267.5
1299240 1259.6
1299250 1259.6
1299260 1253.9
1299270 1247.6
1299280 1247.6
1299290 1241.1
1299300 1240.4
1299310 1240.4
1299320 1240.2
1299330 1238.8
1299340 1238.8
1299350 1235.7
1299360 1232.2
1299370 1227.4
1299380 1227.4
1299390 1227.4
1299400 1237.8
1299410 1237.8
1299420 1248.6
1299430 1258.6
1299440 1258.6
1299450 1266.1
1299460 1272.1
1299470 1272.1
1299480 1277.8
1299490 1282.2
1299500 1282.2
1299510 1285.8
1299520 1288.8
1299530 1288.8
1299540 1291.1
1299550 1292.9
1299560 1296.6
1299570 1298.8
1299580 1300.6
1299590 1300.6
1299600 1302.2
1299610 1303.4
1299620 1304.6
1299630 1304.6
1299640 1305.4
1299650 1306.0
1299660 1306.0
1299670 1306.8
1299680 1307.5
1299690 1307.5
1299700 1307.8
1299710 1307.7
1299720 1307.7
1299730 1308.0
1299740 1307.5
1299750 1307.5
1299760 1306.9
1299770 1306.3
1299780 1306.3
1299790 1305.6
1299800 1304.8
1299810 1304.8
1299820 1302.9
1299830 1299.8
1299840 1299.8
1299850 1293.6
1299860 1290.9
1299870 1290.9
1299880 1291.5
1299890 1292.4
1299900 1291.3
1299910 1291.3
1299920 1288.9
1299930 1286.9
1299940 1286.9
1299950 1285.6
1299960 1285.4
1299970 1285.4
1299980 1285.5
1299990 1285.9
