1280000 886.9
1280010 886.9
1280020 886.9
1280030 886.6
1280040 886.6
1280050 886.5
1280060 886.5
1280070 886.5
1280080 886.4
1280090 886.1
1280100 886.1
1280110 885.6
1280120 885.1
1280130 885.1
1280140 884.5
1280150 883.7
1280160 883.7
1280170 882.7
1280180 881.8
1280190 881.8
1280200 881.2
1280210 880.9
1280220 881.2
1280230 881.2
1280240 881.9
1280250 882.7
1280260 883.5
1280270 884.4
1280280 885.5
1280290 885.5
1280300 886.6
1280310 887.8
1280320 887.8
1280330 889.0
1280340 890.4
1280350 890.4
1280360 891.6
1280370 892.9
1280380 892.9
1280390 894.4
1280400 895.2
1280410 895.2
1280420 895.5
1280430 896.0
1280440 896.0
1280450 896.2
1280460 896.5
1280470 896.5
1280480 896.9
1280490 897.2
1280500 897.4
1280510 897.4
1280520 897.7
1280530 897.8
1280540 897.8
1280550 897.7
1280560 898.0
1280570 898.0
1280580 898.1
1280590 897.7
1280600 897.7
1280610 897.4
1280620 897.3
1280630 897.3
1280640 897.0
1280650 896.9
1280660 896.9
1280670 896.8
1280680 896.9
1280690 896.9
1280700 897.2
1280710 898.5
1280720 898.5
1280730 899.7
1280740 899.6
1280750 900.1
1280760 900.1
1280770 901.0
1280780 901.5
1280790 901.5
1280800 902.1
1280810 902.6
1280820 902.6
1280830 903.0
1280840 903.3
1280850 903.3
1280860 903.5
1280870 903.6
1280880 903.0
1280890 903.0
1280900 903.0
1280910 903.0
1280920 903.0
1280930 903.0
1280940 903.0
1280950 903.0
1280960 902.8
1280970 902.8
1280980 902.5
1280990 902.2
1281000 902.0
1281010 902.0
1281020 901.4
1281030 900.9
1281040 900.9
1281050 900.5
1281060 900.1
1281070 900.1
1281080 899.5
1281090 898.9
1281100 898.9
1281110 898.4
1281120 897.7
1281130 897.7
1281140 896.9
1281150 896.1
1281160 896.1
1281170 895.3
1281180 894.5
1281190 894.5
1281200 893.8
1281210 893.2
1281220 893.2
1281230 892.7
1281240 892.3
1281250 891.9
1281260 891.9
1281270 891.6
1281280 891.5
1281290 891.5
1281300 891.5
1281310 891.3
1281320 891.3
1281330 891.1
1281340 891.0
1281350 891.0
1281360 891.2
1281370 891.4
1281380 891.4
1281390 891.7
1281400 892.0
1281410 892.0
1281420 892.2
1281430 892.3
1281440 892.3
1281450 892.3
1281460 892.5
1281470 892.5
1281480 892.8
1281490 892.6
1281500 893.9
1281510 894.3
1281520 894.8
1281530 894.5
1281540 894.5
1281550 893.6
1281560 893.3
1281570 893.3
1281580 893.1
1281590 892.8
1281600 892.8
1281610 892.3
1281620 891.8
1281630 891.8
1281640 891.3
1281650 890.8
1281660 890.8
1281670 890.2
1281680 889.6
1281690 889.6
1281700 888.8
1281710 888.0
1281720 888.0
1281730 887.1
1281740 886.2
1281750 886.2
1281760 885.4
1281770 884.5
1281780 883.3
1281790 883.3
1281800 882.3
1281810 881.5
1281820 881.5
1281830 880.4
1281840 876.2
1281850 876.2
1281860 871.6
1281870 867.3
1281880 867.3
1281890 861.6
1281900 853.5
1281910 853.5
1281920 846.7
1281930 840.8
1281940 840.8
1281950 835.9
1281960 832.0
1281970 832.0
1281980 828.2
1281990 824.2
1282000 824.2
1282010 819.6
1282020 816.1
1282030 813.9
1282040 813.9
1282050 811.8
1282060 810.0
1282070 810.0
1282080 808.5
1282090 807.2
1282100 807.2
1282110 805.4
1282120 804.6
1282130 804.9
1282140 803.8
1282150 803.1
1282160 803.1
1282170 803.8
1282180 805.8
1282190 805.8
1282200 809.7
1282210 813.9
1282220 813.9
1282230 818.8
1282240 821.8
1282250 821.8
1282260 823.0
1282270 823.3
1282280 823.3
1282290 823.5
1282300 823.5
1282310 823.4
1282320 823.4
1282330 823.0
1282340 822.5
1282350 822.5
1282360 822.0
1282370 821.5
1282380 821.5
1282390 821.0
1282400 820.4
1282410 820.4
1282420 819.8
1282430 819.3
1282440 819.3
1282450 819.0
1282460 819.0
1282470 819.0
1282480 818.8
1282490 816.8
1282500 816.8
1282510 810.8
1282520 806.0
1282530 806.0
1282540 801.3
1282550 796.8
1282560 792.9
1282570 792.9
1282580 790.4
1282590 788.7
1282600 788.7
1282610 788.7
1282620 789.7
1282630 789.7
1282640 792.1
1282650 795.1
1282660 795.1
1282670 799.3
1282680 806.0
1282690 806.0
1282700 813.8
1282710 819.0
1282720 819.0
1282730 823.2
1282740 826.6
1282750 826.6
1282760 833.0
1282770 835.9
1282780 835.9
1282790 838.3
1282800 841.2
1282810 844.9
1282820 844.9
1282830 849.0
1282840 853.8
1282850 853.8
1282860 858.8
1282870 864.1
1282880 864.1
1282890 869.2
1282900 873.4
1282910 873.4
1282920 877.2
1282930 882.0
1282940 882.0
1282950 886.7
1282960 891.6
1282970 891.6
1282980 898.7
1282990 906.3
1283000 906.3
1283010 914.4
1283020 922.2
1283030 922.2
1283040 927.2
1283050 930.2
1283060 930.2
1283070 930.7
1283080 930.9
1283090 931.3
1283100 931.3
1283110 931.7
1283120 932.0
1283130 932.0
1283140 932.0
1283150 932.0
1283160 932.0
1283170 932.0
1283180 931.8
1283190 931.8
1283200 931.6
1283210 931.5
1283220 931.5
1283230 931.5
1283240 931.2
1283250 931.2
1283260 930.2
1283270 929.3
1283280 929.3
1283290 928.4
1283300 927.3
1283310 927.3
1283320 926.5
1283330 925.9
1283340 925.5
1283350 925.5
1283360 925.3
1283370 925.2
1283380 925.2
1283390 924.7
1283400 924.7
1283410 924.7
1283420 925.0
1283430 925.0
1283440 925.0
1283450 924.9
1283460 925.3
1283470 925.3
1283480 924.8
1283490 923.3
1283500 923.3
1283510 920.3
1283520 917.4
1283530 917.4
1283540 917.1
1283550 917.1
1283560 917.1
1283570 916.8
1283580 917.0
1283590 916.6
1283600 916.6
1283610 916.2
1283620 915.9
1283630 915.9
1283640 915.3
1283650 914.8
1283660 914.8
1283670 914.7
1283680 914.7
1283690 914.7
1283700 914.6
1283710 914.5
1283720 914.5
1283730 914.4
1283740 913.9
1283750 913.9
1283760 912.2
1283770 911.8
1283780 911.8
1283790 911.6
1283800 911.6
1283810 911.6
1283820 911.4
1283830 911.2
1283840 911.2
1283850 911.3
1283860 911.5
1283870 911.2
1283880 911.2
1283890 911.0
1283900 910.9
1283910 910.9
1283920 910.9
1283930 910.7
1283940 910.7
1283950 910.8
1283960 910.8
1283970 910.8
1283980 910.9
1283990 911.0
1284000 911.0
1284010 911.1
1284020 911.3
1284030 912.1
1284040 912.2
1284050 912.5
1284060 912.5
1284070 912.7
1284080 913.0
1284090 913.0
1284100 913.5
1284110 914.4
1284120 915.1
1284130 915.1
1284140 916.0
1284150 916.4
1284160 916.4
1284170 916.7
1284180 917.7
1284190 917.7
1284200 919.6
1284210 924.6
1284220 924.6
1284230 931.4
1284240 935.5
1284250 935.5
1284260 937.0
1284270 938.3
1284280 938.3
1284290 939.0
1284300 939.7
1284310 939.7
1284320 940.3
1284330 940.8
1284340 940.8
1284350 941.1
1284360 942.7
1284370 943.6
1284380 943.6
1284390 944.7
1284400 946.2
1284410 946.2
1284420 947.4
1284430 948.8
1284440 948.8
1284450 951.2
1284460 953.9
1284470 953.9
1284480 955.8
1284490 955.8
1284500 955.8
1284510 954.8
1284520 953.6
1284530 953.6
1284540 953.3
1284550 954.0
1284560 954.0
1284570 954.5
1284580 955.1
1284590 955.1
1284600 955.7
1284610 958.0
1284620 958.0
1284630 963.3
1284640 969.3
1284650 975.1
1284660 975.1
1284670 980.8
1284680 985.7
1284690 985.7
1284700 991.0
1284710 994.6
1284720 994.6
1284730 997.9
1284740 1000.9
1284750 1000.9
1284760 1002.7
1284770 1005.0
1284780 1005.0
1284790 1008.1
1284800 1010.8
1284810 1010.8
1284820 1012.9
1284830 1014.9
1284840 1014.9
1284850 1017.2
1284860 1019.3
1284870 1019.3
1284880 1021.6
1284890 1024.2
1284900 1027.2
1284910 1027.2
1284920 1030.6
1284930 1033.0
1284940 1033.0
1284950 1035.2
1284960 1037.0
1284970 1037.0
1284980 1039.6
1284990 1043.4
1285000 1043.4
1285010 1048.3
1285020 1052.6
1285030 1052.6
1285040 1055.7
1285050 1057.9
1285060 1057.9
1285070 1060.6
1285080 1064.8
1285090 1064.8
1285100 1068.0
1285110 1070.6
1285120 1070.6
1285130 1073.2
1285140 1075.6
1285150 1078.7
1285160 1078.7
1285170 1082.7
1285180 1085.9
1285190 1085.9
1285200 1088.6
1285210 1090.4
1285220 1090.4
1285230 1092.8
1285240 1096.2
1285250 1096.2
1285260 1099.0
1285270 1099.8
1285280 1099.8
1285290 1101.2
1285300 1106.6
1285310 1106.6
1285320 1109.3
1285330 1111.9
1285340 1111.9
1285350 1113.8
1285360 1116.3
1285370 1116.3
1285380 1119.1
1285390 1122.1
1285400 1124.7
1285410 1124.7
1285420 1128.4
1285430 1133.2
1285440 1133.2
1285450 1139.9
1285460 1144.5
1285470 1144.5
1285480 1146.8
1285490 1148.6
1285500 1148.6
1285510 1150.2
1285520 1152.4
1285530 1152.4
1285540 1154.8
1285550 1156.2
1285560 1156.2
1285570 1158.0
1285580 1161.4
1285590 1161.4
1285600 1164.7
1285610 1168.0
1285620 1168.0
1285630 1171.4
1285640 1175.3
1285650 1175.3
1285660 1180.7
1285670 1185.0
1285680 1186.8
1285690 1186.8
1285700 1189.2
1285710 1193.0
1285720 1193.0
1285730 1196.1
1285740 1198.9
1285750 1198.9
1285760 1202.0
1285770 1204.7
1285780 1204.7
1285790 1207.1
1285800 1209.4
1285810 1209.4
1285820 1211.6
1285830 1214.0
1285840 1214.0
1285850 1216.5
1285860 1218.0
1285870 1218.0
1285880 1220.1
1285890 1221.6
1285900 1221.6
1285910 1224.1
1285920 1226.2
1285930 1228.7
1285940 1229.5
1285950 1231.6
1285960 1233.9
1285970 1233.9
1285980 1236.6
1285990 1239.1
1286000 1239.1
1286010 1241.2
1286020 1243.0
1286030 1243.0
1286040 1244.8
1286050 1246.6
1286060 1246.6
1286070 1248.8
1286080 1251.7
1286090 1251.7
1286100 1254.2
1286110 1256.6
1286120 1256.6
1286130 1258.6
1286140 1260.7
1286150 1260.7
1286160 1263.0
1286170 1265.5
1286180 1268.5
1286190 1268.5
1286200 1271.9
1286210 1275.9
1286220 1275.9
1286230 1279.8
1286240 1282.6
1286250 1282.6
1286260 1284.1
1286270 1283.9
1286280 1283.9
1286290 1281.7
1286300 1278.0
1286310 1278.0
1286320 1274.0
1286330 1270.4
1286340 1270.4
1286350 1267.5
1286360 1265.4
1286370 1265.4
1286380 1264.1
1286390 1260.8
1286400 1260.8
1286410 1255.1
1286420 1245.1
1286430 1245.1
1286440 1235.6
1286450 1228.6
1286460 1221.4
1286470 1221.4
1286480 1213.3
1286490 1207.4
1286500 1207.4
1286510 1203.2
1286520 1201.0
1286530 1201.0
1286540 1198.8
1286550 1196.6
1286560 1196.6
1286570 1193.7
1286580 1196.3
1286590 1196.3
1286600 1193.6
1286610 1190.3
1286620 1190.3
1286630 1187.4
1286640 1184.6
1286650 1184.6
1286660 1180.1
1286670 1171.3
1286680 1171.3
1286690 1164.1
1286700 1157.6
1286710 1149.7
1286720 1149.7
1286730 1141.4
1286740 1131.0
1286750 1131.0
1286760 1118.6
1286770 1107.0
1286780 1107.0
1286790 1098.1
1286800 1092.1
1286810 1092.1
1286820 1086.5
1286830 1080.3
1286840 1080.3
1286850 1073.9
1286860 1069.4
1286870 1069.4
1286880 1063.7
1286890 1055.1
1286900 1055.1
1286910 1045.9
1286920 1038.5
1286930 1038.5
1286940 1029.5
1286950 1020.8
1286960 1011.4
1286970 1011.4
1286980 1001.0
1286990 989.4
1287000 989.4
1287010 977.0
1287020 966.4
1287030 966.4
1287040 963.5
1287050 969.5
1287060 969.5
1287070 975.8
1287080 976.7
1287090 976.7
1287100 977.2
1287110 978.2
1287120 978.2
1287130 979.5
1287140 980.9
1287150 980.9
1287160 983.5
1287170 987.6
1287180 987.6
1287190 993.1
1287200 999.3
1287210 999.3
1287220 1006.1
1287230 1011.4
1287240 1015.9
1287250 1015.9
1287260 1020.4
1287270 1026.4
1287280 1026.4
1287290 1032.7
1287300 1038.0
1287310 1038.0
1287320 1042.6
1287330 1048.1
1287340 1048.1
1287350 1053.1
1287360 1057.4
1287370 1057.4
1287380 1062.2
1287390 1067.7
1287400 1067.7
1287410 1073.9
1287420 1080.7
1287430 1080.7
1287440 1087.2
1287450 1092.2
1287460 1092.2
1287470 1096.9
1287480 1102.3
1287490 1108.0
1287500 1108.0
1287510 1111.7
1287520 1113.5
1287530 1113.5
1287540 1117.4
1287550 1123.0
1287560 1123.0
1287570 1128.0
1287580 1133.5
1287590 1133.5
1287600 1138.4
1287610 1143.7
1287620 1143.7
1287630 1151.2
1287640 1157.9
1287650 1157.9
1287660 1162.0
1287670 1165.6
1287680 1165.6
1287690 1169.3
1287700 1173.1
1287710 1173.1
1287720 1176.9
1287730 1182.5
1287740 1186.7
1287750 1186.7
1287760 1190.4
1287770 1194.0
1287780 1194.0
1287790 1198.2
1287800 1202.2
1287810 1202.2
1287820 1206.3
1287830 1211.4
1287840 1211.4
1287850 1216.1
1287860 1220.9
1287870 1220.9
1287880 1228.0
1287890 1232.4
1287900 1232.4
1287910 1237.4
1287920 1242.7
1287930 1242.7
1287940 1247.3
1287950 1250.9
1287960 1250.9
1287970 1253.7
1287980 1256.0
1287990 1257.9
1288000 1257.9
1288010 1259.4
1288020 1260.8
1288030 1260.8
1288040 1262.7
1288050 1265.0
1288060 1265.0
1288070 1268.0
1288080 1271.5
1288090 1271.5
1288100 1274.4
1288110 1276.9
1288120 1276.9
1288130 1279.6
1288140 1282.1
1288150 1282.1
1288160 1284.7
1288170 1287.8
1288180 1287.8
1288190 1291.5
1288200 1295.7
1288210 1295.7
1288220 1299.7
1288230 1303.4
1288240 1303.4
1288250 1306.1
1288260 1307.5
1288270 1309.6
1288280 1309.6
1288290 1314.0
1288300 1319.4
1288310 1319.4
1288320 1325.3
1288330 1331.0
1288340 1331.0
1288350 1334.6
1288360 1337.5
1288370 1337.5
1288380 1340.9
1288390 1344.5
1288400 1344.5
1288410 1347.7
1288420 1351.1
1288430 1351.1
1288440 1355.8
1288450 1360.4
1288460 1360.4
1288470 1365.5
1288480 1368.5
1288490 1368.5
1288500 1370.3
1288510 1373.5
1288520 1377.5
1288530 1379.1
1288540 1383.0
1288550 1387.1
1288560 1387.1
1288570 1389.6
1288580 1391.3
1288590 1391.3
1288600 1393.1
1288610 1395.0
1288620 1395.0
1288630 1398.0
1288640 1401.4
1288650 1401.4
1288660 1403.9
1288670 1407.0
1288680 1407.0
1288690 1411.1
1288700 1414.4
1288710 1414.4
1288720 1417.5
1288730 1420.3
1288740 1420.3
1288750 1422.2
1288760 1426.1
1288770 1430.4
1288780 1430.4
1288790 1434.9
1288800 1439.5
1288810 1439.5
1288820 1442.9
1288830 1445.4
1288840 1445.4
1288850 1447.3
1288860 1449.7
1288870 1449.7
1288880 1452.4
1288890 1455.4
1288900 1455.4
1288910 1458.2
1288920 1460.4
1288930 1460.4
1288940 1461.1
1288950 1460.8
1288960 1460.8
1288970 1461.5
1288980 1463.5
1288990 1463.5
1289000 1465.0
1289010 1466.5
1289020 1466.5
1289030 1469.2
1289040 1472.6
1289050 1475.0
1289060 1475.0
1289070 1477.0
1289080 1479.4
1289090 1479.4
1289100 1482.7
1289110 1485.2
1289120 1485.2
1289130 1486.8
1289140 1488.9
1289150 1488.9
1289160 1492.0
1289170 1494.1
1289180 1498.1
1289190 1499.2
1289200 1500.0
1289210 1500.0
1289220 1502.4
1289230 1506.1
1289240 1506.1
1289250 1508.9
1289260 1510.6
1289270 1510.6
1289280 1511.3
1289290 1514.4
1289300 1518.7
1289310 1518.7
1289320 1522.3
1289330 1525.6
1289340 1525.6
1289350 1528.8
1289360 1530.9
1289370 1530.9
1289380 1533.1
1289390 1536.1
1289400 1536.1
1289410 1539.8
1289420 1543.0
1289430 1543.0
1289440 1546.2
1289450 1549.7
1289460 1549.7
1289470 1552.5
1289480 1555.3
1289490 1555.3
1289500 1558.3
1289510 1560.7
1289520 1560.7
1289530 1563.7
1289540 1566.9
1289550 1570.0
1289560 1570.0
1289570 1571.5
1289580 1572.2
1289590 1572.2
1289600 1572.8
1289610 1573.4
1289620 1573.4
1289630 1573.5
1289640 1576.8
1289650 1576.8
1289660 1578.1
1289670 1578.2
1289680 1578.2
1289690 1577.8
1289700 1578.5
1289710 1578.5
1289720 1579.4
1289730 1580.0
1289740 1580.0
1289750 1580.8
1289760 1581.1
1289770 1581.1
1289780 1583.3
1289790 1585.2
1289800 1585.2
1289810 1588.2
1289820 1590.9
1289830 1593.3
1289840 1593.3
1289850 1592.1
1289860 1588.5
1289870 1588.5
1289880 1582.8
1289890 1577.6
1289900 1577.6
1289910 1573.5
1289920 1569.5
1289930 1569.5
1289940 1565.1
1289950 1563.2
1289960 1563.2
1289970 1559.5
1289980 1555.2
1289990 1555.2
1290000 1551.3
1290010 1550.0
1290020 1550.0
1290030 1549.7
1290040 1548.2
1290050 1548.2
1290060 1545.9
1290070 1543.1
1290080 1540.0
1290090 1540.0
1290100 1537.7
1290110 1534.7
1290120 1534.7
1290130 1532.0
1290140 1528.8
1290150 1528.8
1290160 1525.5
1290170 1522.4
1290180 1522.4
1290190 1520.0
1290200 1517.8
1290210 1517.8
1290220 1515.5
1290230 1513.1
1290240 1513.1
1290250 1510.9
1290260 1508.9
1290270 1508.9
1290280 1505.0
1290290 1498.4
1290300 1498.4
1290310 1492.9
1290320 1487.0
1290330 1481.4
1290340 1481.4
1290350 1476.3
1290360 1471.0
1290370 1471.0
1290380 1466.4
1290390 1462.9
1290400 1462.9
1290410 1460.5
1290420 1457.5
1290430 1457.5
1290440 1453.0
1290450 1448.3
1290460 1448.3
1290470 1444.2
1290480 1442.5
1290490 1448.0
1290500 1446.1
1290510 1442.3
1290520 1442.3
1290530 1438.3
1290540 1434.3
1290550 1434.3
1290560 1430.2
1290570 1428.1
1290580 1428.1
1290590 1425.5
1290600 1422.4
1290610 1418.5
1290620 1418.5
1290630 1417.1
1290640 1417.6
1290650 1417.6
1290660 1419.7
1290670 1422.2
1290680 1422.2
1290690 1424.8
1290700 1426.2
1290710 1426.2
1290720 1426.4
1290730 1426.3
1290740 1426.3
1290750 1426.3
1290760 1426.4
1290770 1426.4
1290780 1426.7
1290790 1427.1
1290800 1427.1
1290810 1426.6
1290820 1425.1
1290830 1425.1
1290840 1424.1
1290850 1423.5
1290860 1423.2
1290870 1423.2
1290880 1423.3
1290890 1423.2
1290900 1423.2
1290910 1423.7
1290920 1424.1
1290930 1424.1
1290940 1423.9
1290950 1423.5
1290960 1423.5
1290970 1424.2
1290980 1425.2
1290990 1425.2
1291000 1424.8
1291010 1423.6
1291020 1423.6
1291030 1422.5
1291040 1422.2
1291050 1422.2
1291060 1420.9
1291070 1417.6
1291080 1417.6
1291090 1412.4
1291100 1406.9
1291110 1401.5
1291120 1401.5
1291130 1394.2
1291140 1395.6
1291150 1395.6
1291160 1392.4
1291170 1389.1
1291180 1389.1
1291190 1387.6
1291200 1387.3
1291210 1387.3
1291220 1385.4
1291230 1381.9
1291240 1381.9
1291250 1379.7
1291260 1379.2
1291270 1379.2
1291280 1378.2
1291290 1374.9
1291300 1374.9
1291310 1370.1
1291320 1369.2
1291330 1369.2
1291340 1369.5
1291350 1367.9
1291360 1366.6
1291370 1366.6
1291380 1364.9
1291390 1359.5
1291400 1359.5
1291410 1358.2
1291420 1356.8
1291430 1356.8
1291440 1354.9
1291450 1353.9
1291460 1353.9
1291470 1354.6
1291480 1355.0
1291490 1355.0
1291500 1355.6
1291510 1355.1
1291520 1355.1
1291530 1352.1
1291540 1349.5
1291550 1349.5
1291560 1350.1
1291570 1350.3
1291580 1350.3
1291590 1350.0
1291600 1348.8
1291610 1348.8
1291620 1348.5
1291630 1348.7
1291640 1348.7
1291650 1348.7
1291660 1348.1
1291670 1346.2
1291680 1346.2
1291690 1344.1
1291700 1342.9
1291710 1342.9
1291720 1341.8
1291730 1339.5
1291740 1339.5
1291750 1336.2
1291760 1333.8
1291770 1333.8
1291780 1332.7
1291790 1331.7
1291800 1336.3
1291810 1334.7
1291820 1332.6
1291830 1332.6
1291840 1330.8
1291850 1329.6
1291860 1329.6
1291870 1328.7
1291880 1326.9
1291890 1324.3
1291900 1324.3
1291910 1322.4
1291920 1317.7
1291930 1317.7
1291940 1310.4
1291950 1303.5
1291960 1303.5
1291970 1296.4
1291980 1289.6
1291990 1289.6
1292000 1284.6
1292010 1280.1
1292020 1280.1
1292030 1274.6
1292040 1269.3
1292050 1269.3
1292060 1263.8
1292070 1257.9
1292080 1257.9
1292090 1252.0
1292100 1245.5
1292110 1245.5
1292120 1236.2
1292130 1220.5
1292140 1208.5
1292150 1208.5
1292160 1201.3
1292170 1196.8
1292180 1196.8
1292190 1192.3
1292200 1186.5
1292210 1186.5
1292220 1180.5
1292230 1173.7
1292240 1173.7
1292250 1167.6
1292260 1162.6
1292270 1162.6
1292280 1157.9
1292290 1153.9
1292300 1153.9
1292310 1149.7
1292320 1143.7
1292330 1143.7
1292340 1136.7
1292350 1129.7
1292360 1129.7
1292370 1122.4
1292380 1115.2
1292390 1115.2
1292400 1108.8
1292410 1102.5
1292420 1096.1
1292430 1096.1
1292440 1090.1
1292450 1084.9
1292460 1086.4
1292470 1080.4
1292480 1074.8
1292490 1074.8
1292500 1069.7
1292510 1063.8
1292520 1063.8
1292530 1057.4
1292540 1051.8
1292550 1051.8
1292560 1047.5
1292570 1044.0
1292580 1044.0
1292590 1041.0
1292600 1037.7
1292610 1037.7
1292620 1034.2
1292630 1029.4
1292640 1029.4
1292650 1024.2
1292660 1019.0
1292670 1014.5
1292680 1014.5
1292690 1011.6
1292700 1009.1
1292710 1009.1
1292720 1005.4
1292730 999.7
1292740 999.7
1292750 993.0
1292760 987.9
1292770 987.9
1292780 983.5
1292790 983.2
1292800 983.2
1292810 989.7
1292820 998.1
1292830 998.1
1292840 1005.3
1292850 1009.5
1292860 1009.5
1292870 1013.4
1292880 1017.3
1292890 1017.3
1292900 1021.6
1292910 1025.3
1292920 1029.0
1292930 1029.0
1292940 1033.7
1292950 1038.1
1292960 1038.1
1292970 1042.1
1292980 1047.0
1292990 1047.0
1293000 1052.0
1293010 1057.8
1293020 1057.8
1293030 1063.9
1293040 1070.2
1293050 1070.2
1293060 1076.3
1293070 1082.1
1293080 1082.1
1293090 1088.0
1293100 1093.9
1293110 1093.9
1293120 1099.9
1293130 1108.6
1293140 1108.6
1293150 1115.8
1293160 1124.3
1293170 1136.1
1293180 1136.1
1293190 1150.1
1293200 1158.3
1293210 1158.3
1293220 1164.7
1293230 1171.6
1293240 1171.6
1293250 1177.9
1293260 1183.1
1293270 1183.1
1293280 1187.6
1293290 1193.1
1293300 1193.1
1293310 1199.3
1293320 1203.6
1293330 1203.6
1293340 1206.7
1293350 1211.7
1293360 1211.7
1293370 1217.8
1293380 1224.5
1293390 1224.5
1293400 1229.9
1293410 1233.9
1293420 1233.9
1293430 1238.3
1293440 1243.2
1293450 1247.3
1293460 1247.3
1293470 1250.1
1293480 1251.5
1293490 1251.5
1293500 1253.5
1293510 1256.2
1293520 1256.2
1293530 1259.7
1293540 1263.5
1293550 1263.5
1293560 1269.4
1293570 1274.9
1293580 1274.9
1293590 1279.5
1293600 1285.0
1293610 1285.0
1293620 1291.7
1293630 1299.2
1293640 1299.2
1293650 1306.9
1293660 1314.0
1293670 1314.0
1293680 1320.9
1293690 1328.0
1293700 1335.0
1293710 1335.0
1293720 1341.2
1293730 1345.5
1293740 1345.5
1293750 1350.0
1293760 1354.2
1293770 1354.2
1293780 1358.6
1293790 1362.3
1293800 1362.3
1293810 1365.6
1293820 1369.6
1293830 1369.6
1293840 1374.6
1293850 1379.6
1293860 1379.6
1293870 1385.3
1293880 1391.2
1293890 1391.2
1293900 1398.1
1293910 1404.5
1293920 1404.5
1293930 1409.9
1293940 1415.3
1293950 1418.6
1293960 1418.6
1293970 1421.0
1293980 1424.3
1293990 1424.3
1294000 1428.3
1294010 1432.1
1294020 1432.1
1294030 1435.3
1294040 1438.7
1294050 1438.7
1294060 1442.3
1294070 1446.1
1294080 1446.1
1294090 1450.3
1294100 1453.8
1294110 1453.8
1294120 1456.9
1294130 1460.5
1294140 1460.5
1294150 1464.2
1294160 1467.3
1294170 1467.3
1294180 1470.0
1294190 1473.2
1294200 1473.2
1294210 1477.3
1294220 1481.6
1294230 1486.0
1294240 1486.0
1294250 1488.9
1294260 1493.7
1294270 1493.7
1294280 1498.4
1294290 1502.1
1294300 1502.1
1294310 1503.6
1294320 1502.9
1294330 1502.9
1294340 1501.5
1294350 1504.0
1294360 1504.0
1294370 1509.4
1294380 1516.0
1294390 1516.0
1294400 1521.0
1294410 1524.2
1294420 1524.2
1294430 1528.5
1294440 1532.6
1294450 1532.6
1294460 1536.4
1294470 1541.8
1294480 1545.7
1294490 1545.7
1294500 1547.4
1294510 1549.9
1294520 1549.9
1294530 1553.1
1294540 1555.8
1294550 1555.8
1294560 1556.9
1294570 1559.4
1294580 1559.4
1294590 1563.8
1294600 1570.4
1294610 1570.4
1294620 1574.3
1294630 1577.0
1294640 1577.0
1294650 1581.2
1294660 1584.6
1294670 1584.6
1294680 1588.4
1294690 1592.9
1294700 1592.9
1294710 1596.2
1294720 1599.2
1294730 1602.9
1294740 1602.9
1294750 1607.1
1294760 1613.0
1294770 1613.0
1294780 1618.7
1294790 1623.7
1294800 1623.7
1294810 1628.1
1294820 1632.5
1294830 1632.5
1294840 1636.3
1294850 1640.0
1294860 1640.0
1294870 1643.1
1294880 1645.9
1294890 1645.9
1294900 1649.9
1294910 1655.2
1294920 1655.2
1294930 1659.5
1294940 1662.1
1294950 1662.1
1294960 1664.1
1294970 1666.9
1294980 1666.9
1294990 1669.4
1295000 1673.1
1295010 1676.9
1295020 1676.9
1295030 1681.0
1295040 1685.2
1295050 1685.2
1295060 1689.1
1295070 1694.3
1295080 1694.3
1295090 1701.3
1295100 1706.7
1295110 1706.7
1295120 1709.8
1295130 1705.5
1295140 1705.5
1295150 1707.8
1295160 1711.4
1295170 1711.4
1295180 1716.9
1295190 1726.1
1295200 1726.1
1295210 1735.1
1295220 1743.3
1295230 1743.3
1295240 1751.6
1295250 1764.7
1295260 1781.1
1295270 1781.1
1295280 1791.3
1295290 1799.2
1295300 1799.2
1295310 1808.1
1295320 1817.0
1295330 1817.0
1295340 1825.9
1295350 1836.3
1295360 1836.3
1295370 1845.8
1295380 1854.9
1295390 1854.9
1295400 1866.1
1295410 1877.6
1295420 1877.6
1295430 1883.2
1295440 1887.8
1295450 1887.8
1295460 1891.6
1295470 1894.3
1295480 1894.3
1295490 1898.3
1295500 1905.0
1295510 1911.5
1295520 1911.5
1295530 1915.7
1295540 1921.2
1295550 1921.2
1295560 1926.1
1295570 1931.0
1295580 1931.0
1295590 1939.7
1295600 1951.5
1295610 1951.5
1295620 1954.8
1295630 1953.5
1295640 1953.5
1295650 1955.1
1295660 1957.4
1295670 1957.4
1295680 1957.5
1295690 1955.1
1295700 1955.1
1295710 1952.1
1295720 1950.1
1295730 1950.1
1295740 1946.7
1295750 1940.8
1295760 1934.1
1295770 1934.1
1295780 1930.2
1295790 1931.0
1295800 1931.0
1295810 1939.2
1295820 1939.7
1295830 1939.7
1295840 1940.1
1295850 1937.6
1295860 1937.6
1295870 1936.2
1295880 1936.9
1295890 1936.9
1295900 1937.9
1295910 1939.5
1295920 1939.5
1295930 1941.1
1295940 1941.7
1295950 1941.7
1295960 1941.7
1295970 1940.4
1295980 1940.4
1295990 1939.6
1296000 1939.7
1296010 1939.7
1296020 1939.1
1296030 1938.3
1296040 1937.5
1296050 1937.5
1296060 1937.3
1296070 1937.8
1296080 1937.8
1296090 1937.1
1296100 1934.2
1296110 1934.2
1296120 1932.1
1296130 1932.7
1296140 1932.7
1296150 1933.3
1296160 1932.6
1296170 1932.6
1296180 1932.9
1296190 1934.3
1296200 1934.3
1296210 1934.6
1296220 1932.5
1296230 1932.5
1296240 1929.0
1296250 1925.2
1296260 1925.2
1296270 1922.2
1296280 1919.7
1296290 1917.2
1296300 1917.2
1296310 1914.4
1296320 1912.2
1296330 1912.2
1296340 1910.8
1296350 1909.6
1296360 1909.6
1296370 1907.9
1296380 1906.0
1296390 1906.0
1296400 1902.0
1296410 1894.4
1296420 1894.4
1296430 1888.8
1296440 1888.6
1296450 1888.6
1296460 1890.3
1296470 1890.5
1296480 1894.7
1296490 1894.9
1296500 1893.8
1296510 1893.8
1296520 1891.5
1296530 1889.2
1296540 1886.3
1296550 1886.3
1296560 1884.1
1296570 1881.2
1296580 1881.2
1296590 1878.1
1296600 1876.2
1296610 1876.2
1296620 1874.0
1296630 1872.5
1296640 1872.5
1296650 1870.3
1296660 1867.4
1296670 1867.4
1296680 1865.0
1296690 1862.5
1296700 1862.5
1296710 1859.2
1296720 1856.4
1296730 1856.4
1296740 1853.6
1296750 1850.4
1296760 1850.4
1296770 1845.8
1296780 1842.5
1296790 1842.5
1296800 1841.7
1296810 1837.9
1296820 1834.9
1296830 1834.9
1296840 1832.4
1296850 1831.5
1296860 1831.5
1296870 1829.5
1296880 1826.7
1296890 1826.7
1296900 1822.1
1296910 1819.0
1296920 1819.0
1296930 1818.8
1296940 1818.2
1296950 1818.2
1296960 1818.2
1296970 1819.2
1296980 1819.2
1296990 1819.5
1297000 1818.8
1297010 1818.8
1297020 1816.9
1297030 1814.8
1297040 1814.8
1297050 1810.9
1297060 1805.0
1297070 1801.9
1297080 1801.9
1297090 1799.9
1297100 1798.1
1297110 1798.1
1297120 1795.4
1297130 1792.8
1297140 1792.8
1297150 1790.1
1297160 1789.8
1297170 1789.8
1297180 1786.7
1297190 1784.9
1297200 1784.9
1297210 1781.9
1297220 1778.5
1297230 1778.5
1297240 1778.0
1297250 1778.5
1297260 1778.5
1297270 1777.3
1297280 1775.3
1297290 1775.3
1297300 1773.1
1297310 1770.6
1297320 1766.6
1297330 1766.6
1297340 1761.6
1297350 1760.2
1297360 1760.2
1297370 1758.7
1297380 1755.4
1297390 1755.4
1297400 1750.5
1297410 1746.6
1297420 1746.6
1297430 1743.7
1297440 1741.4
1297450 1741.4
1297460 1741.0
1297470 1741.3
1297480 1741.3
1297490 1740.4
1297500 1737.7
1297510 1737.7
1297520 1734.0
1297530 1730.8
1297540 1730.8
1297550 1728.0
1297560 1725.7
1297570 1723.8
1297580 1723.8
1297590 1721.7
1297600 1720.4
1297610 1720.4
1297620 1719.7
1297630 1718.4
1297640 1718.4
1297650 1716.8
1297660 1714.6
1297670 1714.6
1297680 1712.2
1297690 1710.4
1297700 1710.4
1297710 1709.8
1297720 1709.6
1297730 1709.6
1297740 1709.4
1297750 1704.9
1297760 1704.9
1297770 1702.8
1297780 1708.0
1297790 1708.0
1297800 1707.8
1297810 1707.0
1297820 1707.0
1297830 1706.8
1297840 1710.3
1297850 1710.0
1297860 1710.0
1297870 1709.8
1297880 1708.9
1297890 1708.9
1297900 1708.4
1297910 1708.8
1297920 1708.8
1297930 1707.8
1297940 1704.6
1297950 1704.6
1297960 1701.0
1297970 1699.3
1297980 1699.3
1297990 1698.7
1298000 1697.6
1298010 1697.6
1298020 1695.9
1298030 1695.0
1298040 1695.0
1298050 1693.4
1298060 1690.8
1298070 1690.8
1298080 1688.4
1298090 1688.1
1298100 1687.3
1298110 1687.3
1298120 1684.0
1298130 1679.8
1298140 1679.8
1298150 1674.2
1298160 1667.5
1298170 1667.5
1298180 1660.8
1298190 1653.4
1298200 1653.4
1298210 1644.0
1298220 1634.1
1298230 1634.1
1298240 1625.8
1298250 1620.1
1298260 1620.1
1298270 1615.3
1298280 1610.0
1298290 1610.0
1298300 1606.2
1298310 1603.8
1298320 1603.8
1298330 1601.5
1298340 1598.1
1298350 1593.0
1298360 1593.0
1298370 1587.9
1298380 1583.6
1298390 1583.6
1298400 1579.6
1298410 1576.4
1298420 1576.4
1298430 1573.6
1298440 1572.8
1298450 1572.8
1298460 1571.5
1298470 1568.4
1298480 1568.4
1298490 1565.3
1298500 1562.3
1298510 1562.3
1298520 1558.7
1298530 1555.1
1298540 1555.1
1298550 1553.1
1298560 1550.2
1298570 1550.2
1298580 1546.0
1298590 1541.4
1298600 1541.4
1298610 1537.7
1298620 1533.1
1298630 1528.4
1298640 1528.4
1298650 1523.7
1298660 1520.4
1298670 1520.4
1298680 1517.1
1298690 1513.4
1298700 1513.4
1298710 1509.6
1298720 1506.3
1298730 1506.3
1298740 1502.6
1298750 1496.2
1298760 1496.2
1298770 1489.9
1298780 1485.1
1298790 1485.1
1298800 1482.5
1298810 1478.6
1298820 1478.6
1298830 1473.0
1298840 1468.9
1298850 1468.9
1298860 1464.6
1298870 1460.1
1298880 1456.2
1298890 1456.2
1298900 1452.3
1298910 1448.4
1298920 1448.4
1298930 1444.1
1298940 1438.6
1298950 1438.6
1298960 1431.8
1298970 1424.6
1298980 1424.6
1298990 1417.9
1299000 1412.8
1299010 1412.8
1299020 1411.3
1299030 1408.8
1299040 1408.8
1299050 1406.3
1299060 1403.3
1299070 1403.3
1299080 1398.7
1299090 1394.4
1299100 1394.4
1299110 1389.6
1299120 1385.3
1299130 1383.0
1299140 1383.0
1299150 1379.5
1299160 1373.0
1299170 1373.0
1299180 1365.2
1299190 1357.8
1299200 1357.8
1299210 1353.6
1299220 1346.3
1299230 1346.3
1299240 1339.1
1299250 1335.4
1299260 1335.4
1299270 1338.1
1299280 1343.4
1299290 1343.4
1299300 1353.2
1299310 1364.2
1299320 1364.2
1299330 1373.7
1299340 1381.7
1299350 1381.7
1299360 1387.8
1299370 1390.9
1299380 1393.0
1299390 1393.0
1299400 1394.5
1299410 1397.3
1299420 1397.3
1299430 1399.7
1299440 1401.6
1299450 1401.6
1299460 1403.9
1299470 1407.2
1299480 1407.2
1299490 1410.0
1299500 1412.9
1299510 1412.9
1299520 1416.0
1299530 1418.7
1299540 1418.7
1299550 1421.2
1299560 1424.0
1299570 1424.0
1299580 1427.8
1299590 1431.7
1299600 1431.7
1299610 1436.6
1299620 1440.9
1299630 1440.9
1299640 1444.4
1299650 1447.1
1299660 1449.6
1299670 1449.6
1299680 1451.6
1299690 1452.8
1299700 1452.8
1299710 1453.5
1299720 1452.9
1299730 1452.9
1299740 1449.6
1299750 1444.0
1299760 1444.0
1299770 1438.6
1299780 1436.1
1299790 1436.1
1299800 1435.7
1299810 1436.9
1299820 1436.9
1299830 1438.5
1299840 1440.1
1299850 1440.1
1299860 1440.0
1299870 1438.2
1299880 1438.2
1299890 1440.3
1299900 1436.6
1299910 1432.2
1299920 1432.2
1299930 1430.8
1299940 1429.7
1299950 1429.7
1299960 1428.4
1299970 1427.4
1299980 1427.4
1299990 1426.0
