1280000 821.9
1280010 819.0
1280020 814.1
1280030 814.1
1280040 815.3
1280050 822.0
1280060 822.0
1280070 824.8
1280080 824.5
1280090 824.5
1280100 823.5
1280110 821.3
1280120 820.1
1280130 820.1
1280140 821.3
1280150 820.7
1280160 820.7
1280170 820.3
1280180 820.1
1280190 820.1
1280200 818.2
1280210 815.4
1280220 815.4
1280230 816.5
1280240 818.6
1280250 818.6
1280260 818.3
1280270 818.2
1280280 818.2
1280290 818.2
1280300 817.9
1280310 817.9
1280320 817.8
1280330 818.4
1280340 818.4
1280350 819.5
1280360 820.6
1280370 820.6
1280380 829.0
1280390 830.0
1280400 831.3
1280410 831.3
1280420 832.8
1280430 834.6
1280440 834.6
1280450 837.1
1280460 839.4
1280470 839.4
1280480 840.7
1280490 842.7
1280500 842.7
1280510 846.4
1280520 851.1
1280530 851.1
1280540 855.7
1280550 859.7
1280560 859.7
1280570 863.4
1280580 867.5
1280590 867.5
1280600 872.0
1280610 876.9
1280620 876.9
1280630 881.9
1280640 885.4
1280650 888.4
1280660 888.4
1280670 891.7
1280680 894.1
1280690 894.1
1280700 895.8
1280710 897.0
1280720 897.0
1280730 897.9
1280740 898.7
1280750 898.7
1280760 899.5
1280770 900.5
1280780 900.5
1280790 901.4
1280800 902.3
1280810 902.3
1280820 903.1
1280830 903.8
1280840 903.8
1280850 904.4
1280860 905.0
1280870 905.0
1280880 905.5
1280890 906.1
1280900 906.6
1280910 906.6
1280920 907.1
1280930 907.4
1280940 907.4
1280950 907.7
1280960 908.1
1280970 908.1
1280980 908.4
1280990 908.6
1281000 909.0
1281010 909.1
1281020 909.2
1281030 909.2
1281040 909.3
1281050 909.4
1281060 909.4
1281070 909.3
1281080 909.2
1281090 909.2
1281100 909.1
1281110 909.0
1281120 909.0
1281130 908.9
1281140 908.8
1281150 908.8
1281160 908.7
1281170 908.4
1281180 908.2
1281190 908.2
1281200 908.0
1281210 907.8
1281220 907.8
1281230 907.4
1281240 907.1
1281250 907.1
1281260 906.6
1281270 906.0
1281280 906.0
1281290 905.4
1281300 904.9
1281310 904.9
1281320 904.3
1281330 903.8
1281340 903.8
1281350 903.3
1281360 902.7
1281370 902.7
1281380 901.9
1281390 901.2
1281400 901.2
1281410 900.4
1281420 899.7
1281430 898.9
1281440 898.9
1281450 898.0
1281460 897.2
1281470 897.2
1281480 896.5
1281490 896.2
1281500 896.2
1281510 895.8
1281520 895.5
1281530 895.5
1281540 895.1
1281550 894.7
1281560 894.7
1281570 894.6
1281580 894.9
1281590 894.9
1281600 895.5
1281610 895.4
1281620 895.4
1281630 893.6
1281640 892.8
1281650 892.8
1281660 891.1
1281670 888.4
1281680 888.4
1281690 885.9
1281700 883.9
1281710 882.2
1281720 882.2
1281730 880.7
1281740 879.4
1281750 879.4
1281760 878.4
1281770 877.5
1281780 877.5
1281790 876.6
1281800 875.4
1281810 875.4
1281820 874.1
1281830 873.0
1281840 873.0
1281850 871.6
1281860 869.7
1281870 869.7
1281880 868.9
1281890 867.7
1281900 867.7
1281910 866.6
1281920 865.8
1281930 865.8
1281940 865.1
1281950 864.5
1281960 863.9
1281970 863.9
1281980 863.3
1281990 862.7
1282000 862.7
1282010 862.2
1282020 861.7
1282030 861.7
1282040 861.4
1282050 861.0
1282060 861.0
1282070 859.6
1282080 859.0
1282090 859.0
1282100 859.1
1282110 859.2
1282120 859.2
1282130 859.9
1282140 860.5
1282150 860.5
1282160 860.9
1282170 861.1
1282180 861.1
1282190 861.9
1282200 862.2
1282210 860.7
1282220 860.7
1282230 856.5
1282240 853.1
1282250 847.8
1282260 847.4
1282270 847.2
1282280 847.2
1282290 844.9
1282300 845.1
1282310 845.1
1282320 846.2
1282330 844.2
1282340 844.2
1282350 842.8
1282360 844.4
1282370 844.4
1282380 847.3
1282390 847.3
1282400 847.3
1282410 848.9
1282420 851.0
1282430 851.0
1282440 851.4
1282450 846.4
1282460 846.4
1282470 839.0
1282480 831.3
1282490 823.6
1282500 823.6
1282510 816.1
1282520 808.5
1282530 808.5
1282540 801.0
1282550 793.8
1282560 793.8
1282570 787.5
1282580 782.2
1282590 782.2
1282600 777.8
1282610 773.3
1282620 773.3
1282630 770.1
1282640 767.2
1282650 767.2
1282660 765.8
1282670 765.7
1282680 765.7
1282690 765.4
1282700 765.9
1282710 765.9
1282720 766.3
1282730 766.4
1282740 766.4
1282750 766.4
1282760 767.6
1282770 770.7
1282780 770.7
1282790 774.8
1282800 779.4
1282810 779.4
1282820 784.1
1282830 789.1
1282840 789.1
1282850 794.1
1282860 796.4
1282870 796.4
1282880 800.4
1282890 803.1
1282900 803.1
1282910 804.2
1282920 805.3
1282930 805.3
1282940 807.1
1282950 810.3
1282960 810.3
1282970 812.9
1282980 814.6
1282990 817.1
1283000 817.1
1283010 821.8
1283020 827.0
1283030 827.0
1283040 832.4
1283050 836.4
1283060 836.4
1283070 841.4
1283080 845.8
1283090 845.8
1283100 850.4
1283110 855.6
1283120 855.6
1283130 861.1
1283140 867.0
1283150 867.0
1283160 873.5
1283170 880.4
1283180 880.4
1283190 887.7
1283200 895.1
1283210 895.1
1283220 902.1
1283230 907.4
1283240 907.4
1283250 909.3
1283260 909.7
1283270 910.3
1283280 910.3
1283290 911.1
1283300 912.0
1283310 912.0
1283320 913.0
1283330 913.6
1283340 913.6
1283350 913.7
1283360 913.5
1283370 913.5
1283380 913.4
1283390 913.4
1283400 913.4
1283410 913.3
1283420 913.1
1283430 913.1
1283440 912.9
1283450 912.7
1283460 912.7
1283470 912.4
1283480 912.2
1283490 912.2
1283500 911.9
1283510 911.7
1283520 911.4
1283530 911.4
1283540 911.1
1283550 910.8
1283560 910.8
1283570 910.7
1283580 910.4
1283590 910.4
1283600 910.0
1283610 909.6
1283620 909.6
1283630 908.6
1283640 907.4
1283650 907.4
1283660 906.5
1283670 905.7
1283680 905.7
1283690 904.7
1283700 903.7
1283710 903.7
1283720 902.8
1283730 902.4
1283740 902.4
1283750 903.0
1283760 904.0
1283770 905.3
1283780 905.3
1283790 905.7
1283800 905.1
1283810 905.1
1283820 904.6
1283830 904.2
1283840 904.2
1283850 903.8
1283860 903.6
1283870 903.6
1283880 903.4
1283890 903.2
1283900 903.2
1283910 902.9
1283920 902.7
1283930 902.7
1283940 902.4
1283950 901.8
1283960 901.8
1283970 900.9
1283980 899.6
1283990 899.6
1284000 898.1
1284010 896.7
1284020 896.7
1284030 895.5
1284040 893.9
1284050 893.7
1284060 893.7
1284070 893.6
1284080 893.0
1284090 893.0
1284100 892.5
1284110 892.3
1284120 892.3
1284130 891.8
1284140 891.5
1284150 891.6
1284160 891.2
1284170 891.3
1284180 891.3
1284190 891.5
1284200 891.7
1284210 891.7
1284220 891.8
1284230 891.9
1284240 891.9
1284250 891.9
1284260 891.7
1284270 891.7
1284280 891.4
1284290 891.1
1284300 890.8
1284310 890.8
1284320 890.4
1284330 890.1
1284340 890.1
1284350 889.9
1284360 889.4
1284370 889.4
1284380 889.3
1284390 889.8
1284400 889.8
1284410 891.5
1284420 894.3
1284430 894.3
1284440 897.0
1284450 899.7
1284460 899.7
1284470 902.1
1284480 904.3
1284490 904.3
1284500 905.8
1284510 908.0
1284520 908.0
1284530 909.8
1284540 910.6
1284550 911.8
1284560 911.8
1284570 912.8
1284580 914.2
1284590 914.2
1284600 915.1
1284610 915.6
1284620 915.6
1284630 916.3
1284640 916.9
1284650 916.9
1284660 917.4
1284670 918.2
1284680 918.2
1284690 919.2
1284700 920.3
1284710 920.3
1284720 921.8
1284730 923.5
1284740 923.5
1284750 925.9
1284760 928.1
1284770 928.1
1284780 929.8
1284790 932.4
1284800 932.4
1284810 934.3
1284820 936.4
1284830 938.9
1284840 938.9
1284850 943.7
1284860 948.5
1284870 948.5
1284880 952.8
1284890 957.5
1284900 957.5
1284910 963.1
1284920 968.2
1284930 968.2
1284940 972.2
1284950 973.6
1284960 973.6
1284970 973.1
1284980 973.3
1284990 973.3
1285000 974.7
1285010 977.1
1285020 977.1
1285030 980.2
1285040 982.4
1285050 982.4
1285060 983.6
1285070 984.2
1285080 986.2
1285090 986.2
1285100 987.3
1285110 991.8
1285120 991.8
1285130 996.5
1285140 1000.1
1285150 1000.1
1285160 1003.8
1285170 1007.5
1285180 1007.5
1285190 1011.2
1285200 1014.7
1285210 1014.7
1285220 1017.3
1285230 1019.9
1285240 1019.9
1285250 1023.7
1285260 1027.0
1285270 1027.0
1285280 1029.1
1285290 1032.0
1285300 1032.0
1285310 1036.6
1285320 1039.7
1285330 1040.7
1285340 1040.7
1285350 1042.0
1285360 1042.5
1285370 1042.5
1285380 1043.7
1285390 1045.2
1285400 1045.2
1285410 1046.8
1285420 1048.2
1285430 1049.5
1285440 1050.3
1285450 1051.9
1285460 1051.9
1285470 1053.8
1285480 1056.4
1285490 1056.4
1285500 1059.7
1285510 1063.0
1285520 1063.0
1285530 1066.1
1285540 1069.2
1285550 1069.2
1285560 1072.2
1285570 1074.8
1285580 1074.8
1285590 1077.2
1285600 1080.1
1285610 1083.9
1285620 1083.9
1285630 1087.9
1285640 1091.9
1285650 1091.9
1285660 1095.9
1285670 1099.8
1285680 1099.8
1285690 1103.5
1285700 1106.9
1285710 1106.9
1285720 1110.2
1285730 1114.1
1285740 1114.1
1285750 1118.1
1285760 1121.9
1285770 1121.9
1285780 1125.2
1285790 1127.8
1285800 1127.8
1285810 1131.7
1285820 1136.1
1285830 1136.1
1285840 1141.2
1285850 1144.3
1285860 1147.2
1285870 1147.2
1285880 1150.8
1285890 1153.6
1285900 1153.6
1285910 1156.6
1285920 1159.8
1285930 1159.8
1285940 1163.0
1285950 1166.0
1285960 1166.0
1285970 1168.6
1285980 1171.1
1285990 1171.1
1286000 1173.5
1286010 1175.9
1286020 1175.9
1286030 1178.4
1286040 1180.6
1286050 1180.6
1286060 1183.2
1286070 1186.4
1286080 1186.4
1286090 1186.6
1286100 1187.0
1286110 1188.0
1286120 1188.0
1286130 1189.0
1286140 1189.0
1286150 1189.0
1286160 1188.9
1286170 1188.4
1286180 1188.4
1286190 1188.1
1286200 1187.5
1286210 1187.5
1286220 1186.8
1286230 1185.7
1286240 1185.7
1286250 1184.2
1286260 1182.7
1286270 1182.7
1286280 1180.8
1286290 1178.6
1286300 1178.6
1286310 1177.0
1286320 1176.7
1286330 1176.7
1286340 1176.6
1286350 1176.5
1286360 1176.5
1286370 1176.0
1286380 1174.9
1286390 1173.4
1286400 1173.4
1286410 1171.3
1286420 1169.2
1286430 1169.2
1286440 1167.2
1286450 1164.0
1286460 1164.0
1286470 1161.8
1286480 1158.7
1286490 1158.7
1286500 1155.2
1286510 1152.2
1286520 1152.2
1286530 1149.0
1286540 1145.0
1286550 1145.0
1286560 1140.6
1286570 1137.1
1286580 1137.1
1286590 1132.5
1286600 1124.9
1286610 1124.9
1286620 1117.0
1286630 1109.5
1286640 1104.1
1286650 1104.1
1286660 1099.4
1286670 1094.9
1286680 1094.9
1286690 1090.5
1286700 1086.2
1286710 1084.1
1286720 1080.6
1286730 1077.4
1286740 1077.4
1286750 1074.0
1286760 1070.3
1286770 1070.3
1286780 1066.9
1286790 1063.2
1286800 1063.2
1286810 1059.7
1286820 1055.4
1286830 1055.4
1286840 1050.1
1286850 1044.8
1286860 1044.8
1286870 1039.9
1286880 1034.2
1286890 1032.3
1286900 1032.3
1286910 1030.7
1286920 1027.2
1286930 1027.2
1286940 1021.0
1286950 1014.7
1286960 1014.7
1286970 1007.8
1286980 999.8
1286990 999.8
1287000 991.1
1287010 983.2
1287020 983.2
1287030 975.4
1287040 966.5
1287050 966.5
1287060 957.5
1287070 949.7
1287080 949.7
1287090 942.5
1287100 934.5
1287110 934.5
1287120 929.7
1287130 932.5
1287140 932.5
1287150 936.4
1287160 940.3
1287170 944.5
1287180 944.5
1287190 949.3
1287200 953.2
1287210 953.2
1287220 957.4
1287230 962.4
1287240 962.4
1287250 967.3
1287260 972.5
1287270 972.5
1287280 979.4
1287290 987.3
1287300 987.3
1287310 994.9
1287320 1000.6
1287330 1000.6
1287340 1005.1
1287350 1010.6
1287360 1010.6
1287370 1014.6
1287380 1018.6
1287390 1018.6
1287400 1022.3
1287410 1026.1
1287420 1030.0
1287430 1030.0
1287440 1033.3
1287450 1035.8
1287460 1035.8
1287470 1038.3
1287480 1041.1
1287490 1041.1
1287500 1044.0
1287510 1046.9
1287520 1046.9
1287530 1050.3
1287540 1053.5
1287550 1053.5
1287560 1056.7
1287570 1060.1
1287580 1060.1
1287590 1063.7
1287600 1066.4
1287610 1066.4
1287620 1067.3
1287630 1067.7
1287640 1067.7
1287650 1068.5
1287660 1069.2
1287670 1070.9
1287680 1070.9
1287690 1074.0
1287700 1077.3
1287710 1077.3
1287720 1081.4
1287730 1086.4
1287740 1086.4
1287750 1091.0
1287760 1095.1
1287770 1095.1
1287780 1099.3
1287790 1104.1
1287800 1104.1
1287810 1108.0
1287820 1111.5
1287830 1111.5
1287840 1115.2
1287850 1119.9
1287860 1119.9
1287870 1126.0
1287880 1130.7
1287890 1130.7
1287900 1134.5
1287910 1139.7
1287920 1139.7
1287930 1145.8
1287940 1150.1
1287950 1153.5
1287960 1153.5
1287970 1156.9
1287980 1160.8
1287990 1160.8
1288000 1168.4
1288010 1172.5
1288020 1172.5
1288030 1176.4
1288040 1179.7
1288050 1179.7
1288060 1182.3
1288070 1184.9
1288080 1184.9
1288090 1188.3
1288100 1191.8
1288110 1191.8
1288120 1195.5
1288130 1199.1
1288140 1199.1
1288150 1202.3
1288160 1205.4
1288170 1205.4
1288180 1208.0
1288190 1210.5
1288200 1213.3
1288210 1213.3
1288220 1215.9
1288230 1217.9
1288240 1217.9
1288250 1219.4
1288260 1220.6
1288270 1220.6
1288280 1221.1
1288290 1221.0
1288300 1221.0
1288310 1221.7
1288320 1222.6
1288330 1222.6
1288340 1224.2
1288350 1225.2
1288360 1225.2
1288370 1225.7
1288380 1226.4
1288390 1226.4
1288400 1228.7
1288410 1231.4
1288420 1231.4
1288430 1235.3
1288440 1238.9
1288450 1241.9
1288460 1241.9
1288470 1244.9
1288480 1248.0
1288490 1248.0
1288500 1251.6
1288510 1254.7
1288520 1254.7
1288530 1257.9
1288540 1260.6
1288550 1260.6
1288560 1263.2
1288570 1266.7
1288580 1266.7
1288590 1270.8
1288600 1273.3
1288610 1273.3
1288620 1277.5
1288630 1281.1
1288640 1281.1
1288650 1290.4
1288660 1292.9
1288670 1292.9
1288680 1294.5
1288690 1295.1
1288700 1295.1
1288710 1295.8
1288720 1297.9
1288730 1299.8
1288740 1299.8
1288750 1301.4
1288760 1303.3
1288770 1303.3
1288780 1305.2
1288790 1306.2
1288800 1306.2
1288810 1307.3
1288820 1308.9
1288830 1308.9
1288840 1313.0
1288850 1317.1
1288860 1317.1
1288870 1321.1
1288880 1325.6
1288890 1325.6
1288900 1330.0
1288910 1331.8
1288920 1331.8
1288930 1333.2
1288940 1337.7
1288950 1337.7
1288960 1343.8
1288970 1349.5
1288980 1354.8
1288990 1354.8
1289000 1360.6
1289010 1366.0
1289020 1366.0
1289030 1370.7
1289040 1375.4
1289050 1375.4
1289060 1379.3
1289070 1382.8
1289080 1382.8
1289090 1387.9
1289100 1392.6
1289110 1392.6
1289120 1396.7
1289130 1400.9
1289140 1400.9
1289150 1403.6
1289160 1406.3
1289170 1406.3
1289180 1410.2
1289190 1413.4
1289200 1413.4
1289210 1417.4
1289220 1419.9
1289230 1422.9
1289240 1422.9
1289250 1427.2
1289260 1432.1
1289270 1432.1
1289280 1436.5
1289290 1440.7
1289300 1441.0
1289310 1444.9
1289320 1446.9
1289330 1446.9
1289340 1448.6
1289350 1450.9
1289360 1450.9
1289370 1453.1
1289380 1454.5
1289390 1454.5
1289400 1456.5
1289410 1459.3
1289420 1459.3
1289430 1463.0
1289440 1466.0
1289450 1466.0
1289460 1470.0
1289470 1473.7
1289480 1473.7
1289490 1476.0
1289500 1477.9
1289510 1480.1
1289520 1480.1
1289530 1482.3
1289540 1484.0
1289550 1484.0
1289560 1484.2
1289570 1483.9
1289580 1483.9
1289590 1481.7
1289600 1477.1
1289610 1477.1
1289620 1475.4
1289630 1474.3
1289640 1474.3
1289650 1473.3
1289660 1471.6
1289670 1471.6
1289680 1468.9
1289690 1467.6
1289700 1467.6
1289710 1466.1
1289720 1464.5
1289730 1464.5
1289740 1462.0
1289750 1458.3
1289760 1454.5
1289770 1454.5
1289780 1451.7
1289790 1448.9
1289800 1448.9
1289810 1445.3
1289820 1441.9
1289830 1441.9
1289840 1438.6
1289850 1435.9
1289860 1435.9
1289870 1432.6
1289880 1428.0
1289890 1428.0
1289900 1423.3
1289910 1419.2
1289920 1419.2
1289930 1415.3
1289940 1412.4
1289950 1412.4
1289960 1415.7
1289970 1414.8
1289980 1414.8
1289990 1414.7
1290000 1414.3
1290010 1413.0
1290020 1413.0
1290030 1412.5
1290040 1411.4
1290050 1411.4
1290060 1409.3
1290070 1407.0
1290080 1407.0
1290090 1405.3
1290100 1404.2
1290110 1404.2
1290120 1402.0
1290130 1400.0
1290140 1400.0
1290150 1399.8
1290160 1399.4
1290170 1399.4
1290180 1398.4
1290190 1397.2
1290200 1397.2
1290210 1394.7
1290220 1391.9
1290230 1391.9
1290240 1388.9
1290250 1386.1
1290260 1386.1
1290270 1383.3
1290280 1380.3
1290290 1376.8
1290300 1376.8
1290310 1373.6
1290320 1371.0
1290330 1371.0
1290340 1368.5
1290350 1365.9
1290360 1365.9
1290370 1363.3
1290380 1360.0
1290390 1360.0
1290400 1357.3
1290410 1351.6
1290420 1351.6
1290430 1345.2
1290440 1341.4
1290450 1341.4
1290460 1337.5
1290470 1333.3
1290480 1333.3
1290490 1328.3
1290500 1324.9
1290510 1324.9
1290520 1324.0
1290530 1321.9
1290540 1320.9
1290550 1320.9
1290560 1320.1
1290570 1319.2
1290580 1319.2
1290590 1318.6
1290600 1317.3
1290610 1320.6
1290620 1316.9
1290630 1313.9
1290640 1313.9
1290650 1312.5
1290660 1312.6
1290670 1312.6
1290680 1312.5
1290690 1312.6
1290700 1312.6
1290710 1313.3
1290720 1314.3
1290730 1314.3
1290740 1314.5
1290750 1313.3
1290760 1313.3
1290770 1312.2
1290780 1312.1
1290790 1313.2
1290800 1313.2
1290810 1313.4
1290820 1312.8
1290830 1312.8
1290840 1312.6
1290850 1312.7
1290860 1312.7
1290870 1312.9
1290880 1312.2
1290890 1312.2
1290900 1309.1
1290910 1305.6
1290920 1305.6
1290930 1303.8
1290940 1302.7
1290950 1302.7
1290960 1301.0
1290970 1298.6
1290980 1298.6
1290990 1294.0
1291000 1287.2
1291010 1287.2
1291020 1279.8
1291030 1273.7
1291040 1270.4
1291050 1270.4
1291060 1267.4
1291070 1264.3
1291080 1264.3
1291090 1261.8
1291100 1260.1
1291110 1260.1
1291120 1258.4
1291130 1257.3
1291140 1257.3
1291150 1256.3
1291160 1253.3
1291170 1253.3
1291180 1250.6
1291190 1249.4
1291200 1249.4
1291210 1248.7
1291220 1247.9
1291230 1247.9
1291240 1245.8
1291250 1243.4
1291260 1243.4
1291270 1246.0
1291280 1245.6
1291290 1245.6
1291300 1245.1
1291310 1243.7
1291320 1241.6
1291330 1241.6
1291340 1239.6
1291350 1238.3
1291360 1238.3
1291370 1236.6
1291380 1235.3
1291390 1235.3
1291400 1233.1
1291410 1230.3
1291420 1230.3
1291430 1227.4
1291440 1225.7
1291450 1225.7
1291460 1223.0
1291470 1219.4
1291480 1219.4
1291490 1215.6
1291500 1213.6
1291510 1213.6
1291520 1211.5
1291530 1210.9
1291540 1210.9
1291550 1209.1
1291560 1208.0
1291570 1205.3
1291580 1205.3
1291590 1201.6
1291600 1199.0
1291610 1199.0
1291620 1196.4
1291630 1194.6
1291640 1194.6
1291650 1192.4
1291660 1190.2
1291670 1190.2
1291680 1187.9
1291690 1183.5
1291700 1183.5
1291710 1177.2
1291720 1173.5
1291730 1173.5
1291740 1172.9
1291750 1173.8
1291760 1173.8
1291770 1173.4
1291780 1172.4
1291790 1172.4
1291800 1171.4
1291810 1170.4
1291820 1169.5
1291830 1169.5
1291840 1168.6
1291850 1166.7
1291860 1166.7
1291870 1164.3
1291880 1161.1
1291890 1161.1
1291900 1157.2
1291910 1152.0
1291920 1152.0
1291930 1148.6
1291940 1144.2
1291950 1144.2
1291960 1139.4
1291970 1134.3
1291980 1134.3
1291990 1129.8
1292000 1122.8
1292010 1122.8
1292020 1117.1
1292030 1113.5
1292040 1113.5
1292050 1112.4
1292060 1110.7
1292070 1110.7
1292080 1106.4
1292090 1102.4
1292100 1099.7
1292110 1099.7
1292120 1095.9
1292130 1090.6
1292140 1090.6
1292150 1085.3
1292160 1081.6
1292170 1081.6
1292180 1078.5
1292190 1075.9
1292200 1075.9
1292210 1071.0
1292220 1065.7
1292230 1065.7
1292240 1060.7
1292250 1057.6
1292260 1057.6
1292270 1056.9
1292280 1054.0
1292290 1054.0
1292300 1047.3
1292310 1040.2
1292320 1040.2
1292330 1032.2
1292340 1023.4
1292350 1015.9
1292360 1015.9
1292370 1009.7
1292380 1002.7
1292390 1002.7
1292400 996.8
1292410 988.9
1292420 988.9
1292430 981.2
1292440 973.0
1292450 973.0
1292460 966.3
1292470 959.8
1292480 959.8
1292490 954.0
1292500 950.4
1292510 950.4
1292520 950.2
1292530 950.4
1292540 950.4
1292550 950.5
1292560 950.6
1292570 950.6
1292580 950.7
1292590 951.0
1292600 951.1
1292610 951.1
1292620 950.8
1292630 951.1
1292640 951.1
1292650 955.4
1292660 960.8
1292670 960.8
1292680 965.2
1292690 969.8
1292700 969.8
1292710 975.3
1292720 982.6
1292730 982.6
1292740 987.8
1292750 991.7
1292760 991.7
1292770 998.5
1292780 1006.7
1292790 1006.7
1292800 1013.8
1292810 1021.4
1292820 1021.4
1292830 1029.0
1292840 1035.5
1292850 1035.5
1292860 1041.4
1292870 1046.5
1292880 1049.4
1292890 1049.4
1292900 1050.4
1292910 1052.8
1292920 1052.8
1292930 1055.6
1292940 1058.4
1292950 1058.4
1292960 1061.4
1292970 1065.1
1292980 1065.1
1292990 1069.3
1293000 1074.6
1293010 1074.6
1293020 1080.1
1293030 1085.2
1293040 1085.2
1293050 1090.6
1293060 1096.0
1293070 1096.0
1293080 1102.2
1293090 1108.1
1293100 1108.1
1293110 1113.4
1293120 1117.3
1293130 1121.2
1293140 1121.2
1293150 1126.7
1293160 1132.4
1293170 1132.4
1293180 1138.1
1293190 1142.9
1293200 1142.9
1293210 1148.0
1293220 1153.1
1293230 1153.1
1293240 1158.3
1293250 1164.3
1293260 1160.8
1293270 1167.8
1293280 1173.7
1293290 1173.7
1293300 1179.2
1293310 1185.5
1293320 1185.5
1293330 1191.7
1293340 1196.2
1293350 1196.2
1293360 1201.4
1293370 1207.7
1293380 1213.8
1293390 1213.8
1293400 1217.7
1293410 1221.6
1293420 1221.6
1293430 1225.3
1293440 1229.5
1293450 1229.5
1293460 1235.1
1293470 1241.6
1293480 1241.6
1293490 1249.2
1293500 1254.8
1293510 1254.8
1293520 1258.6
1293530 1262.8
1293540 1262.8
1293550 1266.0
1293560 1269.3
1293570 1269.3
1293580 1272.9
1293590 1277.1
1293600 1277.1
1293610 1283.4
1293620 1291.8
1293630 1291.8
1293640 1300.8
1293650 1305.9
1293660 1305.5
1293670 1305.5
1293680 1307.5
1293690 1310.1
1293700 1310.1
1293710 1313.5
1293720 1317.0
1293730 1317.0
1293740 1320.4
1293750 1324.5
1293760 1324.5
1293770 1329.3
1293780 1334.6
1293790 1334.6
1293800 1339.7
1293810 1346.0
1293820 1346.0
1293830 1352.6
1293840 1360.2
1293850 1360.2
1293860 1368.7
1293870 1376.0
1293880 1376.0
1293890 1382.8
1293900 1389.5
1293910 1394.4
1293920 1393.5
1293930 1398.1
1293940 1402.8
1293950 1402.8
1293960 1407.8
1293970 1413.6
1293980 1413.6
1293990 1418.5
1294000 1422.8
1294010 1422.8
1294020 1426.7
1294030 1430.5
1294040 1430.5
1294050 1434.2
1294060 1437.8
1294070 1437.8
1294080 1441.0
1294090 1443.2
1294100 1443.2
1294110 1445.0
1294120 1447.8
1294130 1447.8
1294140 1451.0
1294150 1455.4
1294160 1459.8
1294170 1459.8
1294180 1463.3
1294190 1466.9
1294200 1466.9
1294210 1470.0
1294220 1473.1
1294230 1473.1
1294240 1476.8
1294250 1480.6
1294260 1480.6
1294270 1484.2
1294280 1487.6
1294290 1487.6
1294300 1491.1
1294310 1494.9
1294320 1494.9
1294330 1498.7
1294340 1502.6
1294350 1502.6
1294360 1507.6
1294370 1514.0
1294380 1514.0
1294390 1521.5
1294400 1528.8
1294410 1528.8
1294420 1534.9
1294430 1540.4
1294440 1545.8
1294450 1545.8
1294460 1552.1
1294470 1560.6
1294480 1560.6
1294490 1566.1
1294500 1568.2
1294510 1568.2
1294520 1570.9
1294530 1573.4
1294540 1573.4
1294550 1575.7
1294560 1577.7
1294570 1577.7
1294580 1578.9
1294590 1580.4
1294600 1580.4
1294610 1583.2
1294620 1585.6
1294630 1585.6
1294640 1587.8
1294650 1591.2
1294660 1591.2
1294670 1595.7
1294680 1600.1
1294690 1604.1
1294700 1604.1
1294710 1607.5
1294720 1611.0
1294730 1611.0
1294740 1617.6
1294750 1622.7
1294760 1622.7
1294770 1626.3
1294780 1630.0
1294790 1630.0
1294800 1633.1
1294810 1636.9
1294820 1636.9
1294830 1641.7
1294840 1649.9
1294850 1649.9
1294860 1657.0
1294870 1663.8
1294880 1663.8
1294890 1671.6
1294900 1676.8
1294910 1676.8
1294920 1685.2
1294930 1691.1
1294940 1695.9
1294950 1695.9
1294960 1704.6
1294970 1712.4
1294980 1712.4
1294990 1719.6
1295000 1726.0
1295010 1726.0
1295020 1731.4
1295030 1736.0
1295040 1736.0
1295050 1741.3
1295060 1748.3
1295070 1748.3
1295080 1756.7
1295090 1761.3
1295100 1761.3
1295110 1767.9
1295120 1771.5
1295130 1771.5
1295140 1773.1
1295150 1773.0
1295160 1773.0
1295170 1777.9
1295180 1782.6
1295190 1782.6
1295200 1787.0
1295210 1793.7
1295220 1800.5
1295230 1800.5
1295240 1805.8
1295250 1811.3
1295260 1811.8
1295270 1816.7
1295280 1823.3
1295290 1823.3
1295300 1829.7
1295310 1834.2
1295320 1834.2
1295330 1837.7
1295340 1841.5
1295350 1841.5
1295360 1846.2
1295370 1851.1
1295380 1851.1
1295390 1854.7
1295400 1857.3
1295410 1857.3
1295420 1861.0
1295430 1864.1
1295440 1864.1
1295450 1866.8
1295460 1869.5
1295470 1872.0
1295480 1872.0
1295490 1874.0
1295500 1870.2
1295510 1870.2
1295520 1868.5
1295530 1867.1
1295540 1867.1
1295550 1864.6
1295560 1862.2
1295570 1862.2
1295580 1861.5
1295590 1857.4
1295600 1857.4
1295610 1852.6
1295620 1852.4
1295630 1852.4
1295640 1854.6
1295650 1855.3
1295660 1855.3
1295670 1855.8
1295680 1856.0
1295690 1856.0
1295700 1855.9
1295710 1854.9
1295720 1852.6
1295730 1852.6
1295740 1851.1
1295750 1849.6
1295760 1849.6
1295770 1847.5
1295780 1846.0
1295790 1846.0
1295800 1844.1
1295810 1841.3
1295820 1841.3
1295830 1838.7
1295840 1835.6
1295850 1835.6
1295860 1833.5
1295870 1832.5
1295880 1832.5
1295890 1830.2
1295900 1829.1
1295910 1829.1
1295920 1826.7
1295930 1823.2
1295940 1826.4
1295950 1824.2
1295960 1821.8
1295970 1821.8
1295980 1817.1
1295990 1811.5
1296000 1807.1
1296010 1807.1
1296020 1802.3
1296030 1797.2
1296040 1797.2
1296050 1793.5
1296060 1789.7
1296070 1789.7
1296080 1786.4
1296090 1784.0
1296100 1784.0
1296110 1782.5
1296120 1781.1
1296130 1781.1
1296140 1780.1
1296150 1779.0
1296160 1779.0
1296170 1777.4
1296180 1775.8
1296190 1775.8
1296200 1775.7
1296210 1775.6
1296220 1775.6
1296230 1774.4
1296240 1773.2
1296250 1771.8
1296260 1771.8
1296270 1768.7
1296280 1765.1
1296290 1765.1
1296300 1760.8
1296310 1757.1
1296320 1757.1
1296330 1753.4
1296340 1751.5
1296350 1751.5
1296360 1749.9
1296370 1747.4
1296380 1747.4
1296390 1744.9
1296400 1744.1
1296410 1744.1
1296420 1743.9
1296430 1743.3
1296440 1743.3
1296450 1742.9
1296460 1742.3
1296470 1742.3
1296480 1741.9
1296490 1741.3
1296500 1740.9
1296510 1740.9
1296520 1740.7
1296530 1737.2
1296540 1737.2
1296550 1732.1
1296560 1731.0
1296570 1731.0
1296580 1730.6
1296590 1729.2
1296600 1729.2
1296610 1730.7
1296620 1728.2
1296630 1728.2
1296640 1725.8
1296650 1723.6
1296660 1723.6
1296670 1721.6
1296680 1718.9
1296690 1718.9
1296700 1716.7
1296710 1715.2
1296720 1715.2
1296730 1713.0
1296740 1710.5
1296750 1708.7
1296760 1708.7
1296770 1706.5
1296780 1703.7
1296790 1703.7
1296800 1699.3
1296810 1693.9
1296820 1693.9
1296830 1688.7
1296840 1686.6
1296850 1686.6
1296860 1685.5
1296870 1684.7
1296880 1684.7
1296890 1683.4
1296900 1682.1
1296910 1682.1
1296920 1681.3
1296930 1679.8
1296940 1679.8
1296950 1676.3
1296960 1673.9
1296970 1673.9
1296980 1670.5
1296990 1666.9
1297000 1666.9
1297010 1663.7
1297020 1661.9
1297030 1661.2
1297040 1661.2
1297050 1660.8
1297060 1660.3
1297070 1660.3
1297080 1658.7
1297090 1656.2
1297100 1656.2
1297110 1652.3
1297120 1650.9
1297130 1650.9
1297140 1649.5
1297150 1648.1
1297160 1648.1
1297170 1646.0
1297180 1643.4
1297190 1643.4
1297200 1640.6
1297210 1638.3
1297220 1638.3
1297230 1638.0
1297240 1637.0
1297250 1637.0
1297260 1637.6
1297270 1638.3
1297280 1637.7
1297290 1640.4
1297300 1641.3
1297310 1644.9
1297320 1644.9
1297330 1646.2
1297340 1646.0
1297350 1646.0
1297360 1644.5
1297370 1643.6
1297380 1643.6
1297390 1642.8
1297400 1642.2
1297410 1642.2
1297420 1642.3
1297430 1642.4
1297440 1642.4
1297450 1641.0
1297460 1639.1
1297470 1639.1
1297480 1638.0
1297490 1637.2
1297500 1637.2
1297510 1636.5
1297520 1635.0
1297530 1633.7
1297540 1633.7
1297550 1632.3
1297560 1631.0
1297570 1631.0
1297580 1629.2
1297590 1627.4
1297600 1627.4
1297610 1625.4
1297620 1622.5
1297630 1622.5
1297640 1619.2
1297650 1614.3
1297660 1614.3
1297670 1608.6
1297680 1603.3
1297690 1603.3
1297700 1599.7
1297710 1596.6
1297720 1596.6
1297730 1594.0
1297740 1591.8
1297750 1591.8
1297760 1589.5
1297770 1587.6
1297780 1587.6
1297790 1586.7
1297800 1584.8
1297810 1580.6
1297820 1580.6
1297830 1577.8
1297840 1581.3
1297850 1581.3
1297860 1581.7
1297870 1578.7
1297880 1578.7
1297890 1582.9
1297900 1586.8
1297910 1586.8
1297920 1588.3
1297930 1588.4
1297940 1588.4
1297950 1587.7
1297960 1586.4
1297970 1591.9
1297980 1590.8
1297990 1590.2
1298000 1590.2
1298010 1589.0
1298020 1588.3
1298030 1588.3
1298040 1586.9
1298050 1585.6
1298060 1583.6
1298070 1583.6
1298080 1581.2
1298090 1579.0
1298100 1579.0
1298110 1578.7
1298120 1578.1
1298130 1578.1
1298140 1577.1
1298150 1576.1
1298160 1576.1
1298170 1574.4
1298180 1574.0
1298190 1574.0
1298200 1572.6
1298210 1569.7
1298220 1569.7
1298230 1566.3
1298240 1562.8
1298250 1562.8
1298260 1558.9
1298270 1555.5
1298280 1555.5
1298290 1551.8
1298300 1547.2
1298310 1542.1
1298320 1542.1
1298330 1539.3
1298340 1537.6
1298350 1537.6
1298360 1537.0
1298370 1535.3
1298380 1535.3
1298390 1532.2
1298400 1529.7
1298410 1529.7
1298420 1527.5
1298430 1527.0
1298440 1527.0
1298450 1526.5
1298460 1524.5
1298470 1524.5
1298480 1522.1
1298490 1520.3
1298500 1520.3
1298510 1517.8
1298520 1513.2
1298530 1513.2
1298540 1509.0
1298550 1506.4
1298560 1506.4
1298570 1503.6
1298580 1499.8
1298590 1495.5
1298600 1495.5
1298610 1491.7
1298620 1486.6
1298630 1486.6
1298640 1480.0
1298650 1473.5
1298660 1475.9
1298670 1469.3
1298680 1463.3
1298690 1463.3
1298700 1457.4
1298710 1452.2
1298720 1452.2
1298730 1447.6
1298740 1445.0
1298750 1445.0
1298760 1442.9
1298770 1441.3
1298780 1441.3
1298790 1438.8
1298800 1435.0
1298810 1435.0
1298820 1430.6
1298830 1426.1
1298840 1421.4
1298850 1421.4
1298860 1416.7
1298870 1411.6
1298880 1411.6
1298890 1406.1
1298900 1400.8
1298910 1400.8
1298920 1393.5
1298930 1385.1
1298940 1385.1
1298950 1377.4
1298960 1369.6
1298970 1369.6
1298980 1363.7
1298990 1358.6
1299000 1358.6
1299010 1353.7
1299020 1350.3
1299030 1350.3
1299040 1345.7
1299050 1341.3
1299060 1341.3
1299070 1336.9
1299080 1332.5
1299090 1327.7
1299100 1327.7
1299110 1322.9
1299120 1316.7
1299130 1316.7
1299140 1310.3
1299150 1303.2
1299160 1303.2
1299170 1296.2
1299180 1289.8
1299190 1289.8
1299200 1283.2
1299210 1275.3
1299220 1275.3
1299230 1268.3
1299240 1259.7
1299250 1259.7
1299260 1252.9
1299270 1245.8
1299280 1245.8
1299290 1239.3
1299300 1234.8
1299310 1234.8
1299320 1234.1
1299330 1232.9
1299340 1238.8
1299350 1235.7
1299360 1232.2
1299370 1227.4
1299380 1227.4
1299390 1227.4
1299400 1237.8
1299410 1237.8
1299420 1248.6
1299430 1258.6
1299440 1258.6
1299450 1266.1
1299460 1272.1
1299470 1272.1
1299480 1277.8
1299490 1282.2
1299500 1282.2
1299510 1285.8
1299520 1288.8
1299530 1288.8
1299540 1291.1
1299550 1292.9
1299560 1292.9
1299570 1294.8
1299580 1296.6
1299590 1296.6
1299600 1298.1
1299610 1299.5
1299620 1300.6
1299630 1300.6
1299640 1301.4
1299650 1302.0
1299660 1302.0
1299670 1302.5
1299680 1303.1
1299690 1303.1
1299700 1303.5
1299710 1303.7
1299720 1303.7
1299730 1303.9
1299740 1303.6
1299750 1303.6
1299760 1303.1
1299770 1302.3
1299780 1302.3
1299790 1301.2
1299800 1300.2
1299810 1300.2
1299820 1298.5
1299830 1294.4
1299840 1294.4
1299850 1288.7
1299860 1284.9
1299870 1285.1
1299880 1285.1
1299890 1286.7
1299900 1286.6
1299910 1286.6
1299920 1285.4
1299930 1283.7
1299940 1283.7
1299950 1282.2
1299960 1281.6
1299970 1281.6
1299980 1281.7
1299990 1282.1
