1280000 866.5
1280010 867.6
1280020 867.6
1280030 868.7
1280040 869.9
1280050 869.9
1280060 871.9
1280070 872.5
1280080 873.0
1280090 873.0
1280100 873.4
1280110 873.9
1280120 873.9
1280130 874.4
1280140 874.7
1280150 874.7
1280160 875.0
1280170 875.2
1280180 875.2
1280190 875.4
1280200 875.6
1280210 875.6
1280220 875.9
1280230 876.3
1280240 876.3
1280250 876.9
1280260 877.6
1280270 877.6
1280280 878.5
1280290 879.5
1280300 879.5
1280310 880.6
1280320 882.1
1280330 882.1
1280340 883.5
1280350 884.9
1280360 886.3
1280370 886.3
1280380 887.6
1280390 888.9
1280400 888.9
1280410 890.2
1280420 891.5
1280430 891.5
1280440 892.8
1280450 894.1
1280460 894.1
1280470 895.4
1280480 896.5
1280490 896.5
1280500 897.6
1280510 898.6
1280520 898.6
1280530 899.5
1280540 900.2
1280550 900.2
1280560 900.9
1280570 901.6
1280580 901.6
1280590 902.7
1280600 903.1
1280610 903.4
1280620 903.4
1280630 903.9
1280640 904.4
1280650 904.4
1280660 904.7
1280670 905.1
1280680 905.1
1280690 905.3
1280700 905.4
1280710 905.4
1280720 905.6
1280730 906.2
1280740 906.2
1280750 906.6
1280760 906.6
1280770 906.6
1280780 906.8
1280790 906.8
1280800 906.8
1280810 906.8
1280820 906.7
1280830 906.7
1280840 906.7
1280850 906.6
1280860 906.6
1280870 906.6
1280880 906.5
1280890 906.5
1280900 906.5
1280910 906.5
1280920 906.4
1280930 906.4
1280940 906.3
1280950 906.3
1280960 906.3
1280970 906.1
1280980 905.9
1280990 905.9
1281000 905.8
1281010 905.6
1281020 905.6
1281030 905.4
1281040 905.2
1281050 905.2
1281060 905.3
1281070 905.4
1281080 905.4
1281090 905.6
1281100 905.8
1281110 905.8
1281120 906.0
1281130 906.0
1281140 906.1
1281150 906.1
1281160 906.3
1281170 906.5
1281180 906.5
1281190 906.7
1281200 907.0
1281210 907.0
1281220 907.1
1281230 907.3
1281240 907.3
1281250 907.6
1281260 907.8
1281270 907.8
1281280 908.0
1281290 908.3
1281300 909.2
1281310 909.5
1281320 909.8
1281330 909.8
1281340 910.1
1281350 910.2
1281360 910.2
1281370 910.1
1281380 909.7
1281390 908.9
1281400 908.9
1281410 907.9
1281420 906.9
1281430 906.9
1281440 905.9
1281450 905.2
1281460 905.2
1281470 904.4
1281480 903.6
1281490 903.6
1281500 902.6
1281510 901.8
1281520 901.8
1281530 901.2
1281540 900.6
1281550 900.6
1281560 899.9
1281570 898.7
1281580 898.7
1281590 897.5
1281600 896.2
1281610 896.2
1281620 895.1
1281630 893.8
1281640 892.5
1281650 892.5
1281660 891.4
1281670 890.2
1281680 890.2
1281690 888.9
1281700 887.4
1281710 887.4
1281720 885.7
1281730 883.9
1281740 883.9
1281750 882.4
1281760 881.0
1281770 881.0
1281780 879.2
1281790 877.5
1281800 877.5
1281810 876.2
1281820 874.8
1281830 874.8
1281840 873.3
1281850 871.5
1281860 871.5
1281870 870.1
1281880 869.4
1281890 869.4
1281900 868.8
1281910 868.3
1281920 867.9
1281930 868.3
1281940 868.0
1281950 867.9
1281960 867.9
1281970 868.0
1281980 868.1
1281990 868.1
1282000 868.2
1282010 867.8
1282020 867.8
1282030 863.3
1282040 857.1
1282050 857.1
1282060 850.8
1282070 845.2
1282080 845.2
1282090 839.9
1282100 834.2
1282110 834.2
1282120 827.9
1282130 821.5
1282140 821.5
1282150 816.1
1282160 810.9
1282170 806.4
1282180 806.4
1282190 804.4
1282200 802.7
1282210 802.7
1282220 800.9
1282230 798.9
1282240 798.9
1282250 797.4
1282260 796.2
1282270 796.2
1282280 795.2
1282290 794.6
1282300 794.6
1282310 794.2
1282320 794.0
1282330 794.0
1282340 793.6
1282350 793.2
1282360 793.2
1282370 793.0
1282380 793.4
1282390 793.4
1282400 795.2
1282410 798.8
1282420 803.7
1282430 803.7
1282440 808.8
1282450 814.2
1282460 814.2
1282470 818.3
1282480 817.7
1282490 817.7
1282500 813.0
1282510 805.9
1282520 805.9
1282530 799.6
1282540 793.2
1282550 793.2
1282560 788.1
1282570 781.5
1282580 781.5
1282590 775.7
1282600 774.2
1282610 774.2
1282620 773.6
1282630 773.1
1282640 773.1
1282650 772.6
1282660 772.1
1282670 772.1
1282680 771.6
1282690 771.2
1282700 771.3
1282710 771.3
1282720 773.0
1282730 779.3
1282740 779.3
1282750 786.2
1282760 793.2
1282770 793.2
1282780 800.3
1282790 807.3
1282800 807.3
1282810 813.4
1282820 818.0
1282830 818.0
1282840 821.8
1282850 825.9
1282860 825.9
1282870 830.8
1282880 835.3
1282890 835.3
1282900 839.1
1282910 842.3
1282920 842.3
1282930 845.4
1282940 849.0
1282950 852.6
1282960 852.6
1282970 855.5
1282980 858.5
1282990 858.5
1283000 861.5
1283010 863.9
1283020 863.9
1283030 866.2
1283040 868.8
1283050 868.8
1283060 872.2
1283070 875.4
1283080 875.4
1283090 878.4
1283100 881.4
1283110 881.4
1283120 884.1
1283130 887.8
1283140 887.8
1283150 894.0
1283160 900.2
1283170 900.2
1283180 905.3
1283190 910.8
1283200 911.8
1283210 911.8
1283220 912.3
1283230 912.5
1283240 912.5
1283250 912.9
1283260 913.1
1283270 913.1
1283280 913.2
1283290 913.2
1283300 913.2
1283310 913.3
1283320 913.4
1283330 913.4
1283340 913.4
1283350 913.3
1283360 913.3
1283370 913.3
1283380 913.2
1283390 913.2
1283400 913.1
1283410 913.1
1283420 913.1
1283430 913.1
1283440 913.2
1283450 913.2
1283460 913.2
1283470 913.2
1283480 913.1
1283490 913.1
1283500 913.0
1283510 912.7
1283520 912.7
1283530 912.6
1283540 912.5
1283550 912.5
1283560 912.2
1283570 911.7
1283580 911.7
1283590 911.7
1283600 912.0
1283610 912.0
1283620 912.2
1283630 912.6
1283640 912.6
1283650 913.2
1283660 913.7
1283670 913.7
1283680 914.0
1283690 914.3
1283700 914.3
1283710 914.6
1283720 914.6
1283730 914.2
1283740 914.2
1283750 914.0
1283760 913.9
1283770 913.9
1283780 913.8
1283790 913.8
1283800 913.8
1283810 913.9
1283820 914.9
1283830 914.9
1283840 915.4
1283850 916.0
1283860 916.0
1283870 916.7
1283880 914.5
1283890 914.5
1283900 911.0
1283910 909.6
1283920 909.6
1283930 908.0
1283940 906.4
1283950 906.4
1283960 902.0
1283970 900.4
1283980 899.8
1283990 899.8
1284000 898.9
1284010 898.6
1284020 898.6
1284030 898.4
1284040 897.8
1284050 897.8
1284060 897.6
1284070 897.4
1284080 897.4
1284090 897.2
1284100 897.3
1284110 897.3
1284120 897.6
1284130 898.1
1284140 898.1
1284150 898.5
1284160 898.8
1284170 898.8
1284180 899.3
1284190 899.8
1284200 899.8
1284210 900.3
1284220 900.7
1284230 901.2
1284240 901.2
1284250 901.5
1284260 901.9
1284270 901.9
1284280 902.6
1284290 903.2
1284300 903.2
1284310 903.9
1284320 904.4
1284330 904.4
1284340 905.1
1284350 905.9
1284360 905.9
1284370 906.7
1284380 907.1
1284390 907.1
1284400 907.6
1284410 908.6
1284420 908.6
1284430 909.5
1284440 910.5
1284450 910.5
1284460 912.3
1284470 914.3
1284480 914.3
1284490 916.5
1284500 919.3
1284510 920.6
1284520 920.6
1284530 921.7
1284540 922.8
1284550 922.8
1284560 923.7
1284570 924.7
1284580 924.7
1284590 925.9
1284600 927.4
1284610 927.4
1284620 929.0
1284630 930.7
1284640 930.7
1284650 932.5
1284660 934.1
1284670 934.1
1284680 935.6
1284690 937.1
1284700 937.1
1284710 938.8
1284720 940.8
1284730 940.8
1284740 944.2
1284750 949.3
1284760 954.1
1284770 954.1
1284780 958.3
1284790 963.0
1284800 963.0
1284810 967.8
1284820 972.6
1284830 972.6
1284840 976.6
1284850 980.0
1284860 980.0
1284870 983.8
1284880 986.4
1284890 986.4
1284900 988.9
1284910 992.3
1284920 992.3
1284930 995.9
1284940 998.0
1284950 998.0
1284960 1000.4
1284970 1002.0
1284980 1002.0
1284990 1004.8
1285000 1008.6
1285010 1012.5
1285020 1012.5
1285030 1015.0
1285040 1016.2
1285050 1016.2
1285060 1017.9
1285070 1019.9
1285080 1019.9
1285090 1022.5
1285100 1026.6
1285110 1026.6
1285120 1028.2
1285130 1030.2
1285140 1030.2
1285150 1032.6
1285160 1034.8
1285170 1034.8
1285180 1037.1
1285190 1039.3
1285200 1039.3
1285210 1041.8
1285220 1045.3
1285230 1045.3
1285240 1048.1
1285250 1051.7
1285260 1051.7
1285270 1055.1
1285280 1056.9
1285290 1058.7
1285300 1058.7
1285310 1060.6
1285320 1062.3
1285330 1062.3
1285340 1063.7
1285350 1065.2
1285360 1065.2
1285370 1067.1
1285380 1069.0
1285390 1069.0
1285400 1070.6
1285410 1071.9
1285420 1071.9
1285430 1072.9
1285440 1073.6
1285450 1073.6
1285460 1073.9
1285470 1075.1
1285480 1075.1
1285490 1077.6
1285500 1080.7
1285510 1080.7
1285520 1084.0
1285530 1086.8
1285540 1089.3
1285550 1089.3
1285560 1091.8
1285570 1094.4
1285580 1094.4
1285590 1098.6
1285600 1103.9
1285610 1103.9
1285620 1107.9
1285630 1112.5
1285640 1112.5
1285650 1118.5
1285660 1123.5
1285670 1123.5
1285680 1127.7
1285690 1132.1
1285700 1132.1
1285710 1136.8
1285720 1140.7
1285730 1140.7
1285740 1147.6
1285750 1152.2
1285760 1152.2
1285770 1156.4
1285780 1161.4
1285790 1166.9
1285800 1166.9
1285810 1171.3
1285820 1175.9
1285830 1175.9
1285840 1179.9
1285850 1183.4
1285860 1183.4
1285870 1185.1
1285880 1186.4
1285890 1186.4
1285900 1188.3
1285910 1191.0
1285920 1191.0
1285930 1194.3
1285940 1196.9
1285950 1196.9
1285960 1198.6
1285970 1200.5
1285980 1200.5
1285990 1202.2
1286000 1203.6
1286010 1203.6
1286020 1205.1
1286030 1206.7
1286040 1206.7
1286050 1207.8
1286060 1208.0
1286070 1208.0
1286080 1208.0
1286090 1208.7
1286100 1210.1
1286110 1210.1
1286120 1210.6
1286130 1210.3
1286140 1210.3
1286150 1210.0
1286160 1210.9
1286170 1210.9
1286180 1212.1
1286190 1212.2
1286200 1212.2
1286210 1211.4
1286220 1210.5
1286230 1210.5
1286240 1211.2
1286250 1210.7
1286260 1210.7
1286270 1210.7
1286280 1211.2
1286290 1211.2
1286300 1211.0
1286310 1209.6
1286320 1207.5
1286330 1207.5
1286340 1202.0
1286350 1197.2
1286360 1197.2
1286370 1193.4
1286380 1193.7
1286390 1193.7
1286400 1190.7
1286410 1187.9
1286420 1187.9
1286430 1183.7
1286440 1178.9
1286450 1178.9
1286460 1173.7
1286470 1168.3
1286480 1168.3
1286490 1165.0
1286500 1163.4
1286510 1163.4
1286520 1161.4
1286530 1158.2
1286540 1158.2
1286550 1154.9
1286560 1150.4
1286570 1145.3
1286580 1145.3
1286590 1141.1
1286600 1137.0
1286610 1137.0
1286620 1133.2
1286630 1129.5
1286640 1129.5
1286650 1126.1
1286660 1121.8
1286670 1121.8
1286680 1113.9
1286690 1106.7
1286700 1106.7
1286710 1102.1
1286720 1098.7
1286730 1098.7
1286740 1094.2
1286750 1090.9
1286760 1090.9
1286770 1088.9
1286780 1086.4
1286790 1086.4
1286800 1083.3
1286810 1080.2
1286820 1080.2
1286830 1075.8
1286840 1071.0
1286850 1066.1
1286860 1066.1
1286870 1061.4
1286880 1055.3
1286890 1055.3
1286900 1047.3
1286910 1037.7
1286920 1037.7
1286930 1027.7
1286940 1018.4
1286950 1018.4
1286960 1009.4
1286970 1000.2
1286980 1000.2
1286990 989.4
1287000 980.0
1287010 980.0
1287020 973.9
1287030 966.5
1287040 966.5
1287050 958.9
1287060 950.9
1287070 950.9
1287080 945.4
1287090 940.7
1287100 940.6
1287110 940.6
1287120 945.2
1287130 949.8
1287140 949.8
1287150 953.7
1287160 957.2
1287170 957.2
1287180 960.7
1287190 964.1
1287200 964.1
1287210 967.7
1287220 972.3
1287230 972.3
1287240 977.7
1287250 984.3
1287260 984.3
1287270 989.6
1287280 993.9
1287290 993.9
1287300 999.9
1287310 1005.3
1287320 1005.3
1287330 1011.7
1287340 1018.3
1287350 1024.3
1287360 1024.3
1287370 1030.0
1287380 1035.2
1287390 1035.2
1287400 1040.2
1287410 1045.1
1287420 1045.1
1287430 1049.8
1287440 1054.0
1287450 1054.0
1287460 1057.8
1287470 1061.5
1287480 1061.5
1287490 1065.4
1287500 1069.3
1287510 1069.3
1287520 1073.2
1287530 1076.8
1287540 1076.8
1287550 1080.0
1287560 1083.0
1287570 1083.0
1287580 1086.1
1287590 1089.8
1287600 1089.8
1287610 1093.3
1287620 1095.5
1287630 1098.5
1287640 1098.5
1287650 1102.8
1287660 1106.3
1287670 1108.6
1287680 1112.8
1287690 1116.9
1287700 1116.9
1287710 1120.6
1287720 1124.5
1287730 1124.5
1287740 1128.6
1287750 1132.9
1287760 1132.9
1287770 1137.1
1287780 1140.9
1287790 1140.9
1287800 1144.2
1287810 1145.3
1287820 1145.3
1287830 1148.8
1287840 1151.2
1287850 1151.2
1287860 1151.2
1287870 1152.0
1287880 1154.9
1287890 1154.9
1287900 1159.6
1287910 1165.1
1287920 1165.1
1287930 1170.2
1287940 1175.0
1287950 1175.0
1287960 1179.5
1287970 1183.3
1287980 1183.3
1287990 1186.8
1288000 1191.8
1288010 1191.8
1288020 1197.0
1288030 1201.1
1288040 1201.1
1288050 1205.2
1288060 1209.0
1288070 1209.0
1288080 1212.7
1288090 1216.8
1288100 1216.8
1288110 1221.0
1288120 1225.8
1288130 1230.1
1288140 1230.1
1288150 1233.8
1288160 1237.3
1288170 1237.3
1288180 1240.4
1288190 1242.7
1288200 1242.7
1288210 1245.2
1288220 1248.5
1288230 1248.5
1288240 1251.9
1288250 1255.7
1288260 1255.7
1288270 1259.0
1288280 1261.9
1288290 1261.9
1288300 1265.6
1288310 1269.9
1288320 1273.1
1288330 1276.5
1288340 1278.5
1288350 1278.5
1288360 1279.6
1288370 1281.3
1288380 1281.3
1288390 1282.9
1288400 1283.6
1288410 1287.3
1288420 1287.3
1288430 1290.8
1288440 1292.6
1288450 1292.6
1288460 1294.6
1288470 1296.5
1288480 1296.5
1288490 1297.4
1288500 1298.4
1288510 1298.4
1288520 1300.0
1288530 1302.7
1288540 1302.7
1288550 1306.4
1288560 1309.5
1288570 1309.5
1288580 1310.9
1288590 1315.5
1288600 1315.5
1288610 1321.0
1288620 1326.2
1288630 1326.2
1288640 1330.2
1288650 1334.0
1288660 1337.2
1288670 1337.2
1288680 1340.0
1288690 1342.7
1288700 1342.7
1288710 1344.9
1288720 1347.0
1288730 1347.0
1288740 1349.1
1288750 1351.2
1288760 1351.2
1288770 1353.2
1288780 1354.7
1288790 1354.7
1288800 1358.1
1288810 1362.8
1288820 1362.8
1288830 1367.3
1288840 1370.1
1288850 1370.1
1288860 1372.5
1288870 1374.8
1288880 1374.8
1288890 1376.1
1288900 1377.3
1288910 1377.5
1288920 1377.5
1288930 1377.7
1288940 1380.1
1288950 1380.1
1288960 1382.3
1288970 1390.5
1288980 1390.5
1288990 1393.0
1289000 1396.8
1289010 1396.8
1289020 1400.3
1289030 1404.2
1289040 1404.2
1289050 1408.6
1289060 1412.0
1289070 1412.0
1289080 1413.7
1289090 1414.6
1289100 1414.6
1289110 1414.6
1289120 1418.6
1289130 1418.6
1289140 1423.1
1289150 1426.4
1289160 1426.4
1289170 1429.3
1289180 1435.1
1289190 1439.9
1289200 1439.9
1289210 1443.4
1289220 1446.7
1289230 1446.7
1289240 1449.3
1289250 1451.8
1289260 1451.8
1289270 1454.7
1289280 1459.2
1289290 1459.2
1289300 1463.1
1289310 1466.5
1289320 1466.5
1289330 1469.0
1289340 1471.8
1289350 1471.8
1289360 1475.0
1289370 1478.5
1289380 1478.5
1289390 1481.0
1289400 1484.4
1289410 1484.4
1289420 1487.2
1289430 1490.8
1289440 1494.6
1289450 1494.6
1289460 1497.6
1289470 1501.4
1289480 1501.4
1289490 1504.1
1289500 1506.1
1289510 1506.1
1289520 1507.6
1289530 1508.6
1289540 1508.6
1289550 1508.7
1289560 1508.8
1289570 1508.8
1289580 1509.7
1289590 1509.4
1289600 1509.4
1289610 1508.9
1289620 1510.5
1289630 1510.5
1289640 1510.8
1289650 1510.6
1289660 1510.6
1289670 1510.3
1289680 1508.8
1289690 1508.7
1289700 1508.7
1289710 1507.8
1289720 1504.8
1289730 1504.8
1289740 1503.1
1289750 1503.6
1289760 1503.6
1289770 1502.7
1289780 1500.7
1289790 1500.7
1289800 1497.7
1289810 1496.6
1289820 1496.6
1289830 1495.4
1289840 1494.0
1289850 1494.0
1289860 1493.1
1289870 1491.8
1289880 1491.8
1289890 1490.0
1289900 1487.9
1289910 1487.9
1289920 1485.1
1289930 1482.5
1289940 1482.5
1289950 1480.1
1289960 1476.8
1289970 1474.1
1289980 1474.1
1289990 1472.0
1290000 1469.9
1290010 1469.9
1290020 1468.5
1290030 1467.9
1290040 1467.9
1290050 1467.0
1290060 1465.4
1290070 1465.4
1290080 1463.7
1290090 1461.4
1290100 1461.4
1290110 1458.7
1290120 1454.8
1290130 1454.8
1290140 1451.6
1290150 1448.9
1290160 1448.9
1290170 1445.7
1290180 1443.3
1290190 1443.3
1290200 1440.9
1290210 1437.8
1290220 1436.3
1290230 1436.3
1290240 1434.9
1290250 1433.1
1290260 1433.1
1290270 1432.0
1290280 1429.5
1290290 1429.5
1290300 1425.6
1290310 1420.8
1290320 1420.8
1290330 1417.1
1290340 1414.4
1290350 1414.4
1290360 1412.0
1290370 1408.4
1290380 1408.4
1290390 1404.4
1290400 1400.1
1290410 1400.1
1290420 1395.1
1290430 1389.0
1290440 1389.0
1290450 1383.5
1290460 1378.4
1290470 1372.3
1290480 1372.3
1290490 1367.1
1290500 1364.8
1290510 1364.8
1290520 1364.0
1290530 1361.0
1290540 1361.0
1290550 1358.2
1290560 1354.5
1290570 1354.5
1290580 1350.7
1290590 1349.1
1290600 1349.1
1290610 1349.2
1290620 1350.2
1290630 1350.2
1290640 1350.4
1290650 1349.8
1290660 1349.8
1290670 1350.1
1290680 1351.1
1290690 1351.1
1290700 1351.4
1290710 1351.6
1290720 1351.6
1290730 1352.4
1290740 1353.4
1290750 1354.0
1290760 1354.0
1290770 1354.4
1290780 1355.1
1290790 1355.1
1290800 1357.2
1290810 1358.8
1290820 1358.8
1290830 1359.2
1290840 1356.7
1290850 1356.7
1290860 1351.6
1290870 1348.0
1290880 1348.0
1290890 1344.4
1290900 1341.4
1290910 1341.4
1290920 1340.0
1290930 1342.8
1290940 1342.8
1290950 1341.9
1290960 1341.1
1290970 1341.1
1290980 1341.7
1290990 1342.3
1291000 1340.5
1291010 1340.5
1291020 1332.3
1291030 1324.0
1291040 1324.0
1291050 1316.3
1291060 1310.8
1291070 1310.8
1291080 1306.9
1291090 1302.8
1291100 1302.8
1291110 1298.6
1291120 1296.4
1291130 1296.4
1291140 1294.8
1291150 1292.2
1291160 1292.2
1291170 1289.7
1291180 1288.3
1291190 1288.3
1291200 1287.4
1291210 1286.7
1291220 1286.7
1291230 1285.2
1291240 1283.7
1291250 1283.6
1291260 1283.6
1291270 1284.7
1291280 1285.2
1291290 1285.2
1291300 1285.6
1291310 1285.3
1291320 1285.3
1291330 1285.0
1291340 1285.1
1291350 1285.1
1291360 1285.7
1291370 1285.7
1291380 1285.7
1291390 1284.3
1291400 1282.4
1291410 1282.4
1291420 1280.3
1291430 1277.7
1291440 1277.7
1291450 1275.9
1291460 1270.6
1291470 1270.6
1291480 1266.5
1291490 1263.1
1291500 1260.3
1291510 1260.3
1291520 1260.6
1291530 1256.6
1291540 1256.6
1291550 1251.8
1291560 1249.7
1291570 1249.7
1291580 1246.6
1291590 1247.0
1291600 1247.0
1291610 1245.5
1291620 1244.0
1291630 1244.0
1291640 1240.7
1291650 1237.2
1291660 1237.2
1291670 1238.1
1291680 1238.9
1291690 1238.9
1291700 1237.6
1291710 1235.3
1291720 1235.3
1291730 1233.3
1291740 1230.7
1291750 1230.7
1291760 1228.1
1291770 1225.7
1291780 1223.1
1291790 1223.1
1291800 1220.4
1291810 1217.6
1291820 1217.6
1291830 1215.7
1291840 1215.4
1291850 1215.4
1291860 1214.9
1291870 1212.7
1291880 1212.7
1291890 1209.5
1291900 1205.9
1291910 1205.9
1291920 1202.9
1291930 1200.1
1291940 1200.1
1291950 1195.8
1291960 1192.2
1291970 1192.2
1291980 1188.8
1291990 1184.7
1292000 1184.7
1292010 1180.1
1292020 1173.2
1292030 1165.7
1292040 1165.7
1292050 1159.2
1292060 1154.1
1292070 1154.1
1292080 1150.1
1292090 1145.8
1292100 1145.8
1292110 1140.5
1292120 1134.1
1292130 1134.1
1292140 1126.2
1292150 1119.6
1292160 1119.6
1292170 1114.8
1292180 1110.8
1292190 1110.8
1292200 1106.9
1292210 1103.2
1292220 1103.2
1292230 1099.3
1292240 1095.3
1292250 1098.9
1292260 1095.1
1292270 1091.2
1292280 1087.3
1292290 1087.3
1292300 1082.3
1292310 1076.5
1292320 1076.5
1292330 1071.9
1292340 1067.8
1292350 1067.8
1292360 1061.4
1292370 1053.8
1292380 1053.8
1292390 1044.8
1292400 1036.1
1292410 1036.1
1292420 1027.3
1292430 1017.9
1292440 1017.9
1292450 1008.3
1292460 1000.6
1292470 1000.6
1292480 995.0
1292490 989.3
1292500 989.3
1292510 982.1
1292520 972.7
1292530 972.7
1292540 963.0
1292550 957.3
1292560 955.7
1292570 955.7
1292580 955.3
1292590 954.4
1292600 954.4
1292610 954.1
1292620 953.3
1292630 953.3
1292640 956.0
1292650 963.2
1292660 963.2
1292670 968.7
1292680 973.1
1292690 973.1
1292700 977.4
1292710 981.9
1292720 981.9
1292730 987.5
1292740 994.6
1292750 994.6
1292760 1001.8
1292770 1008.5
1292780 1008.5
1292790 1015.3
1292800 1019.6
1292810 1024.0
1292820 1024.0
1292830 1028.1
1292840 1034.0
1292850 1034.0
1292860 1037.9
1292870 1041.4
1292880 1041.4
1292890 1046.6
1292900 1050.9
1292910 1051.3
1292920 1054.9
1292930 1060.0
1292940 1060.0
1292950 1065.4
1292960 1070.5
1292970 1070.5
1292980 1075.8
1292990 1081.1
1293000 1081.1
1293010 1087.0
1293020 1090.2
1293030 1090.2
1293040 1093.0
1293050 1096.2
1293060 1100.2
1293070 1100.2
1293080 1104.5
1293090 1108.4
1293100 1108.4
1293110 1114.2
1293120 1120.4
1293130 1120.4
1293140 1127.7
1293150 1134.3
1293160 1134.3
1293170 1142.1
1293180 1148.9
1293190 1148.9
1293200 1154.3
1293210 1159.1
1293220 1159.1
1293230 1164.1
1293240 1169.5
1293250 1169.5
1293260 1174.8
1293270 1181.3
1293280 1181.3
1293290 1186.0
1293300 1189.6
1293310 1189.6
1293320 1192.8
1293330 1196.3
1293340 1200.6
1293350 1200.6
1293360 1205.0
1293370 1210.0
1293380 1210.0
1293390 1215.6
1293400 1220.9
1293410 1220.9
1293420 1226.5
1293430 1230.1
1293440 1230.1
1293450 1234.0
1293460 1237.5
1293470 1237.5
1293480 1240.8
1293490 1244.1
1293500 1244.1
1293510 1247.6
1293520 1252.7
1293530 1252.7
1293540 1260.5
1293550 1267.5
1293560 1267.5
1293570 1272.8
1293580 1277.1
1293590 1282.4
1293600 1282.4
1293610 1287.8
1293620 1292.8
1293630 1292.8
1293640 1297.9
1293650 1302.2
1293660 1302.2
1293670 1305.5
1293680 1308.8
1293690 1308.8
1293700 1312.6
1293710 1317.6
1293720 1317.6
1293730 1324.6
1293740 1332.3
1293750 1332.3
1293760 1338.9
1293770 1346.4
1293780 1346.4
1293790 1355.0
1293800 1363.2
1293810 1363.2
1293820 1369.9
1293830 1376.3
1293840 1382.0
1293850 1382.0
1293860 1384.5
1293870 1386.8
1293880 1386.8
1293890 1389.3
1293900 1392.0
1293910 1392.0
1293920 1395.4
1293930 1398.9
1293940 1398.9
1293950 1402.3
1293960 1404.7
1293970 1404.7
1293980 1407.0
1293990 1410.9
1294000 1410.9
1294010 1415.7
1294020 1420.1
1294030 1420.1
1294040 1424.0
1294050 1427.6
1294060 1427.6
1294070 1430.6
1294080 1433.3
1294090 1433.3
1294100 1435.9
1294110 1438.1
1294120 1440.4
1294130 1440.4
1294140 1442.6
1294150 1444.5
1294160 1444.5
1294170 1446.5
1294180 1448.6
1294190 1448.6
1294200 1451.4
1294210 1456.1
1294220 1456.1
1294230 1461.2
1294240 1465.9
1294250 1469.2
1294260 1473.7
1294270 1477.9
1294280 1477.9
1294290 1481.6
1294300 1484.3
1294310 1484.3
1294320 1486.7
1294330 1488.8
1294340 1488.8
1294350 1489.6
1294360 1490.5
1294370 1493.5
1294380 1493.5
1294390 1497.9
1294400 1500.7
1294410 1500.7
1294420 1503.8
1294430 1506.9
1294440 1506.9
1294450 1509.6
1294460 1511.7
1294470 1511.7
1294480 1514.8
1294490 1520.1
1294500 1520.1
1294510 1525.3
1294520 1529.2
1294530 1529.2
1294540 1532.3
1294550 1535.0
1294560 1535.0
1294570 1537.7
1294580 1540.6
1294590 1540.6
1294600 1544.0
1294610 1547.3
1294620 1551.1
1294630 1551.1
1294640 1554.8
1294650 1557.9
1294660 1557.9
1294670 1561.5
1294680 1565.2
1294690 1565.2
1294700 1570.0
1294710 1575.6
1294720 1575.6
1294730 1581.1
1294740 1587.6
1294750 1587.6
1294760 1594.9
1294770 1602.5
1294780 1602.5
1294790 1610.2
1294800 1617.7
1294810 1617.7
1294820 1625.5
1294830 1633.3
1294840 1633.3
1294850 1640.1
1294860 1646.8
1294870 1646.8
1294880 1653.7
1294890 1660.2
1294900 1667.4
1294910 1667.4
1294920 1672.3
1294930 1683.0
1294940 1683.0
1294950 1690.9
1294960 1698.0
1294970 1698.0
1294980 1704.4
1294990 1711.2
1295000 1711.2
1295010 1716.4
1295020 1722.3
1295030 1722.3
1295040 1730.1
1295050 1738.1
1295060 1738.1
1295070 1745.5
1295080 1754.8
1295090 1754.8
1295100 1763.2
1295110 1771.0
1295120 1771.0
1295130 1778.4
1295140 1786.5
1295150 1793.6
1295160 1793.6
1295170 1799.3
1295180 1805.8
1295190 1805.8
1295200 1812.5
1295210 1818.8
1295220 1818.8
1295230 1823.4
1295240 1828.6
1295250 1828.6
1295260 1834.7
1295270 1839.1
1295280 1839.1
1295290 1840.7
1295300 1843.7
1295310 1843.7
1295320 1848.9
1295330 1855.3
1295340 1855.3
1295350 1861.2
1295360 1865.4
1295370 1865.4
1295380 1871.2
1295390 1880.0
1295400 1887.9
1295410 1887.9
1295420 1892.4
1295430 1896.9
1295440 1896.9
1295450 1901.5
1295460 1905.7
1295470 1905.7
1295480 1908.7
1295490 1909.9
1295500 1909.9
1295510 1908.9
1295520 1906.6
1295530 1906.6
1295540 1904.4
1295550 1901.9
1295560 1901.9
1295570 1897.9
1295580 1891.5
1295590 1893.0
1295600 1885.5
1295610 1880.0
1295620 1880.0
1295630 1878.5
1295640 1878.6
1295650 1878.5
1295660 1878.5
1295670 1878.7
1295680 1878.5
1295690 1878.5
1295700 1877.6
1295710 1877.5
1295720 1877.5
1295730 1877.8
1295740 1877.8
1295750 1877.8
1295760 1877.3
1295770 1877.2
1295780 1877.2
1295790 1877.7
1295800 1878.0
1295810 1878.0
1295820 1877.7
1295830 1877.0
1295840 1877.0
1295850 1875.2
1295860 1872.4
1295870 1872.4
1295880 1869.7
1295890 1867.3
1295900 1867.3
1295910 1864.9
1295920 1862.3
1295930 1860.2
1295940 1860.2
1295950 1857.4
1295960 1853.9
1295970 1853.9
1295980 1849.3
1295990 1844.2
1296000 1844.2
1296010 1842.1
1296020 1841.8
1296030 1841.8
1296040 1842.0
1296050 1842.6
1296060 1842.6
1296070 1842.1
1296080 1840.8
1296090 1840.8
1296100 1839.9
1296110 1838.2
1296120 1838.2
1296130 1835.5
1296140 1832.5
1296150 1832.5
1296160 1831.6
1296170 1831.1
1296180 1829.9
1296190 1829.9
1296200 1828.2
1296210 1826.2
1296220 1826.2
1296230 1823.4
1296240 1820.9
1296250 1820.9
1296260 1824.4
1296270 1823.1
1296280 1823.1
1296290 1819.8
1296300 1815.5
1296310 1815.5
1296320 1812.8
1296330 1811.4
1296340 1811.4
1296350 1809.8
1296360 1807.8
1296370 1807.8
1296380 1805.9
1296390 1803.7
1296400 1803.7
1296410 1802.0
1296420 1801.5
1296430 1800.6
1296440 1800.6
1296450 1797.1
1296460 1792.1
1296470 1792.1
1296480 1789.1
1296490 1784.9
1296500 1784.9
1296510 1781.6
1296520 1778.8
1296530 1778.8
1296540 1775.5
1296550 1772.2
1296560 1772.2
1296570 1770.6
1296580 1771.0
1296590 1771.0
1296600 1772.6
1296610 1774.1
1296620 1774.1
1296630 1772.8
1296640 1770.9
1296650 1770.9
1296660 1767.6
1296670 1764.5
1296680 1764.5
1296690 1760.5
1296700 1756.0
1296710 1751.3
1296720 1751.3
1296730 1747.9
1296740 1745.5
1296750 1745.5
1296760 1743.8
1296770 1741.6
1296780 1741.6
1296790 1740.1
1296800 1739.5
1296810 1739.5
1296820 1740.7
1296830 1741.1
1296840 1741.1
1296850 1740.3
1296860 1738.7
1296870 1738.7
1296880 1736.1
1296890 1733.3
1296900 1733.3
1296910 1730.6
1296920 1726.9
1296930 1726.9
1296940 1726.5
1296950 1722.7
1296960 1720.8
1296970 1720.8
1296980 1718.3
1296990 1715.8
1297000 1715.8
1297010 1714.3
1297020 1713.5
1297030 1713.5
1297040 1712.3
1297050 1712.1
1297060 1712.1
1297070 1712.5
1297080 1712.2
1297090 1712.2
1297100 1712.0
1297110 1711.1
1297120 1711.1
1297130 1708.9
1297140 1706.3
1297150 1706.3
1297160 1704.5
1297170 1704.0
1297180 1704.0
1297190 1704.3
1297200 1703.4
1297210 1702.6
1297220 1702.6
1297230 1700.9
1297240 1698.0
1297250 1698.0
1297260 1695.0
1297270 1692.0
1297280 1692.0
1297290 1687.9
1297300 1684.6
1297310 1684.6
1297320 1682.8
1297330 1680.9
1297340 1680.9
1297350 1678.4
1297360 1674.9
1297370 1674.9
1297380 1673.2
1297390 1672.8
1297400 1672.8
1297410 1672.5
1297420 1672.2
1297430 1672.2
1297440 1671.8
1297450 1671.4
1297460 1671.4
1297470 1670.1
1297480 1668.1
1297490 1665.8
1297500 1665.8
1297510 1662.6
1297520 1659.4
1297530 1659.4
1297540 1656.2
1297550 1654.1
1297560 1654.1
1297570 1652.1
1297580 1649.7
1297590 1649.7
1297600 1647.2
1297610 1644.5
1297620 1643.8
1297630 1640.6
1297640 1637.1
1297650 1637.1
1297660 1633.9
1297670 1630.5
1297680 1630.5
1297690 1626.1
1297700 1621.5
1297710 1621.5
1297720 1618.5
1297730 1617.0
1297740 1616.6
1297750 1616.6
1297760 1616.2
1297770 1616.3
1297780 1616.3
1297790 1617.3
1297800 1617.2
1297810 1617.2
1297820 1615.5
1297830 1616.2
1297840 1616.2
1297850 1615.2
1297860 1614.7
1297870 1614.7
1297880 1616.4
1297890 1619.0
1297900 1619.0
1297910 1620.9
1297920 1622.4
1297930 1622.4
1297940 1623.4
1297950 1625.1
1297960 1625.1
1297970 1626.2
1297980 1627.1
1297990 1628.6
1298000 1628.6
1298010 1629.9
1298020 1630.3
1298030 1630.3
1298040 1630.5
1298050 1630.4
1298060 1630.4
1298070 1631.2
1298080 1631.3
1298090 1631.3
1298100 1630.7
1298110 1629.9
1298120 1629.9
1298130 1628.4
1298140 1626.3
1298150 1626.3
1298160 1623.6
1298170 1620.5
1298180 1620.5
1298190 1617.2
1298200 1613.7
1298210 1613.7
1298220 1609.9
1298230 1604.5
1298240 1599.1
1298250 1599.1
1298260 1595.8
1298270 1594.1
1298280 1594.1
1298290 1593.1
1298300 1592.6
1298310 1592.6
1298320 1589.2
1298330 1585.4
1298340 1585.4
1298350 1581.1
1298360 1577.0
1298370 1577.0
1298380 1573.5
1298390 1569.5
1298400 1569.5
1298410 1565.6
1298420 1561.2
1298430 1561.2
1298440 1558.2
1298450 1554.3
1298460 1554.3
1298470 1549.5
1298480 1545.4
1298490 1545.4
1298500 1541.9
1298510 1537.9
1298520 1534.1
1298530 1534.1
1298540 1530.5
1298550 1526.6
1298560 1526.6
1298570 1522.1
1298580 1517.6
1298590 1517.6
1298600 1513.2
1298610 1509.2
1298620 1509.2
1298630 1504.3
1298640 1499.6
1298650 1499.6
1298660 1494.7
1298670 1488.9
1298680 1488.9
1298690 1482.6
1298700 1476.6
1298710 1476.6
1298720 1471.0
1298730 1464.7
1298740 1464.7
1298750 1458.4
1298760 1454.6
1298770 1451.9
1298780 1451.9
1298790 1448.3
1298800 1443.5
1298810 1443.5
1298820 1437.4
1298830 1430.3
1298840 1430.3
1298850 1425.1
1298860 1421.2
1298870 1421.2
1298880 1414.9
1298890 1410.6
1298900 1410.6
1298910 1405.0
1298920 1399.5
1298930 1399.5
1298940 1394.1
1298950 1387.7
1298960 1387.7
1298970 1380.5
1298980 1372.8
1298990 1374.3
1299000 1368.5
1299010 1364.7
1299020 1359.2
1299030 1359.2
1299040 1355.1
1299050 1352.3
1299060 1352.3
1299070 1349.5
1299080 1346.0
1299090 1346.0
1299100 1342.0
1299110 1337.2
1299120 1337.2
1299130 1331.4
1299140 1324.6
1299150 1324.6
1299160 1316.7
1299170 1309.4
1299180 1309.4
1299190 1303.7
1299200 1299.5
1299210 1299.5
1299220 1296.9
1299230 1294.6
1299240 1294.6
1299250 1292.4
1299260 1290.7
1299270 1290.7
1299280 1289.2
1299290 1287.3
1299300 1284.2
1299310 1284.2
1299320 1279.3
1299330 1273.5
1299340 1273.5
1299350 1267.6
1299360 1262.7
1299370 1262.7
1299380 1262.1
1299390 1268.6
1299400 1268.6
1299410 1275.8
1299420 1282.0
1299430 1282.0
1299440 1287.5
1299450 1292.9
1299460 1292.9
1299470 1299.1
1299480 1306.3
1299490 1306.3
1299500 1313.6
1299510 1319.6
1299520 1319.6
1299530 1324.5
1299540 1329.0
1299550 1332.0
1299560 1332.0
1299570 1334.1
1299580 1336.8
1299590 1336.8
1299600 1339.6
1299610 1343.1
1299620 1343.1
1299630 1346.1
1299640 1349.0
1299650 1349.0
1299660 1351.4
1299670 1358.8
1299680 1358.8
1299690 1360.6
1299700 1362.3
1299710 1362.3
1299720 1363.3
1299730 1364.3
1299740 1364.3
1299750 1364.7
1299760 1364.0
1299770 1364.0
1299780 1362.0
1299790 1360.0
1299800 1357.2
1299810 1357.2
1299820 1350.9
1299830 1345.7
1299840 1345.7
1299850 1341.5
1299860 1340.2
1299870 1340.2
1299880 1338.6
1299890 1335.8
1299900 1335.8
1299910 1332.9
1299920 1330.9
1299930 1330.9
1299940 1329.9
1299950 1327.8
1299960 1327.8
1299970 1325.2
1299980 1325.1
1299990 1325.1
