1280000 644.0
1280010 644.0
1280020 646.0
1280030 648.0
1280040 650.1
1280050 650.1
1280060 651.9
1280070 654.0
1280080 654.0
1280090 655.6
1280100 655.9
1280110 655.9
1280120 656.8
1280130 659.1
1280140 659.1
1280150 662.4
1280160 665.8
1280170 665.8
1280180 670.1
1280190 672.8
1280200 672.8
1280210 672.5
1280220 671.2
1280230 671.2
1280240 670.9
1280250 671.7
1280260 671.7
1280270 673.2
1280280 674.9
1280290 674.9
1280300 676.7
1280310 679.2
1280320 682.5
1280330 682.5
1280340 690.9
1280350 695.6
1280360 695.6
1280370 700.2
1280380 704.1
1280390 704.1
1280400 707.2
1280410 709.7
1280420 709.7
1280430 711.9
1280440 713.8
1280450 713.8
1280460 715.8
1280470 717.4
1280480 717.4
1280490 719.0
1280500 722.1
1280510 722.1
1280520 724.9
1280530 727.1
1280540 727.1
1280550 730.2
1280560 733.7
1280570 736.6
1280580 736.6
1280590 738.2
1280600 739.0
1280610 739.0
1280620 740.4
1280630 743.5
1280640 743.5
1280650 748.4
1280660 754.4
1280670 754.4
1280680 760.3
1280690 765.4
1280700 765.4
1280710 768.1
1280720 769.5
1280730 769.5
1280740 773.3
1280750 779.6
1280760 779.6
1280770 786.1
1280780 789.4
1280790 789.4
1280800 788.7
1280810 787.3
1280820 787.3
1280830 788.6
1280840 792.3
1280850 795.4
1280860 795.4
1280870 797.8
1280880 799.0
1280890 799.0
1280900 799.5
1280910 799.8
1280920 799.8
1280930 800.4
1280940 801.0
1280950 801.0
1280960 801.3
1280970 797.0
1280980 797.0
1280990 792.7
1281000 788.3
1281010 788.3
1281020 784.1
1281030 781.0
1281040 781.0
1281050 779.3
1281060 775.8
1281070 775.8
1281080 771.0
1281090 765.6
1281100 760.7
1281110 760.7
1281120 756.5
1281130 752.2
1281140 752.2
1281150 747.6
1281160 743.1
1281170 743.1
1281180 738.9
1281190 734.9
1281200 734.9
1281210 730.9
1281220 726.9
1281230 726.9
1281240 723.4
1281250 720.2
1281260 720.2
1281270 716.4
1281280 714.0
1281290 714.0
1281300 712.1
1281310 709.6
1281320 709.6
1281330 708.0
1281340 707.1
1281350 707.1
1281360 706.3
1281370 705.6
1281380 704.8
1281390 704.8
1281400 704.1
1281410 703.4
1281420 703.4
1281430 703.0
1281440 702.8
1281450 702.8
1281460 702.6
1281470 702.1
1281480 702.1
1281490 701.5
1281500 701.0
1281510 701.0
1281520 700.6
1281530 700.2
1281540 700.2
1281550 699.9
1281560 699.7
1281570 699.7
1281580 699.3
1281590 694.7
1281600 694.7
1281610 694.6
1281620 694.5
1281630 694.2
1281640 694.2
1281650 693.7
1281660 693.2
1281670 693.2
1281680 692.7
1281690 692.3
1281700 692.3
1281710 691.6
1281720 689.9
1281730 689.9
1281740 688.6
1281750 687.8
1281760 687.8
1281770 687.1
1281780 686.5
1281790 686.5
1281800 685.9
1281810 685.4
1281820 685.4
1281830 685.1
1281840 684.8
1281850 684.8
1281860 684.7
1281870 684.5
1281880 684.1
1281890 684.1
1281900 683.6
1281910 683.1
1281920 683.1
1281930 682.2
1281940 681.6
1281950 681.6
1281960 681.6
1281970 681.7
1281980 681.7
1281990 681.7
1282000 681.7
1282010 681.7
1282020 681.5
1282030 681.2
1282040 681.2
1282050 681.1
1282060 680.9
1282070 680.9
1282080 680.7
1282090 680.6
1282100 680.6
1282110 680.8
1282120 681.2
1282130 681.2
1282140 681.6
1282150 681.7
1282160 681.7
1282170 681.7
1282180 681.6
1282190 681.6
1282200 681.6
1282210 681.7
1282220 684.4
1282230 684.4
1282240 685.2
1282250 686.1
1282260 686.1
1282270 687.4
1282280 688.7
1282290 688.7
1282300 690.2
1282310 691.9
1282320 691.9
1282330 693.3
1282340 694.2
1282350 694.2
1282360 694.8
1282370 695.4
1282380 695.4
1282390 695.8
1282400 696.6
1282410 698.5
1282420 698.5
1282430 701.4
1282440 704.4
1282450 704.4
1282460 706.7
1282470 708.4
1282480 708.4
1282490 709.8
1282500 710.8
1282510 710.8
1282520 711.5
1282530 712.7
1282540 712.7
1282550 714.6
1282560 716.6
1282570 716.6
1282580 718.8
1282590 720.6
1282600 720.6
1282610 722.1
1282620 723.0
1282630 723.0
1282640 723.1
1282650 723.6
1282660 723.6
1282670 724.7
1282680 727.3
1282690 730.6
1282700 730.6
1282710 733.7
1282720 736.3
1282730 736.3
1282740 738.7
1282750 741.0
1282760 741.0
1282770 743.8
1282780 747.5
1282790 747.5
1282800 751.7
1282810 755.6
1282820 755.6
1282830 757.2
1282840 757.3
1282850 761.3
1282860 760.9
1282870 760.4
1282880 760.4
1282890 759.7
1282900 759.0
1282910 759.0
1282920 759.6
1282930 760.5
1282940 761.5
1282950 761.5
1282960 762.6
1282970 764.1
1282980 764.1
1282990 765.3
1283000 766.0
1283010 766.0
1283020 767.1
1283030 768.7
1283040 768.7
1283050 770.1
1283060 771.6
1283070 771.6
1283080 773.0
1283090 774.1
1283100 774.1
1283110 775.5
1283120 777.6
1283130 777.6
1283140 780.2
1283150 783.1
1283160 783.1
1283170 786.0
1283180 788.3
1283190 788.3
1283200 790.0
1283210 791.3
1283220 793.2
1283230 793.2
1283240 794.6
1283250 796.3
1283260 796.3
1283270 797.4
1283280 798.0
1283290 798.0
1283300 797.7
1283310 797.2
1283320 797.2
1283330 796.8
1283340 796.8
1283350 796.8
1283360 796.3
1283370 795.1
1283380 795.1
1283390 794.4
1283400 793.6
1283410 793.6
1283420 792.9
1283430 792.7
1283440 792.7
1283450 792.2
1283460 792.0
1283470 791.7
1283480 792.7
1283490 792.8
1283500 792.8
1283510 792.8
1283520 792.4
1283530 791.8
1283540 791.8
1283550 790.8
1283560 790.0
1283570 790.0
1283580 788.7
1283590 788.3
1283600 788.3
1283610 788.0
1283620 787.6
1283630 787.6
1283640 787.5
1283650 787.2
1283660 787.2
1283670 787.1
1283680 786.4
1283690 786.4
1283700 785.0
1283710 783.6
1283720 781.7
1283730 781.7
1283740 780.1
1283750 779.5
1283760 779.5
1283770 778.8
1283780 778.1
1283790 778.1
1283800 777.3
1283810 776.5
1283820 776.5
1283830 775.6
1283840 774.6
1283850 774.6
1283860 772.2
1283870 769.1
1283880 769.1
1283890 767.4
1283900 765.8
1283910 765.8
1283920 765.7
1283930 764.8
1283940 764.8
1283950 762.4
1283960 761.2
1283970 761.2
1283980 760.7
1283990 759.3
1284000 756.0
1284010 756.0
1284020 751.7
1284030 747.9
1284040 747.9
1284050 745.2
1284060 743.4
1284070 743.4
1284080 742.0
1284090 738.9
1284100 738.9
1284110 735.3
1284120 732.5
1284130 732.5
1284140 732.2
1284150 733.5
1284160 733.5
1284170 735.3
1284180 731.3
1284190 731.3
1284200 725.8
1284210 724.0
1284220 724.0
1284230 723.5
1284240 723.2
1284250 723.0
1284260 723.0
1284270 722.8
1284280 722.7
1284290 722.7
1284300 722.5
1284310 722.0
1284320 722.0
1284330 720.6
1284340 717.0
1284350 717.0
1284360 712.7
1284370 710.3
1284380 710.3
1284390 706.9
1284400 702.4
1284410 702.4
1284420 701.6
1284430 701.9
1284440 701.9
1284450 702.2
1284460 702.9
1284470 702.9
1284480 703.7
1284490 704.4
1284500 704.4
1284510 706.4
1284520 708.4
1284530 708.6
1284540 708.6
1284550 709.8
1284560 713.0
1284570 713.0
1284580 715.9
1284590 717.8
1284600 717.8
1284610 717.9
1284620 721.2
1284630 721.2
1284640 725.5
1284650 729.4
1284660 729.4
1284670 732.0
1284680 734.4
1284690 734.4
1284700 739.0
1284710 744.3
1284720 744.3
1284730 749.1
1284740 752.8
1284750 752.8
1284760 761.0
1284770 762.6
1284780 763.5
1284790 763.5
1284800 763.7
1284810 763.4
1284820 763.4
1284830 762.9
1284840 762.8
1284850 762.8
1284860 763.3
1284870 761.3
1284880 761.3
1284890 758.5
1284900 757.5
1284910 757.5
1284920 757.1
1284930 755.5
1284940 755.5
1284950 752.0
1284960 747.6
1284970 747.6
1284980 744.2
1284990 741.4
1285000 741.4
1285010 738.9
1285020 740.7
1285030 745.0
1285040 745.0
1285050 751.8
1285060 759.5
1285070 759.5
1285080 764.6
1285090 766.5
1285100 766.5
1285110 765.6
1285120 764.1
1285130 764.1
1285140 764.1
1285150 764.5
1285160 764.5
1285170 765.9
1285180 770.0
1285190 770.0
1285200 775.4
1285210 780.6
1285220 780.6
1285230 786.3
1285240 791.3
1285250 791.3
1285260 796.3
1285270 799.6
1285280 799.6
1285290 799.4
1285300 798.0
1285310 796.9
1285320 796.9
1285330 797.8
1285340 801.4
1285350 801.4
1285360 804.0
1285370 804.3
1285380 804.3
1285390 809.1
1285400 804.1
1285410 804.1
1285420 796.4
1285430 789.0
1285440 789.0
1285450 782.3
1285460 776.6
1285470 776.6
1285480 771.5
1285490 768.0
1285500 768.0
1285510 768.3
1285520 770.2
1285530 770.2
1285540 772.0
1285550 776.0
1285560 781.1
1285570 781.1
1285580 785.8
1285590 789.7
1285600 789.7
1285610 794.0
1285620 798.9
1285630 798.9
1285640 803.7
1285650 808.0
1285660 808.0
1285670 810.5
1285680 808.9
1285690 808.9
1285700 806.0
1285710 802.5
1285720 802.5
1285730 797.3
1285740 792.7
1285750 792.7
1285760 789.2
1285770 788.5
1285780 788.5
1285790 789.2
1285800 791.6
1285810 791.6
1285820 795.1
1285830 798.8
1285840 803.2
1285850 803.2
1285860 807.7
1285870 811.6
1285880 811.6
1285890 814.3
1285900 816.8
1285910 816.8
1285920 820.2
1285930 825.6
1285940 825.6
1285950 831.3
1285960 834.9
1285970 834.9
1285980 838.0
1285990 841.1
1286000 841.1
1286010 844.0
1286020 847.1
1286030 847.1
1286040 856.9
1286050 861.7
1286060 861.7
1286070 863.9
1286080 865.8
1286090 867.8
1286100 867.8
1286110 870.6
1286120 873.8
1286130 873.8
1286140 876.6
1286150 878.6
1286160 878.6
1286170 879.9
1286180 880.0
1286190 880.0
1286200 880.1
1286210 881.8
1286220 881.8
1286230 884.8
1286240 887.9
1286250 887.9
1286260 890.3
1286270 892.2
1286280 892.2
1286290 893.3
1286300 894.1
1286310 894.1
1286320 894.5
1286330 895.7
1286340 895.7
1286350 897.0
1286360 897.8
1286370 898.8
1286380 898.8
1286390 899.2
1286400 899.2
1286410 899.2
1286420 900.2
1286430 902.0
1286440 902.0
1286450 903.4
1286460 904.7
1286470 904.7
1286480 907.4
1286490 907.9
1286500 907.9
1286510 905.3
1286520 905.8
1286530 905.8
1286540 906.8
1286550 908.0
1286560 908.0
1286570 906.4
1286580 905.8
1286590 905.8
1286600 910.4
1286610 912.6
1286620 907.1
1286630 907.1
1286640 905.7
1286650 906.1
1286660 906.1
1286670 908.6
1286680 917.5
1286690 917.5
1286700 922.9
1286710 926.4
1286720 926.4
1286730 928.8
1286740 931.8
1286750 931.8
1286760 935.4
1286770 938.0
1286780 938.0
1286790 940.2
1286800 941.9
1286810 941.9
1286820 941.7
1286830 941.9
1286840 941.9
1286850 942.6
1286860 941.4
1286870 938.3
1286880 938.3
1286890 936.7
1286900 938.2
1286910 938.2
1286920 937.9
1286930 939.0
1286940 939.0
1286950 939.2
1286960 937.3
1286970 937.3
1286980 936.1
1286990 935.4
1287000 935.4
1287010 936.0
1287020 934.7
1287030 934.7
1287040 933.5
1287050 933.7
1287060 933.7
1287070 932.7
1287080 931.6
1287090 931.6
1287100 930.4
1287110 928.9
1287120 928.9
1287130 927.1
1287140 926.0
1287150 926.4
1287160 926.4
1287170 926.7
1287180 926.0
1287190 926.0
1287200 925.3
1287210 923.6
1287220 923.6
1287230 919.6
1287240 915.3
1287250 915.3
1287260 911.1
1287270 907.1
1287280 907.1
1287290 901.6
1287300 895.7
1287310 895.7
1287320 893.2
1287330 886.2
1287340 886.2
1287350 879.1
1287360 872.3
1287370 872.3
1287380 866.3
1287390 859.9
1287400 852.2
1287410 852.2
1287420 831.6
1287430 814.6
1287440 814.6
1287450 793.3
1287460 777.7
1287470 777.7
1287480 775.2
1287490 779.9
1287500 779.9
1287510 788.5
1287520 795.6
1287530 795.6
1287540 802.6
1287550 809.4
1287560 809.4
1287570 813.3
1287580 815.4
1287590 815.4
1287600 817.0
1287610 819.8
1287620 819.8
1287630 823.3
1287640 829.1
1287650 829.1
1287660 835.0
1287670 840.9
1287680 847.1
1287690 847.1
1287700 853.7
1287710 860.4
1287720 860.4
1287730 867.1
1287740 872.2
1287750 872.2
1287760 877.1
1287770 881.7
1287780 881.7
1287790 885.8
1287800 890.8
1287810 890.8
1287820 897.2
1287830 903.1
1287840 903.1
1287850 907.3
1287860 912.5
1287870 912.5
1287880 916.3
1287890 921.1
1287900 921.1
1287910 926.3
1287920 930.4
1287930 933.3
1287940 933.3
1287950 935.9
1287960 938.2
1287970 941.7
1287980 943.8
1287990 945.0
1288000 945.0
1288010 945.7
1288020 945.8
1288030 945.8
1288040 945.4
1288050 947.8
1288060 947.8
1288070 951.7
1288080 955.2
1288090 955.2
1288100 958.4
1288110 962.0
1288120 962.0
1288130 964.9
1288140 967.1
1288150 967.1
1288160 969.8
1288170 972.5
1288180 974.1
1288190 974.1
1288200 976.1
1288210 979.4
1288220 979.4
1288230 983.5
1288240 986.9
1288250 986.9
1288260 989.9
1288270 992.3
1288280 992.3
1288290 993.9
1288300 997.1
1288310 997.1
1288320 1002.2
1288330 1005.2
1288340 1005.2
1288350 1008.1
1288360 1011.1
1288370 1011.1
1288380 1014.2
1288390 1017.5
1288400 1017.5
1288410 1020.7
1288420 1024.0
1288430 1024.0
1288440 1027.4
1288450 1031.0
1288460 1034.9
1288470 1034.9
1288480 1038.7
1288490 1042.2
1288500 1042.2
1288510 1045.3
1288520 1048.3
1288530 1048.3
1288540 1051.4
1288550 1054.4
1288560 1054.4
1288570 1057.3
1288580 1060.2
1288590 1060.2
1288600 1063.3
1288610 1066.2
1288620 1067.7
1288630 1070.0
1288640 1072.6
1288650 1072.6
1288660 1075.2
1288670 1077.8
1288680 1077.8
1288690 1080.4
1288700 1083.0
1288710 1085.8
1288720 1085.8
1288730 1088.5
1288740 1091.0
1288750 1091.0
1288760 1093.6
1288770 1095.9
1288780 1095.9
1288790 1098.6
1288800 1103.7
1288810 1103.7
1288820 1107.3
1288830 1108.1
1288840 1108.1
1288850 1111.3
1288860 1117.8
1288870 1117.8
1288880 1122.8
1288890 1125.8
1288900 1125.8
1288910 1129.8
1288920 1131.0
1288930 1131.0
1288940 1133.6
1288950 1135.8
1288960 1135.8
1288970 1140.1
1288980 1145.5
1288990 1148.9
1289000 1148.9
1289010 1151.0
1289020 1153.0
1289030 1153.0
1289040 1156.3
1289050 1158.0
1289060 1158.0
1289070 1159.9
1289080 1161.1
1289090 1161.1
1289100 1162.0
1289110 1162.5
1289120 1162.5
1289130 1162.6
1289140 1163.0
1289150 1163.0
1289160 1164.2
1289170 1165.9
1289180 1165.9
1289190 1167.9
1289200 1169.6
1289210 1169.6
1289220 1171.8
1289230 1175.9
1289240 1178.0
1289250 1178.0
1289260 1179.5
1289270 1184.5
1289280 1184.5
1289290 1186.6
1289300 1189.4
1289310 1189.4
1289320 1192.0
1289330 1193.1
1289340 1193.1
1289350 1193.7
1289360 1194.8
1289370 1194.8
1289380 1196.4
1289390 1198.8
1289400 1198.8
1289410 1201.1
1289420 1203.0
1289430 1203.0
1289440 1204.2
1289450 1204.7
1289460 1204.7
1289470 1205.4
1289480 1207.1
1289490 1206.0
1289500 1206.0
1289510 1205.8
1289520 1206.4
1289530 1206.4
1289540 1207.3
1289550 1208.2
1289560 1208.2
1289570 1209.6
1289580 1211.2
1289590 1211.2
1289600 1211.8
1289610 1206.4
1289620 1206.4
1289630 1199.3
1289640 1196.0
1289650 1196.0
1289660 1195.0
1289670 1194.0
1289680 1194.0
1289690 1192.9
1289700 1191.4
1289710 1191.4
1289720 1189.8
1289730 1185.3
1289740 1185.3
1289750 1177.4
1289760 1168.8
1289770 1161.0
1289780 1161.0
1289790 1155.4
1289800 1150.1
1289810 1150.1
1289820 1145.1
1289830 1140.6
1289840 1140.6
1289850 1135.3
1289860 1129.8
1289870 1129.8
1289880 1125.3
1289890 1121.8
1289900 1121.8
1289910 1118.8
1289920 1116.0
1289930 1118.5
1289940 1115.6
1289950 1113.3
1289960 1113.3
1289970 1111.4
1289980 1109.7
1289990 1109.7
1290000 1107.8
1290010 1106.0
1290020 1104.2
1290030 1104.2
1290040 1102.4
1290050 1099.9
1290060 1099.9
1290070 1096.5
1290080 1093.5
1290090 1093.5
1290100 1090.2
1290110 1087.5
1290120 1087.5
1290130 1085.5
1290140 1082.6
1290150 1082.6
1290160 1078.6
1290170 1074.5
1290180 1074.5
1290190 1070.4
1290200 1067.1
1290210 1067.1
1290220 1065.0
1290230 1061.2
1290240 1061.2
1290250 1056.6
1290260 1055.1
1290270 1055.1
1290280 1056.0
1290290 1056.1
1290300 1056.0
1290310 1056.0
1290320 1054.9
1290330 1054.3
1290340 1054.3
1290350 1053.8
1290360 1052.8
1290370 1052.8
1290380 1050.9
1290390 1048.6
1290400 1048.6
1290410 1046.4
1290420 1043.4
1290430 1043.4
1290440 1041.0
1290450 1038.9
1290460 1038.9
1290470 1036.7
1290480 1032.5
1290490 1032.5
1290500 1027.9
1290510 1023.4
1290520 1023.4
1290530 1018.4
1290540 1014.5
1290550 1012.8
1290560 1012.8
1290570 1011.3
1290580 1014.9
1290590 1014.9
1290600 1013.6
1290610 1012.7
1290620 1012.7
1290630 1012.3
1290640 1011.1
1290650 1011.1
1290660 1009.8
1290670 1007.7
1290680 1007.7
1290690 1004.9
1290700 1003.0
1290710 1003.0
1290720 999.6
1290730 993.8
1290740 993.8
1290750 989.5
1290760 985.2
1290770 985.2
1290780 981.3
1290790 978.9
1290800 978.9
1290810 977.3
1290820 975.4
1290830 972.6
1290840 972.6
1290850 969.1
1290860 966.2
1290870 966.2
1290880 962.5
1290890 961.4
1290900 961.4
1290910 960.9
1290920 960.3
1290930 960.3
1290940 960.1
1290950 961.1
1290960 961.1
1290970 961.5
1290980 961.8
1290990 961.8
1291000 961.8
1291010 962.0
1291020 962.0
1291030 961.4
1291040 959.4
1291050 959.4
1291060 957.7
1291070 955.5
1291080 951.9
1291090 951.9
1291100 948.9
1291110 945.6
1291120 945.6
1291130 942.2
1291140 939.7
1291150 939.7
1291160 937.3
1291170 934.7
1291180 934.7
1291190 931.9
1291200 927.8
1291210 927.8
1291220 923.9
1291230 921.1
1291240 924.9
1291250 922.3
1291260 919.6
1291270 919.6
1291280 916.3
1291290 912.6
1291300 912.6
1291310 909.2
1291320 905.2
1291330 900.7
1291340 900.7
1291350 896.0
1291360 892.2
1291370 892.2
1291380 888.7
1291390 884.2
1291400 884.2
1291410 877.7
1291420 870.2
1291430 870.2
1291440 863.0
1291450 855.6
1291460 855.6
1291470 848.4
1291480 842.9
1291490 842.9
1291500 836.9
1291510 832.3
1291520 832.3
1291530 830.0
1291540 830.0
1291550 830.0
1291560 826.7
1291570 821.9
1291580 821.9
1291590 820.1
1291600 822.1
1291610 824.9
1291620 824.9
1291630 825.5
1291640 824.8
1291650 824.8
1291660 824.8
1291670 828.3
1291680 828.3
1291690 840.5
1291700 852.1
1291710 852.1
1291720 861.5
1291730 869.1
1291740 869.1
1291750 876.2
1291760 881.5
1291770 881.5
1291780 886.1
1291790 891.9
1291800 891.9
1291810 900.0
1291820 907.9
1291830 907.9
1291840 914.7
1291850 922.2
1291860 930.2
1291870 930.2
1291880 935.1
1291890 939.7
1291900 939.8
1291910 944.7
1291920 949.5
1291930 949.5
1291940 954.5
1291950 959.9
1291960 959.9
1291970 965.6
1291980 971.2
1291990 971.2
1292000 976.8
1292010 982.4
1292020 982.4
1292030 988.2
1292040 993.8
1292050 993.8
1292060 998.1
1292070 1001.6
1292080 1001.6
1292090 1005.3
1292100 1008.0
1292110 1008.0
1292120 1010.9
1292130 1013.6
1292140 1016.3
1292150 1016.3
1292160 1019.1
1292170 1021.8
1292180 1021.8
1292190 1024.5
1292200 1027.3
1292210 1027.3
1292220 1030.2
1292230 1033.4
1292240 1033.4
1292250 1037.1
1292260 1041.2
1292270 1041.2
1292280 1045.6
1292290 1050.2
1292300 1050.2
1292310 1054.5
1292320 1058.1
1292330 1058.1
1292340 1061.8
1292350 1065.9
1292360 1065.9
1292370 1069.6
1292380 1071.6
1292390 1073.2
1292400 1073.2
1292410 1075.9
1292420 1079.1
1292430 1079.1
1292440 1081.9
1292450 1084.5
1292460 1084.5
1292470 1087.5
1292480 1091.3
1292490 1091.3
1292500 1095.1
1292510 1099.6
1292520 1099.6
1292530 1105.3
1292540 1110.9
1292550 1110.9
1292560 1112.3
1292570 1112.8
1292580 1112.8
1292590 1115.8
1292600 1119.9
1292610 1119.9
1292620 1123.4
1292630 1127.3
1292640 1130.7
1292650 1130.7
1292660 1133.0
1292670 1134.7
1292680 1134.7
1292690 1136.4
1292700 1138.5
1292710 1138.5
1292720 1140.9
1292730 1143.0
1292740 1143.0
1292750 1145.5
1292760 1148.7
1292770 1148.7
1292780 1152.1
1292790 1155.5
1292800 1155.5
1292810 1159.0
1292820 1162.5
1292830 1162.5
1292840 1166.0
1292850 1169.8
1292860 1169.8
1292870 1173.6
1292880 1178.3
1292890 1178.3
1292900 1182.8
1292910 1187.3
1292920 1191.7
1292930 1191.7
1292940 1195.8
1292950 1200.1
1292960 1200.1
1292970 1204.7
1292980 1209.1
1292990 1209.1
1293000 1213.3
1293010 1219.6
1293020 1219.6
1293030 1224.5
1293040 1226.1
1293050 1226.1
1293060 1228.0
1293070 1230.5
1293080 1230.5
1293090 1233.1
1293100 1235.7
1293110 1235.7
1293120 1238.3
1293130 1240.4
1293140 1240.4
1293150 1242.7
1293160 1245.6
1293170 1248.7
1293180 1248.7
1293190 1251.1
1293200 1253.1
1293210 1253.1
1293220 1255.8
1293230 1257.3
1293240 1257.3
1293250 1259.8
1293260 1261.7
1293270 1261.7
1293280 1264.4
1293290 1267.6
1293300 1267.6
1293310 1271.4
1293320 1275.5
1293330 1275.5
1293340 1278.6
1293350 1281.6
1293360 1281.6
1293370 1284.7
1293380 1287.7
1293390 1287.7
1293400 1290.7
1293410 1293.5
1293420 1293.5
1293430 1296.8
1293440 1301.3
1293450 1306.2
1293460 1306.2
1293470 1310.4
1293480 1314.1
1293490 1314.1
1293500 1317.9
1293510 1322.2
1293520 1322.2
1293530 1326.4
1293540 1331.2
1293550 1331.2
1293560 1337.5
1293570 1343.1
1293580 1343.1
1293590 1347.8
1293600 1352.2
1293610 1352.2
1293620 1356.7
1293630 1360.3
1293640 1360.3
1293650 1363.4
1293660 1366.0
1293670 1366.0
1293680 1368.0
1293690 1371.4
1293700 1374.6
1293710 1374.6
1293720 1377.7
1293730 1382.0
1293740 1382.0
1293750 1388.6
1293760 1390.2
1293770 1390.2
1293780 1390.7
1293790 1392.1
1293800 1392.1
1293810 1393.8
1293820 1395.2
1293830 1395.2
1293840 1397.6
1293850 1401.1
1293860 1401.1
1293870 1404.4
1293880 1408.0
1293890 1404.9
1293900 1408.9
1293910 1411.7
1293920 1411.7
1293930 1414.4
1293940 1416.9
1293950 1419.0
1293960 1419.0
1293970 1421.0
1293980 1423.8
1293990 1423.8
1294000 1426.8
1294010 1429.6
1294020 1429.6
1294030 1432.8
1294040 1436.8
1294050 1436.8
1294060 1441.3
1294070 1445.6
1294080 1445.6
1294090 1449.7
1294100 1453.1
1294110 1453.1
1294120 1456.6
1294130 1460.8
1294140 1460.8
1294150 1466.8
1294160 1473.1
1294170 1473.1
1294180 1479.1
1294190 1484.5
1294200 1484.5
1294210 1489.6
1294220 1495.3
1294230 1501.2
1294240 1501.2
1294250 1507.8
1294260 1512.6
1294270 1512.6
1294280 1515.8
1294290 1519.9
1294300 1519.9
1294310 1524.0
1294320 1527.9
1294330 1527.9
1294340 1532.0
1294350 1536.5
1294360 1536.5
1294370 1540.7
1294380 1545.6
1294390 1545.6
1294400 1550.3
1294410 1555.2
1294420 1555.2
1294430 1560.5
1294440 1565.1
1294450 1565.1
1294460 1569.3
1294470 1573.2
1294480 1577.3
1294490 1577.3
1294500 1581.2
1294510 1585.0
1294520 1585.0
1294530 1588.2
1294540 1590.8
1294550 1590.8
1294560 1593.8
1294570 1595.2
1294580 1595.2
1294590 1597.3
1294600 1600.2
1294610 1600.2
1294620 1602.9
1294630 1605.8
1294640 1605.8
1294650 1608.3
1294660 1609.1
1294670 1609.1
1294680 1609.4
1294690 1609.9
1294700 1609.9
1294710 1610.1
1294720 1611.7
1294730 1611.7
1294740 1617.0
1294750 1619.0
1294760 1618.7
1294770 1618.7
1294780 1617.0
1294790 1616.0
1294800 1616.0
1294810 1614.9
1294820 1613.8
1294830 1613.8
1294840 1614.3
1294850 1613.4
1294860 1613.4
1294870 1612.6
1294880 1611.4
1294890 1611.4
1294900 1610.7
1294910 1610.5
1294920 1610.5
1294930 1610.3
1294940 1610.3
1294950 1610.3
1294960 1609.6
1294970 1607.7
1294980 1607.7
1294990 1605.0
1295000 1601.5
1295010 1598.1
1295020 1598.1
1295030 1594.6
1295040 1592.3
1295050 1592.3
1295060 1591.3
1295070 1589.8
1295080 1589.8
1295090 1587.0
1295100 1587.1
1295110 1587.1
1295120 1588.1
1295130 1588.9
1295140 1588.9
1295150 1589.8
1295160 1590.2
1295170 1590.2
1295180 1588.3
1295190 1585.6
1295200 1585.6
1295210 1583.7
1295220 1582.0
1295230 1587.3
1295240 1583.5
1295250 1579.4
1295260 1576.0
1295270 1576.0
1295280 1573.3
1295290 1571.7
1295300 1571.7
1295310 1569.4
1295320 1565.4
1295330 1565.4
1295340 1561.2
1295350 1555.4
1295360 1555.4
1295370 1550.9
1295380 1547.6
1295390 1547.6
1295400 1543.1
1295410 1539.3
1295420 1539.3
1295430 1536.2
1295440 1533.9
1295450 1533.9
1295460 1531.5
1295470 1527.7
1295480 1527.7
1295490 1523.4
1295500 1519.7
1295510 1519.7
1295520 1516.0
1295530 1512.9
1295540 1510.2
1295550 1510.2
1295560 1508.4
1295570 1506.6
1295580 1506.6
1295590 1506.1
1295600 1505.2
1295610 1505.2
1295620 1503.9
1295630 1502.3
1295640 1502.3
1295650 1500.8
1295660 1500.2
1295670 1500.2
1295680 1499.9
1295690 1499.4
1295700 1499.4
1295710 1498.1
1295720 1497.1
1295730 1497.1
1295740 1497.1
1295750 1497.6
1295760 1497.6
1295770 1498.6
1295780 1499.0
1295790 1499.1
1295800 1499.1
1295810 1499.3
1295820 1498.8
1295830 1498.8
1295840 1498.5
1295850 1498.4
1295860 1498.4
1295870 1497.7
1295880 1495.9
1295890 1495.9
1295900 1494.2
1295910 1495.8
1295920 1495.8
1295930 1495.7
1295940 1493.1
1295950 1493.1
1295960 1490.1
1295970 1488.6
1295980 1488.6
1295990 1488.3
1296000 1487.3
1296010 1487.3
1296020 1485.1
1296030 1481.2
1296040 1481.2
1296050 1478.7
1296060 1477.5
1296070 1478.2
1296080 1478.2
1296090 1479.6
1296100 1479.9
1296110 1479.9
1296120 1478.1
1296130 1477.6
1296140 1477.6
1296150 1475.4
1296160 1472.5
1296170 1472.5
1296180 1470.7
1296190 1470.2
1296200 1470.2
1296210 1468.6
1296220 1465.2
1296230 1465.2
1296240 1462.0
1296250 1459.5
1296260 1459.5
1296270 1458.2
1296280 1456.9
1296290 1456.9
1296300 1455.6
1296310 1452.7
1296320 1447.9
1296330 1447.9
1296340 1443.3
1296350 1440.1
1296360 1440.1
1296370 1437.2
1296380 1432.5
1296390 1432.5
1296400 1427.0
1296410 1421.9
1296420 1421.9
1296430 1418.2
1296440 1418.0
1296450 1418.0
1296460 1417.2
1296470 1415.7
1296480 1415.7
1296490 1413.5
1296500 1411.6
1296510 1411.6
1296520 1410.0
1296530 1408.5
1296540 1408.5
1296550 1407.8
1296560 1406.1
1296570 1401.4
1296580 1403.0
1296590 1397.8
1296600 1394.3
1296610 1394.3
1296620 1394.6
1296630 1397.3
1296640 1397.3
1296650 1398.9
1296660 1399.4
1296670 1399.4
1296680 1399.0
1296690 1398.5
1296700 1398.5
1296710 1398.4
1296720 1397.7
1296730 1397.7
1296740 1393.8
1296750 1387.3
1296760 1387.3
1296770 1381.0
1296780 1375.3
1296790 1375.3
1296800 1369.7
1296810 1366.0
1296820 1366.0
1296830 1362.2
1296840 1360.1
1296850 1358.3
1296860 1358.3
1296870 1356.0
1296880 1354.1
1296890 1354.1
1296900 1353.6
1296910 1353.7
1296920 1353.7
1296930 1354.1
1296940 1354.3
1296950 1354.3
1296960 1354.1
1296970 1354.1
1296980 1354.1
1296990 1353.6
1297000 1352.6
1297010 1352.6
1297020 1351.5
1297030 1348.8
1297040 1348.8
1297050 1344.0
1297060 1341.7
1297070 1341.7
1297080 1341.3
1297090 1340.7
1297100 1340.5
1297110 1340.5
1297120 1339.1
1297130 1335.6
1297140 1335.6
1297150 1330.8
1297160 1327.9
1297170 1327.9
1297180 1325.9
1297190 1323.8
1297200 1323.8
1297210 1322.4
1297220 1319.9
1297230 1319.9
1297240 1317.2
1297250 1317.7
1297260 1321.5
1297270 1324.0
1297280 1324.5
1297290 1324.5
1297300 1321.1
1297310 1317.1
1297320 1317.1
1297330 1315.0
1297340 1313.9
1297350 1313.9
1297360 1311.9
1297370 1308.4
1297380 1304.6
1297390 1304.6
1297400 1300.7
1297410 1296.7
1297420 1296.7
1297430 1292.6
1297440 1289.9
1297450 1289.9
1297460 1286.3
1297470 1280.4
1297480 1280.4
1297490 1275.6
1297500 1278.8
1297510 1278.8
1297520 1287.2
1297530 1295.1
1297540 1295.1
1297550 1300.3
1297560 1301.6
1297570 1301.6
1297580 1300.9
1297590 1299.8
1297600 1299.8
1297610 1299.2
1297620 1298.5
1297630 1298.3
1297640 1298.3
1297650 1298.0
1297660 1297.4
1297670 1297.4
1297680 1296.5
1297690 1295.4
1297700 1295.4
1297710 1293.8
1297720 1291.3
1297730 1291.3
1297740 1288.8
1297750 1283.9
1297760 1283.9
1297770 1277.2
1297780 1269.9
1297790 1269.9
1297800 1261.6
1297810 1255.0
1297820 1255.0
1297830 1250.1
1297840 1244.2
1297850 1244.2
1297860 1240.5
1297870 1238.3
1297880 1236.9
1297890 1236.9
1297900 1233.5
1297910 1226.4
1297920 1226.4
1297930 1219.1
1297940 1216.7
1297950 1216.7
1297960 1211.9
1297970 1208.8
1297980 1208.8
1297990 1206.1
1298000 1203.1
1298010 1203.1
1298020 1200.3
1298030 1198.3
1298040 1198.3
1298050 1197.2
1298060 1194.1
1298070 1194.1
1298080 1190.4
1298090 1187.8
1298100 1187.8
1298110 1184.9
1298120 1180.9
1298130 1180.9
1298140 1179.2
1298150 1175.7
1298160 1169.3
1298170 1169.3
1298180 1162.7
1298190 1158.8
1298200 1158.8
1298210 1156.2
1298220 1152.1
1298230 1152.1
1298240 1146.4
1298250 1139.3
1298260 1139.3
1298270 1128.7
1298280 1117.3
1298290 1117.3
1298300 1110.2
1298310 1114.6
1298320 1114.6
1298330 1120.2
1298340 1125.9
1298350 1125.9
1298360 1131.9
1298370 1138.1
1298380 1138.1
1298390 1141.8
1298400 1144.5
1298410 1144.5
1298420 1144.5
1298430 1142.3
1298440 1139.8
1298450 1139.8
1298460 1138.6
1298470 1138.5
1298480 1138.5
1298490 1138.6
1298500 1138.9
1298510 1138.9
1298520 1138.7
1298530 1138.8
1298540 1138.8
1298550 1138.5
1298560 1138.1
1298570 1138.1
1298580 1137.2
1298590 1136.0
1298600 1136.0
1298610 1135.4
1298620 1134.4
1298630 1138.9
1298640 1138.2
1298650 1136.4
1298660 1134.8
1298670 1134.8
1298680 1133.5
1298690 1131.2
1298700 1131.2
1298710 1127.2
1298720 1122.4
1298730 1122.4
1298740 1118.1
1298750 1114.2
1298760 1114.2
1298770 1110.3
1298780 1105.9
1298790 1105.9
1298800 1101.2
1298810 1096.4
1298820 1096.4
1298830 1091.7
1298840 1087.3
1298850 1087.3
1298860 1083.4
1298870 1079.8
1298880 1079.8
1298890 1076.5
1298900 1073.1
1298910 1073.1
1298920 1070.0
1298930 1066.6
1298940 1060.6
1298950 1060.6
1298960 1052.0
1298970 1043.5
1298980 1043.5
1298990 1036.6
1299000 1033.0
1299010 1033.0
1299020 1031.3
1299030 1031.4
1299040 1031.4
1299050 1030.7
1299060 1029.0
1299070 1029.0
1299080 1029.4
1299090 1033.2
1299100 1033.2
1299110 1035.1
1299120 1036.5
1299130 1036.5
1299140 1037.0
1299150 1036.8
1299160 1036.8
1299170 1035.1
1299180 1033.0
1299190 1033.1
1299200 1033.1
1299210 1035.8
1299220 1038.1
1299230 1038.1
1299240 1038.1
1299250 1036.5
1299260 1036.5
1299270 1033.9
1299280 1030.1
1299290 1030.1
1299300 1026.7
1299310 1027.9
1299320 1027.9
1299330 1027.2
1299340 1026.7
1299350 1026.7
1299360 1026.5
1299370 1025.7
1299380 1025.7
1299390 1023.9
1299400 1021.2
1299410 1021.2
1299420 1018.1
1299430 1014.6
1299440 1014.6
1299450 1011.4
1299460 1007.9
1299470 1003.3
1299480 1003.3
1299490 999.1
1299500 995.9
1299510 995.9
1299520 992.6
1299530 988.8
1299540 988.8
1299550 985.1
1299560 981.9
1299570 981.9
1299580 979.2
1299590 977.0
1299600 977.0
1299610 977.4
1299620 982.7
1299630 982.7
1299640 989.1
1299650 996.0
1299660 996.0
1299670 1001.6
1299680 1003.1
1299690 1003.1
1299700 1000.5
1299710 996.2
1299720 989.0
1299730 989.0
1299740 976.8
1299750 960.8
1299760 960.8
1299770 955.7
1299780 954.7
1299790 954.7
1299800 955.1
1299810 959.0
1299820 959.0
1299830 964.0
1299840 970.0
1299850 970.0
1299860 983.4
1299870 998.3
1299880 998.3
1299890 1008.3
1299900 1015.1
1299910 1015.1
1299920 1022.5
1299930 1029.5
1299940 1029.5
1299950 1034.3
1299960 1037.6
1299970 1041.8
1299980 1041.8
1299990 1046.1
