1280000 560.8
1280010 561.1
1280020 561.1
1280030 560.9
1280040 560.7
1280050 560.7
1280060 560.5
1280070 560.5
1280080 560.5
1280090 560.6
1280100 560.5
1280110 560.5
1280120 560.4
1280130 560.5
1280140 560.5
1280150 560.5
1280160 560.6
1280170 560.6
1280180 560.8
1280190 561.0
1280200 561.1
1280210 561.1
1280220 561.1
1280230 561.0
1280240 561.0
1280250 561.0
1280260 561.2
1280270 561.2
1280280 561.6
1280290 561.3
1280300 561.3
1280310 561.1
1280320 561.0
1280330 561.0
1280340 560.9
1280350 560.0
1280360 560.0
1280370 557.8
1280380 555.9
1280390 555.9
1280400 555.5
1280410 555.6
1280420 555.6
1280430 555.3
1280440 555.3
1280450 555.3
1280460 555.3
1280470 555.3
1280480 555.3
1280490 555.3
1280500 555.3
1280510 555.3
1280520 555.3
1280530 555.3
1280540 555.3
1280550 555.3
1280560 555.3
1280570 555.9
1280580 555.9
1280590 557.5
1280600 559.7
1280610 559.7
1280620 561.6
1280630 562.3
1280640 562.3
1280650 563.3
1280660 565.8
1280670 565.8
1280680 569.0
1280690 570.6
1280700 570.6
1280710 570.9
1280720 570.9
1280730 570.8
1280740 570.8
1280750 571.1
1280760 572.3
1280770 572.3
1280780 573.8
1280790 574.6
1280800 574.6
1280810 574.6
1280820 578.3
1280830 578.3
1280840 580.9
1280850 581.5
1280860 581.5
1280870 581.9
1280880 582.5
1280890 582.5
1280900 582.9
1280910 583.5
1280920 583.5
1280930 584.5
1280940 585.5
1280950 585.5
1280960 586.6
1280970 587.9
1280980 589.6
1280990 589.6
1281000 591.4
1281010 593.2
1281020 593.2
1281030 595.2
1281040 597.0
1281050 597.0
1281060 598.6
1281070 600.1
1281080 600.1
1281090 601.5
1281100 603.0
1281110 603.0
1281120 605.1
1281130 607.0
1281140 607.0
1281150 608.4
1281160 609.1
1281170 609.1
1281180 609.3
1281190 609.3
1281200 609.3
1281210 609.2
1281220 609.0
1281230 609.0
1281240 608.9
1281250 608.5
1281260 608.2
1281270 608.2
1281280 607.6
1281290 606.2
1281300 606.2
1281310 604.0
1281320 602.3
1281330 602.3
1281340 600.6
1281350 599.5
1281360 599.5
1281370 601.3
1281380 601.3
1281390 601.3
1281400 600.9
1281410 600.1
1281420 600.1
1281430 598.8
1281440 601.3
1281450 601.3
1281460 600.8
1281470 601.0
1281480 601.0
1281490 601.1
1281500 601.2
1281510 600.8
1281520 600.8
1281530 600.5
1281540 600.7
1281550 600.7
1281560 600.8
1281570 600.7
1281580 600.7
1281590 599.7
1281600 598.5
1281610 598.5
1281620 598.0
1281630 596.7
1281640 596.7
1281650 595.3
1281660 595.9
1281670 595.9
1281680 596.5
1281690 596.7
1281700 596.7
1281710 596.7
1281720 597.4
1281730 597.4
1281740 597.7
1281750 597.8
1281760 597.8
1281770 597.9
1281780 597.9
1281790 597.7
1281800 597.7
1281810 597.0
1281820 595.8
1281830 595.8
1281840 594.5
1281850 593.8
1281860 593.8
1281870 593.2
1281880 593.0
1281890 593.0
1281900 592.9
1281910 592.9
1281920 592.9
1281930 593.2
1281940 593.8
1281950 593.8
1281960 594.4
1281970 595.0
1281980 595.0
1281990 595.3
1282000 595.5
1282010 595.5
1282020 595.8
1282030 596.5
1282040 597.1
1282050 597.1
1282060 597.7
1282070 599.5
1282080 599.5
1282090 599.4
1282100 599.1
1282110 599.1
1282120 598.6
1282130 597.8
1282140 597.8
1282150 596.8
1282160 596.4
1282170 596.4
1282180 596.7
1282190 597.1
1282200 597.1
1282210 597.6
1282220 598.3
1282230 598.3
1282240 599.4
1282250 600.2
1282260 600.2
1282270 600.8
1282280 601.5
1282290 601.5
1282300 601.9
1282310 601.7
1282320 601.5
1282330 601.5
1282340 602.0
1282350 602.5
1282360 602.5
1282370 601.4
1282380 599.2
1282390 599.2
1282400 597.5
1282410 595.8
1282420 595.8
1282430 597.1
1282440 599.2
1282450 599.2
1282460 599.6
1282470 599.7
1282480 599.7
1282490 599.8
1282500 600.2
1282510 600.2
1282520 601.2
1282530 602.6
1282540 602.6
1282550 604.0
1282560 605.2
1282570 606.3
1282580 606.3
1282590 608.0
1282600 609.4
1282610 609.4
1282620 609.9
1282630 610.3
1282640 610.3
1282650 610.4
1282660 610.6
1282670 610.6
1282680 611.9
1282690 614.4
1282700 615.2
1282710 615.7
1282720 616.3
1282730 616.3
1282740 616.6
1282750 616.7
1282760 616.7
1282770 617.0
1282780 617.4
1282790 617.4
1282800 617.2
1282810 617.3
1282820 617.8
1282830 617.8
1282840 619.2
1282850 620.5
1282860 620.5
1282870 623.0
1282880 626.1
1282890 626.1
1282900 628.0
1282910 629.9
1282920 629.9
1282930 631.1
1282940 631.5
1282950 631.5
1282960 631.5
1282970 631.8
1282980 631.8
1282990 632.4
1283000 633.6
1283010 633.6
1283020 634.9
1283030 636.8
1283040 636.8
1283050 638.9
1283060 638.8
1283070 638.8
1283080 638.4
1283090 638.2
1283100 637.0
1283110 637.0
1283120 635.4
1283130 634.3
1283140 634.3
1283150 633.2
1283160 632.2
1283170 632.2
1283180 632.0
1283190 632.2
1283200 632.2
1283210 632.2
1283220 630.0
1283230 630.0
1283240 624.4
1283250 621.0
1283260 621.0
1283270 618.3
1283280 616.9
1283290 616.9
1283300 616.6
1283310 616.7
1283320 616.7
1283330 620.0
1283340 622.9
1283350 626.0
1283360 626.0
1283370 626.7
1283380 627.3
1283390 627.3
1283400 627.7
1283410 627.4
1283420 627.4
1283430 628.2
1283440 629.3
1283450 629.3
1283460 630.4
1283470 631.7
1283480 631.7
1283490 634.1
1283500 637.0
1283510 637.0
1283520 639.5
1283530 641.3
1283540 641.3
1283550 643.8
1283560 646.4
1283570 646.4
1283580 648.6
1283590 649.3
1283600 649.3
1283610 649.7
1283620 649.8
1283630 649.3
1283640 649.3
1283650 648.8
1283660 648.3
1283670 648.3
1283680 647.6
1283690 647.1
1283700 647.1
1283710 646.5
1283720 646.2
1283730 646.2
1283740 645.8
1283750 645.4
1283760 645.4
1283770 645.2
1283780 645.2
1283790 645.2
1283800 645.2
1283810 645.1
1283820 645.1
1283830 645.1
1283840 644.9
1283850 644.9
1283860 644.6
1283870 644.4
1283880 644.2
1283890 644.2
1283900 644.2
1283910 644.3
1283920 644.3
1283930 644.4
1283940 644.4
1283950 644.4
1283960 644.2
1283970 644.5
1283980 644.5
1283990 644.2
1284000 643.9
1284010 643.9
1284020 643.3
1284030 642.6
1284040 642.6
1284050 641.9
1284060 641.9
1284070 641.9
1284080 642.1
1284090 642.1
1284100 642.1
1284110 640.9
1284120 640.2
1284130 640.2
1284140 640.2
1284150 640.4
1284160 640.8
1284170 640.8
1284180 642.1
1284190 642.1
1284200 642.1
1284210 642.0
1284220 641.4
1284230 641.4
1284240 641.5
1284250 643.1
1284260 643.1
1284270 644.4
1284280 646.0
1284290 646.0
1284300 648.6
1284310 652.2
1284320 652.2
1284330 658.1
1284340 664.3
1284350 664.3
1284360 670.3
1284370 676.5
1284380 676.5
1284390 682.1
1284400 686.1
1284410 686.8
1284420 686.8
1284430 686.4
1284440 685.6
1284450 685.6
1284460 684.5
1284470 682.7
1284480 682.7
1284490 680.3
1284500 678.2
1284510 678.2
1284520 675.9
1284530 673.5
1284540 673.5
1284550 671.9
1284560 670.7
1284570 670.7
1284580 669.8
1284590 669.4
1284600 667.0
1284610 665.9
1284620 664.5
1284630 664.5
1284640 662.5
1284650 659.2
1284660 659.2
1284670 655.8
1284680 653.2
1284690 650.5
1284700 650.5
1284710 646.5
1284720 642.1
1284730 642.1
1284740 638.0
1284750 633.8
1284760 633.8
1284770 631.0
1284780 629.4
1284790 629.4
1284800 628.5
1284810 627.8
1284820 627.8
1284830 627.2
1284840 626.7
1284850 626.7
1284860 625.9
1284870 625.0
1284880 625.0
1284890 624.2
1284900 623.1
1284910 623.1
1284920 621.4
1284930 619.6
1284940 618.7
1284950 618.7
1284960 619.4
1284970 620.4
1284980 620.4
1284990 621.2
1285000 622.3
1285010 622.3
1285020 622.8
1285030 622.7
1285040 622.7
1285050 623.9
1285060 625.7
1285070 625.7
1285080 627.4
1285090 629.3
1285100 629.3
1285110 630.5
1285120 632.0
1285130 632.0
1285140 633.4
1285150 634.3
1285160 634.3
1285170 634.0
1285180 633.7
1285190 633.7
1285200 634.0
1285210 634.3
1285220 634.4
1285230 634.4
1285240 636.3
1285250 636.7
1285260 636.7
1285270 637.2
1285280 638.5
1285290 638.5
1285300 640.9
1285310 642.8
1285320 642.8
1285330 643.5
1285340 643.8
1285350 643.8
1285360 644.0
1285370 644.8
1285380 644.8
1285390 646.8
1285400 649.4
1285410 649.4
1285420 651.2
1285430 653.5
1285440 653.5
1285450 657.9
1285460 660.0
1285470 662.2
1285480 662.2
1285490 662.2
1285500 660.6
1285510 660.6
1285520 659.4
1285530 658.2
1285540 658.2
1285550 657.0
1285560 657.8
1285570 657.8
1285580 661.3
1285590 665.0
1285600 665.0
1285610 668.7
1285620 672.1
1285630 672.1
1285640 674.5
1285650 675.9
1285660 675.9
1285670 677.5
1285680 678.5
1285690 678.5
1285700 678.7
1285710 679.5
1285720 679.5
1285730 681.1
1285740 682.5
1285750 683.7
1285760 683.7
1285770 684.8
1285780 686.1
1285790 686.1
1285800 687.1
1285810 687.6
1285820 687.6
1285830 688.7
1285840 689.0
1285850 689.0
1285860 688.7
1285870 688.1
1285880 688.6
1285890 688.4
1285900 688.4
1285910 688.4
1285920 689.6
1285930 693.2
1285940 693.2
1285950 697.6
1285960 702.4
1285970 702.4
1285980 707.2
1285990 711.4
1286000 714.0
1286010 714.0
1286020 715.6
1286030 717.4
1286040 717.4
1286050 720.1
1286060 723.5
1286070 723.5
1286080 726.9
1286090 729.2
1286100 729.2
1286110 730.8
1286120 733.0
1286130 733.0
1286140 735.4
1286150 737.2
1286160 737.2
1286170 738.3
1286180 739.0
1286190 739.0
1286200 739.9
1286210 740.5
1286220 740.5
1286230 741.1
1286240 741.9
1286250 742.7
1286260 742.7
1286270 743.5
1286280 744.3
1286290 744.3
1286300 745.1
1286310 745.7
1286320 745.7
1286330 746.5
1286340 747.4
1286350 747.4
1286360 748.3
1286370 749.2
1286380 749.2
1286390 750.4
1286400 752.0
1286410 752.0
1286420 753.9
1286430 756.6
1286440 756.6
1286450 758.1
1286460 758.6
1286470 758.6
1286480 760.1
1286490 761.7
1286500 761.7
1286510 763.2
1286520 764.6
1286530 768.5
1286540 768.5
1286550 768.8
1286560 769.7
1286570 769.7
1286580 770.9
1286590 771.8
1286600 771.8
1286610 772.5
1286620 773.1
1286630 773.1
1286640 773.8
1286650 774.5
1286660 774.5
1286670 775.8
1286680 777.7
1286690 777.7
1286700 779.0
1286710 780.2
1286720 780.2
1286730 782.5
1286740 784.5
1286750 784.5
1286760 785.4
1286770 786.4
1286780 787.7
1286790 787.7
1286800 787.9
1286810 786.5
1286820 786.5
1286830 785.8
1286840 787.0
1286850 787.0
1286860 788.5
1286870 789.6
1286880 789.6
1286890 790.6
1286900 792.2
1286910 792.2
1286920 794.6
1286930 796.7
1286940 796.7
1286950 797.9
1286960 799.0
1286970 799.0
1286980 799.1
1286990 798.0
1287000 798.0
1287010 797.2
1287020 796.6
1287030 796.6
1287040 796.0
1287050 795.4
1287060 794.7
1287070 794.7
1287080 793.0
1287090 793.2
1287100 793.2
1287110 793.3
1287120 793.0
1287130 793.0
1287140 792.8
1287150 792.6
1287160 792.6
1287170 793.1
1287180 792.0
1287190 792.0
1287200 790.9
1287210 790.1
1287220 790.1
1287230 789.6
1287240 789.2
1287250 789.2
1287260 788.8
1287270 786.8
1287280 786.8
1287290 775.5
1287300 744.8
1287310 723.0
1287320 723.0
1287330 711.6
1287340 703.1
1287350 703.1
1287360 695.4
1287370 688.0
1287380 688.0
1287390 687.8
1287400 708.2
1287410 708.2
1287420 724.8
1287430 731.2
1287440 731.2
1287450 732.9
1287460 739.1
1287470 739.1
1287480 748.6
1287490 756.3
1287500 756.3
1287510 763.5
1287520 768.2
1287530 768.2
1287540 773.4
1287550 777.9
1287560 777.9
1287570 782.6
1287580 788.2
1287590 795.3
1287600 795.3
1287610 799.8
1287620 802.5
1287630 802.5
1287640 806.6
1287650 809.8
1287660 809.8
1287670 810.8
1287680 811.6
1287690 811.6
1287700 813.3
1287710 817.4
1287720 817.4
1287730 822.9
1287740 825.9
1287750 825.9
1287760 828.4
1287770 834.1
1287780 834.1
1287790 838.5
1287800 842.3
1287810 842.3
1287820 847.1
1287830 849.2
1287840 850.8
1287850 850.8
1287860 852.3
1287870 854.3
1287880 854.3
1287890 856.7
1287900 859.1
1287910 859.1
1287920 861.5
1287930 864.1
1287940 864.1
1287950 866.5
1287960 868.9
1287970 868.9
1287980 871.4
1287990 874.2
1288000 874.2
1288010 877.2
1288020 879.3
1288030 879.3
1288040 880.0
1288050 881.7
1288060 881.7
1288070 884.0
1288080 886.0
1288090 886.0
1288100 886.7
1288110 884.7
1288120 881.9
1288130 881.9
1288140 880.5
1288150 878.8
1288160 878.8
1288170 876.7
1288180 875.1
1288190 875.1
1288200 873.8
1288210 872.2
1288220 872.2
1288230 869.8
1288240 867.7
1288250 867.7
1288260 866.1
1288270 864.6
1288280 864.6
1288290 862.9
1288300 861.6
1288310 861.6
1288320 861.1
1288330 861.8
1288340 861.8
1288350 862.3
1288360 864.0
1288370 867.2
1288380 867.2
1288390 870.9
1288400 875.8
1288410 875.8
1288420 880.0
1288430 882.9
1288440 882.9
1288450 885.2
1288460 889.0
1288470 894.0
1288480 898.6
1288490 902.5
1288500 902.5
1288510 905.8
1288520 910.4
1288530 910.4
1288540 916.6
1288550 921.6
1288560 921.6
1288570 926.5
1288580 932.0
1288590 932.0
1288600 937.6
1288610 943.1
1288620 943.1
1288630 948.5
1288640 953.5
1288650 957.8
1288660 957.8
1288670 962.1
1288680 966.6
1288690 966.6
1288700 971.1
1288710 975.5
1288720 975.5
1288730 979.2
1288740 981.4
1288750 981.4
1288760 983.4
1288770 985.4
1288780 985.4
1288790 987.3
1288800 989.2
1288810 989.2
1288820 991.9
1288830 995.7
1288840 995.7
1288850 1001.3
1288860 1005.8
1288870 1005.8
1288880 1008.4
1288890 1010.0
1288900 1012.2
1288910 1012.2
1288920 1014.6
1288930 1017.2
1288940 1017.2
1288950 1019.6
1288960 1021.2
1288970 1021.2
1288980 1022.9
1288990 1024.9
1289000 1024.9
1289010 1027.2
1289020 1029.6
1289030 1029.6
1289040 1031.2
1289050 1031.7
1289060 1031.7
1289070 1032.8
1289080 1034.6
1289090 1034.6
1289100 1036.9
1289110 1038.6
1289120 1041.1
1289130 1042.1
1289140 1042.6
1289150 1043.0
1289160 1043.0
1289170 1042.4
1289180 1040.9
1289190 1040.9
1289200 1041.0
1289210 1041.6
1289220 1041.6
1289230 1040.6
1289240 1038.5
1289250 1038.5
1289260 1037.6
1289270 1037.9
1289280 1037.9
1289290 1038.7
1289300 1039.0
1289310 1039.0
1289320 1039.1
1289330 1038.4
1289340 1038.4
1289350 1036.3
1289360 1034.2
1289370 1034.2
1289380 1033.3
1289390 1033.8
1289400 1033.8
1289410 1034.7
1289420 1035.5
1289430 1036.1
1289440 1036.1
1289450 1036.4
1289460 1036.5
1289470 1036.5
1289480 1036.4
1289490 1036.2
1289500 1036.2
1289510 1038.3
1289520 1041.0
1289530 1041.0
1289540 1042.8
1289550 1044.5
1289560 1044.5
1289570 1045.8
1289580 1046.4
1289590 1046.4
1289600 1046.2
1289610 1046.4
1289620 1046.4
1289630 1046.1
1289640 1045.5
1289650 1045.5
1289660 1044.5
1289670 1044.0
1289680 1043.4
1289690 1043.4
1289700 1042.0
1289710 1039.8
1289720 1039.8
1289730 1037.4
1289740 1032.6
1289750 1032.6
1289760 1028.3
1289770 1018.9
1289780 1018.9
1289790 1010.7
1289800 1004.5
1289810 1004.5
1289820 997.0
1289830 990.9
1289840 990.9
1289850 985.3
1289860 979.3
1289870 979.3
1289880 974.5
1289890 971.2
1289900 971.2
1289910 970.1
1289920 969.9
1289930 969.9
1289940 970.0
1289950 970.1
1289960 969.9
1289970 969.9
1289980 968.7
1289990 966.8
1290000 966.8
1290010 964.3
1290020 961.3
1290030 961.3
1290040 955.9
1290050 949.3
1290060 949.3
1290070 943.1
1290080 937.9
1290090 937.9
1290100 934.9
1290110 931.8
1290120 931.8
1290130 928.1
1290140 924.0
1290150 924.0
1290160 920.3
1290170 917.2
1290180 917.2
1290190 914.1
1290200 911.1
1290210 908.2
1290220 908.2
1290230 907.2
1290240 905.6
1290250 905.6
1290260 903.6
1290270 901.6
1290280 901.6
1290290 899.4
1290300 896.7
1290310 896.7
1290320 894.2
1290330 892.3
1290340 892.3
1290350 890.7
1290360 888.9
1290370 888.9
1290380 887.3
1290390 886.1
1290400 886.1
1290410 885.8
1290420 884.0
1290430 885.0
1290440 883.3
1290450 883.9
1290460 883.9
1290470 881.9
1290480 877.8
1290490 874.8
1290500 874.8
1290510 870.4
1290520 866.8
1290530 866.8
1290540 864.5
1290550 863.0
1290560 863.0
1290570 862.4
1290580 862.8
1290590 862.8
1290600 863.3
1290610 863.9
1290620 863.9
1290630 863.5
1290640 862.5
1290650 862.5
1290660 861.8
1290670 860.9
1290680 860.9
1290690 859.8
1290700 858.7
1290710 858.7
1290720 856.8
1290730 854.9
1290740 854.2
1290750 854.2
1290760 850.7
1290770 843.2
1290780 843.2
1290790 835.2
1290800 827.0
1290810 827.0
1290820 820.8
1290830 818.8
1290840 818.8
1290850 818.5
1290860 815.7
1290870 815.7
1290880 808.4
1290890 801.5
1290900 801.5
1290910 798.3
1290920 794.0
1290930 794.0
1290940 782.1
1290950 765.3
1290960 765.3
1290970 758.3
1290980 756.2
1290990 756.2
1291000 751.6
1291010 746.5
1291020 751.0
1291030 751.0
1291040 762.4
1291050 770.6
1291060 770.6
1291070 778.8
1291080 786.2
1291090 786.2
1291100 793.3
1291110 797.1
1291120 797.1
1291130 798.6
1291140 800.1
1291150 800.1
1291160 803.5
1291170 807.8
1291180 807.8
1291190 810.3
1291200 810.8
1291210 810.8
1291220 813.0
1291230 816.4
1291240 816.4
1291250 818.7
1291260 819.8
1291270 822.6
1291280 822.6
1291290 827.2
1291300 831.5
1291310 831.5
1291320 837.0
1291330 842.4
1291340 842.4
1291350 847.0
1291360 851.4
1291370 851.4
1291380 855.5
1291390 859.6
1291400 859.6
1291410 864.7
1291420 870.5
1291430 870.5
1291440 874.8
1291450 877.5
1291460 877.5
1291470 879.1
1291480 880.6
1291490 880.6
1291500 881.8
1291510 882.6
1291520 883.8
1291530 883.8
1291540 884.6
1291550 886.6
1291560 886.6
1291570 891.8
1291580 899.5
1291590 899.5
1291600 906.8
1291610 913.6
1291620 913.6
1291630 920.0
1291640 925.2
1291650 925.2
1291660 930.3
1291670 935.8
1291680 935.8
1291690 939.4
1291700 940.8
1291710 940.8
1291720 941.6
1291730 942.4
1291740 942.4
1291750 944.4
1291760 948.2
1291770 948.2
1291780 951.6
1291790 955.2
1291800 961.6
1291810 961.6
1291820 966.7
1291830 971.8
1291840 971.8
1291850 977.6
1291860 982.6
1291870 982.6
1291880 987.4
1291890 991.0
1291900 991.0
1291910 995.6
1291920 1000.2
1291930 1000.2
1291940 1004.0
1291950 1007.7
1291960 1007.7
1291970 1011.2
1291980 1014.7
1291990 1014.7
1292000 1018.5
1292010 1022.6
1292020 1022.6
1292030 1026.7
1292040 1030.2
1292050 1034.0
1292060 1034.0
1292070 1038.0
1292080 1042.3
1292090 1042.3
1292100 1046.2
1292110 1050.2
1292120 1050.2
1292130 1055.3
1292140 1060.2
1292150 1060.2
1292160 1064.5
1292170 1068.1
1292180 1068.1
1292190 1071.8
1292200 1074.6
1292210 1074.6
1292220 1078.2
1292230 1082.1
1292240 1082.1
1292250 1085.5
1292260 1090.0
1292270 1090.0
1292280 1094.8
1292290 1099.1
1292300 1099.1
1292310 1103.3
1292320 1107.7
1292330 1112.2
1292340 1112.2
1292350 1116.5
1292360 1120.5
1292370 1120.5
1292380 1124.5
1292390 1127.9
1292400 1127.9
1292410 1131.9
1292420 1136.3
1292430 1136.3
1292440 1140.7
1292450 1145.9
1292460 1145.9
1292470 1150.1
1292480 1153.7
1292490 1153.7
1292500 1157.6
1292510 1162.4
1292520 1162.4
1292530 1168.1
1292540 1172.5
1292550 1172.5
1292560 1177.0
1292570 1180.5
1292580 1184.0
1292590 1184.0
1292600 1187.3
1292610 1190.4
1292620 1190.4
1292630 1193.1
1292640 1195.1
1292650 1195.1
1292660 1197.1
1292670 1198.1
1292680 1198.1
1292690 1200.0
1292700 1203.2
1292710 1203.2
1292720 1205.2
1292730 1208.6
1292740 1208.6
1292750 1212.0
1292760 1215.2
1292770 1215.2
1292780 1218.4
1292790 1221.2
1292800 1221.2
1292810 1224.6
1292820 1228.3
1292830 1228.3
1292840 1232.1
1292850 1235.1
1292860 1238.3
1292870 1238.3
1292880 1241.6
1292890 1245.4
1292900 1245.4
1292910 1250.2
1292920 1254.2
1292930 1254.2
1292940 1257.7
1292950 1260.8
1292960 1260.8
1292970 1264.1
1292980 1267.4
1292990 1267.4
1293000 1271.4
1293010 1275.7
1293020 1275.7
1293030 1280.0
1293040 1283.5
1293050 1283.5
1293060 1287.4
1293070 1291.1
1293080 1291.1
1293090 1296.3
1293100 1301.1
1293110 1304.9
1293120 1304.9
1293130 1308.4
1293140 1312.3
1293150 1312.3
1293160 1315.9
1293170 1319.0
1293180 1319.0
1293190 1321.9
1293200 1325.2
1293210 1325.2
1293220 1328.4
1293230 1331.4
1293240 1331.4
1293250 1334.4
1293260 1337.6
1293270 1337.6
1293280 1340.8
1293290 1344.2
1293300 1344.2
1293310 1347.9
1293320 1351.7
1293330 1351.7
1293340 1355.6
1293350 1359.9
1293360 1364.0
1293370 1364.0
1293380 1368.0
1293390 1371.3
1293400 1371.3
1293410 1374.3
1293420 1377.1
1293430 1377.1
1293440 1380.1
1293450 1383.0
1293460 1383.0
1293470 1385.8
1293480 1388.8
1293490 1388.8
1293500 1391.6
1293510 1394.0
1293520 1394.0
1293530 1396.6
1293540 1399.1
1293550 1399.1
1293560 1401.3
1293570 1403.1
1293580 1403.1
1293590 1404.8
1293600 1406.6
1293610 1406.6
1293620 1408.2
1293630 1409.6
1293640 1411.5
1293650 1411.5
1293660 1413.4
1293670 1415.1
1293680 1415.1
1293690 1416.8
1293700 1419.0
1293710 1419.0
1293720 1421.5
1293730 1424.0
1293740 1424.2
1293750 1427.3
1293760 1430.6
1293770 1430.6
1293780 1433.4
1293790 1435.9
1293800 1435.9
1293810 1438.3
1293820 1441.0
1293830 1441.0
1293840 1443.8
1293850 1447.0
1293860 1447.0
1293870 1449.9
1293880 1452.9
1293890 1455.4
1293900 1455.4
1293910 1457.4
1293920 1459.3
1293930 1459.3
1293940 1461.0
1293950 1462.6
1293960 1462.6
1293970 1464.4
1293980 1466.0
1293990 1466.0
1294000 1467.2
1294010 1468.0
1294020 1468.0
1294030 1469.2
1294040 1470.4
1294050 1470.4
1294060 1471.4
1294070 1473.0
1294080 1473.0
1294090 1475.5
1294100 1478.0
1294110 1478.0
1294120 1480.8
1294130 1483.4
1294140 1483.4
1294150 1485.9
1294160 1487.5
1294170 1488.6
1294180 1488.6
1294190 1489.4
1294200 1489.9
1294210 1489.9
1294220 1490.9
1294230 1493.1
1294240 1493.1
1294250 1495.7
1294260 1498.1
1294270 1498.1
1294280 1500.7
1294290 1503.0
1294300 1503.0
1294310 1504.7
1294320 1506.1
1294330 1506.1
1294340 1506.8
1294350 1506.8
1294360 1506.8
1294370 1508.0
1294380 1511.0
1294390 1511.0
1294400 1514.0
1294410 1516.6
1294420 1517.7
1294430 1517.7
1294440 1518.9
1294450 1518.1
1294460 1518.1
1294470 1518.2
1294480 1519.2
1294490 1519.2
1294500 1520.7
1294510 1520.8
1294520 1520.8
1294530 1522.1
1294540 1520.4
1294550 1520.4
1294560 1516.3
1294570 1514.3
1294580 1514.3
1294590 1512.5
1294600 1512.7
1294610 1512.7
1294620 1513.3
1294630 1511.1
1294640 1511.1
1294650 1509.0
1294660 1506.9
1294670 1506.9
1294680 1504.0
1294690 1499.3
1294700 1494.5
1294710 1494.5
1294720 1490.1
1294730 1486.1
1294740 1486.1
1294750 1481.2
1294760 1474.7
1294770 1474.7
1294780 1469.1
1294790 1465.1
1294800 1465.1
1294810 1459.3
1294820 1453.3
1294830 1453.3
1294840 1447.5
1294850 1442.4
1294860 1442.4
1294870 1437.9
1294880 1434.4
1294890 1434.4
1294900 1433.0
1294910 1430.7
1294920 1430.7
1294930 1428.4
1294940 1427.6
1294950 1428.2
1294960 1428.2
1294970 1428.9
1294980 1428.9
1294990 1428.9
1295000 1428.1
1295010 1425.0
1295020 1425.0
1295030 1422.5
1295040 1420.3
1295050 1420.3
1295060 1419.2
1295070 1420.7
1295080 1420.7
1295090 1418.8
1295100 1417.7
1295110 1417.7
1295120 1417.6
1295130 1416.9
1295140 1416.9
1295150 1415.3
1295160 1414.0
1295170 1414.0
1295180 1412.2
1295190 1410.9
1295200 1410.9
1295210 1409.5
1295220 1408.3
1295230 1406.6
1295240 1406.6
1295250 1403.7
1295260 1401.4
1295270 1401.4
1295280 1398.5
1295290 1394.7
1295300 1394.7
1295310 1390.1
1295320 1385.1
1295330 1385.1
1295340 1380.9
1295350 1377.5
1295360 1377.5
1295370 1374.5
1295380 1372.0
1295390 1372.0
1295400 1370.6
1295410 1369.0
1295420 1369.0
1295430 1368.6
1295440 1369.7
1295450 1369.7
1295460 1369.5
1295470 1367.5
1295480 1365.4
1295490 1365.4
1295500 1364.8
1295510 1362.9
1295520 1362.9
1295530 1359.3
1295540 1354.7
1295550 1354.7
1295560 1350.1
1295570 1345.2
1295580 1345.2
1295590 1342.8
1295600 1345.0
1295610 1345.0
1295620 1347.0
1295630 1347.3
1295640 1347.3
1295650 1346.8
1295660 1345.3
1295670 1345.3
1295680 1343.1
1295690 1339.9
1295700 1339.9
1295710 1335.6
1295720 1331.6
1295730 1327.8
1295740 1327.8
1295750 1331.0
1295760 1328.6
1295770 1328.6
1295780 1326.2
1295790 1324.7
1295800 1324.7
1295810 1322.9
1295820 1322.2
1295830 1322.2
1295840 1322.5
1295850 1321.5
1295860 1321.5
1295870 1318.7
1295880 1317.1
1295890 1317.1
1295900 1314.8
1295910 1312.0
1295920 1312.0
1295930 1311.1
1295940 1310.6
1295950 1310.6
1295960 1309.6
1295970 1308.6
1295980 1308.6
1295990 1309.1
1296000 1309.2
1296010 1308.6
1296020 1308.6
1296030 1306.9
1296040 1304.5
1296050 1304.5
1296060 1302.8
1296070 1301.1
1296080 1301.1
1296090 1298.1
1296100 1294.8
1296110 1294.8
1296120 1291.8
1296130 1288.7
1296140 1288.7
1296150 1286.0
1296160 1282.0
1296170 1282.0
1296180 1280.2
1296190 1279.5
1296200 1279.5
1296210 1278.7
1296220 1277.2
1296230 1277.2
1296240 1275.4
1296250 1273.6
1296260 1271.6
1296270 1271.6
1296280 1268.8
1296290 1265.9
1296300 1265.9
1296310 1263.0
1296320 1260.2
1296330 1260.2
1296340 1256.9
1296350 1255.1
1296360 1255.1
1296370 1254.0
1296380 1251.3
1296390 1251.3
1296400 1247.4
1296410 1242.7
1296420 1246.0
1296430 1240.6
1296440 1235.7
1296450 1235.7
1296460 1231.4
1296470 1227.6
1296480 1227.6
1296490 1224.8
1296500 1222.9
1296510 1222.9
1296520 1221.5
1296530 1221.0
1296540 1218.6
1296550 1218.6
1296560 1215.9
1296570 1213.7
1296580 1213.7
1296590 1211.4
1296600 1209.9
1296610 1209.9
1296620 1209.5
1296630 1207.6
1296640 1207.6
1296650 1205.5
1296660 1203.5
1296670 1203.5
1296680 1201.8
1296690 1201.5
1296700 1201.5
1296710 1200.1
1296720 1195.8
1296730 1195.8
1296740 1193.9
1296750 1192.5
1296760 1192.5
1296770 1190.4
1296780 1188.6
1296790 1187.6
1296800 1187.6
1296810 1186.7
1296820 1185.0
1296830 1185.0
1296840 1182.7
1296850 1179.0
1296860 1179.0
1296870 1175.6
1296880 1179.7
1296890 1179.7
1296900 1181.5
1296910 1182.0
1296920 1182.0
1296930 1183.4
1296940 1184.2
1296950 1184.2
1296960 1184.1
1296970 1184.2
1296980 1184.2
1296990 1184.6
1297000 1183.0
1297010 1183.0
1297020 1183.0
1297030 1183.5
1297040 1183.5
1297050 1184.2
1297060 1183.7
1297070 1184.0
1297080 1184.0
1297090 1182.6
1297100 1184.7
1297110 1184.7
1297120 1184.7
1297130 1186.8
1297140 1186.8
1297150 1188.2
1297160 1186.9
1297170 1186.9
1297180 1185.0
1297190 1183.3
1297200 1183.3
1297210 1181.9
1297220 1179.3
1297230 1179.3
1297240 1178.6
1297250 1176.6
1297260 1176.6
1297270 1174.0
1297280 1171.4
1297290 1171.4
1297300 1170.0
1297310 1169.7
1297320 1168.1
1297330 1168.1
1297340 1165.8
1297350 1168.0
1297360 1168.0
1297370 1169.9
1297380 1168.8
1297390 1168.8
1297400 1166.9
1297410 1164.9
1297420 1164.9
1297430 1163.8
1297440 1163.7
1297450 1163.7
1297460 1164.9
1297470 1166.0
1297480 1166.0
1297490 1164.8
1297500 1159.7
1297510 1159.7
1297520 1152.6
1297530 1143.7
1297540 1143.7
1297550 1135.3
1297560 1130.5
1297570 1130.5
1297580 1128.2
1297590 1126.3
1297600 1125.1
1297610 1125.1
1297620 1122.4
1297630 1119.7
1297640 1119.7
1297650 1118.5
1297660 1117.2
1297670 1117.2
1297680 1115.4
1297690 1114.0
1297700 1114.0
1297710 1113.7
1297720 1112.3
1297730 1112.3
1297740 1109.7
1297750 1108.0
1297760 1108.0
1297770 1106.4
1297780 1106.6
1297790 1106.6
1297800 1105.4
1297810 1103.5
1297820 1103.5
1297830 1100.7
1297840 1097.3
1297850 1093.6
1297860 1093.6
1297870 1090.2
1297880 1087.1
1297890 1087.1
1297900 1083.9
1297910 1080.5
1297920 1080.5
1297930 1076.6
1297940 1071.2
1297950 1071.2
1297960 1065.0
1297970 1056.5
1297980 1056.5
1297990 1047.9
1298000 1041.5
1298010 1041.5
1298020 1036.4
1298030 1033.2
1298040 1033.2
1298050 1029.8
1298060 1024.1
1298070 1024.1
1298080 1018.4
1298090 1015.7
1298100 1013.9
1298110 1013.9
1298120 1014.0
1298130 1016.0
1298140 1016.0
1298150 1019.9
1298160 1018.5
1298170 1018.5
1298180 1013.0
1298190 1011.1
1298200 1011.1
1298210 1010.9
1298220 1010.8
1298230 1010.8
1298240 1009.9
1298250 1007.4
1298260 1007.4
1298270 1003.1
1298280 998.2
1298290 998.2
1298300 993.4
1298310 989.1
1298320 989.1
1298330 985.4
1298340 982.6
1298350 982.6
1298360 980.8
1298370 979.4
1298380 979.8
1298390 979.8
1298400 983.1
1298410 988.1
1298420 988.1
1298430 989.2
1298440 988.8
1298450 988.8
1298460 984.8
1298470 979.2
1298480 979.2
1298490 971.3
1298500 963.3
1298510 963.3
1298520 956.2
1298530 950.5
1298540 950.5
1298550 945.4
1298560 941.8
1298570 941.8
1298580 938.8
1298590 933.8
1298600 933.8
1298610 928.2
1298620 934.3
1298630 940.8
1298640 940.8
1298650 941.5
1298660 941.7
1298670 941.7
1298680 943.4
1298690 946.1
1298700 946.1
1298710 948.8
1298720 951.0
1298730 951.0
1298740 952.8
1298750 950.6
1298760 950.6
1298770 946.2
1298780 943.7
1298790 943.7
1298800 940.5
1298810 937.5
1298820 937.5
1298830 938.1
1298840 939.8
1298850 939.8
1298860 936.7
1298870 934.5
1298880 934.5
1298890 932.9
1298900 926.9
1298910 919.5
1298920 919.5
1298930 913.3
1298940 908.4
1298950 908.4
1298960 905.3
1298970 903.0
1298980 903.0
1298990 899.4
1299000 893.5
1299010 893.5
1299020 889.1
1299030 885.5
1299040 885.5
1299050 881.1
1299060 873.3
1299070 873.3
1299080 868.7
1299090 865.5
1299100 865.5
1299110 862.1
1299120 859.7
1299130 859.7
1299140 858.6
1299150 864.9
1299160 867.8
1299170 867.8
1299180 868.1
1299190 868.9
1299200 868.9
1299210 866.8
1299220 863.2
1299230 863.2
1299240 865.0
1299250 868.9
1299260 868.9
1299270 871.2
1299280 872.4
1299290 872.4
1299300 871.6
1299310 871.7
1299320 871.7
1299330 876.3
1299340 881.4
1299350 881.4
1299360 885.8
1299370 889.5
1299380 889.5
1299390 893.8
1299400 899.8
1299410 899.8
1299420 905.6
1299430 910.7
1299440 915.9
1299450 915.9
1299460 921.0
1299470 927.0
1299480 927.0
1299490 933.4
1299500 938.8
1299510 938.8
1299520 943.8
1299530 948.7
1299540 948.7
1299550 954.1
1299560 959.1
1299570 959.1
1299580 964.8
1299590 971.0
1299600 971.0
1299610 977.4
1299620 983.7
1299630 983.7
1299640 990.7
1299650 997.2
1299660 997.2
1299670 999.3
1299680 1000.5
1299690 1002.0
1299700 1002.0
1299710 1003.8
1299720 1004.9
1299730 1004.9
1299740 1005.3
1299750 1005.0
1299760 1005.0
1299770 1005.3
1299780 1006.9
1299790 1006.9
1299800 1009.6
1299810 1012.5
1299820 1012.5
1299830 1015.4
1299840 1018.1
1299850 1018.1
1299860 1021.8
1299870 1025.4
1299880 1025.4
1299890 1028.8
1299900 1032.6
1299910 1032.6
1299920 1036.5
1299930 1040.8
1299940 1045.7
1299950 1045.7
1299960 1048.8
1299970 1051.9
1299980 1051.9
1299990 1057.0
