1280000 584.3
1280010 584.8
1280020 584.8
1280030 585.9
1280040 586.1
1280050 586.1
1280060 585.7
1280070 585.9
1280080 585.9
1280090 586.0
1280100 586.2
1280110 586.2
1280120 586.2
1280130 586.4
1280140 586.7
1280150 586.7
1280160 586.8
1280170 586.8
1280180 586.8
1280190 586.5
1280200 586.5
1280210 586.5
1280220 586.6
1280230 587.1
1280240 587.1
1280250 587.2
1280260 587.0
1280270 587.0
1280280 587.1
1280290 587.1
1280300 587.1
1280310 586.5
1280320 586.5
1280330 586.5
1280340 586.6
1280350 586.5
1280360 586.5
1280370 585.7
1280380 585.5
1280390 584.6
1280400 584.6
1280410 584.2
1280420 582.0
1280430 582.0
1280440 581.3
1280450 581.4
1280460 581.4
1280470 581.5
1280480 581.7
1280490 581.7
1280500 582.0
1280510 582.3
1280520 582.3
1280530 582.5
1280540 582.8
1280550 582.8
1280560 582.9
1280570 583.1
1280580 583.1
1280590 583.8
1280600 586.7
1280610 586.7
1280620 588.1
1280630 588.3
1280640 588.5
1280650 588.5
1280660 588.5
1280670 588.3
1280680 588.3
1280690 588.9
1280700 589.0
1280710 589.0
1280720 589.1
1280730 589.1
1280740 589.1
1280750 589.4
1280760 589.8
1280770 589.8
1280780 589.7
1280790 589.8
1280800 589.8
1280810 590.1
1280820 590.6
1280830 590.6
1280840 590.6
1280850 590.3
1280860 590.3
1280870 590.7
1280880 591.2
1280890 591.2
1280900 591.6
1280910 591.8
1280920 592.6
1280930 592.6
1280940 592.8
1280950 593.1
1280960 593.1
1280970 593.4
1280980 594.0
1280990 594.0
1281000 594.7
1281010 595.2
1281020 595.2
1281030 595.1
1281040 594.7
1281050 594.7
1281060 595.0
1281070 595.6
1281080 595.6
1281090 596.0
1281100 596.2
1281110 596.2
1281120 596.0
1281130 596.4
1281140 596.4
1281150 596.4
1281160 596.6
1281170 596.7
1281180 596.7
1281190 596.9
1281200 597.1
1281210 597.1
1281220 597.3
1281230 597.5
1281240 597.5
1281250 597.7
1281260 597.8
1281270 597.8
1281280 598.0
1281290 598.2
1281300 598.2
1281310 598.4
1281320 598.6
1281330 598.6
1281340 598.8
1281350 599.1
1281360 599.1
1281370 599.3
1281380 599.5
1281390 599.5
1281400 599.6
1281410 599.8
1281420 599.8
1281430 599.9
1281440 600.0
1281450 600.1
1281460 600.1
1281470 600.3
1281480 600.5
1281490 600.5
1281500 600.7
1281510 601.4
1281520 601.4
1281530 601.8
1281540 601.7
1281550 601.7
1281560 601.8
1281570 602.2
1281580 602.2
1281590 602.6
1281600 602.3
1281610 602.3
1281620 602.1
1281630 602.2
1281640 602.2
1281650 602.4
1281660 602.3
1281670 601.9
1281680 601.6
1281690 601.6
1281700 601.6
1281710 601.6
1281720 601.8
1281730 602.3
1281740 602.3
1281750 602.6
1281760 602.4
1281770 602.4
1281780 602.9
1281790 603.2
1281800 603.2
1281810 603.1
1281820 602.8
1281830 602.8
1281840 603.1
1281850 603.8
1281860 603.8
1281870 603.8
1281880 603.6
1281890 603.6
1281900 603.0
1281910 602.5
1281920 602.5
1281930 602.3
1281940 602.0
1281950 602.0
1281960 601.8
1281970 601.7
1281980 601.6
1281990 601.6
1282000 601.4
1282010 601.1
1282020 601.1
1282030 601.1
1282040 601.1
1282050 601.1
1282060 601.2
1282070 601.3
1282080 601.3
1282090 601.4
1282100 601.5
1282110 601.5
1282120 601.4
1282130 601.9
1282140 601.9
1282150 602.2
1282160 601.9
1282170 601.9
1282180 601.6
1282190 601.8
1282200 601.8
1282210 601.9
1282220 602.1
1282230 602.1
1282240 602.4
1282250 602.8
1282260 603.1
1282270 603.1
1282280 603.2
1282290 603.2
1282300 602.8
1282310 602.7
1282320 602.8
1282330 602.8
1282340 603.1
1282350 603.4
1282360 603.4
1282370 603.7
1282380 604.0
1282390 604.0
1282400 604.2
1282410 604.4
1282420 604.4
1282430 604.6
1282440 604.7
1282450 604.7
1282460 604.9
1282470 605.0
1282480 605.0
1282490 605.2
1282500 605.4
1282510 605.4
1282520 605.4
1282530 605.1
1282540 605.3
1282550 605.3
1282560 605.4
1282570 605.5
1282580 605.5
1282590 605.6
1282600 605.6
1282610 605.6
1282620 605.7
1282630 605.6
1282640 605.6
1282650 605.4
1282660 605.4
1282670 605.4
1282680 605.4
1282690 605.3
1282700 605.3
1282710 605.1
1282720 605.0
1282730 605.0
1282740 605.0
1282750 605.0
1282760 605.0
1282770 605.6
1282780 605.6
1282790 605.5
1282800 605.5
1282810 605.5
1282820 605.4
1282830 605.4
1282840 605.7
1282850 606.0
1282860 606.0
1282870 605.9
1282880 605.7
1282890 605.7
1282900 605.2
1282910 604.4
1282920 604.4
1282930 602.2
1282940 602.3
1282950 602.3
1282960 601.8
1282970 598.0
1282980 598.0
1282990 591.5
1283000 591.5
1283010 591.5
1283020 595.8
1283030 597.4
1283040 597.5
1283050 597.5
1283060 600.6
1283070 602.9
1283080 602.9
1283090 602.9
1283100 603.0
1283110 603.0
1283120 603.0
1283130 603.0
1283140 603.0
1283150 603.0
1283160 602.9
1283170 602.9
1283180 602.9
1283190 602.7
1283200 602.7
1283210 602.6
1283220 602.1
1283230 602.1
1283240 602.2
1283250 602.6
1283260 602.6
1283270 602.6
1283280 602.1
1283290 602.1
1283300 601.8
1283310 601.7
1283320 601.7
1283330 601.7
1283340 601.6
1283350 601.5
1283360 601.5
1283370 601.4
1283380 601.2
1283390 601.2
1283400 601.1
1283410 601.0
1283420 601.0
1283430 600.9
1283440 600.8
1283450 600.8
1283460 600.7
1283470 600.7
1283480 600.7
1283490 600.7
1283500 600.6
1283510 600.6
1283520 600.5
1283530 600.3
1283540 600.3
1283550 600.2
1283560 599.1
1283570 599.0
1283580 599.0
1283590 598.9
1283600 598.9
1283610 598.9
1283620 598.9
1283630 599.0
1283640 599.0
1283650 598.8
1283660 598.9
1283670 598.9
1283680 598.9
1283690 598.5
1283700 598.5
1283710 597.8
1283720 597.2
1283730 597.2
1283740 597.1
1283750 597.1
1283760 597.1
1283770 597.3
1283780 597.3
1283790 597.3
1283800 597.4
1283810 597.6
1283820 597.6
1283830 597.6
1283840 597.5
1283850 597.4
1283860 597.4
1283870 596.2
1283880 595.7
1283890 595.7
1283900 595.8
1283910 596.1
1283920 596.1
1283930 596.4
1283940 596.0
1283950 596.0
1283960 596.0
1283970 596.2
1283980 596.2
1283990 596.5
1284000 595.8
1284010 595.8
1284020 594.4
1284030 593.7
1284040 593.7
1284050 593.6
1284060 593.2
1284070 593.2
1284080 592.3
1284090 592.1
1284100 592.1
1284110 591.9
1284120 591.4
1284130 590.8
1284140 590.8
1284150 590.5
1284160 590.4
1284170 590.4
1284180 590.2
1284190 590.2
1284200 589.9
1284210 589.9
1284220 590.0
1284230 590.0
1284240 590.1
1284250 590.0
1284260 590.0
1284270 589.9
1284280 589.7
1284290 589.7
1284300 589.6
1284310 589.3
1284320 589.3
1284330 588.8
1284340 588.5
1284350 588.5
1284360 588.4
1284370 588.7
1284380 588.6
1284390 588.6
1284400 587.8
1284410 587.3
1284420 587.3
1284430 587.0
1284440 586.8
1284450 586.8
1284460 586.7
1284470 586.4
1284480 586.4
1284490 586.1
1284500 585.8
1284510 585.8
1284520 585.5
1284530 585.1
1284540 585.1
1284550 584.8
1284560 584.5
1284570 584.5
1284580 584.3
1284590 584.0
1284600 584.0
1284610 583.9
1284620 583.8
1284630 583.8
1284640 583.6
1284650 583.4
1284660 583.1
1284670 583.1
1284680 582.9
1284690 582.8
1284700 582.8
1284710 582.7
1284720 582.8
1284730 582.8
1284740 582.9
1284750 582.6
1284760 582.6
1284770 582.2
1284780 581.8
1284790 581.8
1284800 581.4
1284810 581.0
1284820 581.0
1284830 580.7
1284840 580.5
1284850 580.5
1284860 580.1
1284870 579.5
1284880 579.5
1284890 579.1
1284900 578.8
1284910 578.4
1284920 578.4
1284930 578.0
1284940 577.4
1284950 577.4
1284960 576.9
1284970 576.4
1284980 576.4
1284990 576.0
1285000 575.6
1285010 575.6
1285020 575.3
1285030 575.0
1285040 575.0
1285050 574.8
1285060 574.5
1285070 574.5
1285080 574.1
1285090 573.8
1285100 573.8
1285110 573.4
1285120 573.1
1285130 573.1
1285140 572.9
1285150 572.7
1285160 572.7
1285170 572.3
1285180 571.9
1285190 571.5
1285200 571.5
1285210 571.0
1285220 570.5
1285230 570.5
1285240 570.2
1285250 569.8
1285260 569.8
1285270 569.5
1285280 569.2
1285290 569.2
1285300 568.9
1285310 568.6
1285320 568.6
1285330 568.3
1285340 568.2
1285350 568.2
1285360 567.9
1285370 566.4
1285380 566.4
1285390 563.5
1285400 560.7
1285410 560.7
1285420 560.0
1285430 559.4
1285440 558.8
1285450 558.8
1285460 558.3
1285470 557.8
1285480 558.4
1285490 558.0
1285500 557.6
1285510 557.6
1285520 557.3
1285530 557.4
1285540 557.4
1285550 558.6
1285560 558.7
1285570 558.7
1285580 557.9
1285590 557.2
1285600 557.2
1285610 556.5
1285620 555.9
1285630 555.9
1285640 555.6
1285650 555.4
1285660 555.4
1285670 555.4
1285680 555.4
1285690 555.4
1285700 555.4
1285710 555.5
1285720 555.6
1285730 555.6
1285740 555.7
1285750 555.7
1285760 555.7
1285770 555.7
1285780 555.6
1285790 555.6
1285800 555.4
1285810 555.3
1285820 555.3
1285830 555.3
1285840 555.3
1285850 555.3
1285860 555.3
1285870 555.3
1285880 555.3
1285890 555.3
1285900 555.3
1285910 555.3
1285920 555.3
1285930 555.2
1285940 555.2
1285950 555.2
1285960 555.1
1285970 555.1
1285980 555.0
1285990 555.0
1286000 554.9
1286010 554.9
1286020 554.7
1286030 554.6
1286040 554.6
1286050 554.5
1286060 554.4
1286070 554.4
1286080 554.4
1286090 554.3
1286100 554.3
1286110 554.1
1286120 554.2
1286130 554.2
1286140 554.8
1286150 554.6
1286160 554.6
1286170 554.4
1286180 554.4
1286190 554.4
1286200 554.5
1286210 554.5
1286220 554.5
1286230 554.6
1286240 554.4
1286250 554.3
1286260 554.3
1286270 554.3
1286280 554.2
1286290 554.2
1286300 554.2
1286310 554.2
1286320 554.2
1286330 554.2
1286340 554.3
1286350 554.3
1286360 554.3
1286370 554.3
1286380 554.3
1286390 553.1
1286400 550.6
1286410 550.6
1286420 550.1
1286430 550.3
1286440 550.3
1286450 550.5
1286460 550.3
1286470 550.3
1286480 550.0
1286490 550.1
1286500 550.1
1286510 550.1
1286520 550.1
1286530 550.1
1286540 550.1
1286550 550.1
1286560 550.1
1286570 550.1
1286580 550.2
1286590 551.2
1286600 551.2
1286610 553.3
1286620 555.3
1286630 555.3
1286640 556.2
1286650 556.5
1286660 556.5
1286670 556.4
1286680 556.2
1286690 556.2
1286700 554.6
1286710 554.0
1286720 554.0
1286730 553.9
1286740 553.8
1286750 553.8
1286760 554.0
1286770 554.3
1286780 554.4
1286790 554.4
1286800 555.2
1286810 555.4
1286820 555.4
1286830 555.9
1286840 556.4
1286850 556.4
1286860 556.9
1286870 557.1
1286880 557.1
1286890 557.2
1286900 557.5
1286910 557.5
1286920 557.8
1286930 557.7
1286940 557.7
1286950 557.8
1286960 558.0
1286970 558.0
1286980 558.2
1286990 558.4
1287000 558.4
1287010 558.3
1287020 558.3
1287030 558.3
1287040 558.3
1287050 558.5
1287060 558.8
1287070 558.8
1287080 559.0
1287090 559.1
1287100 559.1
1287110 559.0
1287120 559.1
1287130 559.1
1287140 559.2
1287150 559.2
1287160 559.2
1287170 559.3
1287180 559.9
1287190 559.9
1287200 560.3
1287210 560.4
1287220 560.4
1287230 559.8
1287240 560.2
1287250 560.2
1287260 560.3
1287270 559.9
1287280 559.9
1287290 559.8
1287300 559.8
1287310 559.9
1287320 559.9
1287330 560.0
1287340 560.2
1287350 560.2
1287360 560.2
1287370 560.2
1287380 560.2
1287390 560.2
1287400 559.9
1287410 560.4
1287420 560.0
1287430 559.9
1287440 559.9
1287450 559.1
1287460 559.0
1287470 559.0
1287480 559.0
1287490 559.2
1287500 559.2
1287510 559.6
1287520 560.3
1287530 560.3
1287540 560.7
1287550 560.8
1287560 560.8
1287570 560.8
1287580 560.9
1287590 560.9
1287600 560.9
1287610 560.7
1287620 560.1
1287630 560.1
1287640 560.2
1287650 560.4
1287660 560.4
1287670 560.6
1287680 560.8
1287690 560.8
1287700 560.7
1287710 560.9
1287720 560.9
1287730 561.6
1287740 560.9
1287750 560.9
1287760 560.3
1287770 560.1
1287780 560.1
1287790 559.9
1287800 559.9
1287810 559.9
1287820 559.9
1287830 559.8
1287840 559.8
1287850 559.8
1287860 559.8
1287870 559.6
1287880 559.6
1287890 559.6
1287900 559.5
1287910 559.5
1287920 559.5
1287930 559.3
1287940 559.3
1287950 559.2
1287960 559.0
1287970 559.0
1287980 558.7
1287990 558.6
1288000 558.6
1288010 558.6
1288020 558.5
1288030 558.5
1288040 558.2
1288050 558.2
1288060 558.3
1288070 558.3
1288080 558.3
1288090 558.3
1288100 558.3
1288110 558.4
1288120 559.2
1288130 559.2
1288140 563.1
1288150 564.3
1288160 564.3
1288170 564.4
1288180 564.6
1288190 564.6
1288200 564.7
1288210 564.7
1288220 564.7
1288230 564.7
1288240 564.7
1288250 564.7
1288260 564.5
1288270 564.3
1288280 564.3
1288290 564.3
1288300 564.3
1288310 564.3
1288320 564.3
1288330 564.4
1288340 564.4
1288350 564.5
1288360 564.6
1288370 564.6
1288380 564.8
1288390 565.2
1288400 565.7
1288410 565.7
1288420 566.3
1288430 566.9
1288440 566.9
1288450 567.2
1288460 567.5
1288470 567.5
1288480 568.2
1288490 570.8
1288500 570.8
1288510 571.7
1288520 573.0
1288530 573.0
1288540 573.9
1288550 574.7
1288560 574.7
1288570 573.6
1288580 574.2
1288590 574.2
1288600 574.3
1288610 575.8
1288620 575.8
1288630 577.4
1288640 579.1
1288650 580.7
1288660 580.7
1288670 582.3
1288680 585.1
1288690 585.1
1288700 586.7
1288710 589.8
1288720 589.8
1288730 591.7
1288740 593.7
1288750 593.7
1288760 595.8
1288770 598.0
1288780 598.0
1288790 600.7
1288800 603.3
1288810 603.3
1288820 605.3
1288830 606.8
1288840 606.8
1288850 608.0
1288860 609.8
1288870 609.8
1288880 611.3
1288890 613.1
1288900 613.1
1288910 615.7
1288920 618.2
1288930 619.7
1288940 619.7
1288950 621.2
1288960 622.9
1288970 622.9
1288980 624.5
1288990 626.0
1289000 626.0
1289010 627.5
1289020 629.2
1289030 629.2
1289040 630.9
1289050 632.5
1289060 632.5
1289070 633.9
1289080 635.2
1289090 635.2
1289100 636.3
1289110 638.4
1289120 638.4
1289130 640.2
1289140 642.0
1289150 642.0
1289160 644.1
1289170 647.2
1289180 648.7
1289190 648.7
1289200 649.9
1289210 650.9
1289220 650.9
1289230 652.1
1289240 653.4
1289250 653.4
1289260 654.1
1289270 653.4
1289280 653.4
1289290 652.0
1289300 650.2
1289310 650.2
1289320 648.1
1289330 645.9
1289340 645.9
1289350 644.1
1289360 642.7
1289370 642.7
1289380 641.6
1289390 640.9
1289400 640.9
1289410 640.6
1289420 640.2
1289430 640.2
1289440 639.7
1289450 639.3
1289460 638.9
1289470 638.9
1289480 638.6
1289490 638.0
1289500 638.0
1289510 635.9
1289520 634.7
1289530 634.7
1289540 635.4
1289550 634.7
1289560 634.7
1289570 631.2
1289580 626.0
1289590 626.0
1289600 622.0
1289610 621.5
1289620 621.5
1289630 620.6
1289640 621.2
1289650 621.2
1289660 621.9
1289670 623.7
1289680 623.7
1289690 625.6
1289700 628.2
1289710 629.2
1289720 629.2
1289730 628.6
1289740 628.2
1289750 628.2
1289760 628.0
1289770 628.6
1289780 628.6
1289790 630.0
1289800 630.3
1289810 630.3
1289820 628.5
1289830 623.6
1289840 623.6
1289850 620.9
1289860 619.6
1289870 619.6
1289880 618.9
1289890 617.8
1289900 617.8
1289910 616.2
1289920 614.6
1289930 614.6
1289940 612.7
1289950 610.7
1289960 610.7
1289970 607.3
1289980 603.9
1289990 602.2
1290000 602.2
1290010 599.8
1290020 594.2
1290030 594.2
1290040 591.4
1290050 591.1
1290060 591.1
1290070 592.8
1290080 593.4
1290090 593.4
1290100 591.1
1290110 588.0
1290120 588.0
1290130 584.1
1290140 580.8
1290150 580.8
1290160 579.9
1290170 580.1
1290180 580.1
1290190 580.3
1290200 580.3
1290210 580.3
1290220 579.8
1290230 579.3
1290240 579.2
1290250 579.2
1290260 579.4
1290270 579.8
1290280 579.8
1290290 580.5
1290300 581.3
1290310 581.3
1290320 581.5
1290330 582.0
1290340 582.0
1290350 582.3
1290360 581.8
1290370 581.8
1290380 581.0
1290390 580.4
1290400 580.4
1290410 580.2
1290420 580.4
1290430 580.4
1290440 580.0
1290450 576.9
1290460 576.9
1290470 574.0
1290480 571.3
1290490 571.3
1290500 571.8
1290510 574.5
1290520 575.5
1290530 575.5
1290540 577.7
1290550 579.6
1290560 579.6
1290570 581.5
1290580 584.2
1290590 584.2
1290600 586.5
1290610 588.3
1290620 588.3
1290630 590.5
1290640 593.4
1290650 593.4
1290660 595.8
1290670 602.0
1290680 602.0
1290690 606.0
1290700 608.9
1290710 608.9
1290720 608.6
1290730 610.6
1290740 610.6
1290750 611.4
1290760 610.3
1290770 610.3
1290780 607.5
1290790 604.4
1290800 606.0
1290810 606.0
1290820 609.7
1290830 613.9
1290840 613.9
1290850 619.9
1290860 627.0
1290870 627.0
1290880 633.6
1290890 638.9
1290900 638.9
1290910 641.7
1290920 640.8
1290930 640.8
1290940 638.3
1290950 637.9
1290960 637.9
1290970 639.4
1290980 641.2
1290990 641.2
1291000 642.8
1291010 644.5
1291020 644.5
1291030 646.2
1291040 649.2
1291050 651.9
1291060 651.9
1291070 655.0
1291080 657.0
1291090 657.0
1291100 658.3
1291110 658.8
1291120 658.8
1291130 660.2
1291140 662.0
1291150 662.0
1291160 663.6
1291170 663.8
1291180 663.8
1291190 663.4
1291200 664.1
1291210 664.1
1291220 665.1
1291230 666.7
1291240 666.7
1291250 669.0
1291260 673.7
1291270 673.7
1291280 676.6
1291290 678.4
1291300 678.4
1291310 679.9
1291320 681.0
1291330 687.8
1291340 687.8
1291350 689.9
1291360 693.0
1291370 693.0
1291380 695.7
1291390 697.9
1291400 697.9
1291410 701.0
1291420 705.8
1291430 705.8
1291440 712.3
1291450 717.9
1291460 717.9
1291470 720.7
1291480 721.3
1291490 721.3
1291500 722.3
1291510 723.1
1291520 723.1
1291530 723.5
1291540 723.8
1291550 723.8
1291560 724.4
1291570 726.0
1291580 726.9
1291590 726.9
1291600 725.9
1291610 726.1
1291620 726.1
1291630 729.3
1291640 731.4
1291650 731.4
1291660 732.6
1291670 733.6
1291680 733.6
1291690 734.9
1291700 734.6
1291710 734.6
1291720 735.2
1291730 736.5
1291740 736.5
1291750 735.7
1291760 737.7
1291770 737.7
1291780 739.1
1291790 740.7
1291800 740.7
1291810 741.8
1291820 744.0
1291830 744.0
1291840 744.8
1291850 746.6
1291860 748.9
1291870 748.9
1291880 751.8
1291890 753.3
1291900 753.3
1291910 754.9
1291920 757.1
1291930 757.1
1291940 759.6
1291950 763.2
1291960 763.2
1291970 768.5
1291980 770.0
1291990 778.3
1292000 783.1
1292010 785.9
1292020 785.9
1292030 786.7
1292040 786.0
1292050 786.0
1292060 779.4
1292070 784.4
1292080 784.4
1292090 795.7
1292100 796.5
1292110 799.0
1292120 799.0
1292130 804.9
1292140 808.0
1292150 808.0
1292160 809.9
1292170 812.0
1292180 812.0
1292190 814.1
1292200 816.1
1292210 816.1
1292220 818.5
1292230 821.1
1292240 821.1
1292250 823.3
1292260 825.2
1292270 825.2
1292280 826.5
1292290 827.8
1292300 827.8
1292310 829.3
1292320 829.9
1292330 829.9
1292340 830.5
1292350 836.8
1292360 836.8
1292370 840.0
1292380 841.3
1292390 841.9
1292400 841.9
1292410 842.2
1292420 843.3
1292430 843.3
1292440 846.9
1292450 849.0
1292460 849.0
1292470 852.0
1292480 855.2
1292490 855.2
1292500 857.4
1292510 859.9
1292520 859.9
1292530 861.7
1292540 863.2
1292550 863.2
1292560 865.2
1292570 867.1
1292580 867.1
1292590 868.6
1292600 870.0
1292610 870.0
1292620 871.9
1292630 872.9
1292640 873.8
1292650 880.3
1292660 880.2
1292670 880.0
1292680 880.0
1292690 879.8
1292700 879.3
1292710 879.3
1292720 878.9
1292730 879.2
1292740 879.2
1292750 879.4
1292760 879.4
1292770 879.4
1292780 879.5
1292790 878.6
1292800 878.6
1292810 877.8
1292820 878.6
1292830 878.6
1292840 879.9
1292850 882.1
1292860 882.1
1292870 884.5
1292880 885.7
1292890 885.7
1292900 885.7
1292910 884.9
1292920 884.8
1292930 884.8
1292940 885.0
1292950 885.9
1292960 885.9
1292970 886.7
1292980 886.3
1292990 886.3
1293000 886.2
1293010 888.2
1293020 888.2
1293030 890.5
1293040 892.9
1293050 892.9
1293060 895.5
1293070 896.5
1293080 896.5
1293090 897.5
1293100 898.9
1293110 898.9
1293120 900.2
1293130 901.5
1293140 901.5
1293150 902.7
1293160 904.0
1293170 905.9
1293180 905.9
1293190 907.5
1293200 909.1
1293210 909.1
1293220 911.0
1293230 911.8
1293240 911.8
1293250 912.0
1293260 913.1
1293270 913.1
1293280 914.9
1293290 916.4
1293300 916.4
1293310 923.5
1293320 925.4
1293330 925.4
1293340 927.7
1293350 929.6
1293360 929.6
1293370 931.4
1293380 932.7
1293390 932.7
1293400 933.8
1293410 933.7
1293420 933.7
1293430 936.2
1293440 936.8
1293450 939.3
1293460 939.3
1293470 941.2
1293480 943.1
1293490 943.1
1293500 946.3
1293510 947.6
1293520 947.6
1293530 948.2
1293540 948.2
1293550 948.2
1293560 948.3
1293570 949.5
1293580 949.5
1293590 951.6
1293600 954.9
1293610 954.9
1293620 958.4
1293630 960.5
1293640 960.5
1293650 963.5
1293660 964.6
1293670 964.6
1293680 965.5
1293690 967.3
1293700 967.3
1293710 968.4
1293720 969.6
1293730 971.0
1293740 971.0
1293750 972.3
1293760 973.4
1293770 973.4
1293780 975.4
1293790 976.5
1293800 976.5
1293810 977.4
1293820 978.3
1293830 978.3
1293840 978.2
1293850 979.9
1293860 979.9
1293870 981.3
1293880 979.3
1293890 979.3
1293900 977.5
1293910 977.2
1293920 977.2
1293930 979.6
1293940 982.0
1293950 982.0
1293960 986.3
1293970 990.5
1293980 999.8
1293990 999.8
1294000 1003.7
1294010 1008.2
1294020 1008.2
1294030 1009.5
1294040 1010.9
1294050 1010.9
1294060 1013.5
1294070 1014.1
1294080 1014.1
1294090 1016.2
1294100 1022.1
1294110 1022.1
1294120 1030.4
1294130 1033.5
1294140 1033.5
1294150 1034.0
1294160 1034.2
1294170 1034.2
1294180 1034.3
1294190 1033.2
1294200 1033.2
1294210 1031.3
1294220 1029.4
1294230 1029.4
1294240 1028.2
1294250 1027.9
1294260 1029.0
1294270 1029.0
1294280 1029.1
1294290 1028.5
1294300 1028.5
1294310 1027.2
1294320 1025.8
1294330 1025.8
1294340 1023.6
1294350 1021.5
1294360 1021.5
1294370 1019.4
1294380 1017.8
1294390 1017.8
1294400 1017.3
1294410 1016.8
1294420 1016.8
1294430 1015.7
1294440 1014.4
1294450 1014.4
1294460 1013.5
1294470 1013.4
1294480 1013.4
1294490 1014.3
1294500 1015.6
1294510 1017.3
1294520 1017.3
1294530 1019.6
1294540 1022.3
1294550 1022.3
1294560 1022.6
1294570 1022.8
1294580 1022.8
1294590 1023.8
1294600 1025.8
1294610 1025.8
1294620 1027.6
1294630 1031.8
1294640 1031.8
1294650 1042.9
1294660 1051.4
1294670 1051.4
1294680 1059.3
1294690 1062.1
1294700 1062.1
1294710 1062.1
1294720 1061.7
1294730 1061.7
1294740 1060.9
1294750 1059.9
1294760 1059.9
1294770 1059.0
1294780 1058.2
1294790 1057.6
1294800 1057.6
1294810 1056.4
1294820 1055.0
1294830 1055.0
1294840 1053.3
1294850 1050.4
1294860 1050.4
1294870 1047.1
1294880 1047.9
1294890 1047.9
1294900 1048.5
1294910 1048.2
1294920 1048.2
1294930 1047.2
1294940 1045.8
1294950 1045.8
1294960 1044.2
1294970 1041.7
1294980 1041.7
1294990 1037.9
1295000 1034.1
1295010 1034.1
1295020 1031.7
1295030 1031.1
1295040 1031.3
1295050 1031.3
1295060 1030.6
1295070 1028.2
1295080 1028.2
1295090 1025.7
1295100 1023.9
1295110 1023.9
1295120 1022.2
1295130 1021.6
1295140 1021.6
1295150 1021.2
1295160 1019.6
1295170 1019.6
1295180 1018.0
1295190 1014.9
1295200 1014.9
1295210 1010.6
1295220 1007.8
1295230 1007.8
1295240 1008.6
1295250 1010.0
1295260 1010.0
1295270 1008.5
1295280 1007.3
1295290 1007.3
1295300 1006.3
1295310 1004.3
1295320 1009.9
1295330 1009.9
1295340 1007.3
1295350 1004.3
1295360 1004.3
1295370 1002.7
1295380 1001.3
1295390 1001.3
1295400 998.8
1295410 996.0
1295420 996.0
1295430 992.9
1295440 989.6
1295450 989.6
1295460 985.6
1295470 981.1
1295480 981.1
1295490 976.2
1295500 972.1
1295510 972.1
1295520 968.9
1295530 964.2
1295540 964.2
1295550 958.3
1295560 952.2
1295570 946.3
1295580 946.3
1295590 940.6
1295600 935.3
1295610 935.3
1295620 931.2
1295630 928.6
1295640 928.6
1295650 925.9
1295660 923.1
1295670 923.1
1295680 920.3
1295690 917.2
1295700 917.2
1295710 915.1
1295720 911.8
1295730 911.8
1295740 908.4
1295750 905.4
1295760 905.4
1295770 902.4
1295780 899.1
1295790 899.1
1295800 895.8
1295810 892.5
1295820 892.5
1295830 889.6
1295840 886.6
1295850 883.5
1295860 883.5
1295870 879.8
1295880 875.1
1295890 875.1
1295900 871.1
1295910 868.1
1295920 868.1
1295930 865.1
1295940 863.7
1295950 863.7
1295960 861.8
1295970 860.3
1295980 860.3
1295990 859.7
1296000 858.8
1296010 858.8
1296020 856.8
1296030 855.1
1296040 855.1
1296050 853.6
1296060 852.2
1296070 852.2
1296080 851.2
1296090 851.0
1296100 851.0
1296110 850.2
1296120 848.5
1296130 846.3
1296140 846.3
1296150 843.8
1296160 841.4
1296170 841.4
1296180 839.3
1296190 837.5
1296200 837.5
1296210 836.2
1296220 835.3
1296230 835.3
1296240 834.4
1296250 833.3
1296260 833.3
1296270 832.2
1296280 830.9
1296290 830.9
1296300 829.6
1296310 828.7
1296320 828.7
1296330 827.9
1296340 827.2
1296350 827.2
1296360 826.5
1296370 825.9
1296380 825.2
1296390 825.2
1296400 824.6
1296410 823.7
1296420 823.7
1296430 822.8
1296440 821.7
1296450 821.7
1296460 821.6
1296470 821.7
1296480 821.7
1296490 820.3
1296500 818.2
1296510 818.2
1296520 816.7
1296530 816.1
1296540 816.1
1296550 816.0
1296560 815.7
1296570 815.7
1296580 815.2
1296590 814.6
1296600 814.6
1296610 813.8
1296620 812.6
1296630 812.6
1296640 811.2
1296650 809.9
1296660 808.9
1296670 810.0
1296680 809.2
1296690 808.6
1296700 808.6
1296710 808.0
1296720 807.2
1296730 807.2
1296740 806.7
1296750 806.5
1296760 806.5
1296770 806.5
1296780 806.7
1296790 806.7
1296800 806.9
1296810 807.0
1296820 807.0
1296830 807.2
1296840 807.2
1296850 807.2
1296860 807.6
1296870 808.3
1296880 808.3
1296890 809.3
1296900 810.3
1296910 810.3
1296920 810.3
1296930 808.2
1296940 807.0
1296950 807.0
1296960 808.0
1296970 813.3
1296980 813.3
1296990 815.7
1297000 815.6
1297010 815.6
1297020 814.3
1297030 810.3
1297040 810.3
1297050 806.0
1297060 802.1
1297070 802.1
1297080 797.2
1297090 789.7
1297100 789.7
1297110 782.2
1297120 776.3
1297130 776.3
1297140 771.7
1297150 767.3
1297160 767.3
1297170 762.9
1297180 759.9
1297190 754.7
1297200 754.7
1297210 745.7
1297220 738.1
1297230 738.1
1297240 734.5
1297250 730.3
1297260 730.3
1297270 725.6
1297280 719.9
1297290 719.9
1297300 711.7
1297310 706.2
1297320 706.2
1297330 710.1
1297340 718.8
1297350 716.5
1297360 724.1
1297370 731.2
1297380 731.2
1297390 738.9
1297400 746.7
1297410 746.7
1297420 753.1
1297430 759.7
1297440 765.5
1297450 765.5
1297460 770.8
1297470 774.3
1297480 774.3
1297490 777.9
1297500 781.7
1297510 781.7
1297520 785.1
1297530 788.1
1297540 788.1
1297550 790.8
1297560 793.3
1297570 793.3
1297580 795.4
1297590 798.7
1297600 798.7
1297610 803.3
1297620 808.8
1297630 808.8
1297640 813.4
1297650 817.7
1297660 817.7
1297670 822.1
1297680 828.3
1297690 828.3
1297700 831.3
1297710 833.5
1297720 835.7
1297730 835.7
1297740 837.6
1297750 839.3
1297760 839.3
1297770 841.0
1297780 842.8
1297790 842.8
1297800 844.3
1297810 845.5
1297820 845.5
1297830 846.7
1297840 848.2
1297850 848.2
1297860 850.3
1297870 852.1
1297880 852.1
1297890 853.1
1297900 854.8
1297910 854.8
1297920 856.8
1297930 859.0
1297940 859.0
1297950 861.2
1297960 862.8
1297970 864.5
1297980 864.5
1297990 868.0
1298000 872.1
1298010 872.1
1298020 875.8
1298030 877.9
1298040 877.9
1298050 881.2
1298060 885.0
1298070 885.0
1298080 889.5
1298090 893.1
1298100 893.1
1298110 896.0
1298120 899.2
1298130 899.2
1298140 902.0
1298150 904.3
1298160 904.3
1298170 906.4
1298180 908.8
1298190 908.8
1298200 911.1
1298210 913.6
1298220 913.6
1298230 915.6
1298240 917.8
1298250 920.3
1298260 920.3
1298270 922.7
1298280 925.6
1298290 925.6
1298300 928.8
1298310 930.0
1298320 930.0
1298330 932.8
1298340 935.7
1298350 935.7
1298360 937.5
1298370 939.5
1298380 939.5
1298390 942.1
1298400 945.0
1298410 945.0
1298420 947.9
1298430 950.6
1298440 950.6
1298450 953.5
1298460 956.9
1298470 956.9
1298480 960.1
1298490 963.7
1298500 968.1
1298510 968.1
1298520 975.2
1298530 978.6
1298540 978.6
1298550 982.2
1298560 986.7
1298570 986.7
1298580 991.3
1298590 995.7
1298600 995.7
1298610 999.7
1298620 1003.4
1298630 1003.4
1298640 1007.0
1298650 1010.7
1298660 1010.7
1298670 1014.2
1298680 1017.4
1298690 1017.4
1298700 1020.5
1298710 1023.5
1298720 1022.7
1298730 1025.8
1298740 1028.8
1298750 1028.8
1298760 1031.5
1298770 1033.3
1298780 1035.8
1298790 1035.8
1298800 1038.5
1298810 1041.4
1298820 1041.4
1298830 1044.6
1298840 1048.2
1298850 1048.2
1298860 1051.8
1298870 1055.5
1298880 1055.5
1298890 1059.4
1298900 1062.8
1298910 1062.8
1298920 1066.4
1298930 1070.2
1298940 1070.2
1298950 1072.1
1298960 1074.6
1298970 1074.6
1298980 1077.6
1298990 1080.3
1299000 1080.3
1299010 1083.9
1299020 1088.3
1299030 1092.6
1299040 1092.6
1299050 1097.7
1299060 1102.2
1299070 1102.2
1299080 1104.9
1299090 1109.3
1299100 1109.3
1299110 1112.2
1299120 1115.4
1299130 1115.4
1299140 1119.4
1299150 1123.2
1299160 1123.2
1299170 1127.6
1299180 1132.0
1299190 1132.0
1299200 1135.2
1299210 1136.9
1299220 1136.9
1299230 1139.2
1299240 1141.9
1299250 1141.9
1299260 1144.4
1299270 1146.5
1299280 1146.5
1299290 1149.0
1299300 1153.0
1299310 1159.0
1299320 1159.0
1299330 1163.5
1299340 1165.1
1299350 1165.1
1299360 1166.1
1299370 1167.3
1299380 1167.3
1299390 1168.9
1299400 1167.7
1299410 1167.7
1299420 1169.3
1299430 1170.6
1299440 1170.6
1299450 1171.5
1299460 1173.1
1299470 1173.1
1299480 1175.1
1299490 1177.5
1299500 1177.5
1299510 1179.6
1299520 1182.3
1299530 1182.3
1299540 1184.7
1299550 1185.0
1299560 1185.0
1299570 1184.3
1299580 1184.4
1299590 1185.2
1299600 1185.2
1299610 1187.1
1299620 1187.8
1299630 1187.8
1299640 1188.2
1299650 1191.2
1299660 1191.2
1299670 1195.1
1299680 1197.0
1299690 1197.0
1299700 1198.3
1299710 1199.7
1299720 1199.7
1299730 1201.4
1299740 1203.2
1299750 1203.2
1299760 1205.2
1299770 1207.3
1299780 1207.3
1299790 1207.0
1299800 1212.2
1299810 1212.2
1299820 1216.0
1299830 1219.2
1299840 1222.8
1299850 1222.8
1299860 1225.7
1299870 1227.8
1299880 1227.8
1299890 1229.4
1299900 1231.4
1299910 1231.4
1299920 1233.6
1299930 1235.7
1299940 1235.7
1299950 1237.5
1299960 1239.6
1299970 1239.6
1299980 1242.5
1299990 1245.9
