1280000 599.3
1280010 599.6
1280020 599.6
1280030 600.0
1280040 600.4
1280050 600.4
1280060 600.9
1280070 601.4
1280080 601.4
1280090 601.9
1280100 602.2
1280110 602.2
1280120 602.4
1280130 602.5
1280140 602.4
1280150 602.4
1280160 602.4
1280170 602.4
1280180 602.4
1280190 602.4
1280200 602.5
1280210 602.5
1280220 602.6
1280230 602.8
1280240 602.8
1280250 603.0
1280260 603.3
1280270 603.3
1280280 603.4
1280290 603.6
1280300 603.6
1280310 603.7
1280320 603.8
1280330 603.8
1280340 603.9
1280350 604.1
1280360 604.1
1280370 604.1
1280380 603.9
1280390 603.7
1280400 603.7
1280410 603.7
1280420 603.7
1280430 603.7
1280440 603.8
1280450 604.0
1280460 604.0
1280470 604.4
1280480 604.6
1280490 604.6
1280500 604.6
1280510 604.7
1280520 604.7
1280530 604.7
1280540 604.4
1280550 604.4
1280560 604.2
1280570 603.5
1280580 603.5
1280590 602.1
1280600 600.7
1280610 600.7
1280620 600.3
1280630 603.0
1280640 603.0
1280650 605.4
1280660 606.0
1280670 606.4
1280680 606.4
1280690 606.5
1280700 606.6
1280710 606.6
1280720 606.6
1280730 606.5
1280740 606.5
1280750 606.5
1280760 605.5
1280770 605.5
1280780 602.0
1280790 601.2
1280800 601.2
1280810 602.1
1280820 602.1
1280830 602.1
1280840 602.1
1280850 602.1
1280860 602.1
1280870 602.1
1280880 602.0
1280890 602.0
1280900 602.2
1280910 602.6
1280920 604.1
1280930 604.1
1280940 607.2
1280950 608.1
1280960 608.1
1280970 607.8
1280980 607.9
1280990 607.9
1281000 607.9
1281010 608.2
1281020 608.2
1281030 608.3
1281040 608.0
1281050 608.0
1281060 607.7
1281070 608.0
1281080 608.0
1281090 608.5
1281100 609.0
1281110 609.0
1281120 609.8
1281130 610.3
1281140 610.3
1281150 610.6
1281160 611.3
1281170 611.3
1281180 611.9
1281190 612.4
1281200 612.7
1281210 612.7
1281220 613.2
1281230 613.8
1281240 613.8
1281250 614.5
1281260 615.3
1281270 615.3
1281280 616.0
1281290 616.3
1281300 616.3
1281310 616.5
1281320 617.0
1281330 617.0
1281340 617.4
1281350 617.5
1281360 617.5
1281370 617.8
1281380 618.4
1281390 618.4
1281400 619.5
1281410 619.5
1281420 619.5
1281430 619.3
1281440 619.8
1281450 619.8
1281460 620.4
1281470 620.6
1281480 620.7
1281490 620.7
1281500 621.1
1281510 622.1
1281520 622.1
1281530 622.9
1281540 622.9
1281550 622.9
1281560 622.9
1281570 623.3
1281580 623.3
1281590 623.5
1281600 623.7
1281610 623.7
1281620 623.8
1281630 623.9
1281640 623.9
1281650 624.0
1281660 624.8
1281670 624.8
1281680 625.6
1281690 624.8
1281700 624.8
1281710 624.6
1281720 624.6
1281730 624.8
1281740 624.8
1281750 625.1
1281760 625.3
1281770 625.3
1281780 625.8
1281790 626.5
1281800 626.5
1281810 626.8
1281820 626.6
1281830 626.6
1281840 626.6
1281850 627.0
1281860 626.5
1281870 626.4
1281880 626.5
1281890 626.5
1281900 626.8
1281910 626.8
1281920 626.8
1281930 626.5
1281940 626.2
1281950 626.2
1281960 626.2
1281970 626.4
1281980 626.4
1281990 626.6
1282000 626.8
1282010 627.2
1282020 627.2
1282030 627.5
1282040 627.8
1282050 627.8
1282060 627.9
1282070 628.2
1282080 628.2
1282090 628.6
1282100 629.2
1282110 629.2
1282120 629.9
1282130 630.7
1282140 630.7
1282150 631.5
1282160 632.4
1282170 632.4
1282180 633.3
1282190 634.2
1282200 634.2
1282210 635.0
1282220 635.4
1282230 635.4
1282240 634.7
1282250 631.6
1282260 628.1
1282270 628.1
1282280 626.9
1282290 626.8
1282300 626.8
1282310 626.6
1282320 626.2
1282330 626.2
1282340 626.3
1282350 626.9
1282360 626.9
1282370 626.9
1282380 627.0
1282390 627.0
1282400 627.2
1282410 627.5
1282420 627.5
1282430 627.8
1282440 628.0
1282450 628.0
1282460 627.9
1282470 627.9
1282480 627.9
1282490 627.1
1282500 627.2
1282510 627.2
1282520 627.2
1282530 627.2
1282540 627.3
1282550 627.3
1282560 627.5
1282570 627.6
1282580 627.6
1282590 627.7
1282600 627.7
1282610 627.7
1282620 627.7
1282630 627.6
1282640 627.6
1282650 627.7
1282660 627.9
1282670 627.9
1282680 628.2
1282690 628.5
1282700 628.5
1282710 628.7
1282720 628.4
1282730 628.4
1282740 627.9
1282750 627.5
1282760 627.5
1282770 627.3
1282780 624.7
1282790 624.7
1282800 617.9
1282810 613.2
1282820 610.4
1282830 610.4
1282840 611.5
1282850 616.2
1282860 616.2
1282870 622.1
1282880 625.2
1282890 625.2
1282900 626.2
1282910 626.6
1282920 626.6
1282930 627.3
1282940 627.9
1282950 627.9
1282960 628.2
1282970 628.2
1282980 628.2
1282990 628.4
1283000 627.0
1283010 627.0
1283020 626.4
1283030 626.4
1283040 626.4
1283050 626.4
1283060 626.3
1283070 626.3
1283080 626.3
1283090 626.5
1283100 626.5
1283110 626.5
1283120 625.6
1283130 625.5
1283140 625.5
1283150 625.4
1283160 625.3
1283170 625.3
1283180 624.8
1283190 624.4
1283200 624.4
1283210 624.2
1283220 624.3
1283230 624.3
1283240 624.5
1283250 624.4
1283260 624.4
1283270 624.3
1283280 624.3
1283290 624.3
1283300 624.3
1283310 624.3
1283320 624.3
1283330 624.2
1283340 624.0
1283350 624.3
1283360 624.3
1283370 624.5
1283380 624.4
1283390 624.4
1283400 623.7
1283410 623.0
1283420 623.0
1283430 622.9
1283440 622.1
1283450 622.1
1283460 621.4
1283470 621.0
1283480 621.0
1283490 620.9
1283500 620.9
1283510 620.9
1283520 621.3
1283530 621.6
1283540 621.6
1283550 621.6
1283560 621.5
1283570 621.5
1283580 621.3
1283590 621.0
1283600 621.0
1283610 621.0
1283620 620.9
1283630 620.4
1283640 620.4
1283650 619.8
1283660 619.1
1283670 619.1
1283680 618.8
1283690 618.2
1283700 618.2
1283710 617.9
1283720 617.2
1283730 617.2
1283740 616.9
1283750 615.7
1283760 615.7
1283770 615.6
1283780 615.6
1283790 615.6
1283800 615.4
1283810 614.9
1283820 614.9
1283830 615.7
1283840 615.5
1283850 615.5
1283860 614.9
1283870 614.5
1283880 614.4
1283890 614.4
1283900 614.8
1283910 614.7
1283920 614.7
1283930 614.8
1283940 614.9
1283950 614.9
1283960 614.8
1283970 614.2
1283980 614.2
1283990 613.9
1284000 613.6
1284010 613.6
1284020 613.1
1284030 612.6
1284040 612.6
1284050 612.5
1284060 612.5
1284070 612.5
1284080 612.2
1284090 611.8
1284100 611.8
1284110 611.4
1284120 610.9
1284130 610.9
1284140 610.7
1284150 610.4
1284160 610.3
1284170 610.3
1284180 610.1
1284190 609.8
1284200 609.8
1284210 609.6
1284220 609.3
1284230 609.3
1284240 609.0
1284250 608.6
1284260 608.6
1284270 608.2
1284280 607.9
1284290 607.9
1284300 607.7
1284310 607.4
1284320 607.4
1284330 606.9
1284340 606.4
1284350 606.4
1284360 606.2
1284370 606.1
1284380 606.1
1284390 605.5
1284400 605.3
1284410 605.1
1284420 605.1
1284430 604.7
1284440 604.5
1284450 604.5
1284460 604.5
1284470 603.8
1284480 603.8
1284490 603.1
1284500 602.5
1284510 602.5
1284520 601.9
1284530 601.5
1284540 601.5
1284550 601.1
1284560 600.8
1284570 600.8
1284580 600.4
1284590 600.1
1284600 600.1
1284610 599.6
1284620 599.1
1284630 599.1
1284640 598.7
1284650 598.3
1284660 598.3
1284670 597.8
1284680 597.5
1284690 597.0
1284700 597.0
1284710 596.7
1284720 596.4
1284730 596.4
1284740 596.2
1284750 595.8
1284760 595.8
1284770 595.4
1284780 595.0
1284790 595.0
1284800 594.4
1284810 594.0
1284820 594.0
1284830 593.6
1284840 593.3
1284850 593.3
1284860 593.1
1284870 592.8
1284880 592.8
1284890 592.7
1284900 592.6
1284910 592.6
1284920 591.9
1284930 591.1
1284940 591.1
1284950 590.7
1284960 590.3
1284970 590.0
1284980 590.0
1284990 589.9
1285000 589.7
1285010 589.7
1285020 589.3
1285030 588.4
1285040 588.4
1285050 587.9
1285060 587.4
1285070 587.4
1285080 587.0
1285090 586.8
1285100 586.8
1285110 586.5
1285120 586.0
1285130 586.0
1285140 585.4
1285150 584.8
1285160 584.8
1285170 584.3
1285180 583.9
1285190 583.9
1285200 583.5
1285210 583.1
1285220 582.7
1285230 582.7
1285240 582.2
1285250 581.7
1285260 581.7
1285270 581.3
1285280 580.8
1285290 580.8
1285300 580.3
1285310 580.0
1285320 580.0
1285330 579.8
1285340 579.4
1285350 579.4
1285360 579.1
1285370 578.7
1285380 578.7
1285390 578.4
1285400 577.9
1285410 577.9
1285420 577.4
1285430 577.1
1285440 577.1
1285450 577.1
1285460 574.5
1285470 574.5
1285480 567.8
1285490 560.8
1285500 556.4
1285510 556.4
1285520 555.1
1285530 554.9
1285540 554.9
1285550 554.8
1285560 554.8
1285570 554.8
1285580 554.9
1285590 555.1
1285600 555.1
1285610 555.2
1285620 554.9
1285630 554.9
1285640 554.6
1285650 554.3
1285660 554.3
1285670 554.3
1285680 554.4
1285690 554.4
1285700 554.6
1285710 554.8
1285720 554.8
1285730 554.9
1285740 554.7
1285750 554.5
1285760 554.5
1285770 554.4
1285780 554.3
1285790 554.3
1285800 554.3
1285810 554.3
1285820 554.3
1285830 554.3
1285840 554.2
1285850 554.2
1285860 554.3
1285870 554.4
1285880 554.4
1285890 554.2
1285900 554.4
1285910 554.4
1285920 554.5
1285930 554.3
1285940 554.3
1285950 554.3
1285960 554.2
1285970 554.2
1285980 554.2
1285990 554.1
1286000 554.1
1286010 553.9
1286020 553.8
1286030 553.8
1286040 553.8
1286050 553.9
1286060 553.9
1286070 553.9
1286080 553.7
1286090 553.6
1286100 553.6
1286110 553.6
1286120 553.7
1286130 553.7
1286140 553.8
1286150 553.9
1286160 553.9
1286170 553.9
1286180 553.8
1286190 553.8
1286200 553.6
1286210 553.7
1286220 553.7
1286230 553.8
1286240 553.9
1286250 553.9
1286260 554.0
1286270 554.9
1286280 554.9
1286290 556.0
1286300 555.9
1286310 554.0
1286320 554.0
1286330 553.9
1286340 554.1
1286350 554.1
1286360 554.2
1286370 554.1
1286380 554.1
1286390 554.0
1286400 553.7
1286410 553.7
1286420 553.6
1286430 553.4
1286440 553.4
1286450 553.4
1286460 553.5
1286470 553.5
1286480 553.6
1286490 553.5
1286500 553.5
1286510 553.5
1286520 553.5
1286530 553.5
1286540 553.5
1286550 553.4
1286560 553.4
1286570 553.4
1286580 553.3
1286590 553.2
1286600 553.2
1286610 553.1
1286620 553.0
1286630 553.0
1286640 552.9
1286650 552.8
1286660 552.8
1286670 552.9
1286680 552.9
1286690 552.9
1286700 553.0
1286710 553.1
1286720 553.1
1286730 553.2
1286740 553.3
1286750 553.3
1286760 553.5
1286770 553.4
1286780 553.4
1286790 553.5
1286800 553.7
1286810 553.7
1286820 553.9
1286830 554.2
1286840 553.0
1286850 553.0
1286860 550.1
1286870 548.9
1286880 548.9
1286890 548.8
1286900 548.8
1286910 548.8
1286920 548.8
1286930 548.8
1286940 548.8
1286950 548.8
1286960 548.9
1286970 548.9
1286980 550.4
1286990 553.0
1287000 553.0
1287010 555.3
1287020 557.7
1287030 557.7
1287040 558.0
1287050 558.0
1287060 558.0
1287070 557.5
1287080 555.4
1287090 553.8
1287100 553.8
1287110 553.5
1287120 553.4
1287130 553.4
1287140 553.3
1287150 553.4
1287160 553.4
1287170 553.2
1287180 553.3
1287190 553.3
1287200 553.2
1287210 553.2
1287220 553.2
1287230 553.2
1287240 553.1
1287250 553.1
1287260 553.1
1287270 553.1
1287280 553.1
1287290 553.0
1287300 553.0
1287310 553.0
1287320 553.0
1287330 553.2
1287340 553.2
1287350 553.4
1287360 553.4
1287370 553.3
1287380 553.3
1287390 553.2
1287400 553.1
1287410 553.1
1287420 553.1
1287430 553.0
1287440 553.0
1287450 552.9
1287460 552.8
1287470 552.8
1287480 552.7
1287490 552.7
1287500 552.7
1287510 552.6
1287520 552.6
1287530 552.6
1287540 552.5
1287550 552.6
1287560 552.6
1287570 552.6
1287580 552.6
1287590 552.6
1287600 552.5
1287610 552.3
1287620 552.3
1287630 552.3
1287640 552.2
1287650 552.2
1287660 552.2
1287670 552.2
1287680 552.2
1287690 552.2
1287700 552.2
1287710 552.2
1287720 552.2
1287730 552.2
1287740 552.2
1287750 552.2
1287760 552.3
1287770 552.3
1287780 552.3
1287790 552.4
1287800 552.5
1287810 552.5
1287820 552.5
1287830 552.6
1287840 552.6
1287850 552.7
1287860 552.7
1287870 552.7
1287880 552.7
1287890 552.5
1287900 552.0
1287910 552.0
1287920 551.8
1287930 551.8
1287940 551.8
1287950 551.7
1287960 551.7
1287970 551.7
1287980 551.7
1287990 551.7
1288000 551.7
1288010 551.7
1288020 551.8
1288030 551.8
1288040 551.9
1288050 551.8
1288060 551.8
1288070 551.5
1288080 551.6
1288090 551.6
1288100 551.7
1288110 551.8
1288120 551.8
1288130 551.8
1288140 551.8
1288150 551.8
1288160 551.9
1288170 552.0
1288180 552.0
1288190 552.0
1288200 551.9
1288210 551.6
1288220 551.6
1288230 551.3
1288240 551.2
1288250 551.2
1288260 551.2
1288270 551.3
1288280 551.3
1288290 551.7
1288300 551.6
1288310 551.6
1288320 551.7
1288330 551.8
1288340 551.8
1288350 551.9
1288360 551.9
1288370 551.9
1288380 551.9
1288390 551.8
1288400 551.8
1288410 551.9
1288420 551.9
1288430 551.8
1288440 551.8
1288450 551.9
1288460 552.0
1288470 552.0
1288480 553.3
1288490 553.5
1288500 553.5
1288510 552.9
1288520 552.6
1288530 552.6
1288540 552.7
1288550 552.9
1288560 552.9
1288570 553.1
1288580 553.2
1288590 553.2
1288600 553.4
1288610 552.9
1288620 552.9
1288630 552.5
1288640 552.5
1288650 552.5
1288660 552.4
1288670 552.5
1288680 552.5
1288690 552.5
1288700 552.5
1288710 552.6
1288720 552.6
1288730 552.5
1288740 552.5
1288750 552.5
1288760 552.6
1288770 552.7
1288780 552.7
1288790 553.0
1288800 553.3
1288810 553.3
1288820 553.2
1288830 552.8
1288840 552.8
1288850 552.6
1288860 552.5
1288870 552.5
1288880 552.4
1288890 552.4
1288900 552.4
1288910 552.4
1288920 552.4
1288930 552.4
1288940 552.4
1288950 552.5
1288960 552.5
1288970 552.5
1288980 552.6
1288990 552.7
1289000 552.7
1289010 552.8
1289020 552.8
1289030 552.8
1289040 552.9
1289050 552.9
1289060 552.9
1289070 552.9
1289080 553.1
1289090 553.1
1289100 553.2
1289110 553.4
1289120 553.4
1289130 553.6
1289140 553.7
1289150 553.7
1289160 553.9
1289170 554.1
1289180 554.1
1289190 554.3
1289200 554.7
1289210 554.7
1289220 555.3
1289230 555.9
1289240 556.3
1289250 556.3
1289260 557.4
1289270 559.3
1289280 559.3
1289290 562.5
1289300 564.2
1289310 564.2
1289320 565.7
1289330 568.4
1289340 568.4
1289350 570.4
1289360 571.7
1289370 571.7
1289380 574.0
1289390 576.2
1289400 576.2
1289410 578.9
1289420 581.0
1289430 581.0
1289440 582.5
1289450 585.4
1289460 585.4
1289470 587.7
1289480 590.0
1289490 590.0
1289500 592.3
1289510 593.3
1289520 593.2
1289530 593.2
1289540 592.6
1289550 590.4
1289560 591.9
1289570 589.9
1289580 587.1
1289590 587.1
1289600 583.2
1289610 581.3
1289620 581.3
1289630 579.2
1289640 578.2
1289650 578.2
1289660 577.4
1289670 576.3
1289680 576.3
1289690 575.4
1289700 574.9
1289710 574.9
1289720 574.7
1289730 574.7
1289740 574.7
1289750 574.5
1289760 571.8
1289770 568.6
1289780 568.6
1289790 567.0
1289800 566.0
1289810 566.0
1289820 565.6
1289830 564.7
1289840 564.7
1289850 564.0
1289860 564.1
1289870 564.1
1289880 564.2
1289890 564.4
1289900 564.4
1289910 564.5
1289920 564.4
1289930 564.4
1289940 564.3
1289950 564.5
1289960 564.5
1289970 564.8
1289980 564.8
1289990 564.8
1290000 564.8
1290010 564.9
1290020 564.9
1290030 564.8
1290040 564.4
1290050 564.2
1290060 564.2
1290070 564.3
1290080 564.5
1290090 564.5
1290100 564.7
1290110 564.7
1290120 564.7
1290130 564.8
1290140 564.7
1290150 564.7
1290160 564.5
1290170 564.5
1290180 564.5
1290190 564.4
1290200 564.4
1290210 564.5
1290220 564.5
1290230 564.7
1290240 564.7
1290250 564.7
1290260 564.4
1290270 564.4
1290280 564.0
1290290 563.6
1290300 563.3
1290310 563.3
1290320 562.6
1290330 562.1
1290340 562.1
1290350 562.1
1290360 561.7
1290370 561.7
1290380 560.4
1290390 561.7
1290400 561.7
1290410 562.1
1290420 562.5
1290430 562.5
1290440 562.8
1290450 563.5
1290460 563.5
1290470 563.5
1290480 563.7
1290490 563.7
1290500 563.9
1290510 563.9
1290520 563.9
1290530 564.1
1290540 564.6
1290550 564.6
1290560 565.4
1290570 565.9
1290580 566.0
1290590 566.0
1290600 566.3
1290610 566.8
1290620 566.8
1290630 567.0
1290640 567.1
1290650 567.1
1290660 567.1
1290670 566.9
1290680 566.9
1290690 566.9
1290700 566.7
1290710 566.7
1290720 566.5
1290730 566.4
1290740 566.4
1290750 566.4
1290760 566.2
1290770 566.2
1290780 566.1
1290790 566.0
1290800 566.0
1290810 565.9
1290820 565.6
1290830 565.6
1290840 565.4
1290850 565.2
1290860 565.2
1290870 565.5
1290880 565.3
1290890 565.1
1290900 565.1
1290910 564.9
1290920 564.7
1290930 564.7
1290940 564.5
1290950 564.4
1290960 564.4
1290970 564.2
1290980 564.1
1290990 564.1
1291000 564.0
1291010 563.9
1291020 563.9
1291030 563.6
1291040 563.7
1291050 563.7
1291060 563.8
1291070 563.9
1291080 563.9
1291090 563.7
1291100 563.5
1291110 563.3
1291120 563.3
1291130 563.1
1291140 563.0
1291150 563.0
1291160 563.0
1291170 563.1
1291180 563.1
1291190 563.0
1291200 563.1
1291210 563.1
1291220 563.8
1291230 563.9
1291240 563.9
1291250 563.9
1291260 563.8
1291270 563.8
1291280 563.7
1291290 563.6
1291300 563.6
1291310 563.4
1291320 563.2
1291330 563.2
1291340 563.1
1291350 563.0
1291360 563.0
1291370 562.2
1291380 562.4
1291390 562.7
1291400 562.7
1291410 562.6
1291420 562.5
1291430 562.5
1291440 562.4
1291450 562.8
1291460 562.8
1291470 562.8
1291480 562.9
1291490 562.9
1291500 562.9
1291510 562.9
1291520 562.9
1291530 562.9
1291540 563.2
1291550 563.2
1291560 563.5
1291570 564.2
1291580 564.2
1291590 564.7
1291600 565.5
1291610 565.5
1291620 566.6
1291630 566.9
1291640 567.4
1291650 567.4
1291660 569.0
1291670 571.1
1291680 571.1
1291690 572.7
1291700 573.6
1291710 573.6
1291720 574.4
1291730 575.5
1291740 575.5
1291750 576.3
1291760 576.8
1291770 576.8
1291780 577.1
1291790 577.8
1291800 577.8
1291810 578.0
1291820 578.1
1291830 578.1
1291840 578.5
1291850 579.2
1291860 579.2
1291870 580.1
1291880 580.9
1291890 580.9
1291900 581.8
1291910 583.1
1291920 584.7
1291930 584.7
1291940 586.3
1291950 588.3
1291960 588.3
1291970 590.3
1291980 592.3
1291990 592.3
1292000 594.2
1292010 595.8
1292020 595.8
1292030 597.2
1292040 598.1
1292050 598.1
1292060 598.3
1292070 598.7
1292080 598.7
1292090 599.9
1292100 601.1
1292110 601.1
1292120 602.7
1292130 604.7
1292140 604.7
1292150 606.7
1292160 607.8
1292170 609.7
1292180 609.7
1292190 614.1
1292200 615.9
1292210 615.9
1292220 617.1
1292230 618.6
1292240 618.6
1292250 620.4
1292260 621.9
1292270 621.9
1292280 623.4
1292290 625.1
1292300 625.1
1292310 626.7
1292320 628.2
1292330 628.2
1292340 630.0
1292350 632.2
1292360 632.2
1292370 633.9
1292380 635.3
1292390 635.3
1292400 636.9
1292410 638.2
1292420 638.2
1292430 639.7
1292440 641.1
1292450 642.2
1292460 642.2
1292470 644.7
1292480 647.5
1292490 647.5
1292500 649.7
1292510 650.8
1292520 650.8
1292530 652.0
1292540 653.2
1292550 653.2
1292560 653.7
1292570 654.3
1292580 654.3
1292590 655.0
1292600 655.5
1292610 655.5
1292620 655.1
1292630 655.0
1292640 655.0
1292650 655.6
1292660 656.2
1292670 656.2
1292680 655.8
1292690 655.5
1292700 655.5
1292710 655.0
1292720 654.9
1292730 654.2
1292740 654.2
1292750 653.6
1292760 654.1
1292770 654.1
1292780 653.7
1292790 649.7
1292800 649.7
1292810 646.9
1292820 653.1
1292830 653.1
1292840 657.9
1292850 664.5
1292860 664.5
1292870 669.7
1292880 674.3
1292890 674.3
1292900 679.1
1292910 683.6
1292920 683.6
1292930 688.3
1292940 691.4
1292950 691.4
1292960 693.1
1292970 694.8
1292980 696.9
1292990 696.9
1293000 698.4
1293010 701.5
1293020 701.5
1293030 706.4
1293040 709.9
1293050 709.9
1293060 714.0
1293070 717.7
1293080 717.7
1293090 720.5
1293100 723.3
1293110 723.3
1293120 725.5
1293130 726.6
1293140 726.6
1293150 726.8
1293160 726.9
1293170 726.9
1293180 727.4
1293190 728.8
1293200 728.8
1293210 731.7
1293220 734.4
1293230 734.4
1293240 737.1
1293250 739.3
1293260 741.6
1293270 741.6
1293280 743.5
1293290 744.9
1293300 744.9
1293310 745.8
1293320 746.7
1293330 746.7
1293340 747.2
1293350 747.7
1293360 747.7
1293370 749.4
1293380 751.4
1293390 751.4
1293400 753.0
1293410 754.7
1293420 754.7
1293430 757.6
1293440 761.5
1293450 761.5
1293460 765.3
1293470 769.3
1293480 769.3
1293490 773.0
1293500 777.4
1293510 783.6
1293520 783.6
1293530 785.9
1293540 788.2
1293550 788.2
1293560 789.7
1293570 791.6
1293580 791.6
1293590 795.5
1293600 799.0
1293610 799.0
1293620 801.5
1293630 803.3
1293640 803.3
1293650 803.9
1293660 805.4
1293670 805.4
1293680 808.5
1293690 810.4
1293700 810.4
1293710 810.8
1293720 810.5
1293730 810.5
1293740 810.5
1293750 810.8
1293760 810.8
1293770 811.3
1293780 811.4
1293790 811.4
1293800 811.4
1293810 811.6
1293820 812.3
1293830 812.3
1293840 813.3
1293850 814.4
1293860 814.4
1293870 814.8
1293880 814.9
1293890 814.9
1293900 815.6
1293910 816.0
1293920 816.0
1293930 816.4
1293940 816.3
1293950 816.3
1293960 815.7
1293970 815.6
1293980 815.6
1293990 814.9
1294000 813.1
1294010 813.1
1294020 810.9
1294030 810.6
1294040 810.6
1294050 811.2
1294060 810.8
1294070 811.7
1294080 811.7
1294090 813.7
1294100 816.3
1294110 816.3
1294120 818.9
1294130 821.5
1294140 821.5
1294150 823.8
1294160 825.4
1294170 825.4
1294180 833.5
1294190 835.9
1294200 835.9
1294210 836.7
1294220 836.8
1294230 836.8
1294240 837.9
1294250 839.1
1294260 839.1
1294270 840.4
1294280 840.9
1294290 840.9
1294300 840.8
1294310 841.6
1294320 842.3
1294330 842.3
1294340 842.3
1294350 840.1
1294360 840.1
1294370 838.3
1294380 838.9
1294390 838.9
1294400 838.2
1294410 838.1
1294420 838.1
1294430 838.9
1294440 839.6
1294450 839.6
1294460 840.1
1294470 839.8
1294480 839.8
1294490 838.2
1294500 837.7
1294510 837.7
1294520 837.7
1294530 837.9
1294540 837.9
1294550 838.5
1294560 838.4
1294570 838.4
1294580 836.1
1294590 833.9
1294600 829.3
1294610 829.3
1294620 831.1
1294630 834.4
1294640 834.4
1294650 836.0
1294660 837.7
1294670 837.7
1294680 837.6
1294690 838.4
1294700 838.4
1294710 839.9
1294720 841.4
1294730 841.4
1294740 842.5
1294750 841.8
1294760 841.8
1294770 841.3
1294780 841.8
1294790 841.8
1294800 841.9
1294810 842.8
1294820 842.8
1294830 842.7
1294840 843.2
1294850 851.5
1294860 851.5
1294870 851.9
1294880 852.1
1294890 852.1
1294900 852.0
1294910 852.5
1294920 852.5
1294930 852.9
1294940 852.7
1294950 852.7
1294960 852.5
1294970 851.2
1294980 851.2
1294990 852.6
1295000 853.5
1295010 853.5
1295020 853.7
1295030 853.6
1295040 853.6
1295050 853.4
1295060 853.6
1295070 853.6
1295080 853.1
1295090 851.5
1295100 851.5
1295110 850.0
1295120 847.8
1295130 844.7
1295140 844.7
1295150 846.3
1295160 846.5
1295170 846.5
1295180 845.1
1295190 842.6
1295200 842.6
1295210 840.7
1295220 838.2
1295230 838.2
1295240 838.5
1295250 839.4
1295260 839.4
1295270 838.3
1295280 837.3
1295290 837.3
1295300 836.3
1295310 835.0
1295320 835.0
1295330 831.3
1295340 826.2
1295350 826.2
1295360 825.8
1295370 826.9
1295380 826.8
1295390 826.8
1295400 825.3
1295410 822.2
1295420 822.2
1295430 816.9
1295440 810.8
1295450 810.8
1295460 814.3
1295470 818.5
1295480 818.5
1295490 819.2
1295500 818.7
1295510 818.7
1295520 817.8
1295530 819.9
1295540 819.9
1295550 818.3
1295560 816.8
1295570 816.8
1295580 815.4
1295590 813.3
1295600 813.3
1295610 810.3
1295620 806.7
1295630 806.7
1295640 802.3
1295650 801.7
1295660 804.2
1295670 804.2
1295680 805.6
1295690 805.6
1295700 805.6
1295710 804.6
1295720 803.1
1295730 803.1
1295740 802.0
1295750 801.1
1295760 801.1
1295770 800.5
1295780 801.5
1295790 801.5
1295800 801.6
1295810 800.2
1295820 800.2
1295830 800.0
1295840 798.8
1295850 798.8
1295860 797.7
1295870 797.1
1295880 797.1
1295890 796.2
1295900 795.2
1295910 795.2
1295920 794.2
1295930 791.9
1295940 788.0
1295950 788.0
1295960 785.2
1295970 784.8
1295980 784.8
1295990 782.6
1296000 778.3
1296010 778.3
1296020 775.1
1296030 773.5
1296040 773.5
1296050 772.9
1296060 772.8
1296070 772.8
1296080 772.7
1296090 772.4
1296100 772.4
1296110 772.0
1296120 771.5
1296130 771.5
1296140 770.5
1296150 769.0
1296160 769.0
1296170 767.6
1296180 766.3
1296190 765.3
1296200 766.7
1296210 765.6
1296220 764.6
1296230 764.6
1296240 763.9
1296250 763.4
1296260 763.4
1296270 763.1
1296280 762.9
1296290 762.9
1296300 762.6
1296310 762.1
1296320 762.1
1296330 761.5
1296340 761.3
1296350 761.3
1296360 761.2
1296370 760.9
1296380 760.9
1296390 760.4
1296400 760.1
1296410 760.1
1296420 759.5
1296430 758.7
1296440 758.7
1296450 758.0
1296460 757.5
1296470 757.0
1296480 757.0
1296490 756.5
1296500 755.8
1296510 755.8
1296520 755.0
1296530 755.6
1296540 755.6
1296550 755.7
1296560 755.4
1296570 755.4
1296580 755.2
1296590 754.9
1296600 754.9
1296610 754.9
1296620 754.8
1296630 754.8
1296640 754.8
1296650 753.2
1296660 753.2
1296670 751.3
1296680 750.4
1296690 750.4
1296700 749.6
1296710 748.7
1296720 750.7
1296730 750.7
1296740 753.1
1296750 755.2
1296760 755.2
1296770 758.5
1296780 763.2
1296790 763.2
1296800 768.3
1296810 773.5
1296820 773.5
1296830 777.9
1296840 780.9
1296850 780.9
1296860 782.8
1296870 783.9
1296880 787.5
1296890 788.2
1296900 787.5
1296910 787.5
1296920 786.0
1296930 786.1
1296940 786.1
1296950 786.9
1296960 782.6
1296970 782.6
1296980 775.5
1296990 768.2
1297000 763.2
1297010 763.2
1297020 760.4
1297030 757.8
1297040 757.8
1297050 754.3
1297060 749.2
1297070 749.2
1297080 743.5
1297090 738.6
1297100 738.6
1297110 734.5
1297120 731.6
1297130 731.6
1297140 726.3
1297150 721.3
1297160 721.3
1297170 720.1
1297180 718.2
1297190 718.2
1297200 713.9
1297210 705.8
1297220 705.8
1297230 699.0
1297240 693.4
1297250 693.4
1297260 690.2
1297270 696.2
1297280 706.1
1297290 706.1
1297300 717.9
1297310 726.9
1297320 726.9
1297330 733.3
1297340 738.8
1297350 738.8
1297360 742.7
1297370 742.6
1297380 742.6
1297390 740.4
1297400 743.1
1297410 743.1
1297420 746.5
1297430 750.2
1297440 750.2
1297450 755.0
1297460 757.7
1297470 757.7
1297480 760.0
1297490 762.2
1297500 762.2
1297510 766.5
1297520 772.5
1297530 778.3
1297540 778.3
1297550 782.4
1297560 784.8
1297570 784.8
1297580 788.4
1297590 793.2
1297600 793.2
1297610 799.8
1297620 806.9
1297630 806.9
1297640 813.1
1297650 818.5
1297660 818.5
1297670 823.9
1297680 829.9
1297690 829.9
1297700 834.6
1297710 840.7
1297720 840.7
1297730 846.2
1297740 849.1
1297750 849.1
1297760 850.3
1297770 851.8
1297780 851.8
1297790 853.2
1297800 855.2
1297810 857.3
1297820 857.3
1297830 859.1
1297840 861.0
1297850 861.0
1297860 863.2
1297870 864.4
1297880 864.4
1297890 866.1
1297900 867.9
1297910 867.9
1297920 870.0
1297930 872.5
1297940 872.5
1297950 875.1
1297960 877.2
1297970 877.2
1297980 880.0
1297990 883.0
1298000 883.0
1298010 885.8
1298020 888.7
1298030 888.7
1298040 891.7
1298050 894.9
1298060 897.9
1298070 897.9
1298080 901.0
1298090 904.9
1298100 904.9
1298110 908.1
1298120 910.5
1298130 910.5
1298140 913.0
1298150 915.5
1298160 915.5
1298170 918.0
1298180 920.1
1298190 920.1
1298200 922.1
1298210 924.6
1298220 924.6
1298230 927.8
1298240 931.8
1298250 931.8
1298260 935.9
1298270 939.1
1298280 939.1
1298290 941.1
1298300 942.9
1298310 942.9
1298320 945.4
1298330 948.7
1298340 951.7
1298350 951.7
1298360 954.5
1298370 957.2
1298380 957.2
1298390 961.1
1298400 964.2
1298410 964.2
1298420 966.8
1298430 969.6
1298440 969.6
1298450 972.6
1298460 975.6
1298470 975.6
1298480 978.2
1298490 981.0
1298500 981.0
1298510 984.1
1298520 987.4
1298530 987.4
1298540 991.0
1298550 994.8
1298560 994.8
1298570 998.0
1298580 1001.8
1298590 1006.4
1298600 1006.4
1298610 1010.9
1298620 1015.8
1298630 1015.8
1298640 1020.5
1298650 1024.8
1298660 1024.8
1298670 1029.0
1298680 1032.9
1298690 1032.9
1298700 1036.3
1298710 1039.4
1298720 1039.4
1298730 1042.9
1298740 1046.3
1298750 1046.3
1298760 1049.8
1298770 1053.3
1298780 1053.3
1298790 1057.3
1298800 1061.0
1298810 1061.0
1298820 1063.8
1298830 1067.5
1298840 1067.5
1298850 1071.4
1298860 1075.8
1298870 1079.4
1298880 1079.4
1298890 1083.0
1298900 1088.1
1298910 1088.1
1298920 1093.1
1298930 1098.1
1298940 1098.1
1298950 1103.7
1298960 1108.2
1298970 1108.2
1298980 1111.8
1298990 1115.1
1299000 1115.1
1299010 1118.7
1299020 1122.3
1299030 1122.3
1299040 1125.8
1299050 1129.3
1299060 1129.3
1299070 1133.5
1299080 1140.2
1299090 1140.2
1299100 1146.6
1299110 1151.2
1299120 1151.2
1299130 1155.3
1299140 1159.2
1299150 1160.6
1299160 1160.6
1299170 1162.7
1299180 1165.4
1299190 1165.4
1299200 1168.1
1299210 1170.4
1299220 1170.4
1299230 1172.9
1299240 1176.1
1299250 1176.1
1299260 1179.7
1299270 1182.9
1299280 1182.9
1299290 1186.2
1299300 1189.8
1299310 1189.8
1299320 1192.9
1299330 1195.7
1299340 1195.7
1299350 1198.6
1299360 1202.0
1299370 1202.0
1299380 1205.5
1299390 1209.0
1299400 1211.8
1299410 1211.8
1299420 1214.5
1299430 1217.1
1299440 1217.1
1299450 1219.4
1299460 1221.4
1299470 1221.4
1299480 1223.2
1299490 1224.8
1299500 1224.8
1299510 1226.7
1299520 1229.1
1299530 1229.1
1299540 1231.8
1299550 1234.7
1299560 1234.7
1299570 1237.8
1299580 1240.8
1299590 1240.8
1299600 1243.8
1299610 1247.2
1299620 1247.2
1299630 1249.5
1299640 1251.2
1299650 1251.2
1299660 1252.4
1299670 1252.9
1299680 1253.7
1299690 1253.7
1299700 1255.0
1299710 1256.4
1299720 1256.4
1299730 1258.3
1299740 1260.6
1299750 1260.6
1299760 1263.2
1299770 1266.1
1299780 1266.1
1299790 1268.7
1299800 1270.6
1299810 1270.6
1299820 1272.1
1299830 1276.5
1299840 1276.5
1299850 1281.3
1299860 1283.2
1299870 1283.2
1299880 1284.1
1299890 1286.8
1299900 1286.8
1299910 1289.1
1299920 1291.5
1299930 1293.0
1299940 1293.0
1299950 1294.7
1299960 1296.2
1299970 1296.2
1299980 1297.8
1299990 1299.9
