1280000 591.0
1280010 591.0
1280020 591.2
1280030 591.6
1280040 591.6
1280050 591.9
1280060 592.2
1280070 592.2
1280080 592.5
1280090 592.9
1280100 592.9
1280110 593.3
1280120 593.8
1280130 593.8
1280140 594.6
1280150 595.0
1280160 595.0
1280170 595.1
1280180 594.9
1280190 594.9
1280200 595.2
1280210 595.4
1280220 595.4
1280230 595.5
1280240 595.6
1280250 595.7
1280260 595.7
1280270 595.8
1280280 595.4
1280290 595.4
1280300 595.2
1280310 595.3
1280320 595.3
1280330 595.2
1280340 595.1
1280350 595.1
1280360 595.2
1280370 595.2
1280380 595.2
1280390 595.3
1280400 595.5
1280410 595.1
1280420 595.1
1280430 595.2
1280440 595.2
1280450 595.3
1280460 595.4
1280470 595.4
1280480 595.6
1280490 595.7
1280500 595.8
1280510 595.8
1280520 595.7
1280530 594.8
1280540 594.8
1280550 593.6
1280560 592.4
1280570 592.4
1280580 591.5
1280590 591.4
1280600 591.4
1280610 592.0
1280620 592.3
1280630 592.3
1280640 592.3
1280650 592.3
1280660 592.3
1280670 592.3
1280680 592.3
1280690 592.3
1280700 592.8
1280710 592.8
1280720 592.8
1280730 592.9
1280740 593.3
1280750 593.3
1280760 593.5
1280770 593.7
1280780 594.6
1280790 594.6
1280800 595.6
1280810 596.7
1280820 596.7
1280830 597.6
1280840 597.9
1280850 597.9
1280860 598.5
1280870 598.9
1280880 598.9
1280890 599.1
1280900 599.7
1280910 599.7
1280920 600.0
1280930 600.3
1280940 600.3
1280950 600.6
1280960 600.9
1280970 600.9
1280980 601.0
1280990 601.1
1281000 601.1
1281010 601.1
1281020 601.4
1281030 601.4
1281040 601.6
1281050 601.9
1281060 602.2
1281070 602.2
1281080 602.6
1281090 602.5
1281100 602.5
1281110 603.1
1281120 603.7
1281130 603.7
1281140 604.2
1281150 604.6
1281160 604.6
1281170 604.8
1281180 605.0
1281190 605.0
1281200 605.5
1281210 606.1
1281220 606.1
1281230 606.3
1281240 606.5
1281250 606.5
1281260 606.7
1281270 606.7
1281280 606.7
1281290 606.9
1281300 607.4
1281310 608.1
1281320 608.1
1281330 608.5
1281340 608.6
1281350 608.6
1281360 608.8
1281370 609.1
1281380 609.1
1281390 609.4
1281400 609.7
1281410 609.7
1281420 609.8
1281430 610.0
1281440 610.0
1281450 610.2
1281460 610.4
1281470 610.4
1281480 610.7
1281490 611.0
1281500 611.0
1281510 611.3
1281520 611.7
1281530 611.7
1281540 612.1
1281550 612.4
1281560 612.4
1281570 612.4
1281580 612.4
1281590 612.7
1281600 612.7
1281610 613.1
1281620 613.4
1281630 613.4
1281640 613.7
1281650 613.9
1281660 613.3
1281670 612.9
1281680 612.6
1281690 612.6
1281700 612.5
1281710 612.6
1281720 612.6
1281730 612.7
1281740 612.8
1281750 612.8
1281760 613.0
1281770 613.3
1281780 613.3
1281790 613.6
1281800 613.9
1281810 613.9
1281820 614.4
1281830 614.6
1281840 614.5
1281850 614.5
1281860 614.4
1281870 614.5
1281880 614.5
1281890 614.5
1281900 614.6
1281910 614.6
1281920 614.5
1281930 614.3
1281940 614.3
1281950 614.0
1281960 613.7
1281970 613.7
1281980 613.5
1281990 613.2
1282000 613.2
1282010 612.9
1282020 612.7
1282030 612.7
1282040 612.6
1282050 612.5
1282060 612.5
1282070 612.5
1282080 612.8
1282090 612.8
1282100 612.4
1282110 612.3
1282120 612.4
1282130 612.4
1282140 612.2
1282150 611.9
1282160 611.9
1282170 612.0
1282180 612.0
1282190 612.0
1282200 612.2
1282210 612.5
1282220 612.5
1282230 612.9
1282240 613.4
1282250 613.4
1282260 614.0
1282270 614.3
1282280 614.3
1282290 614.2
1282300 614.4
1282310 614.4
1282320 614.4
1282330 614.5
1282340 614.5
1282350 614.7
1282360 614.8
1282370 614.8
1282380 614.9
1282390 614.9
1282400 614.9
1282410 614.9
1282420 615.0
1282430 615.1
1282440 615.1
1282450 615.3
1282460 615.5
1282470 615.5
1282480 615.7
1282490 615.7
1282500 615.7
1282510 615.8
1282520 615.9
1282530 615.9
1282540 615.9
1282550 616.0
1282560 616.0
1282570 616.0
1282580 615.9
1282590 615.9
1282600 615.9
1282610 615.8
1282620 615.8
1282630 616.0
1282640 616.1
1282650 616.0
1282660 616.0
1282670 615.9
1282680 616.0
1282690 616.0
1282700 616.2
1282710 616.5
1282720 616.5
1282730 616.7
1282740 616.7
1282750 616.7
1282760 616.6
1282770 616.5
1282780 616.5
1282790 616.4
1282800 616.3
1282810 616.3
1282820 616.0
1282830 616.0
1282840 616.0
1282850 615.7
1282860 611.7
1282870 611.7
1282880 604.7
1282890 600.9
1282900 600.9
1282910 600.5
1282920 600.5
1282930 603.1
1282940 603.1
1282950 608.2
1282960 613.5
1282970 613.5
1282980 614.3
1282990 614.4
1283000 614.4
1283010 614.6
1283020 615.5
1283030 615.5
1283040 615.5
1283050 615.1
1283060 615.1
1283070 614.7
1283080 614.3
1283090 614.3
1283100 614.2
1283110 614.4
1283120 614.4
1283130 614.3
1283140 614.2
1283150 614.2
1283160 614.5
1283170 614.3
1283180 614.1
1283190 614.1
1283200 614.1
1283210 614.3
1283220 614.3
1283230 613.9
1283240 613.5
1283250 613.5
1283260 613.4
1283270 613.2
1283280 613.2
1283290 612.8
1283300 612.5
1283310 612.5
1283320 612.3
1283330 612.7
1283340 612.7
1283350 613.6
1283360 613.2
1283370 613.2
1283380 612.4
1283390 612.5
1283400 612.5
1283410 612.5
1283420 612.3
1283430 612.3
1283440 612.2
1283450 612.1
1283460 611.9
1283470 611.9
1283480 611.7
1283490 611.4
1283500 611.4
1283510 611.1
1283520 610.5
1283530 610.5
1283540 609.4
1283550 608.8
1283560 608.3
1283570 607.9
1283580 608.0
1283590 608.0
1283600 608.1
1283610 607.7
1283620 607.7
1283630 606.3
1283640 605.7
1283650 605.7
1283660 605.6
1283670 606.6
1283680 606.6
1283690 607.8
1283700 608.0
1283710 608.0
1283720 607.8
1283730 607.8
1283740 608.0
1283750 608.0
1283760 607.9
1283770 607.7
1283780 607.7
1283790 607.3
1283800 606.7
1283810 606.7
1283820 606.5
1283830 606.6
1283840 606.6
1283850 606.5
1283860 606.0
1283870 606.0
1283880 605.4
1283890 604.8
1283900 604.8
1283910 604.3
1283920 604.0
1283930 604.0
1283940 603.9
1283950 603.6
1283960 603.6
1283970 603.2
1283980 602.8
1283990 602.7
1284000 602.7
1284010 602.6
1284020 602.3
1284030 602.3
1284040 601.9
1284050 601.6
1284060 601.6
1284070 601.4
1284080 601.2
1284090 601.2
1284100 600.9
1284110 600.8
1284120 600.8
1284130 601.0
1284140 601.0
1284150 601.0
1284160 600.8
1284170 600.5
1284180 600.5
1284190 599.6
1284200 599.3
1284210 599.3
1284220 598.9
1284230 598.7
1284240 598.7
1284250 598.6
1284260 598.4
1284270 598.1
1284280 598.1
1284290 598.1
1284300 598.2
1284310 598.2
1284320 598.0
1284330 597.8
1284340 597.8
1284350 597.5
1284360 597.1
1284370 597.1
1284380 596.9
1284390 596.5
1284400 596.5
1284410 596.3
1284420 596.1
1284430 596.1
1284440 595.7
1284450 595.3
1284460 595.3
1284470 595.0
1284480 594.8
1284490 594.8
1284500 594.5
1284510 594.1
1284520 594.5
1284530 594.5
1284540 594.5
1284550 593.9
1284560 593.9
1284570 593.5
1284580 593.0
1284590 593.0
1284600 592.7
1284610 592.5
1284620 592.5
1284630 592.4
1284640 592.2
1284650 592.2
1284660 591.5
1284670 591.0
1284680 591.0
1284690 590.6
1284700 590.3
1284710 590.3
1284720 590.0
1284730 589.8
1284740 589.8
1284750 589.6
1284760 589.4
1284770 589.4
1284780 589.1
1284790 588.6
1284800 588.0
1284810 588.0
1284820 587.3
1284830 586.5
1284840 586.5
1284850 586.0
1284860 585.7
1284870 585.7
1284880 585.4
1284890 585.1
1284900 585.1
1284910 584.9
1284920 584.8
1284930 584.8
1284940 584.6
1284950 584.3
1284960 584.3
1284970 584.0
1284980 583.6
1284990 583.6
1285000 583.3
1285010 582.8
1285020 582.8
1285030 582.3
1285040 581.6
1285050 581.1
1285060 581.1
1285070 580.7
1285080 580.2
1285090 580.2
1285100 579.8
1285110 579.5
1285120 579.5
1285130 579.2
1285140 578.8
1285150 578.8
1285160 578.7
1285170 578.3
1285180 578.3
1285190 577.8
1285200 577.3
1285210 577.3
1285220 577.0
1285230 576.6
1285240 576.6
1285250 576.3
1285260 576.0
1285270 576.0
1285280 575.5
1285290 575.1
1285300 575.1
1285310 574.6
1285320 574.1
1285330 573.7
1285340 573.7
1285350 573.4
1285360 573.2
1285370 573.2
1285380 573.1
1285390 573.0
1285400 573.0
1285410 573.0
1285420 572.9
1285430 572.9
1285440 572.8
1285450 572.7
1285460 572.7
1285470 571.9
1285480 566.9
1285490 566.9
1285500 560.2
1285510 556.4
1285520 556.4
1285530 555.9
1285540 555.8
1285550 555.8
1285560 555.5
1285570 555.2
1285580 555.2
1285590 555.2
1285600 555.2
1285610 555.3
1285620 555.3
1285630 555.3
1285640 555.2
1285650 555.2
1285660 555.2
1285670 555.2
1285680 555.2
1285690 555.1
1285700 555.0
1285710 555.0
1285720 554.9
1285730 554.9
1285740 554.9
1285750 554.9
1285760 554.9
1285770 554.9
1285780 554.8
1285790 554.9
1285800 554.9
1285810 554.9
1285820 555.0
1285830 555.0
1285840 555.2
1285850 555.4
1285860 555.4
1285870 555.4
1285880 555.2
1285890 555.5
1285900 555.5
1285910 556.6
1285920 557.9
1285930 557.9
1285940 558.1
1285950 557.6
1285960 557.6
1285970 556.3
1285980 555.4
1285990 555.4
1286000 555.2
1286010 555.1
1286020 555.1
1286030 554.9
1286040 554.6
1286050 554.6
1286060 554.5
1286070 554.3
1286080 554.3
1286090 554.3
1286100 554.2
1286110 554.3
1286120 554.3
1286130 554.3
1286140 554.3
1286150 554.3
1286160 554.4
1286170 554.5
1286180 554.5
1286190 554.6
1286200 555.1
1286210 555.1
1286220 554.8
1286230 554.3
1286240 554.3
1286250 554.2
1286260 554.0
1286270 554.0
1286280 553.8
1286290 553.7
1286300 553.7
1286310 553.6
1286320 553.6
1286330 553.6
1286340 553.6
1286350 553.5
1286360 553.5
1286370 553.4
1286380 553.3
1286390 553.3
1286400 553.3
1286410 553.3
1286420 553.2
1286430 553.2
1286440 553.3
1286450 553.4
1286460 553.4
1286470 553.4
1286480 553.5
1286490 553.5
1286500 553.6
1286510 553.6
1286520 553.6
1286530 553.7
1286540 553.7
1286550 553.7
1286560 553.7
1286570 553.7
1286580 553.7
1286590 553.7
1286600 553.8
1286610 553.8
1286620 553.9
1286630 552.9
1286640 552.9
1286650 550.2
1286660 549.4
1286670 549.3
1286680 549.3
1286690 549.3
1286700 549.3
1286710 549.3
1286720 549.3
1286730 549.3
1286740 549.3
1286750 549.3
1286760 549.3
1286770 549.3
1286780 549.3
1286790 550.3
1286800 550.3
1286810 552.6
1286820 555.0
1286830 555.0
1286840 557.1
1286850 557.5
1286860 557.5
1286870 557.5
1286880 557.3
1286890 557.3
1286900 555.5
1286910 554.0
1286920 554.0
1286930 553.7
1286940 553.8
1286950 554.0
1286960 554.0
1286970 554.4
1286980 555.1
1286990 555.1
1287000 555.1
1287010 554.5
1287020 554.5
1287030 554.7
1287040 554.6
1287050 554.6
1287060 554.7
1287070 555.0
1287080 555.0
1287090 555.2
1287100 555.4
1287110 555.4
1287120 555.4
1287130 555.7
1287140 555.7
1287150 555.8
1287160 555.6
1287170 555.6
1287180 555.8
1287190 556.1
1287200 556.2
1287210 556.2
1287220 556.2
1287230 556.3
1287240 556.3
1287250 556.4
1287260 556.4
1287270 556.4
1287280 556.4
1287290 556.3
1287300 556.3
1287310 556.3
1287320 556.3
1287330 556.3
1287340 556.3
1287350 556.2
1287360 556.2
1287370 556.1
1287380 556.1
1287390 556.1
1287400 556.2
1287410 556.4
1287420 556.4
1287430 556.5
1287440 556.5
1287450 556.5
1287460 556.1
1287470 555.6
1287480 555.2
1287490 555.2
1287500 555.1
1287510 555.0
1287520 555.0
1287530 554.9
1287540 554.9
1287550 554.9
1287560 555.0
1287570 554.8
1287580 554.8
1287590 554.8
1287600 554.8
1287610 554.8
1287620 554.7
1287630 554.8
1287640 554.8
1287650 554.9
1287660 555.4
1287670 555.4
1287680 555.7
1287690 555.7
1287700 555.7
1287710 555.7
1287720 555.4
1287730 555.1
1287740 555.1
1287750 555.1
1287760 555.2
1287770 555.2
1287780 555.3
1287790 555.5
1287800 555.5
1287810 555.5
1287820 555.7
1287830 555.7
1287840 555.8
1287850 555.9
1287860 555.9
1287870 556.0
1287880 556.0
1287890 556.0
1287900 555.7
1287910 555.6
1287920 555.6
1287930 555.5
1287940 554.9
1287950 554.9
1287960 554.5
1287970 555.6
1287980 555.6
1287990 555.8
1288000 555.9
1288010 555.9
1288020 555.9
1288030 555.9
1288040 555.6
1288050 556.0
1288060 556.1
1288070 556.2
1288080 556.2
1288090 556.3
1288100 556.3
1288110 556.3
1288120 556.3
1288130 556.3
1288140 556.3
1288150 556.1
1288160 556.0
1288170 556.0
1288180 555.8
1288190 555.6
1288200 555.6
1288210 555.5
1288220 555.4
1288230 555.4
1288240 555.3
1288250 555.2
1288260 555.1
1288270 555.1
1288280 555.1
1288290 555.2
1288300 555.2
1288310 555.2
1288320 555.2
1288330 555.2
1288340 555.1
1288350 555.1
1288360 555.1
1288370 555.4
1288380 555.5
1288390 555.5
1288400 555.2
1288410 555.1
1288420 555.1
1288430 555.0
1288440 554.8
1288450 554.8
1288460 554.6
1288470 554.6
1288480 554.6
1288490 554.7
1288500 554.8
1288510 554.8
1288520 554.9
1288530 554.9
1288540 554.9
1288550 554.9
1288560 554.9
1288570 555.0
1288580 555.0
1288590 555.1
1288600 555.1
1288610 555.1
1288620 555.1
1288630 555.0
1288640 555.0
1288650 555.1
1288660 555.1
1288670 555.1
1288680 557.6
1288690 559.2
1288700 559.1
1288710 559.7
1288720 560.1
1288730 560.1
1288740 560.0
1288750 560.0
1288760 560.0
1288770 560.6
1288780 560.8
1288790 560.8
1288800 560.2
1288810 559.8
1288820 559.8
1288830 559.8
1288840 559.7
1288850 559.6
1288860 559.6
1288870 559.7
1288880 561.6
1288890 561.6
1288900 564.4
1288910 565.7
1288920 565.7
1288930 568.7
1288940 572.0
1288950 572.0
1288960 574.9
1288970 580.1
1288980 580.1
1288990 586.9
1289000 592.1
1289010 592.1
1289020 596.0
1289030 599.4
1289040 599.4
1289050 601.6
1289060 603.9
1289070 605.0
1289080 605.0
1289090 605.1
1289100 599.8
1289110 599.8
1289120 595.0
1289130 592.3
1289140 592.3
1289150 590.5
1289160 587.7
1289170 587.7
1289180 583.9
1289190 581.6
1289200 581.6
1289210 580.5
1289220 579.8
1289230 579.8
1289240 578.8
1289250 578.4
1289260 578.4
1289270 576.9
1289280 575.0
1289290 575.0
1289300 575.0
1289310 575.3
1289320 575.3
1289330 573.9
1289340 570.8
1289350 574.0
1289360 574.0
1289370 570.8
1289380 568.1
1289390 568.1
1289400 565.7
1289410 563.1
1289420 563.1
1289430 562.0
1289440 562.1
1289450 562.1
1289460 562.5
1289470 562.7
1289480 562.7
1289490 562.7
1289500 562.8
1289510 562.8
1289520 562.9
1289530 563.1
1289540 563.1
1289550 563.2
1289560 563.3
1289570 563.3
1289580 563.5
1289590 563.6
1289600 563.7
1289610 563.7
1289620 563.8
1289630 563.9
1289640 563.9
1289650 564.4
1289660 564.8
1289670 564.8
1289680 565.4
1289690 567.1
1289700 567.1
1289710 567.3
1289720 567.6
1289730 567.6
1289740 567.5
1289750 567.5
1289760 567.5
1289770 567.7
1289780 567.7
1289790 567.7
1289800 567.7
1289810 568.0
1289820 568.0
1289830 568.1
1289840 568.4
1289850 568.4
1289860 568.6
1289870 568.8
1289880 568.7
1289890 568.7
1289900 568.7
1289910 568.5
1289920 568.5
1289930 568.2
1289940 568.1
1289950 568.1
1289960 568.2
1289970 568.3
1289980 568.3
1289990 568.5
1290000 568.7
1290010 568.8
1290020 569.1
1290030 569.4
1290040 569.4
1290050 569.7
1290060 570.2
1290070 570.2
1290080 570.4
1290090 570.3
1290100 570.3
1290110 570.3
1290120 570.2
1290130 570.2
1290140 570.2
1290150 570.1
1290160 570.2
1290170 570.2
1290180 570.2
1290190 570.0
1290200 570.0
1290210 569.8
1290220 569.8
1290230 569.8
1290240 569.8
1290250 569.9
1290260 569.9
1290270 570.0
1290280 570.1
1290290 570.1
1290300 570.4
1290310 570.7
1290320 570.7
1290330 570.5
1290340 570.3
1290350 570.3
1290360 569.6
1290370 568.7
1290380 568.7
1290390 568.3
1290400 568.3
1290410 568.5
1290420 568.5
1290430 568.6
1290440 568.7
1290450 568.7
1290460 568.7
1290470 567.7
1290480 567.7
1290490 564.8
1290500 566.0
1290510 566.0
1290520 568.2
1290530 568.6
1290540 568.6
1290550 569.4
1290560 570.8
1290570 570.8
1290580 571.9
1290590 573.0
1290600 573.0
1290610 574.1
1290620 574.5
1290630 574.5
1290640 574.4
1290650 574.2
1290660 574.5
1290670 574.8
1290680 575.1
1290690 575.7
1290700 575.7
1290710 576.4
1290720 576.1
1290730 576.1
1290740 575.7
1290750 575.5
1290760 575.5
1290770 575.3
1290780 574.7
1290790 574.7
1290800 574.3
1290810 573.8
1290820 573.8
1290830 573.0
1290840 572.5
1290850 572.5
1290860 572.3
1290870 572.0
1290880 572.0
1290890 571.6
1290900 571.2
1290910 571.2
1290920 570.9
1290930 570.5
1290940 570.1
1290950 570.1
1290960 569.8
1290970 569.4
1290980 569.4
1290990 569.2
1291000 569.1
1291010 569.1
1291020 569.2
1291030 569.3
1291040 569.3
1291050 569.2
1291060 569.3
1291070 569.3
1291080 569.1
1291090 568.8
1291100 568.8
1291110 568.6
1291120 568.4
1291130 568.4
1291140 568.4
1291150 568.6
1291160 568.6
1291170 568.8
1291180 569.2
1291190 569.2
1291200 570.3
1291210 570.8
1291220 571.4
1291230 571.4
1291240 572.4
1291250 573.2
1291260 573.2
1291270 573.8
1291280 574.1
1291290 574.1
1291300 575.2
1291310 576.9
1291320 581.3
1291330 583.5
1291340 585.2
1291350 585.2
1291360 586.2
1291370 586.3
1291380 586.3
1291390 586.9
1291400 587.1
1291410 587.1
1291420 587.9
1291430 589.5
1291440 589.5
1291450 591.0
1291460 592.7
1291470 593.9
1291480 593.9
1291490 594.0
1291500 595.4
1291510 595.4
1291520 597.3
1291530 599.8
1291540 599.8
1291550 603.3
1291560 606.1
1291570 606.1
1291580 606.6
1291590 605.3
1291600 605.3
1291610 606.0
1291620 608.0
1291630 608.0
1291640 611.3
1291650 613.8
1291660 613.8
1291670 615.4
1291680 616.8
1291690 616.8
1291700 620.1
1291710 622.9
1291720 622.9
1291730 625.7
1291740 627.7
1291750 628.3
1291760 628.3
1291770 630.8
1291780 634.0
1291790 634.0
1291800 637.2
1291810 638.1
1291820 638.1
1291830 639.2
1291840 640.8
1291850 640.8
1291860 641.1
1291870 639.9
1291880 639.9
1291890 633.6
1291900 631.8
1291910 631.8
1291920 630.3
1291930 632.2
1291940 632.2
1291950 640.3
1291960 650.6
1291970 650.6
1291980 656.8
1291990 665.5
1292000 671.6
1292010 671.6
1292020 676.9
1292030 682.3
1292040 682.3
1292050 686.3
1292060 689.4
1292070 689.4
1292080 691.9
1292090 694.1
1292100 694.1
1292110 695.8
1292120 697.3
1292130 697.3
1292140 698.6
1292150 699.2
1292160 699.2
1292170 697.4
1292180 694.9
1292190 694.9
1292200 692.1
1292210 693.8
1292220 693.8
1292230 699.3
1292240 708.1
1292250 708.1
1292260 712.2
1292270 713.4
1292280 714.6
1292290 714.6
1292300 716.9
1292310 719.0
1292320 719.0
1292330 720.3
1292340 721.2
1292350 721.2
1292360 721.7
1292370 722.2
1292380 722.2
1292390 723.0
1292400 724.1
1292410 724.1
1292420 725.1
1292430 726.5
1292440 726.5
1292450 728.0
1292460 729.7
1292470 729.7
1292480 731.5
1292490 733.3
1292500 733.3
1292510 734.8
1292520 736.6
1292530 738.2
1292540 738.2
1292550 738.9
1292560 737.7
1292570 737.7
1292580 736.1
1292590 738.1
1292600 738.1
1292610 741.3
1292620 743.1
1292630 743.1
1292640 747.2
1292650 747.5
1292660 747.5
1292670 747.7
1292680 748.1
1292690 748.1
1292700 748.0
1292710 747.2
1292720 747.2
1292730 746.7
1292740 746.8
1292750 746.8
1292760 745.5
1292770 745.5
1292780 745.5
1292790 745.2
1292800 744.4
1292810 743.8
1292820 743.8
1292830 746.8
1292840 746.5
1292850 746.5
1292860 746.5
1292870 750.5
1292880 750.5
1292890 751.5
1292900 751.5
1292910 751.5
1292920 751.4
1292930 753.5
1292940 753.5
1292950 756.2
1292960 756.6
1292970 756.6
1292980 757.2
1292990 758.0
1293000 758.0
1293010 758.5
1293020 758.6
1293030 758.6
1293040 758.8
1293050 759.3
1293060 759.3
1293070 761.7
1293080 763.1
1293090 766.8
1293100 766.8
1293110 769.5
1293120 772.6
1293130 772.6
1293140 778.0
1293150 784.3
1293160 784.3
1293170 788.5
1293180 791.4
1293190 791.4
1293200 793.3
1293210 796.2
1293220 796.2
1293230 800.1
1293240 804.4
1293250 804.4
1293260 809.0
1293270 813.7
1293280 813.7
1293290 817.8
1293300 820.6
1293310 823.6
1293320 826.6
1293330 829.8
1293340 834.0
1293350 834.0
1293360 838.5
1293370 842.2
1293380 842.2
1293390 844.8
1293400 846.8
1293410 846.8
1293420 848.2
1293430 848.8
1293440 848.8
1293450 849.1
1293460 848.9
1293470 848.9
1293480 848.4
1293490 848.0
1293500 848.0
1293510 848.0
1293520 849.0
1293530 849.0
1293540 850.2
1293550 851.3
1293560 851.3
1293570 852.7
1293580 853.9
1293590 853.9
1293600 855.5
1293610 857.0
1293620 858.7
1293630 858.7
1293640 860.3
1293650 862.0
1293660 862.0
1293670 864.4
1293680 868.5
1293690 868.5
1293700 871.1
1293710 872.5
1293720 872.5
1293730 873.9
1293740 876.1
1293750 876.1
1293760 879.2
1293770 882.2
1293780 882.2
1293790 884.1
1293800 885.9
1293810 885.9
1293820 887.8
1293830 889.1
1293840 889.1
1293850 890.2
1293860 890.9
1293870 890.1
1293880 890.1
1293890 888.9
1293900 889.5
1293910 889.5
1293920 891.4
1293930 891.7
1293940 891.7
1293950 893.0
1293960 893.8
1293970 897.9
1293980 900.1
1293990 901.1
1294000 901.1
1294010 901.4
1294020 902.9
1294030 902.9
1294040 904.4
1294050 906.8
1294060 906.8
1294070 911.8
1294080 916.6
1294090 916.6
1294100 920.4
1294110 922.2
1294120 922.2
1294130 924.9
1294140 927.4
1294150 929.2
1294160 929.2
1294170 930.8
1294180 932.6
1294190 932.6
1294200 935.2
1294210 938.2
1294220 938.2
1294230 940.5
1294240 942.1
1294250 942.1
1294260 943.8
1294270 945.4
1294280 945.4
1294290 947.1
1294300 948.5
1294310 948.5
1294320 949.3
1294330 949.6
1294340 949.6
1294350 950.4
1294360 951.9
1294370 951.9
1294380 954.4
1294390 956.0
1294400 956.6
1294410 956.6
1294420 957.4
1294430 958.2
1294440 958.2
1294450 958.9
1294460 958.6
1294470 958.6
1294480 956.4
1294490 954.7
1294500 954.7
1294510 954.0
1294520 950.1
1294530 950.1
1294540 946.5
1294550 944.7
1294560 944.7
1294570 945.3
1294580 947.4
1294590 947.4
1294600 949.7
1294610 951.0
1294620 951.0
1294630 951.7
1294640 958.6
1294650 958.6
1294660 960.3
1294670 960.0
1294680 959.8
1294690 959.8
1294700 959.8
1294710 960.1
1294720 960.1
1294730 960.3
1294740 960.5
1294750 960.5
1294760 960.6
1294770 960.6
1294780 960.6
1294790 960.3
1294800 959.9
1294810 959.9
1294820 959.6
1294830 959.4
1294840 959.4
1294850 959.2
1294860 959.2
1294870 959.2
1294880 959.4
1294890 957.9
1294900 957.9
1294910 952.1
1294920 949.3
1294930 949.3
1294940 954.5
1294950 956.0
1294960 954.8
1294970 954.8
1294980 953.5
1294990 952.5
1295000 952.5
1295010 951.0
1295020 949.4
1295030 949.4
1295040 947.3
1295050 944.7
1295060 944.7
1295070 940.8
1295080 936.4
1295090 936.4
1295100 933.5
1295110 930.8
1295120 930.8
1295130 927.8
1295140 926.3
1295150 926.3
1295160 925.3
1295170 924.1
1295180 924.1
1295190 923.3
1295200 920.2
1295210 917.0
1295220 917.0
1295230 911.5
1295240 904.6
1295250 904.6
1295260 899.6
1295270 895.9
1295280 895.9
1295290 894.2
1295300 894.8
1295310 894.8
1295320 902.4
1295330 904.0
1295340 904.0
1295350 901.4
1295360 895.6
1295370 895.6
1295380 889.3
1295390 883.9
1295400 883.9
1295410 878.7
1295420 875.0
1295430 875.0
1295440 874.1
1295450 876.6
1295460 876.6
1295470 880.8
1295480 886.5
1295490 890.7
1295500 890.7
1295510 893.0
1295520 893.1
1295530 893.1
1295540 892.7
1295550 893.1
1295560 893.1
1295570 892.4
1295580 890.8
1295590 890.8
1295600 889.1
1295610 887.3
1295620 887.3
1295630 885.5
1295640 881.9
1295650 881.9
1295660 877.2
1295670 872.2
1295680 872.2
1295690 867.0
1295700 862.0
1295710 862.0
1295720 857.8
1295730 856.4
1295740 857.9
1295750 857.9
1295760 857.9
1295770 859.6
1295780 859.6
1295790 857.8
1295800 851.7
1295810 851.7
1295820 847.7
1295830 846.4
1295840 846.4
1295850 846.7
1295860 846.4
1295870 846.4
1295880 845.2
1295890 843.6
1295900 843.6
1295910 841.9
1295920 840.0
1295930 840.0
1295940 838.1
1295950 836.4
1295960 836.4
1295970 834.5
1295980 832.3
1295990 834.4
1296000 832.0
1296010 829.4
1296020 827.1
1296030 827.1
1296040 824.7
1296050 822.3
1296060 822.3
1296070 820.1
1296080 817.7
1296090 817.7
1296100 815.1
1296110 812.8
1296120 812.8
1296130 810.0
1296140 807.6
1296150 807.6
1296160 805.9
1296170 804.7
1296180 804.7
1296190 803.1
1296200 802.6
1296210 802.6
1296220 802.3
1296230 803.0
1296240 803.0
1296250 802.7
1296260 801.9
1296270 801.3
1296280 801.3
1296290 799.9
1296300 798.0
1296310 798.0
1296320 796.0
1296330 794.3
1296340 794.3
1296350 792.9
1296360 792.3
1296370 792.3
1296380 792.2
1296390 792.3
1296400 792.3
1296410 792.3
1296420 792.4
1296430 792.4
1296440 792.4
1296450 792.4
1296460 792.4
1296470 792.1
1296480 791.9
1296490 791.9
1296500 792.0
1296510 791.4
1296520 791.4
1296530 790.2
1296540 788.5
1296550 786.6
1296560 786.6
1296570 784.5
1296580 782.8
1296590 782.8
1296600 782.5
1296610 782.1
1296620 782.1
1296630 781.5
1296640 781.0
1296650 781.0
1296660 780.6
1296670 782.2
1296680 782.2
1296690 781.9
1296700 781.5
1296710 781.5
1296720 781.3
1296730 781.0
1296740 781.0
1296750 780.7
1296760 780.3
1296770 780.3
1296780 779.8
1296790 779.3
1296800 779.3
1296810 778.9
1296820 778.5
1296830 777.8
1296840 777.8
1296850 781.2
1296860 786.2
1296870 786.2
1296880 790.6
1296890 793.1
1296900 793.1
1296910 794.3
1296920 795.3
1296930 795.3
1296940 796.2
1296950 797.0
1296960 797.0
1296970 797.9
1296980 798.8
1296990 798.8
1297000 799.9
1297010 800.7
1297020 800.7
1297030 801.5
1297040 802.1
1297050 802.1
1297060 802.6
1297070 802.7
1297080 800.6
1297090 800.6
1297100 794.7
1297110 787.7
1297120 787.7
1297130 781.0
1297140 773.9
1297150 773.9
1297160 765.7
1297170 760.2
1297180 760.2
1297190 754.0
1297200 746.2
1297210 746.2
1297220 737.0
1297230 725.7
1297240 725.7
1297250 714.5
1297260 704.5
1297270 704.5
1297280 700.2
1297290 703.0
1297300 703.0
1297310 710.2
1297320 717.7
1297330 717.7
1297340 725.2
1297350 736.5
1297360 744.2
1297370 744.2
1297380 751.0
1297390 755.8
1297400 755.8
1297410 761.6
1297420 768.2
1297430 768.2
1297440 775.2
1297450 782.0
1297460 782.0
1297470 788.3
1297480 794.6
1297490 794.6
1297500 800.2
1297510 806.0
1297520 806.0
1297530 810.2
1297540 812.2
1297550 812.2
1297560 815.3
1297570 818.8
1297580 818.8
1297590 822.3
1297600 825.9
1297610 829.0
1297620 829.0
1297630 831.4
1297640 837.2
1297650 837.2
1297660 839.5
1297670 837.9
1297680 837.9
1297690 837.6
1297700 840.7
1297710 840.7
1297720 844.5
1297730 849.9
1297740 849.9
1297750 852.4
1297760 853.5
1297770 853.5
1297780 855.0
1297790 856.8
1297800 856.8
1297810 858.6
1297820 860.1
1297830 860.1
1297840 862.1
1297850 864.1
1297860 864.1
1297870 866.1
1297880 868.4
1297890 870.3
1297900 870.3
1297910 872.0
1297920 874.0
1297930 874.0
1297940 875.7
1297950 877.8
1297960 877.8
1297970 879.9
1297980 881.5
1297990 881.5
1298000 883.3
1298010 885.1
1298020 885.1
1298030 887.2
1298040 888.9
1298050 888.9
1298060 890.5
1298070 892.4
1298080 892.4
1298090 894.2
1298100 896.0
1298110 896.0
1298120 898.4
1298130 900.4
1298140 902.8
1298150 902.8
1298160 907.5
1298170 911.2
1298180 911.2
1298190 914.5
1298200 916.1
1298210 916.1
1298220 919.2
1298230 922.4
1298240 922.4
1298250 925.9
1298260 929.4
1298270 929.4
1298280 933.3
1298290 937.4
1298300 937.4
1298310 941.5
1298320 944.9
1298330 944.9
1298340 948.2
1298350 951.7
1298360 951.7
1298370 954.2
1298380 956.4
1298390 956.4
1298400 959.0
1298410 961.6
1298420 964.6
1298430 964.6
1298440 968.1
1298450 971.7
1298460 971.7
1298470 975.6
1298480 979.6
1298490 979.6
1298500 983.8
1298510 988.1
1298520 988.1
1298530 992.1
1298540 995.5
1298550 995.5
1298560 998.4
1298570 1001.9
1298580 1001.9
1298590 1004.3
1298600 1006.5
1298610 1006.5
1298620 1009.8
1298630 1013.7
1298640 1013.7
1298650 1017.3
1298660 1020.3
1298670 1023.5
1298680 1023.5
1298690 1026.7
1298700 1029.6
1298710 1029.5
1298720 1032.6
1298730 1035.1
1298740 1035.1
1298750 1038.9
1298760 1044.0
1298770 1044.0
1298780 1050.2
1298790 1055.8
1298800 1055.8
1298810 1059.9
1298820 1063.9
1298830 1063.9
1298840 1069.0
1298850 1074.9
1298860 1074.9
1298870 1079.5
1298880 1083.4
1298890 1083.4
1298900 1086.7
1298910 1090.1
1298920 1090.1
1298930 1094.4
1298940 1097.6
1298950 1100.7
1298960 1100.7
1298970 1103.4
1298980 1105.7
1298990 1105.7
1299000 1107.8
1299010 1110.9
1299020 1110.9
1299030 1114.5
1299040 1120.0
1299050 1120.0
1299060 1127.9
1299070 1135.5
1299080 1135.5
1299090 1139.6
1299100 1141.1
1299110 1141.1
1299120 1142.6
1299130 1145.6
1299140 1145.6
1299150 1147.6
1299160 1153.3
1299170 1153.3
1299180 1157.1
1299190 1158.1
1299200 1158.1
1299210 1160.1
1299220 1163.1
1299230 1166.9
1299240 1166.9
1299250 1173.7
1299260 1180.7
1299270 1180.7
1299280 1183.9
1299290 1187.2
1299300 1187.2
1299310 1189.6
1299320 1192.8
1299330 1192.8
1299340 1195.3
1299350 1197.2
1299360 1197.2
1299370 1198.7
1299380 1200.1
1299390 1200.1
1299400 1201.0
1299410 1202.5
1299420 1202.5
1299430 1204.5
1299440 1206.8
1299450 1206.8
1299460 1209.2
1299470 1211.9
1299480 1214.3
1299490 1214.3
1299500 1216.9
1299510 1219.7
1299520 1219.7
1299530 1222.5
1299540 1225.0
1299550 1225.0
1299560 1227.2
1299570 1229.3
1299580 1229.3
1299590 1231.7
1299600 1233.8
1299610 1233.8
1299620 1235.8
1299630 1237.7
1299640 1237.7
1299650 1239.7
1299660 1241.7
1299670 1241.7
1299680 1243.4
1299690 1245.2
1299700 1245.2
1299710 1247.3
1299720 1249.6
1299730 1249.6
1299740 1251.6
1299750 1253.6
1299760 1255.6
1299770 1255.6
1299780 1257.6
1299790 1259.4
1299800 1259.4
1299810 1261.2
1299820 1262.9
1299830 1262.9
1299840 1264.9
1299850 1266.8
1299860 1266.8
1299870 1268.1
1299880 1269.5
1299890 1269.5
1299900 1271.3
1299910 1273.3
1299920 1273.3
1299930 1275.2
1299940 1277.1
1299950 1277.1
1299960 1280.3
1299970 1285.5
1299980 1285.5
1299990 1289.4
