1280000 629.2
1280010 629.2
1280020 629.4
1280030 629.6
1280040 629.6
1280050 629.8
1280060 629.8
1280070 629.8
1280080 629.9
1280090 630.1
1280100 630.1
1280110 630.2
1280120 630.3
1280130 630.3
1280140 630.5
1280150 630.7
1280160 630.0
1280170 630.2
1280180 630.5
1280190 630.5
1280200 630.8
1280210 631.0
1280220 631.0
1280230 631.3
1280240 631.6
1280250 631.6
1280260 632.0
1280270 632.0
1280280 632.1
1280290 632.1
1280300 632.3
1280310 632.8
1280320 632.8
1280330 633.1
1280340 633.3
1280350 633.3
1280360 633.6
1280370 634.2
1280380 634.2
1280390 634.8
1280400 635.1
1280410 635.1
1280420 635.4
1280430 635.7
1280440 635.7
1280450 636.3
1280460 636.4
1280470 636.4
1280480 636.4
1280490 637.3
1280500 637.3
1280510 637.8
1280520 637.4
1280530 637.4
1280540 637.9
1280550 638.4
1280560 638.8
1280570 638.8
1280580 639.2
1280590 639.6
1280600 639.6
1280610 639.9
1280620 640.4
1280630 640.4
1280640 640.9
1280650 641.5
1280660 641.5
1280670 641.9
1280680 642.2
1280690 642.2
1280700 642.5
1280710 642.7
1280720 642.7
1280730 642.9
1280740 643.3
1280750 643.3
1280760 643.3
1280770 643.1
1280780 642.5
1280790 642.2
1280800 642.6
1280810 642.9
1280820 642.9
1280830 643.2
1280840 643.0
1280850 643.0
1280860 643.2
1280870 643.3
1280880 643.3
1280890 643.3
1280900 643.0
1280910 643.0
1280920 643.2
1280930 643.9
1280940 643.9
1280950 644.3
1280960 644.0
1280970 644.0
1280980 643.5
1280990 643.0
1281000 643.0
1281010 642.3
1281020 643.0
1281030 643.0
1281040 645.8
1281050 648.4
1281060 648.4
1281070 650.5
1281080 654.5
1281090 653.7
1281100 653.7
1281110 651.0
1281120 647.4
1281130 647.4
1281140 643.1
1281150 640.5
1281160 640.5
1281170 639.4
1281180 638.5
1281190 638.5
1281200 637.9
1281210 637.4
1281220 637.4
1281230 637.3
1281240 637.8
1281250 637.8
1281260 638.2
1281270 638.0
1281280 638.0
1281290 639.1
1281300 639.5
1281310 639.5
1281320 639.5
1281330 639.1
1281340 639.1
1281350 639.7
1281360 639.9
1281370 640.4
1281380 640.4
1281390 640.7
1281400 641.1
1281410 641.0
1281420 641.6
1281430 642.8
1281440 642.8
1281450 645.3
1281460 649.6
1281470 649.6
1281480 651.7
1281490 652.2
1281500 652.2
1281510 652.8
1281520 653.4
1281530 653.4
1281540 654.1
1281550 654.8
1281560 654.8
1281570 655.4
1281580 656.1
1281590 656.1
1281600 656.8
1281610 657.6
1281620 658.3
1281630 658.3
1281640 659.0
1281650 659.9
1281660 659.9
1281670 660.8
1281680 661.5
1281690 661.5
1281700 662.0
1281710 662.6
1281720 662.6
1281730 663.4
1281740 664.1
1281750 664.1
1281760 664.5
1281770 664.8
1281780 664.8
1281790 665.3
1281800 665.7
1281810 665.7
1281820 666.4
1281830 666.8
1281840 666.8
1281850 666.7
1281860 666.8
1281870 666.8
1281880 666.9
1281890 666.7
1281900 666.3
1281910 666.3
1281920 665.8
1281930 665.3
1281940 665.3
1281950 666.6
1281960 667.7
1281970 667.7
1281980 667.9
1281990 667.8
1282000 667.8
1282010 667.7
1282020 667.5
1282030 666.8
1282040 666.7
1282050 667.3
1282060 667.3
1282070 667.3
1282080 667.3
1282090 667.3
1282100 667.8
1282110 667.9
1282120 667.9
1282130 668.0
1282140 668.2
1282150 668.2
1282160 668.3
1282170 667.9
1282180 668.3
1282190 668.3
1282200 668.6
1282210 668.8
1282220 668.8
1282230 668.9
1282240 668.8
1282250 668.8
1282260 667.8
1282270 667.4
1282280 667.4
1282290 667.1
1282300 666.9
1282310 666.9
1282320 666.8
1282330 667.0
1282340 667.0
1282350 667.2
1282360 667.2
1282370 667.2
1282380 667.5
1282390 668.4
1282400 668.4
1282410 668.8
1282420 669.0
1282430 669.3
1282440 669.3
1282450 669.3
1282460 669.2
1282470 669.2
1282480 668.9
1282490 668.7
1282500 668.7
1282510 668.5
1282520 668.3
1282530 668.3
1282540 668.0
1282550 667.6
1282560 667.6
1282570 667.7
1282580 667.9
1282590 667.9
1282600 667.8
1282610 667.7
1282620 667.7
1282630 667.9
1282640 667.8
1282650 667.8
1282660 667.9
1282670 667.5
1282680 667.5
1282690 667.1
1282700 667.2
1282710 667.3
1282720 667.3
1282730 667.4
1282740 667.4
1282750 667.4
1282760 667.5
1282770 667.5
1282780 667.5
1282790 667.4
1282800 667.4
1282810 667.4
1282820 667.1
1282830 666.7
1282840 666.7
1282850 666.0
1282860 661.5
1282870 661.5
1282880 654.6
1282890 649.5
1282900 649.5
1282910 647.2
1282920 650.7
1282930 650.7
1282940 656.7
1282950 663.8
1282960 663.8
1282970 667.7
1282980 668.3
1282990 668.6
1283000 668.6
1283010 668.4
1283020 668.0
1283030 668.0
1283040 667.9
1283050 667.7
1283060 667.7
1283070 667.4
1283080 667.4
1283090 667.4
1283100 667.1
1283110 667.0
1283120 667.0
1283130 667.1
1283140 667.1
1283150 667.1
1283160 666.5
1283170 665.9
1283180 665.9
1283190 665.8
1283200 665.8
1283210 665.8
1283220 665.5
1283230 665.0
1283240 664.0
1283250 664.0
1283260 663.7
1283270 664.3
1283280 664.3
1283290 665.4
1283300 665.1
1283310 665.1
1283320 663.6
1283330 663.0
1283340 663.0
1283350 662.7
1283360 662.5
1283370 662.5
1283380 662.2
1283390 661.9
1283400 661.9
1283410 661.7
1283420 661.5
1283430 661.5
1283440 661.4
1283450 661.2
1283460 661.2
1283470 661.1
1283480 661.1
1283490 661.1
1283500 660.6
1283510 660.1
1283520 659.8
1283530 659.8
1283540 659.6
1283550 659.4
1283560 659.4
1283570 658.9
1283580 658.4
1283590 658.4
1283600 658.0
1283610 657.5
1283620 657.5
1283630 657.3
1283640 657.3
1283650 657.3
1283660 657.1
1283670 656.7
1283680 656.7
1283690 656.2
1283700 655.5
1283710 655.5
1283720 654.5
1283730 653.7
1283740 653.7
1283750 653.3
1283760 653.0
1283770 653.0
1283780 652.8
1283790 652.6
1283800 652.4
1283810 652.4
1283820 652.1
1283830 651.7
1283840 651.7
1283850 651.3
1283860 651.0
1283870 651.0
1283880 650.5
1283890 650.1
1283900 650.1
1283910 649.8
1283920 649.5
1283930 648.8
1283940 648.6
1283950 648.7
1283960 648.7
1283970 649.7
1283980 651.3
1283990 651.3
1284000 654.5
1284010 659.5
1284020 659.5
1284030 662.7
1284040 663.9
1284050 664.4
1284060 664.4
1284070 664.8
1284080 665.7
1284090 665.7
1284100 665.9
1284110 666.7
1284120 666.7
1284130 667.4
1284140 668.3
1284150 668.3
1284160 668.9
1284170 668.5
1284180 668.5
1284190 670.0
1284200 672.9
1284210 672.9
1284220 677.5
1284230 683.4
1284240 683.4
1284250 687.4
1284260 690.0
1284270 690.0
1284280 691.8
1284290 693.3
1284300 693.3
1284310 693.3
1284320 693.4
1284330 693.8
1284340 693.8
1284350 695.0
1284360 694.9
1284370 694.9
1284380 692.8
1284390 690.3
1284400 690.3
1284410 687.5
1284420 684.6
1284430 684.6
1284440 681.2
1284450 678.0
1284460 678.0
1284470 675.4
1284480 673.9
1284490 673.9
1284500 672.6
1284510 670.4
1284520 670.4
1284530 670.0
1284540 667.4
1284550 667.4
1284560 666.7
1284570 663.1
1284580 663.1
1284590 662.6
1284600 661.1
1284610 659.8
1284620 659.8
1284630 658.5
1284640 657.5
1284650 657.5
1284660 656.9
1284670 656.3
1284680 656.3
1284690 655.3
1284700 653.6
1284710 653.6
1284720 652.7
1284730 652.7
1284740 652.7
1284750 652.9
1284760 652.2
1284770 652.2
1284780 651.1
1284790 649.9
1284800 649.9
1284810 649.3
1284820 649.6
1284830 649.6
1284840 650.5
1284850 649.9
1284860 648.8
1284870 648.8
1284880 647.2
1284890 645.6
1284900 645.6
1284910 644.9
1284920 644.5
1284930 644.5
1284940 645.1
1284950 645.0
1284960 645.0
1284970 644.8
1284980 644.9
1284990 644.9
1285000 644.8
1285010 644.8
1285020 644.8
1285030 645.0
1285040 645.3
1285050 645.3
1285060 645.9
1285070 646.3
1285080 646.3
1285090 646.3
1285100 646.2
1285110 646.2
1285120 646.0
1285130 645.9
1285140 645.6
1285150 645.6
1285160 645.4
1285170 645.4
1285180 645.4
1285190 645.5
1285200 645.7
1285210 644.2
1285220 644.4
1285230 644.6
1285240 644.6
1285250 644.8
1285260 644.3
1285270 644.3
1285280 643.2
1285290 641.1
1285300 641.1
1285310 639.2
1285320 637.0
1285330 637.0
1285340 631.7
1285350 629.0
1285360 629.0
1285370 629.4
1285380 632.1
1285390 632.1
1285400 632.5
1285410 632.4
1285420 630.8
1285430 630.8
1285440 628.8
1285450 626.3
1285460 626.3
1285470 620.8
1285480 615.0
1285490 615.0
1285500 612.5
1285510 612.1
1285520 612.1
1285530 612.9
1285540 615.2
1285550 615.2
1285560 620.4
1285570 626.4
1285580 626.4
1285590 630.4
1285600 631.0
1285610 631.0
1285620 630.9
1285630 630.9
1285640 630.9
1285650 631.0
1285660 631.1
1285670 631.2
1285680 631.2
1285690 631.4
1285700 631.7
1285710 631.7
1285720 631.8
1285730 631.0
1285740 631.0
1285750 628.8
1285760 626.5
1285770 626.5
1285780 624.5
1285790 623.2
1285800 623.2
1285810 622.5
1285820 621.8
1285830 621.8
1285840 620.3
1285850 614.7
1285860 614.7
1285870 613.5
1285880 612.7
1285890 612.7
1285900 611.6
1285910 607.3
1285920 607.3
1285930 601.5
1285940 599.6
1285950 599.9
1285960 599.9
1285970 603.9
1285980 606.8
1285990 606.8
1286000 606.7
1286010 606.2
1286020 606.2
1286030 605.5
1286040 602.5
1286050 602.5
1286060 596.6
1286070 593.4
1286080 593.4
1286090 592.0
1286100 591.3
1286110 591.3
1286120 590.6
1286130 590.5
1286140 590.5
1286150 589.7
1286160 587.7
1286170 587.7
1286180 586.0
1286190 584.6
1286200 584.6
1286210 583.8
1286220 583.2
1286230 582.8
1286240 582.8
1286250 582.6
1286260 582.2
1286270 582.2
1286280 580.3
1286290 576.7
1286300 576.7
1286310 572.6
1286320 568.8
1286330 568.8
1286340 565.3
1286350 563.7
1286360 563.7
1286370 562.0
1286380 560.0
1286390 560.0
1286400 558.7
1286410 557.3
1286420 557.3
1286430 556.5
1286440 554.7
1286450 554.7
1286460 553.7
1286470 553.3
1286480 553.1
1286490 553.1
1286500 552.9
1286510 552.9
1286520 552.9
1286530 552.9
1286540 552.9
1286550 552.9
1286560 553.2
1286570 553.3
1286580 553.3
1286590 553.5
1286600 553.1
1286610 553.1
1286620 552.6
1286630 552.8
1286640 552.8
1286650 553.2
1286660 553.1
1286670 553.1
1286680 552.9
1286690 552.9
1286700 552.9
1286710 552.9
1286720 552.9
1286730 552.9
1286740 552.9
1286750 552.9
1286760 552.9
1286770 552.9
1286780 553.0
1286790 553.0
1286800 553.0
1286810 552.9
1286820 552.8
1286830 552.8
1286840 552.7
1286850 552.7
1286860 552.7
1286870 552.7
1286880 552.8
1286890 552.8
1286900 552.7
1286910 552.6
1286920 552.6
1286930 552.5
1286940 552.6
1286950 552.6
1286960 552.8
1286970 552.8
1286980 552.8
1286990 552.8
1287000 552.7
1287010 552.7
1287020 552.7
1287030 552.5
1287040 552.3
1287050 552.3
1287060 552.0
1287070 551.9
1287080 551.9
1287090 551.8
1287100 551.8
1287110 551.8
1287120 551.9
1287130 551.9
1287140 551.8
1287150 551.7
1287160 551.7
1287170 551.7
1287180 552.1
1287190 552.9
1287200 552.9
1287210 552.0
1287220 551.9
1287230 551.9
1287240 551.9
1287250 552.0
1287260 552.0
1287270 552.1
1287280 552.9
1287290 554.6
1287300 554.6
1287310 554.6
1287320 554.4
1287330 554.4
1287340 554.4
1287350 553.0
1287360 553.0
1287370 550.1
1287380 548.5
1287390 548.5
1287400 548.4
1287410 548.4
1287420 548.4
1287430 548.4
1287440 548.4
1287450 548.4
1287460 548.4
1287470 548.4
1287480 548.4
1287490 548.3
1287500 548.3
1287510 548.3
1287520 548.3
1287530 548.3
1287540 548.3
1287550 548.4
1287560 548.8
1287570 549.5
1287580 549.5
1287590 551.4
1287600 552.6
1287610 552.6
1287620 553.2
1287630 554.7
1287640 554.7
1287650 554.8
1287660 554.8
1287670 554.8
1287680 554.6
1287690 553.9
1287700 553.9
1287710 552.7
1287720 552.3
1287730 552.3
1287740 552.2
1287750 552.3
1287760 552.3
1287770 552.2
1287780 552.6
1287790 552.2
1287800 552.1
1287810 551.9
1287820 552.1
1287830 552.1
1287840 552.0
1287850 551.8
1287860 551.8
1287870 551.7
1287880 551.8
1287890 551.8
1287900 551.8
1287910 551.9
1287920 551.9
1287930 551.8
1287940 551.8
1287950 551.8
1287960 551.8
1287970 551.8
1287980 551.8
1287990 551.7
1288000 551.7
1288010 551.7
1288020 551.6
1288030 551.7
1288040 551.7
1288050 551.7
1288060 551.7
1288070 551.7
1288080 551.7
1288090 551.6
1288100 551.5
1288110 551.5
1288120 551.4
1288130 551.3
1288140 551.3
1288150 551.3
1288160 551.3
1288170 551.3
1288180 551.4
1288190 551.5
1288200 551.5
1288210 551.6
1288220 551.5
1288230 551.5
1288240 551.3
1288250 551.3
1288260 551.3
1288270 551.2
1288280 551.2
1288290 551.2
1288300 551.3
1288310 551.3
1288320 551.3
1288330 551.3
1288340 551.2
1288350 551.2
1288360 551.1
1288370 551.0
1288380 550.9
1288390 550.9
1288400 551.0
1288410 551.1
1288420 551.1
1288430 551.2
1288440 551.2
1288450 551.2
1288460 551.2
1288470 551.1
1288480 551.1
1288490 551.0
1288500 551.0
1288510 551.0
1288520 551.1
1288530 551.1
1288540 551.1
1288550 551.1
1288560 551.0
1288570 551.0
1288580 550.9
1288590 551.1
1288600 551.1
1288610 551.1
1288620 551.2
1288630 551.7
1288640 551.7
1288650 552.0
1288660 552.2
1288670 552.2
1288680 552.2
1288690 551.8
1288700 551.8
1288710 551.6
1288720 551.4
1288730 551.4
1288740 551.3
1288750 550.8
1288760 550.8
1288770 550.5
1288780 550.7
1288790 550.7
1288800 550.9
1288810 550.9
1288820 550.9
1288830 550.9
1288840 550.9
1288850 550.9
1288860 550.9
1288870 550.8
1288880 550.8
1288890 550.8
1288900 550.7
1288910 550.7
1288920 550.7
1288930 550.7
1288940 550.7
1288950 550.7
1288960 550.7
1288970 550.7
1288980 550.7
1288990 550.7
1289000 550.7
1289010 550.7
1289020 550.8
1289030 550.9
1289040 550.9
1289050 551.1
1289060 551.2
1289070 551.2
1289080 551.2
1289090 550.8
1289100 550.8
1289110 550.8
1289120 550.9
1289130 550.9
1289140 550.9
1289150 550.9
1289160 550.9
1289170 550.8
1289180 550.8
1289190 550.8
1289200 550.8
1289210 550.8
1289220 550.7
1289230 550.7
1289240 550.8
1289250 550.8
1289260 550.8
1289270 550.8
1289280 550.7
1289290 550.7
1289300 550.6
1289310 550.5
1289320 550.5
1289330 550.6
1289340 550.6
1289350 550.6
1289360 550.5
1289370 550.5
1289380 550.5
1289390 550.5
1289400 550.4
1289410 550.4
1289420 550.6
1289430 550.5
1289440 550.7
1289450 550.7
1289460 551.2
1289470 551.3
1289480 551.3
1289490 551.1
1289500 551.0
1289510 551.0
1289520 551.1
1289530 550.9
1289540 550.9
1289550 550.7
1289560 550.8
1289570 550.8
1289580 550.8
1289590 550.7
1289600 550.7
1289610 550.7
1289620 550.7
1289630 550.7
1289640 550.6
1289650 550.7
1289660 550.7
1289670 550.8
1289680 550.8
1289690 550.8
1289700 550.8
1289710 550.8
1289720 550.9
1289730 550.9
1289740 551.1
1289750 551.1
1289760 551.1
1289770 551.1
1289780 551.2
1289790 551.2
1289800 551.7
1289810 551.6
1289820 551.6
1289830 551.5
1289840 551.5
1289850 551.5
1289860 551.5
1289870 551.6
1289880 551.6
1289890 551.6
1289900 551.6
1289910 551.6
1289920 551.6
1289930 551.7
1289940 551.7
1289950 551.7
1289960 551.7
1289970 551.7
1289980 551.7
1289990 551.8
1290000 552.1
1290010 552.1
1290020 552.0
1290030 552.0
1290040 552.0
1290050 552.0
1290060 552.1
1290070 552.1
1290080 552.3
1290090 552.4
1290100 552.4
1290110 552.5
1290120 552.7
1290130 552.7
1290140 552.9
1290150 553.2
1290160 553.2
1290170 553.4
1290180 553.5
1290190 553.5
1290200 553.6
1290210 553.6
1290220 553.6
1290230 553.7
1290240 553.6
1290250 552.3
1290260 552.3
1290270 553.0
1290280 553.2
1290290 553.2
1290300 553.1
1290310 553.1
1290320 553.1
1290330 553.1
1290340 553.1
1290350 553.1
1290360 553.1
1290370 553.1
1290380 553.1
1290390 553.2
1290400 553.2
1290410 553.2
1290420 553.2
1290430 553.0
1290440 553.0
1290450 552.7
1290460 552.7
1290470 552.7
1290480 552.6
1290490 552.7
1290500 552.7
1290510 552.6
1290520 552.5
1290530 552.4
1290540 552.4
1290550 552.4
1290560 552.3
1290570 552.3
1290580 552.3
1290590 552.3
1290600 552.3
1290610 552.4
1290620 552.6
1290630 552.6
1290640 552.6
1290650 552.5
1290660 552.5
1290670 551.8
1290680 551.8
1290690 551.8
1290700 551.9
1290710 552.0
1290720 552.0
1290730 552.1
1290740 552.1
1290750 552.1
1290760 552.1
1290770 552.0
1290780 552.0
1290790 552.0
1290800 552.1
1290810 552.0
1290820 552.0
1290830 552.0
1290840 552.1
1290850 552.1
1290860 552.1
1290870 552.0
1290880 552.0
1290890 552.0
1290900 551.9
1290910 551.9
1290920 551.7
1290930 551.5
1290940 551.5
1290950 551.1
1290960 550.5
1290970 550.5
1290980 551.2
1290990 551.2
1291000 551.2
1291010 551.1
1291020 550.9
1291030 550.9
1291040 550.8
1291050 550.9
1291060 550.9
1291070 550.9
1291080 550.9
1291090 550.8
1291100 550.8
1291110 550.7
1291120 550.7
1291130 550.7
1291140 550.7
1291150 550.7
1291160 550.7
1291170 550.7
1291180 550.7
1291190 550.7
1291200 550.6
1291210 550.4
1291220 550.4
1291230 550.3
1291240 550.1
1291250 550.1
1291260 550.1
1291270 550.1
1291280 550.1
1291290 549.7
1291300 549.1
1291310 549.1
1291320 548.4
1291330 547.9
1291340 548.4
1291350 548.4
1291360 549.5
1291370 549.8
1291380 549.8
1291390 549.2
1291400 548.5
1291410 548.5
1291420 548.5
1291430 548.5
1291440 548.5
1291450 548.6
1291460 548.9
1291470 548.9
1291480 548.5
1291490 548.4
1291500 548.4
1291510 548.6
1291520 548.6
1291530 548.6
1291540 548.4
1291550 548.4
1291560 548.4
1291570 548.5
1291580 548.7
1291590 548.7
1291600 548.7
1291610 548.5
1291620 548.5
1291630 548.5
1291640 548.5
1291650 548.5
1291660 548.5
1291670 548.5
1291680 548.6
1291690 548.6
1291700 548.6
1291710 548.4
1291720 548.4
1291730 548.4
1291740 548.4
1291750 548.4
1291760 548.4
1291770 548.4
1291780 548.4
1291790 548.3
1291800 548.3
1291810 548.3
1291820 548.3
1291830 548.2
1291840 548.2
1291850 548.3
1291860 548.4
1291870 548.2
1291880 548.2
1291890 548.0
1291900 548.0
1291910 548.0
1291920 548.0
1291930 548.0
1291940 548.0
1291950 548.1
1291960 548.1
1291970 548.1
1291980 548.1
1291990 548.3
1292000 548.3
1292010 548.3
1292020 548.3
1292030 548.3
1292040 548.4
1292050 548.5
1292060 548.5
1292070 548.7
1292080 548.8
1292090 548.8
1292100 548.9
1292110 548.9
1292120 548.9
1292130 548.8
1292140 548.8
1292150 548.7
1292160 548.7
1292170 548.7
1292180 548.6
1292190 548.6
1292200 548.5
1292210 548.5
1292220 548.5
1292230 548.4
1292240 548.3
1292250 548.3
1292260 548.3
1292270 548.4
1292280 548.4
1292290 548.4
1292300 548.3
1292310 548.3
1292320 548.3
1292330 548.4
1292340 548.4
1292350 548.6
1292360 548.9
1292370 548.8
1292380 549.1
1292390 549.0
1292400 549.0
1292410 549.0
1292420 549.3
1292430 549.3
1292440 549.3
1292450 549.3
1292460 549.2
1292470 549.2
1292480 549.2
1292490 549.1
1292500 549.1
1292510 549.0
1292520 549.0
1292530 549.0
1292540 548.7
1292550 548.2
1292560 548.2
1292570 547.9
1292580 547.7
1292590 547.7
1292600 547.6
1292610 547.5
1292620 547.5
1292630 547.5
1292640 547.5
1292650 547.5
1292660 547.6
1292670 547.6
1292680 547.6
1292690 547.6
1292700 547.5
1292710 547.5
1292720 547.5
1292730 547.5
1292740 547.6
1292750 547.6
1292760 547.8
1292770 548.2
1292780 548.2
1292790 548.7
1292800 548.7
1292810 548.7
1292820 548.4
1292830 548.5
1292840 548.5
1292850 548.7
1292860 548.8
1292870 548.8
1292880 548.9
1292890 548.8
1292900 548.8
1292910 548.8
1292920 548.7
1292930 548.7
1292940 548.8
1292950 548.7
1292960 548.4
1292970 548.4
1292980 548.1
1292990 548.0
1293000 548.0
1293010 547.9
1293020 547.9
1293030 547.9
1293040 548.3
1293050 548.5
1293060 548.5
1293070 548.8
1293080 553.9
1293090 553.9
1293100 559.3
1293110 558.1
1293120 558.1
1293130 556.4
1293140 556.9
1293150 556.9
1293160 557.4
1293170 557.8
1293180 557.8
1293190 558.2
1293200 558.5
1293210 558.8
1293220 558.8
1293230 559.1
1293240 559.3
1293250 559.3
1293260 559.4
1293270 559.5
1293280 559.5
1293290 559.6
1293300 559.4
1293310 559.4
1293320 558.8
1293330 558.5
1293340 558.5
1293350 558.8
1293360 558.9
1293370 558.9
1293380 559.0
1293390 558.9
1293400 558.9
1293410 559.3
1293420 560.0
1293430 560.0
1293440 560.8
1293450 561.8
1293460 561.8
1293470 562.8
1293480 563.9
1293490 565.0
1293500 565.0
1293510 566.1
1293520 567.2
1293530 567.2
1293540 568.2
1293550 569.0
1293560 569.0
1293570 569.6
1293580 570.2
1293590 570.2
1293600 570.8
1293610 571.2
1293620 571.2
1293630 571.4
1293640 571.5
1293650 571.5
1293660 571.7
1293670 572.0
1293680 572.0
1293690 572.5
1293700 574.4
1293710 574.4
1293720 575.4
1293730 576.0
1293740 576.0
1293750 575.6
1293760 575.2
1293770 574.7
1293780 574.7
1293790 574.1
1293800 573.7
1293810 573.7
1293820 573.4
1293830 572.4
1293840 572.4
1293850 573.3
1293860 574.5
1293870 574.5
1293880 574.9
1293890 576.4
1293900 576.4
1293910 578.6
1293920 580.0
1293930 580.0
1293940 580.7
1293950 579.8
1293960 579.8
1293970 580.3
1293980 581.4
1293990 581.4
1294000 582.9
1294010 585.4
1294020 587.5
1294030 587.5
1294040 589.0
1294050 589.7
1294060 589.7
1294070 590.2
1294080 590.7
1294090 590.7
1294100 591.0
1294110 590.8
1294120 590.8
1294130 589.5
1294140 589.1
1294150 589.1
1294160 591.6
1294170 592.9
1294180 592.9
1294190 593.4
1294200 593.7
1294210 593.7
1294220 593.6
1294230 590.3
1294240 590.3
1294250 591.5
1294260 595.0
1294270 595.0
1294280 596.2
1294290 597.4
1294300 598.5
1294310 598.5
1294320 599.6
1294330 600.7
1294340 600.7
1294350 601.8
1294360 603.0
1294370 605.6
1294380 606.9
1294390 608.2
1294400 608.2
1294410 609.5
1294420 610.5
1294430 610.5
1294440 611.3
1294450 612.1
1294460 612.1
1294470 612.8
1294480 613.5
1294490 613.5
1294500 614.1
1294510 614.8
1294520 614.8
1294530 615.4
1294540 615.7
1294550 615.8
1294560 615.8
1294570 616.3
1294580 616.9
1294590 616.9
1294600 617.7
1294610 618.3
1294620 618.3
1294630 618.9
1294640 619.5
1294650 619.5
1294660 620.2
1294670 620.8
1294680 620.8
1294690 620.8
1294700 620.6
1294710 620.6
1294720 620.7
1294730 621.0
1294740 621.0
1294750 621.5
1294760 621.8
1294770 621.8
1294780 622.5
1294790 623.4
1294800 623.4
1294810 624.2
1294820 624.6
1294830 624.9
1294840 624.9
1294850 625.6
1294860 626.1
1294870 626.1
1294880 626.0
1294890 625.9
1294900 625.9
1294910 626.0
1294920 625.8
1294930 625.8
1294940 625.7
1294950 625.7
1294960 625.7
1294970 625.7
1294980 625.8
1294990 625.8
1295000 626.0
1295010 626.2
1295020 626.2
1295030 626.6
1295040 628.0
1295050 628.0
1295060 628.5
1295070 629.1
1295080 629.1
1295090 629.6
1295100 630.3
1295110 630.2
1295120 630.2
1295130 627.7
1295140 629.0
1295150 629.0
1295160 631.2
1295170 632.5
1295180 632.5
1295190 633.8
1295200 634.9
1295210 634.9
1295220 636.9
1295230 638.6
1295240 638.6
1295250 640.3
1295260 641.7
1295270 641.7
1295280 643.0
1295290 644.1
1295300 644.1
1295310 644.8
1295320 645.5
1295330 645.5
1295340 646.1
1295350 646.5
1295360 646.9
1295370 646.9
1295380 647.0
1295390 647.1
1295400 647.1
1295410 647.3
1295420 647.4
1295430 647.4
1295440 647.0
1295450 646.8
1295460 646.8
1295470 646.4
1295480 646.1
1295490 646.1
1295500 646.1
1295510 646.8
1295520 646.8
1295530 647.3
1295540 647.5
1295550 647.5
1295560 647.6
1295570 647.1
1295580 647.1
1295590 647.9
1295600 649.9
1295610 649.9
1295620 652.2
1295630 653.0
1295640 653.5
1295650 653.5
1295660 655.1
1295670 656.9
1295680 656.9
1295690 658.0
1295700 658.8
1295710 658.8
1295720 660.5
1295730 661.2
1295740 661.2
1295750 661.8
1295760 662.2
1295770 662.2
1295780 662.8
1295790 663.2
1295800 663.2
1295810 663.5
1295820 664.1
1295830 664.1
1295840 665.1
1295850 666.2
1295860 666.2
1295870 667.1
1295880 667.6
1295890 667.6
1295900 668.0
1295910 668.2
1295920 668.4
1295930 668.4
1295940 668.6
1295950 668.7
1295960 668.7
1295970 669.0
1295980 669.1
1295990 669.1
1296000 669.2
1296010 669.1
1296020 669.1
1296030 669.2
1296040 669.4
1296050 669.4
1296060 669.9
1296070 670.3
1296080 670.3
1296090 670.4
1296100 670.8
1296110 670.8
1296120 672.4
1296130 675.2
1296140 675.2
1296150 678.0
1296160 677.6
1296170 670.6
1296180 670.6
1296190 663.1
1296200 654.9
1296210 654.9
1296220 661.4
1296230 667.8
1296240 667.8
1296250 668.5
1296260 669.4
1296270 669.4
1296280 667.6
1296290 662.1
1296300 662.1
1296310 656.9
1296320 652.9
1296330 652.9
1296340 651.2
1296350 648.5
1296360 648.5
1296370 645.0
1296380 643.8
1296390 652.1
1296400 652.2
1296410 654.1
1296420 654.1
1296430 657.1
1296440 657.8
1296450 653.5
1296460 653.5
1296470 647.4
1296480 640.6
1296490 640.6
1296500 633.9
1296510 637.4
1296520 637.4
1296530 643.4
1296540 644.3
1296550 644.3
1296560 644.9
1296570 645.9
1296580 645.9
1296590 646.7
1296600 645.6
1296610 645.6
1296620 644.2
1296630 643.3
1296640 643.3
1296650 643.1
1296660 641.6
1296670 641.6
1296680 635.4
1296690 627.6
1296700 627.6
1296710 623.5
1296720 618.9
1296730 613.4
1296740 613.4
1296750 607.6
1296760 602.3
1296770 602.3
1296780 595.9
1296790 592.1
1296800 592.1
1296810 591.3
1296820 593.3
1296830 593.3
1296840 598.5
1296850 605.4
1296860 605.4
1296870 611.2
1296880 616.3
1296890 616.3
1296900 623.4
1296910 629.0
1296920 629.0
1296930 632.7
1296940 636.4
1296950 636.4
1296960 640.6
1296970 644.9
1296980 649.8
1296990 649.8
1297000 653.9
1297010 658.6
1297020 658.6
1297030 665.8
1297040 674.8
1297050 674.8
1297060 683.1
1297070 689.4
1297080 689.4
1297090 696.0
1297100 701.9
1297110 701.9
1297120 706.7
1297130 711.6
1297140 711.6
1297150 714.6
1297160 719.0
1297170 719.0
1297180 723.1
1297190 728.2
1297200 728.2
1297210 732.0
1297220 734.7
1297230 734.7
1297240 736.6
1297250 737.9
1297260 739.1
1297270 739.1
1297280 740.3
1297290 741.8
1297300 741.8
1297310 744.2
1297320 747.3
1297330 747.3
1297340 751.4
1297350 757.2
1297360 757.2
1297370 763.1
1297380 769.5
1297390 769.5
1297400 775.4
1297410 780.8
1297420 780.8
1297430 788.8
1297440 797.4
1297450 797.4
1297460 805.3
1297470 808.3
1297480 808.3
1297490 809.1
1297500 809.9
1297510 810.8
1297520 810.8
1297530 811.8
1297540 812.9
1297550 812.9
1297560 814.0
1297570 815.1
1297580 815.1
1297590 816.1
1297600 817.3
1297610 817.3
1297620 818.9
1297630 820.5
1297640 820.5
1297650 821.7
1297660 822.8
1297670 822.8
1297680 824.1
1297690 825.6
1297700 825.6
1297710 827.5
1297720 829.9
1297730 829.9
1297740 831.5
1297750 833.6
1297760 833.6
1297770 834.6
1297780 835.5
1297790 836.4
1297800 836.4
1297810 837.2
1297820 837.9
1297830 837.9
1297840 838.5
1297850 838.4
1297860 838.4
1297870 838.4
1297880 838.7
1297890 838.7
1297900 839.3
1297910 840.5
1297920 840.5
1297930 842.0
1297940 843.5
1297950 843.5
1297960 845.2
1297970 847.1
1297980 847.1
1297990 847.9
1298000 848.4
1298010 848.4
1298020 849.2
1298030 850.1
1298040 850.1
1298050 851.2
1298060 852.8
1298070 855.1
1298080 855.1
1298090 858.1
1298100 861.4
1298110 861.4
1298120 864.1
1298130 865.2
1298140 865.2
1298150 866.1
1298160 867.6
1298170 867.6
1298180 869.0
1298190 869.7
1298200 869.7
1298210 870.3
1298220 870.9
1298230 870.9
1298240 871.5
1298250 872.1
1298260 872.1
1298270 872.8
1298280 873.5
1298290 873.5
1298300 874.1
1298310 874.6
1298320 875.4
1298330 875.4
1298340 876.5
1298350 877.2
1298360 877.2
1298370 878.1
1298380 879.1
1298390 879.1
1298400 880.6
1298410 882.1
1298420 882.1
1298430 884.8
1298440 886.3
1298450 886.3
1298460 887.7
1298470 888.8
1298480 888.8
1298490 889.9
1298500 891.0
1298510 891.0
1298520 891.9
1298530 892.8
1298540 892.8
1298550 893.8
1298560 894.7
1298570 894.7
1298580 895.5
1298590 896.4
1298600 897.3
1298610 897.3
1298620 898.5
1298630 900.0
1298640 900.0
1298650 901.6
1298660 903.1
1298670 903.1
1298680 904.7
1298690 907.1
1298700 907.1
1298710 909.2
1298720 910.7
1298730 910.7
1298740 911.9
1298750 913.0
1298760 913.0
1298770 914.4
1298780 916.0
1298790 916.0
1298800 917.7
1298810 919.8
1298820 919.8
1298830 921.5
1298840 923.0
1298850 923.0
1298860 924.1
1298870 925.8
1298880 927.2
1298890 927.2
1298900 928.6
1298910 930.1
1298920 930.1
1298930 932.0
1298940 933.4
1298950 933.4
1298960 934.7
1298970 936.1
1298980 936.1
1298990 937.4
1299000 938.8
1299010 938.8
1299020 940.6
1299030 942.5
1299040 942.5
1299050 944.4
1299060 946.9
1299070 946.9
1299080 949.5
1299090 952.2
1299100 952.2
1299110 954.6
1299120 958.6
1299130 960.3
1299140 960.3
1299150 962.7
1299160 965.6
1299170 965.6
1299180 968.3
1299190 970.6
1299200 970.6
1299210 973.0
1299220 975.8
1299230 975.8
1299240 978.6
1299250 981.2
1299260 981.2
1299270 983.5
1299280 984.6
1299290 984.6
1299300 984.6
1299310 985.2
1299320 985.2
1299330 987.0
1299340 990.0
1299350 990.0
1299360 994.5
1299370 996.5
1299380 996.5
1299390 997.3
1299400 997.2
1299410 996.0
1299420 996.0
1299430 999.0
1299440 1002.0
1299450 1002.0
1299460 1003.8
1299470 1005.3
1299480 1005.3
1299490 1006.9
1299500 1007.0
1299510 1007.0
1299520 1008.2
1299530 1010.8
1299540 1010.8
1299550 1010.6
1299560 1011.4
1299570 1011.4
1299580 1012.7
1299590 1015.2
1299600 1015.2
1299610 1019.3
1299620 1021.1
1299630 1021.1
1299640 1022.6
1299650 1024.0
1299660 1024.1
1299670 1024.1
1299680 1026.0
1299690 1029.5
1299700 1029.5
1299710 1031.2
1299720 1031.7
1299730 1031.7
1299740 1034.5
1299750 1037.7
1299760 1037.7
1299770 1040.4
1299780 1043.0
1299790 1043.0
1299800 1044.1
1299810 1048.9
1299820 1048.9
1299830 1046.7
1299840 1043.1
1299850 1043.1
1299860 1042.4
1299870 1040.7
1299880 1040.7
1299890 1040.5
1299900 1038.9
1299910 1038.9
1299920 1037.3
1299930 1036.9
1299940 1035.9
1299950 1035.9
1299960 1039.8
1299970 1048.3
1299980 1048.3
1299990 1054.4
