1280000 665.1
1280010 665.1
1280020 665.2
1280030 665.2
1280040 665.0
1280050 664.6
1280060 664.6
1280070 664.2
1280080 663.8
1280090 663.8
1280100 663.5
1280110 663.3
1280120 663.3
1280130 663.1
1280140 663.0
1280150 663.0
1280160 663.1
1280170 663.1
1280180 663.1
1280190 663.3
1280200 663.4
1280210 663.4
1280220 663.2
1280230 662.8
1280240 662.5
1280250 662.5
1280260 662.3
1280270 662.0
1280280 662.0
1280290 661.8
1280300 661.5
1280310 661.5
1280320 661.3
1280330 661.2
1280340 661.2
1280350 661.2
1280360 660.5
1280370 660.5
1280380 660.1
1280390 660.0
1280400 660.0
1280410 659.8
1280420 659.5
1280430 659.5
1280440 658.8
1280450 658.5
1280460 658.5
1280470 658.2
1280480 657.7
1280490 657.7
1280500 657.2
1280510 656.9
1280520 656.6
1280530 656.6
1280540 656.4
1280550 656.1
1280560 656.1
1280570 656.0
1280580 655.8
1280590 655.8
1280600 655.6
1280610 655.4
1280620 655.4
1280630 655.5
1280640 655.5
1280650 655.5
1280660 655.4
1280670 655.6
1280680 655.6
1280690 656.0
1280700 655.9
1280710 655.9
1280720 655.6
1280730 656.0
1280740 656.0
1280750 656.5
1280760 657.2
1280770 657.3
1280780 657.3
1280790 657.7
1280800 658.2
1280810 658.2
1280820 658.8
1280830 659.2
1280840 659.2
1280850 659.7
1280860 660.3
1280870 660.3
1280880 661.0
1280890 661.7
1280900 661.7
1280910 662.3
1280920 662.9
1280930 662.9
1280940 663.3
1280950 663.8
1280960 663.8
1280970 664.3
1280980 664.7
1280990 664.7
1281000 665.8
1281010 665.1
1281020 665.1
1281030 664.2
1281040 664.7
1281050 665.5
1281060 665.5
1281070 666.0
1281080 666.8
1281090 666.8
1281100 667.6
1281110 668.5
1281120 668.5
1281130 670.5
1281140 673.0
1281150 673.0
1281160 674.4
1281170 676.3
1281180 676.3
1281190 678.5
1281200 682.3
1281210 682.3
1281220 687.2
1281230 690.1
1281240 690.1
1281250 691.5
1281260 692.8
1281270 692.8
1281280 693.3
1281290 693.6
1281300 693.6
1281310 694.0
1281320 695.9
1281330 698.7
1281340 698.7
1281350 701.3
1281360 703.3
1281370 703.3
1281380 703.9
1281390 704.5
1281400 704.5
1281410 705.3
1281420 706.3
1281430 706.3
1281440 707.3
1281450 708.3
1281460 708.3
1281470 709.1
1281480 709.8
1281490 709.8
1281500 710.6
1281510 711.4
1281520 711.4
1281530 712.1
1281540 712.6
1281550 712.6
1281560 713.1
1281570 713.5
1281580 714.1
1281590 714.1
1281600 714.6
1281610 715.0
1281620 715.0
1281630 713.3
1281640 707.9
1281650 707.9
1281660 701.6
1281670 695.6
1281680 695.6
1281690 689.8
1281700 686.4
1281710 686.4
1281720 681.8
1281730 677.1
1281740 677.1
1281750 675.7
1281760 677.3
1281770 677.3
1281780 682.6
1281790 686.5
1281800 686.5
1281810 687.2
1281820 687.4
1281830 687.4
1281840 687.6
1281850 687.2
1281860 687.3
1281870 687.3
1281880 687.0
1281890 686.3
1281900 686.3
1281910 687.3
1281920 687.9
1281930 687.9
1281940 688.6
1281950 688.8
1281960 688.8
1281970 688.9
1281980 689.1
1281990 689.1
1282000 689.2
1282010 688.6
1282020 688.6
1282030 688.2
1282040 688.4
1282050 688.4
1282060 688.7
1282070 689.2
1282080 689.2
1282090 689.9
1282100 690.0
1282110 690.0
1282120 689.6
1282130 690.1
1282140 690.2
1282150 690.2
1282160 690.0
1282170 690.6
1282180 690.6
1282190 691.3
1282200 691.5
1282210 691.5
1282220 691.7
1282230 691.8
1282240 691.8
1282250 691.8
1282260 691.7
1282270 691.7
1282280 691.7
1282290 691.7
1282300 691.7
1282310 691.7
1282320 691.7
1282330 691.1
1282340 691.1
1282350 690.9
1282360 690.9
1282370 690.3
1282380 689.5
1282390 689.5
1282400 689.5
1282410 690.3
1282420 690.7
1282430 690.7
1282440 690.5
1282450 690.6
1282460 690.6
1282470 690.6
1282480 690.6
1282490 690.6
1282500 690.9
1282510 691.7
1282520 691.7
1282530 691.6
1282540 691.1
1282550 691.1
1282560 691.1
1282570 691.0
1282580 691.0
1282590 691.2
1282600 691.2
1282610 691.2
1282620 691.3
1282630 691.6
1282640 691.6
1282650 691.7
1282660 691.5
1282670 691.2
1282680 691.2
1282690 691.5
1282700 691.5
1282710 691.5
1282720 691.4
1282730 691.2
1282740 691.2
1282750 691.4
1282760 690.9
1282770 690.9
1282780 691.3
1282790 692.0
1282800 692.0
1282810 691.4
1282820 690.7
1282830 690.7
1282840 690.4
1282850 689.3
1282860 689.3
1282870 687.9
1282880 680.8
1282890 680.8
1282900 673.9
1282910 669.6
1282920 669.6
1282930 670.5
1282940 676.9
1282950 685.5
1282960 685.5
1282970 689.4
1282980 689.6
1282990 689.6
1283000 689.3
1283010 688.6
1283020 688.6
1283030 687.6
1283040 688.0
1283050 688.0
1283060 688.2
1283070 688.1
1283080 688.1
1283090 687.5
1283100 687.7
1283110 687.7
1283120 687.9
1283130 687.0
1283140 687.0
1283150 686.4
1283160 687.0
1283170 687.0
1283180 686.9
1283190 686.3
1283200 686.3
1283210 685.7
1283220 685.9
1283230 686.3
1283240 686.3
1283250 686.7
1283260 686.6
1283270 686.6
1283280 685.7
1283290 685.8
1283300 685.8
1283310 685.8
1283320 683.6
1283330 683.6
1283340 682.3
1283350 682.4
1283360 682.4
1283370 682.5
1283380 682.6
1283390 682.6
1283400 682.6
1283410 682.7
1283420 682.7
1283430 682.7
1283440 682.7
1283450 682.7
1283460 682.6
1283470 682.6
1283480 682.5
1283490 682.5
1283500 682.4
1283510 683.8
1283520 683.8
1283530 685.4
1283540 689.8
1283550 689.8
1283560 695.4
1283570 699.6
1283580 699.6
1283590 698.4
1283600 704.9
1283610 704.9
1283620 711.7
1283630 717.1
1283640 717.1
1283650 719.6
1283660 719.6
1283670 719.6
1283680 719.9
1283690 723.8
1283700 723.8
1283710 727.0
1283720 730.4
1283730 730.4
1283740 733.2
1283750 735.0
1283760 738.3
1283770 738.3
1283780 742.9
1283790 746.4
1283800 746.4
1283810 749.0
1283820 752.1
1283830 752.1
1283840 756.8
1283850 762.2
1283860 762.2
1283870 768.2
1283880 773.5
1283890 773.5
1283900 777.0
1283910 779.7
1283920 779.7
1283930 783.3
1283940 786.8
1283950 786.8
1283960 789.6
1283970 791.0
1283980 791.0
1283990 789.3
1284000 786.5
1284010 786.5
1284020 784.1
1284030 782.5
1284040 782.9
1284050 782.9
1284060 786.5
1284070 791.9
1284080 791.9
1284090 797.2
1284100 802.0
1284110 802.0
1284120 805.8
1284130 807.7
1284140 807.7
1284150 808.6
1284160 809.2
1284170 809.2
1284180 809.9
1284190 810.4
1284200 810.4
1284210 810.5
1284220 811.0
1284230 811.3
1284240 811.6
1284250 811.6
1284260 811.6
1284270 811.6
1284280 810.9
1284290 809.8
1284300 809.8
1284310 808.2
1284320 805.8
1284330 805.8
1284340 801.5
1284350 798.3
1284360 798.3
1284370 797.7
1284380 799.4
1284390 799.4
1284400 799.0
1284410 795.8
1284420 795.8
1284430 789.5
1284440 782.8
1284450 782.8
1284460 778.2
1284470 776.7
1284480 776.7
1284490 773.8
1284500 771.6
1284510 771.6
1284520 773.1
1284530 777.4
1284540 777.4
1284550 780.7
1284560 783.2
1284570 783.4
1284580 783.4
1284590 782.6
1284600 782.6
1284610 782.6
1284620 780.5
1284630 776.7
1284640 776.7
1284650 775.0
1284660 774.1
1284670 774.1
1284680 771.9
1284690 769.3
1284700 769.3
1284710 766.9
1284720 764.2
1284730 764.2
1284740 762.4
1284750 760.6
1284760 760.6
1284770 759.0
1284780 757.4
1284790 757.4
1284800 756.2
1284810 755.6
1284820 755.6
1284830 754.9
1284840 753.9
1284850 752.5
1284860 752.5
1284870 746.7
1284880 746.0
1284890 746.0
1284900 744.8
1284910 742.9
1284920 742.9
1284930 742.2
1284940 742.2
1284950 742.2
1284960 741.1
1284970 740.2
1284980 740.2
1284990 739.4
1285000 738.4
1285010 738.4
1285020 736.6
1285030 734.1
1285040 734.1
1285050 732.3
1285060 731.8
1285070 731.8
1285080 731.8
1285090 731.7
1285100 732.0
1285110 732.0
1285120 732.7
1285130 733.2
1285140 733.2
1285150 733.3
1285160 733.2
1285170 733.2
1285180 733.0
1285190 733.1
1285200 733.1
1285210 733.0
1285220 731.6
1285230 731.6
1285240 728.5
1285250 726.0
1285260 726.0
1285270 727.1
1285280 726.9
1285290 726.9
1285300 725.3
1285310 723.2
1285320 723.2
1285330 721.2
1285340 722.6
1285350 722.6
1285360 724.2
1285370 722.6
1285380 718.4
1285390 718.4
1285400 713.5
1285410 708.3
1285420 708.3
1285430 703.8
1285440 700.7
1285450 700.7
1285460 699.1
1285470 698.2
1285480 698.2
1285490 697.3
1285500 696.5
1285510 693.2
1285520 692.3
1285530 691.7
1285540 691.7
1285550 692.1
1285560 695.3
1285570 695.3
1285580 699.1
1285590 702.7
1285600 702.7
1285610 703.9
1285620 703.1
1285630 703.1
1285640 704.0
1285650 703.4
1285660 702.1
1285670 702.1
1285680 700.7
1285690 699.6
1285700 699.6
1285710 698.5
1285720 697.0
1285730 697.0
1285740 696.0
1285750 695.2
1285760 695.2
1285770 694.1
1285780 693.5
1285790 693.5
1285800 692.9
1285810 692.2
1285820 692.2
1285830 691.5
1285840 690.9
1285850 690.9
1285860 690.8
1285870 690.9
1285880 690.9
1285890 691.6
1285900 692.0
1285910 692.5
1285920 692.5
1285930 693.0
1285940 692.5
1285950 692.5
1285960 690.1
1285970 687.6
1285980 687.6
1285990 684.5
1286000 681.0
1286010 681.0
1286020 678.6
1286030 678.1
1286040 678.1
1286050 678.5
1286060 677.6
1286070 677.6
1286080 676.2
1286090 674.4
1286100 674.4
1286110 672.5
1286120 670.7
1286130 670.7
1286140 669.4
1286150 664.6
1286160 664.6
1286170 662.7
1286180 661.1
1286190 659.7
1286200 659.7
1286210 658.1
1286220 656.2
1286230 656.2
1286240 654.0
1286250 651.8
1286260 651.8
1286270 649.8
1286280 648.0
1286290 648.0
1286300 646.7
1286310 645.8
1286320 645.8
1286330 645.0
1286340 644.1
1286350 644.1
1286360 643.2
1286370 642.3
1286380 642.3
1286390 641.3
1286400 639.9
1286410 639.9
1286420 637.8
1286430 635.5
1286440 635.5
1286450 633.7
1286460 632.4
1286470 631.0
1286480 631.0
1286490 629.3
1286500 627.5
1286510 627.5
1286520 625.8
1286530 624.5
1286540 624.5
1286550 623.4
1286560 622.3
1286570 622.3
1286580 620.3
1286590 618.2
1286600 618.2
1286610 616.8
1286620 616.1
1286630 616.1
1286640 615.6
1286650 614.7
1286660 614.7
1286670 613.4
1286680 612.1
1286690 612.1
1286700 610.4
1286710 608.2
1286720 605.8
1286730 605.8
1286740 603.4
1286750 601.5
1286760 601.5
1286770 600.0
1286780 598.9
1286790 596.9
1286800 596.5
1286810 595.7
1286820 595.7
1286830 594.4
1286840 594.5
1286850 594.5
1286860 594.0
1286870 592.7
1286880 592.7
1286890 591.6
1286900 590.5
1286910 590.5
1286920 589.3
1286930 588.4
1286940 588.4
1286950 587.5
1286960 586.2
1286970 586.2
1286980 586.5
1286990 586.6
1287000 587.0
1287010 587.0
1287020 587.1
1287030 587.3
1287040 587.3
1287050 587.7
1287060 588.0
1287070 588.0
1287080 587.8
1287090 587.5
1287100 587.5
1287110 587.9
1287120 588.7
1287130 588.7
1287140 588.4
1287150 587.7
1287160 587.7
1287170 587.9
1287180 587.7
1287190 587.7
1287200 587.6
1287210 587.6
1287220 587.6
1287230 587.7
1287240 587.5
1287250 587.5
1287260 587.2
1287270 586.8
1287280 586.3
1287290 586.3
1287300 584.8
1287310 581.1
1287320 581.1
1287330 578.0
1287340 573.1
1287350 573.1
1287360 570.8
1287370 578.5
1287380 578.5
1287390 584.0
1287400 584.3
1287410 584.3
1287420 584.1
1287430 583.6
1287440 583.1
1287450 582.7
1287460 582.4
1287470 582.4
1287480 582.0
1287490 581.5
1287500 581.5
1287510 581.0
1287520 580.5
1287530 580.0
1287540 580.0
1287550 579.5
1287560 578.5
1287570 578.5
1287580 576.1
1287590 572.8
1287600 572.8
1287610 570.4
1287620 569.1
1287630 569.1
1287640 568.2
1287650 567.6
1287660 567.6
1287670 567.4
1287680 567.4
1287690 567.4
1287700 568.3
1287710 570.0
1287720 570.0
1287730 572.6
1287740 573.5
1287750 573.5
1287760 570.9
1287770 566.5
1287780 566.5
1287790 562.1
1287800 557.8
1287810 555.1
1287820 555.1
1287830 554.0
1287840 552.9
1287850 552.9
1287860 553.6
1287870 554.3
1287880 554.3
1287890 553.1
1287900 550.3
1287910 550.3
1287920 548.2
1287930 547.8
1287940 547.8
1287950 547.8
1287960 547.8
1287970 547.8
1287980 547.8
1287990 547.7
1288000 547.7
1288010 547.7
1288020 547.7
1288030 547.7
1288040 547.7
1288050 547.7
1288060 547.7
1288070 547.7
1288080 547.7
1288090 547.7
1288100 547.7
1288110 547.8
1288120 548.0
1288130 548.0
1288140 548.2
1288150 548.3
1288160 548.3
1288170 548.3
1288180 548.2
1288190 548.2
1288200 548.5
1288210 549.3
1288220 549.3
1288230 550.4
1288240 551.5
1288250 551.5
1288260 552.5
1288270 553.0
1288280 553.0
1288290 553.3
1288300 553.4
1288310 553.4
1288320 553.4
1288330 553.3
1288340 553.2
1288350 553.2
1288360 553.1
1288370 553.2
1288380 553.2
1288390 553.2
1288400 553.1
1288410 553.1
1288420 553.0
1288430 552.8
1288440 552.8
1288450 552.6
1288460 552.4
1288470 552.4
1288480 552.1
1288490 551.9
1288500 551.9
1288510 551.7
1288520 551.6
1288530 551.6
1288540 551.5
1288550 551.4
1288560 551.4
1288570 551.4
1288580 551.3
1288590 551.3
1288600 551.3
1288610 551.3
1288620 551.3
1288630 551.3
1288640 551.3
1288650 551.3
1288660 551.3
1288670 551.2
1288680 551.2
1288690 551.2
1288700 551.1
1288710 551.1
1288720 551.1
1288730 551.1
1288740 551.1
1288750 551.1
1288760 551.1
1288770 551.1
1288780 551.1
1288790 551.2
1288800 551.2
1288810 551.2
1288820 551.1
1288830 551.1
1288840 551.1
1288850 551.0
1288860 551.0
1288870 551.0
1288880 551.0
1288890 551.0
1288900 551.0
1288910 551.0
1288920 550.8
1288930 550.8
1288940 550.8
1288950 550.8
1288960 550.8
1288970 550.8
1288980 550.7
1288990 551.1
1289000 551.1
1289010 551.7
1289020 551.8
1289030 551.8
1289040 551.2
1289050 550.8
1289060 550.8
1289070 551.0
1289080 551.0
1289090 551.0
1289100 550.7
1289110 550.6
1289120 550.6
1289130 550.6
1289140 550.6
1289150 550.6
1289160 550.6
1289170 550.5
1289180 550.4
1289190 550.4
1289200 550.4
1289210 550.5
1289220 550.5
1289230 550.5
1289240 550.5
1289250 550.5
1289260 550.5
1289270 550.4
1289280 550.4
1289290 550.4
1289300 550.4
1289310 550.4
1289320 550.2
1289330 550.2
1289340 550.2
1289350 550.2
1289360 550.2
1289370 550.2
1289380 550.3
1289390 550.0
1289400 550.0
1289410 549.9
1289420 549.9
1289430 550.1
1289440 550.1
1289450 550.3
1289460 550.4
1289470 550.4
1289480 550.4
1289490 550.7
1289500 550.7
1289510 550.8
1289520 550.6
1289530 550.6
1289540 550.5
1289550 550.4
1289560 550.4
1289570 550.3
1289580 550.3
1289590 550.3
1289600 550.4
1289610 550.4
1289620 550.4
1289630 550.4
1289640 550.3
1289650 550.3
1289660 550.0
1289670 549.9
1289680 549.9
1289690 549.9
1289700 550.0
1289710 549.9
1289720 549.9
1289730 550.0
1289740 550.1
1289750 550.1
1289760 550.2
1289770 550.4
1289780 550.4
1289790 550.6
1289800 551.3
1289810 551.3
1289820 552.4
1289830 553.1
1289840 553.1
1289850 553.4
1289860 553.6
1289870 553.6
1289880 553.7
1289890 553.8
1289900 553.8
1289910 553.8
1289920 553.9
1289930 553.9
1289940 554.0
1289950 554.1
1289960 553.9
1289970 553.9
1289980 553.3
1289990 552.9
1290000 552.9
1290010 552.4
1290020 551.5
1290030 551.5
1290040 550.1
1290050 550.8
1290060 550.8
1290070 550.4
1290080 550.1
1290090 550.1
1290100 550.0
1290110 550.6
1290120 550.6
1290130 550.0
1290140 549.7
1290150 549.7
1290160 550.0
1290170 550.4
1290180 550.4
1290190 550.5
1290200 550.5
1290210 550.5
1290220 550.6
1290230 550.7
1290240 550.7
1290250 550.7
1290260 550.7
1290270 550.8
1290280 550.8
1290290 550.8
1290300 550.9
1290310 550.9
1290320 550.9
1290330 550.1
1290340 550.1
1290350 550.2
1290360 550.1
1290370 550.1
1290380 550.1
1290390 550.0
1290400 550.0
1290410 549.8
1290420 549.7
1290430 549.7
1290440 549.8
1290450 549.8
1290460 549.8
1290470 550.1
1290480 550.1
1290490 550.1
1290500 550.0
1290510 550.0
1290520 549.7
1290530 549.7
1290540 550.0
1290550 550.0
1290560 550.0
1290570 550.1
1290580 550.2
1290590 550.2
1290600 550.1
1290610 550.1
1290620 550.1
1290630 550.1
1290640 549.9
1290650 549.9
1290660 549.9
1290670 550.1
1290680 550.1
1290690 550.4
1290700 550.6
1290710 550.6
1290720 550.8
1290730 550.6
1290740 550.6
1290750 550.1
1290760 549.7
1290770 549.7
1290780 549.7
1290790 549.6
1290800 550.0
1290810 550.0
1290820 550.4
1290830 550.6
1290840 550.6
1290850 550.5
1290860 550.5
1290870 550.5
1290880 550.0
1290890 550.9
1290900 550.9
1290910 550.7
1290920 550.2
1290930 550.2
1290940 549.7
1290950 549.2
1290960 549.2
1290970 549.1
1290980 549.3
1290990 549.3
1291000 549.3
1291010 549.2
1291020 549.2
1291030 549.2
1291040 549.3
1291050 549.5
1291060 549.5
1291070 549.6
1291080 549.6
1291090 549.6
1291100 549.5
1291110 549.5
1291120 549.5
1291130 549.5
1291140 549.5
1291150 549.5
1291160 549.5
1291170 549.7
1291180 549.7
1291190 549.6
1291200 549.6
1291210 549.6
1291220 549.8
1291230 549.4
1291240 549.4
1291250 549.2
1291260 549.1
1291270 549.1
1291280 549.2
1291290 549.1
1291300 549.1
1291310 548.8
1291320 548.8
1291330 548.8
1291340 548.8
1291350 548.9
1291360 548.8
1291370 548.8
1291380 548.6
1291390 548.6
1291400 548.6
1291410 548.5
1291420 548.4
1291430 548.4
1291440 548.4
1291450 548.3
1291460 548.3
1291470 548.3
1291480 548.8
1291490 548.8
1291500 549.2
1291510 549.2
1291520 549.2
1291530 549.2
1291540 548.8
1291550 548.8
1291560 548.5
1291570 548.3
1291580 548.2
1291590 548.2
1291600 548.2
1291610 548.2
1291620 548.2
1291630 548.1
1291640 548.1
1291650 548.1
1291660 548.1
1291670 548.1
1291680 548.1
1291690 548.3
1291700 548.4
1291710 548.4
1291720 548.3
1291730 547.6
1291740 547.6
1291750 548.1
1291760 548.5
1291770 548.5
1291780 548.3
1291790 548.1
1291800 548.1
1291810 548.1
1291820 548.0
1291830 548.0
1291840 548.1
1291850 548.0
1291860 547.9
1291870 547.9
1291880 548.1
1291890 548.0
1291900 548.0
1291910 547.9
1291920 547.7
1291930 547.7
1291940 547.7
1291950 547.7
1291960 547.7
1291970 547.6
1291980 547.5
1291990 547.5
1292000 547.6
1292010 547.6
1292020 547.5
1292030 547.6
1292040 547.5
1292050 547.5
1292060 547.5
1292070 547.4
1292080 547.4
1292090 547.3
1292100 547.4
1292110 547.4
1292120 547.4
1292130 547.4
1292140 547.3
1292150 547.3
1292160 547.2
1292170 547.4
1292180 547.4
1292190 549.2
1292200 548.4
1292210 548.4
1292220 547.8
1292230 547.3
1292240 547.3
1292250 547.6
1292260 547.6
1292270 547.6
1292280 547.6
1292290 547.6
1292300 547.6
1292310 547.6
1292320 547.6
1292330 547.6
1292340 547.5
1292350 547.5
1292360 547.5
1292370 547.5
1292380 547.5
1292390 547.5
1292400 547.5
1292410 547.5
1292420 547.6
1292430 547.6
1292440 547.7
1292450 547.6
1292460 547.6
1292470 547.6
1292480 547.5
1292490 547.5
1292500 547.4
1292510 547.4
1292520 547.4
1292530 547.4
1292540 547.3
1292550 547.3
1292560 547.3
1292570 547.2
1292580 547.2
1292590 546.9
1292600 546.9
1292610 546.9
1292620 547.1
1292630 547.1
1292640 547.1
1292650 547.1
1292660 547.1
1292670 547.1
1292680 547.0
1292690 547.0
1292700 547.0
1292710 547.0
1292720 547.0
1292730 547.0
1292740 547.0
1292750 547.0
1292760 547.0
1292770 547.0
1292780 547.0
1292790 547.0
1292800 547.0
1292810 547.0
1292820 547.0
1292830 547.0
1292840 547.0
1292850 547.0
1292860 547.0
1292870 547.0
1292880 547.1
1292890 547.1
1292900 547.1
1292910 547.0
1292920 547.0
1292930 547.1
1292940 547.1
1292950 547.0
1292960 547.0
1292970 547.0
1292980 547.0
1292990 547.0
1293000 546.9
1293010 547.0
1293020 547.0
1293030 546.9
1293040 546.8
1293050 546.8
1293060 546.8
1293070 546.9
1293080 546.9
1293090 546.9
1293100 546.8
1293110 546.8
1293120 546.7
1293130 546.7
1293140 546.7
1293150 546.8
1293160 546.9
1293170 546.9
1293180 546.9
1293190 546.9
1293200 546.8
1293210 546.8
1293220 546.8
1293230 546.7
1293240 546.7
1293250 546.6
1293260 546.4
1293270 546.4
1293280 546.3
1293290 546.3
1293300 546.3
1293310 546.6
1293320 547.1
1293330 547.1
1293340 547.7
1293350 548.1
1293360 548.1
1293370 548.3
1293380 548.4
1293390 548.4
1293400 548.5
1293410 548.4
1293420 548.4
1293430 548.4
1293440 548.4
1293450 548.4
1293460 548.5
1293470 548.4
1293480 548.4
1293490 548.4
1293500 548.3
1293510 548.0
1293520 548.0
1293530 547.7
1293540 547.6
1293550 547.6
1293560 547.5
1293570 547.5
1293580 547.5
1293590 547.4
1293600 547.5
1293610 547.5
1293620 547.5
1293630 547.5
1293640 547.5
1293650 547.5
1293660 547.5
1293670 547.5
1293680 547.5
1293690 547.5
1293700 547.5
1293710 547.5
1293720 547.5
1293730 547.5
1293740 547.5
1293750 547.5
1293760 547.5
1293770 547.5
1293780 547.6
1293790 547.6
1293800 547.6
1293810 547.5
1293820 547.6
1293830 547.6
1293840 547.7
1293850 547.7
1293860 547.7
1293870 547.6
1293880 547.6
1293890 547.6
1293900 547.7
1293910 547.7
1293920 547.7
1293930 547.8
1293940 548.0
1293950 548.0
1293960 548.2
1293970 548.4
1293980 548.4
1293990 548.6
1294000 548.8
1294010 550.0
1294020 550.0
1294030 550.0
1294040 549.7
1294050 549.7
1294060 549.3
1294070 549.0
1294080 549.0
1294090 548.8
1294100 548.7
1294110 548.7
1294120 548.6
1294130 548.6
1294140 548.6
1294150 548.6
1294160 548.5
1294170 548.5
1294180 548.5
1294190 548.5
1294200 548.5
1294210 548.6
1294220 548.6
1294230 548.6
1294240 548.6
1294250 548.7
1294260 548.7
1294270 548.7
1294280 548.7
1294290 548.8
1294300 548.8
1294310 548.8
1294320 548.9
1294330 548.9
1294340 549.0
1294350 549.2
1294360 549.2
1294370 549.4
1294380 549.7
1294390 549.7
1294400 549.8
1294410 549.8
1294420 549.8
1294430 549.8
1294440 549.8
1294450 549.8
1294460 549.8
1294470 549.9
1294480 549.9
1294490 550.1
1294500 550.2
1294510 550.2
1294520 550.1
1294530 550.5
1294540 550.5
1294550 550.9
1294560 551.0
1294570 551.0
1294580 551.0
1294590 551.2
1294600 551.5
1294610 551.5
1294620 551.8
1294630 552.1
1294640 552.1
1294650 552.4
1294660 552.8
1294670 552.8
1294680 553.3
1294690 553.5
1294700 553.5
1294710 553.7
1294720 554.2
1294730 554.2
1294740 554.9
1294750 555.5
1294760 555.5
1294770 556.3
1294780 557.4
1294790 557.4
1294800 557.8
1294810 557.7
1294820 556.8
1294830 556.8
1294840 556.2
1294850 556.2
1294860 556.2
1294870 556.2
1294880 555.9
1294890 555.9
1294900 555.8
1294910 556.3
1294920 556.3
1294930 556.5
1294940 556.5
1294950 556.5
1294960 557.0
1294970 557.4
1294980 557.4
1294990 558.0
1295000 558.5
1295010 558.5
1295020 559.6
1295030 560.8
1295040 560.8
1295050 561.9
1295060 563.1
1295070 563.1
1295080 563.9
1295090 565.8
1295100 567.5
1295110 567.5
1295120 569.2
1295130 570.5
1295140 570.5
1295150 571.9
1295160 573.0
1295170 573.0
1295180 573.7
1295190 574.9
1295200 574.9
1295210 576.4
1295220 577.2
1295230 577.2
1295240 578.1
1295250 579.8
1295260 579.8
1295270 580.4
1295280 580.5
1295290 580.5
1295300 581.2
1295310 582.8
1295320 582.8
1295330 584.5
1295340 586.1
1295350 588.2
1295360 588.2
1295370 588.3
1295380 588.8
1295390 588.8
1295400 589.5
1295410 590.0
1295420 590.0
1295430 591.4
1295440 588.8
1295450 588.8
1295460 583.6
1295470 582.8
1295480 582.8
1295490 585.5
1295500 591.6
1295510 591.6
1295520 597.7
1295530 602.0
1295540 602.0
1295550 604.0
1295560 606.7
1295570 606.7
1295580 607.7
1295590 607.5
1295600 607.5
1295610 608.3
1295620 611.9
1295630 616.2
1295640 616.2
1295650 619.6
1295660 620.7
1295670 620.7
1295680 621.3
1295690 621.7
1295700 621.7
1295710 619.7
1295720 617.9
1295730 617.9
1295740 621.6
1295750 623.5
1295760 623.5
1295770 624.0
1295780 624.3
1295790 624.3
1295800 624.6
1295810 624.4
1295820 624.4
1295830 624.4
1295840 624.7
1295850 624.7
1295860 625.9
1295870 627.9
1295880 627.9
1295890 630.2
1295900 632.2
1295910 633.0
1295920 633.0
1295930 633.1
1295940 633.7
1295950 633.7
1295960 634.2
1295970 634.4
1295980 634.4
1295990 634.8
1296000 635.1
1296010 635.1
1296020 635.8
1296030 638.5
1296040 638.5
1296050 638.3
1296060 637.0
1296070 637.0
1296080 633.2
1296090 629.2
1296100 629.2
1296110 619.9
1296120 609.7
1296130 609.7
1296140 599.8
1296150 590.3
1296160 590.3
1296170 583.9
1296180 580.9
1296190 577.2
1296200 577.2
1296210 574.7
1296220 572.2
1296230 572.2
1296240 568.5
1296250 568.2
1296260 568.2
1296270 569.1
1296280 570.0
1296290 570.0
1296300 570.4
1296310 570.7
1296320 570.7
1296330 571.2
1296340 573.0
1296350 573.0
1296360 575.7
1296370 577.4
1296380 577.4
1296390 578.1
1296400 578.6
1296410 578.6
1296420 579.7
1296430 584.4
1296440 596.0
1296450 596.0
1296460 604.4
1296470 611.4
1296480 611.4
1296490 618.5
1296500 625.6
1296510 625.6
1296520 632.2
1296530 637.9
1296540 637.9
1296550 645.9
1296560 653.3
1296570 653.3
1296580 660.2
1296590 664.8
1296600 664.8
1296610 666.9
1296620 667.0
1296630 667.0
1296640 667.7
1296650 668.5
1296660 668.5
1296670 669.3
1296680 670.3
1296690 670.3
1296700 671.5
1296710 675.3
1296720 675.7
1296730 675.7
1296740 676.8
1296750 678.7
1296760 678.7
1296770 679.8
1296780 680.1
1296790 680.1
1296800 679.7
1296810 679.2
1296820 679.2
1296830 680.2
1296840 681.4
1296850 681.4
1296860 681.8
1296870 682.5
1296880 682.5
1296890 683.9
1296900 684.3
1296910 684.3
1296920 683.9
1296930 682.8
1296940 682.8
1296950 680.1
1296960 678.1
1296970 678.1
1296980 677.9
1296990 678.4
1297000 678.9
1297010 678.9
1297020 679.5
1297030 680.0
1297040 680.0
1297050 680.5
1297060 680.7
1297070 680.7
1297080 681.3
1297090 681.8
1297100 681.8
1297110 682.3
1297120 683.0
1297130 683.0
1297140 683.8
1297150 684.4
1297160 684.4
1297170 685.2
1297180 685.8
1297190 685.8
1297200 686.0
1297210 686.6
1297220 686.6
1297230 686.9
1297240 687.3
1297250 687.8
1297260 687.8
1297270 688.4
1297280 690.0
1297290 690.0
1297300 690.8
1297310 693.0
1297320 693.0
1297330 696.6
1297340 701.1
1297350 701.1
1297360 705.8
1297370 710.5
1297380 710.5
1297390 719.8
1297400 724.2
1297410 724.2
1297420 728.2
1297430 731.6
1297440 731.6
1297450 734.3
1297460 736.1
1297470 736.1
1297480 737.4
1297490 738.2
1297500 738.2
1297510 738.2
1297520 738.9
1297530 739.3
1297540 739.3
1297550 743.1
1297560 750.3
1297570 750.3
1297580 758.1
1297590 766.1
1297600 766.1
1297610 774.0
1297620 781.6
1297630 781.6
1297640 788.2
1297650 795.3
1297660 795.3
1297670 801.2
1297680 805.1
1297690 805.1
1297700 808.1
1297710 809.1
1297720 809.1
1297730 809.0
1297740 808.9
1297750 808.9
1297760 809.0
1297770 809.5
1297780 809.5
1297790 810.0
1297800 810.4
1297810 811.0
1297820 811.0
1297830 811.7
1297840 812.4
1297850 812.4
1297860 812.7
1297870 813.6
1297880 813.6
1297890 815.2
1297900 816.3
1297910 816.3
1297920 817.3
1297930 818.4
1297940 818.4
1297950 819.4
1297960 820.2
1297970 820.2
1297980 821.2
1297990 823.3
1298000 823.3
1298010 825.8
1298020 828.0
1298030 828.0
1298040 829.9
1298050 831.6
1298060 832.8
1298070 833.7
1298080 834.9
1298090 836.0
1298100 836.0
1298110 837.0
1298120 837.9
1298130 837.9
1298140 838.7
1298150 839.4
1298160 839.4
1298170 840.4
1298180 841.3
1298190 841.3
1298200 842.2
1298210 843.1
1298220 843.1
1298230 844.0
1298240 845.0
1298250 845.0
1298260 845.9
1298270 846.7
1298280 846.7
1298290 847.6
1298300 848.7
1298310 848.7
1298320 850.1
1298330 851.2
1298340 852.1
1298350 852.1
1298360 853.4
1298370 854.9
1298380 854.9
1298390 856.5
1298400 858.1
1298410 858.1
1298420 859.8
1298430 861.7
1298440 861.7
1298450 863.6
1298460 865.5
1298470 865.5
1298480 867.2
1298490 868.6
1298500 868.6
1298510 870.1
1298520 871.5
1298530 871.5
1298540 872.8
1298550 874.0
1298560 874.0
1298570 875.9
1298580 878.5
1298590 878.5
1298600 879.3
1298610 879.8
1298620 880.0
1298630 880.0
1298640 879.8
1298650 880.5
1298660 880.5
1298670 881.3
1298680 881.3
1298690 881.3
1298700 881.9
1298710 883.0
1298720 883.0
1298730 884.3
1298740 885.1
1298750 885.3
1298760 885.6
1298770 886.0
1298780 886.0
1298790 886.8
1298800 887.7
1298810 887.7
1298820 888.4
1298830 888.6
1298840 888.6
1298850 888.7
1298860 889.8
1298870 891.1
1298880 891.1
1298890 891.0
1298900 891.2
1298910 891.2
1298920 891.9
1298930 892.7
1298940 892.7
1298950 893.5
1298960 894.5
1298970 894.5
1298980 895.4
1298990 896.3
1299000 896.3
1299010 897.3
1299020 898.1
1299030 898.1
1299040 899.0
1299050 900.0
1299060 900.0
1299070 901.1
1299080 902.0
1299090 902.0
1299100 902.6
1299110 903.5
1299120 903.5
1299130 904.7
1299140 906.1
1299150 907.5
1299160 907.5
1299170 908.9
1299180 910.2
1299190 910.2
1299200 911.6
1299210 912.9
1299220 912.9
1299230 914.2
1299240 915.5
1299250 915.5
1299260 916.7
1299270 917.8
1299280 917.8
1299290 919.0
1299300 920.3
1299310 920.3
1299320 921.3
1299330 922.1
1299340 922.1
1299350 923.0
1299360 923.9
1299370 923.9
1299380 924.6
1299390 925.0
1299400 925.0
1299410 925.3
1299420 925.9
1299430 926.4
1299440 927.7
1299450 928.3
1299460 929.0
1299470 929.0
1299480 929.8
1299490 930.8
1299500 930.8
1299510 931.8
1299520 933.1
1299530 933.1
1299540 934.5
1299550 935.0
1299560 935.0
1299570 935.3
1299580 935.9
1299590 935.9
1299600 936.6
1299610 937.5
1299620 937.5
1299630 938.3
1299640 939.1
1299650 939.1
1299660 940.0
1299670 940.8
1299680 941.3
1299690 941.3
1299700 941.8
1299710 942.5
1299720 942.5
1299730 943.3
1299740 944.2
1299750 944.2
1299760 945.0
1299770 945.7
1299780 945.7
1299790 946.6
1299800 947.7
1299810 947.7
1299820 949.0
1299830 949.8
1299840 949.8
1299850 950.0
1299860 951.1
1299870 951.1
1299880 952.5
1299890 953.7
1299900 953.7
1299910 955.5
1299920 957.8
1299930 957.8
1299940 960.1
1299950 961.9
1299960 963.2
1299970 963.2
1299980 964.9
1299990 966.5
