1280000 1493.1
1280010 1499.7
1280020 1499.7
1280030 1505.3
1280040 1513.8
1280050 1513.8
1280060 1515.3
1280070 1519.2
1280080 1519.2
1280090 1517.7
1280100 1521.5
1280110 1521.5
1280120 1523.6
1280130 1522.0
1280140 1521.5
1280150 1521.5
1280160 1531.9
1280170 1544.6
1280180 1544.6
1280190 1551.4
1280200 1550.6
1280210 1550.6
1280220 1549.5
1280230 1547.5
1280240 1547.5
1280250 1544.3
1280260 1539.9
1280270 1539.9
1280280 1535.1
1280290 1530.4
1280300 1530.4
1280310 1526.0
1280320 1521.1
1280330 1521.1
1280340 1516.4
1280350 1512.0
1280360 1512.0
1280370 1507.9
1280380 1503.8
1280390 1503.8
1280400 1498.9
1280410 1492.9
1280420 1487.4
1280430 1487.4
1280440 1483.0
1280450 1476.9
1280460 1476.9
1280470 1463.3
1280480 1455.5
1280490 1455.5
1280500 1448.7
1280510 1441.1
1280520 1441.1
1280530 1433.8
1280540 1426.2
1280550 1426.2
1280560 1418.4
1280570 1415.4
1280580 1415.4
1280590 1407.7
1280600 1397.5
1280610 1397.5
1280620 1377.9
1280630 1354.0
1280640 1354.0
1280650 1354.1
1280660 1357.4
1280670 1353.2
1280680 1353.2
1280690 1345.8
1280700 1337.2
1280710 1337.2
1280720 1325.8
1280730 1319.5
1280740 1319.5
1280750 1311.9
1280760 1301.1
1280770 1301.1
1280780 1291.7
1280790 1282.3
1280800 1282.3
1280810 1267.3
1280820 1253.1
1280830 1253.1
1280840 1239.9
1280850 1231.3
1280860 1231.3
1280870 1224.2
1280880 1216.4
1280890 1216.4
1280900 1209.3
1280910 1203.4
1280920 1203.4
1280930 1197.4
1280940 1192.3
1280950 1187.6
1280960 1187.6
1280970 1181.4
1280980 1174.5
1280990 1174.5
1281000 1167.4
1281010 1160.4
1281020 1160.4
1281030 1159.5
1281040 1155.2
1281050 1155.2
1281060 1150.1
1281070 1143.2
1281080 1143.2
1281090 1156.6
1281100 1141.8
1281110 1141.8
1281120 1134.8
1281130 1129.1
1281140 1129.1
1281150 1130.3
1281160 1136.5
1281170 1136.5
1281180 1125.0
1281190 1120.3
1281200 1120.3
1281210 1113.2
1281220 1109.6
1281230 1113.4
1281240 1113.4
1281250 1109.6
1281260 1114.2
1281270 1114.2
1281280 1120.9
1281290 1117.1
1281300 1117.1
1281310 1111.1
1281320 1105.3
1281330 1105.3
1281340 1099.5
1281350 1094.4
1281360 1094.4
1281370 1089.4
1281380 1082.8
1281390 1082.8
1281400 1073.7
1281410 1064.1
1281420 1064.1
1281430 1056.9
1281440 1050.2
1281450 1050.2
1281460 1043.8
1281470 1036.5
1281480 1036.5
1281490 1023.2
1281500 1010.2
1281510 1001.2
1281520 1001.2
1281530 991.2
1281540 976.7
1281550 976.7
1281560 961.3
1281570 954.1
1281580 954.1
1281590 945.0
1281600 935.0
1281610 935.0
1281620 929.1
1281630 925.8
1281640 925.8
1281650 923.3
1281660 920.8
1281670 920.8
1281680 917.9
1281690 914.9
1281700 914.9
1281710 912.2
1281720 907.4
1281730 907.4
1281740 905.0
1281750 902.7
1281760 902.7
1281770 900.4
1281780 897.8
1281790 894.6
1281800 894.6
1281810 891.5
1281820 889.0
1281830 889.0
1281840 886.6
1281850 883.8
1281860 883.8
1281870 881.3
1281880 878.0
1281890 878.0
1281900 873.9
1281910 872.4
1281920 872.4
1281930 875.1
1281940 888.4
1281950 888.4
1281960 897.0
1281970 897.1
1281980 897.1
1281990 897.4
1282000 896.5
1282010 896.5
1282020 901.0
1282030 906.4
1282040 906.4
1282050 910.3
1282060 918.0
1282070 925.9
1282080 925.9
1282090 931.0
1282100 933.3
1282110 933.3
1282120 934.4
1282130 928.7
1282140 928.7
1282150 926.4
1282160 929.7
1282170 929.7
1282180 943.6
1282190 952.5
1282200 952.5
1282210 953.8
1282220 953.4
1282230 953.4
1282240 952.4
1282250 950.9
1282260 950.9
1282270 948.4
1282280 944.8
1282290 944.8
1282300 942.1
1282310 939.7
1282320 939.7
1282330 936.8
1282340 933.6
1282350 926.1
1282360 926.1
1282370 924.6
1282380 921.7
1282390 921.7
1282400 918.5
1282410 918.2
1282420 918.2
1282430 917.2
1282440 914.8
1282450 914.8
1282460 912.3
1282470 909.5
1282480 909.5
1282490 906.3
1282500 904.6
1282510 904.6
1282520 904.9
1282530 909.0
1282540 909.0
1282550 915.4
1282560 920.9
1282570 920.9
1282580 918.4
1282590 912.7
1282600 910.8
1282610 910.8
1282620 909.3
1282630 904.3
1282640 904.3
1282650 897.8
1282660 891.3
1282670 891.3
1282680 884.6
1282690 878.3
1282700 878.3
1282710 872.1
1282720 868.5
1282730 868.5
1282740 867.5
1282750 864.8
1282760 864.8
1282770 860.6
1282780 857.8
1282790 857.8
1282800 860.4
1282810 865.8
1282820 865.8
1282830 872.0
1282840 877.4
1282850 877.4
1282860 883.2
1282870 888.6
1282880 893.5
1282890 893.5
1282900 898.8
1282910 904.3
1282920 904.3
1282930 908.8
1282940 912.4
1282950 912.4
1282960 914.5
1282970 917.6
1282980 915.3
1282990 919.1
1283000 918.5
1283010 918.5
1283020 916.2
1283030 910.2
1283040 910.2
1283050 904.4
1283060 900.2
1283070 900.2
1283080 896.1
1283090 895.0
1283100 895.0
1283110 894.1
1283120 898.4
1283130 898.4
1283140 899.8
1283150 900.5
1283160 902.7
1283170 902.7
1283180 901.5
1283190 903.7
1283200 903.7
1283210 908.5
1283220 915.4
1283230 915.4
1283240 920.6
1283250 919.9
1283260 919.9
1283270 918.0
1283280 916.8
1283290 916.8
1283300 917.1
1283310 918.7
1283320 918.7
1283330 918.3
1283340 916.7
1283350 916.7
1283360 914.3
1283370 912.3
1283380 912.3
1283390 911.0
1283400 909.8
1283410 909.8
1283420 909.3
1283430 908.6
1283440 906.7
1283450 906.7
1283460 902.3
1283470 897.1
1283480 897.1
1283490 894.5
1283500 894.0
1283510 894.0
1283520 894.2
1283530 894.1
1283540 894.1
1283550 892.5
1283560 892.8
1283570 892.8
1283580 894.3
1283590 895.2
1283600 895.2
1283610 892.3
1283620 892.9
1283630 892.9
1283640 893.2
1283650 893.4
1283660 893.4
1283670 893.9
1283680 895.2
1283690 895.2
1283700 896.9
1283710 898.0
1283720 898.0
1283730 898.0
1283740 897.1
1283750 892.3
1283760 892.3
1283770 885.0
1283780 876.5
1283790 876.5
1283800 872.9
1283810 872.8
1283820 872.8
1283830 873.0
1283840 873.6
1283850 873.6
1283860 873.5
1283870 873.0
1283880 873.0
1283890 872.7
1283900 872.1
1283910 872.1
1283920 872.7
1283930 873.5
1283940 873.5
1283950 873.9
1283960 873.9
1283970 873.9
1283980 873.4
1283990 871.1
1284000 870.3
1284010 870.3
1284020 870.5
1284030 871.5
1284040 871.5
1284050 872.8
1284060 872.9
1284070 872.9
1284080 872.5
1284090 873.2
1284100 873.2
1284110 874.2
1284120 873.7
1284130 873.7
1284140 873.0
1284150 872.1
1284160 872.1
1284170 870.8
1284180 869.6
1284190 869.6
1284200 869.0
1284210 870.1
1284220 870.1
1284230 871.8
1284240 872.9
1284250 869.8
1284260 870.8
1284270 871.9
1284280 873.3
1284290 873.3
1284300 874.2
1284310 874.3
1284320 874.3
1284330 874.3
1284340 874.1
1284350 874.1
1284360 874.2
1284370 873.6
1284380 873.6
1284390 873.2
1284400 873.3
1284410 873.3
1284420 873.1
1284430 872.9
1284440 872.9
1284450 873.0
1284460 872.8
1284470 872.8
1284480 872.9
1284490 872.7
1284500 872.7
1284510 872.8
1284520 872.9
1284530 873.2
1284540 873.2
1284550 873.4
1284560 873.4
1284570 873.4
1284580 873.4
1284590 874.5
1284600 874.5
1284610 876.7
1284620 877.9
1284630 877.9
1284640 878.8
1284650 879.4
1284660 879.4
1284670 879.9
1284680 880.3
1284690 880.3
1284700 880.6
1284710 880.8
1284720 880.8
1284730 880.8
1284740 880.8
1284750 880.8
1284760 880.7
1284770 880.5
1284780 880.5
1284790 879.9
1284800 879.1
1284810 878.2
1284820 878.2
1284830 877.4
1284840 876.8
1284850 876.8
1284860 876.3
1284870 875.7
1284880 875.7
1284890 872.5
1284900 871.7
1284910 871.7
1284920 871.0
1284930 870.4
1284940 870.4
1284950 869.2
1284960 868.0
1284970 868.0
1284980 868.2
1284990 869.1
1285000 869.1
1285010 869.7
1285020 869.5
1285030 869.5
1285040 868.9
1285050 868.4
1285060 868.4
1285070 868.3
1285080 868.3
1285090 868.2
1285100 868.2
1285110 868.1
1285120 867.8
1285130 867.8
1285140 867.4
1285150 866.9
1285160 866.9
1285170 866.6
1285180 866.1
1285190 866.1
1285200 865.6
1285210 865.2
1285220 865.2
1285230 864.8
1285240 864.4
1285250 864.4
1285260 863.7
1285270 862.7
1285280 862.7
1285290 862.0
1285300 861.8
1285310 861.8
1285320 861.0
1285330 859.1
1285340 859.1
1285350 859.1
1285360 859.6
1285370 859.2
1285380 859.2
1285390 859.0
1285400 859.0
1285410 859.0
1285420 858.9
1285430 858.7
1285440 858.7
1285450 858.8
1285460 859.3
1285470 859.3
1285480 860.1
1285490 859.7
1285500 859.7
1285510 859.6
1285520 860.2
1285530 858.8
1285540 859.6
1285550 860.3
1285560 860.3
1285570 861.1
1285580 862.0
1285590 862.0
1285600 862.5
1285610 862.8
1285620 862.8
1285630 862.9
1285640 862.8
1285650 863.2
1285660 863.2
1285670 864.3
1285680 864.7
1285690 864.7
1285700 864.5
1285710 864.2
1285720 864.2
1285730 863.6
1285740 862.6
1285750 862.6
1285760 862.0
1285770 861.6
1285780 861.6
1285790 860.8
1285800 859.7
1285810 859.7
1285820 859.4
1285830 858.7
1285840 858.7
1285850 858.3
1285860 858.1
1285870 858.1
1285880 857.7
1285890 856.4
1285900 856.4
1285910 856.0
1285920 857.2
1285930 855.2
1285940 855.2
1285950 853.9
1285960 853.3
1285970 853.3
1285980 853.0
1285990 852.2
1286000 852.2
1286010 851.9
1286020 851.7
1286030 851.7
1286040 851.8
1286050 851.6
1286060 851.6
1286070 851.3
1286080 850.9
1286090 850.9
1286100 850.8
1286110 850.3
1286120 850.3
1286130 849.9
1286140 849.6
1286150 849.6
1286160 849.4
1286170 848.2
1286180 847.8
1286190 847.8
1286200 848.1
1286210 848.3
1286220 848.3
1286230 848.7
1286240 849.0
1286250 849.0
1286260 849.4
1286270 849.8
1286280 849.8
1286290 850.0
1286300 850.0
1286310 850.0
1286320 849.5
1286330 848.8
1286340 848.8
1286350 848.0
1286360 850.3
1286370 850.3
1286380 851.5
1286390 851.7
1286400 851.7
1286410 851.7
1286420 851.7
1286430 851.7
1286440 851.8
1286450 852.1
1286460 852.1
1286470 852.1
1286480 852.1
1286490 852.3
1286500 852.3
1286510 852.6
1286520 852.8
1286530 852.8
1286540 852.9
1286550 852.8
1286560 852.8
1286570 852.8
1286580 853.1
1286590 853.1
1286600 853.4
1286610 853.7
1286620 853.7
1286630 853.6
1286640 853.7
1286650 853.7
1286660 854.0
1286670 854.2
1286680 854.2
1286690 854.3
1286700 854.5
1286710 854.5
1286720 854.9
1286730 855.1
1286740 855.3
1286750 855.3
1286760 855.7
1286770 856.0
1286780 856.0
1286790 856.4
1286800 856.6
1286810 854.9
1286820 855.2
1286830 855.6
1286840 855.6
1286850 856.0
1286860 856.4
1286870 856.4
1286880 856.6
1286890 856.7
1286900 856.7
1286910 856.6
1286920 853.1
1286930 853.1
1286940 845.6
1286950 838.2
1286960 838.2
1286970 830.1
1286980 821.5
1286990 821.5
1287000 813.3
1287010 805.4
1287020 805.0
1287030 805.0
1287040 811.6
1287050 816.3
1287060 816.3
1287070 818.4
1287080 821.8
1287090 821.8
1287100 825.5
1287110 828.1
1287120 828.1
1287130 828.7
1287140 831.7
1287150 831.7
1287160 836.2
1287170 838.5
1287180 838.5
1287190 839.0
1287200 839.8
1287210 839.8
1287220 843.1
1287230 848.6
1287240 848.6
1287250 854.2
1287260 859.4
1287270 859.4
1287280 863.1
1287290 863.8
1287300 863.8
1287310 863.8
1287320 859.8
1287330 857.3
1287340 857.3
1287350 858.8
1287360 862.1
1287370 862.1
1287380 866.6
1287390 868.8
1287400 868.8
1287410 868.6
1287420 866.2
1287430 866.2
1287440 863.0
1287450 861.1
1287460 857.7
1287470 855.0
1287480 852.2
1287490 852.2
1287500 852.8
1287510 857.3
1287520 857.3
1287530 861.7
1287540 859.0
1287550 859.0
1287560 854.3
1287570 852.9
1287580 855.3
1287590 855.3
1287600 856.0
1287610 856.1
1287620 856.1
1287630 858.1
1287640 860.0
1287650 860.0
1287660 861.7
1287670 863.7
1287680 863.7
1287690 866.4
1287700 868.9
1287710 868.9
1287720 870.2
1287730 870.7
1287740 870.7
1287750 869.5
1287760 865.3
1287770 865.3
1287780 860.9
1287790 857.6
1287800 857.6
1287810 854.8
1287820 852.1
1287830 852.1
1287840 851.0
1287850 850.7
1287860 851.4
1287870 851.4
1287880 854.2
1287890 858.7
1287900 858.7
1287910 857.8
1287920 850.9
1287930 850.9
1287940 845.9
1287950 844.2
1287960 844.2
1287970 843.9
1287980 844.1
1287990 844.1
1288000 841.8
1288010 836.4
1288020 836.4
1288030 831.3
1288040 829.6
1288050 829.6
1288060 829.4
1288070 831.3
1288080 831.3
1288090 834.9
1288100 838.0
1288110 838.9
1288120 838.9
1288130 842.8
1288140 847.0
1288150 847.0
1288160 851.7
1288170 857.3
1288180 857.3
1288190 863.8
1288200 871.2
1288210 871.2
1288220 874.3
1288230 872.5
1288240 872.5
1288250 872.2
1288260 871.6
1288270 871.6
1288280 869.1
1288290 867.5
1288300 867.5
1288310 869.7
1288320 872.1
1288330 872.1
1288340 873.1
1288350 872.8
1288360 872.8
1288370 872.1
1288380 871.6
1288390 870.7
1288400 870.7
1288410 870.3
1288420 870.2
1288430 870.2
1288440 869.9
1288450 869.5
1288460 869.5
1288470 869.2
1288480 868.8
1288490 868.8
1288500 868.4
1288510 868.1
1288520 868.1
1288530 867.9
1288540 867.6
1288550 867.6
1288560 867.5
1288570 867.4
1288580 867.4
1288590 867.3
1288600 867.1
1288610 867.1
1288620 866.8
1288630 866.5
1288640 866.5
1288650 866.2
1288660 865.7
1288670 865.1
1288680 865.1
1288690 864.6
1288700 863.3
1288710 863.3
1288720 856.1
1288730 849.2
1288740 849.2
1288750 845.1
1288760 845.3
1288770 845.3
1288780 841.8
1288790 837.5
1288800 837.5
1288810 832.9
1288820 829.0
1288830 829.0
1288840 825.9
1288850 823.1
1288860 823.1
1288870 819.9
1288880 817.5
1288890 817.5
1288900 815.2
1288910 812.5
1288920 812.5
1288930 810.4
1288940 809.0
1288950 807.4
1288960 807.4
1288970 804.6
1288980 799.5
1288990 799.5
1289000 794.5
1289010 794.9
1289020 794.9
1289030 798.6
1289040 801.2
1289050 801.2
1289060 800.9
1289070 800.4
1289080 800.4
1289090 800.7
1289100 801.4
1289110 801.4
1289120 796.1
1289130 780.9
1289140 780.9
1289150 772.1
1289160 770.9
1289170 770.9
1289180 775.8
1289190 783.2
1289200 783.2
1289210 791.4
1289220 799.0
1289230 801.5
1289240 801.5
1289250 803.9
1289260 809.8
1289270 809.8
1289280 814.3
1289290 815.7
1289300 815.7
1289310 814.6
1289320 816.2
1289330 816.2
1289340 819.0
1289350 819.5
1289360 819.5
1289370 819.3
1289380 820.7
1289390 820.7
1289400 823.8
1289410 821.0
1289420 821.0
1289430 822.5
1289440 826.6
1289450 826.6
1289460 829.2
1289470 828.7
1289480 828.7
1289490 825.7
1289500 824.2
1289510 825.7
1289520 825.7
1289530 829.2
1289540 833.6
1289550 833.6
1289560 836.9
1289570 838.6
1289580 838.6
1289590 840.8
1289600 839.7
1289610 839.7
1289620 834.2
1289630 832.3
1289640 832.3
1289650 834.2
1289660 839.1
1289670 839.1
1289680 839.3
1289690 834.1
1289700 834.1
1289710 832.7
1289720 833.8
1289730 833.8
1289740 832.8
1289750 830.1
1289760 830.1
1289770 824.6
1289780 818.3
1289790 818.6
1289800 818.6
1289810 822.7
1289820 823.5
1289830 823.5
1289840 827.7
1289850 834.2
1289860 834.2
1289870 839.8
1289880 842.8
1289890 842.8
1289900 841.7
1289910 838.8
1289920 838.8
1289930 839.7
1289940 843.9
1289950 843.9
1289960 849.5
1289970 854.0
1289980 854.0
1289990 856.0
1290000 856.4
1290010 856.4
1290020 856.5
1290030 856.7
1290040 857.0
1290050 857.0
1290060 857.3
1290070 856.1
1290080 856.1
1290090 856.3
1290100 856.9
1290110 856.9
1290120 857.6
1290130 857.9
1290140 857.9
1290150 858.3
1290160 858.8
1290170 858.8
1290180 859.1
1290190 859.1
1290200 859.1
1290210 859.1
1290220 859.2
1290230 859.2
1290240 859.3
1290250 859.4
1290260 859.4
1290270 859.5
1290280 859.4
1290290 859.4
1290300 859.3
1290310 859.2
1290320 859.0
1290330 859.0
1290340 858.8
1290350 858.5
1290360 858.5
1290370 858.3
1290380 858.2
1290390 858.2
1290400 858.0
1290410 857.9
1290420 857.9
1290430 857.7
1290440 857.2
1290450 857.2
1290460 856.9
1290470 856.8
1290480 856.8
1290490 856.7
1290500 856.5
1290510 856.5
1290520 856.1
1290530 855.8
1290540 855.8
1290550 855.5
1290560 855.1
1290570 855.1
1290580 854.5
1290590 853.9
1290600 853.2
1290610 853.2
1290620 852.7
1290630 852.7
1290640 852.7
1290650 852.3
1290660 852.1
1290670 852.1
1290680 851.9
1290690 851.7
1290700 851.7
1290710 851.6
1290720 850.9
1290730 850.9
1290740 850.8
1290750 850.8
1290760 850.8
1290770 850.8
1290780 850.7
1290790 850.7
1290800 850.4
1290810 849.7
1290820 849.7
1290830 849.0
1290840 848.2
1290850 848.2
1290860 847.4
1290870 846.5
1290880 845.5
1290890 845.5
1290900 844.7
1290910 843.9
1290920 843.9
1290930 843.1
1290940 842.4
1290950 842.4
1290960 842.0
1290970 841.8
1290980 841.8
1290990 841.6
1291000 841.5
1291010 841.5
1291020 841.4
1291030 841.1
1291040 841.1
1291050 840.9
1291060 840.7
1291070 840.7
1291080 840.6
1291090 840.3
1291100 840.3
1291110 840.0
1291120 839.6
1291130 839.6
1291140 839.1
1291150 838.8
1291160 838.4
1291170 838.4
1291180 838.1
1291190 837.7
1291200 837.7
1291210 837.2
1291220 836.7
1291230 836.7
1291240 836.1
1291250 835.5
1291260 835.5
1291270 834.8
1291280 833.0
1291290 833.0
1291300 830.0
1291310 826.6
1291320 826.6
1291330 823.4
1291340 821.4
1291350 821.4
1291360 822.2
1291370 825.3
1291380 828.0
1291390 831.4
1291400 833.4
1291410 833.4
1291420 834.1
1291430 834.0
1291440 833.8
1291450 833.8
1291460 833.3
1291470 833.0
1291480 833.0
1291490 832.8
1291500 832.3
1291510 832.3
1291520 832.5
1291530 832.4
1291540 832.4
1291550 832.3
1291560 832.2
1291570 832.2
1291580 832.2
1291590 832.2
1291600 832.2
1291610 832.2
1291620 831.9
1291630 831.9
1291640 831.4
1291650 831.9
1291660 831.9
1291670 832.1
1291680 832.1
1291690 832.0
1291700 832.0
1291710 831.8
1291720 831.6
1291730 831.6
1291740 830.8
1291750 830.1
1291760 830.1
1291770 830.0
1291780 830.3
1291790 830.3
1291800 830.2
1291810 829.9
1291820 829.9
1291830 829.5
1291840 829.2
1291850 829.2
1291860 829.0
1291870 828.7
1291880 828.7
1291890 828.3
1291900 827.8
1291910 827.8
1291920 827.7
1291930 827.7
1291940 827.7
1291950 827.5
1291960 827.3
1291970 827.1
1291980 827.1
1291990 826.9
1292000 826.6
1292010 826.6
1292020 826.4
1292030 826.1
1292040 827.1
1292050 826.7
1292060 826.2
1292070 826.2
1292080 825.7
1292090 825.5
1292100 825.5
1292110 824.4
1292120 823.6
1292130 823.6
1292140 823.1
1292150 822.6
1292160 822.6
1292170 821.9
1292180 821.4
1292190 821.4
1292200 820.9
1292210 820.0
1292220 820.0
1292230 819.1
1292240 818.2
1292250 817.2
1292260 817.2
1292270 816.1
1292280 815.1
1292290 815.1
1292300 814.2
1292310 813.2
1292320 813.2
1292330 812.3
1292340 812.1
1292350 812.1
1292360 811.7
1292370 810.3
1292380 810.3
1292390 808.8
1292400 807.9
1292410 807.9
1292420 807.8
1292430 808.0
1292440 808.0
1292450 808.1
1292460 808.2
1292470 808.2
1292480 808.4
1292490 808.6
1292500 808.6
1292510 808.9
1292520 810.1
1292530 810.6
1292540 810.6
1292550 810.9
1292560 811.5
1292570 811.5
1292580 812.7
1292590 814.1
1292600 814.1
1292610 815.2
1292620 816.2
1292630 816.2
1292640 817.3
1292650 818.3
1292660 818.3
1292670 819.2
1292680 820.1
1292690 820.1
1292700 821.2
1292710 822.3
1292720 822.3
1292730 823.2
1292740 824.1
1292750 824.1
1292760 824.8
1292770 825.4
1292780 825.4
1292790 825.8
1292800 826.1
1292810 826.4
1292820 826.4
1292830 826.6
1292840 826.9
1292850 826.9
1292860 827.2
1292870 827.2
1292880 827.2
1292890 827.3
1292900 827.4
1292910 827.4
1292920 827.5
1292930 827.5
1292940 827.5
1292950 827.6
1292960 827.6
1292970 827.6
1292980 827.5
1292990 827.3
1293000 827.3
1293010 827.1
1293020 826.9
1293030 826.9
1293040 826.8
1293050 826.9
1293060 826.9
1293070 826.5
1293080 826.1
1293090 825.7
1293100 825.7
1293110 825.4
1293120 825.1
1293130 825.1
1293140 824.9
1293150 824.6
1293160 824.6
1293170 824.3
1293180 823.8
1293190 823.8
1293200 823.0
1293210 822.2
1293220 822.2
1293230 821.6
1293240 821.0
1293250 821.0
1293260 820.3
1293270 819.6
1293280 819.6
1293290 819.0
1293300 818.4
1293310 818.4
1293320 817.9
1293330 817.3
1293340 816.7
1293350 816.7
1293360 816.2
1293370 815.3
1293380 815.3
1293390 814.6
1293400 813.9
1293410 813.9
1293420 813.2
1293430 812.6
1293440 812.6
1293450 812.0
1293460 811.5
1293470 811.5
1293480 811.0
1293490 810.6
1293500 810.6
1293510 810.3
1293520 810.1
1293530 810.1
1293540 810.0
1293550 809.9
1293560 809.9
1293570 809.9
1293580 809.9
1293590 809.9
1293600 810.0
1293610 810.1
1293620 810.3
1293630 810.3
1293640 810.4
1293650 810.4
1293660 810.4
1293670 810.4
1293680 810.4
1293690 810.4
1293700 810.4
1293710 810.4
1293720 810.4
1293730 810.3
1293740 810.2
1293750 810.2
1293760 810.0
1293770 809.8
1293780 809.8
1293790 809.3
1293800 808.9
1293810 808.9
1293820 808.3
1293830 807.8
1293840 807.8
1293850 807.2
1293860 806.6
1293870 806.6
1293880 805.9
1293890 805.2
1293900 804.5
1293910 804.5
1293920 803.9
1293930 803.2
1293940 803.2
1293950 802.5
1293960 801.0
1293970 801.0
1293980 798.3
1293990 796.1
1294000 796.1
1294010 792.5
1294020 786.4
1294030 786.4
1294040 777.6
1294050 771.9
1294060 771.9
1294070 769.2
1294080 769.4
1294090 769.4
1294100 770.2
1294110 769.3
1294120 769.3
1294130 766.0
1294140 762.9
1294150 762.9
1294160 760.3
1294170 758.0
1294180 756.3
1294190 756.3
1294200 753.6
1294210 750.7
1294220 750.7
1294230 748.8
1294240 744.8
1294250 744.8
1294260 739.5
1294270 735.2
1294280 735.2
1294290 731.6
1294300 727.4
1294310 727.4
1294320 722.8
1294330 718.2
1294340 718.2
1294350 714.6
1294360 712.1
1294370 712.1
1294380 709.3
1294390 706.2
1294400 706.2
1294410 703.5
1294420 700.6
1294430 700.6
1294440 697.9
1294450 694.6
1294460 691.2
1294470 691.2
1294480 688.2
1294490 684.4
1294500 684.4
1294510 679.5
1294520 674.0
1294530 674.0
1294540 669.4
1294550 665.5
1294560 665.5
1294570 661.5
1294580 658.1
1294590 658.1
1294600 655.0
1294610 651.9
1294620 651.9
1294630 649.1
1294640 646.6
1294650 646.6
1294660 644.0
1294670 641.1
1294680 641.1
1294690 638.4
1294700 636.2
1294710 633.3
1294720 630.7
1294730 627.0
1294740 623.1
1294750 623.1
1294760 619.5
1294770 617.8
1294780 617.8
1294790 614.7
1294800 611.8
1294810 611.8
1294820 609.7
1294830 607.5
1294840 607.5
1294850 605.0
1294860 602.7
1294870 602.7
1294880 601.4
1294890 601.2
1294900 601.2
1294910 601.3
1294920 599.7
1294930 599.7
1294940 596.9
1294950 594.5
1294960 594.5
1294970 591.7
1294980 587.8
1294990 585.0
1295000 585.0
1295010 583.6
1295020 582.6
1295030 582.6
1295040 581.6
1295050 580.8
1295060 580.8
1295070 579.7
1295080 577.6
1295090 577.6
1295100 573.3
1295110 570.6
1295120 570.6
1295130 571.3
1295140 575.8
1295150 575.8
1295160 576.8
1295170 576.0
1295180 576.0
1295190 575.2
1295200 574.3
1295210 574.3
1295220 573.5
1295230 572.7
1295240 572.7
1295250 571.8
1295260 570.5
1295270 569.1
1295280 569.1
1295290 568.9
1295300 567.8
1295310 567.8
1295320 563.1
1295330 560.2
1295340 560.2
1295350 555.4
1295360 552.1
1295370 552.1
1295380 547.6
1295390 547.3
1295400 547.3
1295410 546.8
1295420 546.2
1295430 546.2
1295440 545.9
1295450 545.9
1295460 545.9
1295470 545.9
1295480 545.9
1295490 545.9
1295500 545.8
1295510 545.7
1295520 545.7
1295530 545.8
1295540 545.8
1295550 545.8
1295560 545.8
1295570 545.6
1295580 545.6
1295590 545.6
1295600 545.7
1295610 545.2
1295620 545.2
1295630 544.3
1295640 544.3
1295650 544.3
1295660 544.3
1295670 544.3
1295680 544.3
1295690 544.3
1295700 544.3
1295710 544.3
1295720 544.4
1295730 544.3
1295740 544.3
1295750 544.4
1295760 544.5
1295770 544.5
1295780 544.9
1295790 544.3
1295800 544.3
1295810 544.1
1295820 544.2
1295830 544.4
1295840 544.4
1295850 544.5
1295860 544.6
1295870 544.6
1295880 544.7
1295890 544.7
1295900 544.7
1295910 544.8
1295920 544.8
1295930 544.8
1295940 544.4
1295950 544.3
1295960 544.3
1295970 544.4
1295980 544.3
1295990 544.3
1296000 544.4
1296010 544.4
1296020 544.4
1296030 544.6
1296040 544.6
1296050 544.6
1296060 541.7
1296070 542.9
1296080 542.9
1296090 542.6
1296100 541.0
1296110 540.6
1296120 540.6
1296130 540.7
1296140 540.7
1296150 540.7
1296160 540.7
1296170 540.7
1296180 540.7
1296190 540.7
1296200 540.7
1296210 540.7
1296220 540.6
1296230 540.6
1296240 540.6
1296250 540.6
1296260 540.6
1296270 540.6
1296280 540.6
1296290 540.6
1296300 540.6
1296310 540.6
1296320 540.6
1296330 540.6
1296340 540.5
1296350 540.5
1296360 540.5
1296370 540.5
1296380 540.5
1296390 540.5
1296400 540.5
1296410 540.5
1296420 540.5
1296430 540.5
1296440 540.5
1296450 540.5
1296460 540.5
1296470 540.5
1296480 540.4
1296490 540.4
1296500 540.4
1296510 540.4
1296520 540.4
1296530 540.4
1296540 540.4
1296550 540.4
1296560 540.4
1296570 540.4
1296580 540.4
1296590 540.5
1296600 540.8
1296610 540.8
1296620 541.2
1296630 542.1
1296640 543.1
1296650 543.1
1296660 544.0
1296670 544.8
1296680 544.8
1296690 545.5
1296700 546.0
1296710 546.0
1296720 546.5
1296730 547.4
1296740 547.4
1296750 547.5
1296760 547.5
1296770 547.5
1296780 547.6
1296790 547.6
1296800 547.6
1296810 547.6
1296820 547.6
1296830 547.6
1296840 547.5
1296850 547.4
1296860 547.4
1296870 547.4
1296880 547.3
1296890 547.3
1296900 547.3
1296910 547.3
1296920 547.3
1296930 547.3
1296940 547.4
1296950 547.4
1296960 547.4
1296970 547.3
1296980 547.5
1296990 547.5
1297000 547.8
1297010 547.8
1297020 547.8
1297030 547.6
1297040 547.4
1297050 547.4
1297060 547.3
1297070 547.3
1297080 547.3
1297090 547.2
1297100 547.1
1297110 547.1
1297120 547.2
1297130 547.2
1297140 547.2
1297150 547.3
1297160 547.4
1297170 547.4
1297180 547.5
1297190 547.6
1297200 547.6
1297210 547.6
1297220 547.7
1297230 547.9
1297240 547.9
1297250 547.9
1297260 547.8
1297270 547.8
1297280 547.7
1297290 547.5
1297300 547.5
1297310 547.0
1297320 545.7
1297330 545.7
1297340 544.3
1297350 543.4
1297360 543.4
1297370 543.0
1297380 542.9
1297390 542.9
1297400 542.8
1297410 542.8
1297420 542.8
1297430 542.7
1297440 542.7
1297450 542.7
1297460 542.7
1297470 542.6
1297480 542.6
1297490 542.6
1297500 542.6
1297510 542.6
1297520 542.6
1297530 542.6
1297540 542.6
1297550 542.6
1297560 542.7
1297570 542.6
1297580 542.6
1297590 542.6
1297600 542.4
1297610 542.4
1297620 542.5
1297630 542.6
1297640 542.6
1297650 542.6
1297660 542.8
1297670 542.8
1297680 542.8
1297690 542.5
1297700 542.5
1297710 542.4
1297720 542.3
1297730 542.3
1297740 542.3
1297750 542.2
1297760 542.1
1297770 542.1
1297780 542.2
1297790 542.3
1297800 542.3
1297810 542.3
1297820 542.3
1297830 542.3
1297840 542.3
1297850 542.2
1297860 542.2
1297870 542.2
1297880 542.2
1297890 542.2
1297900 542.1
1297910 542.0
1297920 542.0
1297930 541.9
1297940 542.0
1297950 542.0
1297960 542.0
1297970 541.8
1297980 541.8
1297990 541.8
1298000 541.8
1298010 541.8
1298020 541.8
1298030 542.0
1298040 542.1
1298050 542.1
1298060 541.5
1298070 541.0
1298080 541.0
1298090 541.9
1298100 543.0
1298110 543.0
1298120 543.0
1298130 543.1
1298140 543.1
1298150 543.2
1298160 543.3
1298170 543.3
1298180 543.4
1298190 543.4
1298200 543.4
1298210 543.5
1298220 543.5
1298230 543.5
1298240 543.6
1298250 543.6
1298260 543.6
1298270 543.3
1298280 542.6
1298290 542.7
1298300 542.7
1298310 542.5
1298320 542.4
1298330 542.4
1298340 542.2
1298350 542.0
1298360 542.0
1298370 542.0
1298380 542.3
1298390 542.3
1298400 542.3
1298410 542.9
1298420 542.9
1298430 544.7
1298440 546.6
1298450 546.6
1298460 552.3
1298470 556.0
1298480 556.0
1298490 553.6
1298500 552.8
1298510 552.8
1298520 553.1
1298530 552.3
1298540 552.3
1298550 550.7
1298560 547.1
1298570 545.1
1298580 545.1
1298590 544.8
1298600 544.6
1298610 544.6
1298620 544.4
1298630 544.3
1298640 544.3
1298650 544.1
1298660 544.1
1298670 544.1
1298680 544.0
1298690 544.0
1298700 544.0
1298710 543.9
1298720 543.8
1298730 543.8
1298740 543.7
1298750 543.5
1298760 543.5
1298770 543.2
1298780 543.1
1298790 543.1
1298800 543.4
1298810 543.8
1298820 543.8
1298830 543.2
1298840 543.3
1298850 543.7
1298860 543.7
1298870 544.3
1298880 544.4
1298890 544.4
1298900 544.3
1298910 543.5
1298920 543.5
1298930 543.0
1298940 543.0
1298950 543.0
1298960 542.9
1298970 542.7
1298980 542.7
1298990 542.7
1299000 542.9
1299010 542.9
1299020 542.9
1299030 543.1
1299040 543.1
1299050 543.2
1299060 543.2
1299070 543.2
1299080 543.3
1299090 543.4
1299100 543.4
1299110 543.5
1299120 543.6
1299130 543.8
1299140 543.8
1299150 544.6
1299160 545.6
1299170 545.6
1299180 546.1
1299190 545.9
1299200 545.9
1299210 546.1
1299220 546.8
1299230 546.8
1299240 547.6
1299250 548.7
1299260 548.7
1299270 549.8
1299280 551.0
1299290 551.0
1299300 552.2
1299310 553.6
1299320 553.6
1299330 555.6
1299340 558.5
1299350 558.5
1299360 561.7
1299370 564.9
1299380 564.9
1299390 562.9
1299400 560.5
1299410 559.4
1299420 559.4
1299430 560.9
1299440 561.3
1299450 561.3
1299460 565.9
1299470 575.1
1299480 575.1
1299490 580.7
1299500 585.6
1299510 585.6
1299520 587.4
1299530 588.2
1299540 588.2
1299550 589.4
1299560 589.3
1299570 589.3
1299580 589.5
1299590 589.9
1299600 589.9
1299610 590.3
1299620 590.8
1299630 590.8
1299640 591.2
1299650 592.1
1299660 592.1
1299670 593.3
1299680 594.6
1299690 595.2
1299700 595.2
1299710 595.5
1299720 596.0
1299730 596.0
1299740 596.7
1299750 597.0
1299760 597.0
1299770 598.2
1299780 601.1
1299790 601.1
1299800 605.1
1299810 609.0
1299820 609.0
1299830 610.9
1299840 613.6
1299850 613.6
1299860 614.3
1299870 614.7
1299880 614.7
1299890 614.9
1299900 615.4
1299910 615.4
1299920 616.3
1299930 617.5
1299940 617.6
1299950 617.6
1299960 617.5
1299970 618.7
1299980 618.7
1299990 619.3
