1280000 1516.4
1280010 1516.4
1280020 1514.1
1280030 1511.7
1280040 1511.7
1280050 1508.6
1280060 1504.7
1280070 1504.7
1280080 1501.2
1280090 1497.5
1280100 1497.5
1280110 1495.0
1280120 1493.5
1280130 1493.5
1280140 1491.6
1280150 1489.3
1280160 1489.3
1280170 1486.1
1280180 1480.9
1280190 1480.9
1280200 1474.4
1280210 1468.2
1280220 1477.4
1280230 1471.5
1280240 1466.9
1280250 1466.9
1280260 1462.6
1280270 1455.9
1280280 1449.5
1280290 1449.5
1280300 1443.9
1280310 1428.5
1280320 1428.5
1280330 1417.2
1280340 1405.4
1280350 1405.4
1280360 1394.4
1280370 1383.5
1280380 1383.5
1280390 1373.7
1280400 1369.5
1280410 1369.5
1280420 1367.9
1280430 1362.6
1280440 1362.6
1280450 1359.0
1280460 1352.0
1280470 1352.0
1280480 1346.6
1280490 1340.9
1280500 1340.9
1280510 1337.4
1280520 1339.1
1280530 1337.6
1280540 1337.6
1280550 1328.6
1280560 1322.8
1280570 1322.8
1280580 1319.6
1280590 1315.0
1280600 1315.0
1280610 1314.0
1280620 1311.9
1280630 1311.9
1280640 1306.9
1280650 1304.4
1280660 1304.4
1280670 1303.3
1280680 1300.2
1280690 1300.2
1280700 1296.5
1280710 1292.5
1280720 1292.5
1280730 1287.8
1280740 1282.7
1280750 1282.7
1280760 1278.0
1280770 1273.5
1280780 1273.5
1280790 1269.1
1280800 1265.3
1280810 1260.5
1280820 1260.5
1280830 1252.0
1280840 1238.1
1280850 1238.1
1280860 1225.5
1280870 1215.9
1280880 1215.9
1280890 1208.0
1280900 1200.6
1280910 1200.6
1280920 1194.6
1280930 1193.1
1280940 1193.1
1280950 1196.6
1280960 1195.7
1280970 1195.7
1280980 1193.0
1280990 1199.2
1281000 1199.2
1281010 1204.4
1281020 1200.8
1281030 1200.8
1281040 1197.7
1281050 1197.3
1281060 1197.3
1281070 1194.5
1281080 1189.7
1281090 1184.0
1281100 1184.0
1281110 1177.4
1281120 1170.0
1281130 1170.0
1281140 1162.1
1281150 1153.7
1281160 1153.7
1281170 1146.0
1281180 1139.6
1281190 1139.6
1281200 1133.4
1281210 1126.3
1281220 1126.3
1281230 1114.4
1281240 1095.9
1281250 1095.9
1281260 1080.1
1281270 1064.9
1281280 1064.9
1281290 1047.9
1281300 1031.8
1281310 1031.8
1281320 1010.1
1281330 985.2
1281340 985.2
1281350 977.4
1281360 973.1
1281370 969.4
1281380 969.4
1281390 966.4
1281400 963.8
1281410 963.8
1281420 963.8
1281430 967.8
1281440 967.8
1281450 973.1
1281460 979.1
1281470 974.2
1281480 979.7
1281490 998.0
1281500 998.0
1281510 1029.5
1281520 1040.8
1281530 1040.8
1281540 1043.9
1281550 1051.0
1281560 1051.0
1281570 1069.0
1281580 1087.8
1281590 1087.8
1281600 1097.2
1281610 1102.6
1281620 1102.6
1281630 1106.4
1281640 1108.7
1281650 1109.3
1281660 1109.3
1281670 1110.1
1281680 1120.3
1281690 1120.3
1281700 1128.0
1281710 1132.7
1281720 1132.7
1281730 1137.0
1281740 1140.9
1281750 1140.9
1281760 1144.9
1281770 1149.1
1281780 1149.1
1281790 1153.1
1281800 1159.0
1281810 1159.0
1281820 1180.6
1281830 1204.4
1281840 1204.4
1281850 1212.3
1281860 1218.7
1281870 1218.7
1281880 1225.8
1281890 1232.9
1281900 1232.9
1281910 1239.7
1281920 1246.0
1281930 1251.0
1281940 1251.0
1281950 1256.1
1281960 1258.8
1281970 1258.8
1281980 1254.1
1281990 1249.9
1282000 1249.9
1282010 1247.4
1282020 1254.7
1282030 1254.7
1282040 1261.3
1282050 1267.4
1282060 1267.4
1282070 1278.6
1282080 1283.9
1282090 1283.9
1282100 1282.6
1282110 1293.1
1282120 1293.1
1282130 1294.7
1282140 1295.2
1282150 1295.2
1282160 1294.8
1282170 1292.0
1282180 1292.0
1282190 1288.3
1282200 1284.4
1282210 1280.1
1282220 1280.1
1282230 1283.7
1282240 1289.8
1282250 1289.8
1282260 1289.6
1282270 1288.2
1282280 1288.2
1282290 1285.5
1282300 1281.6
1282310 1281.6
1282320 1284.0
1282330 1287.6
1282340 1287.6
1282350 1290.0
1282360 1289.4
1282370 1289.4
1282380 1287.4
1282390 1286.1
1282400 1286.1
1282410 1284.1
1282420 1281.6
1282430 1281.6
1282440 1279.9
1282450 1279.7
1282460 1279.7
1282470 1277.6
1282480 1276.6
1282490 1275.5
1282500 1275.5
1282510 1270.4
1282520 1266.6
1282530 1266.6
1282540 1263.3
1282550 1258.4
1282560 1258.4
1282570 1258.2
1282580 1258.1
1282590 1258.1
1282600 1256.8
1282610 1252.3
1282620 1252.3
1282630 1245.8
1282640 1239.2
1282650 1239.2
1282660 1235.6
1282670 1240.6
1282680 1240.6
1282690 1240.4
1282700 1237.5
1282710 1237.5
1282720 1231.9
1282730 1216.8
1282740 1216.8
1282750 1218.9
1282760 1220.6
1282770 1223.5
1282780 1223.5
1282790 1223.2
1282800 1223.4
1282810 1223.4
1282820 1223.7
1282830 1222.4
1282840 1222.4
1282850 1218.4
1282860 1213.8
1282870 1213.8
1282880 1208.6
1282890 1207.6
1282900 1207.6
1282910 1207.1
1282920 1204.7
1282930 1204.7
1282940 1201.4
1282950 1199.0
1282960 1199.0
1282970 1196.3
1282980 1192.9
1282990 1192.9
1283000 1188.9
1283010 1183.9
1283020 1183.9
1283030 1179.0
1283040 1173.2
1283050 1166.0
1283060 1166.0
1283070 1158.1
1283080 1154.6
1283090 1154.6
1283100 1148.3
1283110 1141.4
1283120 1141.4
1283130 1138.7
1283140 1140.3
1283150 1140.3
1283160 1135.0
1283170 1127.8
1283180 1127.8
1283190 1119.6
1283200 1114.1
1283210 1114.1
1283220 1108.5
1283230 1105.5
1283240 1105.5
1283250 1106.2
1283260 1105.6
1283270 1105.6
1283280 1103.2
1283290 1102.3
1283300 1102.3
1283310 1100.9
1283320 1099.5
1283330 1098.0
1283340 1098.0
1283350 1094.6
1283360 1084.4
1283370 1084.4
1283380 1079.6
1283390 1078.2
1283400 1078.2
1283410 1077.8
1283420 1076.0
1283430 1076.0
1283440 1073.5
1283450 1069.6
1283460 1069.6
1283470 1064.3
1283480 1058.1
1283490 1058.1
1283500 1050.4
1283510 1043.5
1283520 1043.5
1283530 1035.8
1283540 1026.6
1283550 1026.6
1283560 1017.7
1283570 1000.2
1283580 999.5
1283590 999.5
1283600 1014.0
1283610 1024.6
1283620 1024.6
1283630 1034.5
1283640 1042.5
1283650 1042.5
1283660 1051.1
1283670 1059.8
1283680 1059.8
1283690 1066.3
1283700 1069.1
1283710 1069.1
1283720 1068.9
1283730 1068.2
1283740 1068.2
1283750 1067.5
1283760 1066.2
1283770 1066.2
1283780 1064.7
1283790 1061.8
1283800 1061.8
1283810 1061.2
1283820 1061.7
1283830 1061.7
1283840 1060.0
1283850 1057.1
1283860 1055.2
1283870 1055.2
1283880 1053.0
1283890 1051.2
1283900 1051.2
1283910 1049.7
1283920 1048.3
1283930 1048.3
1283940 1047.5
1283950 1047.9
1283960 1047.9
1283970 1047.2
1283980 1046.6
1283990 1046.6
1284000 1036.6
1284010 1036.9
1284020 1036.9
1284030 1035.2
1284040 1032.1
1284050 1032.1
1284060 1028.3
1284070 1025.7
1284080 1025.7
1284090 1024.2
1284100 1022.0
1284110 1022.0
1284120 1019.9
1284130 1018.1
1284140 1013.7
1284150 1013.7
1284160 1007.1
1284170 1002.8
1284180 1002.8
1284190 999.4
1284200 995.2
1284210 995.2
1284220 992.8
1284230 988.5
1284240 988.5
1284250 983.9
1284260 981.6
1284270 981.6
1284280 981.3
1284290 981.4
1284300 981.4
1284310 979.8
1284320 979.7
1284330 979.7
1284340 985.5
1284350 992.0
1284360 992.0
1284370 995.7
1284380 995.1
1284390 995.1
1284400 995.2
1284410 995.7
1284420 996.5
1284430 996.5
1284440 997.1
1284450 996.9
1284460 996.9
1284470 995.2
1284480 992.1
1284490 992.1
1284500 988.0
1284510 983.9
1284520 983.9
1284530 979.4
1284540 974.6
1284550 974.6
1284560 971.4
1284570 970.4
1284580 970.4
1284590 970.2
1284600 970.0
1284610 970.0
1284620 969.6
1284630 966.0
1284640 966.0
1284650 964.6
1284660 962.9
1284670 962.9
1284680 961.6
1284690 960.5
1284700 958.5
1284710 958.5
1284720 955.7
1284730 952.5
1284740 952.5
1284750 949.2
1284760 946.3
1284770 946.3
1284780 943.4
1284790 940.2
1284800 940.2
1284810 937.1
1284820 934.0
1284830 934.0
1284840 931.3
1284850 928.7
1284860 928.7
1284870 925.9
1284880 923.7
1284890 923.7
1284900 922.0
1284910 922.2
1284920 922.2
1284930 923.5
1284940 924.7
1284950 924.7
1284960 925.8
1284970 927.1
1284980 928.6
1284990 928.6
1285000 930.0
1285010 931.4
1285020 931.4
1285030 932.6
1285040 934.1
1285050 934.1
1285060 936.0
1285070 937.6
1285080 937.6
1285090 939.1
1285100 940.4
1285110 940.4
1285120 940.9
1285130 942.7
1285140 942.7
1285150 944.6
1285160 946.6
1285170 946.6
1285180 948.9
1285190 951.4
1285200 951.4
1285210 953.8
1285220 956.1
1285230 956.1
1285240 958.3
1285250 960.5
1285260 962.8
1285270 962.1
1285280 964.6
1285290 966.9
1285300 966.9
1285310 969.2
1285320 970.8
1285330 970.8
1285340 971.4
1285350 971.8
1285360 971.8
1285370 973.0
1285380 973.7
1285390 973.7
1285400 973.1
1285410 975.5
1285420 975.5
1285430 976.5
1285440 977.6
1285450 977.6
1285460 979.3
1285470 980.1
1285480 980.1
1285490 980.7
1285500 980.5
1285510 980.5
1285520 979.1
1285530 977.4
1285540 974.8
1285550 974.8
1285560 973.7
1285570 973.7
1285580 973.7
1285590 979.0
1285600 987.3
1285610 987.3
1285620 996.8
1285630 999.9
1285640 999.9
1285650 998.9
1285660 997.1
1285670 997.1
1285680 997.2
1285690 996.6
1285700 996.6
1285710 996.3
1285720 996.8
1285730 996.8
1285740 996.2
1285750 995.8
1285760 995.8
1285770 994.7
1285780 992.9
1285790 992.9
1285800 991.2
1285810 990.5
1285820 989.6
1285830 989.6
1285840 989.0
1285850 988.6
1285860 988.6
1285870 987.2
1285880 985.3
1285890 985.3
1285900 984.4
1285910 981.0
1285920 981.0
1285930 981.5
1285940 982.0
1285950 982.0
1285960 981.1
1285970 980.3
1285980 980.3
1285990 980.2
1286000 980.1
1286010 980.1
1286020 979.2
1286030 977.5
1286040 977.5
1286050 975.6
1286060 973.2
1286070 973.2
1286080 971.0
1286090 968.6
1286100 966.4
1286110 966.4
1286120 963.4
1286130 961.0
1286140 961.0
1286150 959.2
1286160 957.9
1286170 957.9
1286180 956.9
1286190 955.8
1286200 955.8
1286210 953.9
1286220 951.9
1286230 951.9
1286240 949.4
1286250 947.0
1286260 947.0
1286270 945.2
1286280 943.4
1286290 943.4
1286300 941.0
1286310 939.1
1286320 939.1
1286330 937.3
1286340 935.4
1286350 935.4
1286360 932.3
1286370 929.0
1286380 928.0
1286390 928.0
1286400 924.5
1286410 921.1
1286420 921.1
1286430 918.5
1286440 916.0
1286450 916.0
1286460 913.3
1286470 910.7
1286480 910.7
1286490 907.9
1286500 905.3
1286510 905.3
1286520 903.0
1286530 901.2
1286540 901.2
1286550 899.0
1286560 895.3
1286570 895.3
1286580 893.0
1286590 891.1
1286600 891.1
1286610 889.3
1286620 887.3
1286630 885.5
1286640 885.5
1286650 883.3
1286660 881.8
1286670 881.8
1286680 881.8
1286690 883.6
1286700 883.6
1286710 884.8
1286720 884.7
1286730 884.7
1286740 884.4
1286750 885.2
1286760 885.2
1286770 885.8
1286780 885.4
1286790 885.4
1286800 885.7
1286810 885.1
1286820 885.1
1286830 883.4
1286840 882.1
1286850 882.1
1286860 881.3
1286870 881.0
1286880 881.0
1286890 880.5
1286900 880.3
1286910 880.7
1286920 880.7
1286930 881.2
1286940 881.3
1286950 881.3
1286960 881.4
1286970 881.7
1286980 881.7
1286990 881.4
1287000 880.9
1287010 880.9
1287020 880.3
1287030 880.5
1287040 880.5
1287050 880.7
1287060 880.9
1287070 880.9
1287080 881.0
1287090 881.4
1287100 881.4
1287110 881.7
1287120 882.1
1287130 882.1
1287140 882.6
1287150 883.2
1287160 883.2
1287170 883.8
1287180 884.5
1287190 885.6
1287200 885.3
1287210 886.2
1287220 887.1
1287230 887.1
1287240 888.0
1287250 888.8
1287260 888.8
1287270 889.5
1287280 890.2
1287290 890.2
1287300 890.8
1287310 891.2
1287320 891.2
1287330 891.6
1287340 892.2
1287350 892.2
1287360 892.9
1287370 893.4
1287380 893.4
1287390 893.9
1287400 894.9
1287410 894.9
1287420 896.6
1287430 898.0
1287440 898.0
1287450 898.6
1287460 899.4
1287470 900.1
1287480 900.1
1287490 900.9
1287500 901.6
1287510 901.6
1287520 901.7
1287530 902.1
1287540 902.1
1287550 902.7
1287560 902.8
1287570 902.8
1287580 902.8
1287590 902.8
1287600 902.8
1287610 902.8
1287620 903.2
1287630 903.2
1287640 903.9
1287650 904.6
1287660 904.6
1287670 905.1
1287680 905.4
1287690 905.4
1287700 905.1
1287710 905.6
1287720 905.6
1287730 906.0
1287740 906.5
1287750 906.9
1287760 906.9
1287770 906.7
1287780 906.7
1287790 906.7
1287800 906.6
1287810 906.5
1287820 906.5
1287830 906.3
1287840 906.5
1287850 905.0
1287860 905.0
1287870 905.6
1287880 905.6
1287890 905.8
1287900 905.7
1287910 905.7
1287920 906.0
1287930 906.5
1287940 906.5
1287950 906.9
1287960 906.8
1287970 906.8
1287980 906.1
1287990 905.0
1288000 905.0
1288010 903.4
1288020 901.0
1288030 899.2
1288040 899.2
1288050 898.9
1288060 898.9
1288070 898.9
1288080 898.8
1288090 898.4
1288100 898.4
1288110 898.0
1288120 897.6
1288130 897.6
1288140 897.0
1288150 896.5
1288160 896.5
1288170 896.3
1288180 896.3
1288190 896.3
1288200 896.3
1288210 896.4
1288220 896.4
1288230 896.6
1288240 897.6
1288250 897.6
1288260 899.8
1288270 899.7
1288280 899.7
1288290 899.5
1288300 899.7
1288310 900.5
1288320 900.5
1288330 900.6
1288340 899.7
1288350 899.7
1288360 898.8
1288370 898.1
1288380 898.1
1288390 896.9
1288400 895.5
1288410 895.5
1288420 894.4
1288430 893.5
1288440 893.5
1288450 892.3
1288460 890.8
1288470 890.8
1288480 889.5
1288490 888.4
1288500 887.1
1288510 886.4
1288520 885.7
1288530 885.7
1288540 885.2
1288550 885.2
1288560 885.2
1288570 885.2
1288580 885.3
1288590 885.0
1288600 885.0
1288610 884.7
1288620 884.7
1288630 884.7
1288640 884.7
1288650 884.4
1288660 884.4
1288670 883.8
1288680 883.8
1288690 883.8
1288700 883.5
1288710 883.0
1288720 883.0
1288730 882.4
1288740 881.7
1288750 881.7
1288760 881.1
1288770 880.6
1288780 880.6
1288790 880.2
1288800 879.9
1288810 879.9
1288820 879.7
1288830 879.5
1288840 879.5
1288850 879.2
1288860 878.8
1288870 878.5
1288880 878.5
1288890 878.1
1288900 877.7
1288910 877.7
1288920 877.4
1288930 877.3
1288940 877.3
1288950 877.3
1288960 877.4
1288970 877.4
1288980 877.4
1288990 877.6
1289000 877.6
1289010 877.8
1289020 878.1
1289030 878.1
1289040 878.2
1289050 878.2
1289060 878.2
1289070 878.2
1289080 878.1
1289090 878.1
1289100 878.0
1289110 877.9
1289120 877.9
1289130 878.0
1289140 878.0
1289150 877.8
1289160 877.8
1289170 878.0
1289180 878.4
1289190 878.4
1289200 878.6
1289210 878.5
1289220 878.5
1289230 876.2
1289240 877.1
1289250 877.1
1289260 879.3
1289270 880.5
1289280 880.5
1289290 881.3
1289300 882.1
1289310 882.1
1289320 882.8
1289330 883.4
1289340 883.4
1289350 884.1
1289360 885.1
1289370 885.1
1289380 886.0
1289390 886.3
1289400 886.3
1289410 887.3
1289420 887.9
1289430 888.3
1289440 888.3
1289450 888.7
1289460 889.2
1289470 889.2
1289480 889.7
1289490 891.0
1289500 891.0
1289510 892.1
1289520 892.5
1289530 892.5
1289540 892.9
1289550 893.1
1289560 893.1
1289570 893.3
1289580 893.0
1289590 893.0
1289600 892.4
1289610 893.6
1289620 893.6
1289630 893.5
1289640 894.0
1289650 894.0
1289660 894.0
1289670 894.5
1289680 894.6
1289690 894.6
1289700 893.9
1289710 893.7
1289720 893.7
1289730 893.8
1289740 894.5
1289750 894.5
1289760 894.8
1289770 894.8
1289780 894.8
1289790 895.1
1289800 895.2
1289810 894.2
1289820 894.9
1289830 894.8
1289840 894.8
1289850 893.6
1289860 892.1
1289870 892.1
1289880 891.3
1289890 891.5
1289900 891.5
1289910 891.7
1289920 891.5
1289930 891.5
1289940 890.9
1289950 890.6
1289960 890.1
1289970 890.1
1289980 889.2
1289990 888.8
1290000 888.8
1290010 888.5
1290020 888.5
1290030 888.5
1290040 887.6
1290050 887.2
1290060 887.2
1290070 886.9
1290080 886.4
1290090 886.4
1290100 885.8
1290110 885.2
1290120 885.2
1290130 884.6
1290140 884.1
1290150 884.1
1290160 883.5
1290170 883.0
1290180 883.0
1290190 882.6
1290200 882.1
1290210 882.1
1290220 881.5
1290230 880.9
1290240 880.4
1290250 880.4
1290260 880.0
1290270 879.7
1290280 879.7
1290290 879.4
1290300 879.1
1290310 879.1
1290320 878.7
1290330 878.5
1290340 878.5
1290350 878.8
1290360 878.9
1290370 878.9
1290380 878.7
1290390 878.3
1290400 878.3
1290410 878.0
1290420 878.2
1290430 878.2
1290440 878.7
1290450 878.6
1290460 878.3
1290470 878.1
1290480 877.9
1290490 877.9
1290500 877.5
1290510 876.9
1290520 876.4
1290530 876.4
1290540 875.9
1290550 875.5
1290560 875.5
1290570 875.0
1290580 874.8
1290590 874.8
1290600 874.3
1290610 873.6
1290620 873.6
1290630 873.0
1290640 872.4
1290650 872.4
1290660 871.9
1290670 871.4
1290680 871.4
1290690 871.0
1290700 870.4
1290710 870.4
1290720 869.9
1290730 869.3
1290740 869.3
1290750 868.7
1290760 868.0
1290770 868.0
1290780 866.8
1290790 866.5
1290800 865.9
1290810 865.9
1290820 861.8
1290830 856.3
1290840 856.3
1290850 854.7
1290860 857.5
1290870 857.5
1290880 861.7
1290890 865.3
1290900 865.3
1290910 866.1
1290920 866.1
1290930 866.1
1290940 865.8
1290950 865.7
1290960 865.7
1290970 865.7
1290980 865.7
1290990 865.7
1291000 865.8
1291010 865.8
1291020 865.8
1291030 865.9
1291040 866.0
1291050 866.0
1291060 866.0
1291070 866.1
1291080 866.2
1291090 866.2
1291100 866.3
1291110 866.5
1291120 866.4
1291130 866.5
1291140 866.5
1291150 866.5
1291160 866.6
1291170 866.8
1291180 866.8
1291190 867.0
1291200 867.0
1291210 867.0
1291220 866.9
1291230 866.9
1291240 866.9
1291250 866.9
1291260 866.8
1291270 866.8
1291280 866.7
1291290 866.6
1291300 866.6
1291310 866.4
1291320 866.3
1291330 866.3
1291340 866.0
1291350 865.7
1291360 865.4
1291370 865.4
1291380 864.9
1291390 864.6
1291400 864.6
1291410 864.3
1291420 864.1
1291430 864.1
1291440 864.0
1291450 863.9
1291460 863.9
1291470 863.6
1291480 863.6
1291490 863.6
1291500 863.6
1291510 863.4
1291520 863.4
1291530 863.2
1291540 863.9
1291550 863.9
1291560 864.0
1291570 863.2
1291580 863.2
1291590 862.2
1291600 861.7
1291610 861.7
1291620 861.2
1291630 860.1
1291640 859.7
1291650 859.7
1291660 859.7
1291670 859.5
1291680 859.5
1291690 857.7
1291700 854.7
1291710 854.7
1291720 853.2
1291730 852.0
1291740 852.0
1291750 851.1
1291760 849.8
1291770 849.8
1291780 849.4
1291790 848.9
1291800 848.9
1291810 846.8
1291820 844.3
1291830 844.3
1291840 841.1
1291850 837.5
1291860 837.5
1291870 838.4
1291880 839.6
1291890 839.6
1291900 840.7
1291910 841.2
1291920 840.7
1291930 840.7
1291940 839.5
1291950 838.3
1291960 838.3
1291970 837.0
1291980 835.5
1291990 835.5
1292000 834.0
1292010 832.4
1292020 832.4
1292030 830.9
1292040 829.4
1292050 829.4
1292060 827.8
1292070 826.0
1292080 826.0
1292090 824.1
1292100 822.2
1292110 822.2
1292120 820.4
1292130 818.6
1292140 818.6
1292150 817.0
1292160 815.7
1292170 814.4
1292180 814.4
1292190 812.7
1292200 810.8
1292210 810.8
1292220 808.9
1292230 807.2
1292240 807.2
1292250 806.0
1292260 805.0
1292270 805.0
1292280 803.5
1292290 802.2
1292300 802.2
1292310 801.1
1292320 800.3
1292330 800.3
1292340 799.5
1292350 798.7
1292360 798.7
1292370 798.1
1292380 797.5
1292390 797.5
1292400 796.9
1292410 796.7
1292420 796.7
1292430 796.7
1292440 795.7
1292450 795.9
1292460 795.9
1292470 795.8
1292480 793.0
1292490 793.0
1292500 787.2
1292510 784.7
1292520 784.7
1292530 787.1
1292540 792.0
1292550 792.0
1292560 793.8
1292570 793.8
1292580 793.8
1292590 793.8
1292600 793.8
1292610 793.8
1292620 793.6
1292630 793.4
1292640 793.4
1292650 793.4
1292660 793.6
1292670 793.6
1292680 793.7
1292690 793.7
1292700 793.7
1292710 793.9
1292720 794.1
1292730 794.2
1292740 794.2
1292750 794.4
1292760 794.5
1292770 794.5
1292780 794.4
1292790 794.3
1292800 794.3
1292810 794.1
1292820 793.8
1292830 793.8
1292840 793.5
1292850 793.6
1292860 793.6
1292870 793.9
1292880 793.7
1292890 793.7
1292900 792.1
1292910 787.8
1292920 787.8
1292930 783.7
1292940 782.4
1292950 782.4
1292960 784.3
1292970 787.8
1292980 787.8
1292990 785.0
1293000 779.3
1293010 776.0
1293020 776.0
1293030 775.8
1293040 777.6
1293050 777.6
1293060 780.7
1293070 783.4
1293080 783.4
1293090 782.1
1293100 777.0
1293110 779.7
1293120 775.2
1293130 768.6
1293140 768.6
1293150 762.4
1293160 760.2
1293170 760.2
1293180 762.7
1293190 767.7
1293200 767.7
1293210 768.1
1293220 765.4
1293230 765.4
1293240 767.2
1293250 770.3
1293260 770.3
1293270 771.7
1293280 772.9
1293290 772.8
1293300 772.8
1293310 774.7
1293320 774.3
1293330 774.3
1293340 773.5
1293350 773.5
1293360 773.5
1293370 771.8
1293380 771.2
1293390 771.2
1293400 770.4
1293410 769.5
1293420 769.5
1293430 767.6
1293440 766.7
1293450 766.7
1293460 764.3
1293470 760.1
1293480 760.1
1293490 755.5
1293500 749.1
1293510 749.1
1293520 742.3
1293530 736.7
1293540 736.7
1293550 734.3
1293560 733.3
1293570 732.0
1293580 732.0
1293590 730.6
1293600 729.2
1293610 729.2
1293620 727.7
1293630 726.2
1293640 726.2
1293650 724.9
1293660 723.8
1293670 723.8
1293680 723.7
1293690 725.7
1293700 725.7
1293710 728.4
1293720 729.5
1293730 729.5
1293740 730.7
1293750 732.4
1293760 732.4
1293770 734.4
1293780 741.5
1293790 741.5
1293800 744.5
1293810 748.1
1293820 748.1
1293830 752.7
1293840 755.8
1293850 759.1
1293860 759.1
1293870 761.7
1293880 766.0
1293890 766.0
1293900 771.7
1293910 773.3
1293920 773.3
1293930 773.2
1293940 773.1
1293950 773.1
1293960 772.9
1293970 772.7
1293980 772.7
1293990 772.5
1294000 772.2
1294010 772.2
1294020 772.0
1294030 771.7
1294040 771.7
1294050 771.6
1294060 771.8
1294070 771.8
1294080 772.2
1294090 772.2
1294100 772.2
1294110 772.3
1294120 772.5
1294130 773.0
1294140 773.0
1294150 773.7
1294160 774.5
1294170 774.5
1294180 775.5
1294190 776.2
1294200 776.2
1294210 776.8
1294220 777.3
1294230 777.3
1294240 777.9
1294250 778.4
1294260 778.4
1294270 779.1
1294280 780.4
1294290 780.4
1294300 782.1
1294310 783.5
1294320 783.5
1294330 783.3
1294340 782.1
1294350 782.1
1294360 783.2
1294370 784.5
1294380 784.5
1294390 784.5
1294400 785.5
1294410 786.6
1294420 786.6
1294430 787.0
1294440 787.3
1294450 787.6
1294460 787.9
1294470 788.2
1294480 788.2
1294490 788.5
1294500 788.7
1294510 788.7
1294520 788.7
1294530 788.6
1294540 788.6
1294550 788.4
1294560 788.0
1294570 788.0
1294580 787.7
1294590 787.2
1294600 787.2
1294610 785.2
1294620 780.1
1294630 780.1
1294640 774.4
1294650 768.3
1294660 760.8
1294670 760.8
1294680 753.4
1294690 746.3
1294700 746.3
1294710 739.7
1294720 733.3
1294730 733.3
1294740 727.7
1294750 723.1
1294760 723.1
1294770 719.1
1294780 715.9
1294790 715.9
1294800 713.1
1294810 710.2
1294820 710.2
1294830 708.1
1294840 707.3
1294850 707.3
1294860 707.3
1294870 708.0
1294880 708.0
1294890 710.2
1294900 713.0
1294910 713.0
1294920 717.0
1294930 722.5
1294940 728.6
1294950 728.6
1294960 731.8
1294970 727.7
1294980 727.7
1294990 721.6
1295000 715.8
1295010 715.8
1295020 710.6
1295030 705.5
1295040 705.5
1295050 700.6
1295060 696.1
1295070 696.1
1295080 692.7
1295090 690.7
1295100 690.7
1295110 690.1
1295120 687.2
1295130 687.2
1295140 687.5
1295150 689.0
1295160 689.0
1295170 691.8
1295180 694.2
1295190 694.2
1295200 695.4
1295210 698.2
1295220 702.3
1295230 702.3
1295240 699.6
1295250 693.1
1295260 693.1
1295270 689.2
1295280 687.4
1295290 687.4
1295300 687.9
1295310 688.9
1295320 688.9
1295330 689.2
1295340 690.8
1295350 690.8
1295360 694.6
1295370 694.8
1295380 694.8
1295390 693.8
1295400 691.9
1295410 691.9
1295420 687.3
1295430 681.9
1295440 681.9
1295450 676.4
1295460 670.7
1295470 670.7
1295480 664.8
1295490 659.6
1295500 654.7
1295510 654.7
1295520 649.5
1295530 645.2
1295540 645.2
1295550 642.8
1295560 641.6
1295570 641.6
1295580 641.2
1295590 641.8
1295600 641.8
1295610 643.1
1295620 644.9
1295630 644.9
1295640 646.5
1295650 644.7
1295660 644.7
1295670 640.3
1295680 638.9
1295690 638.9
1295700 639.6
1295710 638.7
1295720 638.7
1295730 635.7
1295740 633.2
1295750 633.2
1295760 630.6
1295770 625.0
1295780 616.1
1295790 619.6
1295800 613.9
1295810 610.8
1295820 610.8
1295830 609.7
1295840 605.5
1295850 605.5
1295860 602.4
1295870 600.0
1295880 600.0
1295890 598.8
1295900 597.8
1295910 597.8
1295920 596.3
1295930 594.1
1295940 594.1
1295950 590.8
1295960 587.8
1295970 587.8
1295980 586.3
1295990 586.0
1296000 586.0
1296010 587.1
1296020 588.8
1296030 588.8
1296040 591.0
1296050 591.9
1296060 591.4
1296070 591.4
1296080 591.2
1296090 590.6
1296100 590.6
1296110 589.5
1296120 589.2
1296130 589.2
1296140 589.1
1296150 589.2
1296160 589.2
1296170 588.7
1296180 587.8
1296190 587.8
1296200 587.2
1296210 586.9
1296220 586.9
1296230 586.6
1296240 586.0
1296250 586.0
1296260 584.9
1296270 584.5
1296280 584.5
1296290 583.9
1296300 583.2
1296310 583.2
1296320 582.5
1296330 581.9
1296340 581.4
1296350 581.4
1296360 580.6
1296370 579.8
1296380 579.8
1296390 579.2
1296400 578.5
1296410 578.5
1296420 577.8
1296430 577.1
1296440 577.1
1296450 576.4
1296460 575.7
1296470 575.3
1296480 574.7
1296490 574.0
1296500 574.0
1296510 573.4
1296520 572.8
1296530 572.8
1296540 572.4
1296550 572.0
1296560 572.0
1296570 571.7
1296580 571.4
1296590 571.4
1296600 571.2
1296610 570.8
1296620 570.3
1296630 570.3
1296640 569.8
1296650 569.4
1296660 569.4
1296670 569.0
1296680 568.6
1296690 568.6
1296700 568.2
1296710 567.8
1296720 567.8
1296730 567.4
1296740 567.0
1296750 567.0
1296760 566.6
1296770 566.2
1296780 566.2
1296790 565.7
1296800 565.2
1296810 565.2
1296820 564.7
1296830 564.1
1296840 564.1
1296850 563.6
1296860 563.0
1296870 563.0
1296880 562.4
1296890 561.9
1296900 561.3
1296910 561.3
1296920 560.7
1296930 560.1
1296940 560.1
1296950 559.5
1296960 558.9
1296970 558.9
1296980 558.5
1296990 558.1
1297000 558.1
1297010 557.8
1297020 557.4
1297030 557.4
1297040 557.0
1297050 556.7
1297060 556.7
1297070 556.0
1297080 555.9
1297090 555.9
1297100 557.6
1297110 557.9
1297120 557.9
1297130 557.9
1297140 556.8
1297150 551.0
1297160 547.6
1297170 544.9
1297180 543.5
1297190 543.5
1297200 542.8
1297210 542.5
1297220 542.5
1297230 542.5
1297240 542.4
1297250 542.4
1297260 542.4
1297270 542.4
1297280 542.4
1297290 542.4
1297300 542.3
1297310 542.3
1297320 542.2
1297330 542.1
1297340 542.1
1297350 542.1
1297360 542.1
1297370 542.1
1297380 542.2
1297390 542.2
1297400 542.2
1297410 542.2
1297420 542.2
1297430 542.3
1297440 542.3
1297450 542.4
1297460 542.5
1297470 542.5
1297480 542.4
1297490 542.4
1297500 542.4
1297510 543.0
1297520 543.1
1297530 543.1
1297540 542.6
1297550 542.1
1297560 542.1
1297570 541.9
1297580 541.8
1297590 541.8
1297600 541.8
1297610 541.8
1297620 541.8
1297630 541.8
1297640 541.9
1297650 541.9
1297660 542.0
1297670 541.5
1297680 541.5
1297690 539.6
1297700 538.8
1297710 538.9
1297720 538.9
1297730 540.1
1297740 542.2
1297750 542.2
1297760 542.4
1297770 542.4
1297780 542.4
1297790 542.3
1297800 542.3
1297810 542.3
1297820 542.3
1297830 542.3
1297840 542.3
1297850 542.4
1297860 542.4
1297870 542.4
1297880 542.4
1297890 542.4
1297900 542.4
1297910 542.4
1297920 542.3
1297930 542.3
1297940 542.3
1297950 542.3
1297960 542.3
1297970 542.3
1297980 542.0
1297990 541.3
1298000 541.3
1298010 541.6
1298020 541.8
1298030 541.8
1298040 541.9
1298050 542.0
1298060 542.0
1298070 542.0
1298080 542.0
1298090 542.0
1298100 542.1
1298110 542.2
1298120 542.2
1298130 542.2
1298140 542.2
1298150 542.2
1298160 542.3
1298170 542.3
1298180 542.3
1298190 542.0
1298200 541.7
1298210 541.7
1298220 541.5
1298230 541.4
1298240 541.4
1298250 541.4
1298260 541.4
1298270 541.5
1298280 541.5
1298290 541.7
1298300 541.8
1298310 541.8
1298320 541.9
1298330 542.2
1298340 542.2
1298350 542.8
1298360 544.8
1298370 544.8
1298380 548.2
1298390 551.8
1298400 551.8
1298410 556.0
1298420 560.8
1298430 560.8
1298440 565.2
1298450 567.1
1298460 567.1
1298470 567.1
1298480 566.4
1298490 566.4
1298500 565.1
1298510 561.4
1298520 561.4
1298530 560.4
1298540 559.1
1298550 557.7
1298560 557.7
1298570 556.4
1298580 555.4
1298590 555.4
1298600 555.0
1298610 554.8
1298620 554.8
1298630 554.7
1298640 554.7
1298650 554.7
1298660 554.8
1298670 555.0
1298680 555.0
1298690 555.4
1298700 555.6
1298710 555.6
1298720 555.6
1298730 555.7
1298740 555.7
1298750 555.9
1298760 556.3
1298770 556.3
1298780 557.6
1298790 559.1
1298800 559.1
1298810 559.8
1298820 559.8
1298830 559.8
1298840 559.8
1298850 559.8
1298860 559.5
1298870 559.5
1298880 559.3
1298890 559.0
1298900 559.0
1298910 558.9
1298920 558.7
1298930 558.7
1298940 558.4
1298950 557.9
1298960 557.9
1298970 557.6
1298980 557.4
1298990 557.4
1299000 557.2
1299010 557.1
1299020 557.1
1299030 556.6
1299040 556.5
1299050 556.5
1299060 556.5
1299070 556.4
1299080 556.4
1299090 556.4
1299100 556.0
1299110 555.4
1299120 555.4
1299130 554.8
1299140 554.9
1299150 554.9
1299160 554.7
1299170 554.6
1299180 554.6
1299190 553.8
1299200 553.0
1299210 553.0
1299220 553.1
1299230 552.6
1299240 552.6
1299250 552.2
1299260 551.9
1299270 551.9
1299280 551.7
1299290 551.4
1299300 551.4
1299310 551.1
1299320 550.8
1299330 550.8
1299340 550.5
1299350 550.3
1299360 550.3
1299370 550.1
1299380 550.0
1299390 549.7
1299400 549.7
1299410 549.5
1299420 549.1
1299430 549.1
1299440 548.7
1299450 547.8
1299460 547.8
1299470 547.4
1299480 547.3
1299490 547.3
1299500 547.4
1299510 547.4
1299520 547.4
1299530 547.2
1299540 547.3
1299550 547.3
1299560 547.3
1299570 547.2
1299580 547.2
1299590 547.6
1299600 549.3
1299610 549.3
1299620 549.8
1299630 548.3
1299640 548.3
1299650 547.6
1299660 546.5
1299670 545.1
1299680 545.1
1299690 544.6
1299700 544.2
1299710 544.2
1299720 544.2
1299730 545.2
1299740 545.2
1299750 547.5
1299760 548.9
1299770 548.9
1299780 548.8
1299790 548.4
1299800 548.4
1299810 548.1
1299820 548.1
1299830 548.1
1299840 548.0
1299850 547.7
1299860 547.7
1299870 547.4
1299880 547.2
1299890 542.5
1299900 539.6
1299910 538.5
1299920 537.9
1299930 537.9
1299940 537.9
1299950 537.9
1299960 537.9
1299970 537.8
1299980 537.8
1299990 537.8
