1280000 1371.9
1280010 1370.1
1280020 1370.1
1280030 1365.2
1280040 1360.3
1280050 1360.3
1280060 1356.7
1280070 1355.6
1280080 1355.6
1280090 1357.6
1280100 1360.6
1280110 1360.6
1280120 1370.0
1280130 1375.6
1280140 1375.6
1280150 1378.2
1280160 1379.8
1280170 1381.4
1280180 1381.4
1280190 1378.3
1280200 1370.6
1280210 1370.6
1280220 1362.2
1280230 1359.9
1280240 1359.9
1280250 1369.5
1280260 1371.0
1280270 1371.0
1280280 1367.2
1280290 1363.9
1280300 1363.9
1280310 1362.6
1280320 1359.4
1280330 1359.4
1280340 1356.9
1280350 1347.3
1280360 1347.3
1280370 1334.6
1280380 1325.7
1280390 1323.0
1280400 1310.5
1280410 1302.1
1280420 1302.1
1280430 1293.0
1280440 1282.9
1280450 1280.5
1280460 1280.5
1280470 1280.6
1280480 1277.9
1280490 1277.9
1280500 1273.8
1280510 1265.8
1280520 1265.8
1280530 1259.0
1280540 1252.5
1280550 1252.5
1280560 1245.1
1280570 1237.4
1280580 1237.4
1280590 1224.3
1280600 1215.7
1280610 1215.7
1280620 1203.4
1280630 1185.1
1280640 1185.1
1280650 1178.0
1280660 1172.0
1280670 1172.0
1280680 1165.8
1280690 1159.2
1280700 1159.2
1280710 1153.4
1280720 1148.7
1280730 1144.3
1280740 1144.3
1280750 1139.8
1280760 1135.2
1280770 1135.2
1280780 1130.8
1280790 1125.8
1280800 1125.8
1280810 1120.5
1280820 1115.2
1280830 1115.2
1280840 1110.1
1280850 1104.9
1280860 1104.9
1280870 1099.8
1280880 1094.9
1280890 1094.9
1280900 1089.8
1280910 1084.8
1280920 1084.8
1280930 1080.0
1280940 1075.1
1280950 1075.1
1280960 1070.5
1280970 1066.1
1280980 1066.1
1280990 1061.9
1281000 1058.1
1281010 1054.2
1281020 1054.2
1281030 1050.4
1281040 1046.8
1281050 1046.8
1281060 1043.2
1281070 1039.7
1281080 1039.7
1281090 1036.4
1281100 1032.9
1281110 1032.9
1281120 1029.2
1281130 1025.7
1281140 1025.7
1281150 1020.6
1281160 1014.3
1281170 1014.3
1281180 1013.7
1281190 1014.3
1281200 1014.3
1281210 1005.2
1281220 1000.9
1281230 1000.9
1281240 998.1
1281250 999.5
1281260 999.5
1281270 1006.5
1281280 1012.6
1281290 1013.3
1281300 1013.3
1281310 1012.7
1281320 1017.2
1281330 1017.2
1281340 1054.4
1281350 1109.4
1281360 1109.4
1281370 1118.5
1281380 1121.9
1281390 1121.9
1281400 1128.9
1281410 1140.7
1281420 1140.7
1281430 1150.1
1281440 1155.8
1281450 1155.8
1281460 1159.5
1281470 1163.4
1281480 1163.4
1281490 1168.0
1281500 1173.3
1281510 1173.3
1281520 1179.2
1281530 1186.6
1281540 1186.6
1281550 1194.7
1281560 1201.4
1281570 1206.4
1281580 1206.4
1281590 1211.8
1281600 1218.5
1281610 1218.5
1281620 1226.0
1281630 1234.9
1281640 1229.3
1281650 1237.8
1281660 1245.3
1281670 1245.3
1281680 1252.5
1281690 1258.4
1281700 1258.4
1281710 1264.1
1281720 1268.7
1281730 1268.7
1281740 1271.2
1281750 1268.8
1281760 1268.8
1281770 1263.7
1281780 1264.7
1281790 1264.7
1281800 1270.6
1281810 1278.2
1281820 1278.2
1281830 1288.6
1281840 1292.6
1281850 1291.3
1281860 1291.3
1281870 1286.6
1281880 1287.2
1281890 1287.2
1281900 1294.3
1281910 1299.0
1281920 1299.0
1281930 1304.9
1281940 1312.3
1281950 1312.3
1281960 1319.4
1281970 1327.1
1281980 1327.1
1281990 1337.1
1282000 1346.7
1282010 1346.7
1282020 1354.9
1282030 1364.3
1282040 1364.3
1282050 1374.3
1282060 1382.5
1282070 1382.5
1282080 1389.0
1282090 1393.7
1282100 1393.7
1282110 1397.1
1282120 1399.6
1282130 1401.9
1282140 1401.9
1282150 1403.7
1282160 1404.7
1282170 1404.7
1282180 1404.8
1282190 1404.8
1282200 1404.8
1282210 1405.3
1282220 1405.8
1282230 1405.8
1282240 1405.7
1282250 1404.7
1282260 1404.7
1282270 1398.6
1282280 1396.7
1282290 1396.7
1282300 1394.3
1282310 1391.6
1282320 1391.6
1282330 1392.1
1282340 1394.2
1282350 1394.2
1282360 1394.7
1282370 1393.8
1282380 1393.8
1282390 1392.3
1282400 1391.0
1282410 1389.8
1282420 1389.8
1282430 1388.2
1282440 1387.3
1282450 1387.3
1282460 1386.4
1282470 1384.0
1282480 1384.0
1282490 1380.7
1282500 1376.9
1282510 1376.9
1282520 1372.1
1282530 1368.2
1282540 1368.2
1282550 1363.9
1282560 1358.7
1282570 1358.7
1282580 1355.6
1282590 1353.6
1282600 1353.6
1282610 1349.9
1282620 1346.7
1282630 1346.7
1282640 1345.6
1282650 1347.3
1282660 1347.3
1282670 1348.0
1282680 1345.1
1282690 1341.9
1282700 1341.9
1282710 1340.7
1282720 1339.4
1282730 1339.4
1282740 1338.0
1282750 1337.0
1282760 1337.0
1282770 1335.2
1282780 1334.6
1282790 1334.6
1282800 1336.7
1282810 1338.2
1282820 1338.2
1282830 1337.0
1282840 1333.9
1282850 1333.9
1282860 1331.0
1282870 1332.0
1282880 1332.0
1282890 1332.1
1282900 1324.8
1282910 1324.8
1282920 1323.2
1282930 1319.5
1282940 1319.5
1282950 1317.2
1282960 1313.7
1282970 1309.5
1282980 1309.5
1282990 1306.9
1283000 1304.1
1283010 1304.1
1283020 1301.5
1283030 1300.1
1283040 1300.1
1283050 1299.6
1283060 1299.1
1283070 1299.1
1283080 1296.1
1283090 1291.1
1283100 1291.1
1283110 1286.8
1283120 1283.0
1283130 1283.0
1283140 1283.5
1283150 1284.9
1283160 1284.9
1283170 1285.8
1283180 1285.7
1283190 1285.7
1283200 1282.6
1283210 1276.7
1283220 1276.7
1283230 1269.9
1283240 1262.7
1283250 1256.6
1283260 1256.6
1283270 1253.0
1283280 1251.1
1283290 1251.1
1283300 1251.6
1283310 1250.0
1283320 1250.0
1283330 1245.4
1283340 1240.4
1283350 1240.4
1283360 1235.7
1283370 1229.0
1283380 1229.0
1283390 1217.5
1283400 1209.2
1283410 1209.2
1283420 1201.7
1283430 1194.5
1283440 1194.5
1283450 1185.6
1283460 1175.4
1283470 1175.4
1283480 1163.5
1283490 1149.7
1283500 1149.7
1283510 1138.9
1283520 1139.8
1283530 1143.5
1283540 1143.5
1283550 1154.6
1283560 1163.6
1283570 1163.6
1283580 1171.1
1283590 1179.8
1283600 1179.8
1283610 1188.7
1283620 1197.1
1283630 1197.1
1283640 1203.9
1283650 1202.7
1283660 1202.7
1283670 1202.0
1283680 1208.2
1283690 1208.2
1283700 1209.9
1283710 1208.0
1283720 1208.0
1283730 1206.1
1283740 1205.0
1283750 1205.0
1283760 1206.2
1283770 1206.1
1283780 1206.1
1283790 1204.1
1283800 1202.7
1283810 1200.2
1283820 1200.2
1283830 1196.3
1283840 1192.7
1283850 1192.7
1283860 1189.6
1283870 1185.5
1283880 1185.5
1283890 1180.7
1283900 1174.7
1283910 1174.7
1283920 1170.0
1283930 1166.3
1283940 1166.3
1283950 1159.8
1283960 1153.0
1283970 1153.0
1283980 1147.8
1283990 1142.9
1284000 1142.9
1284010 1138.0
1284020 1132.6
1284030 1132.6
1284040 1128.2
1284050 1123.8
1284060 1118.0
1284070 1118.0
1284080 1117.1
1284090 1115.9
1284100 1115.9
1284110 1113.0
1284120 1111.4
1284130 1111.4
1284140 1110.3
1284150 1106.5
1284160 1106.5
1284170 1098.9
1284180 1104.3
1284190 1104.3
1284200 1106.7
1284210 1107.5
1284220 1107.5
1284230 1106.8
1284240 1108.3
1284250 1108.3
1284260 1106.4
1284270 1096.2
1284280 1096.2
1284290 1093.2
1284300 1105.5
1284310 1105.5
1284320 1111.3
1284330 1110.7
1284340 1109.6
1284350 1109.6
1284360 1110.2
1284370 1111.0
1284380 1111.0
1284390 1110.9
1284400 1109.1
1284410 1109.1
1284420 1106.4
1284430 1103.9
1284440 1103.9
1284450 1099.5
1284460 1093.2
1284470 1093.2
1284480 1089.7
1284490 1085.9
1284500 1085.9
1284510 1079.7
1284520 1075.0
1284530 1075.0
1284540 1072.6
1284550 1068.4
1284560 1068.4
1284570 1064.4
1284580 1064.1
1284590 1064.1
1284600 1061.2
1284610 1058.1
1284620 1056.9
1284630 1056.9
1284640 1058.4
1284650 1060.8
1284660 1060.8
1284670 1058.2
1284680 1053.5
1284690 1053.5
1284700 1050.4
1284710 1048.6
1284720 1048.6
1284730 1044.8
1284740 1041.8
1284750 1041.8
1284760 1039.0
1284770 1036.1
1284780 1036.1
1284790 1031.8
1284800 1020.3
1284810 1020.3
1284820 1021.2
1284830 1023.7
1284840 1023.7
1284850 1025.1
1284860 1024.5
1284870 1024.5
1284880 1023.2
1284890 1021.3
1284900 1019.0
1284910 1019.0
1284920 1016.4
1284930 1014.0
1284940 1014.0
1284950 1011.3
1284960 1010.0
1284970 1010.0
1284980 1012.8
1284990 1017.4
1285000 1017.4
1285010 1016.6
1285020 1016.5
1285030 1016.5
1285040 1016.8
1285050 1016.4
1285060 1016.4
1285070 1013.4
1285080 1009.0
1285090 1009.0
1285100 1004.3
1285110 998.5
1285120 998.5
1285130 993.0
1285140 990.4
1285150 990.4
1285160 988.8
1285170 988.5
1285180 989.5
1285190 989.5
1285200 989.5
1285210 990.3
1285220 990.3
1285230 992.1
1285240 993.8
1285250 993.8
1285260 999.9
1285270 1005.7
1285280 1005.7
1285290 1008.9
1285300 1012.3
1285310 1012.3
1285320 1015.1
1285330 1017.5
1285340 1017.5
1285350 1019.9
1285360 1022.2
1285370 1022.2
1285380 1023.9
1285390 1026.8
1285400 1026.8
1285410 1029.5
1285420 1031.8
1285430 1031.8
1285440 1029.4
1285450 1031.2
1285460 1032.8
1285470 1032.8
1285480 1034.1
1285490 1035.3
1285500 1035.3
1285510 1034.3
1285520 1030.3
1285530 1030.3
1285540 1024.4
1285550 1018.8
1285560 1018.8
1285570 1016.0
1285580 1017.0
1285590 1017.0
1285600 1014.9
1285610 1013.3
1285620 1013.3
1285630 1015.0
1285640 1019.1
1285650 1019.1
1285660 1025.8
1285670 1035.2
1285680 1035.2
1285690 1041.0
1285700 1045.4
1285710 1045.4
1285720 1047.5
1285730 1047.8
1285740 1048.0
1285750 1048.0
1285760 1050.2
1285770 1052.5
1285780 1052.5
1285790 1053.1
1285800 1052.4
1285810 1052.4
1285820 1052.0
1285830 1051.1
1285840 1051.1
1285850 1049.0
1285860 1046.1
1285870 1046.1
1285880 1045.8
1285890 1045.7
1285900 1045.7
1285910 1045.0
1285920 1045.8
1285930 1045.8
1285940 1046.4
1285950 1044.4
1285960 1044.4
1285970 1041.9
1285980 1040.3
1285990 1040.3
1286000 1037.7
1286010 1035.8
1286020 1035.1
1286030 1035.1
1286040 1033.5
1286050 1030.7
1286060 1030.7
1286070 1028.0
1286080 1025.2
1286090 1022.8
1286100 1019.7
1286110 1016.6
1286120 1016.6
1286130 1014.7
1286140 1013.7
1286150 1013.7
1286160 1012.6
1286170 1010.4
1286180 1010.4
1286190 1008.4
1286200 1006.5
1286210 1006.5
1286220 1004.1
1286230 1001.9
1286240 1001.9
1286250 1001.6
1286260 1002.6
1286270 1002.6
1286280 1004.5
1286290 1006.8
1286300 1008.8
1286310 1008.8
1286320 1009.8
1286330 1009.9
1286340 1009.9
1286350 1010.3
1286360 1012.1
1286370 1012.1
1286380 1015.0
1286390 1017.5
1286400 1017.5
1286410 1019.5
1286420 1022.9
1286430 1022.9
1286440 1025.2
1286450 1027.0
1286460 1027.0
1286470 1028.8
1286480 1031.1
1286490 1031.1
1286500 1033.4
1286510 1034.8
1286520 1034.8
1286530 1035.3
1286540 1035.3
1286550 1035.3
1286560 1035.2
1286570 1033.1
1286580 1030.4
1286590 1030.4
1286600 1029.4
1286610 1028.3
1286620 1028.3
1286630 1028.2
1286640 1027.7
1286650 1027.7
1286660 1027.3
1286670 1027.2
1286680 1027.2
1286690 1025.7
1286700 1023.4
1286710 1023.4
1286720 1020.1
1286730 1007.3
1286740 1007.3
1286750 1004.0
1286760 1000.8
1286770 1000.8
1286780 998.3
1286790 996.9
1286800 996.9
1286810 995.0
1286820 992.9
1286830 992.9
1286840 991.8
1286850 990.7
1286860 991.2
1286870 991.2
1286880 990.8
1286890 989.5
1286900 989.5
1286910 986.1
1286920 980.6
1286930 980.6
1286940 976.3
1286950 973.1
1286960 973.1
1286970 968.8
1286980 966.3
1286990 966.3
1287000 964.4
1287010 962.8
1287020 962.8
1287030 962.4
1287040 961.1
1287050 961.1
1287060 959.5
1287070 956.5
1287080 956.5
1287090 954.5
1287100 951.8
1287110 951.8
1287120 948.0
1287130 949.5
1287140 949.4
1287150 949.4
1287160 947.3
1287170 945.6
1287180 945.6
1287190 943.5
1287200 942.3
1287210 942.3
1287220 942.7
1287230 942.4
1287240 942.4
1287250 941.8
1287260 941.8
1287270 941.8
1287280 941.7
1287290 940.4
1287300 940.4
1287310 939.9
1287320 939.2
1287330 939.2
1287340 940.7
1287350 941.4
1287360 941.4
1287370 940.8
1287380 936.0
1287390 936.0
1287400 935.9
1287410 934.9
1287420 934.5
1287430 934.5
1287440 934.0
1287450 932.7
1287460 932.7
1287470 931.5
1287480 929.7
1287490 929.7
1287500 927.6
1287510 925.3
1287520 925.3
1287530 923.1
1287540 921.4
1287550 921.4
1287560 920.8
1287570 921.8
1287580 921.8
1287590 923.1
1287600 923.7
1287610 923.7
1287620 923.9
1287630 925.4
1287640 925.4
1287650 926.0
1287660 926.1
1287670 926.8
1287680 926.8
1287690 927.3
1287700 928.4
1287710 928.4
1287720 929.4
1287730 929.7
1287740 929.7
1287750 930.9
1287760 931.5
1287770 931.5
1287780 931.9
1287790 932.7
1287800 932.7
1287810 933.4
1287820 934.0
1287830 934.0
1287840 934.6
1287850 935.1
1287860 935.1
1287870 935.3
1287880 935.9
1287890 935.9
1287900 936.2
1287910 937.1
1287920 937.1
1287930 937.3
1287940 937.4
1287950 937.3
1287960 937.3
1287970 937.5
1287980 937.8
1287990 937.8
1288000 937.9
1288010 937.4
1288020 935.8
1288030 937.1
1288040 937.4
1288050 937.4
1288060 935.4
1288070 932.0
1288080 932.0
1288090 929.5
1288100 929.0
1288110 929.0
1288120 928.3
1288130 927.3
1288140 927.3
1288150 926.5
1288160 926.4
1288170 926.4
1288180 926.5
1288190 926.7
1288200 926.7
1288210 927.8
1288220 928.2
1288230 932.6
1288240 932.6
1288250 938.4
1288260 944.3
1288270 944.3
1288280 950.1
1288290 955.7
1288300 955.7
1288310 961.0
1288320 965.7
1288330 965.7
1288340 969.3
1288350 971.7
1288360 971.7
1288370 971.1
1288380 968.5
1288390 968.5
1288400 964.5
1288410 958.5
1288420 958.5
1288430 952.0
1288440 945.4
1288450 945.4
1288460 938.8
1288470 932.6
1288480 932.6
1288490 926.4
1288500 920.9
1288510 917.1
1288520 917.1
1288530 914.8
1288540 912.9
1288550 912.9
1288560 911.1
1288570 909.8
1288580 909.8
1288590 908.6
1288600 907.0
1288610 907.0
1288620 905.7
1288630 904.8
1288640 904.8
1288650 904.3
1288660 904.3
1288670 901.8
1288680 902.2
1288690 902.6
1288700 902.6
1288710 902.7
1288720 902.9
1288730 902.9
1288740 902.7
1288750 902.7
1288760 902.7
1288770 903.0
1288780 903.3
1288790 903.1
1288800 903.1
1288810 903.4
1288820 903.5
1288830 903.5
1288840 903.4
1288850 903.4
1288860 903.4
1288870 903.1
1288880 902.9
1288890 902.9
1288900 902.9
1288910 903.1
1288920 903.1
1288930 902.9
1288940 902.7
1288950 902.7
1288960 902.8
1288970 903.0
1288980 903.0
1288990 903.7
1289000 903.7
1289010 903.7
1289020 903.8
1289030 903.9
1289040 903.9
1289050 904.1
1289060 904.3
1289070 903.7
1289080 903.7
1289090 903.7
1289100 903.3
1289110 903.3
1289120 902.8
1289130 902.5
1289140 902.5
1289150 902.4
1289160 902.5
1289170 902.5
1289180 902.5
1289190 902.7
1289200 902.7
1289210 902.6
1289220 902.2
1289230 902.2
1289240 901.4
1289250 900.3
1289260 900.3
1289270 899.7
1289280 899.7
1289290 899.7
1289300 899.9
1289310 900.2
1289320 900.2
1289330 899.4
1289340 900.3
1289350 901.3
1289360 901.3
1289370 902.3
1289380 899.0
1289390 899.0
1289400 896.5
1289410 897.1
1289420 897.1
1289430 899.1
1289440 903.7
1289450 903.7
1289460 907.4
1289470 908.6
1289480 908.6
1289490 910.0
1289500 911.4
1289510 911.4
1289520 912.3
1289530 912.9
1289540 912.9
1289550 912.6
1289560 912.1
1289570 912.1
1289580 913.5
1289590 915.2
1289600 915.2
1289610 915.8
1289620 916.7
1289630 917.1
1289640 917.1
1289650 917.0
1289660 916.6
1289670 916.6
1289680 916.3
1289690 916.3
1289700 916.3
1289710 916.7
1289720 916.7
1289730 916.7
1289740 916.2
1289750 915.9
1289760 915.9
1289770 915.8
1289780 915.7
1289790 915.7
1289800 915.7
1289810 915.2
1289820 915.2
1289830 914.4
1289840 913.9
1289850 913.9
1289860 913.2
1289870 911.0
1289880 911.0
1289890 910.6
1289900 910.7
1289910 910.7
1289920 910.7
1289930 910.7
1289940 910.6
1289950 910.6
1289960 910.6
1289970 910.5
1289980 909.7
1289990 908.5
1290000 907.1
1290010 907.1
1290020 906.2
1290030 905.5
1290040 905.5
1290050 904.8
1290060 903.7
1290070 903.7
1290080 902.9
1290090 902.1
1290100 902.1
1290110 901.1
1290120 900.2
1290130 900.2
1290140 899.3
1290150 898.3
1290160 898.3
1290170 897.5
1290180 896.7
1290190 896.0
1290200 896.0
1290210 895.3
1290220 894.6
1290230 894.6
1290240 894.0
1290250 893.2
1290260 893.2
1290270 892.1
1290280 891.0
1290290 891.0
1290300 889.9
1290310 888.5
1290320 888.5
1290330 887.5
1290340 886.6
1290350 886.6
1290360 886.2
1290370 885.1
1290380 885.1
1290390 883.9
1290400 883.4
1290410 883.4
1290420 882.6
1290430 881.7
1290440 881.7
1290450 880.9
1290460 880.0
1290470 879.1
1290480 879.1
1290490 878.0
1290500 876.9
1290510 876.9
1290520 875.9
1290530 875.1
1290540 875.1
1290550 874.5
1290560 874.0
1290570 874.0
1290580 873.4
1290590 872.6
1290600 872.6
1290610 871.8
1290620 871.0
1290630 871.0
1290640 869.9
1290650 869.2
1290660 869.2
1290670 868.9
1290680 868.9
1290690 868.9
1290700 869.1
1290710 868.9
1290720 868.9
1290730 868.9
1290740 868.7
1290750 868.6
1290760 868.6
1290770 868.6
1290780 868.7
1290790 868.7
1290800 869.2
1290810 869.6
1290820 869.6
1290830 870.1
1290840 870.9
1290850 870.9
1290860 871.8
1290870 872.8
1290880 872.8
1290890 873.7
1290900 874.5
1290910 874.5
1290920 875.2
1290930 875.9
1290940 875.9
1290950 876.6
1290960 877.1
1290970 877.1
1290980 877.6
1290990 877.8
1291000 878.0
1291010 878.0
1291020 877.6
1291030 877.2
1291040 877.2
1291050 876.7
1291060 876.4
1291070 876.4
1291080 876.1
1291090 875.9
1291100 875.9
1291110 875.6
1291120 875.2
1291130 875.2
1291140 874.8
1291150 874.5
1291160 874.5
1291170 874.0
1291180 873.6
1291190 873.6
1291200 873.4
1291210 872.9
1291220 872.9
1291230 872.0
1291240 871.2
1291250 871.2
1291260 870.5
1291270 870.0
1291280 869.9
1291290 869.9
1291300 870.2
1291310 870.3
1291320 870.3
1291330 869.1
1291340 868.8
1291350 868.8
1291360 868.4
1291370 867.9
1291380 867.9
1291390 868.0
1291400 868.6
1291410 868.6
1291420 869.0
1291430 868.8
1291440 868.8
1291450 869.0
1291460 869.5
1291470 869.5
1291480 870.2
1291490 870.7
1291500 870.7
1291510 871.2
1291520 870.8
1291530 870.8
1291540 870.4
1291550 870.2
1291560 869.9
1291570 869.9
1291580 869.6
1291590 869.2
1291600 869.2
1291610 868.7
1291620 868.1
1291630 868.1
1291640 867.6
1291650 867.1
1291660 867.1
1291670 866.6
1291680 866.0
1291690 866.0
1291700 865.4
1291710 864.8
1291720 864.8
1291730 864.3
1291740 863.7
1291750 863.7
1291760 863.1
1291770 862.5
1291780 862.5
1291790 861.9
1291800 861.2
1291810 861.2
1291820 860.6
1291830 860.0
1291840 859.5
1291850 859.5
1291860 858.9
1291870 858.2
1291880 858.2
1291890 857.5
1291900 856.8
1291910 856.8
1291920 856.1
1291930 855.3
1291940 855.3
1291950 854.5
1291960 853.5
1291970 853.5
1291980 852.5
1291990 851.4
1292000 851.4
1292010 850.2
1292020 849.1
1292030 849.1
1292040 848.0
1292050 846.5
1292060 846.5
1292070 844.9
1292080 843.5
1292090 843.5
1292100 841.9
1292110 840.3
1292120 838.9
1292130 838.9
1292140 837.6
1292150 836.1
1292160 836.1
1292170 834.6
1292180 833.8
1292190 833.8
1292200 833.1
1292210 831.7
1292220 831.7
1292230 830.7
1292240 829.9
1292250 829.9
1292260 829.2
1292270 828.4
1292280 828.4
1292290 826.7
1292300 824.5
1292310 824.5
1292320 823.3
1292330 822.5
1292340 822.5
1292350 821.2
1292360 819.8
1292370 819.8
1292380 818.4
1292390 817.3
1292400 816.3
1292410 816.3
1292420 815.7
1292430 815.2
1292440 815.2
1292450 814.2
1292460 813.2
1292470 813.2
1292480 812.5
1292490 811.9
1292500 811.9
1292510 811.5
1292520 811.2
1292530 811.2
1292540 810.8
1292550 810.4
1292560 810.4
1292570 809.9
1292580 809.5
1292590 809.5
1292600 809.1
1292610 808.7
1292620 808.0
1292630 807.7
1292640 807.3
1292650 807.3
1292660 806.8
1292670 806.6
1292680 806.4
1292690 806.4
1292700 806.0
1292710 805.3
1292720 805.3
1292730 804.7
1292740 803.9
1292750 803.9
1292760 803.1
1292770 802.4
1292780 802.4
1292790 801.8
1292800 801.4
1292810 801.4
1292820 801.2
1292830 800.1
1292840 800.1
1292850 797.8
1292860 796.4
1292870 796.4
1292880 795.4
1292890 794.8
1292900 794.8
1292910 794.3
1292920 793.9
1292930 793.9
1292940 793.5
1292950 793.3
1292960 793.2
1292970 793.2
1292980 793.2
1292990 793.2
1293000 793.2
1293010 793.4
1293020 793.6
1293030 793.6
1293040 793.8
1293050 793.8
1293060 793.8
1293070 793.8
1293080 793.8
1293090 793.8
1293100 793.8
1293110 793.8
1293120 793.8
1293130 794.0
1293140 794.3
1293150 794.3
1293160 794.1
1293170 794.0
1293180 794.0
1293190 793.9
1293200 793.9
1293210 793.9
1293220 793.8
1293230 793.5
1293240 793.2
1293250 793.2
1293260 792.8
1293270 792.6
1293280 792.6
1293290 790.8
1293300 790.3
1293310 790.3
1293320 789.9
1293330 789.5
1293340 789.5
1293350 789.0
1293360 788.7
1293370 788.7
1293380 788.5
1293390 788.4
1293400 788.4
1293410 788.4
1293420 788.3
1293430 788.3
1293440 788.1
1293450 787.8
1293460 787.8
1293470 787.4
1293480 787.1
1293490 787.1
1293500 786.5
1293510 785.7
1293520 783.5
1293530 783.5
1293540 778.8
1293550 774.0
1293560 774.0
1293570 769.8
1293580 766.5
1293590 766.5
1293600 763.7
1293610 761.6
1293620 761.6
1293630 759.7
1293640 757.7
1293650 757.7
1293660 755.4
1293670 753.0
1293680 753.0
1293690 750.1
1293700 746.7
1293710 746.7
1293720 743.5
1293730 740.4
1293740 740.4
1293750 737.8
1293760 735.8
1293770 735.8
1293780 734.4
1293790 733.9
1293800 734.6
1293810 734.6
1293820 733.3
1293830 728.3
1293840 728.3
1293850 722.4
1293860 717.4
1293870 717.4
1293880 714.3
1293890 712.0
1293900 712.0
1293910 710.0
1293920 708.9
1293930 708.9
1293940 709.2
1293950 709.9
1293960 714.7
1293970 716.0
1293980 717.3
1293990 717.3
1294000 718.0
1294010 718.7
1294020 718.7
1294030 719.8
1294040 721.0
1294050 722.0
1294060 722.0
1294070 724.1
1294080 725.3
1294090 725.3
1294100 725.3
1294110 724.4
1294120 724.4
1294130 723.8
1294140 726.4
1294150 726.4
1294160 731.6
1294170 736.7
1294180 736.7
1294190 740.2
1294200 740.9
1294210 740.9
1294220 741.4
1294230 743.4
1294240 743.4
1294250 744.6
1294260 746.7
1294270 746.7
1294280 749.2
1294290 751.6
1294300 751.6
1294310 754.6
1294320 758.0
1294330 762.1
1294340 762.1
1294350 766.3
1294360 769.7
1294370 769.7
1294380 771.5
1294390 772.1
1294400 772.1
1294410 772.1
1294420 772.1
1294430 772.1
1294440 772.3
1294450 772.9
1294460 772.9
1294470 773.2
1294480 773.5
1294490 773.5
1294500 773.7
1294510 773.9
1294520 773.9
1294530 774.2
1294540 774.4
1294550 774.4
1294560 775.0
1294570 775.8
1294580 775.8
1294590 776.3
1294600 776.7
1294610 777.1
1294620 777.1
1294630 776.8
1294640 777.0
1294650 777.0
1294660 777.4
1294670 777.9
1294680 777.9
1294690 778.5
1294700 779.1
1294710 779.1
1294720 779.9
1294730 781.1
1294740 781.1
1294750 782.3
1294760 783.4
1294770 783.4
1294780 783.9
1294790 784.1
1294800 784.1
1294810 781.9
1294820 778.4
1294830 778.4
1294840 776.0
1294850 771.1
1294860 771.1
1294870 764.9
1294880 757.9
1294890 751.0
1294900 751.0
1294910 743.9
1294920 736.8
1294930 736.8
1294940 729.7
1294950 724.5
1294960 724.5
1294970 722.6
1294980 721.4
1294990 721.4
1295000 719.0
1295010 715.6
1295020 715.6
1295030 714.0
1295040 710.4
1295050 710.4
1295060 705.0
1295070 700.1
1295080 700.1
1295090 696.7
1295100 696.2
1295110 696.2
1295120 694.9
1295130 691.0
1295140 691.0
1295150 686.7
1295160 685.2
1295170 683.7
1295180 683.7
1295190 680.9
1295200 678.3
1295210 678.3
1295220 675.9
1295230 673.2
1295240 673.2
1295250 670.1
1295260 666.9
1295270 666.9
1295280 664.2
1295290 661.4
1295300 667.1
1295310 663.6
1295320 659.7
1295330 659.7
1295340 655.5
1295350 651.3
1295360 651.3
1295370 646.9
1295380 642.2
1295390 642.2
1295400 637.4
1295410 632.6
1295420 632.6
1295430 628.3
1295440 623.0
1295450 618.7
1295460 618.7
1295470 617.4
1295480 618.0
1295490 618.0
1295500 618.3
1295510 614.1
1295520 614.1
1295530 609.6
1295540 611.9
1295550 611.9
1295560 617.4
1295570 619.2
1295580 619.2
1295590 622.2
1295600 623.4
1295610 623.4
1295620 623.2
1295630 623.4
1295640 623.4
1295650 624.5
1295660 625.0
1295670 625.0
1295680 624.9
1295690 625.1
1295700 625.1
1295710 625.3
1295720 625.5
1295730 625.3
1295740 625.3
1295750 625.4
1295760 625.5
1295770 625.5
1295780 625.6
1295790 625.5
1295800 625.5
1295810 625.3
1295820 625.1
1295830 625.1
1295840 624.5
1295850 623.1
1295860 623.1
1295870 621.7
1295880 620.6
1295890 620.6
1295900 619.7
1295910 618.8
1295920 618.8
1295930 617.7
1295940 616.7
1295950 616.7
1295960 615.8
1295970 614.2
1295980 614.2
1295990 613.6
1296000 612.1
1296010 610.2
1296020 610.2
1296030 608.7
1296040 607.6
1296050 607.6
1296060 606.7
1296070 605.9
1296080 605.9
1296090 605.3
1296100 604.9
1296110 604.9
1296120 604.7
1296130 604.2
1296140 604.2
1296150 603.6
1296160 603.2
1296170 603.2
1296180 602.9
1296190 602.6
1296200 602.6
1296210 602.3
1296220 602.0
1296230 602.0
1296240 601.7
1296250 601.2
1296260 601.2
1296270 600.6
1296280 599.9
1296290 599.2
1296300 599.2
1296310 598.3
1296320 597.4
1296330 597.4
1296340 596.7
1296350 596.5
1296360 596.5
1296370 596.3
1296380 595.3
1296390 595.3
1296400 594.3
1296410 593.9
1296420 593.9
1296430 594.2
1296440 594.5
1296450 594.5
1296460 594.1
1296470 593.7
1296480 593.7
1296490 593.7
1296500 593.9
1296510 593.9
1296520 594.1
1296530 594.3
1296540 594.3
1296550 594.5
1296560 595.0
1296570 595.3
1296580 595.3
1296590 595.3
1296600 594.8
1296610 594.8
1296620 594.2
1296630 593.8
1296640 593.8
1296650 591.6
1296660 591.2
1296670 591.2
1296680 591.6
1296690 591.8
1296700 591.8
1296710 591.1
1296720 589.9
1296730 589.9
1296740 588.6
1296750 587.5
1296760 587.5
1296770 586.5
1296780 585.6
1296790 585.6
1296800 584.7
1296810 583.6
1296820 583.6
1296830 582.7
1296840 581.7
1296850 580.8
1296860 580.8
1296870 579.9
1296880 579.1
1296890 579.1
1296900 578.2
1296910 577.4
1296920 577.4
1296930 576.5
1296940 575.6
1296950 575.6
1296960 574.7
1296970 573.8
1296980 573.8
1296990 572.9
1297000 572.1
1297010 572.1
1297020 571.2
1297030 570.5
1297040 570.5
1297050 569.9
1297060 569.3
1297070 569.3
1297080 568.7
1297090 568.1
1297100 567.4
1297110 567.4
1297120 566.8
1297130 566.4
1297140 566.4
1297150 566.2
1297160 566.3
1297170 566.3
1297180 566.4
1297190 566.6
1297200 566.6
1297210 566.8
1297220 567.1
1297230 567.1
1297240 567.3
1297250 567.5
1297260 567.5
1297270 567.6
1297280 567.7
1297290 567.7
1297300 567.9
1297310 568.0
1297320 568.0
1297330 567.7
1297340 567.8
1297350 567.8
1297360 567.9
1297370 568.2
1297380 568.3
1297390 568.3
1297400 568.2
1297410 568.3
1297420 568.3
1297430 568.5
1297440 568.6
1297450 568.6
1297460 568.8
1297470 568.9
1297480 568.9
1297490 569.1
1297500 569.3
1297510 569.3
1297520 569.5
1297530 569.7
1297540 569.7
1297550 569.9
1297560 570.1
1297570 570.1
1297580 570.2
1297590 570.4
1297600 570.4
1297610 570.7
1297620 570.9
1297630 570.9
1297640 571.2
1297650 571.6
1297660 572.0
1297670 572.0
1297680 572.2
1297690 572.3
1297700 572.3
1297710 572.4
1297720 572.5
1297730 572.5
1297740 572.7
1297750 572.9
1297760 572.9
1297770 573.1
1297780 573.3
1297790 573.3
1297800 573.5
1297810 573.6
1297820 573.6
1297830 573.8
1297840 574.0
1297850 574.0
1297860 574.0
1297870 573.8
1297880 573.8
1297890 573.5
1297900 572.9
1297910 572.9
1297920 572.5
1297930 572.4
1297940 572.6
1297950 572.6
1297960 572.9
1297970 573.3
1297980 573.3
1297990 573.7
1298000 573.8
1298010 573.2
1298020 573.0
1298030 572.9
1298040 572.9
1298050 573.1
1298060 573.3
1298070 573.3
1298080 573.2
1298090 573.4
1298100 573.4
1298110 573.8
1298120 574.4
1298130 574.4
1298140 574.7
1298150 574.9
1298160 574.9
1298170 574.9
1298180 575.1
1298190 575.1
1298200 575.0
1298210 575.3
1298220 575.7
1298230 575.7
1298240 575.9
1298250 575.9
1298260 575.9
1298270 575.8
1298280 575.7
1298290 575.7
1298300 575.6
1298310 575.7
1298320 575.7
1298330 575.5
1298340 575.0
1298350 575.0
1298360 574.8
1298370 574.8
1298380 574.8
1298390 574.9
1298400 575.0
1298410 575.0
1298420 574.9
1298430 573.7
1298440 573.7
1298450 573.2
1298460 572.9
1298470 572.9
1298480 572.5
1298490 572.4
1298500 572.3
1298510 572.3
1298520 572.3
1298530 572.3
1298540 572.3
1298550 572.4
1298560 572.2
1298570 572.2
1298580 572.1
1298590 571.9
1298600 571.9
1298610 571.6
1298620 571.3
1298630 571.3
1298640 571.0
1298650 570.8
1298660 570.8
1298670 570.8
1298680 570.4
1298690 570.4
1298700 569.9
1298710 569.8
1298720 569.8
1298730 569.5
1298740 569.3
1298750 569.3
1298760 568.9
1298770 568.8
1298780 568.6
1298790 568.6
1298800 568.4
1298810 568.3
1298820 568.3
1298830 568.0
1298840 567.7
1298850 567.7
1298860 567.4
1298870 567.1
1298880 567.1
1298890 566.7
1298900 566.5
1298910 566.5
1298920 566.4
1298930 566.2
1298940 566.2
1298950 566.1
1298960 565.9
1298970 565.9
1298980 565.7
1298990 565.7
1299000 565.7
1299010 565.6
1299020 565.9
1299030 565.9
1299040 566.0
1299050 565.4
1299060 563.5
1299070 563.5
1299080 560.4
1299090 558.0
1299100 558.0
1299110 557.5
1299120 557.6
1299130 557.6
1299140 557.7
1299150 557.7
1299160 557.7
1299170 557.8
1299180 558.8
1299190 558.8
1299200 561.1
1299210 562.6
1299220 562.6
1299230 562.9
1299240 562.7
1299250 562.7
1299260 562.4
1299270 562.1
1299280 562.1
1299290 561.5
1299300 560.7
1299310 560.7
1299320 559.8
1299330 557.3
1299340 555.6
1299350 555.6
1299360 555.0
1299370 554.7
1299380 555.3
1299390 555.3
1299400 554.4
1299410 554.4
1299420 554.1
1299430 554.1
1299440 554.1
1299450 553.9
1299460 554.0
1299470 554.0
1299480 553.8
1299490 553.6
1299500 553.6
1299510 553.5
1299520 553.7
1299530 553.7
1299540 553.6
1299550 553.3
1299560 553.3
1299570 553.0
1299580 552.7
1299590 552.7
1299600 552.6
1299610 552.5
1299620 552.5
1299630 552.5
1299640 552.2
1299650 552.2
1299660 552.2
1299670 552.2
1299680 552.1
1299690 552.1
1299700 551.7
1299710 549.9
1299720 549.9
1299730 546.2
1299740 544.8
1299750 544.8
1299760 544.7
1299770 544.4
1299780 544.4
1299790 544.2
1299800 544.1
1299810 544.1
1299820 543.9
1299830 543.8
1299840 543.8
1299850 543.6
1299860 543.4
1299870 543.4
1299880 543.1
1299890 542.9
1299900 542.6
1299910 542.6
1299920 542.4
1299930 542.8
1299940 542.8
1299950 543.6
1299960 544.5
1299970 544.5
1299980 544.8
1299990 542.4
