1280000 1268.4
1280010 1270.6
1280020 1272.3
1280030 1272.3
1280040 1273.1
1280050 1274.0
1280060 1274.0
1280070 1275.4
1280080 1280.8
1280090 1280.8
1280100 1281.7
1280110 1282.0
1280120 1282.0
1280130 1281.3
1280140 1281.1
1280150 1281.1
1280160 1281.4
1280170 1278.0
1280180 1278.0
1280190 1271.7
1280200 1266.0
1280210 1266.0
1280220 1261.0
1280230 1256.5
1280240 1252.5
1280250 1252.5
1280260 1249.4
1280270 1249.3
1280280 1249.3
1280290 1249.3
1280300 1248.0
1280310 1248.0
1280320 1249.0
1280330 1253.2
1280340 1253.2
1280350 1256.8
1280360 1259.1
1280370 1259.1
1280380 1259.5
1280390 1258.3
1280400 1258.3
1280410 1255.6
1280420 1252.8
1280430 1252.8
1280440 1250.3
1280450 1247.7
1280460 1247.7
1280470 1245.1
1280480 1242.4
1280490 1242.4
1280500 1240.9
1280510 1243.7
1280520 1243.6
1280530 1243.6
1280540 1248.3
1280550 1247.7
1280560 1247.7
1280570 1243.6
1280580 1242.9
1280590 1242.9
1280600 1238.3
1280610 1231.8
1280620 1231.8
1280630 1225.4
1280640 1218.9
1280650 1218.9
1280660 1212.1
1280670 1205.6
1280680 1205.6
1280690 1199.2
1280700 1190.2
1280710 1190.2
1280720 1184.1
1280730 1178.9
1280740 1178.9
1280750 1176.9
1280760 1177.4
1280770 1177.4
1280780 1182.5
1280790 1191.3
1280800 1195.2
1280810 1195.2
1280820 1195.4
1280830 1191.1
1280840 1191.1
1280850 1185.0
1280860 1179.7
1280870 1179.7
1280880 1176.0
1280890 1175.9
1280900 1175.9
1280910 1181.5
1280920 1181.4
1280930 1181.4
1280940 1172.5
1280950 1162.7
1280960 1162.7
1280970 1158.6
1280980 1152.3
1280990 1152.3
1281000 1147.9
1281010 1137.3
1281020 1137.3
1281030 1121.2
1281040 1111.2
1281050 1111.2
1281060 1097.4
1281070 1080.8
1281080 1072.3
1281090 1072.3
1281100 1065.9
1281110 1060.2
1281120 1060.2
1281130 1054.2
1281140 1047.8
1281150 1047.8
1281160 1040.3
1281170 1034.2
1281180 1034.2
1281190 1030.0
1281200 1027.5
1281210 1027.5
1281220 1032.0
1281230 1038.9
1281240 1038.9
1281250 1047.1
1281260 1051.1
1281270 1051.1
1281280 1054.3
1281290 1060.5
1281300 1060.5
1281310 1068.1
1281320 1073.6
1281330 1073.6
1281340 1086.0
1281350 1096.5
1281360 1108.7
1281370 1108.7
1281380 1119.0
1281390 1127.1
1281400 1127.1
1281410 1132.9
1281420 1138.2
1281430 1138.2
1281440 1145.1
1281450 1152.7
1281460 1152.7
1281470 1158.9
1281480 1165.8
1281490 1165.8
1281500 1172.9
1281510 1178.9
1281520 1178.9
1281530 1185.9
1281540 1192.8
1281550 1192.8
1281560 1199.2
1281570 1205.3
1281580 1205.3
1281590 1209.7
1281600 1214.4
1281610 1214.4
1281620 1220.0
1281630 1227.4
1281640 1233.5
1281650 1233.5
1281660 1239.6
1281670 1246.0
1281680 1246.0
1281690 1250.3
1281700 1254.9
1281710 1254.9
1281720 1261.4
1281730 1268.8
1281740 1268.8
1281750 1276.2
1281760 1283.6
1281770 1283.6
1281780 1291.3
1281790 1299.3
1281800 1299.3
1281810 1307.7
1281820 1315.7
1281830 1315.7
1281840 1323.8
1281850 1331.2
1281860 1331.2
1281870 1339.5
1281880 1352.0
1281890 1352.0
1281900 1359.3
1281910 1367.0
1281920 1371.3
1281930 1371.3
1281940 1374.2
1281950 1377.0
1281960 1377.0
1281970 1377.6
1281980 1381.0
1281990 1381.0
1282000 1385.4
1282010 1390.3
1282020 1390.3
1282030 1395.3
1282040 1400.2
1282050 1400.2
1282060 1405.8
1282070 1409.2
1282080 1409.2
1282090 1412.0
1282100 1416.2
1282110 1416.2
1282120 1421.2
1282130 1427.0
1282140 1427.0
1282150 1433.4
1282160 1439.3
1282170 1445.5
1282180 1445.5
1282190 1452.9
1282200 1460.8
1282210 1460.8
1282220 1467.4
1282230 1470.4
1282240 1470.4
1282250 1471.1
1282260 1471.0
1282270 1471.0
1282280 1470.8
1282290 1470.7
1282300 1470.7
1282310 1470.5
1282320 1470.6
1282330 1470.6
1282340 1470.8
1282350 1470.5
1282360 1470.5
1282370 1469.7
1282380 1468.0
1282390 1468.0
1282400 1464.5
1282410 1462.2
1282420 1462.2
1282430 1456.0
1282440 1450.1
1282450 1449.4
1282460 1449.4
1282470 1448.2
1282480 1445.1
1282490 1445.1
1282500 1440.3
1282510 1438.8
1282520 1438.8
1282530 1434.8
1282540 1430.5
1282550 1430.5
1282560 1428.3
1282570 1430.2
1282580 1420.5
1282590 1421.7
1282600 1423.4
1282610 1423.4
1282620 1423.4
1282630 1421.9
1282640 1421.9
1282650 1417.8
1282660 1413.2
1282670 1413.2
1282680 1410.6
1282690 1407.7
1282700 1407.7
1282710 1406.4
1282720 1405.3
1282730 1404.5
1282740 1404.5
1282750 1405.0
1282760 1405.2
1282770 1405.2
1282780 1404.5
1282790 1404.2
1282800 1404.2
1282810 1403.3
1282820 1401.9
1282830 1401.9
1282840 1401.1
1282850 1401.8
1282860 1401.8
1282870 1402.0
1282880 1401.5
1282890 1401.5
1282900 1400.7
1282910 1399.0
1282920 1399.0
1282930 1396.8
1282940 1395.4
1282950 1395.4
1282960 1394.0
1282970 1391.0
1282980 1391.0
1282990 1385.9
1283000 1381.3
1283010 1378.5
1283020 1378.5
1283030 1377.7
1283040 1376.3
1283050 1376.3
1283060 1374.1
1283070 1372.2
1283080 1372.2
1283090 1369.6
1283100 1366.5
1283110 1366.5
1283120 1361.0
1283130 1354.1
1283140 1354.1
1283150 1347.7
1283160 1341.7
1283170 1341.7
1283180 1335.6
1283190 1329.2
1283200 1329.2
1283210 1316.6
1283220 1311.5
1283230 1311.5
1283240 1306.2
1283250 1301.6
1283260 1301.6
1283270 1297.5
1283280 1293.6
1283290 1290.1
1283300 1290.1
1283310 1287.2
1283320 1282.0
1283330 1282.0
1283340 1276.3
1283350 1270.8
1283360 1270.8
1283370 1265.5
1283380 1260.9
1283390 1260.9
1283400 1256.5
1283410 1251.7
1283420 1251.7
1283430 1244.9
1283440 1238.3
1283450 1238.3
1283460 1244.7
1283470 1250.4
1283480 1250.4
1283490 1252.6
1283500 1255.6
1283510 1255.6
1283520 1258.1
1283530 1258.9
1283540 1258.9
1283550 1259.8
1283560 1261.7
1283570 1265.2
1283580 1265.2
1283590 1268.2
1283600 1270.1
1283610 1270.1
1283620 1271.1
1283630 1271.2
1283640 1271.2
1283650 1271.2
1283660 1271.6
1283670 1271.6
1283680 1273.9
1283690 1277.5
1283700 1277.5
1283710 1281.3
1283720 1284.7
1283730 1284.7
1283740 1288.6
1283750 1292.0
1283760 1292.0
1283770 1294.9
1283780 1296.6
1283790 1296.6
1283800 1296.9
1283810 1296.3
1283820 1296.3
1283830 1294.9
1283840 1293.6
1283850 1285.1
1283860 1285.1
1283870 1282.7
1283880 1278.8
1283890 1278.8
1283900 1274.6
1283910 1274.8
1283920 1274.8
1283930 1273.4
1283940 1270.2
1283950 1270.2
1283960 1265.5
1283970 1259.1
1283980 1259.1
1283990 1247.3
1284000 1238.7
1284010 1238.7
1284020 1232.2
1284030 1230.9
1284040 1230.9
1284050 1230.5
1284060 1225.6
1284070 1225.6
1284080 1218.0
1284090 1210.3
1284100 1210.3
1284110 1201.4
1284120 1193.7
1284130 1191.1
1284140 1191.1
1284150 1192.3
1284160 1193.9
1284170 1193.9
1284180 1196.0
1284190 1194.2
1284200 1194.2
1284210 1190.8
1284220 1187.6
1284230 1187.6
1284240 1186.8
1284250 1185.6
1284260 1185.6
1284270 1180.4
1284280 1178.5
1284290 1178.5
1284300 1183.8
1284310 1188.6
1284320 1188.6
1284330 1193.3
1284340 1196.2
1284350 1196.2
1284360 1196.7
1284370 1196.7
1284380 1196.7
1284390 1196.4
1284400 1203.5
1284410 1209.0
1284420 1209.0
1284430 1211.3
1284440 1213.3
1284450 1213.3
1284460 1214.5
1284470 1214.7
1284480 1214.7
1284490 1206.3
1284500 1204.7
1284510 1204.7
1284520 1202.6
1284530 1199.1
1284540 1199.1
1284550 1194.9
1284560 1192.7
1284570 1192.7
1284580 1190.8
1284590 1188.6
1284600 1188.6
1284610 1189.8
1284620 1187.5
1284630 1187.5
1284640 1179.7
1284650 1170.3
1284660 1170.3
1284670 1168.1
1284680 1174.3
1284690 1182.9
1284700 1182.9
1284710 1187.9
1284720 1186.1
1284730 1186.1
1284740 1184.1
1284750 1183.3
1284760 1183.3
1284770 1180.8
1284780 1177.5
1284790 1177.5
1284800 1173.9
1284810 1168.5
1284820 1168.5
1284830 1164.7
1284840 1160.8
1284850 1160.8
1284860 1162.4
1284870 1168.3
1284880 1168.3
1284890 1169.3
1284900 1167.0
1284910 1167.0
1284920 1162.3
1284930 1161.0
1284940 1161.0
1284950 1158.7
1284960 1156.5
1284970 1154.4
1284980 1154.4
1284990 1150.5
1285000 1147.0
1285010 1147.0
1285020 1143.4
1285030 1139.2
1285040 1139.2
1285050 1134.7
1285060 1129.1
1285070 1129.1
1285080 1123.7
1285090 1117.6
1285100 1117.6
1285110 1112.4
1285120 1102.1
1285130 1102.1
1285140 1098.9
1285150 1095.3
1285160 1095.3
1285170 1090.5
1285180 1085.7
1285190 1085.7
1285200 1080.1
1285210 1076.4
1285220 1076.4
1285230 1070.1
1285240 1063.9
1285250 1060.0
1285260 1060.0
1285270 1055.3
1285280 1051.6
1285290 1051.6
1285300 1048.0
1285310 1046.1
1285320 1046.1
1285330 1043.8
1285340 1041.4
1285350 1041.4
1285360 1042.3
1285370 1049.2
1285380 1049.2
1285390 1057.6
1285400 1065.6
1285410 1065.6
1285420 1073.0
1285430 1077.8
1285440 1077.8
1285450 1080.6
1285460 1082.0
1285470 1082.0
1285480 1084.3
1285490 1085.3
1285500 1085.3
1285510 1086.7
1285520 1087.8
1285530 1089.1
1285540 1089.1
1285550 1090.8
1285560 1088.3
1285570 1088.3
1285580 1083.1
1285590 1077.5
1285600 1077.5
1285610 1072.2
1285620 1067.6
1285630 1067.6
1285640 1065.7
1285650 1065.2
1285660 1065.2
1285670 1063.6
1285680 1061.7
1285690 1061.7
1285700 1057.4
1285710 1052.6
1285720 1052.6
1285730 1047.7
1285740 1045.2
1285750 1045.2
1285760 1046.4
1285770 1049.3
1285780 1049.3
1285790 1053.6
1285800 1059.1
1285810 1066.4
1285820 1066.4
1285830 1075.1
1285840 1079.3
1285850 1079.3
1285860 1079.5
1285870 1077.8
1285880 1077.8
1285890 1077.5
1285900 1078.9
1285910 1078.9
1285920 1078.3
1285930 1076.4
1285940 1076.4
1285950 1073.3
1285960 1070.9
1285970 1070.9
1285980 1069.8
1285990 1070.1
1286000 1070.1
1286010 1070.6
1286020 1071.7
1286030 1071.7
1286040 1070.7
1286050 1068.5
1286060 1068.5
1286070 1067.3
1286080 1068.3
1286090 1068.7
1286100 1068.7
1286110 1070.7
1286120 1075.0
1286130 1075.0
1286140 1078.4
1286150 1083.0
1286160 1083.0
1286170 1090.6
1286180 1095.2
1286190 1095.2
1286200 1097.4
1286210 1098.1
1286220 1098.1
1286230 1098.3
1286240 1098.0
1286250 1098.0
1286260 1097.0
1286270 1096.9
1286280 1096.9
1286290 1099.3
1286300 1100.9
1286310 1100.9
1286320 1107.6
1286330 1110.7
1286340 1112.6
1286350 1112.6
1286360 1116.0
1286370 1121.6
1286380 1121.6
1286390 1125.6
1286400 1127.5
1286410 1115.6
1286420 1113.2
1286430 1113.6
1286440 1113.6
1286450 1115.2
1286460 1116.4
1286470 1116.4
1286480 1116.4
1286490 1117.3
1286500 1117.3
1286510 1117.9
1286520 1118.6
1286530 1118.6
1286540 1119.6
1286550 1120.8
1286560 1120.8
1286570 1123.2
1286580 1123.8
1286590 1123.8
1286600 1120.4
1286610 1116.3
1286620 1113.6
1286630 1113.6
1286640 1112.2
1286650 1110.3
1286660 1110.3
1286670 1107.4
1286680 1105.3
1286690 1105.3
1286700 1101.7
1286710 1099.0
1286720 1099.0
1286730 1097.2
1286740 1095.4
1286750 1095.4
1286760 1093.1
1286770 1089.6
1286780 1089.6
1286790 1085.1
1286800 1083.7
1286810 1083.7
1286820 1082.8
1286830 1083.0
1286840 1083.0
1286850 1081.6
1286860 1079.3
1286870 1079.3
1286880 1077.3
1286890 1074.6
1286900 1072.3
1286910 1072.3
1286920 1071.5
1286930 1069.0
1286940 1069.0
1286950 1068.3
1286960 1066.5
1286970 1066.5
1286980 1064.1
1286990 1059.9
1287000 1059.9
1287010 1054.8
1287020 1050.5
1287030 1050.5
1287040 1050.1
1287050 1042.8
1287060 1042.8
1287070 1040.9
1287080 1035.9
1287090 1035.9
1287100 1032.6
1287110 1031.5
1287120 1031.5
1287130 1028.2
1287140 1026.7
1287150 1026.7
1287160 1032.5
1287170 1036.1
1287180 1038.0
1287190 1038.0
1287200 1035.3
1287210 1029.5
1287220 1029.5
1287230 1027.1
1287240 1024.5
1287250 1024.5
1287260 1021.6
1287270 1017.3
1287280 1017.3
1287290 1009.1
1287300 1004.9
1287310 1004.9
1287320 1008.6
1287330 1007.2
1287340 1007.2
1287350 1004.5
1287360 1005.2
1287370 1005.2
1287380 1005.9
1287390 1003.4
1287400 1003.4
1287410 998.6
1287420 993.5
1287430 993.5
1287440 995.3
1287450 993.7
1287460 990.5
1287470 990.5
1287480 985.9
1287490 982.1
1287500 982.1
1287510 979.3
1287520 976.5
1287530 976.5
1287540 973.3
1287550 970.2
1287560 970.2
1287570 967.4
1287580 964.6
1287590 964.6
1287600 962.2
1287610 960.9
1287620 960.9
1287630 960.4
1287640 960.0
1287650 960.0
1287660 958.7
1287670 956.9
1287680 956.9
1287690 955.0
1287700 948.3
1287710 948.3
1287720 946.6
1287730 945.2
1287740 946.4
1287750 946.4
1287760 948.0
1287770 949.1
1287780 949.1
1287790 950.3
1287800 950.1
1287810 950.1
1287820 950.3
1287830 952.6
1287840 952.6
1287850 953.7
1287860 954.5
1287870 954.5
1287880 956.0
1287890 956.7
1287900 956.7
1287910 957.1
1287920 958.1
1287930 958.1
1287940 958.7
1287950 959.7
1287960 959.7
1287970 960.0
1287980 959.8
1287990 959.8
1288000 959.4
1288010 959.5
1288020 959.9
1288030 959.9
1288040 958.4
1288050 957.3
1288060 957.3
1288070 958.0
1288080 958.2
1288090 958.2
1288100 957.2
1288110 956.2
1288120 956.2
1288130 955.0
1288140 956.1
1288150 956.1
1288160 957.5
1288170 955.2
1288180 955.2
1288190 953.8
1288200 953.1
1288210 953.1
1288220 954.3
1288230 956.2
1288240 956.2
1288250 958.9
1288260 963.4
1288270 963.4
1288280 969.6
1288290 976.1
1288300 981.8
1288310 981.8
1288320 984.5
1288330 984.9
1288340 984.9
1288350 982.2
1288360 980.3
1288370 980.3
1288380 980.6
1288390 980.1
1288400 980.1
1288410 976.2
1288420 970.9
1288430 970.9
1288440 967.1
1288450 965.3
1288460 965.3
1288470 964.7
1288480 964.1
1288490 964.1
1288500 962.8
1288510 961.5
1288520 961.5
1288530 960.6
1288540 958.8
1288550 958.8
1288560 958.8
1288570 957.3
1288580 955.2
1288590 955.2
1288600 954.5
1288610 956.3
1288620 956.3
1288630 956.9
1288640 955.6
1288650 955.6
1288660 953.0
1288670 950.3
1288680 950.3
1288690 949.5
1288700 949.3
1288710 949.3
1288720 949.2
1288730 949.5
1288740 949.5
1288750 951.5
1288760 951.3
1288770 951.3
1288780 949.7
1288790 948.4
1288800 948.4
1288810 947.2
1288820 945.3
1288830 945.3
1288840 942.7
1288850 941.3
1288860 940.2
1288870 940.2
1288880 938.6
1288890 937.5
1288900 937.5
1288910 938.5
1288920 940.5
1288930 940.5
1288940 941.6
1288950 942.0
1288960 942.0
1288970 942.3
1288980 942.5
1288990 942.5
1289000 938.5
1289010 940.1
1289020 940.1
1289030 941.5
1289040 941.7
1289050 941.7
1289060 942.5
1289070 942.2
1289080 942.2
1289090 940.8
1289100 941.2
1289110 941.2
1289120 941.4
1289130 941.8
1289140 941.4
1289150 941.4
1289160 940.9
1289170 939.2
1289180 939.2
1289190 937.4
1289200 935.4
1289210 935.4
1289220 934.0
1289230 933.3
1289240 933.3
1289250 933.9
1289260 933.3
1289270 933.3
1289280 932.3
1289290 932.3
1289300 932.3
1289310 931.9
1289320 931.7
1289330 931.7
1289340 930.3
1289350 929.1
1289360 929.1
1289370 929.3
1289380 929.7
1289390 929.7
1289400 930.9
1289410 931.7
1289420 931.9
1289430 931.9
1289440 932.4
1289450 932.4
1289460 932.4
1289470 932.5
1289480 932.6
1289490 932.6
1289500 932.2
1289510 931.2
1289520 931.2
1289530 929.3
1289540 926.0
1289550 926.0
1289560 923.0
1289570 923.3
1289580 923.3
1289590 924.2
1289600 926.0
1289610 926.0
1289620 929.4
1289630 932.0
1289640 932.0
1289650 930.2
1289660 930.1
1289670 930.1
1289680 930.7
1289690 930.8
1289700 931.5
1289710 931.5
1289720 931.5
1289730 931.2
1289740 931.2
1289750 931.3
1289760 931.1
1289770 931.1
1289780 930.6
1289790 929.9
1289800 929.9
1289810 929.2
1289820 928.3
1289830 928.3
1289840 927.4
1289850 926.4
1289860 926.4
1289870 925.4
1289880 924.6
1289890 924.6
1289900 923.7
1289910 922.9
1289920 922.9
1289930 922.0
1289940 921.1
1289950 921.1
1289960 919.9
1289970 918.8
1289980 917.8
1289990 917.8
1290000 917.0
1290010 916.1
1290020 916.1
1290030 915.2
1290040 914.3
1290050 914.3
1290060 913.4
1290070 912.4
1290080 912.4
1290090 911.4
1290100 910.6
1290110 910.6
1290120 909.9
1290130 908.9
1290140 908.9
1290150 908.0
1290160 907.2
1290170 907.2
1290180 906.5
1290190 905.8
1290200 905.8
1290210 905.0
1290220 904.4
1290230 903.8
1290240 903.8
1290250 903.2
1290260 902.4
1290270 902.4
1290280 901.7
1290290 900.9
1290300 900.9
1290310 899.0
1290320 897.8
1290330 897.8
1290340 895.9
1290350 893.9
1290360 893.9
1290370 891.7
1290380 889.7
1290390 889.7
1290400 889.7
1290410 888.9
1290420 888.9
1290430 887.4
1290440 885.5
1290450 885.5
1290460 884.5
1290470 884.4
1290480 884.4
1290490 884.1
1290500 884.0
1290510 883.6
1290520 883.6
1290530 882.8
1290540 882.8
1290550 882.8
1290560 883.2
1290570 883.0
1290580 883.0
1290590 882.7
1290600 882.4
1290610 882.4
1290620 882.2
1290630 882.1
1290640 882.1
1290650 882.0
1290660 882.1
1290670 882.1
1290680 882.3
1290690 882.3
1290700 882.3
1290710 882.2
1290720 881.7
1290730 881.7
1290740 881.2
1290750 880.3
1290760 880.3
1290770 879.7
1290780 879.8
1290790 880.3
1290800 880.3
1290810 881.3
1290820 882.3
1290830 882.3
1290840 883.2
1290850 884.2
1290860 884.2
1290870 884.9
1290880 885.6
1290890 885.6
1290900 886.6
1290910 887.5
1290920 887.5
1290930 888.5
1290940 889.2
1290950 889.2
1290960 889.9
1290970 887.8
1290980 887.8
1290990 888.6
1291000 889.0
1291010 889.0
1291020 888.9
1291030 888.8
1291040 888.8
1291050 888.6
1291060 888.6
1291070 889.3
1291080 889.3
1291090 889.4
1291100 889.4
1291110 889.4
1291120 887.9
1291130 886.8
1291140 886.8
1291150 886.5
1291160 886.2
1291170 886.2
1291180 884.9
1291190 884.7
1291200 884.7
1291210 884.7
1291220 883.1
1291230 883.1
1291240 881.9
1291250 881.0
1291260 881.0
1291270 880.4
1291280 880.2
1291290 880.2
1291300 879.4
1291310 878.5
1291320 878.5
1291330 878.4
1291340 878.0
1291350 877.1
1291360 877.1
1291370 876.7
1291380 875.9
1291390 875.9
1291400 875.6
1291410 875.4
1291420 875.4
1291430 875.3
1291440 875.0
1291450 875.0
1291460 874.5
1291470 874.1
1291480 874.1
1291490 873.6
1291500 873.2
1291510 873.2
1291520 872.8
1291530 872.5
1291540 872.5
1291550 872.6
1291560 872.7
1291570 872.7
1291580 872.9
1291590 873.0
1291600 873.0
1291610 873.1
1291620 872.9
1291630 872.6
1291640 872.6
1291650 872.3
1291660 872.0
1291670 872.0
1291680 871.7
1291690 871.4
1291700 871.4
1291710 871.3
1291720 871.1
1291730 871.1
1291740 870.9
1291750 870.6
1291760 870.6
1291770 870.1
1291780 869.7
1291790 869.7
1291800 869.3
1291810 868.7
1291820 868.7
1291830 868.1
1291840 867.5
1291850 867.5
1291860 866.7
1291870 865.6
1291880 865.6
1291890 864.7
1291900 863.9
1291910 862.8
1291920 862.8
1291930 861.8
1291940 860.9
1291950 860.9
1291960 860.0
1291970 859.2
1291980 859.2
1291990 859.1
1292000 857.8
1292010 857.8
1292020 855.6
1292030 854.1
1292040 854.1
1292050 852.8
1292060 851.6
1292070 851.6
1292080 849.2
1292090 845.1
1292100 845.1
1292110 842.2
1292120 840.8
1292130 840.8
1292140 840.3
1292150 841.3
1292160 841.3
1292170 843.3
1292180 844.6
1292190 844.4
1292200 844.4
1292210 843.8
1292220 843.3
1292230 843.3
1292240 842.9
1292250 842.0
1292260 842.0
1292270 841.2
1292280 840.6
1292290 838.7
1292300 838.1
1292310 837.7
1292320 837.7
1292330 837.4
1292340 837.0
1292350 837.0
1292360 836.8
1292370 836.6
1292380 836.6
1292390 836.5
1292400 836.2
1292410 836.2
1292420 835.9
1292430 835.5
1292440 835.5
1292450 835.0
1292460 834.4
1292470 833.6
1292480 833.6
1292490 832.8
1292500 831.8
1292510 831.8
1292520 831.3
1292530 831.2
1292540 831.2
1292550 830.2
1292560 828.9
1292570 828.9
1292580 827.7
1292590 826.6
1292600 826.6
1292610 825.1
1292620 823.0
1292630 823.0
1292640 819.2
1292650 817.8
1292660 817.8
1292670 817.7
1292680 817.7
1292690 817.7
1292700 817.8
1292710 818.0
1292720 818.0
1292730 818.3
1292740 818.7
1292750 819.2
1292760 819.2
1292770 819.7
1292780 820.1
1292790 820.1
1292800 820.6
1292810 821.0
1292820 821.0
1292830 821.2
1292840 821.3
1292850 821.3
1292860 821.4
1292870 821.2
1292880 821.2
1292890 820.3
1292900 819.1
1292910 819.1
1292920 819.6
1292930 820.6
1292940 820.6
1292950 819.7
1292960 820.1
1292970 820.1
1292980 820.9
1292990 821.6
1293000 821.6
1293010 822.2
1293020 822.7
1293030 823.3
1293040 823.3
1293050 823.6
1293060 824.2
1293070 824.2
1293080 824.8
1293090 825.3
1293100 825.3
1293110 825.6
1293120 825.7
1293130 825.7
1293140 825.8
1293150 825.9
1293160 825.9
1293170 825.8
1293180 825.6
1293190 825.6
1293200 825.7
1293210 825.7
1293220 825.7
1293230 825.5
1293240 825.3
1293250 825.3
1293260 825.1
1293270 824.8
1293280 824.8
1293290 824.3
1293300 823.8
1293310 823.2
1293320 823.2
1293330 822.3
1293340 821.4
1293350 821.4
1293360 820.7
1293370 819.9
1293380 819.9
1293390 819.1
1293400 818.3
1293410 818.3
1293420 817.5
1293430 816.6
1293440 816.6
1293450 815.3
1293460 813.6
1293470 813.6
1293480 811.8
1293490 809.7
1293500 809.7
1293510 807.1
1293520 805.7
1293530 805.7
1293540 803.7
1293550 798.2
1293560 794.0
1293570 794.0
1293580 793.5
1293590 795.7
1293600 795.7
1293610 796.9
1293620 790.0
1293630 790.0
1293640 788.8
1293650 785.0
1293660 785.0
1293670 780.8
1293680 779.2
1293690 779.2
1293700 779.5
1293710 781.1
1293720 781.1
1293730 781.2
1293740 777.4
1293750 777.4
1293760 772.8
1293770 768.7
1293780 768.7
1293790 765.7
1293800 764.2
1293810 764.2
1293820 762.2
1293830 761.1
1293840 762.5
1293850 762.5
1293860 766.0
1293870 768.1
1293880 768.1
1293890 764.7
1293900 758.6
1293910 758.6
1293920 752.6
1293930 747.8
1293940 747.8
1293950 745.2
1293960 745.3
1293970 745.3
1293980 747.1
1293990 748.1
1294000 748.1
1294010 746.5
1294020 742.5
1294030 742.5
1294040 738.2
1294050 733.6
1294060 733.6
1294070 729.0
1294080 724.4
1294090 724.4
1294100 719.4
1294110 714.2
1294120 708.9
1294130 708.9
1294140 704.0
1294150 701.2
1294160 701.2
1294170 699.8
1294180 698.7
1294190 698.7
1294200 697.9
1294210 697.7
1294220 697.7
1294230 697.5
1294240 697.2
1294250 697.2
1294260 696.8
1294270 696.4
1294280 696.4
1294290 696.0
1294300 697.6
1294310 697.6
1294320 701.8
1294330 705.4
1294340 705.4
1294350 709.3
1294360 712.6
1294370 712.6
1294380 715.8
1294390 719.0
1294400 723.0
1294410 723.0
1294420 726.7
1294430 729.9
1294440 729.9
1294450 733.0
1294460 735.8
1294470 735.8
1294480 738.6
1294490 741.0
1294500 741.0
1294510 743.2
1294520 746.3
1294530 746.3
1294540 749.1
1294550 751.2
1294560 751.2
1294570 752.2
1294580 751.3
1294590 751.3
1294600 750.8
1294610 751.7
1294620 751.7
1294630 751.4
1294640 750.4
1294650 750.4
1294660 749.5
1294670 748.5
1294680 747.5
1294690 747.5
1294700 746.2
1294710 745.2
1294720 745.2
1294730 744.4
1294740 740.3
1294750 740.3
1294760 735.3
1294770 730.5
1294780 730.5
1294790 725.8
1294800 722.2
1294810 722.2
1294820 718.6
1294830 714.8
1294840 714.8
1294850 711.0
1294860 707.2
1294870 707.2
1294880 703.2
1294890 698.8
1294900 698.8
1294910 694.2
1294920 689.5
1294930 689.5
1294940 685.0
1294950 681.0
1294960 681.9
1294970 681.9
1294980 677.6
1294990 672.7
1295000 672.7
1295010 668.1
1295020 664.0
1295030 664.0
1295040 661.6
1295050 659.4
1295060 659.4
1295070 658.3
1295080 656.0
1295090 656.0
1295100 652.5
1295110 649.7
1295120 649.7
1295130 647.3
1295140 645.8
1295150 645.8
1295160 644.7
1295170 640.3
1295180 640.3
1295190 639.7
1295200 640.5
1295210 640.5
1295220 640.6
1295230 640.7
1295240 640.2
1295250 640.2
1295260 639.7
1295270 639.2
1295280 639.2
1295290 638.9
1295300 639.2
1295310 639.2
1295320 639.6
1295330 639.5
1295340 639.5
1295350 639.7
1295360 640.9
1295370 640.9
1295380 643.5
1295390 645.2
1295400 645.2
1295410 645.2
1295420 646.5
1295430 646.5
1295440 647.9
1295450 647.8
1295460 647.8
1295470 647.1
1295480 646.3
1295490 646.3
1295500 645.2
1295510 644.5
1295520 643.8
1295530 643.8
1295540 643.5
1295550 643.6
1295560 643.6
1295570 643.8
1295580 643.8
1295590 643.8
1295600 644.1
1295610 645.3
1295620 645.3
1295630 646.8
1295640 646.5
1295650 646.5
1295660 648.2
1295670 649.2
1295680 649.2
1295690 650.0
1295700 650.8
1295710 650.8
1295720 651.3
1295730 651.4
1295740 651.4
1295750 651.0
1295760 650.5
1295770 650.5
1295780 649.6
1295790 648.6
1295800 647.4
1295810 647.4
1295820 645.7
1295830 644.3
1295840 644.3
1295850 643.0
1295860 641.8
1295870 641.8
1295880 640.7
1295890 639.1
1295900 639.1
1295910 637.3
1295920 635.2
1295930 635.2
1295940 632.9
1295950 631.2
1295960 631.2
1295970 629.9
1295980 628.6
1295990 628.6
1296000 627.4
1296010 626.3
1296020 626.3
1296030 625.1
1296040 623.9
1296050 623.9
1296060 623.1
1296070 622.7
1296080 622.8
1296090 622.8
1296100 623.1
1296110 623.3
1296120 623.3
1296130 623.6
1296140 624.1
1296150 624.1
1296160 624.4
1296170 624.4
1296180 624.4
1296190 624.0
1296200 623.5
1296210 623.5
1296220 623.0
1296230 622.4
1296240 622.4
1296250 621.6
1296260 620.3
1296270 620.3
1296280 618.8
1296290 617.6
1296300 617.6
1296310 615.7
1296320 614.8
1296330 614.8
1296340 613.3
1296350 611.4
1296360 610.2
1296370 610.2
1296380 609.3
1296390 608.5
1296400 608.5
1296410 607.8
1296420 607.2
1296430 607.2
1296440 606.9
1296450 606.9
1296460 606.9
1296470 607.0
1296480 607.4
1296490 607.4
1296500 607.9
1296510 608.5
1296520 608.5
1296530 609.2
1296540 609.9
1296550 609.9
1296560 610.2
1296570 610.5
1296580 610.5
1296590 611.0
1296600 610.8
1296610 610.8
1296620 610.2
1296630 609.6
1296640 609.1
1296650 609.1
1296660 608.5
1296670 606.9
1296680 606.9
1296690 605.0
1296700 603.7
1296710 603.7
1296720 602.6
1296730 601.5
1296740 601.5
1296750 600.4
1296760 599.2
1296770 599.2
1296780 598.1
1296790 596.4
1296800 596.4
1296810 595.2
1296820 594.3
1296830 594.3
1296840 593.3
1296850 592.1
1296860 592.1
1296870 591.0
1296880 589.9
1296890 589.9
1296900 588.9
1296910 587.9
1296920 587.0
1296930 587.0
1296940 586.1
1296950 585.0
1296960 585.0
1296970 584.1
1296980 583.2
1296990 582.3
1297000 581.3
1297010 580.5
1297020 580.5
1297030 579.8
1297040 579.3
1297050 579.3
1297060 578.8
1297070 578.4
1297080 578.4
1297090 577.8
1297100 574.8
1297110 574.8
1297120 570.6
1297130 572.0
1297140 572.0
1297150 575.6
1297160 576.7
1297170 575.9
1297180 575.9
1297190 575.2
1297200 575.1
1297210 575.1
1297220 574.9
1297230 574.3
1297240 574.3
1297250 573.9
1297260 574.0
1297270 574.0
1297280 573.8
1297290 573.5
1297300 573.5
1297310 573.5
1297320 573.5
1297330 573.5
1297340 573.7
1297350 573.9
1297360 573.9
1297370 574.1
1297380 574.3
1297390 574.3
1297400 574.4
1297410 574.6
1297420 574.6
1297430 574.8
1297440 575.0
1297450 575.3
1297460 575.3
1297470 575.7
1297480 575.8
1297490 575.8
1297500 575.8
1297510 576.0
1297520 576.0
1297530 576.2
1297540 576.5
1297550 576.5
1297560 576.7
1297570 576.9
1297580 576.9
1297590 577.1
1297600 577.3
1297610 577.3
1297620 577.4
1297630 577.6
1297640 577.6
1297650 577.9
1297660 578.3
1297670 577.6
1297680 577.9
1297690 578.2
1297700 578.2
1297710 578.5
1297720 578.8
1297730 579.0
1297740 579.0
1297750 579.4
1297760 579.7
1297770 579.7
1297780 579.8
1297790 579.8
1297800 579.8
1297810 579.9
1297820 580.1
1297830 580.1
1297840 580.4
1297850 580.6
1297860 580.6
1297870 580.7
1297880 580.8
1297890 580.8
1297900 580.8
1297910 581.0
1297920 581.0
1297930 581.0
1297940 580.7
1297950 580.7
1297960 580.1
1297970 579.2
1297980 579.2
1297990 578.6
1298000 578.6
1298010 578.6
1298020 578.6
1298030 578.9
1298040 579.3
1298050 579.3
1298060 579.6
1298070 579.7
1298080 579.7
1298090 579.7
1298100 579.9
1298110 579.9
1298120 580.4
1298130 580.9
1298140 580.9
1298150 581.1
1298160 580.7
1298170 580.7
1298180 580.4
1298190 580.4
1298200 580.4
1298210 580.6
1298220 580.7
1298230 580.7
1298240 580.9
1298250 580.9
1298260 580.9
1298270 580.9
1298280 580.9
1298290 580.9
1298300 580.9
1298310 580.9
1298320 580.8
1298330 580.8
1298340 580.4
1298350 579.6
1298360 579.6
1298370 579.4
1298380 579.4
1298390 579.4
1298400 579.4
1298410 579.2
1298420 579.2
1298430 579.1
1298440 577.3
1298450 577.3
1298460 576.4
1298470 576.4
1298480 576.4
1298490 576.3
1298500 576.2
1298510 576.2
1298520 576.3
1298530 576.3
1298540 576.3
1298550 576.2
1298560 575.8
1298570 575.7
1298580 575.7
1298590 575.5
1298600 575.3
1298610 575.3
1298620 575.2
1298630 575.1
1298640 575.1
1298650 574.8
1298660 574.6
1298670 574.6
1298680 574.2
1298690 574.0
1298700 574.0
1298710 573.9
1298720 573.7
1298730 573.7
1298740 573.4
1298750 573.3
1298760 573.3
1298770 573.1
1298780 572.8
1298790 572.8
1298800 572.5
1298810 572.2
1298820 572.2
1298830 572.1
1298840 571.9
1298850 571.6
1298860 571.6
1298870 571.4
1298880 571.2
1298890 571.2
1298900 571.0
1298910 570.8
1298920 570.8
1298930 570.8
1298940 570.8
1298950 570.8
1298960 570.8
1298970 570.9
1298980 570.9
1298990 570.8
1299000 570.7
1299010 570.7
1299020 570.6
1299030 570.5
1299040 570.1
1299050 570.1
1299060 569.9
1299070 569.9
1299080 569.7
1299090 569.6
1299100 569.6
1299110 569.6
1299120 569.4
1299130 568.8
1299140 568.8
1299150 567.9
1299160 566.2
1299170 566.2
1299180 563.9
1299190 562.2
1299200 562.2
1299210 560.5
1299220 559.1
1299230 559.1
1299240 558.8
1299250 558.8
1299260 558.8
1299270 558.7
1299280 558.4
1299290 558.4
1299300 558.1
1299310 557.5
1299320 557.5
1299330 557.4
1299340 557.4
1299350 557.4
1299360 557.4
1299370 557.4
1299380 557.4
1299390 558.0
1299400 558.3
1299410 556.9
1299420 556.9
1299430 556.8
1299440 556.5
1299450 556.5
1299460 556.2
1299470 555.7
1299480 555.7
1299490 554.2
1299500 551.9
1299510 551.9
1299520 549.3
1299530 547.8
1299540 547.8
1299550 547.7
1299560 547.7
1299570 547.7
1299580 547.7
1299590 547.5
1299600 547.5
1299610 547.2
1299620 546.9
1299630 546.9
1299640 546.5
1299650 546.2
1299660 546.2
1299670 546.0
1299680 545.7
1299690 545.4
1299700 545.4
1299710 545.2
1299720 545.1
1299730 545.1
1299740 544.9
1299750 544.9
1299760 544.9
1299770 544.8
1299780 544.5
1299790 544.5
1299800 543.4
1299810 542.8
1299820 542.8
1299830 543.4
1299840 543.1
1299850 543.1
1299860 542.6
1299870 541.7
1299880 541.7
1299890 540.5
1299900 540.1
1299910 540.1
1299920 539.9
1299930 539.7
1299940 539.7
1299950 540.8
1299960 542.7
1299970 543.4
1299980 543.4
1299990 544.6
