1280000 1718.3
1280010 1718.3
1280020 1709.3
1280030 1707.6
1280040 1705.9
1280050 1705.9
1280060 1704.8
1280070 1703.0
1280080 1703.0
1280090 1701.2
1280100 1699.7
1280110 1699.7
1280120 1698.9
1280130 1697.8
1280140 1697.8
1280150 1697.3
1280160 1695.6
1280170 1695.6
1280180 1692.8
1280190 1690.5
1280200 1690.5
1280210 1690.5
1280220 1688.1
1280230 1688.1
1280240 1686.2
1280250 1684.5
1280260 1684.5
1280270 1681.7
1280280 1679.3
1280290 1679.3
1280300 1676.8
1280310 1673.8
1280320 1671.2
1280330 1671.2
1280340 1668.5
1280350 1665.0
1280360 1665.0
1280370 1666.0
1280380 1669.1
1280390 1669.1
1280400 1676.3
1280410 1681.2
1280420 1681.2
1280430 1679.8
1280440 1678.5
1280450 1678.5
1280460 1679.1
1280470 1679.2
1280480 1679.2
1280490 1677.2
1280500 1672.6
1280510 1672.6
1280520 1674.1
1280530 1694.3
1280540 1694.3
1280550 1718.4
1280560 1735.2
1280570 1735.2
1280580 1748.7
1280590 1760.5
1280600 1773.1
1280610 1773.1
1280620 1787.0
1280630 1800.5
1280640 1800.5
1280650 1811.2
1280660 1817.3
1280670 1817.3
1280680 1821.9
1280690 1827.5
1280700 1827.5
1280710 1830.2
1280720 1829.6
1280730 1829.6
1280740 1828.8
1280750 1828.5
1280760 1828.5
1280770 1827.1
1280780 1825.2
1280790 1825.2
1280800 1824.1
1280810 1826.5
1280820 1826.5
1280830 1833.9
1280840 1833.9
1280850 1833.9
1280860 1824.4
1280870 1816.9
1280880 1815.3
1280890 1815.3
1280900 1816.4
1280910 1816.2
1280920 1816.2
1280930 1814.0
1280940 1812.1
1280950 1812.1
1280960 1810.3
1280970 1808.4
1280980 1808.4
1280990 1808.0
1281000 1807.0
1281010 1807.0
1281020 1805.1
1281030 1800.5
1281040 1800.5
1281050 1798.3
1281060 1797.4
1281070 1797.4
1281080 1796.8
1281090 1798.9
1281100 1798.9
1281110 1809.1
1281120 1820.8
1281130 1820.8
1281140 1830.4
1281150 1840.2
1281160 1850.9
1281170 1850.9
1281180 1862.0
1281190 1873.5
1281200 1873.5
1281210 1878.9
1281220 1879.1
1281230 1879.1
1281240 1874.9
1281250 1874.3
1281260 1874.3
1281270 1859.1
1281280 1855.7
1281290 1855.7
1281300 1851.6
1281310 1850.1
1281320 1850.1
1281330 1848.2
1281340 1848.3
1281350 1848.3
1281360 1848.6
1281370 1848.8
1281380 1848.8
1281390 1851.0
1281400 1853.4
1281410 1853.4
1281420 1857.0
1281430 1860.1
1281440 1866.8
1281450 1866.8
1281460 1876.0
1281470 1884.1
1281480 1884.1
1281490 1889.7
1281500 1897.5
1281510 1897.5
1281520 1904.9
1281530 1914.1
1281540 1914.1
1281550 1922.2
1281560 1929.9
1281570 1929.9
1281580 1936.4
1281590 1941.7
1281600 1941.7
1281610 1947.3
1281620 1953.4
1281630 1953.4
1281640 1961.3
1281650 1969.6
1281660 1969.6
1281670 1980.0
1281680 1985.3
1281690 1985.3
1281700 1986.7
1281710 1993.3
1281720 2004.7
1281730 2004.7
1281740 2013.8
1281750 2021.2
1281760 2021.2
1281770 2024.9
1281780 2024.2
1281790 2024.2
1281800 2017.7
1281810 2015.2
1281820 2015.2
1281830 2014.4
1281840 2019.7
1281850 2019.7
1281860 2024.9
1281870 2024.9
1281880 2024.9
1281890 2028.6
1281900 2035.8
1281910 2035.8
1281920 2041.9
1281930 2044.5
1281940 2044.5
1281950 2048.7
1281960 2057.1
1281970 2057.1
1281980 2066.7
1281990 2066.6
1282000 2057.1
1282010 2057.1
1282020 2050.0
1282030 2042.2
1282040 2042.2
1282050 2031.9
1282060 2023.2
1282070 2023.2
1282080 2017.4
1282090 2016.3
1282100 2016.3
1282110 2014.0
1282120 2015.3
1282130 2015.3
1282140 2020.7
1282150 2022.8
1282160 2022.8
1282170 2025.2
1282180 2021.5
1282190 2021.5
1282200 2009.3
1282210 1996.8
1282220 1996.8
1282230 1981.0
1282240 1965.7
1282250 1965.7
1282260 1959.3
1282270 1943.1
1282280 1929.3
1282290 1929.3
1282300 1918.0
1282310 1911.2
1282320 1911.2
1282330 1901.8
1282340 1882.2
1282350 1882.2
1282360 1875.5
1282370 1871.7
1282380 1871.7
1282390 1881.0
1282400 1893.6
1282410 1893.6
1282420 1907.8
1282430 1927.8
1282440 1927.8
1282450 1940.5
1282460 1951.3
1282470 1951.3
1282480 1966.3
1282490 1982.0
1282500 1982.0
1282510 1992.0
1282520 2000.2
1282530 2005.9
1282540 2017.2
1282550 2024.2
1282560 2032.2
1282570 2032.2
1282580 2039.6
1282590 2044.4
1282600 2044.4
1282610 2047.3
1282620 2063.6
1282630 2063.6
1282640 2094.2
1282650 2116.3
1282660 2116.3
1282670 2129.1
1282680 2140.7
1282690 2140.7
1282700 2153.5
1282710 2160.6
1282720 2160.6
1282730 2174.2
1282740 2192.1
1282750 2192.1
1282760 2209.5
1282770 2219.8
1282780 2219.8
1282790 2235.8
1282800 2255.4
1282810 2255.4
1282820 2270.0
1282830 2284.3
1282840 2291.3
1282850 2291.3
1282860 2277.8
1282870 2262.4
1282880 2262.4
1282890 2249.8
1282900 2237.2
1282910 2237.2
1282920 2215.4
1282930 2187.9
1282940 2187.9
1282950 2164.0
1282960 2150.6
1282970 2150.6
1282980 2140.2
1282990 2129.0
1283000 2129.0
1283010 2118.6
1283020 2112.0
1283030 2112.0
1283040 2102.8
1283050 2086.5
1283060 2086.5
1283070 2066.5
1283080 2058.2
1283090 2058.2
1283100 2046.1
1283110 2034.0
1283120 2028.4
1283130 2028.4
1283140 2024.0
1283150 2017.7
1283160 2003.8
1283170 1997.7
1283180 1989.8
1283190 1989.8
1283200 1977.1
1283210 1972.5
1283220 1972.5
1283230 1966.8
1283240 1966.4
1283250 1966.4
1283260 1963.3
1283270 1954.7
1283280 1954.7
1283290 1957.7
1283300 1957.6
1283310 1957.6
1283320 1951.1
1283330 1947.8
1283340 1947.8
1283350 1950.2
1283360 1946.0
1283370 1946.0
1283380 1939.9
1283390 1940.9
1283400 1936.9
1283410 1936.9
1283420 1930.7
1283430 1922.7
1283440 1922.7
1283450 1910.5
1283460 1923.0
1283470 1923.0
1283480 1963.9
1283490 1974.1
1283500 1974.1
1283510 1979.9
1283520 1988.7
1283530 1988.7
1283540 2002.7
1283550 2012.6
1283560 2012.6
1283570 2019.9
1283580 2030.4
1283590 2030.4
1283600 2048.5
1283610 2069.1
1283620 2069.1
1283630 2069.8
1283640 2075.4
1283650 2075.4
1283660 2081.5
1283670 2085.4
1283680 2090.7
1283690 2090.7
1283700 2089.1
1283710 2090.3
1283720 2090.3
1283730 2085.7
1283740 2081.0
1283750 2081.0
1283760 2079.1
1283770 2077.8
1283780 2077.8
1283790 2083.8
1283800 2078.7
1283810 2078.7
1283820 2077.6
1283830 2075.9
1283840 2075.9
1283850 2071.3
1283860 2074.4
1283870 2074.4
1283880 2078.8
1283890 2080.7
1283900 2080.7
1283910 2089.1
1283920 2104.3
1283930 2104.3
1283940 2155.9
1283950 2174.4
1283960 2172.8
1283970 2172.8
1283980 2168.8
1283990 2167.2
1284000 2167.2
1284010 2164.0
1284020 2161.7
1284030 2161.7
1284040 2160.4
1284050 2156.9
1284060 2156.9
1284070 2149.0
1284080 2138.1
1284090 2138.1
1284100 2130.2
1284110 2126.8
1284120 2126.8
1284130 2119.1
1284140 2108.6
1284150 2108.6
1284160 2110.3
1284170 2130.6
1284180 2130.6
1284190 2135.9
1284200 2126.3
1284210 2126.3
1284220 2125.5
1284230 2128.2
1284240 2126.4
1284250 2126.4
1284260 2132.0
1284270 2127.9
1284280 2127.9
1284290 2122.3
1284300 2125.8
1284310 2125.8
1284320 2129.3
1284330 2125.8
1284340 2125.8
1284350 2120.9
1284360 2111.5
1284370 2111.5
1284380 2102.8
1284390 2092.7
1284400 2092.7
1284410 2079.9
1284420 2066.8
1284430 2059.8
1284440 2041.9
1284450 2036.2
1284460 2036.2
1284470 2038.9
1284480 2041.6
1284490 2041.6
1284500 2037.8
1284510 2036.1
1284520 2038.3
1284530 2038.3
1284540 2041.5
1284550 2049.0
1284560 2049.0
1284570 2049.4
1284580 2047.8
1284590 2047.8
1284600 2038.5
1284610 2022.1
1284620 2022.1
1284630 2010.0
1284640 2008.5
1284650 2008.5
1284660 2004.3
1284670 1988.0
1284680 1988.0
1284690 1972.8
1284700 1955.2
1284710 1955.2
1284720 1945.6
1284730 1945.5
1284740 1945.5
1284750 1947.1
1284760 1959.7
1284770 1959.7
1284780 1972.2
1284790 1970.1
1284800 1966.8
1284810 1966.8
1284820 1969.1
1284830 1968.9
1284840 1968.9
1284850 1978.3
1284860 2008.2
1284870 2008.2
1284880 2024.4
1284890 2023.3
1284900 2023.3
1284910 2010.9
1284920 1997.0
1284930 1997.0
1284940 1984.5
1284950 1973.9
1284960 1973.9
1284970 1964.1
1284980 1954.7
1284990 1954.7
1285000 1946.0
1285010 1937.5
1285020 1937.5
1285030 1930.4
1285040 1923.1
1285050 1923.1
1285060 1915.2
1285070 1903.1
1285080 1892.4
1285090 1892.4
1285100 1882.9
1285110 1874.1
1285120 1874.1
1285130 1866.0
1285140 1857.6
1285150 1857.6
1285160 1850.0
1285170 1842.9
1285180 1842.9
1285190 1835.7
1285200 1828.4
1285210 1828.4
1285220 1821.3
1285230 1813.6
1285240 1813.6
1285250 1805.5
1285260 1796.2
1285270 1796.2
1285280 1785.8
1285290 1776.7
1285300 1776.7
1285310 1769.4
1285320 1762.0
1285330 1762.0
1285340 1751.8
1285350 1744.5
1285360 1735.7
1285370 1735.7
1285380 1732.5
1285390 1741.0
1285400 1741.0
1285410 1744.0
1285420 1736.7
1285430 1736.7
1285440 1729.8
1285450 1731.2
1285460 1731.2
1285470 1727.9
1285480 1727.7
1285490 1727.7
1285500 1723.3
1285510 1723.4
1285520 1723.4
1285530 1734.4
1285540 1744.4
1285550 1744.4
1285560 1758.3
1285570 1767.9
1285580 1767.9
1285590 1765.4
1285600 1758.4
1285610 1758.4
1285620 1749.9
1285630 1744.4
1285640 1744.4
1285650 1743.0
1285660 1745.1
1285670 1743.7
1285680 1743.7
1285690 1736.5
1285700 1727.8
1285710 1722.1
1285720 1713.9
1285730 1709.2
1285740 1709.2
1285750 1708.1
1285760 1703.4
1285770 1703.4
1285780 1694.8
1285790 1688.5
1285800 1688.5
1285810 1680.9
1285820 1673.7
1285830 1673.7
1285840 1665.8
1285850 1667.0
1285860 1667.0
1285870 1664.7
1285880 1657.7
1285890 1657.7
1285900 1657.9
1285910 1658.6
1285920 1658.6
1285930 1658.3
1285940 1655.0
1285950 1648.7
1285960 1648.7
1285970 1642.6
1285980 1638.9
1285990 1638.9
1286000 1637.6
1286010 1635.4
1286020 1635.4
1286030 1628.4
1286040 1619.8
1286050 1619.8
1286060 1613.3
1286070 1609.8
1286080 1609.8
1286090 1608.6
1286100 1608.4
1286110 1608.4
1286120 1610.1
1286130 1611.1
1286140 1611.1
1286150 1610.4
1286160 1609.2
1286170 1609.2
1286180 1607.9
1286190 1606.5
1286200 1606.5
1286210 1606.2
1286220 1606.5
1286230 1608.5
1286240 1608.5
1286250 1615.3
1286260 1621.4
1286270 1621.4
1286280 1622.6
1286290 1623.2
1286300 1623.2
1286310 1623.0
1286320 1623.1
1286330 1623.1
1286340 1623.9
1286350 1618.1
1286360 1618.1
1286370 1617.4
1286380 1612.0
1286390 1612.0
1286400 1608.2
1286410 1607.4
1286420 1607.4
1286430 1607.0
1286440 1606.0
1286450 1606.0
1286460 1604.6
1286470 1602.9
1286480 1602.9
1286490 1601.6
1286500 1601.9
1286510 1601.9
1286520 1601.9
1286530 1604.3
1286540 1606.7
1286550 1606.7
1286560 1606.2
1286570 1605.3
1286580 1605.3
1286590 1604.0
1286600 1602.7
1286610 1602.7
1286620 1600.9
1286630 1599.9
1286640 1599.9
1286650 1600.1
1286660 1600.1
1286670 1600.1
1286680 1600.0
1286690 1598.3
1286700 1598.3
1286710 1598.1
1286720 1596.2
1286730 1596.2
1286740 1595.5
1286750 1598.0
1286760 1598.0
1286770 1598.1
1286780 1598.1
1286790 1598.5
1286800 1598.5
1286810 1597.2
1286820 1596.2
1286830 1596.2
1286840 1595.0
1286850 1595.8
1286860 1595.8
1286870 1595.6
1286880 1595.4
1286890 1595.4
1286900 1594.4
1286910 1592.4
1286920 1592.4
1286930 1590.9
1286940 1588.5
1286950 1588.5
1286960 1586.7
1286970 1585.8
1286980 1585.8
1286990 1586.1
1287000 1578.9
1287010 1578.9
1287020 1577.7
1287030 1577.1
1287040 1577.1
1287050 1577.6
1287060 1576.7
1287070 1576.2
1287080 1576.2
1287090 1576.3
1287100 1576.6
1287110 1576.6
1287120 1577.2
1287130 1578.1
1287140 1578.1
1287150 1579.2
1287160 1580.1
1287170 1580.1
1287180 1580.7
1287190 1580.7
1287200 1580.7
1287210 1581.1
1287220 1581.5
1287230 1581.5
1287240 1582.2
1287250 1583.2
1287260 1583.2
1287270 1583.8
1287280 1584.1
1287290 1584.1
1287300 1584.2
1287310 1585.0
1287320 1585.0
1287330 1585.6
1287340 1587.5
1287350 1589.0
1287360 1589.0
1287370 1591.3
1287380 1593.1
1287390 1593.1
1287400 1593.4
1287410 1593.1
1287420 1593.1
1287430 1592.1
1287440 1592.6
1287450 1592.6
1287460 1592.1
1287470 1590.6
1287480 1590.6
1287490 1590.9
1287500 1594.4
1287510 1594.4
1287520 1595.8
1287530 1595.8
1287540 1595.8
1287550 1595.5
1287560 1594.9
1287570 1594.9
1287580 1594.3
1287590 1593.7
1287600 1593.7
1287610 1592.9
1287620 1591.3
1287630 1588.2
1287640 1588.2
1287650 1579.0
1287660 1573.8
1287670 1573.8
1287680 1568.0
1287690 1563.5
1287700 1563.5
1287710 1562.3
1287720 1565.6
1287730 1565.6
1287740 1570.0
1287750 1573.5
1287760 1573.5
1287770 1576.9
1287780 1580.8
1287790 1580.8
1287800 1584.3
1287810 1586.8
1287820 1586.8
1287830 1588.1
1287840 1588.2
1287850 1588.2
1287860 1586.6
1287870 1583.6
1287880 1583.6
1287890 1579.3
1287900 1575.3
1287910 1572.0
1287920 1572.0
1287930 1569.1
1287940 1566.7
1287950 1566.7
1287960 1564.8
1287970 1563.8
1287980 1563.8
1287990 1563.2
1288000 1563.0
1288010 1563.0
1288020 1562.6
1288030 1562.5
1288040 1562.5
1288050 1563.0
1288060 1563.6
1288070 1563.6
1288080 1563.1
1288090 1560.8
1288100 1560.8
1288110 1557.9
1288120 1555.3
1288130 1555.3
1288140 1553.1
1288150 1551.6
1288160 1551.6
1288170 1550.3
1288180 1549.0
1288190 1547.6
1288200 1547.6
1288210 1546.0
1288220 1544.6
1288230 1544.6
1288240 1542.9
1288250 1541.0
1288260 1541.0
1288270 1538.5
1288280 1535.5
1288290 1530.5
1288300 1525.8
1288310 1521.6
1288320 1521.6
1288330 1518.4
1288340 1514.7
1288350 1514.7
1288360 1510.7
1288370 1507.7
1288380 1507.7
1288390 1506.1
1288400 1505.7
1288410 1505.7
1288420 1506.4
1288430 1506.2
1288440 1506.2
1288450 1506.3
1288460 1508.3
1288470 1512.3
1288480 1512.3
1288490 1514.9
1288500 1515.0
1288510 1515.0
1288520 1514.6
1288530 1513.6
1288540 1513.6
1288550 1512.3
1288560 1511.4
1288570 1511.4
1288580 1510.0
1288590 1508.4
1288600 1508.4
1288610 1507.5
1288620 1505.7
1288630 1505.7
1288640 1503.2
1288650 1500.4
1288660 1500.4
1288670 1497.8
1288680 1495.5
1288690 1495.5
1288700 1492.8
1288710 1490.9
1288720 1490.9
1288730 1490.4
1288740 1489.0
1288750 1487.5
1288760 1487.5
1288770 1485.6
1288780 1484.8
1288790 1484.8
1288800 1484.9
1288810 1485.0
1288820 1485.0
1288830 1486.5
1288840 1489.2
1288850 1489.2
1288860 1487.9
1288870 1483.2
1288880 1483.2
1288890 1477.8
1288900 1475.3
1288910 1475.3
1288920 1473.4
1288930 1471.5
1288940 1472.0
1288950 1471.3
1288960 1470.7
1288970 1470.7
1288980 1469.0
1288990 1466.0
1289000 1466.0
1289010 1463.2
1289020 1462.1
1289030 1461.7
1289040 1461.7
1289050 1461.2
1289060 1461.0
1289070 1461.0
1289080 1459.6
1289090 1457.4
1289100 1457.4
1289110 1454.9
1289120 1452.8
1289130 1452.8
1289140 1451.8
1289150 1450.8
1289160 1450.8
1289170 1450.5
1289180 1450.6
1289190 1450.6
1289200 1449.9
1289210 1448.2
1289220 1448.2
1289230 1446.3
1289240 1445.6
1289250 1445.6
1289260 1447.2
1289270 1448.4
1289280 1448.4
1289290 1448.5
1289300 1449.0
1289310 1450.0
1289320 1450.0
1289330 1450.3
1289340 1451.8
1289350 1451.8
1289360 1454.4
1289370 1456.8
1289380 1456.8
1289390 1459.1
1289400 1461.6
1289410 1461.6
1289420 1464.4
1289430 1467.0
1289440 1467.0
1289450 1469.7
1289460 1472.9
1289470 1472.9
1289480 1476.2
1289490 1479.2
1289500 1479.2
1289510 1481.5
1289520 1482.4
1289530 1482.4
1289540 1482.1
1289550 1481.2
1289560 1481.2
1289570 1480.8
1289580 1480.9
1289590 1480.6
1289600 1477.8
1289610 1478.2
1289620 1479.0
1289630 1479.0
1289640 1479.3
1289650 1480.3
1289660 1480.3
1289670 1482.7
1289680 1486.0
1289690 1486.0
1289700 1488.1
1289710 1489.0
1289720 1489.0
1289730 1488.8
1289740 1488.7
1289750 1488.7
1289760 1489.1
1289770 1489.1
1289780 1489.1
1289790 1488.1
1289800 1486.7
1289810 1486.7
1289820 1488.9
1289830 1491.1
1289840 1491.1
1289850 1493.7
1289860 1495.9
1289870 1498.0
1289880 1498.0
1289890 1500.4
1289900 1502.8
1289910 1502.8
1289920 1505.3
1289930 1507.9
1289940 1507.9
1289950 1510.1
1289960 1512.5
1289970 1512.5
1289980 1515.1
1289990 1517.8
1290000 1517.8
1290010 1520.9
1290020 1524.1
1290030 1524.1
1290040 1527.4
1290050 1530.2
1290060 1530.2
1290070 1532.6
1290080 1535.3
1290090 1535.3
1290100 1538.2
1290110 1541.1
1290120 1541.1
1290130 1544.0
1290140 1546.6
1290150 1549.8
1290160 1549.8
1290170 1551.5
1290180 1552.4
1290190 1552.4
1290200 1553.9
1290210 1556.0
1290220 1556.0
1290230 1559.2
1290240 1561.0
1290250 1562.1
1290260 1561.9
1290270 1561.7
1290280 1561.7
1290290 1562.3
1290300 1563.6
1290310 1563.6
1290320 1560.6
1290330 1558.2
1290340 1558.2
1290350 1557.0
1290360 1555.8
1290370 1555.8
1290380 1554.8
1290390 1551.8
1290400 1551.8
1290410 1542.6
1290420 1539.9
1290430 1544.7
1290440 1544.7
1290450 1548.2
1290460 1549.2
1290470 1549.2
1290480 1545.8
1290490 1541.7
1290500 1541.7
1290510 1542.8
1290520 1546.5
1290530 1546.5
1290540 1548.8
1290550 1548.7
1290560 1548.7
1290570 1548.3
1290580 1545.8
1290590 1545.8
1290600 1540.3
1290610 1538.2
1290620 1538.2
1290630 1539.0
1290640 1539.1
1290650 1539.1
1290660 1538.2
1290670 1537.7
1290680 1537.7
1290690 1537.6
1290700 1537.2
1290710 1538.0
1290720 1538.0
1290730 1539.6
1290740 1541.6
1290750 1541.6
1290760 1537.8
1290770 1529.5
1290780 1529.5
1290790 1526.4
1290800 1527.0
1290810 1527.0
1290820 1529.3
1290830 1531.9
1290840 1531.9
1290850 1534.0
1290860 1535.2
1290870 1535.2
1290880 1534.9
1290890 1531.6
1290900 1531.6
1290910 1519.8
1290920 1521.5
1290930 1521.5
1290940 1522.3
1290950 1520.9
1290960 1520.9
1290970 1516.0
1290980 1508.9
1290990 1504.6
1291000 1504.6
1291010 1503.5
1291020 1502.4
1291030 1502.4
1291040 1499.6
1291050 1500.9
1291060 1500.9
1291070 1503.7
1291080 1503.0
1291090 1503.0
1291100 1501.0
1291110 1503.1
1291120 1503.1
1291130 1504.8
1291140 1504.6
1291150 1504.6
1291160 1504.9
1291170 1503.9
1291180 1503.9
1291190 1501.7
1291200 1504.6
1291210 1504.6
1291220 1508.0
1291230 1508.4
1291240 1508.4
1291250 1505.4
1291260 1498.5
1291270 1488.7
1291280 1488.7
1291290 1476.9
1291300 1466.7
1291310 1466.7
1291320 1458.4
1291330 1450.9
1291340 1450.9
1291350 1444.3
1291360 1438.7
1291370 1438.7
1291380 1436.0
1291390 1436.2
1291400 1436.2
1291410 1437.1
1291420 1440.0
1291430 1440.0
1291440 1444.9
1291450 1449.0
1291460 1449.0
1291470 1450.2
1291480 1448.2
1291490 1448.2
1291500 1445.1
1291510 1441.1
1291520 1441.1
1291530 1437.8
1291540 1435.5
1291550 1433.2
1291560 1433.2
1291570 1422.2
1291580 1418.7
1291590 1418.7
1291600 1415.5
1291610 1412.0
1291620 1412.0
1291630 1407.3
1291640 1400.9
1291650 1400.9
1291660 1393.9
1291670 1388.1
1291680 1388.1
1291690 1384.5
1291700 1386.5
1291710 1386.5
1291720 1386.9
1291730 1382.9
1291740 1382.9
1291750 1377.1
1291760 1379.6
1291770 1379.6
1291780 1376.6
1291790 1371.5
1291800 1371.5
1291810 1367.5
1291820 1362.7
1291830 1365.9
1291840 1365.9
1291850 1365.2
1291860 1363.1
1291870 1363.1
1291880 1361.4
1291890 1358.8
1291900 1358.8
1291910 1357.1
1291920 1356.2
1291930 1356.2
1291940 1352.5
1291950 1346.0
1291960 1346.0
1291970 1338.8
1291980 1332.2
1291990 1332.2
1292000 1328.0
1292010 1324.2
1292020 1324.2
1292030 1317.6
1292040 1315.4
1292050 1315.4
1292060 1316.7
1292070 1319.6
1292080 1319.6
1292090 1323.7
1292100 1325.9
1292110 1322.5
1292120 1322.5
1292130 1314.3
1292140 1305.6
1292150 1305.6
1292160 1304.8
1292170 1309.3
1292180 1309.3
1292190 1313.5
1292200 1317.2
1292210 1317.2
1292220 1318.6
1292230 1307.9
1292240 1307.9
1292250 1303.6
1292260 1307.8
1292270 1307.8
1292280 1315.2
1292290 1322.3
1292300 1322.3
1292310 1327.4
1292320 1326.7
1292330 1326.7
1292340 1318.7
1292350 1311.0
1292360 1311.0
1292370 1311.6
1292380 1311.2
1292390 1312.0
1292400 1312.0
1292410 1312.0
1292420 1307.0
1292430 1307.0
1292440 1305.1
1292450 1300.6
1292460 1300.6
1292470 1298.2
1292480 1303.2
1292490 1303.2
1292500 1303.1
1292510 1298.8
1292520 1298.8
1292530 1297.4
1292540 1293.8
1292550 1293.8
1292560 1289.3
1292570 1284.2
1292580 1284.2
1292590 1279.8
1292600 1276.2
1292610 1276.2
1292620 1272.6
1292630 1268.1
1292640 1268.1
1292650 1263.7
1292660 1260.8
1292670 1258.1
1292680 1258.1
1292690 1253.5
1292700 1249.5
1292710 1249.5
1292720 1243.1
1292730 1237.9
1292740 1237.9
1292750 1236.9
1292760 1237.6
1292770 1237.6
1292780 1236.0
1292790 1233.1
1292800 1233.1
1292810 1231.1
1292820 1231.8
1292830 1231.8
1292840 1228.7
1292850 1221.0
1292860 1221.0
1292870 1214.2
1292880 1212.6
1292890 1212.6
1292900 1201.9
1292910 1202.1
1292920 1202.1
1292930 1200.1
1292940 1197.7
1292950 1195.6
1292960 1195.6
1292970 1194.9
1292980 1194.4
1292990 1194.4
1293000 1191.1
1293010 1187.5
1293020 1187.5
1293030 1182.4
1293040 1176.0
1293050 1176.0
1293060 1164.2
1293070 1158.1
1293080 1158.1
1293090 1157.2
1293100 1154.0
1293110 1154.0
1293120 1148.1
1293130 1145.6
1293140 1145.6
1293150 1142.1
1293160 1138.2
1293170 1138.2
1293180 1133.8
1293190 1132.9
1293200 1132.9
1293210 1131.7
1293220 1129.6
1293230 1126.2
1293240 1126.2
1293250 1124.2
1293260 1122.6
1293270 1122.6
1293280 1121.3
1293290 1119.5
1293300 1119.5
1293310 1117.6
1293320 1114.6
1293330 1114.6
1293340 1112.5
1293350 1110.6
1293360 1110.6
1293370 1108.7
1293380 1105.6
1293390 1105.6
1293400 1102.8
1293410 1101.0
1293420 1101.0
1293430 1100.3
1293440 1099.5
1293450 1099.5
1293460 1097.9
1293470 1096.6
1293480 1096.6
1293490 1094.5
1293500 1090.5
1293510 1085.7
1293520 1085.7
1293530 1078.6
1293540 1070.9
1293550 1070.9
1293560 1063.6
1293570 1052.9
1293580 1052.9
1293590 1048.4
1293600 1046.7
1293610 1046.7
1293620 1046.9
1293630 1046.6
1293640 1046.6
1293650 1043.2
1293660 1040.1
1293670 1040.1
1293680 1034.6
1293690 1031.6
1293700 1031.6
1293710 1029.1
1293720 1025.8
1293730 1025.8
1293740 1022.6
1293750 1020.8
1293760 1020.8
1293770 1019.8
1293780 1018.5
1293790 1015.8
1293800 1015.8
1293810 1013.6
1293820 1011.9
1293830 1011.9
1293840 1006.9
1293850 1007.3
1293860 1007.3
1293870 1006.5
1293880 1003.8
1293890 1003.8
1293900 1001.2
1293910 999.4
1293920 999.4
1293930 998.8
1293940 998.1
1293950 998.1
1293960 996.1
1293970 994.3
1293980 994.3
1293990 996.8
1294000 1000.8
1294010 1000.8
1294020 1005.2
1294030 1004.8
1294040 1004.8
1294050 1001.6
1294060 997.1
1294070 991.1
1294080 991.1
1294090 985.4
1294100 982.4
1294110 982.4
1294120 976.8
1294130 970.9
1294140 970.9
1294150 969.3
1294160 966.9
1294170 966.9
1294180 962.5
1294190 959.8
1294200 959.8
1294210 958.5
1294220 956.6
1294230 956.6
1294240 945.3
1294250 941.9
1294260 941.9
1294270 937.6
1294280 934.0
1294290 934.0
1294300 931.4
1294310 928.8
1294320 928.8
1294330 925.8
1294340 922.5
1294350 919.3
1294360 919.3
1294370 916.1
1294380 912.8
1294390 912.8
1294400 908.2
1294410 903.7
1294420 903.7
1294430 900.8
1294440 899.1
1294450 899.1
1294460 896.5
1294470 894.6
1294480 894.6
1294490 893.0
1294500 891.4
1294510 891.4
1294520 889.7
1294530 888.3
1294540 888.3
1294550 887.0
1294560 885.7
1294570 885.7
1294580 883.7
1294590 881.8
1294600 881.8
1294610 879.8
1294620 877.8
1294630 876.0
1294640 876.0
1294650 875.1
1294660 874.4
1294670 874.4
1294680 873.6
1294690 872.9
1294700 872.9
1294710 872.3
1294720 870.9
1294730 870.9
1294740 869.2
1294750 867.7
1294760 867.7
1294770 866.5
1294780 865.3
1294790 865.3
1294800 865.0
1294810 864.8
1294820 864.8
1294830 864.5
1294840 864.4
1294850 864.4
1294860 864.1
1294870 863.6
1294880 863.6
1294890 863.3
1294900 863.2
1294910 861.0
1294920 861.0
1294930 862.0
1294940 862.7
1294950 862.7
1294960 863.4
1294970 864.5
1294980 864.5
1294990 865.3
1295000 863.2
1295010 863.2
1295020 859.8
1295030 858.3
1295040 858.3
1295050 858.6
1295060 860.1
1295070 860.1
1295080 862.2
1295090 863.7
1295100 863.7
1295110 864.2
1295120 864.5
1295130 864.5
1295140 864.3
1295150 864.1
1295160 864.1
1295170 863.7
1295180 863.1
1295190 862.5
1295200 862.5
1295210 862.0
1295220 861.6
1295230 861.6
1295240 861.3
1295250 860.9
1295260 860.9
1295270 860.7
1295280 860.7
1295290 860.7
1295300 860.6
1295310 860.3
1295320 860.3
1295330 859.8
1295340 859.1
1295350 859.1
1295360 858.3
1295370 857.2
1295380 857.2
1295390 856.0
1295400 854.7
1295410 854.7
1295420 853.4
1295430 851.7
1295440 851.7
1295450 849.8
1295460 848.7
1295470 847.8
1295480 847.8
1295490 846.6
1295500 845.4
1295510 845.4
1295520 844.0
1295530 842.5
1295540 842.5
1295550 841.2
1295560 840.0
1295570 840.0
1295580 837.3
1295590 836.5
1295600 836.5
1295610 835.8
1295620 835.1
1295630 835.1
1295640 834.4
1295650 833.8
1295660 833.8
1295670 833.0
1295680 832.5
1295690 832.5
1295700 831.9
1295710 831.2
1295720 831.2
1295730 830.4
1295740 829.4
1295750 828.4
1295760 828.4
1295770 827.3
1295780 826.0
1295790 826.0
1295800 824.6
1295810 823.2
1295820 823.2
1295830 821.8
1295840 820.4
1295850 820.4
1295860 819.0
1295870 817.5
1295880 817.5
1295890 816.0
1295900 814.7
1295910 814.7
1295920 813.6
1295930 812.3
1295940 812.3
1295950 811.1
1295960 809.9
1295970 809.9
1295980 808.8
1295990 807.4
1296000 807.4
1296010 805.9
1296020 804.5
1296030 803.4
1296040 803.4
1296050 802.5
1296060 802.0
1296070 802.0
1296080 802.1
1296090 802.0
1296100 802.0
1296110 802.1
1296120 802.0
1296130 802.0
1296140 802.0
1296150 802.4
1296160 802.4
1296170 802.6
1296180 802.5
1296190 802.5
1296200 802.3
1296210 802.1
1296220 802.1
1296230 802.2
1296240 802.2
1296250 802.2
1296260 802.0
1296270 802.0
1296280 802.0
1296290 802.0
1296300 802.6
1296310 803.7
1296320 803.7
1296330 805.1
1296340 806.6
1296350 806.6
1296360 808.1
1296370 809.3
1296380 809.3
1296390 810.6
1296400 811.9
1296410 811.9
1296420 813.1
1296430 814.4
1296440 814.4
1296450 815.6
1296460 816.7
1296470 816.7
1296480 817.6
1296490 818.5
1296500 818.5
1296510 818.7
1296520 816.1
1296530 816.1
1296540 812.1
1296550 809.3
1296560 809.3
1296570 806.3
1296580 802.8
1296590 801.8
1296600 801.8
1296610 802.0
1296620 803.0
1296630 803.0
1296640 807.2
1296650 805.7
1296660 805.7
1296670 801.7
1296680 800.2
1296690 800.2
1296700 800.2
1296710 798.8
1296720 798.8
1296730 797.6
1296740 798.9
1296750 798.9
1296760 802.2
1296770 803.2
1296780 803.2
1296790 801.5
1296800 802.3
1296810 802.3
1296820 804.2
1296830 806.0
1296840 806.0
1296850 805.0
1296860 800.1
1296870 794.0
1296880 794.0
1296890 787.5
1296900 781.3
1296910 781.3
1296920 775.8
1296930 777.1
1296940 777.1
1296950 775.1
1296960 771.9
1296970 771.9
1296980 769.0
1296990 767.0
1297000 767.0
1297010 764.1
1297020 760.0
1297030 760.0
1297040 755.3
1297050 750.6
1297060 750.6
1297070 746.5
1297080 742.5
1297090 742.5
1297100 737.5
1297110 732.4
1297120 732.4
1297130 727.5
1297140 723.3
1297150 719.1
1297160 719.1
1297170 714.8
1297180 711.3
1297190 711.3
1297200 708.2
1297210 705.2
1297220 705.2
1297230 701.8
1297240 698.3
1297250 698.3
1297260 695.0
1297270 691.5
1297280 691.5
1297290 687.9
1297300 685.3
1297310 685.3
1297320 683.1
1297330 680.9
1297340 680.9
1297350 678.7
1297360 676.7
1297370 676.7
1297380 674.8
1297390 673.0
1297400 673.0
1297410 670.5
1297420 668.2
1297430 666.1
1297440 666.1
1297450 664.1
1297460 662.2
1297470 662.2
1297480 660.3
1297490 658.5
1297500 658.5
1297510 656.8
1297520 653.1
1297530 653.1
1297540 645.2
1297550 637.2
1297560 637.2
1297570 629.1
1297580 621.0
1297590 621.0
1297600 613.8
1297610 606.5
1297620 610.6
1297630 603.6
1297640 596.5
1297650 596.5
1297660 589.3
1297670 584.4
1297680 584.4
1297690 582.8
1297700 581.6
1297710 581.2
1297720 581.2
1297730 581.2
1297740 581.1
1297750 581.1
1297760 580.2
1297770 576.3
1297780 576.3
1297790 576.7
1297800 579.7
1297810 579.7
1297820 586.2
1297830 590.6
1297840 590.6
1297850 589.6
1297860 587.1
1297870 587.1
1297880 585.8
1297890 585.5
1297900 585.5
1297910 586.4
1297920 591.3
1297930 591.3
1297940 593.6
1297950 591.3
1297960 591.3
1297970 589.5
1297980 589.0
1297990 588.3
1298000 588.3
1298010 588.2
1298020 588.0
1298030 588.0
1298040 587.9
1298050 587.4
1298060 587.4
1298070 586.1
1298080 582.0
1298090 582.0
1298100 575.9
1298110 573.2
1298120 573.2
1298130 572.5
1298140 570.8
1298150 570.8
1298160 569.9
1298170 569.8
1298180 569.8
1298190 569.7
1298200 569.5
1298210 569.5
1298220 569.1
1298230 568.6
1298240 568.6
1298250 568.1
1298260 568.4
1298270 568.7
1298280 568.7
1298290 569.5
1298300 571.6
1298310 571.6
1298320 570.7
1298330 570.8
1298340 570.8
1298350 569.8
1298360 571.7
1298370 571.7
1298380 572.8
1298390 569.9
1298400 569.9
1298410 569.0
1298420 568.5
1298430 568.5
1298440 568.2
1298450 567.6
1298460 567.6
1298470 566.8
1298480 566.5
1298490 566.5
1298500 566.7
1298510 566.7
1298520 566.7
1298530 566.8
1298540 566.8
1298550 566.8
1298560 566.8
1298570 566.8
1298580 566.8
1298590 566.8
1298600 566.8
1298610 566.9
1298620 566.9
1298630 566.9
1298640 566.9
1298650 566.9
1298660 567.0
1298670 567.0
1298680 567.0
1298690 566.9
1298700 567.6
1298710 567.6
1298720 574.6
1298730 585.4
1298740 585.4
1298750 597.0
1298760 603.0
1298770 603.0
1298780 604.1
1298790 604.2
1298800 604.2
1298810 603.9
1298820 603.8
1298830 603.7
1298840 603.7
1298850 603.4
1298860 603.0
1298870 603.0
1298880 602.7
1298890 602.3
1298900 602.3
1298910 602.0
1298920 601.7
1298930 601.7
1298940 601.3
1298950 601.0
1298960 601.0
1298970 600.7
1298980 600.1
1298990 600.1
1299000 599.7
1299010 599.5
1299020 599.5
1299030 599.1
1299040 598.9
1299050 598.9
1299060 598.6
1299070 598.2
1299080 598.2
1299090 598.0
1299100 597.7
1299110 597.3
1299120 597.3
1299130 596.9
1299140 596.6
1299150 596.6
1299160 596.2
1299170 595.8
1299180 595.8
1299190 595.5
1299200 595.3
1299210 595.3
1299220 594.9
1299230 594.4
1299240 594.4
1299250 594.0
1299260 593.6
1299270 593.6
1299280 593.1
1299290 592.7
1299300 592.7
1299310 592.3
1299320 591.9
1299330 591.9
1299340 591.7
1299350 591.6
1299360 591.6
1299370 591.4
1299380 591.1
1299390 590.7
1299400 590.7
1299410 590.3
1299420 589.9
1299430 589.9
1299440 589.6
1299450 589.3
1299460 589.3
1299470 588.8
1299480 588.4
1299490 588.4
1299500 588.0
1299510 587.6
1299520 587.6
1299530 587.1
1299540 586.6
1299550 586.6
1299560 586.1
1299570 585.7
1299580 585.7
1299590 585.3
1299600 584.9
1299610 584.9
1299620 584.5
1299630 584.1
1299640 584.1
1299650 584.1
1299660 584.1
1299670 583.0
1299680 583.0
1299690 582.6
1299700 582.1
1299710 582.1
1299720 581.7
1299730 581.3
1299740 581.3
1299750 581.0
1299760 580.6
1299770 580.6
1299780 580.2
1299790 579.8
1299800 579.8
1299810 579.4
1299820 579.2
1299830 579.2
1299840 578.7
1299850 578.2
1299860 578.2
1299870 577.7
1299880 577.2
1299890 577.2
1299900 576.8
1299910 576.5
1299920 576.5
1299930 576.3
1299940 576.2
1299950 575.5
1299960 575.5
1299970 574.9
1299980 574.5
1299990 574.5
