1280000 2122.8
1280010 2124.4
1280020 2129.9
1280030 2129.9
1280040 2147.4
1280050 2163.8
1280060 2163.8
1280070 2168.3
1280080 2166.1
1280090 2184.8
1280100 2184.8
1280110 2196.5
1280120 2197.9
1280130 2197.9
1280140 2184.7
1280150 2187.1
1280160 2187.1
1280170 2199.7
1280180 2197.9
1280190 2197.9
1280200 2203.6
1280210 2207.4
1280220 2207.4
1280230 2215.5
1280240 2219.8
1280250 2219.8
1280260 2208.9
1280270 2213.4
1280280 2213.4
1280290 2202.6
1280300 2187.4
1280310 2187.4
1280320 2176.5
1280330 2167.5
1280340 2170.3
1280350 2160.0
1280360 2151.8
1280370 2151.8
1280380 2143.5
1280390 2137.7
1280400 2130.6
1280410 2130.6
1280420 2117.6
1280430 2113.5
1280440 2113.5
1280450 2112.0
1280460 2106.9
1280470 2106.9
1280480 2102.7
1280490 2112.5
1280500 2112.5
1280510 2143.9
1280520 2164.0
1280530 2164.0
1280540 2156.5
1280550 2149.9
1280560 2149.9
1280570 2147.7
1280580 2146.0
1280590 2146.0
1280600 2141.5
1280610 2137.4
1280620 2137.4
1280630 2134.7
1280640 2136.7
1280650 2136.7
1280660 2140.3
1280670 2142.5
1280680 2150.1
1280690 2150.1
1280700 2159.5
1280710 2158.7
1280720 2158.7
1280730 2152.9
1280740 2147.1
1280750 2147.1
1280760 2139.5
1280770 2128.9
1280780 2128.9
1280790 2117.7
1280800 2108.0
1280810 2108.0
1280820 2099.1
1280830 2089.8
1280840 2089.8
1280850 2086.4
1280860 2088.7
1280870 2088.7
1280880 2098.6
1280890 2103.8
1280900 2103.8
1280910 2099.6
1280920 2093.0
1280930 2093.0
1280940 2086.5
1280950 2079.3
1280960 2085.0
1280970 2085.0
1280980 2083.8
1280990 2080.9
1281000 2080.9
1281010 2085.0
1281020 2093.9
1281030 2093.9
1281040 2100.2
1281050 2109.9
1281060 2109.9
1281070 2116.9
1281080 2125.2
1281090 2125.2
1281100 2128.9
1281110 2127.5
1281120 2127.5
1281130 2111.0
1281140 2103.4
1281150 2103.4
1281160 2098.2
1281170 2087.3
1281180 2087.3
1281190 2074.5
1281200 2066.9
1281210 2066.9
1281220 2061.2
1281230 2058.7
1281240 2057.8
1281250 2057.8
1281260 2058.6
1281270 2063.1
1281280 2063.1
1281290 2070.4
1281300 2074.8
1281310 2074.8
1281320 2079.0
1281330 2076.3
1281340 2076.3
1281350 2074.0
1281360 2072.6
1281370 2072.6
1281380 2064.0
1281390 2055.2
1281400 2055.2
1281410 2045.6
1281420 2042.9
1281430 2042.9
1281440 2042.2
1281450 2041.9
1281460 2041.9
1281470 2029.6
1281480 2012.5
1281490 2012.5
1281500 1999.0
1281510 1983.7
1281520 1971.2
1281530 1971.2
1281540 1964.1
1281550 1960.9
1281560 1960.9
1281570 1964.1
1281580 1968.8
1281590 1999.8
1281600 2012.8
1281610 2037.4
1281620 2037.4
1281630 2050.4
1281640 2058.0
1281650 2058.0
1281660 2046.9
1281670 2055.8
1281680 2055.8
1281690 2067.5
1281700 2065.0
1281710 2065.0
1281720 2066.7
1281730 2058.3
1281740 2058.3
1281750 2040.6
1281760 2035.1
1281770 2035.1
1281780 2052.0
1281790 2063.0
1281800 2063.0
1281810 2064.5
1281820 2063.7
1281830 2062.2
1281840 2062.2
1281850 2067.8
1281860 2073.1
1281870 2073.1
1281880 2073.4
1281890 2068.3
1281900 2068.3
1281910 2060.1
1281920 2054.4
1281930 2054.4
1281940 2042.2
1281950 2030.5
1281960 2030.5
1281970 2027.3
1281980 2023.1
1281990 2023.1
1282000 2023.1
1282010 2023.3
1282020 2023.3
1282030 2022.7
1282040 2022.2
1282050 2022.2
1282060 2022.6
1282070 2027.9
1282080 2027.9
1282090 2039.7
1282100 2046.4
1282110 2043.5
1282120 2043.5
1282130 2037.9
1282140 2023.1
1282150 2023.1
1282160 2013.2
1282170 2024.7
1282180 2024.7
1282190 2032.4
1282200 2032.6
1282210 2032.6
1282220 2046.7
1282230 2043.6
1282240 2043.6
1282250 2043.6
1282260 2035.4
1282270 2035.4
1282280 2010.1
1282290 1995.7
1282300 1995.7
1282310 1988.9
1282320 1986.7
1282330 1986.7
1282340 1985.1
1282350 1979.0
1282360 1979.0
1282370 1980.5
1282380 1983.4
1282390 1982.2
1282400 1982.2
1282410 1981.8
1282420 1984.0
1282430 1984.0
1282440 1994.7
1282450 2002.0
1282460 2002.0
1282470 2009.2
1282480 2025.2
1282490 2025.2
1282500 2057.2
1282510 2089.7
1282520 2089.7
1282530 2096.6
1282540 2094.5
1282550 2094.5
1282560 2091.5
1282570 2088.7
1282580 2088.7
1282590 2094.4
1282600 2101.5
1282610 2101.5
1282620 2100.0
1282630 2107.2
1282640 2107.2
1282650 2122.5
1282660 2130.6
1282670 2137.5
1282680 2137.5
1282690 2145.1
1282700 2154.2
1282710 2154.2
1282720 2156.5
1282730 2149.7
1282740 2149.7
1282750 2141.8
1282760 2134.1
1282770 2134.1
1282780 2128.2
1282790 2123.0
1282800 2123.0
1282810 2114.8
1282820 2102.8
1282830 2102.8
1282840 2093.3
1282850 2088.7
1282860 2088.7
1282870 2082.4
1282880 2074.4
1282890 2074.4
1282900 2069.5
1282910 2069.8
1282920 2069.8
1282930 2072.0
1282940 2072.0
1282950 2068.7
1282960 2068.7
1282970 2065.6
1282980 2065.2
1282990 2065.2
1283000 2062.5
1283010 2066.2
1283020 2066.2
1283030 2073.9
1283040 2081.8
1283050 2081.8
1283060 2089.5
1283070 2098.8
1283080 2098.8
1283090 2109.2
1283100 2120.3
1283110 2120.3
1283120 2130.1
1283130 2133.9
1283140 2133.9
1283150 2135.7
1283160 2136.0
1283170 2136.0
1283180 2136.9
1283190 2139.6
1283200 2139.6
1283210 2144.8
1283220 2151.2
1283230 2152.6
1283240 2152.6
1283250 2141.2
1283260 2130.5
1283270 2130.5
1283280 2119.6
1283290 2113.9
1283300 2113.9
1283310 2108.3
1283320 2102.3
1283330 2102.3
1283340 2097.9
1283350 2098.9
1283360 2098.9
1283370 2101.5
1283380 2103.9
1283390 2103.9
1283400 2106.6
1283410 2106.6
1283420 2106.6
1283430 2102.5
1283440 2100.5
1283450 2100.5
1283460 2101.9
1283470 2097.6
1283480 2105.1
1283490 2097.6
1283500 2096.0
1283510 2096.0
1283520 2092.8
1283530 2090.4
1283540 2089.3
1283550 2089.3
1283560 2088.4
1283570 2088.7
1283580 2088.7
1283590 2094.3
1283600 2090.7
1283610 2090.7
1283620 2084.8
1283630 2084.6
1283640 2084.6
1283650 2091.4
1283660 2103.6
1283670 2103.6
1283680 2102.9
1283690 2095.6
1283700 2095.6
1283710 2094.6
1283720 2090.3
1283730 2090.3
1283740 2082.4
1283750 2075.6
1283760 2075.6
1283770 2072.9
1283780 2071.9
1283790 2071.9
1283800 2073.4
1283810 2076.1
1283820 2080.4
1283830 2080.4
1283840 2089.9
1283850 2097.4
1283860 2097.4
1283870 2102.6
1283880 2099.9
1283890 2099.9
1283900 2085.9
1283910 2069.2
1283920 2069.2
1283930 2057.7
1283940 2046.6
1283950 2046.6
1283960 2039.2
1283970 2034.1
1283980 2034.1
1283990 2024.3
1284000 2013.3
1284010 2013.3
1284020 2002.8
1284030 1992.4
1284040 1992.4
1284050 1983.0
1284060 1972.9
1284070 1972.9
1284080 1963.6
1284090 1954.8
1284100 1946.2
1284110 1946.2
1284120 1946.7
1284130 1938.9
1284140 1938.9
1284150 1932.8
1284160 1922.3
1284170 1922.3
1284180 1911.9
1284190 1903.1
1284200 1903.1
1284210 1892.9
1284220 1889.4
1284230 1889.4
1284240 1886.0
1284250 1878.0
1284260 1878.0
1284270 1869.1
1284280 1859.7
1284290 1859.7
1284300 1854.4
1284310 1851.8
1284320 1851.8
1284330 1847.1
1284340 1840.0
1284350 1840.0
1284360 1829.7
1284370 1825.1
1284380 1819.4
1284390 1819.4
1284400 1812.8
1284410 1802.8
1284420 1802.8
1284430 1796.5
1284440 1795.3
1284450 1795.3
1284460 1794.6
1284470 1798.3
1284480 1798.3
1284490 1795.1
1284500 1785.2
1284510 1785.2
1284520 1776.0
1284530 1764.1
1284540 1764.1
1284550 1753.9
1284560 1744.6
1284570 1744.6
1284580 1737.8
1284590 1732.3
1284600 1732.3
1284610 1731.4
1284620 1737.9
1284630 1737.9
1284640 1741.9
1284650 1738.8
1284660 1712.1
1284670 1712.1
1284680 1682.3
1284690 1659.5
1284700 1659.5
1284710 1654.0
1284720 1650.3
1284730 1650.3
1284740 1645.7
1284750 1640.8
1284760 1640.8
1284770 1633.3
1284780 1619.1
1284790 1619.1
1284800 1604.1
1284810 1593.1
1284820 1593.1
1284830 1580.0
1284840 1568.0
1284850 1568.0
1284860 1561.2
1284870 1549.8
1284880 1549.8
1284890 1535.8
1284900 1526.7
1284910 1526.7
1284920 1519.3
1284930 1512.3
1284940 1514.7
1284950 1514.7
1284960 1517.3
1284970 1515.8
1284980 1515.8
1284990 1511.7
1285000 1504.0
1285010 1504.0
1285020 1497.3
1285030 1494.6
1285040 1494.6
1285050 1492.8
1285060 1492.6
1285070 1492.6
1285080 1491.6
1285090 1489.9
1285100 1489.9
1285110 1490.5
1285120 1492.2
1285130 1492.2
1285140 1487.8
1285150 1482.0
1285160 1482.0
1285170 1478.6
1285180 1476.5
1285190 1476.5
1285200 1466.4
1285210 1454.5
1285220 1454.5
1285230 1458.5
1285240 1464.1
1285250 1464.8
1285260 1464.8
1285270 1470.2
1285280 1489.8
1285290 1489.8
1285300 1515.1
1285310 1532.6
1285320 1532.6
1285330 1537.5
1285340 1538.5
1285350 1538.5
1285360 1536.8
1285370 1535.8
1285380 1535.8
1285390 1555.9
1285400 1548.3
1285410 1548.3
1285420 1548.5
1285430 1552.2
1285440 1552.2
1285450 1552.4
1285460 1545.9
1285470 1545.9
1285480 1530.9
1285490 1517.8
1285500 1517.8
1285510 1505.4
1285520 1508.3
1285530 1529.2
1285540 1529.2
1285550 1536.9
1285560 1534.5
1285570 1534.5
1285580 1530.4
1285590 1525.3
1285600 1525.3
1285610 1520.6
1285620 1513.2
1285630 1513.2
1285640 1505.0
1285650 1501.0
1285660 1501.0
1285670 1501.5
1285680 1500.3
1285690 1500.3
1285700 1498.9
1285710 1497.5
1285720 1497.5
1285730 1494.3
1285740 1490.7
1285750 1490.7
1285760 1488.6
1285770 1485.0
1285780 1485.0
1285790 1480.7
1285800 1479.2
1285810 1476.2
1285820 1476.2
1285830 1470.7
1285840 1465.8
1285850 1465.8
1285860 1464.9
1285870 1464.7
1285880 1464.7
1285890 1461.6
1285900 1460.5
1285910 1460.5
1285920 1456.7
1285930 1452.1
1285940 1452.1
1285950 1447.6
1285960 1441.5
1285970 1441.5
1285980 1439.0
1285990 1436.5
1286000 1436.5
1286010 1434.4
1286020 1431.5
1286030 1431.5
1286040 1440.4
1286050 1438.2
1286060 1438.2
1286070 1436.5
1286080 1433.5
1286090 1421.7
1286100 1421.7
1286110 1409.8
1286120 1402.0
1286130 1402.0
1286140 1384.0
1286150 1366.3
1286160 1366.3
1286170 1358.5
1286180 1359.7
1286190 1359.7
1286200 1360.8
1286210 1362.8
1286220 1362.8
1286230 1365.0
1286240 1370.8
1286250 1370.8
1286260 1377.9
1286270 1382.3
1286280 1382.3
1286290 1378.2
1286300 1368.0
1286310 1368.0
1286320 1359.8
1286330 1362.1
1286340 1362.1
1286350 1364.8
1286360 1365.3
1286370 1364.8
1286380 1364.8
1286390 1359.6
1286400 1351.3
1286410 1351.3
1286420 1343.5
1286430 1335.0
1286440 1335.0
1286450 1327.2
1286460 1330.7
1286470 1330.7
1286480 1341.9
1286490 1338.9
1286500 1338.9
1286510 1333.6
1286520 1327.2
1286530 1327.2
1286540 1321.3
1286550 1316.4
1286560 1316.4
1286570 1311.1
1286580 1305.4
1286590 1305.4
1286600 1299.0
1286610 1295.2
1286620 1295.2
1286630 1291.0
1286640 1286.7
1286650 1286.7
1286660 1281.9
1286670 1275.6
1286680 1268.1
1286690 1268.1
1286700 1262.2
1286710 1256.1
1286720 1256.1
1286730 1249.3
1286740 1242.2
1286750 1242.2
1286760 1236.5
1286770 1230.0
1286780 1230.0
1286790 1220.3
1286800 1209.8
1286810 1209.8
1286820 1202.6
1286830 1196.4
1286840 1196.4
1286850 1191.9
1286860 1197.4
1286870 1197.4
1286880 1213.2
1286890 1212.1
1286900 1212.1
1286910 1203.9
1286920 1188.0
1286930 1188.0
1286940 1144.7
1286950 1109.9
1286960 1102.9
1286970 1102.9
1286980 1098.8
1286990 1095.2
1287000 1095.2
1287010 1091.9
1287020 1091.7
1287030 1091.7
1287040 1105.2
1287050 1112.8
1287060 1112.8
1287070 1113.4
1287080 1110.4
1287090 1110.4
1287100 1105.6
1287110 1089.2
1287120 1089.2
1287130 1092.4
1287140 1104.4
1287150 1104.4
1287160 1107.4
1287170 1102.4
1287180 1102.4
1287190 1102.0
1287200 1098.6
1287210 1098.6
1287220 1092.5
1287230 1089.5
1287240 1078.9
1287250 1078.9
1287260 1070.0
1287270 1070.8
1287280 1070.8
1287290 1073.6
1287300 1056.9
1287310 1056.9
1287320 1068.2
1287330 1070.6
1287340 1070.6
1287350 1063.8
1287360 1067.3
1287370 1067.3
1287380 1065.6
1287390 1066.8
1287400 1066.8
1287410 1071.6
1287420 1071.8
1287430 1071.8
1287440 1068.7
1287450 1066.6
1287460 1066.6
1287470 1067.2
1287480 1066.4
1287490 1066.4
1287500 1062.3
1287510 1055.4
1287520 1062.5
1287530 1062.5
1287540 1069.9
1287550 1074.9
1287560 1074.9
1287570 1076.5
1287580 1074.1
1287590 1074.1
1287600 1068.3
1287610 1061.2
1287620 1061.2
1287630 1054.2
1287640 1049.4
1287650 1049.4
1287660 1043.5
1287670 1040.1
1287680 1040.1
1287690 1039.0
1287700 1037.3
1287710 1037.3
1287720 1034.8
1287730 1034.8
1287740 1034.8
1287750 1030.3
1287760 1022.6
1287770 1022.6
1287780 1014.1
1287790 1001.7
1287800 992.7
1287810 992.7
1287820 1003.1
1287830 1005.5
1287840 1005.5
1287850 1004.2
1287860 1021.0
1287870 1021.0
1287880 1031.6
1287890 1038.0
1287900 1038.0
1287910 1046.5
1287920 1051.8
1287930 1051.8
1287940 1055.1
1287950 1058.7
1287960 1058.7
1287970 1055.6
1287980 1055.8
1287990 1055.8
1288000 1054.3
1288010 1051.7
1288020 1051.7
1288030 1048.8
1288040 1045.4
1288050 1045.4
1288060 1046.7
1288070 1061.0
1288080 1085.3
1288090 1085.3
1288100 1100.4
1288110 1105.7
1288120 1105.7
1288130 1106.5
1288140 1107.3
1288150 1107.3
1288160 1108.7
1288170 1109.1
1288180 1109.1
1288190 1108.9
1288200 1110.2
1288210 1110.2
1288220 1111.5
1288230 1114.3
1288240 1114.3
1288250 1117.3
1288260 1118.7
1288270 1118.7
1288280 1121.0
1288290 1121.7
1288300 1121.7
1288310 1121.4
1288320 1121.9
1288330 1121.9
1288340 1121.1
1288350 1120.4
1288360 1120.4
1288370 1119.5
1288380 1118.9
1288390 1118.3
1288400 1118.3
1288410 1117.2
1288420 1116.6
1288430 1116.6
1288440 1117.4
1288450 1117.6
1288460 1117.6
1288470 1116.6
1288480 1113.4
1288490 1113.4
1288500 1109.5
1288510 1107.0
1288520 1107.0
1288530 1102.8
1288540 1100.0
1288550 1100.0
1288560 1097.7
1288570 1092.0
1288580 1092.0
1288590 1089.0
1288600 1085.0
1288610 1085.0
1288620 1070.2
1288630 1067.3
1288640 1067.3
1288650 1064.3
1288660 1060.4
1288670 1056.8
1288680 1056.8
1288690 1054.5
1288700 1052.7
1288710 1052.7
1288720 1053.2
1288730 1053.4
1288740 1053.4
1288750 1055.0
1288760 1055.9
1288770 1055.9
1288780 1054.3
1288790 1052.8
1288800 1052.8
1288810 1051.5
1288820 1052.6
1288830 1052.6
1288840 1055.1
1288850 1060.5
1288860 1060.5
1288870 1059.1
1288880 1056.9
1288890 1056.9
1288900 1055.2
1288910 1054.4
1288920 1054.4
1288930 1053.0
1288940 1052.2
1288950 1051.8
1288960 1051.8
1288970 1050.8
1288980 1049.8
1288990 1049.8
1289000 1049.1
1289010 1048.0
1289020 1048.0
1289030 1047.5
1289040 1047.4
1289050 1047.4
1289060 1045.7
1289070 1043.1
1289080 1043.1
1289090 1039.9
1289100 1037.0
1289110 1037.0
1289120 1033.7
1289130 1030.7
1289140 1030.7
1289150 1026.6
1289160 1018.6
1289170 1018.6
1289180 1011.0
1289190 1005.3
1289200 1005.3
1289210 1001.8
1289220 1000.6
1289230 1000.6
1289240 1000.6
1289250 1001.7
1289260 1005.5
1289270 993.6
1289280 992.3
1289290 992.7
1289300 992.7
1289310 991.4
1289320 984.4
1289330 984.4
1289340 978.8
1289350 975.2
1289360 975.2
1289370 971.5
1289380 968.0
1289390 968.0
1289400 965.7
1289410 965.7
1289420 965.7
1289430 965.2
1289440 965.3
1289450 965.3
1289460 967.2
1289470 969.5
1289480 969.5
1289490 971.4
1289500 972.9
1289510 971.2
1289520 971.2
1289530 973.8
1289540 975.8
1289550 975.8
1289560 974.1
1289570 974.5
1289580 974.5
1289590 978.4
1289600 981.5
1289610 981.5
1289620 980.8
1289630 980.5
1289640 980.5
1289650 982.1
1289660 988.2
1289670 988.2
1289680 996.7
1289690 998.2
1289700 998.2
1289710 994.7
1289720 992.0
1289730 992.0
1289740 991.4
1289750 990.0
1289760 990.0
1289770 986.4
1289780 987.4
1289790 988.8
1289800 988.8
1289810 987.9
1289820 985.8
1289830 985.8
1289840 982.8
1289850 981.6
1289860 981.6
1289870 982.3
1289880 980.8
1289890 980.8
1289900 973.0
1289910 970.9
1289920 970.9
1289930 959.4
1289940 957.5
1289950 957.5
1289960 962.2
1289970 961.8
1289980 961.8
1289990 948.8
1290000 947.4
1290010 947.4
1290020 953.6
1290030 957.2
1290040 957.2
1290050 954.7
1290060 953.5
1290070 954.1
1290080 954.1
1290090 956.0
1290100 954.3
1290110 954.3
1290120 950.4
1290130 949.4
1290140 949.4
1290150 950.1
1290160 950.5
1290170 950.5
1290180 949.2
1290190 947.6
1290200 947.6
1290210 946.9
1290220 945.5
1290230 945.5
1290240 941.9
1290250 938.7
1290260 938.7
1290270 935.8
1290280 933.3
1290290 933.3
1290300 932.2
1290310 934.4
1290320 934.4
1290330 939.7
1290340 937.9
1290350 937.9
1290360 934.0
1290370 929.1
1290380 928.9
1290390 928.9
1290400 932.2
1290410 933.0
1290420 933.0
1290430 930.0
1290440 928.7
1290450 928.7
1290460 929.1
1290470 928.8
1290480 928.8
1290490 928.1
1290500 928.5
1290510 928.5
1290520 924.7
1290530 914.0
1290540 914.0
1290550 902.8
1290560 894.7
1290570 894.7
1290580 886.1
1290590 881.9
1290600 881.9
1290610 881.1
1290620 886.8
1290630 886.8
1290640 899.0
1290650 908.7
1290660 909.8
1290670 909.8
1290680 903.1
1290690 895.1
1290700 895.1
1290710 889.9
1290720 885.7
1290730 885.7
1290740 881.1
1290750 878.1
1290760 878.1
1290770 876.4
1290780 875.4
1290790 875.4
1290800 875.4
1290810 875.0
1290820 875.0
1290830 875.8
1290840 876.6
1290850 876.6
1290860 878.3
1290870 882.6
1290880 882.6
1290890 885.0
1290900 880.7
1290910 880.7
1290920 876.6
1290930 876.3
1290940 877.7
1290950 877.7
1290960 879.8
1290970 878.5
1290980 878.5
1290990 878.1
1291000 880.0
1291010 880.0
1291020 883.4
1291030 888.2
1291040 888.2
1291050 891.5
1291060 892.3
1291070 892.3
1291080 891.8
1291090 892.7
1291100 892.7
1291110 894.8
1291120 895.8
1291130 895.8
1291140 902.3
1291150 904.8
1291160 904.8
1291170 907.1
1291180 911.5
1291190 911.5
1291200 922.3
1291210 938.1
1291220 952.0
1291230 952.0
1291240 950.8
1291250 957.4
1291260 957.4
1291270 966.6
1291280 978.8
1291290 978.8
1291300 986.5
1291310 990.5
1291320 990.5
1291330 993.8
1291340 998.3
1291350 998.3
1291360 1001.9
1291370 1007.5
1291380 1007.5
1291390 1014.4
1291400 1019.9
1291410 1019.9
1291420 1025.9
1291430 1031.6
1291440 1031.6
1291450 1036.9
1291460 1042.0
1291470 1042.0
1291480 1048.4
1291490 1053.1
1291500 1056.8
1291510 1056.8
1291520 1059.3
1291530 1061.4
1291540 1061.4
1291550 1063.3
1291560 1064.6
1291570 1064.6
1291580 1065.9
1291590 1067.4
1291600 1067.4
1291610 1069.0
1291620 1070.5
1291630 1070.5
1291640 1071.7
1291650 1073.4
1291660 1073.4
1291670 1075.2
1291680 1076.6
1291690 1076.6
1291700 1077.6
1291710 1079.1
1291720 1079.1
1291730 1080.7
1291740 1081.8
1291750 1081.8
1291760 1082.8
1291770 1082.5
1291780 1081.2
1291790 1081.2
1291800 1081.7
1291810 1083.9
1291820 1083.9
1291830 1085.7
1291840 1086.0
1291850 1086.0
1291860 1086.3
1291870 1088.3
1291880 1088.3
1291890 1092.0
1291900 1088.5
1291910 1088.5
1291920 1088.1
1291930 1089.8
1291940 1089.8
1291950 1094.8
1291960 1097.0
1291970 1097.0
1291980 1097.6
1291990 1098.5
1292000 1098.5
1292010 1098.7
1292020 1095.0
1292030 1095.0
1292040 1091.7
1292050 1091.6
1292060 1091.6
1292070 1094.3
1292080 1099.3
1292090 1101.3
1292100 1101.3
1292110 1098.9
1292120 1093.6
1292130 1093.6
1292140 1093.1
1292150 1102.4
1292160 1102.4
1292170 1100.9
1292180 1092.8
1292190 1092.8
1292200 1081.5
1292210 1085.2
1292220 1085.2
1292230 1096.5
1292240 1103.4
1292250 1103.4
1292260 1106.0
1292270 1107.6
1292280 1107.6
1292290 1108.1
1292300 1110.4
1292310 1110.4
1292320 1115.3
1292330 1122.5
1292340 1122.5
1292350 1131.7
1292360 1141.0
1292370 1147.9
1292380 1147.9
1292390 1150.8
1292400 1151.7
1292410 1151.7
1292420 1152.4
1292430 1153.2
1292440 1153.2
1292450 1153.0
1292460 1152.7
1292470 1152.7
1292480 1152.7
1292490 1152.3
1292500 1152.3
1292510 1151.9
1292520 1152.1
1292530 1152.1
1292540 1152.3
1292550 1152.1
1292560 1152.1
1292570 1144.2
1292580 1142.5
1292590 1142.5
1292600 1141.6
1292610 1142.1
1292620 1142.1
1292630 1142.9
1292640 1142.9
1292650 1142.4
1292660 1142.4
1292670 1142.0
1292680 1141.5
1292690 1141.5
1292700 1141.5
1292710 1141.0
1292720 1141.0
1292730 1139.9
1292740 1138.5
1292750 1138.5
1292760 1137.3
1292770 1137.2
1292780 1137.2
1292790 1136.1
1292800 1134.9
1292810 1134.9
1292820 1134.6
1292830 1134.8
1292840 1134.8
1292850 1134.4
1292860 1134.1
1292870 1134.1
1292880 1130.4
1292890 1126.7
1292900 1126.7
1292910 1129.2
1292920 1133.6
1292930 1136.6
1292940 1136.6
1292950 1138.0
1292960 1135.5
1292970 1135.5
1292980 1132.7
1292990 1135.0
1293000 1135.0
1293010 1137.3
1293020 1136.2
1293030 1136.2
1293040 1133.9
1293050 1134.8
1293060 1134.8
1293070 1136.1
1293080 1135.8
1293090 1135.8
1293100 1134.5
1293110 1133.0
1293120 1133.0
1293130 1131.7
1293140 1130.5
1293150 1130.5
1293160 1129.5
1293170 1128.8
1293180 1128.8
1293190 1128.3
1293200 1128.3
1293210 1128.2
1293220 1128.2
1293230 1123.0
1293240 1118.8
1293250 1118.8
1293260 1112.2
1293270 1104.5
1293280 1104.5
1293290 1097.7
1293300 1095.3
1293310 1095.3
1293320 1099.2
1293330 1105.1
1293340 1105.1
1293350 1110.2
1293360 1108.8
1293370 1108.8
1293380 1102.1
1293390 1095.0
1293400 1095.0
1293410 1088.0
1293420 1079.1
1293430 1079.1
1293440 1069.3
1293450 1065.5
1293460 1065.5
1293470 1063.9
1293480 1062.4
1293490 1063.5
1293500 1063.5
1293510 1069.9
1293520 1073.9
1293530 1073.9
1293540 1075.0
1293550 1076.1
1293560 1076.1
1293570 1076.8
1293580 1077.3
1293590 1077.3
1293600 1077.9
1293610 1077.4
1293620 1077.4
1293630 1075.9
1293640 1075.7
1293650 1075.7
1293660 1074.6
1293670 1072.1
1293680 1072.1
1293690 1068.2
1293700 1063.5
1293710 1063.5
1293720 1058.9
1293730 1056.2
1293740 1056.2
1293750 1056.0
1293760 1056.7
1293770 1058.0
1293780 1058.0
1293790 1058.6
1293800 1057.6
1293810 1057.6
1293820 1055.4
1293830 1053.4
1293840 1053.4
1293850 1054.4
1293860 1057.4
1293870 1057.4
1293880 1059.6
1293890 1061.7
1293900 1055.2
1293910 1056.8
1293920 1058.4
1293930 1058.4
1293940 1058.7
1293950 1055.5
1293960 1055.5
1293970 1050.0
1293980 1043.6
1293990 1043.6
1294000 1037.2
1294010 1032.8
1294020 1032.8
1294030 1033.3
1294040 1036.5
1294050 1036.5
1294060 1041.1
1294070 1046.2
1294080 1048.8
1294090 1048.8
1294100 1048.1
1294110 1046.5
1294120 1046.5
1294130 1044.8
1294140 1040.7
1294150 1040.7
1294160 1034.3
1294170 1027.0
1294180 1027.0
1294190 1019.9
1294200 1013.1
1294210 1013.1
1294220 1005.3
1294230 994.9
1294240 994.9
1294250 979.2
1294260 965.0
1294270 965.0
1294280 974.3
1294290 982.6
1294300 982.6
1294310 990.1
1294320 994.6
1294330 994.6
1294340 995.4
1294350 996.3
1294360 996.1
1294370 996.1
1294380 994.5
1294390 993.3
1294400 993.3
1294410 994.3
1294420 994.5
1294430 994.5
1294440 993.3
1294450 992.7
1294460 992.7
1294470 991.5
1294480 983.9
1294490 983.9
1294500 980.2
1294510 987.3
1294520 987.3
1294530 989.3
1294540 991.9
1294550 991.9
1294560 990.7
1294570 985.0
1294580 985.0
1294590 985.9
1294600 987.8
1294610 987.8
1294620 989.8
1294630 987.8
1294640 983.1
1294650 983.1
1294660 980.6
1294670 983.6
1294680 983.6
1294690 989.2
1294700 994.7
1294710 994.7
1294720 994.3
1294730 990.3
1294740 990.3
1294750 986.1
1294760 983.1
1294770 983.1
1294780 982.5
1294790 981.4
1294800 981.4
1294810 982.8
1294820 983.6
1294830 983.6
1294840 981.8
1294850 979.4
1294860 979.4
1294870 978.8
1294880 979.8
1294890 979.8
1294900 979.3
1294910 978.1
1294920 976.2
1294930 976.2
1294940 974.2
1294950 971.6
1294960 971.6
1294970 969.9
1294980 969.3
1294990 969.3
1295000 966.0
1295010 960.3
1295020 960.3
1295030 955.8
1295040 953.1
1295050 953.1
1295060 948.4
1295070 941.9
1295080 941.9
1295090 934.0
1295100 925.3
1295110 925.3
1295120 917.6
1295130 912.0
1295140 912.0
1295150 910.2
1295160 913.8
1295170 913.8
1295180 917.9
1295190 922.2
1295200 923.9
1295210 923.9
1295220 923.6
1295230 923.9
1295240 923.9
1295250 916.2
1295260 912.1
1295270 912.1
1295280 906.6
1295290 900.5
1295300 900.5
1295310 895.2
1295320 890.8
1295330 890.8
1295340 887.0
1295350 881.8
1295360 881.8
1295370 876.2
1295380 871.9
1295390 871.9
1295400 862.8
1295410 855.0
1295420 855.0
1295430 848.1
1295440 841.8
1295450 841.8
1295460 836.2
1295470 832.3
1295480 828.2
1295490 828.2
1295500 823.6
1295510 820.3
1295520 820.3
1295530 819.6
1295540 823.4
1295550 823.4
1295560 832.4
1295570 848.4
1295580 848.4
1295590 858.0
1295600 863.2
1295610 863.2
1295620 875.2
1295630 881.9
1295640 881.9
1295650 874.9
1295660 867.0
1295670 867.0
1295680 858.9
1295690 850.8
1295700 850.8
1295710 843.3
1295720 837.2
1295730 837.2
1295740 831.1
1295750 826.0
1295760 826.0
1295770 826.7
1295780 831.8
1295790 840.4
1295800 840.4
1295810 853.0
1295820 860.2
1295830 860.2
1295840 853.8
1295850 848.6
1295860 848.6
1295870 841.2
1295880 835.2
1295890 835.2
1295900 833.0
1295910 830.0
1295920 821.7
1295930 817.9
1295940 817.6
1295950 817.6
1295960 818.2
1295970 820.8
1295980 820.8
1295990 822.3
1296000 822.8
1296010 822.8
1296020 824.8
1296030 829.6
1296040 829.6
1296050 836.2
1296060 841.5
1296070 838.2
1296080 838.2
1296090 832.1
1296100 827.4
1296110 827.4
1296120 825.1
1296130 824.7
1296140 824.7
1296150 827.6
1296160 828.5
1296170 828.5
1296180 826.4
1296190 824.9
1296200 824.9
1296210 822.3
1296220 818.0
1296230 818.0
1296240 814.0
1296250 812.1
1296260 812.1
1296270 806.0
1296280 801.5
1296290 801.5
1296300 807.2
1296310 815.6
1296320 815.6
1296330 824.1
1296340 831.8
1296350 838.8
1296360 838.8
1296370 842.7
1296380 841.9
1296390 841.9
1296400 840.3
1296410 840.4
1296420 840.4
1296430 841.1
1296440 841.8
1296450 841.8
1296460 843.6
1296470 846.4
1296480 846.4
1296490 848.0
1296500 849.1
1296510 849.1
1296520 850.7
1296530 852.5
1296540 852.5
1296550 856.9
1296560 861.6
1296570 861.6
1296580 866.6
1296590 870.8
1296600 864.2
1296610 865.1
1296620 866.0
1296630 867.9
1296640 867.9
1296650 870.0
1296660 872.2
1296670 872.2
1296680 875.2
1296690 878.5
1296700 878.5
1296710 882.7
1296720 887.1
1296730 887.1
1296740 891.1
1296750 894.9
1296760 894.9
1296770 897.2
1296780 897.1
1296790 897.1
1296800 892.4
1296810 891.5
1296820 891.5
1296830 895.3
1296840 903.2
1296850 903.2
1296860 908.7
1296870 913.6
1296880 913.6
1296890 917.8
1296900 921.5
1296910 925.0
1296920 925.0
1296930 928.6
1296940 930.2
1296950 930.2
1296960 932.4
1296970 936.1
1296980 936.1
1296990 937.4
1297000 935.5
1297010 935.5
1297020 932.0
1297030 929.7
1297040 929.7
1297050 928.7
1297060 931.8
1297070 931.8
1297080 938.7
1297090 945.5
1297100 945.5
1297110 952.2
1297120 959.2
1297130 959.2
1297140 966.7
1297150 973.7
1297160 973.7
1297170 977.3
1297180 979.0
1297190 980.5
1297200 980.5
1297210 982.4
1297220 983.4
1297230 983.4
1297240 983.0
1297250 982.2
1297260 982.2
1297270 981.8
1297280 973.5
1297290 973.5
1297300 975.1
1297310 979.6
1297320 979.6
1297330 982.7
1297340 983.8
1297350 983.8
1297360 985.0
1297370 983.9
1297380 983.9
1297390 983.9
1297400 983.6
1297410 983.6
1297420 981.1
1297430 979.7
1297440 979.7
1297450 979.6
1297460 979.5
1297470 978.0
1297480 978.0
1297490 976.4
1297500 974.1
1297510 974.1
1297520 970.5
1297530 966.6
1297540 966.6
1297550 962.5
1297560 958.8
1297570 958.8
1297580 956.0
1297590 953.8
1297600 953.8
1297610 952.6
1297620 951.7
1297630 951.7
1297640 950.6
1297650 949.7
1297660 949.7
1297670 948.1
1297680 946.4
1297690 946.4
1297700 943.9
1297710 940.3
1297720 940.3
1297730 935.9
1297740 931.2
1297750 931.2
1297760 928.3
1297770 922.9
1297780 923.0
1297790 923.0
1297800 925.4
1297810 926.3
1297820 926.3
1297830 924.1
1297840 922.9
1297850 922.9
1297860 923.6
1297870 924.9
1297880 924.9
1297890 926.2
1297900 926.9
1297910 926.9
1297920 927.2
1297930 926.0
1297940 926.0
1297950 924.2
1297960 916.9
1297970 916.9
1297980 916.3
1297990 915.8
1298000 915.8
1298010 915.6
1298020 915.6
1298030 915.6
1298040 915.8
1298050 916.5
1298060 916.4
1298070 916.4
1298080 916.5
1298090 917.7
1298100 917.7
1298110 919.5
1298120 922.5
1298130 922.5
1298140 925.7
1298150 928.5
1298160 928.5
1298170 929.7
1298180 930.3
1298190 930.3
1298200 930.2
1298210 929.3
1298220 929.3
1298230 929.1
1298240 929.3
1298250 929.3
1298260 929.1
1298270 928.5
1298280 928.5
1298290 926.6
1298300 924.3
1298310 924.3
1298320 923.0
1298330 922.8
1298340 923.3
1298350 923.3
1298360 923.4
1298370 921.9
1298380 921.9
1298390 920.2
1298400 917.8
1298410 917.8
1298420 915.5
1298430 913.3
1298440 913.3
1298450 911.6
1298460 910.3
1298470 910.3
1298480 909.2
1298490 908.5
1298500 908.5
1298510 908.2
1298520 907.3
1298530 907.3
1298540 906.9
1298550 905.9
1298560 905.9
1298570 904.5
1298580 904.0
1298590 904.0
1298600 905.5
1298610 907.0
1298620 906.2
1298630 906.2
1298640 899.0
1298650 895.6
1298660 895.6
1298670 894.1
1298680 892.8
1298690 892.8
1298700 890.4
1298710 888.7
1298720 888.7
1298730 887.3
1298740 886.5
1298750 886.5
1298760 886.2
1298770 886.7
1298780 886.7
1298790 888.1
1298800 888.9
1298810 888.9
1298820 889.4
1298830 889.1
1298840 889.1
1298850 887.4
1298860 884.2
1298870 884.2
1298880 880.2
1298890 877.2
1298900 874.3
1298910 874.3
1298920 871.0
1298930 867.5
1298940 867.5
1298950 864.5
1298960 862.3
1298970 862.3
1298980 859.9
1298990 857.6
1299000 857.6
1299010 856.3
1299020 856.3
1299030 856.3
1299040 856.1
1299050 855.4
1299060 855.4
1299070 855.8
1299080 857.1
1299090 857.1
1299100 857.9
1299110 857.9
1299120 857.9
1299130 857.3
1299140 856.4
1299150 856.4
1299160 855.6
1299170 855.2
1299180 855.3
1299190 855.3
1299200 855.5
1299210 855.9
1299220 855.9
1299230 856.3
1299240 856.9
1299250 856.9
1299260 857.7
1299270 858.9
1299280 858.9
1299290 860.6
1299300 862.7
1299310 862.7
1299320 864.6
1299330 866.0
1299340 866.0
1299350 865.8
1299360 863.7
1299370 863.7
1299380 861.2
1299390 859.2
1299400 859.2
1299410 857.3
1299420 856.3
1299430 856.3
1299440 856.3
1299450 856.5
1299460 856.5
1299470 856.1
1299480 855.4
1299490 854.9
1299500 854.9
1299510 854.4
1299520 853.4
1299530 853.4
1299540 851.7
1299550 849.3
1299560 849.3
1299570 847.1
1299580 845.0
1299590 845.0
1299600 842.9
1299610 841.3
1299620 841.3
1299630 840.1
1299640 839.3
1299650 839.3
1299660 838.7
1299670 838.1
1299680 838.1
1299690 836.4
1299700 835.0
1299710 835.0
1299720 834.0
1299730 833.4
1299740 833.4
1299750 833.0
1299760 832.4
1299770 831.8
1299780 831.8
1299790 831.0
1299800 830.1
1299810 830.1
1299820 829.5
1299830 829.2
1299840 829.2
1299850 828.9
1299860 828.8
1299870 828.8
1299880 828.9
1299890 828.9
1299900 828.9
1299910 828.2
1299920 827.8
1299930 827.8
1299940 827.8
1299950 827.9
1299960 827.9
1299970 828.2
1299980 828.4
1299990 828.4
