1280000 2040.2
1280010 2040.2
1280020 2045.4
1280030 2043.8
1280040 2043.8
1280050 2042.9
1280060 2042.2
1280070 2042.2
1280080 2041.7
1280090 2042.7
1280100 2042.7
1280110 2043.4
1280120 2043.7
1280130 2043.7
1280140 2046.7
1280150 2051.1
1280160 2053.2
1280170 2053.2
1280180 2055.2
1280190 2065.2
1280200 2065.2
1280210 2094.0
1280220 2116.4
1280230 2116.4
1280240 2133.4
1280250 2130.9
1280260 2130.9
1280270 2119.4
1280280 2108.1
1280290 2108.1
1280300 2098.8
1280310 2089.2
1280320 2089.2
1280330 2078.4
1280340 2069.1
1280350 2069.1
1280360 2059.5
1280370 2049.5
1280380 2049.5
1280390 2040.0
1280400 2034.7
1280410 2034.7
1280420 2030.8
1280430 2028.5
1280440 2028.3
1280450 2028.3
1280460 2029.2
1280470 2026.6
1280480 2026.6
1280490 2023.2
1280500 2020.3
1280510 2020.3
1280520 2017.6
1280530 2013.5
1280540 2013.5
1280550 2009.5
1280560 2005.1
1280570 2005.1
1280580 2000.5
1280590 1996.4
1280600 1996.4
1280610 1991.7
1280620 1986.8
1280630 1986.8
1280640 1982.1
1280650 1983.2
1280660 1983.2
1280670 1979.0
1280680 1974.7
1280690 1974.7
1280700 1970.2
1280710 1965.8
1280720 1964.7
1280730 1964.7
1280740 1974.7
1280750 1993.9
1280760 1993.9
1280770 1998.6
1280780 1997.1
1280790 1997.1
1280800 1989.9
1280810 1981.4
1280820 1981.4
1280830 1975.6
1280840 1970.5
1280850 1970.5
1280860 1959.2
1280870 1951.0
1280880 1951.0
1280890 1930.5
1280900 1919.2
1280910 1919.2
1280920 1910.5
1280930 1904.7
1280940 1904.7
1280950 1906.3
1280960 1908.4
1280970 1908.4
1280980 1918.1
1280990 1934.8
1281000 1940.5
1281010 1940.5
1281020 1940.6
1281030 1948.4
1281040 1948.4
1281050 1961.1
1281060 1972.5
1281070 1972.5
1281080 1980.8
1281090 1974.7
1281100 1974.7
1281110 1955.9
1281120 1943.6
1281130 1943.6
1281140 1942.8
1281150 1949.7
1281160 1949.7
1281170 1952.0
1281180 1947.2
1281190 1947.2
1281200 1933.4
1281210 1927.0
1281220 1927.0
1281230 1923.1
1281240 1921.9
1281250 1921.9
1281260 1916.0
1281270 1917.6
1281280 1917.6
1281290 1914.6
1281300 1911.7
1281310 1907.9
1281320 1907.9
1281330 1902.4
1281340 1898.1
1281350 1898.1
1281360 1894.1
1281370 1896.7
1281380 1896.7
1281390 1895.2
1281400 1889.5
1281410 1889.5
1281420 1879.8
1281430 1866.2
1281440 1866.2
1281450 1850.1
1281460 1837.8
1281470 1837.8
1281480 1836.7
1281490 1845.1
1281500 1845.1
1281510 1856.6
1281520 1878.8
1281530 1878.8
1281540 1876.6
1281550 1865.5
1281560 1865.5
1281570 1853.3
1281580 1844.0
1281590 1835.5
1281600 1835.5
1281610 1825.6
1281620 1817.0
1281630 1817.0
1281640 1808.8
1281650 1799.2
1281660 1799.2
1281670 1790.6
1281680 1785.4
1281690 1785.4
1281700 1783.9
1281710 1782.3
1281720 1782.3
1281730 1780.5
1281740 1775.8
1281750 1775.8
1281760 1769.8
1281770 1762.5
1281780 1762.5
1281790 1758.1
1281800 1753.9
1281810 1753.9
1281820 1749.5
1281830 1743.8
1281840 1743.8
1281850 1737.4
1281860 1731.9
1281870 1729.8
1281880 1729.8
1281890 1724.1
1281900 1744.2
1281910 1744.2
1281920 1747.7
1281930 1759.2
1281940 1759.2
1281950 1755.9
1281960 1738.1
1281970 1738.1
1281980 1733.3
1281990 1744.3
1282000 1744.3
1282010 1752.7
1282020 1762.1
1282030 1762.1
1282040 1772.8
1282050 1779.9
1282060 1779.9
1282070 1789.3
1282080 1807.0
1282090 1807.0
1282100 1818.2
1282110 1834.3
1282120 1834.3
1282130 1850.9
1282140 1846.2
1282150 1834.1
1282160 1834.1
1282170 1821.0
1282180 1811.4
1282190 1811.4
1282200 1805.0
1282210 1802.9
1282220 1802.9
1282230 1806.0
1282240 1824.0
1282250 1824.0
1282260 1814.1
1282270 1801.9
1282280 1801.9
1282290 1798.6
1282300 1792.3
1282310 1792.3
1282320 1787.8
1282330 1797.0
1282340 1797.0
1282350 1808.7
1282360 1807.9
1282370 1807.9
1282380 1806.0
1282390 1810.8
1282400 1810.8
1282410 1821.5
1282420 1834.3
1282430 1851.6
1282440 1851.6
1282450 1867.3
1282460 1880.2
1282470 1880.2
1282480 1904.4
1282490 1935.7
1282500 1935.7
1282510 1953.4
1282520 1955.7
1282530 1958.6
1282540 1963.6
1282550 1962.1
1282560 1962.1
1282570 1964.0
1282580 1965.9
1282590 1965.9
1282600 1969.6
1282610 1972.2
1282620 1972.2
1282630 1977.8
1282640 1988.2
1282650 1988.2
1282660 2002.7
1282670 2013.7
1282680 2013.7
1282690 2014.6
1282700 1999.5
1282710 1999.5
1282720 1995.7
1282730 1999.2
1282740 1997.7
1282750 1997.7
1282760 1980.3
1282770 1968.6
1282780 1968.6
1282790 1970.5
1282800 1969.5
1282810 1969.5
1282820 1974.0
1282830 1967.2
1282840 1967.2
1282850 1968.2
1282860 1966.9
1282870 1966.9
1282880 1964.7
1282890 1964.0
1282900 1964.0
1282910 1961.6
1282920 1961.9
1282930 1961.9
1282940 1960.2
1282950 1948.7
1282960 1948.7
1282970 1949.3
1282980 1962.0
1282990 1962.0
1283000 1975.4
1283010 1983.8
1283020 1992.5
1283030 1992.5
1283040 2002.4
1283050 2008.5
1283060 2008.5
1283070 2006.7
1283080 2012.1
1283090 2012.1
1283100 2016.8
1283110 2023.4
1283120 2023.4
1283130 2032.5
1283140 2044.6
1283150 2044.6
1283160 2057.9
1283170 2059.6
1283180 2059.6
1283190 2049.4
1283200 2041.9
1283210 2041.9
1283220 2031.3
1283230 2019.9
1283240 2019.9
1283250 2012.0
1283260 2008.2
1283270 2008.2
1283280 2002.2
1283290 1996.3
1283300 1990.4
1283310 1990.4
1283320 1986.7
1283330 1984.5
1283340 1984.5
1283350 1978.7
1283360 1973.2
1283370 1973.2
1283380 1973.1
1283390 1983.0
1283400 1983.0
1283410 1992.2
1283420 1995.0
1283430 1995.0
1283440 1994.2
1283450 1993.9
1283460 1993.9
1283470 1992.1
1283480 1990.0
1283490 1990.0
1283500 1984.3
1283510 1978.4
1283520 1978.4
1283530 1978.3
1283540 1980.1
1283550 1980.1
1283560 1972.9
1283570 1967.9
1283580 1959.5
1283590 1959.5
1283600 1956.5
1283610 1955.5
1283620 1955.5
1283630 1950.2
1283640 1944.8
1283650 1944.8
1283660 1941.2
1283670 1941.8
1283680 1941.8
1283690 1946.5
1283700 1949.5
1283710 1949.5
1283720 1952.2
1283730 1958.4
1283740 1958.4
1283750 1963.1
1283760 1962.5
1283770 1962.5
1283780 1957.6
1283790 1953.3
1283800 1961.8
1283810 1957.8
1283820 1962.0
1283830 1962.0
1283840 1969.1
1283850 1971.1
1283860 1976.7
1283870 1976.7
1283880 1978.6
1283890 1984.6
1283900 1984.6
1283910 1987.6
1283920 2000.5
1283930 2000.5
1283940 2004.3
1283950 2001.2
1283960 2001.2
1283970 2004.2
1283980 2001.1
1283990 2001.1
1284000 1992.5
1284010 1984.4
1284020 1984.4
1284030 1977.7
1284040 1975.8
1284050 1975.8
1284060 1974.0
1284070 1966.2
1284080 1966.2
1284090 1959.9
1284100 1957.0
1284110 1957.0
1284120 1954.5
1284130 1952.3
1284140 1952.3
1284150 1950.9
1284160 1945.3
1284170 1938.0
1284180 1938.0
1284190 1928.7
1284200 1920.2
1284210 1920.2
1284220 1910.6
1284230 1902.1
1284240 1902.1
1284250 1893.2
1284260 1887.4
1284270 1887.4
1284280 1889.9
1284290 1894.8
1284300 1894.8
1284310 1900.3
1284320 1894.3
1284330 1894.3
1284340 1873.7
1284350 1856.0
1284360 1856.0
1284370 1858.4
1284380 1861.7
1284390 1861.7
1284400 1853.7
1284410 1842.1
1284420 1842.1
1284430 1828.1
1284440 1819.8
1284450 1808.4
1284460 1808.4
1284470 1798.2
1284480 1789.2
1284490 1789.2
1284500 1774.7
1284510 1761.8
1284520 1761.8
1284530 1754.8
1284540 1745.7
1284550 1745.7
1284560 1732.2
1284570 1727.6
1284580 1727.6
1284590 1719.7
1284600 1704.7
1284610 1704.7
1284620 1692.2
1284630 1675.5
1284640 1675.5
1284650 1657.3
1284660 1642.4
1284670 1642.4
1284680 1629.9
1284690 1604.9
1284700 1604.9
1284710 1578.7
1284720 1571.6
1284730 1569.3
1284740 1569.3
1284750 1564.4
1284760 1557.3
1284770 1557.3
1284780 1543.9
1284790 1526.9
1284800 1526.9
1284810 1511.2
1284820 1505.2
1284830 1505.2
1284840 1500.2
1284850 1492.3
1284860 1492.3
1284870 1484.9
1284880 1479.1
1284890 1479.1
1284900 1474.5
1284910 1470.7
1284920 1470.7
1284930 1467.5
1284940 1462.8
1284950 1462.8
1284960 1458.6
1284970 1455.3
1284980 1455.3
1284990 1450.8
1285000 1448.4
1285010 1447.5
1285020 1447.5
1285030 1443.6
1285040 1437.3
1285050 1437.3
1285060 1433.4
1285070 1433.9
1285080 1433.9
1285090 1429.4
1285100 1423.7
1285110 1423.7
1285120 1414.2
1285130 1403.3
1285140 1403.3
1285150 1398.4
1285160 1398.0
1285170 1398.0
1285180 1396.3
1285190 1393.5
1285200 1393.5
1285210 1390.3
1285220 1378.8
1285230 1378.8
1285240 1370.8
1285250 1382.3
1285260 1382.3
1285270 1387.6
1285280 1386.4
1285290 1385.0
1285300 1385.0
1285310 1383.7
1285320 1383.3
1285330 1383.3
1285340 1385.2
1285350 1387.2
1285360 1387.2
1285370 1388.2
1285380 1390.2
1285390 1390.2
1285400 1393.2
1285410 1395.4
1285420 1395.4
1285430 1397.6
1285440 1396.3
1285450 1396.3
1285460 1390.6
1285470 1383.9
1285480 1383.9
1285490 1381.6
1285500 1375.9
1285510 1375.9
1285520 1378.7
1285530 1379.5
1285540 1379.5
1285550 1377.0
1285560 1371.2
1285570 1373.8
1285580 1373.8
1285590 1376.3
1285600 1381.3
1285610 1381.3
1285620 1385.6
1285630 1381.2
1285640 1381.2
1285650 1374.5
1285660 1381.4
1285670 1381.4
1285680 1387.5
1285690 1388.4
1285700 1388.4
1285710 1394.1
1285720 1392.6
1285730 1392.6
1285740 1390.8
1285750 1389.0
1285760 1389.0
1285770 1387.6
1285780 1385.5
1285790 1385.5
1285800 1383.0
1285810 1382.2
1285820 1382.2
1285830 1378.8
1285840 1375.6
1285850 1375.6
1285860 1373.8
1285870 1372.3
1285880 1370.2
1285890 1370.2
1285900 1369.0
1285910 1366.5
1285920 1366.5
1285930 1363.1
1285940 1359.4
1285950 1359.4
1285960 1355.8
1285970 1349.8
1285980 1349.8
1285990 1335.0
1286000 1327.5
1286010 1327.5
1286020 1324.3
1286030 1325.3
1286040 1325.3
1286050 1334.7
1286060 1331.1
1286070 1331.1
1286080 1324.9
1286090 1328.9
1286100 1328.9
1286110 1328.5
1286120 1322.9
1286130 1322.9
1286140 1316.3
1286150 1309.9
1286160 1302.5
1286170 1302.5
1286180 1291.9
1286190 1276.9
1286200 1276.9
1286210 1269.9
1286220 1272.1
1286230 1272.1
1286240 1270.2
1286250 1268.1
1286260 1268.1
1286270 1268.1
1286280 1262.8
1286290 1262.8
1286300 1258.5
1286310 1252.7
1286320 1252.7
1286330 1247.3
1286340 1240.6
1286350 1249.0
1286360 1239.9
1286370 1230.3
1286380 1230.3
1286390 1223.5
1286400 1218.8
1286410 1218.8
1286420 1213.1
1286430 1205.2
1286440 1198.2
1286450 1198.2
1286460 1192.9
1286470 1189.9
1286480 1189.9
1286490 1185.8
1286500 1180.7
1286510 1180.7
1286520 1176.8
1286530 1174.8
1286540 1174.8
1286550 1172.7
1286560 1168.7
1286570 1168.7
1286580 1165.5
1286590 1160.7
1286600 1160.7
1286610 1156.2
1286620 1153.3
1286630 1153.3
1286640 1150.5
1286650 1148.4
1286660 1148.4
1286670 1145.8
1286680 1142.0
1286690 1142.0
1286700 1137.9
1286710 1133.8
1286720 1129.1
1286730 1129.1
1286740 1123.4
1286750 1117.1
1286760 1117.1
1286770 1111.3
1286780 1106.4
1286790 1106.4
1286800 1105.2
1286810 1101.3
1286820 1101.3
1286830 1096.4
1286840 1092.2
1286850 1092.2
1286860 1087.2
1286870 1081.3
1286880 1081.3
1286890 1075.4
1286900 1069.0
1286910 1069.0
1286920 1062.7
1286930 1056.6
1286940 1056.6
1286950 1049.5
1286960 1042.3
1286970 1042.3
1286980 1036.0
1286990 1026.9
1287000 1014.8
1287010 1014.8
1287020 1025.0
1287030 1034.9
1287040 1034.9
1287050 1036.3
1287060 1035.8
1287070 1035.8
1287080 1037.7
1287090 1040.8
1287100 1040.8
1287110 1041.2
1287120 1039.7
1287130 1039.7
1287140 1038.0
1287150 1037.0
1287160 1037.0
1287170 1034.8
1287180 1028.4
1287190 1028.4
1287200 1020.0
1287210 1013.4
1287220 1013.4
1287230 1009.3
1287240 1010.2
1287250 1010.2
1287260 1018.6
1287270 1029.8
1287280 1029.8
1287290 1038.6
1287300 1043.9
1287310 1046.9
1287320 1046.9
1287330 1055.9
1287340 1066.1
1287350 1066.1
1287360 1068.6
1287370 1065.9
1287380 1065.9
1287390 1062.9
1287400 1063.5
1287410 1063.5
1287420 1065.5
1287430 1067.5
1287440 1067.5
1287450 1070.5
1287460 1073.3
1287470 1073.3
1287480 1076.2
1287490 1078.8
1287500 1078.8
1287510 1080.6
1287520 1082.5
1287530 1082.5
1287540 1083.9
1287550 1084.8
1287560 1084.8
1287570 1085.6
1287580 1087.1
1287590 1088.8
1287600 1088.8
1287610 1089.9
1287620 1090.4
1287630 1090.4
1287640 1091.0
1287650 1084.8
1287660 1084.8
1287670 1086.4
1287680 1087.9
1287690 1087.9
1287700 1089.7
1287710 1090.9
1287720 1090.9
1287730 1092.6
1287740 1095.4
1287750 1095.4
1287760 1099.0
1287770 1103.0
1287780 1103.0
1287790 1110.2
1287800 1117.5
1287810 1117.5
1287820 1120.2
1287830 1123.7
1287840 1123.7
1287850 1127.9
1287860 1133.6
1287870 1135.4
1287880 1135.4
1287890 1132.3
1287900 1128.6
1287910 1128.6
1287920 1124.8
1287930 1136.2
1287940 1136.2
1287950 1151.0
1287960 1152.2
1287970 1152.2
1287980 1148.0
1287990 1144.2
1288000 1144.2
1288010 1140.1
1288020 1136.1
1288030 1136.1
1288040 1135.9
1288050 1142.9
1288060 1142.9
1288070 1142.0
1288080 1141.4
1288090 1141.4
1288100 1151.5
1288110 1172.3
1288120 1172.3
1288130 1185.6
1288140 1199.6
1288150 1207.7
1288160 1207.7
1288170 1209.3
1288180 1210.5
1288190 1210.5
1288200 1211.6
1288210 1212.3
1288220 1212.3
1288230 1212.9
1288240 1212.9
1288250 1212.9
1288260 1213.0
1288270 1214.0
1288280 1214.0
1288290 1208.8
1288300 1209.7
1288310 1209.7
1288320 1211.0
1288330 1211.9
1288340 1211.9
1288350 1212.7
1288360 1213.9
1288370 1213.9
1288380 1215.4
1288390 1216.2
1288400 1216.2
1288410 1215.9
1288420 1214.9
1288430 1213.1
1288440 1213.1
1288450 1210.6
1288460 1212.5
1288470 1212.5
1288480 1216.3
1288490 1215.8
1288500 1215.8
1288510 1212.8
1288520 1207.8
1288530 1207.8
1288540 1202.0
1288550 1197.6
1288560 1197.6
1288570 1192.6
1288580 1187.9
1288590 1187.9
1288600 1184.1
1288610 1181.6
1288620 1181.6
1288630 1179.7
1288640 1177.5
1288650 1177.5
1288660 1174.1
1288670 1171.4
1288680 1171.4
1288690 1169.0
1288700 1169.3
1288710 1171.8
1288720 1171.8
1288730 1170.5
1288740 1164.9
1288750 1164.9
1288760 1165.6
1288770 1165.9
1288780 1165.9
1288790 1163.6
1288800 1161.5
1288810 1161.5
1288820 1159.1
1288830 1160.6
1288840 1160.6
1288850 1169.9
1288860 1172.4
1288870 1172.4
1288880 1178.2
1288890 1183.1
1288900 1183.1
1288910 1184.2
1288920 1187.3
1288930 1187.3
1288940 1166.7
1288950 1171.6
1288960 1171.6
1288970 1169.7
1288980 1170.2
1288990 1170.2
1289000 1162.3
1289010 1145.9
1289020 1134.3
1289030 1134.3
1289040 1130.1
1289050 1125.1
1289060 1125.1
1289070 1118.4
1289080 1112.6
1289090 1112.6
1289100 1107.8
1289110 1106.5
1289120 1106.5
1289130 1107.6
1289140 1107.8
1289150 1107.8
1289160 1110.1
1289170 1112.1
1289180 1112.1
1289190 1114.1
1289200 1117.2
1289210 1117.2
1289220 1120.1
1289230 1122.2
1289240 1122.2
1289250 1125.1
1289260 1128.3
1289270 1128.3
1289280 1129.7
1289290 1130.9
1289300 1130.1
1289310 1130.1
1289320 1131.9
1289330 1134.8
1289340 1134.8
1289350 1134.2
1289360 1131.3
1289370 1131.3
1289380 1131.6
1289390 1130.0
1289400 1130.0
1289410 1125.7
1289420 1120.6
1289430 1120.6
1289440 1115.5
1289450 1107.2
1289460 1107.2
1289470 1094.4
1289480 1085.4
1289490 1085.4
1289500 1081.8
1289510 1080.3
1289520 1080.3
1289530 1074.8
1289540 1072.4
1289550 1072.4
1289560 1076.6
1289570 1091.0
1289580 1097.8
1289590 1097.8
1289600 1086.8
1289610 1083.4
1289620 1083.4
1289630 1080.3
1289640 1077.3
1289650 1077.3
1289660 1074.9
1289670 1075.1
1289680 1075.1
1289690 1075.0
1289700 1076.4
1289710 1076.4
1289720 1076.6
1289730 1075.8
1289740 1075.8
1289750 1073.9
1289760 1072.2
1289770 1072.2
1289780 1071.4
1289790 1070.7
1289800 1070.7
1289810 1067.9
1289820 1063.5
1289830 1063.5
1289840 1060.6
1289850 1059.4
1289860 1059.4
1289870 1059.4
1289880 1058.8
1289890 1054.8
1289900 1054.8
1289910 1052.4
1289920 1055.4
1289930 1055.4
1289940 1051.5
1289950 1049.6
1289960 1049.6
1289970 1049.7
1289980 1057.4
1289990 1057.4
1290000 1062.2
1290010 1065.1
1290020 1065.1
1290030 1067.3
1290040 1066.4
1290050 1066.4
1290060 1064.8
1290070 1064.0
1290080 1064.0
1290090 1061.9
1290100 1058.5
1290110 1058.5
1290120 1055.9
1290130 1055.8
1290140 1053.1
1290150 1053.1
1290160 1048.7
1290170 1042.2
1290180 1042.2
1290190 1037.6
1290200 1037.1
1290210 1037.1
1290220 1035.6
1290230 1035.8
1290240 1035.8
1290250 1020.1
1290260 1018.6
1290270 1018.6
1290280 1016.9
1290290 1016.8
1290300 1016.8
1290310 1024.8
1290320 1038.2
1290330 1038.2
1290340 1045.6
1290350 1049.6
1290360 1049.6
1290370 1052.6
1290380 1054.2
1290390 1054.2
1290400 1053.6
1290410 1052.7
1290420 1045.8
1290430 1045.8
1290440 1042.6
1290450 1041.0
1290460 1041.0
1290470 1042.5
1290480 1045.2
1290490 1045.2
1290500 1048.6
1290510 1049.7
1290520 1049.7
1290530 1049.7
1290540 1046.2
1290550 1046.2
1290560 1043.6
1290570 1043.5
1290580 1043.5
1290590 1040.5
1290600 1038.8
1290610 1038.8
1290620 1038.6
1290630 1038.3
1290640 1038.3
1290650 1034.9
1290660 1032.1
1290670 1032.1
1290680 1028.2
1290690 1020.2
1290700 1020.2
1290710 1017.0
1290720 1015.5
1290730 1013.7
1290740 1013.7
1290750 1013.7
1290760 1011.4
1290770 1011.4
1290780 1006.8
1290790 1001.0
1290800 1001.0
1290810 988.0
1290820 952.0
1290830 952.0
1290840 906.2
1290850 896.8
1290860 896.8
1290870 931.2
1290880 955.6
1290890 955.6
1290900 984.3
1290910 996.3
1290920 996.3
1290930 999.9
1290940 1000.8
1290950 1000.8
1290960 999.5
1290970 998.9
1290980 998.9
1290990 997.0
1291000 985.0
1291010 971.9
1291020 971.9
1291030 978.9
1291040 994.8
1291050 994.8
1291060 1002.1
1291070 1002.8
1291080 1002.8
1291090 1001.4
1291100 996.6
1291110 996.6
1291120 990.3
1291130 987.8
1291140 987.8
1291150 985.2
1291160 981.0
1291170 981.0
1291180 978.5
1291190 976.5
1291200 976.5
1291210 981.2
1291220 989.5
1291230 989.5
1291240 995.9
1291250 1001.8
1291260 1001.8
1291270 1007.5
1291280 1014.6
1291290 1022.8
1291300 1022.8
1291310 1031.6
1291320 1039.7
1291330 1039.7
1291340 1042.9
1291350 1042.2
1291360 1042.2
1291370 1043.2
1291380 1045.5
1291390 1045.5
1291400 1049.2
1291410 1053.3
1291420 1053.3
1291430 1056.1
1291440 1063.2
1291450 1063.2
1291460 1070.9
1291470 1076.8
1291480 1076.8
1291490 1081.9
1291500 1087.7
1291510 1087.7
1291520 1093.4
1291530 1099.5
1291540 1099.5
1291550 1105.8
1291560 1111.9
1291570 1112.1
1291580 1112.1
1291590 1115.4
1291600 1118.8
1291610 1118.8
1291620 1122.0
1291630 1125.1
1291640 1125.1
1291650 1128.4
1291660 1131.8
1291670 1131.8
1291680 1135.4
1291690 1138.7
1291700 1138.7
1291710 1141.8
1291720 1144.9
1291730 1144.9
1291740 1146.7
1291750 1147.4
1291760 1147.4
1291770 1147.0
1291780 1146.6
1291790 1146.6
1291800 1147.7
1291810 1149.4
1291820 1149.4
1291830 1151.0
1291840 1152.8
1291850 1154.4
1291860 1154.4
1291870 1155.7
1291880 1156.6
1291890 1156.6
1291900 1157.9
1291910 1159.5
1291920 1159.5
1291930 1161.7
1291940 1164.5
1291950 1164.5
1291960 1167.4
1291970 1170.1
1291980 1170.1
1291990 1173.1
1292000 1175.7
1292010 1175.7
1292020 1175.2
1292030 1172.5
1292040 1172.5
1292050 1170.1
1292060 1170.4
1292070 1170.4
1292080 1171.4
1292090 1171.4
1292100 1171.4
1292110 1171.9
1292120 1171.7
1292130 1172.5
1292140 1172.5
1292150 1175.5
1292160 1180.0
1292170 1180.0
1292180 1182.4
1292190 1181.3
1292200 1181.3
1292210 1177.4
1292220 1171.0
1292230 1167.9
1292240 1161.7
1292250 1154.2
1292260 1154.2
1292270 1152.8
1292280 1160.3
1292290 1160.3
1292300 1167.4
1292310 1174.9
1292320 1174.9
1292330 1182.5
1292340 1190.0
1292350 1190.0
1292360 1196.8
1292370 1200.7
1292380 1200.7
1292390 1203.4
1292400 1205.0
1292410 1205.0
1292420 1206.0
1292430 1207.8
1292440 1208.9
1292450 1208.9
1292460 1216.8
1292470 1225.2
1292480 1225.2
1292490 1230.4
1292500 1233.3
1292510 1233.3
1292520 1235.3
1292530 1237.0
1292540 1237.0
1292550 1238.8
1292560 1240.4
1292570 1240.4
1292580 1241.2
1292590 1240.8
1292600 1240.8
1292610 1241.4
1292620 1242.1
1292630 1242.1
1292640 1241.2
1292650 1239.9
1292660 1239.9
1292670 1238.4
1292680 1236.4
1292690 1236.4
1292700 1234.8
1292710 1233.0
1292720 1230.8
1292730 1230.8
1292740 1228.1
1292750 1226.1
1292760 1226.1
1292770 1225.2
1292780 1224.4
1292790 1224.4
1292800 1223.1
1292810 1221.3
1292820 1221.3
1292830 1219.1
1292840 1216.1
1292850 1216.1
1292860 1216.3
1292870 1218.5
1292880 1218.5
1292890 1218.7
1292900 1211.8
1292910 1211.8
1292920 1211.3
1292930 1210.8
1292940 1210.8
1292950 1210.5
1292960 1210.1
1292970 1210.1
1292980 1209.0
1292990 1208.0
1293000 1207.1
1293010 1207.1
1293020 1205.7
1293030 1203.9
1293040 1203.9
1293050 1203.7
1293060 1203.9
1293070 1203.9
1293080 1203.0
1293090 1201.2
1293100 1201.2
1293110 1199.2
1293120 1197.3
1293130 1197.3
1293140 1194.6
1293150 1191.2
1293160 1191.2
1293170 1186.0
1293180 1179.1
1293190 1179.1
1293200 1171.5
1293210 1166.3
1293220 1166.3
1293230 1161.1
1293240 1152.4
1293250 1152.4
1293260 1143.2
1293270 1135.5
1293280 1130.8
1293290 1130.8
1293300 1127.8
1293310 1125.6
1293320 1125.6
1293330 1122.8
1293340 1119.7
1293350 1119.7
1293360 1116.4
1293370 1113.7
1293380 1113.7
1293390 1111.0
1293400 1108.5
1293410 1108.5
1293420 1105.1
1293430 1102.6
1293440 1102.6
1293450 1103.6
1293460 1107.6
1293470 1107.6
1293480 1112.8
1293490 1118.7
1293500 1118.7
1293510 1124.1
1293520 1129.1
1293530 1129.1
1293540 1135.4
1293550 1140.6
1293560 1142.1
1293570 1137.2
1293580 1139.7
1293590 1141.5
1293600 1141.5
1293610 1141.6
1293620 1142.2
1293630 1142.2
1293640 1140.1
1293650 1136.7
1293660 1136.7
1293670 1133.9
1293680 1129.2
1293690 1129.2
1293700 1124.8
1293710 1122.0
1293720 1122.0
1293730 1120.2
1293740 1119.8
1293750 1119.8
1293760 1120.4
1293770 1117.8
1293780 1117.8
1293790 1115.4
1293800 1116.3
1293810 1116.3
1293820 1119.7
1293830 1120.5
1293840 1117.7
1293850 1117.7
1293860 1114.8
1293870 1114.9
1293880 1114.9
1293890 1114.5
1293900 1111.0
1293910 1111.0
1293920 1108.8
1293930 1109.2
1293940 1109.2
1293950 1109.3
1293960 1107.9
1293970 1107.9
1293980 1106.1
1293990 1104.0
1294000 1104.0
1294010 1102.3
1294020 1102.3
1294030 1102.3
1294040 1100.7
1294050 1096.6
1294060 1096.6
1294070 1092.2
1294080 1088.3
1294090 1088.3
1294100 1086.4
1294110 1084.8
1294120 1084.8
1294130 1082.2
1294140 1077.6
1294150 1075.4
1294160 1075.4
1294170 1077.1
1294180 1077.6
1294190 1077.6
1294200 1073.1
1294210 1067.2
1294220 1067.2
1294230 1058.7
1294240 1054.7
1294250 1054.7
1294260 1046.0
1294270 1034.6
1294280 1034.6
1294290 1024.4
1294300 1009.0
1294310 1009.0
1294320 1001.5
1294330 1004.7
1294340 1004.7
1294350 1018.6
1294360 1035.6
1294370 1035.6
1294380 1048.7
1294390 1056.8
1294400 1056.8
1294410 1061.3
1294420 1060.3
1294430 1058.6
1294440 1058.6
1294450 1057.6
1294460 1056.4
1294470 1056.4
1294480 1056.5
1294490 1057.7
1294500 1057.7
1294510 1058.9
1294520 1061.1
1294530 1061.1
1294540 1063.9
1294550 1065.0
1294560 1065.0
1294570 1063.8
1294580 1062.9
1294590 1062.9
1294600 1063.5
1294610 1063.9
1294620 1063.9
1294630 1063.4
1294640 1062.3
1294650 1062.3
1294660 1061.2
1294670 1060.3
1294680 1060.3
1294690 1059.1
1294700 1057.7
1294710 1056.6
1294720 1056.6
1294730 1056.0
1294740 1055.8
1294750 1055.8
1294760 1054.2
1294770 1053.1
1294780 1053.1
1294790 1053.1
1294800 1051.1
1294810 1051.1
1294820 1047.5
1294830 1046.5
1294840 1046.5
1294850 1046.1
1294860 1045.1
1294870 1045.1
1294880 1044.2
1294890 1041.0
1294900 1041.0
1294910 1031.8
1294920 1027.4
1294930 1027.4
1294940 1023.8
1294950 1020.3
1294960 1020.3
1294970 1018.2
1294980 1015.7
1294990 1012.6
1295000 1012.6
1295010 1008.7
1295020 1002.7
1295030 1002.7
1295040 996.0
1295050 991.1
1295060 991.1
1295070 987.0
1295080 984.0
1295090 984.0
1295100 981.5
1295110 980.1
1295120 980.1
1295130 980.4
1295140 980.8
1295150 980.8
1295160 980.9
1295170 980.4
1295180 980.4
1295190 980.0
1295200 983.4
1295210 983.4
1295220 986.4
1295230 985.3
1295240 985.3
1295250 982.2
1295260 979.8
1295270 978.7
1295280 978.7
1295290 978.1
1295300 976.9
1295310 976.9
1295320 972.7
1295330 972.6
1295340 972.6
1295350 974.4
1295360 973.2
1295370 973.2
1295380 971.0
1295390 969.1
1295400 969.1
1295410 967.0
1295420 965.0
1295430 965.0
1295440 963.9
1295450 961.6
1295460 961.6
1295470 959.3
1295480 956.4
1295490 956.4
1295500 952.6
1295510 949.2
1295520 949.2
1295530 941.7
1295540 930.4
1295550 920.0
1295560 920.0
1295570 910.5
1295580 893.8
1295590 893.8
1295600 885.0
1295610 876.7
1295620 876.7
1295630 868.8
1295640 867.2
1295650 867.2
1295660 871.0
1295670 879.4
1295680 879.4
1295690 888.2
1295700 896.9
1295710 896.9
1295720 905.3
1295730 913.3
1295740 913.3
1295750 918.5
1295760 922.5
1295770 922.5
1295780 926.7
1295790 933.2
1295800 933.2
1295810 937.4
1295820 935.5
1295830 935.5
1295840 931.7
1295850 927.2
1295860 924.1
1295870 924.1
1295880 923.9
1295890 926.5
1295900 926.5
1295910 928.6
1295920 931.2
1295930 931.2
1295940 934.3
1295950 936.8
1295960 936.8
1295970 938.5
1295980 938.0
1295990 938.0
1296000 938.1
1296010 938.5
1296020 938.5
1296030 940.4
1296040 941.9
1296050 941.9
1296060 944.2
1296070 945.6
1296080 945.6
1296090 943.3
1296100 938.7
1296110 938.7
1296120 932.3
1296130 926.0
1296140 919.6
1296150 919.6
1296160 915.7
1296170 914.6
1296180 914.6
1296190 916.8
1296200 920.3
1296210 920.3
1296220 921.4
1296230 920.4
1296240 920.4
1296250 917.8
1296260 902.9
1296270 902.9
1296280 897.0
1296290 891.9
1296300 891.9
1296310 884.3
1296320 881.6
1296330 881.6
1296340 891.5
1296350 901.4
1296360 901.4
1296370 908.3
1296380 914.3
1296390 914.3
1296400 917.9
1296410 918.8
1296420 916.9
1296430 916.9
1296440 913.4
1296450 910.7
1296460 910.7
1296470 909.2
1296480 907.6
1296490 907.6
1296500 906.0
1296510 904.6
1296520 904.6
1296530 903.9
1296540 903.3
1296550 903.3
1296560 905.5
1296570 908.8
1296580 908.8
1296590 911.3
1296600 914.8
1296610 914.8
1296620 922.3
1296630 927.8
1296640 927.8
1296650 931.8
1296660 937.3
1296670 937.3
1296680 942.7
1296690 946.7
1296700 950.9
1296710 950.9
1296720 955.3
1296730 960.0
1296740 960.0
1296750 964.6
1296760 969.6
1296770 969.6
1296780 976.0
1296790 979.1
1296800 979.1
1296810 980.5
1296820 985.2
1296830 985.2
1296840 989.1
1296850 991.6
1296860 991.6
1296870 993.4
1296880 994.0
1296890 994.0
1296900 993.0
1296910 993.2
1296920 993.2
1296930 990.8
1296940 994.1
1296950 994.1
1296960 1000.7
1296970 1005.8
1296980 1009.8
1296990 1009.8
1297000 1012.8
1297010 1013.1
1297020 1013.1
1297030 1013.7
1297040 1015.5
1297050 1015.5
1297060 1015.3
1297070 1011.7
1297080 1011.7
1297090 1010.2
1297100 1012.3
1297110 1012.3
1297120 1015.6
1297130 1019.4
1297140 1019.4
1297150 1022.5
1297160 1022.6
1297170 1022.6
1297180 1022.5
1297190 1022.5
1297200 1022.5
1297210 1022.8
1297220 1024.5
1297230 1024.5
1297240 1026.2
1297250 1026.3
1297260 1025.5
1297270 1025.5
1297280 1025.8
1297290 1025.4
1297300 1025.4
1297310 1025.4
1297320 1025.7
1297330 1025.7
1297340 1025.7
1297350 1025.6
1297360 1025.6
1297370 1025.7
1297380 1025.3
1297390 1025.3
1297400 1024.1
1297410 1022.9
1297420 1022.9
1297430 1021.9
1297440 1023.0
1297450 1023.0
1297460 1025.7
1297470 1027.9
1297480 1027.9
1297490 1028.5
1297500 1028.1
1297510 1028.1
1297520 1027.9
1297530 1027.7
1297540 1027.7
1297550 1027.6
1297560 1027.3
1297570 1026.3
1297580 1026.3
1297590 1024.2
1297600 1021.8
1297610 1019.2
1297620 1016.5
1297630 1014.1
1297640 1014.1
1297650 1011.7
1297660 1008.8
1297670 1008.8
1297680 1005.0
1297690 1000.0
1297700 1000.0
1297710 998.9
1297720 1003.3
1297730 1003.3
1297740 1007.1
1297750 1008.1
1297760 1008.1
1297770 1008.7
1297780 1009.3
1297790 1009.3
1297800 1010.0
1297810 1010.2
1297820 1010.2
1297830 1009.0
1297840 1010.7
1297850 1012.7
1297860 1012.7
1297870 1012.7
1297880 1011.7
1297890 1011.7
1297900 1010.1
1297910 1007.2
1297920 1007.2
1297930 1002.4
1297940 998.0
1297950 998.0
1297960 994.6
1297970 993.0
1297980 993.0
1297990 991.5
1298000 989.6
1298010 989.6
1298020 988.3
1298030 987.1
1298040 987.1
1298050 986.2
1298060 985.1
1298070 985.1
1298080 984.4
1298090 984.2
1298100 984.2
1298110 984.7
1298120 986.1
1298130 986.8
1298140 986.8
1298150 986.6
1298160 985.7
1298170 985.7
1298180 983.8
1298190 981.3
1298200 981.3
1298210 981.1
1298220 980.8
1298230 980.8
1298240 980.6
1298250 979.4
1298260 979.4
1298270 977.7
1298280 975.6
1298290 975.6
1298300 967.9
1298310 968.5
1298320 968.5
1298330 966.9
1298340 964.6
1298350 964.6
1298360 964.4
1298370 965.8
1298380 965.8
1298390 965.3
1298400 963.6
1298410 966.0
1298420 966.0
1298430 968.1
1298440 968.4
1298450 968.4
1298460 968.4
1298470 969.9
1298480 969.9
1298490 969.9
1298500 967.0
1298510 967.0
1298520 963.8
1298530 959.4
1298540 959.4
1298550 955.7
1298560 953.7
1298570 953.7
1298580 952.3
1298590 950.1
1298600 950.1
1298610 947.6
1298620 945.2
1298630 945.2
1298640 943.8
1298650 943.8
1298660 943.8
1298670 944.5
1298680 944.4
1298690 943.9
1298700 943.9
1298710 943.1
1298720 941.0
1298730 941.0
1298740 938.3
1298750 937.0
1298760 937.0
1298770 935.6
1298780 935.0
1298790 935.0
1298800 934.1
1298810 932.2
1298820 932.2
1298830 929.6
1298840 926.0
1298850 926.0
1298860 922.8
1298870 920.6
1298880 920.6
1298890 919.8
1298900 919.1
1298910 919.1
1298920 916.2
1298930 912.3
1298940 912.3
1298950 908.5
1298960 904.4
1298970 899.5
1298980 896.0
1298990 892.6
1299000 890.5
1299010 890.5
1299020 888.9
1299030 885.5
1299040 885.5
1299050 882.8
1299060 880.9
1299070 880.9
1299080 879.0
1299090 877.6
1299100 877.6
1299110 876.9
1299120 875.8
1299130 875.8
1299140 875.8
1299150 875.9
1299160 875.9
1299170 875.9
1299180 876.1
1299190 876.1
1299200 876.6
1299210 876.8
1299220 876.8
1299230 876.4
1299240 875.4
1299250 875.4
1299260 874.8
1299270 874.4
1299280 871.5
1299290 871.5
1299300 868.3
1299310 868.2
1299320 868.2
1299330 869.1
1299340 869.2
1299350 869.2
1299360 869.2
1299370 869.3
1299380 869.3
1299390 869.6
1299400 869.3
1299410 869.3
1299420 868.8
1299430 867.9
1299440 867.9
1299450 866.5
1299460 864.5
1299470 864.5
1299480 861.8
1299490 858.5
1299500 858.5
1299510 857.0
1299520 857.4
1299530 857.4
1299540 858.0
1299550 858.4
1299560 859.0
1299570 859.0
1299580 859.0
1299590 858.6
1299600 858.6
1299610 858.3
1299620 858.0
1299630 858.0
1299640 858.0
1299650 857.8
1299660 857.8
1299670 857.8
1299680 856.6
1299690 856.6
1299700 855.3
1299710 854.1
1299720 854.1
1299730 853.3
1299740 852.8
1299750 852.8
1299760 852.5
1299770 851.6
1299780 851.6
1299790 850.8
1299800 850.2
1299810 850.2
1299820 848.9
1299830 847.6
1299840 846.3
1299850 846.3
1299860 844.9
1299870 843.7
1299880 843.7
1299890 842.5
1299900 841.4
1299910 841.4
1299920 840.0
1299930 838.9
1299940 838.9
1299950 837.8
1299960 836.6
1299970 836.6
1299980 835.0
1299990 833.2
