1280000 1898.5
1280010 1898.1
1280020 1898.1
1280030 1898.2
1280040 1898.5
1280050 1898.5
1280060 1897.7
1280070 1897.2
1280080 1897.2
1280090 1896.2
1280100 1895.6
1280110 1895.6
1280120 1894.2
1280130 1892.9
1280140 1892.9
1280150 1891.7
1280160 1890.5
1280170 1889.6
1280180 1889.6
1280190 1888.5
1280200 1887.9
1280210 1887.9
1280220 1888.4
1280230 1888.6
1280240 1888.6
1280250 1888.1
1280260 1888.8
1280270 1888.8
1280280 1888.7
1280290 1887.7
1280300 1885.8
1280310 1885.1
1280320 1883.4
1280330 1883.4
1280340 1882.9
1280350 1881.8
1280360 1881.8
1280370 1882.0
1280380 1883.5
1280390 1883.5
1280400 1885.4
1280410 1886.5
1280420 1886.5
1280430 1887.3
1280440 1887.8
1280450 1887.4
1280460 1887.4
1280470 1887.8
1280480 1888.0
1280490 1888.0
1280500 1887.2
1280510 1886.4
1280520 1886.4
1280530 1885.8
1280540 1884.8
1280550 1884.8
1280560 1883.8
1280570 1883.0
1280580 1883.0
1280590 1882.3
1280600 1881.3
1280610 1881.3
1280620 1879.9
1280630 1878.5
1280640 1878.5
1280650 1877.1
1280660 1876.0
1280670 1876.0
1280680 1874.9
1280690 1873.4
1280700 1873.4
1280710 1873.2
1280720 1873.3
1280730 1873.3
1280740 1870.9
1280750 1869.3
1280760 1868.0
1280770 1868.0
1280780 1866.5
1280790 1865.2
1280800 1865.2
1280810 1864.2
1280820 1863.7
1280830 1863.7
1280840 1862.4
1280850 1861.4
1280860 1861.4
1280870 1861.1
1280880 1862.6
1280890 1862.6
1280900 1862.7
1280910 1860.6
1280920 1860.6
1280930 1856.7
1280940 1855.0
1280950 1855.0
1280960 1853.4
1280970 1851.0
1280980 1851.0
1280990 1848.9
1281000 1846.9
1281010 1846.9
1281020 1845.6
1281030 1844.9
1281040 1845.1
1281050 1845.1
1281060 1845.2
1281070 1845.6
1281080 1845.6
1281090 1847.4
1281100 1847.9
1281110 1847.9
1281120 1847.9
1281130 1848.2
1281140 1848.2
1281150 1847.0
1281160 1845.1
1281170 1845.1
1281180 1844.5
1281190 1842.8
1281200 1842.8
1281210 1840.9
1281220 1840.6
1281230 1840.6
1281240 1839.6
1281250 1838.3
1281260 1838.3
1281270 1837.1
1281280 1835.0
1281290 1835.0
1281300 1832.0
1281310 1829.7
1281320 1828.6
1281330 1828.6
1281340 1825.5
1281350 1822.8
1281360 1822.8
1281370 1821.3
1281380 1818.8
1281390 1818.8
1281400 1814.2
1281410 1809.0
1281420 1809.0
1281430 1804.4
1281440 1799.9
1281450 1799.9
1281460 1794.1
1281470 1788.1
1281480 1788.1
1281490 1782.5
1281500 1778.6
1281510 1778.6
1281520 1779.1
1281530 1782.5
1281540 1782.5
1281550 1776.9
1281560 1777.4
1281570 1777.4
1281580 1777.9
1281590 1776.6
1281600 1773.0
1281610 1773.0
1281620 1769.9
1281630 1769.2
1281640 1769.2
1281650 1769.4
1281660 1768.3
1281670 1768.3
1281680 1765.5
1281690 1762.1
1281700 1762.1
1281710 1760.0
1281720 1758.3
1281730 1758.3
1281740 1755.0
1281750 1752.3
1281760 1752.3
1281770 1750.6
1281780 1750.0
1281790 1750.0
1281800 1748.3
1281810 1744.3
1281820 1744.3
1281830 1740.1
1281840 1737.2
1281850 1737.2
1281860 1734.5
1281870 1731.2
1281880 1731.2
1281890 1725.8
1281900 1719.9
1281910 1714.8
1281920 1714.8
1281930 1706.6
1281940 1698.5
1281950 1698.5
1281960 1690.7
1281970 1680.3
1281980 1680.3
1281990 1672.2
1282000 1666.6
1282010 1666.6
1282020 1658.2
1282030 1649.6
1282040 1649.6
1282050 1644.3
1282060 1639.8
1282070 1639.8
1282080 1636.3
1282090 1633.7
1282100 1633.7
1282110 1630.8
1282120 1626.2
1282130 1626.2
1282140 1620.4
1282150 1612.4
1282160 1612.4
1282170 1601.9
1282180 1594.6
1282190 1586.6
1282200 1586.6
1282210 1577.9
1282220 1570.3
1282230 1570.3
1282240 1564.5
1282250 1561.3
1282260 1561.3
1282270 1559.6
1282280 1558.1
1282290 1558.1
1282300 1560.1
1282310 1562.7
1282320 1562.7
1282330 1560.7
1282340 1554.5
1282350 1554.5
1282360 1550.2
1282370 1548.8
1282380 1548.8
1282390 1551.2
1282400 1551.1
1282410 1551.1
1282420 1551.6
1282430 1551.8
1282440 1551.8
1282450 1550.9
1282460 1549.6
1282470 1548.6
1282480 1548.6
1282490 1546.7
1282500 1543.6
1282510 1543.6
1282520 1541.0
1282530 1537.9
1282540 1537.9
1282550 1534.9
1282560 1532.3
1282570 1532.3
1282580 1529.7
1282590 1526.4
1282600 1526.4
1282610 1522.6
1282620 1518.3
1282630 1518.3
1282640 1514.0
1282650 1510.1
1282660 1510.1
1282670 1506.2
1282680 1502.0
1282690 1502.0
1282700 1497.8
1282710 1493.7
1282720 1493.7
1282730 1489.2
1282740 1484.5
1282750 1478.7
1282760 1478.7
1282770 1471.7
1282780 1465.6
1282790 1465.6
1282800 1461.0
1282810 1458.3
1282820 1460.5
1282830 1456.1
1282840 1451.9
1282850 1451.9
1282860 1448.3
1282870 1445.7
1282880 1445.7
1282890 1443.0
1282900 1440.3
1282910 1440.3
1282920 1437.9
1282930 1435.2
1282940 1435.2
1282950 1432.0
1282960 1428.8
1282970 1428.8
1282980 1426.5
1282990 1423.9
1283000 1423.9
1283010 1419.9
1283020 1415.2
1283030 1415.2
1283040 1411.4
1283050 1410.0
1283060 1408.5
1283070 1408.5
1283080 1405.3
1283090 1401.8
1283100 1401.8
1283110 1399.1
1283120 1396.7
1283130 1396.7
1283140 1395.9
1283150 1394.5
1283160 1394.5
1283170 1391.3
1283180 1388.1
1283190 1388.1
1283200 1385.7
1283210 1383.4
1283220 1383.4
1283230 1381.1
1283240 1378.4
1283250 1378.4
1283260 1374.1
1283270 1369.4
1283280 1369.4
1283290 1365.2
1283300 1360.6
1283310 1360.6
1283320 1357.6
1283330 1356.0
1283340 1353.8
1283350 1353.8
1283360 1352.2
1283370 1356.0
1283380 1356.0
1283390 1356.8
1283400 1356.1
1283410 1356.1
1283420 1355.0
1283430 1354.9
1283440 1354.9
1283450 1348.7
1283460 1347.3
1283470 1347.3
1283480 1345.1
1283490 1342.2
1283500 1342.2
1283510 1337.3
1283520 1328.1
1283530 1328.1
1283540 1321.6
1283550 1319.5
1283560 1319.5
1283570 1320.8
1283580 1324.5
1283590 1324.5
1283600 1327.9
1283610 1329.5
1283620 1326.4
1283630 1326.4
1283640 1322.8
1283650 1325.7
1283660 1325.7
1283670 1327.0
1283680 1327.6
1283690 1327.6
1283700 1328.3
1283710 1328.2
1283720 1328.2
1283730 1322.3
1283740 1323.4
1283750 1323.4
1283760 1325.8
1283770 1330.3
1283780 1330.3
1283790 1334.7
1283800 1339.7
1283810 1339.7
1283820 1344.0
1283830 1344.0
1283840 1344.0
1283850 1341.8
1283860 1341.8
1283870 1341.8
1283880 1343.5
1283890 1344.3
1283900 1345.3
1283910 1345.3
1283920 1349.6
1283930 1354.3
1283940 1354.3
1283950 1356.3
1283960 1356.2
1283970 1356.2
1283980 1354.2
1283990 1350.7
1284000 1350.7
1284010 1345.2
1284020 1339.3
1284030 1339.3
1284040 1333.0
1284050 1325.5
1284060 1325.5
1284070 1317.9
1284080 1317.9
1284090 1317.9
1284100 1309.5
1284110 1303.7
1284120 1303.7
1284130 1297.1
1284140 1293.1
1284150 1293.1
1284160 1294.4
1284170 1293.7
1284180 1293.7
1284190 1282.5
1284200 1286.2
1284210 1286.2
1284220 1286.2
1284230 1283.1
1284240 1279.1
1284250 1279.1
1284260 1277.1
1284270 1279.7
1284280 1279.7
1284290 1280.4
1284300 1279.9
1284310 1279.9
1284320 1279.4
1284330 1278.4
1284340 1278.4
1284350 1277.5
1284360 1276.9
1284370 1276.9
1284380 1276.4
1284390 1275.1
1284400 1275.1
1284410 1273.6
1284420 1274.0
1284430 1274.0
1284440 1273.8
1284450 1272.0
1284460 1272.0
1284470 1270.0
1284480 1265.8
1284490 1258.3
1284500 1258.3
1284510 1250.9
1284520 1244.5
1284530 1244.5
1284540 1240.6
1284550 1237.2
1284560 1237.2
1284570 1234.1
1284580 1232.2
1284590 1232.2
1284600 1227.6
1284610 1226.8
1284620 1226.8
1284630 1228.5
1284640 1230.7
1284650 1230.7
1284660 1232.8
1284670 1228.9
1284680 1228.9
1284690 1224.4
1284700 1221.2
1284710 1221.2
1284720 1224.9
1284730 1219.9
1284740 1219.9
1284750 1214.0
1284760 1209.7
1284770 1206.6
1284780 1206.6
1284790 1204.6
1284800 1203.2
1284810 1203.2
1284820 1198.6
1284830 1192.3
1284840 1192.3
1284850 1185.6
1284860 1178.4
1284870 1178.4
1284880 1172.4
1284890 1169.0
1284900 1169.0
1284910 1166.5
1284920 1163.2
1284930 1163.2
1284940 1160.8
1284950 1158.2
1284960 1158.2
1284970 1154.1
1284980 1151.8
1284990 1151.8
1285000 1150.2
1285010 1147.2
1285020 1147.2
1285030 1144.1
1285040 1141.0
1285050 1138.6
1285060 1138.6
1285070 1137.1
1285080 1135.8
1285090 1135.8
1285100 1134.6
1285110 1133.8
1285120 1133.8
1285130 1132.9
1285140 1131.2
1285150 1131.2
1285160 1129.6
1285170 1128.6
1285180 1128.6
1285190 1127.9
1285200 1128.7
1285210 1128.7
1285220 1128.3
1285230 1128.1
1285240 1128.1
1285250 1127.4
1285260 1125.7
1285270 1125.7
1285280 1124.7
1285290 1123.0
1285300 1123.0
1285310 1120.4
1285320 1116.3
1285330 1116.3
1285340 1112.5
1285350 1109.7
1285360 1108.6
1285370 1108.6
1285380 1109.0
1285390 1108.6
1285400 1108.6
1285410 1107.7
1285420 1107.1
1285430 1107.1
1285440 1106.5
1285450 1105.8
1285460 1105.8
1285470 1100.5
1285480 1097.4
1285490 1097.4
1285500 1098.2
1285510 1101.2
1285520 1101.2
1285530 1102.7
1285540 1099.8
1285550 1099.8
1285560 1096.6
1285570 1094.6
1285580 1094.6
1285590 1091.8
1285600 1089.5
1285610 1089.5
1285620 1088.6
1285630 1087.5
1285640 1085.8
1285650 1085.8
1285660 1084.0
1285670 1082.9
1285680 1082.9
1285690 1082.7
1285700 1082.5
1285710 1082.5
1285720 1082.7
1285730 1082.5
1285740 1082.5
1285750 1082.2
1285760 1081.8
1285770 1081.8
1285780 1081.3
1285790 1080.9
1285800 1080.9
1285810 1080.7
1285820 1080.4
1285830 1080.4
1285840 1080.6
1285850 1081.1
1285860 1081.1
1285870 1082.9
1285880 1086.3
1285890 1086.3
1285900 1090.7
1285910 1092.4
1285920 1087.8
1285930 1087.8
1285940 1094.6
1285950 1103.1
1285960 1103.1
1285970 1108.7
1285980 1113.7
1285990 1113.7
1286000 1106.1
1286010 1109.1
1286020 1109.1
1286030 1112.9
1286040 1115.7
1286050 1115.7
1286060 1119.0
1286070 1121.9
1286080 1121.9
1286090 1127.6
1286100 1132.2
1286110 1132.2
1286120 1135.2
1286130 1138.1
1286140 1138.1
1286150 1142.7
1286160 1146.0
1286170 1146.0
1286180 1153.3
1286190 1164.6
1286200 1166.7
1286210 1166.7
1286220 1159.2
1286230 1172.4
1286240 1172.4
1286250 1181.3
1286260 1183.7
1286270 1183.7
1286280 1189.8
1286290 1200.3
1286300 1200.3
1286310 1207.2
1286320 1207.3
1286330 1207.3
1286340 1210.8
1286350 1220.6
1286360 1220.6
1286370 1239.1
1286380 1248.3
1286390 1248.3
1286400 1251.7
1286410 1254.6
1286420 1254.6
1286430 1258.6
1286440 1263.9
1286450 1263.9
1286460 1264.4
1286470 1260.1
1286480 1259.5
1286490 1259.5
1286500 1271.8
1286510 1280.8
1286520 1280.8
1286530 1282.2
1286540 1282.9
1286550 1282.9
1286560 1285.8
1286570 1288.4
1286580 1288.4
1286590 1293.0
1286600 1298.0
1286610 1298.0
1286620 1302.7
1286630 1306.8
1286640 1296.8
1286650 1298.8
1286660 1301.0
1286670 1301.0
1286680 1307.0
1286690 1318.3
1286700 1318.3
1286710 1320.1
1286720 1316.6
1286730 1316.6
1286740 1316.3
1286750 1320.1
1286760 1320.1
1286770 1328.1
1286780 1331.0
1286790 1334.9
1286800 1334.9
1286810 1338.6
1286820 1341.1
1286830 1341.1
1286840 1344.4
1286850 1349.7
1286860 1349.7
1286870 1356.6
1286880 1359.5
1286890 1359.5
1286900 1362.0
1286910 1366.5
1286920 1366.5
1286930 1374.7
1286940 1380.5
1286950 1380.5
1286960 1383.6
1286970 1383.9
1286980 1383.9
1286990 1381.5
1287000 1380.5
1287010 1380.5
1287020 1381.4
1287030 1382.3
1287040 1382.3
1287050 1381.3
1287060 1377.3
1287070 1376.0
1287080 1376.0
1287090 1373.8
1287100 1370.8
1287110 1370.8
1287120 1364.6
1287130 1357.3
1287140 1357.3
1287150 1349.1
1287160 1342.2
1287170 1342.2
1287180 1328.4
1287190 1307.3
1287200 1307.3
1287210 1303.6
1287220 1298.0
1287230 1298.0
1287240 1287.6
1287250 1276.4
1287260 1276.4
1287270 1265.2
1287280 1254.7
1287290 1253.6
1287300 1240.4
1287310 1227.0
1287320 1227.0
1287330 1216.2
1287340 1198.5
1287350 1170.4
1287360 1170.4
1287370 1174.3
1287380 1195.6
1287390 1195.6
1287400 1207.3
1287410 1225.5
1287420 1225.5
1287430 1238.4
1287440 1245.7
1287450 1245.7
1287460 1251.8
1287470 1259.2
1287480 1259.2
1287490 1266.7
1287500 1273.8
1287510 1273.8
1287520 1278.4
1287530 1283.5
1287540 1283.5
1287550 1298.5
1287560 1320.3
1287570 1320.3
1287580 1338.8
1287590 1355.0
1287600 1355.0
1287610 1365.7
1287620 1375.1
1287630 1381.5
1287640 1381.5
1287650 1387.3
1287660 1395.3
1287670 1395.3
1287680 1403.2
1287690 1413.0
1287700 1413.0
1287710 1422.9
1287720 1431.1
1287730 1431.1
1287740 1439.1
1287750 1447.0
1287760 1447.0
1287770 1454.6
1287780 1461.5
1287790 1461.5
1287800 1469.8
1287810 1477.8
1287820 1477.8
1287830 1486.4
1287840 1494.6
1287850 1494.6
1287860 1502.7
1287870 1510.5
1287880 1510.5
1287890 1519.2
1287900 1528.2
1287910 1528.2
1287920 1535.2
1287930 1540.0
1287940 1535.5
1287950 1535.5
1287960 1540.5
1287970 1546.0
1287980 1546.0
1287990 1551.9
1288000 1555.0
1288010 1555.0
1288020 1557.1
1288030 1560.0
1288040 1560.0
1288050 1562.3
1288060 1565.1
1288070 1565.1
1288080 1563.7
1288090 1560.1
1288100 1560.1
1288110 1558.8
1288120 1554.2
1288130 1554.2
1288140 1546.1
1288150 1538.6
1288160 1538.6
1288170 1531.6
1288180 1524.5
1288190 1524.5
1288200 1522.0
1288210 1520.1
1288220 1519.2
1288230 1519.2
1288240 1524.6
1288250 1527.6
1288260 1527.6
1288270 1534.1
1288280 1541.4
1288290 1541.4
1288300 1547.8
1288310 1554.4
1288320 1554.4
1288330 1557.8
1288340 1562.3
1288350 1562.3
1288360 1572.1
1288370 1576.8
1288380 1576.8
1288390 1581.0
1288400 1582.8
1288410 1582.8
1288420 1583.6
1288430 1584.0
1288440 1584.0
1288450 1582.4
1288460 1583.9
1288470 1583.9
1288480 1586.4
1288490 1587.0
1288500 1566.2
1288510 1566.2
1288520 1549.7
1288530 1545.4
1288540 1545.4
1288550 1550.1
1288560 1557.6
1288570 1557.6
1288580 1566.1
1288590 1565.9
1288600 1565.9
1288610 1570.0
1288620 1575.6
1288630 1575.6
1288640 1583.0
1288650 1589.7
1288660 1589.7
1288670 1614.3
1288680 1628.9
1288690 1628.9
1288700 1635.8
1288710 1638.6
1288720 1638.6
1288730 1638.7
1288740 1637.6
1288750 1637.6
1288760 1636.0
1288770 1633.7
1288780 1630.6
1288790 1630.6
1288800 1622.2
1288810 1621.2
1288820 1621.2
1288830 1633.7
1288840 1645.7
1288850 1645.7
1288860 1644.4
1288870 1637.5
1288880 1637.5
1288890 1631.5
1288900 1623.9
1288910 1623.9
1288920 1622.9
1288930 1619.9
1288940 1619.9
1288950 1619.3
1288960 1619.2
1288970 1619.2
1288980 1619.7
1288990 1621.5
1289000 1621.5
1289010 1617.0
1289020 1611.1
1289030 1611.1
1289040 1616.9
1289050 1625.1
1289060 1625.1
1289070 1624.9
1289080 1623.6
1289090 1623.2
1289100 1623.2
1289110 1629.3
1289120 1634.1
1289130 1634.1
1289140 1642.5
1289150 1632.9
1289160 1632.9
1289170 1626.5
1289180 1624.2
1289190 1624.2
1289200 1639.6
1289210 1645.4
1289220 1645.4
1289230 1641.0
1289240 1601.0
1289250 1601.0
1289260 1593.1
1289270 1587.2
1289280 1587.2
1289290 1584.9
1289300 1579.6
1289310 1579.6
1289320 1571.8
1289330 1572.5
1289340 1572.5
1289350 1566.7
1289360 1561.1
1289370 1556.1
1289380 1556.1
1289390 1545.4
1289400 1539.2
1289410 1539.2
1289420 1540.9
1289430 1545.8
1289440 1545.8
1289450 1550.8
1289460 1551.7
1289470 1551.7
1289480 1553.4
1289490 1556.1
1289500 1556.1
1289510 1557.7
1289520 1558.9
1289530 1558.9
1289540 1560.5
1289550 1561.3
1289560 1561.3
1289570 1561.4
1289580 1559.3
1289590 1559.3
1289600 1556.5
1289610 1552.0
1289620 1552.0
1289630 1545.0
1289640 1534.3
1289650 1534.5
1289660 1534.5
1289670 1530.7
1289680 1524.7
1289690 1524.7
1289700 1517.8
1289710 1510.2
1289720 1510.2
1289730 1503.5
1289740 1498.7
1289750 1498.7
1289760 1498.7
1289770 1494.4
1289780 1494.4
1289790 1489.5
1289800 1485.4
1289810 1485.4
1289820 1480.2
1289830 1473.8
1289840 1473.8
1289850 1466.0
1289860 1457.5
1289870 1457.5
1289880 1448.4
1289890 1444.9
1289900 1444.9
1289910 1436.3
1289920 1427.2
1289930 1418.7
1289940 1418.7
1289950 1408.6
1289960 1400.2
1289970 1400.2
1289980 1393.7
1289990 1387.0
1290000 1387.0
1290010 1379.1
1290020 1371.0
1290030 1371.0
1290040 1363.3
1290050 1356.0
1290060 1356.0
1290070 1348.8
1290080 1342.1
1290090 1342.1
1290100 1336.3
1290110 1329.6
1290120 1329.6
1290130 1322.6
1290140 1316.7
1290150 1316.7
1290160 1310.2
1290170 1301.5
1290180 1301.5
1290190 1293.1
1290200 1286.0
1290210 1280.5
1290220 1280.5
1290230 1276.4
1290240 1271.4
1290250 1271.4
1290260 1263.3
1290270 1257.4
1290280 1257.4
1290290 1254.6
1290300 1252.3
1290310 1252.3
1290320 1248.6
1290330 1244.2
1290340 1244.2
1290350 1238.8
1290360 1234.5
1290370 1234.5
1290380 1232.4
1290390 1229.4
1290400 1229.4
1290410 1225.3
1290420 1220.4
1290430 1220.4
1290440 1215.0
1290450 1209.6
1290460 1209.6
1290470 1204.4
1290480 1198.9
1290490 1198.9
1290500 1193.3
1290510 1187.3
1290520 1181.0
1290530 1181.0
1290540 1174.4
1290550 1169.0
1290560 1169.0
1290570 1161.9
1290580 1154.7
1290590 1154.7
1290600 1145.5
1290610 1129.6
1290620 1129.6
1290630 1112.6
1290640 1068.3
1290650 1068.3
1290660 1037.3
1290670 1028.0
1290680 1028.0
1290690 1016.7
1290700 1004.8
1290710 1004.8
1290720 981.6
1290730 966.1
1290740 966.1
1290750 984.4
1290760 993.2
1290770 993.2
1290780 993.2
1290790 991.6
1290800 985.9
1290810 985.9
1290820 985.7
1290830 986.4
1290840 986.4
1290850 989.9
1290860 1008.2
1290870 1008.2
1290880 1021.8
1290890 1030.9
1290900 1030.9
1290910 1038.3
1290920 1045.1
1290930 1045.1
1290940 1052.2
1290950 1058.9
1290960 1058.9
1290970 1066.1
1290980 1073.4
1290990 1073.4
1291000 1080.7
1291010 1087.9
1291020 1087.9
1291030 1095.1
1291040 1102.3
1291050 1102.3
1291060 1113.3
1291070 1135.3
1291080 1149.7
1291090 1149.7
1291100 1165.7
1291110 1178.1
1291120 1178.1
1291130 1187.8
1291140 1199.2
1291150 1199.2
1291160 1210.0
1291170 1223.2
1291180 1223.2
1291190 1236.9
1291200 1248.7
1291210 1244.4
1291220 1249.1
1291230 1256.2
1291240 1256.2
1291250 1265.8
1291260 1277.4
1291270 1277.4
1291280 1286.8
1291290 1295.5
1291300 1295.5
1291310 1306.2
1291320 1319.7
1291330 1319.7
1291340 1330.3
1291350 1341.5
1291360 1352.0
1291370 1352.0
1291380 1360.9
1291390 1370.6
1291400 1370.6
1291410 1380.8
1291420 1388.7
1291430 1388.7
1291440 1396.2
1291450 1404.9
1291460 1404.9
1291470 1415.4
1291480 1426.9
1291490 1426.9
1291500 1437.4
1291510 1446.2
1291520 1446.2
1291530 1458.1
1291540 1473.0
1291550 1473.0
1291560 1486.0
1291570 1495.8
1291580 1495.8
1291590 1506.7
1291600 1525.3
1291610 1525.3
1291620 1542.1
1291630 1557.9
1291640 1574.0
1291650 1574.0
1291660 1588.0
1291670 1600.4
1291680 1600.4
1291690 1616.0
1291700 1630.3
1291710 1630.3
1291720 1642.7
1291730 1653.8
1291740 1653.8
1291750 1664.4
1291760 1674.1
1291770 1674.1
1291780 1682.0
1291790 1690.9
1291800 1690.9
1291810 1701.5
1291820 1711.4
1291830 1711.4
1291840 1718.4
1291850 1726.0
1291860 1726.0
1291870 1734.3
1291880 1741.3
1291890 1741.3
1291900 1748.7
1291910 1753.4
1291920 1753.4
1291930 1757.7
1291940 1762.1
1291950 1766.1
1291960 1766.1
1291970 1769.1
1291980 1771.3
1291990 1771.3
1292000 1770.3
1292010 1766.5
1292020 1766.5
1292030 1762.3
1292040 1764.1
1292050 1764.1
1292060 1762.7
1292070 1760.0
1292080 1760.0
1292090 1756.8
1292100 1743.1
1292110 1743.1
1292120 1709.4
1292130 1685.2
1292140 1685.2
1292150 1672.1
1292160 1672.7
1292170 1672.7
1292180 1680.9
1292190 1687.6
1292200 1687.6
1292210 1692.3
1292220 1698.7
1292230 1705.5
1292240 1705.5
1292250 1711.0
1292260 1716.7
1292270 1716.7
1292280 1730.0
1292290 1743.4
1292300 1743.4
1292310 1752.2
1292320 1761.6
1292330 1761.6
1292340 1771.9
1292350 1776.4
1292360 1776.4
1292370 1780.6
1292380 1784.4
1292390 1784.4
1292400 1786.8
1292410 1784.7
1292420 1784.7
1292430 1783.9
1292440 1795.0
1292450 1795.0
1292460 1802.9
1292470 1807.2
1292480 1807.2
1292490 1811.6
1292500 1812.0
1292510 1806.3
1292520 1806.3
1292530 1776.7
1292540 1767.4
1292550 1767.4
1292560 1758.0
1292570 1746.9
1292580 1746.9
1292590 1745.4
1292600 1740.2
1292610 1740.2
1292620 1735.2
1292630 1728.5
1292640 1728.5
1292650 1723.4
1292660 1718.5
1292670 1718.5
1292680 1715.2
1292690 1708.7
1292700 1708.7
1292710 1703.4
1292720 1698.1
1292730 1698.1
1292740 1694.3
1292750 1691.7
1292760 1691.7
1292770 1688.9
1292780 1685.0
1292790 1680.4
1292800 1680.4
1292810 1675.1
1292820 1667.5
1292830 1667.5
1292840 1657.3
1292850 1644.0
1292860 1644.0
1292870 1632.9
1292880 1629.1
1292890 1629.1
1292900 1623.6
1292910 1615.8
1292920 1615.8
1292930 1607.3
1292940 1601.4
1292950 1601.4
1292960 1597.4
1292970 1588.0
1292980 1588.0
1292990 1572.8
1293000 1559.3
1293010 1559.3
1293020 1545.9
1293030 1534.9
1293040 1534.9
1293050 1524.8
1293060 1524.8
1293070 1524.8
1293080 1526.0
1293090 1532.8
1293100 1549.8
1293110 1549.8
1293120 1565.2
1293130 1574.8
1293140 1574.8
1293150 1586.3
1293160 1595.1
1293170 1595.1
1293180 1601.1
1293190 1605.3
1293200 1599.4
1293210 1602.5
1293220 1605.0
1293230 1605.0
1293240 1606.5
1293250 1606.9
1293260 1606.9
1293270 1607.9
1293280 1608.5
1293290 1608.5
1293300 1605.6
1293310 1600.6
1293320 1600.6
1293330 1595.3
1293340 1589.0
1293350 1589.0
1293360 1585.9
1293370 1583.3
1293380 1580.0
1293390 1580.0
1293400 1577.9
1293410 1577.2
1293420 1577.2
1293430 1576.4
1293440 1574.9
1293450 1574.9
1293460 1572.0
1293470 1568.9
1293480 1568.9
1293490 1564.5
1293500 1556.7
1293510 1556.7
1293520 1549.8
1293530 1540.5
1293540 1540.5
1293550 1535.1
1293560 1532.2
1293570 1532.2
1293580 1527.9
1293590 1525.3
1293600 1525.3
1293610 1518.2
1293620 1506.3
1293630 1506.3
1293640 1495.2
1293650 1484.7
1293660 1472.2
1293670 1472.2
1293680 1454.7
1293690 1437.9
1293700 1437.9
1293710 1429.9
1293720 1425.1
1293730 1425.1
1293740 1424.9
1293750 1425.5
1293760 1425.5
1293770 1420.5
1293780 1414.1
1293790 1414.1
1293800 1410.2
1293810 1406.2
1293820 1406.2
1293830 1400.5
1293840 1392.9
1293850 1392.9
1293860 1383.3
1293870 1373.6
1293880 1373.6
1293890 1377.7
1293900 1380.1
1293910 1380.1
1293920 1358.4
1293930 1346.2
1293940 1363.3
1293950 1363.3
1293960 1378.0
1293970 1385.3
1293980 1385.3
1293990 1387.5
1294000 1387.6
1294010 1387.6
1294020 1388.5
1294030 1388.9
1294040 1388.9
1294050 1385.9
1294060 1380.7
1294070 1380.7
1294080 1376.0
1294090 1371.6
1294100 1371.6
1294110 1365.8
1294120 1360.3
1294130 1360.3
1294140 1356.4
1294150 1355.1
1294160 1355.1
1294170 1354.9
1294180 1354.4
1294190 1354.4
1294200 1352.1
1294210 1348.7
1294220 1343.9
1294230 1343.9
1294240 1339.1
1294250 1335.4
1294260 1335.4
1294270 1331.2
1294280 1328.2
1294290 1328.2
1294300 1327.7
1294310 1329.1
1294320 1329.1
1294330 1332.2
1294340 1339.0
1294350 1339.0
1294360 1347.0
1294370 1355.1
1294380 1355.1
1294390 1363.4
1294400 1368.5
1294410 1368.5
1294420 1365.2
1294430 1357.1
1294440 1357.1
1294450 1349.2
1294460 1341.7
1294470 1341.7
1294480 1335.0
1294490 1328.3
1294500 1328.3
1294510 1323.0
1294520 1320.1
1294530 1321.1
1294540 1318.2
1294550 1324.7
1294560 1334.9
1294570 1334.9
1294580 1342.0
1294590 1347.4
1294600 1347.4
1294610 1353.5
1294620 1357.7
1294630 1357.7
1294640 1359.6
1294650 1360.8
1294660 1360.8
1294670 1361.8
1294680 1364.4
1294690 1364.4
1294700 1369.8
1294710 1375.6
1294720 1375.6
1294730 1380.8
1294740 1386.4
1294750 1386.4
1294760 1392.7
1294770 1399.1
1294780 1399.1
1294790 1405.0
1294800 1409.3
1294810 1412.2
1294820 1412.2
1294830 1415.4
1294840 1419.2
1294850 1419.2
1294860 1423.6
1294870 1428.3
1294880 1428.3
1294890 1432.5
1294900 1436.6
1294910 1436.6
1294920 1440.1
1294930 1442.9
1294940 1442.9
1294950 1445.9
1294960 1449.3
1294970 1449.3
1294980 1452.4
1294990 1453.9
1295000 1453.9
1295010 1454.2
1295020 1453.2
1295030 1453.2
1295040 1450.2
1295050 1445.6
1295060 1445.6
1295070 1440.7
1295080 1436.1
1295090 1431.3
1295100 1431.3
1295110 1424.0
1295120 1416.7
1295130 1416.7
1295140 1407.2
1295150 1398.7
1295160 1398.7
1295170 1387.6
1295180 1373.7
1295190 1373.7
1295200 1365.5
1295210 1350.4
1295220 1350.4
1295230 1342.6
1295240 1336.5
1295250 1336.5
1295260 1329.3
1295270 1320.8
1295280 1320.8
1295290 1314.6
1295300 1307.8
1295310 1307.8
1295320 1298.7
1295330 1289.0
1295340 1289.0
1295350 1282.4
1295360 1280.0
1295370 1270.8
1295380 1270.8
1295390 1258.1
1295400 1247.0
1295410 1247.0
1295420 1242.6
1295430 1241.3
1295440 1241.3
1295450 1231.2
1295460 1224.0
1295470 1224.0
1295480 1216.0
1295490 1206.2
1295500 1206.2
1295510 1211.5
1295520 1219.8
1295530 1219.8
1295540 1232.6
1295550 1251.3
1295560 1251.3
1295570 1260.8
1295580 1268.9
1295590 1268.9
1295600 1278.4
1295610 1287.1
1295620 1287.1
1295630 1295.3
1295640 1301.0
1295650 1301.0
1295660 1303.9
1295670 1299.7
1295680 1293.7
1295690 1293.7
1295700 1291.0
1295710 1291.9
1295720 1291.9
1295730 1290.5
1295740 1288.2
1295750 1288.2
1295760 1290.6
1295770 1287.9
1295780 1287.9
1295790 1284.9
1295800 1285.1
1295810 1285.1
1295820 1282.4
1295830 1278.4
1295840 1278.4
1295850 1276.9
1295860 1268.7
1295870 1268.7
1295880 1251.3
1295890 1252.6
1295900 1252.6
1295910 1252.6
1295920 1252.1
1295930 1252.1
1295940 1251.8
1295950 1249.8
1295960 1247.4
1295970 1247.4
1295980 1243.8
1295990 1243.6
1296000 1243.6
1296010 1249.5
1296020 1254.6
1296030 1254.6
1296040 1253.2
1296050 1260.7
1296060 1260.7
1296070 1273.1
1296080 1283.3
1296090 1283.3
1296100 1290.6
1296110 1295.3
1296120 1295.3
1296130 1299.9
1296140 1303.5
1296150 1303.5
1296160 1306.6
1296170 1308.4
1296180 1308.4
1296190 1307.2
1296200 1302.9
1296210 1302.9
1296220 1298.3
1296230 1296.6
1296240 1295.3
1296250 1295.3
1296260 1292.7
1296270 1287.1
1296280 1287.1
1296290 1279.1
1296300 1269.4
1296310 1269.4
1296320 1261.1
1296330 1252.3
1296340 1252.3
1296350 1245.9
1296360 1243.0
1296370 1243.0
1296380 1232.8
1296390 1223.5
1296400 1223.5
1296410 1232.1
1296420 1235.3
1296430 1235.3
1296440 1229.9
1296450 1231.1
1296460 1231.1
1296470 1232.6
1296480 1236.8
1296490 1236.8
1296500 1240.2
1296510 1241.1
1296520 1244.1
1296530 1244.1
1296540 1251.8
1296550 1260.9
1296560 1252.4
1296570 1258.2
1296580 1261.7
1296590 1261.7
1296600 1262.1
1296610 1262.2
1296620 1262.2
1296630 1261.1
1296640 1258.1
1296650 1258.1
1296660 1253.2
1296670 1246.1
1296680 1246.1
1296690 1240.8
1296700 1237.7
1296710 1237.7
1296720 1236.0
1296730 1234.8
1296740 1234.8
1296750 1234.9
1296760 1237.1
1296770 1237.1
1296780 1239.5
1296790 1242.9
1296800 1246.9
1296810 1246.9
1296820 1252.5
1296830 1259.6
1296840 1259.6
1296850 1267.9
1296860 1275.7
1296870 1275.7
1296880 1282.2
1296890 1289.5
1296900 1289.5
1296910 1297.0
1296920 1302.8
1296930 1302.8
1296940 1306.4
1296950 1307.4
1296960 1307.4
1296970 1306.0
1296980 1305.8
1296990 1305.8
1297000 1305.5
1297010 1307.2
1297020 1307.2
1297030 1309.6
1297040 1311.2
1297050 1311.2
1297060 1311.7
1297070 1311.5
1297080 1311.5
1297090 1311.1
1297100 1309.2
1297110 1307.2
1297120 1307.2
1297130 1304.3
1297140 1295.8
1297150 1295.8
1297160 1286.7
1297170 1286.8
1297180 1286.8
1297190 1291.1
1297200 1292.2
1297210 1292.2
1297220 1293.7
1297230 1296.4
1297240 1288.8
1297250 1291.2
1297260 1292.1
1297270 1292.1
1297280 1292.9
1297290 1293.7
1297300 1293.7
1297310 1294.5
1297320 1294.0
1297330 1294.0
1297340 1292.2
1297350 1290.7
1297360 1290.7
1297370 1289.0
1297380 1287.3
1297390 1284.6
1297400 1284.6
1297410 1282.3
1297420 1279.2
1297430 1279.2
1297440 1276.3
1297450 1278.4
1297460 1278.4
1297470 1278.3
1297480 1275.1
1297490 1275.1
1297500 1273.5
1297510 1271.3
1297520 1271.3
1297530 1269.1
1297540 1267.0
1297550 1267.0
1297560 1264.0
1297570 1261.2
1297580 1261.2
1297590 1257.6
1297600 1253.6
1297610 1253.6
1297620 1250.7
1297630 1250.6
1297640 1250.6
1297650 1250.9
1297660 1249.3
1297670 1246.6
1297680 1246.6
1297690 1244.1
1297700 1243.3
1297710 1243.3
1297720 1244.9
1297730 1244.4
1297740 1244.4
1297750 1244.1
1297760 1241.7
1297770 1241.7
1297780 1238.4
1297790 1235.9
1297800 1235.9
1297810 1233.3
1297820 1230.8
1297830 1230.8
1297840 1229.7
1297850 1227.3
1297860 1227.3
1297870 1224.6
1297880 1222.2
1297890 1222.2
1297900 1220.7
1297910 1220.0
1297920 1213.1
1297930 1211.2
1297940 1210.2
1297950 1210.4
1297960 1210.4
1297970 1209.3
1297980 1207.1
1297990 1207.1
1298000 1203.9
1298010 1201.2
1298020 1201.2
1298030 1199.1
1298040 1197.5
1298050 1197.5
1298060 1195.2
1298070 1192.7
1298080 1192.7
1298090 1190.9
1298100 1190.7
1298110 1190.7
1298120 1190.5
1298130 1189.8
1298140 1189.8
1298150 1189.4
1298160 1189.7
1298170 1189.7
1298180 1189.7
1298190 1188.1
1298200 1188.1
1298210 1186.9
1298220 1185.5
1298230 1185.5
1298240 1183.7
1298250 1181.8
1298260 1179.7
1298270 1179.7
1298280 1177.7
1298290 1177.1
1298300 1177.1
1298310 1177.4
1298320 1176.5
1298330 1176.5
1298340 1174.7
1298350 1173.1
1298360 1173.1
1298370 1172.1
1298380 1170.2
1298390 1170.2
1298400 1167.2
1298410 1163.5
1298420 1163.5
1298430 1159.2
1298440 1155.1
1298450 1155.1
1298460 1151.1
1298470 1146.8
1298480 1146.8
1298490 1142.0
1298500 1137.8
1298510 1137.8
1298520 1133.9
1298530 1128.6
1298540 1124.9
1298550 1124.9
1298560 1121.4
1298570 1116.1
1298580 1116.1
1298590 1111.4
1298600 1107.7
1298610 1103.3
1298620 1098.9
1298630 1094.7
1298640 1094.7
1298650 1090.6
1298660 1087.2
1298670 1087.2
1298680 1084.2
1298690 1080.3
1298700 1080.3
1298710 1075.8
1298720 1071.7
1298730 1071.7
1298740 1067.4
1298750 1062.1
1298760 1062.1
1298770 1057.8
1298780 1057.5
1298790 1057.5
1298800 1057.5
1298810 1058.1
1298820 1057.1
1298830 1057.1
1298840 1054.5
1298850 1051.5
1298860 1051.5
1298870 1047.7
1298880 1043.3
1298890 1043.3
1298900 1036.0
1298910 1027.0
1298920 1027.0
1298930 1020.6
1298940 1018.0
1298950 1018.0
1298960 1023.3
1298970 1026.4
1298980 1026.4
1298990 1025.8
1299000 1024.6
1299010 1024.6
1299020 1023.4
1299030 1021.2
1299040 1021.2
1299050 1018.3
1299060 1015.9
1299070 1015.9
1299080 1014.1
1299090 1013.3
1299100 1012.5
1299110 1012.5
1299120 1011.6
1299130 1010.6
1299140 1010.6
1299150 1009.4
1299160 1007.8
1299170 1007.8
1299180 1006.3
1299190 1004.8
1299200 1004.8
1299210 1003.5
1299220 1001.6
1299230 1001.6
1299240 999.0
1299250 995.6
1299260 995.6
1299270 992.3
1299280 990.1
1299290 986.2
1299300 982.1
1299310 977.9
1299320 977.9
1299330 973.3
1299340 967.9
1299350 967.9
1299360 962.7
1299370 957.5
1299380 951.7
1299390 951.7
1299400 945.5
1299410 939.7
1299420 939.7
1299430 934.0
1299440 928.8
1299450 928.8
1299460 923.4
1299470 918.7
1299480 918.7
1299490 913.8
1299500 907.3
1299510 907.3
1299520 902.1
1299530 897.8
1299540 897.8
1299550 894.2
1299560 889.9
1299570 889.9
1299580 885.0
1299590 882.3
1299600 882.3
1299610 882.7
1299620 881.3
1299630 881.3
1299640 876.8
1299650 871.0
1299660 871.0
1299670 867.0
1299680 864.6
1299690 865.3
1299700 865.3
1299710 862.4
1299720 857.0
1299730 857.0
1299740 851.6
1299750 847.1
1299760 847.1
1299770 845.1
1299780 846.4
1299790 846.4
1299800 849.9
1299810 853.0
1299820 853.0
1299830 852.2
1299840 849.2
1299850 849.2
1299860 845.7
1299870 842.0
1299880 842.0
1299890 838.1
1299900 833.3
1299910 833.3
1299920 827.2
1299930 820.6
1299940 820.6
1299950 813.5
1299960 806.3
1299970 799.7
1299980 801.2
1299990 794.7
