1280000 1900.7
1280010 1900.4
1280020 1900.4
1280030 1900.6
1280040 1900.3
1280050 1900.3
1280060 1899.8
1280070 1899.2
1280080 1899.2
1280090 1898.0
1280100 1895.6
1280110 1895.6
1280120 1894.2
1280130 1892.9
1280140 1892.9
1280150 1891.7
1280160 1890.5
1280170 1889.6
1280180 1889.6
1280190 1888.5
1280200 1887.9
1280210 1887.9
1280220 1888.4
1280230 1888.6
1280240 1888.6
1280250 1888.1
1280260 1888.8
1280270 1888.8
1280280 1888.7
1280290 1887.7
1280300 1887.7
1280310 1887.3
1280320 1885.5
1280330 1885.5
1280340 1885.0
1280350 1884.6
1280360 1884.6
1280370 1885.8
1280380 1886.4
1280390 1886.4
1280400 1887.3
1280410 1888.1
1280420 1888.1
1280430 1889.2
1280440 1890.2
1280450 1890.0
1280460 1890.0
1280470 1890.2
1280480 1889.9
1280490 1889.9
1280500 1888.9
1280510 1888.5
1280520 1888.5
1280530 1887.8
1280540 1886.6
1280550 1886.6
1280560 1886.1
1280570 1885.2
1280580 1885.2
1280590 1884.2
1280600 1882.6
1280610 1882.6
1280620 1881.1
1280630 1879.7
1280640 1879.7
1280650 1878.4
1280660 1877.6
1280670 1877.6
1280680 1876.4
1280690 1875.9
1280700 1875.9
1280710 1876.4
1280720 1873.3
1280730 1870.9
1280740 1870.9
1280750 1869.3
1280760 1868.0
1280770 1868.0
1280780 1866.5
1280790 1865.2
1280800 1865.2
1280810 1864.2
1280820 1863.7
1280830 1863.7
1280840 1862.4
1280850 1861.4
1280860 1861.4
1280870 1861.1
1280880 1862.6
1280890 1862.6
1280900 1862.7
1280910 1860.6
1280920 1860.6
1280930 1858.9
1280940 1856.9
1280950 1856.9
1280960 1855.0
1280970 1852.6
1280980 1852.6
1280990 1850.5
1281000 1849.2
1281010 1849.2
1281020 1848.6
1281030 1847.3
1281040 1848.7
1281050 1848.7
1281060 1849.7
1281070 1851.0
1281080 1851.0
1281090 1852.4
1281100 1852.7
1281110 1852.7
1281120 1853.6
1281130 1853.9
1281140 1853.9
1281150 1853.0
1281160 1850.7
1281170 1850.7
1281180 1851.0
1281190 1850.4
1281200 1850.4
1281210 1849.9
1281220 1848.9
1281230 1848.9
1281240 1846.4
1281250 1846.1
1281260 1846.1
1281270 1844.9
1281280 1840.7
1281290 1840.7
1281300 1836.7
1281310 1835.7
1281320 1835.5
1281330 1835.5
1281340 1833.0
1281350 1822.8
1281360 1822.8
1281370 1821.3
1281380 1818.8
1281390 1818.8
1281400 1814.2
1281410 1809.0
1281420 1809.0
1281430 1804.4
1281440 1799.9
1281450 1799.9
1281460 1794.1
1281470 1788.1
1281480 1788.1
1281490 1782.5
1281500 1778.6
1281510 1778.6
1281520 1779.1
1281530 1782.5
1281540 1782.5
1281550 1784.5
1281560 1785.1
1281570 1785.1
1281580 1785.4
1281590 1783.3
1281600 1779.2
1281610 1779.2
1281620 1776.5
1281630 1775.3
1281640 1775.3
1281650 1774.7
1281660 1772.7
1281670 1772.7
1281680 1769.7
1281690 1767.9
1281700 1767.9
1281710 1767.1
1281720 1765.1
1281730 1765.1
1281740 1763.0
1281750 1760.1
1281760 1760.1
1281770 1758.2
1281780 1756.8
1281790 1756.8
1281800 1754.9
1281810 1751.4
1281820 1751.4
1281830 1747.2
1281840 1744.8
1281850 1744.8
1281860 1742.1
1281870 1736.8
1281880 1729.9
1281890 1729.9
1281900 1721.9
1281910 1713.1
1281920 1713.1
1281930 1704.5
1281940 1696.7
1281950 1696.7
1281960 1689.3
1281970 1682.2
1281980 1680.3
1281990 1672.2
1282000 1666.6
1282010 1666.6
1282020 1658.2
1282030 1649.6
1282040 1649.6
1282050 1644.3
1282060 1639.8
1282070 1639.8
1282080 1636.3
1282090 1633.7
1282100 1633.7
1282110 1630.8
1282120 1626.2
1282130 1626.2
1282140 1620.4
1282150 1612.4
1282160 1601.9
1282170 1601.9
1282180 1593.5
1282190 1585.7
1282200 1585.7
1282210 1579.0
1282220 1574.3
1282230 1574.3
1282240 1571.0
1282250 1569.0
1282260 1569.0
1282270 1565.4
1282280 1564.8
1282290 1564.8
1282300 1568.6
1282310 1571.4
1282320 1571.4
1282330 1567.9
1282340 1563.3
1282350 1563.3
1282360 1557.3
1282370 1556.6
1282380 1556.6
1282390 1559.4
1282400 1555.3
1282410 1555.3
1282420 1555.9
1282430 1556.5
1282440 1556.5
1282450 1555.7
1282460 1554.2
1282470 1552.5
1282480 1552.5
1282490 1549.8
1282500 1546.6
1282510 1546.6
1282520 1544.1
1282530 1541.4
1282540 1541.4
1282550 1538.4
1282560 1535.8
1282570 1535.8
1282580 1532.3
1282590 1528.4
1282600 1528.4
1282610 1522.6
1282620 1518.3
1282630 1518.3
1282640 1514.0
1282650 1510.1
1282660 1510.1
1282670 1506.2
1282680 1502.0
1282690 1502.0
1282700 1497.8
1282710 1493.7
1282720 1493.7
1282730 1489.2
1282740 1484.5
1282750 1478.7
1282760 1478.7
1282770 1471.7
1282780 1465.6
1282790 1465.6
1282800 1461.0
1282810 1458.3
1282820 1458.3
1282830 1455.5
1282840 1450.9
1282850 1450.9
1282860 1447.2
1282870 1445.2
1282880 1445.2
1282890 1443.5
1282900 1440.4
1282910 1440.4
1282920 1436.5
1282930 1432.8
1282940 1432.8
1282950 1429.6
1282960 1426.6
1282970 1426.6
1282980 1424.2
1282990 1421.8
1283000 1421.8
1283010 1418.0
1283020 1415.7
1283030 1415.1
1283040 1415.1
1283050 1413.1
1283060 1410.6
1283070 1410.6
1283080 1407.6
1283090 1405.3
1283100 1405.3
1283110 1403.6
1283120 1401.4
1283130 1401.4
1283140 1399.2
1283150 1396.2
1283160 1396.2
1283170 1392.6
1283180 1390.2
1283190 1390.2
1283200 1388.2
1283210 1386.4
1283220 1386.4
1283230 1384.4
1283240 1378.4
1283250 1378.4
1283260 1374.1
1283270 1369.4
1283280 1369.4
1283290 1365.2
1283300 1360.6
1283310 1357.6
1283320 1357.6
1283330 1356.0
1283340 1353.8
1283350 1353.8
1283360 1352.2
1283370 1356.0
1283380 1356.0
1283390 1356.8
1283400 1356.1
1283410 1356.1
1283420 1355.0
1283430 1354.9
1283440 1354.9
1283450 1352.7
1283460 1350.6
1283470 1350.6
1283480 1348.2
1283490 1345.7
1283500 1345.7
1283510 1342.8
1283520 1338.5
1283530 1338.5
1283540 1331.6
1283550 1322.8
1283560 1322.8
1283570 1316.6
1283580 1317.0
1283590 1317.0
1283600 1320.7
1283610 1323.4
1283620 1317.8
1283630 1317.8
1283640 1312.5
1283650 1315.9
1283660 1315.9
1283670 1319.1
1283680 1320.8
1283690 1320.8
1283700 1320.7
1283710 1321.4
1283720 1321.4
1283730 1316.4
1283740 1314.3
1283750 1314.3
1283760 1316.5
1283770 1320.4
1283780 1320.4
1283790 1325.2
1283800 1328.6
1283810 1328.6
1283820 1332.9
1283830 1334.2
1283840 1334.2
1283850 1332.8
1283860 1334.1
1283870 1334.1
1283880 1343.5
1283890 1344.3
1283900 1345.3
1283910 1345.3
1283920 1349.6
1283930 1354.3
1283940 1354.3
1283950 1356.3
1283960 1356.2
1283970 1356.2
1283980 1354.2
1283990 1350.7
1284000 1350.7
1284010 1345.2
1284020 1339.3
1284030 1339.3
1284040 1333.0
1284050 1325.5
1284060 1325.5
1284070 1317.9
1284080 1310.4
1284090 1310.4
1284100 1303.2
1284110 1296.9
1284120 1296.9
1284130 1290.2
1284140 1283.9
1284150 1283.9
1284160 1283.0
1284170 1279.2
1284180 1269.7
1284190 1269.7
1284200 1270.4
1284210 1274.6
1284220 1274.6
1284230 1270.5
1284240 1268.1
1284250 1268.1
1284260 1270.0
1284270 1272.1
1284280 1272.1
1284290 1272.8
1284300 1272.1
1284310 1272.1
1284320 1271.5
1284330 1270.8
1284340 1270.8
1284350 1269.7
1284360 1269.0
1284370 1269.0
1284380 1268.4
1284390 1267.3
1284400 1267.3
1284410 1266.0
1284420 1266.6
1284430 1266.6
1284440 1267.5
1284450 1267.5
1284460 1266.4
1284470 1266.4
1284480 1262.8
1284490 1255.9
1284500 1255.9
1284510 1250.9
1284520 1244.5
1284530 1244.5
1284540 1240.6
1284550 1237.2
1284560 1237.2
1284570 1234.1
1284580 1232.2
1284590 1232.2
1284600 1227.6
1284610 1226.8
1284620 1226.8
1284630 1228.5
1284640 1230.7
1284650 1230.7
1284660 1232.8
1284670 1228.9
1284680 1228.9
1284690 1224.4
1284700 1221.2
1284710 1221.2
1284720 1217.8
1284730 1214.9
1284740 1214.9
1284750 1209.6
1284760 1204.2
1284770 1200.9
1284780 1200.9
1284790 1197.9
1284800 1197.3
1284810 1197.3
1284820 1195.3
1284830 1190.5
1284840 1190.5
1284850 1184.5
1284860 1177.6
1284870 1177.6
1284880 1171.7
1284890 1168.6
1284900 1168.6
1284910 1166.4
1284920 1162.2
1284930 1162.2
1284940 1159.1
1284950 1155.5
1284960 1155.5
1284970 1152.0
1284980 1149.9
1284990 1149.9
1285000 1147.6
1285010 1143.4
1285020 1143.4
1285030 1139.3
1285040 1137.5
1285050 1136.4
1285060 1136.4
1285070 1135.5
1285080 1134.6
1285090 1134.6
1285100 1133.4
1285110 1132.4
1285120 1132.4
1285130 1131.2
1285140 1130.2
1285150 1131.2
1285160 1129.6
1285170 1128.6
1285180 1128.6
1285190 1127.9
1285200 1128.7
1285210 1128.7
1285220 1128.3
1285230 1128.1
1285240 1128.1
1285250 1127.4
1285260 1125.7
1285270 1125.7
1285280 1124.7
1285290 1123.0
1285300 1123.0
1285310 1120.4
1285320 1116.3
1285330 1112.5
1285340 1112.5
1285350 1109.7
1285360 1109.0
1285370 1109.0
1285380 1109.5
1285390 1109.9
1285400 1109.9
1285410 1108.9
1285420 1108.2
1285430 1108.2
1285440 1107.8
1285450 1107.1
1285460 1107.1
1285470 1101.9
1285480 1096.8
1285490 1096.8
1285500 1095.6
1285510 1096.6
1285520 1096.6
1285530 1097.2
1285540 1096.2
1285550 1096.2
1285560 1093.9
1285570 1091.9
1285580 1091.9
1285590 1090.3
1285600 1088.9
1285610 1087.5
1285620 1087.5
1285630 1085.9
1285640 1084.4
1285650 1084.4
1285660 1083.4
1285670 1083.3
1285680 1083.3
1285690 1083.3
1285700 1083.4
1285710 1083.4
1285720 1082.9
1285730 1082.6
1285740 1082.6
1285750 1082.3
1285760 1081.9
1285770 1081.9
1285780 1081.6
1285790 1080.9
1285800 1080.9
1285810 1080.7
1285820 1080.4
1285830 1080.4
1285840 1080.6
1285850 1081.1
1285860 1081.1
1285870 1082.9
1285880 1086.3
1285890 1086.3
1285900 1090.7
1285910 1092.4
1285920 1087.8
1285930 1087.8
1285940 1094.6
1285950 1103.1
1285960 1103.1
1285970 1108.7
1285980 1113.7
1285990 1113.7
1286000 1117.4
1286010 1119.7
1286020 1119.7
1286030 1123.9
1286040 1126.4
1286050 1126.4
1286060 1131.7
1286070 1136.4
1286080 1136.4
1286090 1142.3
1286100 1144.8
1286110 1144.8
1286120 1145.9
1286130 1151.3
1286140 1151.3
1286150 1154.9
1286160 1158.3
1286170 1158.3
1286180 1160.4
1286190 1168.6
1286200 1176.9
1286210 1176.9
1286220 1172.9
1286230 1181.5
1286240 1181.5
1286250 1191.3
1286260 1193.0
1286270 1193.0
1286280 1202.3
1286290 1210.2
1286300 1210.2
1286310 1213.0
1286320 1218.8
1286330 1218.8
1286340 1230.0
1286350 1234.3
1286360 1234.3
1286370 1246.4
1286380 1257.4
1286390 1257.4
1286400 1261.5
1286410 1265.9
1286420 1265.9
1286430 1269.9
1286440 1263.9
1286450 1263.9
1286460 1264.4
1286470 1260.1
1286480 1259.5
1286490 1259.5
1286500 1271.8
1286510 1280.8
1286520 1280.8
1286530 1282.2
1286540 1282.9
1286550 1282.9
1286560 1285.8
1286570 1288.4
1286580 1288.4
1286590 1293.0
1286600 1298.0
1286610 1298.0
1286620 1302.7
1286630 1306.8
1286640 1306.8
1286650 1308.1
1286660 1308.6
1286670 1308.6
1286680 1318.4
1286690 1329.3
1286700 1329.3
1286710 1330.5
1286720 1332.4
1286730 1332.4
1286740 1337.7
1286750 1342.0
1286760 1345.2
1286770 1345.2
1286780 1350.5
1286790 1353.5
1286800 1353.5
1286810 1354.6
1286820 1354.0
1286830 1354.0
1286840 1354.0
1286850 1358.7
1286860 1358.7
1286870 1365.8
1286880 1368.8
1286890 1368.8
1286900 1370.7
1286910 1373.1
1286920 1373.1
1286930 1378.7
1286940 1386.2
1286950 1386.2
1286960 1391.1
1286970 1394.1
1286980 1394.1
1286990 1392.7
1287000 1390.0
1287010 1390.0
1287020 1390.1
1287030 1390.2
1287040 1390.2
1287050 1388.8
1287060 1385.5
1287070 1384.2
1287080 1376.0
1287090 1373.8
1287100 1370.8
1287110 1370.8
1287120 1364.6
1287130 1357.3
1287140 1357.3
1287150 1349.1
1287160 1342.2
1287170 1342.2
1287180 1328.4
1287190 1307.3
1287200 1307.3
1287210 1303.6
1287220 1298.0
1287230 1298.0
1287240 1287.6
1287250 1276.4
1287260 1276.4
1287270 1265.2
1287280 1254.7
1287290 1254.7
1287300 1242.0
1287310 1228.2
1287320 1228.2
1287330 1214.7
1287340 1188.9
1287350 1169.2
1287360 1169.2
1287370 1169.0
1287380 1182.7
1287390 1182.7
1287400 1214.1
1287410 1232.6
1287420 1232.6
1287430 1243.0
1287440 1249.6
1287450 1249.6
1287460 1256.1
1287470 1263.2
1287480 1263.2
1287490 1270.4
1287500 1277.8
1287510 1277.8
1287520 1285.8
1287530 1292.5
1287540 1292.5
1287550 1298.7
1287560 1309.7
1287570 1309.7
1287580 1332.4
1287590 1356.6
1287600 1356.6
1287610 1368.3
1287620 1378.8
1287630 1386.6
1287640 1386.6
1287650 1392.6
1287660 1399.5
1287670 1399.5
1287680 1407.8
1287690 1415.0
1287700 1415.0
1287710 1424.5
1287720 1433.2
1287730 1431.1
1287740 1439.1
1287750 1447.0
1287760 1447.0
1287770 1454.6
1287780 1461.5
1287790 1461.5
1287800 1469.8
1287810 1477.8
1287820 1477.8
1287830 1486.4
1287840 1494.6
1287850 1494.6
1287860 1502.7
1287870 1510.5
1287880 1510.5
1287890 1519.2
1287900 1528.2
1287910 1535.2
1287920 1535.2
1287930 1540.0
1287940 1545.0
1287950 1545.0
1287960 1549.8
1287970 1555.2
1287980 1555.2
1287990 1562.0
1288000 1568.4
1288010 1568.4
1288020 1570.4
1288030 1571.6
1288040 1571.6
1288050 1572.9
1288060 1575.1
1288070 1575.1
1288080 1575.3
1288090 1573.4
1288100 1573.4
1288110 1569.6
1288120 1563.0
1288130 1563.0
1288140 1558.9
1288150 1550.6
1288160 1550.6
1288170 1542.4
1288180 1535.5
1288190 1531.8
1288200 1531.8
1288210 1529.7
1288220 1527.4
1288230 1527.4
1288240 1531.7
1288250 1536.2
1288260 1536.2
1288270 1540.9
1288280 1550.8
1288290 1550.8
1288300 1558.0
1288310 1565.3
1288320 1565.3
1288330 1571.9
1288340 1573.7
1288350 1573.7
1288360 1580.5
1288370 1586.1
1288380 1576.8
1288390 1581.0
1288400 1582.8
1288410 1582.8
1288420 1583.6
1288430 1584.0
1288440 1584.0
1288450 1582.4
1288460 1583.9
1288470 1583.9
1288480 1586.4
1288490 1587.0
1288500 1566.2
1288510 1566.2
1288520 1549.7
1288530 1545.4
1288540 1545.4
1288550 1550.1
1288560 1557.6
1288570 1557.6
1288580 1566.1
1288590 1576.0
1288600 1576.0
1288610 1585.5
1288620 1588.4
1288630 1588.4
1288640 1590.0
1288650 1597.0
1288660 1597.0
1288670 1613.5
1288680 1632.0
1288690 1632.0
1288700 1648.8
1288710 1654.0
1288720 1654.0
1288730 1656.2
1288740 1654.4
1288750 1654.4
1288760 1649.9
1288770 1644.1
1288780 1637.8
1288790 1637.8
1288800 1629.1
1288810 1629.9
1288820 1629.9
1288830 1646.9
1288840 1658.1
1288850 1658.1
1288860 1655.0
1288870 1647.3
1288880 1647.3
1288890 1639.6
1288900 1633.4
1288910 1633.4
1288920 1631.0
1288930 1627.3
1288940 1627.3
1288950 1627.3
1288960 1631.5
1288970 1631.5
1288980 1633.1
1288990 1635.3
1289000 1635.3
1289010 1628.0
1289020 1619.9
1289030 1611.1
1289040 1616.9
1289050 1625.1
1289060 1624.9
1289070 1624.9
1289080 1623.6
1289090 1623.2
1289100 1623.2
1289110 1629.3
1289120 1634.1
1289130 1634.1
1289140 1642.5
1289150 1632.9
1289160 1632.9
1289170 1626.5
1289180 1624.2
1289190 1624.2
1289200 1639.6
1289210 1645.4
1289220 1645.4
1289230 1641.0
1289240 1623.4
1289250 1623.4
1289260 1607.2
1289270 1600.7
1289280 1600.7
1289290 1595.9
1289300 1588.4
1289310 1588.4
1289320 1584.5
1289330 1581.4
1289340 1574.8
1289350 1574.8
1289360 1569.9
1289370 1564.4
1289380 1564.4
1289390 1554.2
1289400 1549.0
1289410 1549.0
1289420 1549.5
1289430 1553.7
1289440 1553.7
1289450 1559.0
1289460 1559.4
1289470 1559.4
1289480 1560.8
1289490 1563.4
1289500 1563.4
1289510 1565.2
1289520 1566.7
1289530 1566.7
1289540 1567.7
1289550 1568.5
1289560 1568.5
1289570 1567.1
1289580 1561.2
1289590 1561.2
1289600 1553.0
1289610 1541.6
1289620 1541.6
1289630 1492.9
1289640 1434.2
1289650 1452.3
1289660 1452.3
1289670 1461.6
1289680 1524.7
1289690 1524.7
1289700 1517.8
1289710 1510.2
1289720 1510.2
1289730 1503.5
1289740 1498.7
1289750 1498.7
1289760 1498.7
1289770 1494.4
1289780 1494.4
1289790 1489.5
1289800 1485.4
1289810 1485.4
1289820 1480.2
1289830 1473.8
1289840 1473.8
1289850 1466.0
1289860 1457.5
1289870 1457.5
1289880 1448.4
1289890 1438.5
1289900 1438.5
1289910 1429.0
1289920 1423.1
1289930 1417.2
1289940 1417.2
1289950 1409.8
1289960 1402.5
1289970 1402.5
1289980 1395.5
1289990 1388.5
1290000 1388.5
1290010 1381.2
1290020 1372.6
1290030 1372.6
1290040 1365.0
1290050 1358.5
1290060 1358.5
1290070 1352.4
1290080 1346.4
1290090 1346.4
1290100 1339.0
1290110 1331.8
1290120 1331.8
1290130 1325.7
1290140 1319.8
1290150 1319.8
1290160 1313.0
1290170 1304.0
1290180 1304.0
1290190 1296.5
1290200 1289.8
1290210 1284.5
1290220 1284.5
1290230 1278.2
1290240 1271.0
1290250 1271.0
1290260 1264.5
1290270 1261.7
1290280 1261.7
1290290 1259.7
1290300 1255.9
1290310 1255.9
1290320 1251.2
1290330 1246.8
1290340 1244.2
1290350 1238.8
1290360 1234.5
1290370 1234.5
1290380 1232.4
1290390 1229.4
1290400 1229.4
1290410 1225.3
1290420 1220.4
1290430 1220.4
1290440 1215.0
1290450 1209.6
1290460 1209.6
1290470 1204.4
1290480 1198.9
1290490 1193.3
1290500 1193.3
1290510 1187.3
1290520 1181.0
1290530 1181.0
1290540 1174.4
1290550 1167.5
1290560 1167.5
1290570 1160.4
1290580 1153.2
1290590 1153.2
1290600 1143.5
1290610 1127.2
1290620 1127.2
1290630 1103.5
1290640 1053.7
1290650 1053.7
1290660 1037.5
1290670 1027.5
1290680 1027.5
1290690 1013.4
1290700 996.6
1290710 996.6
1290720 971.5
1290730 974.0
1290740 974.0
1290750 998.6
1290760 1002.4
1290770 1002.6
1290780 1002.6
1290790 1001.1
1290800 993.8
1290810 993.8
1290820 995.1
1290830 994.0
1290840 994.0
1290850 1000.7
1290860 1013.7
1290870 1013.7
1290880 1022.8
1290890 1030.6
1290900 1030.6
1290910 1037.7
1290920 1044.5
1290930 1044.5
1290940 1050.6
1290950 1057.6
1290960 1057.6
1290970 1064.9
1290980 1072.5
1290990 1073.4
1291000 1080.7
1291010 1087.9
1291020 1087.9
1291030 1095.1
1291040 1102.3
1291050 1102.3
1291060 1113.3
1291070 1135.3
1291080 1149.7
1291090 1149.7
1291100 1165.7
1291110 1178.1
1291120 1178.1
1291130 1187.8
1291140 1199.2
1291150 1199.2
1291160 1210.0
1291170 1223.2
1291180 1223.2
1291190 1236.9
1291200 1248.7
1291210 1248.7
1291220 1256.1
1291230 1263.2
1291240 1263.2
1291250 1271.8
1291260 1281.8
1291270 1281.8
1291280 1291.8
1291290 1301.7
1291300 1301.7
1291310 1310.6
1291320 1322.4
1291330 1322.4
1291340 1333.5
1291350 1344.1
1291360 1352.8
1291370 1352.8
1291380 1361.2
1291390 1370.0
1291400 1370.0
1291410 1379.4
1291420 1387.4
1291430 1387.4
1291440 1395.2
1291450 1404.5
1291460 1404.5
1291470 1416.4
1291480 1426.9
1291490 1426.9
1291500 1435.7
1291510 1444.5
1291520 1444.5
1291530 1456.6
1291540 1471.6
1291550 1471.6
1291560 1485.5
1291570 1496.2
1291580 1496.2
1291590 1509.3
1291600 1527.2
1291610 1527.2
1291620 1546.5
1291630 1563.1
1291640 1577.5
1291650 1577.5
1291660 1588.0
1291670 1600.4
1291680 1600.4
1291690 1616.0
1291700 1630.3
1291710 1630.3
1291720 1642.7
1291730 1653.8
1291740 1653.8
1291750 1664.4
1291760 1674.1
1291770 1674.1
1291780 1682.0
1291790 1690.9
1291800 1690.9
1291810 1701.5
1291820 1711.4
1291830 1711.4
1291840 1718.4
1291850 1726.0
1291860 1726.0
1291870 1733.9
1291880 1741.4
1291890 1741.4
1291900 1750.3
1291910 1756.7
1291920 1761.8
1291930 1761.8
1291940 1767.7
1291950 1772.1
1291960 1772.1
1291970 1775.7
1291980 1778.6
1291990 1778.6
1292000 1779.8
1292010 1779.3
1292020 1779.3
1292030 1776.3
1292040 1776.8
1292050 1776.8
1292060 1777.1
1292070 1777.1
1292080 1777.1
1292090 1774.9
1292100 1765.6
1292110 1765.6
1292120 1735.7
1292130 1706.6
1292140 1706.6
1292150 1684.9
1292160 1676.7
1292170 1676.7
1292180 1682.1
1292190 1691.2
1292200 1698.3
1292210 1698.3
1292220 1703.8
1292230 1710.3
1292240 1710.3
1292250 1717.7
1292260 1725.1
1292270 1725.1
1292280 1741.5
1292290 1749.1
1292300 1749.1
1292310 1756.6
1292320 1761.6
1292330 1761.6
1292340 1771.9
1292350 1776.4
1292360 1776.4
1292370 1780.6
1292380 1784.4
1292390 1784.4
1292400 1786.8
1292410 1784.7
1292420 1784.7
1292430 1783.9
1292440 1795.0
1292450 1795.0
1292460 1802.9
1292470 1807.2
1292480 1807.2
1292490 1811.6
1292500 1812.0
1292510 1806.3
1292520 1806.3
1292530 1793.9
1292540 1781.1
1292550 1781.1
1292560 1770.7
1292570 1763.2
1292580 1763.2
1292590 1760.6
1292600 1758.1
1292610 1758.1
1292620 1752.2
1292630 1742.4
1292640 1742.4
1292650 1736.0
1292660 1731.1
1292670 1731.1
1292680 1727.1
1292690 1720.0
1292700 1720.0
1292710 1709.6
1292720 1704.2
1292730 1704.2
1292740 1702.4
1292750 1699.6
1292760 1699.6
1292770 1697.9
1292780 1694.9
1292790 1691.3
1292800 1691.3
1292810 1685.1
1292820 1679.0
1292830 1679.0
1292840 1669.6
1292850 1657.5
1292860 1657.5
1292870 1644.2
1292880 1637.2
1292890 1637.2
1292900 1630.1
1292910 1621.1
1292920 1621.1
1292930 1614.2
1292940 1608.0
1292950 1608.0
1292960 1600.8
1292970 1591.3
1292980 1588.0
1292990 1572.8
1293000 1559.3
1293010 1559.3
1293020 1545.9
1293030 1534.9
1293040 1534.9
1293050 1524.8
1293060 1524.8
1293070 1526.0
1293080 1526.0
1293090 1532.8
1293100 1549.8
1293110 1549.8
1293120 1565.2
1293130 1574.8
1293140 1574.8
1293150 1586.3
1293160 1595.1
1293170 1595.1
1293180 1601.1
1293190 1605.3
1293200 1605.3
1293210 1608.9
1293220 1612.0
1293230 1612.0
1293240 1614.1
1293250 1616.0
1293260 1616.0
1293270 1617.2
1293280 1618.4
1293290 1618.4
1293300 1618.3
1293310 1614.9
1293320 1614.9
1293330 1609.1
1293340 1604.4
1293350 1598.6
1293360 1598.6
1293370 1592.4
1293380 1588.1
1293390 1588.1
1293400 1585.8
1293410 1584.7
1293420 1584.7
1293430 1583.8
1293440 1581.8
1293450 1581.8
1293460 1578.9
1293470 1575.7
1293480 1575.7
1293490 1571.6
1293500 1564.0
1293510 1564.0
1293520 1556.7
1293530 1548.3
1293540 1548.3
1293550 1543.0
1293560 1538.8
1293570 1538.8
1293580 1535.3
1293590 1532.0
1293600 1532.0
1293610 1528.1
1293620 1520.0
1293630 1520.0
1293640 1505.5
1293650 1484.7
1293660 1472.2
1293670 1472.2
1293680 1454.7
1293690 1437.9
1293700 1437.9
1293710 1429.9
1293720 1425.1
1293730 1425.1
1293740 1424.9
1293750 1425.5
1293760 1425.5
1293770 1420.5
1293780 1414.1
1293790 1414.1
1293800 1410.2
1293810 1406.2
1293820 1406.2
1293830 1400.5
1293840 1392.9
1293850 1392.9
1293860 1383.3
1293870 1382.5
1293880 1382.5
1293890 1384.9
1293900 1378.8
1293910 1378.8
1293920 1365.0
1293930 1372.7
1293940 1384.4
1293950 1384.4
1293960 1391.8
1293970 1394.7
1293980 1394.7
1293990 1395.2
1294000 1394.7
1294010 1394.7
1294020 1395.4
1294030 1394.6
1294040 1394.6
1294050 1390.2
1294060 1385.1
1294070 1385.1
1294080 1381.0
1294090 1376.6
1294100 1376.6
1294110 1370.6
1294120 1365.4
1294130 1365.4
1294140 1362.5
1294150 1361.7
1294160 1361.7
1294170 1361.3
1294180 1360.9
1294190 1360.9
1294200 1358.6
1294210 1354.8
1294220 1350.0
1294230 1350.0
1294240 1345.7
1294250 1341.6
1294260 1341.6
1294270 1337.1
1294280 1334.2
1294290 1334.2
1294300 1333.8
1294310 1334.8
1294320 1329.1
1294330 1332.2
1294340 1339.0
1294350 1339.0
1294360 1347.0
1294370 1355.1
1294380 1355.1
1294390 1363.4
1294400 1368.5
1294410 1368.5
1294420 1365.2
1294430 1357.1
1294440 1357.1
1294450 1349.2
1294460 1341.7
1294470 1341.7
1294480 1335.0
1294490 1328.3
1294500 1323.0
1294510 1323.0
1294520 1320.1
1294530 1321.1
1294540 1321.1
1294550 1326.5
1294560 1336.1
1294570 1336.1
1294580 1345.2
1294590 1351.7
1294600 1351.7
1294610 1358.0
1294620 1362.7
1294630 1362.7
1294640 1364.6
1294650 1366.1
1294660 1366.1
1294670 1367.2
1294680 1369.2
1294690 1369.2
1294700 1373.6
1294710 1379.9
1294720 1379.9
1294730 1385.4
1294740 1390.4
1294750 1390.4
1294760 1396.1
1294770 1402.4
1294780 1408.7
1294790 1408.7
1294800 1414.2
1294810 1418.2
1294820 1418.2
1294830 1421.4
1294840 1424.3
1294850 1424.3
1294860 1426.9
1294870 1430.3
1294880 1430.3
1294890 1434.7
1294900 1439.3
1294910 1439.3
1294920 1443.7
1294930 1447.3
1294940 1447.3
1294950 1450.8
1294960 1454.9
1294970 1454.9
1294980 1458.7
1294990 1453.9
1295000 1453.9
1295010 1454.2
1295020 1453.2
1295030 1453.2
1295040 1450.2
1295050 1445.6
1295060 1445.6
1295070 1440.7
1295080 1436.1
1295090 1431.3
1295100 1431.3
1295110 1424.0
1295120 1416.7
1295130 1416.7
1295140 1407.2
1295150 1398.7
1295160 1398.7
1295170 1387.6
1295180 1373.7
1295190 1373.7
1295200 1365.5
1295210 1359.5
1295220 1359.5
1295230 1357.4
1295240 1352.9
1295250 1352.9
1295260 1341.0
1295270 1327.4
1295280 1327.4
1295290 1318.1
1295300 1309.5
1295310 1309.5
1295320 1300.8
1295330 1293.1
1295340 1293.1
1295350 1292.2
1295360 1289.1
1295370 1283.1
1295380 1283.1
1295390 1267.9
1295400 1254.1
1295410 1254.1
1295420 1251.4
1295430 1252.0
1295440 1252.0
1295450 1246.7
1295460 1236.2
1295470 1236.2
1295480 1226.8
1295490 1211.7
1295500 1211.7
1295510 1215.3
1295520 1221.8
1295530 1221.8
1295540 1226.5
1295550 1239.7
1295560 1239.7
1295570 1256.8
1295580 1270.8
1295590 1270.8
1295600 1280.1
1295610 1289.7
1295620 1289.7
1295630 1297.8
1295640 1305.0
1295650 1309.9
1295660 1309.9
1295670 1299.7
1295680 1293.7
1295690 1293.7
1295700 1291.0
1295710 1291.9
1295720 1291.9
1295730 1290.5
1295740 1288.2
1295750 1288.2
1295760 1290.6
1295770 1287.9
1295780 1287.9
1295790 1284.9
1295800 1285.1
1295810 1285.1
1295820 1282.4
1295830 1278.4
1295840 1278.4
1295850 1276.9
1295860 1268.7
1295870 1268.7
1295880 1260.9
1295890 1261.6
1295900 1261.6
1295910 1260.6
1295920 1260.1
1295930 1259.6
1295940 1259.6
1295950 1257.4
1295960 1254.2
1295970 1254.2
1295980 1251.5
1295990 1253.4
1296000 1253.4
1296010 1261.1
1296020 1265.8
1296030 1265.8
1296040 1263.5
1296050 1264.1
1296060 1264.1
1296070 1274.7
1296080 1286.7
1296090 1286.7
1296100 1296.3
1296110 1301.8
1296120 1301.8
1296130 1306.0
1296140 1309.2
1296150 1309.2
1296160 1312.3
1296170 1315.1
1296180 1315.1
1296190 1314.5
1296200 1310.5
1296210 1310.5
1296220 1305.9
1296230 1303.3
1296240 1301.3
1296250 1301.3
1296260 1298.6
1296270 1295.6
1296280 1295.6
1296290 1291.2
1296300 1280.7
1296310 1280.7
1296320 1267.1
1296330 1258.5
1296340 1252.3
1296350 1245.9
1296360 1243.0
1296370 1243.0
1296380 1232.8
1296390 1223.5
1296400 1223.5
1296410 1232.1
1296420 1235.3
1296430 1235.3
1296440 1229.9
1296450 1231.1
1296460 1231.1
1296470 1232.6
1296480 1236.8
1296490 1236.8
1296500 1240.2
1296510 1241.1
1296520 1244.1
1296530 1244.1
1296540 1251.8
1296550 1260.9
1296560 1260.9
1296570 1267.0
1296580 1270.5
1296590 1270.5
1296600 1270.5
1296610 1270.7
1296620 1270.7
1296630 1269.3
1296640 1266.8
1296650 1266.8
1296660 1261.7
1296670 1255.1
1296680 1255.1
1296690 1249.9
1296700 1245.3
1296710 1245.3
1296720 1244.1
1296730 1243.2
1296740 1243.2
1296750 1241.9
1296760 1243.2
1296770 1243.2
1296780 1245.1
1296790 1248.0
1296800 1252.1
1296810 1252.1
1296820 1257.2
1296830 1264.3
1296840 1264.3
1296850 1269.6
1296860 1276.2
1296870 1276.2
1296880 1283.8
1296890 1290.6
1296900 1290.6
1296910 1297.5
1296920 1303.1
1296930 1303.1
1296940 1306.6
1296950 1308.6
1296960 1308.6
1296970 1310.0
1296980 1310.9
1296990 1310.9
1297000 1311.1
1297010 1312.5
1297020 1307.2
1297030 1309.6
1297040 1311.2
1297050 1311.2
1297060 1311.7
1297070 1311.5
1297080 1311.1
1297090 1311.1
1297100 1309.2
1297110 1307.2
1297120 1307.2
1297130 1304.3
1297140 1295.8
1297150 1295.8
1297160 1286.7
1297170 1286.8
1297180 1286.8
1297190 1291.1
1297200 1292.2
1297210 1292.2
1297220 1293.7
1297230 1296.4
1297240 1296.4
1297250 1300.2
1297260 1301.0
1297270 1301.0
1297280 1300.2
1297290 1301.1
1297300 1301.1
1297310 1302.4
1297320 1302.9
1297330 1302.9
1297340 1300.3
1297350 1298.8
1297360 1297.6
1297370 1297.6
1297380 1295.5
1297390 1293.6
1297400 1293.6
1297410 1291.1
1297420 1287.7
1297430 1287.7
1297440 1285.2
1297450 1286.1
1297460 1286.1
1297470 1286.5
1297480 1283.9
1297490 1283.9
1297500 1282.5
1297510 1279.9
1297520 1279.9
1297530 1277.8
1297540 1275.1
1297550 1275.1
1297560 1271.8
1297570 1268.9
1297580 1268.9
1297590 1264.7
1297600 1260.2
1297610 1260.2
1297620 1258.2
1297630 1259.4
1297640 1259.4
1297650 1259.0
1297660 1257.7
1297670 1255.0
1297680 1255.0
1297690 1252.2
1297700 1243.3
1297710 1243.3
1297720 1244.9
1297730 1244.4
1297740 1244.4
1297750 1244.1
1297760 1241.7
1297770 1241.7
1297780 1238.4
1297790 1235.9
1297800 1235.9
1297810 1233.3
1297820 1230.8
1297830 1230.8
1297840 1229.7
1297850 1227.3
1297860 1227.3
1297870 1224.6
1297880 1222.2
1297890 1222.2
1297900 1220.7
1297910 1220.0
1297920 1220.0
1297930 1217.8
1297940 1216.3
1297950 1216.6
1297960 1216.6
1297970 1215.5
1297980 1214.6
1297990 1214.6
1298000 1213.0
1298010 1211.3
1298020 1211.3
1298030 1208.3
1298040 1205.8
1298050 1205.8
1298060 1204.1
1298070 1203.0
1298080 1203.0
1298090 1200.6
1298100 1199.5
1298110 1199.5
1298120 1199.3
1298130 1198.6
1298140 1198.6
1298150 1197.9
1298160 1197.7
1298170 1197.7
1298180 1197.1
1298190 1195.1
1298200 1195.1
1298210 1193.7
1298220 1192.4
1298230 1190.6
1298240 1190.6
1298250 1188.9
1298260 1186.7
1298270 1186.7
1298280 1185.2
1298290 1184.6
1298300 1184.6
1298310 1184.6
1298320 1183.5
1298330 1183.5
1298340 1181.6
1298350 1180.1
1298360 1180.1
1298370 1179.1
1298380 1170.2
1298390 1170.2
1298400 1167.2
1298410 1163.5
1298420 1163.5
1298430 1159.2
1298440 1155.1
1298450 1155.1
1298460 1151.1
1298470 1146.8
1298480 1146.8
1298490 1142.0
1298500 1137.8
1298510 1133.9
1298520 1133.9
1298530 1128.6
1298540 1124.9
1298550 1124.9
1298560 1121.4
1298570 1116.1
1298580 1116.1
1298590 1111.4
1298600 1107.7
1298610 1107.7
1298620 1103.4
1298630 1098.8
1298640 1098.8
1298650 1095.1
1298660 1092.5
1298670 1092.5
1298680 1089.1
1298690 1084.6
1298700 1084.6
1298710 1080.0
1298720 1076.2
1298730 1076.2
1298740 1071.5
1298750 1065.9
1298760 1065.9
1298770 1063.1
1298780 1063.8
1298790 1063.8
1298800 1063.0
1298810 1063.9
1298820 1063.0
1298830 1063.0
1298840 1060.1
1298850 1057.0
1298860 1057.0
1298870 1053.0
1298880 1046.7
1298890 1046.7
1298900 1038.5
1298910 1030.0
1298920 1030.0
1298930 1024.0
1298940 1023.9
1298950 1023.9
1298960 1027.8
1298970 1030.3
1298980 1030.3
1298990 1030.0
1299000 1029.8
1299010 1029.8
1299020 1029.3
1299030 1026.4
1299040 1026.4
1299050 1023.3
1299060 1020.5
1299070 1015.9
1299080 1014.1
1299090 1013.3
1299100 1012.5
1299110 1012.5
1299120 1011.6
1299130 1010.6
1299140 1010.6
1299150 1009.4
1299160 1007.8
1299170 1007.8
1299180 1006.3
1299190 1004.8
1299200 1004.8
1299210 1003.5
1299220 1001.6
1299230 1001.6
1299240 999.0
1299250 995.6
1299260 995.6
1299270 992.3
1299280 990.1
1299290 990.1
1299300 987.3
1299310 983.1
1299320 983.1
1299330 978.5
1299340 973.7
1299350 973.7
1299360 969.1
1299370 964.2
1299380 957.6
1299390 957.6
1299400 950.7
1299410 944.6
1299420 944.6
1299430 939.0
1299440 933.0
1299450 933.0
1299460 926.4
1299470 919.2
1299480 919.2
1299490 913.0
1299500 905.4
1299510 905.4
1299520 900.1
1299530 896.9
1299540 896.9
1299550 893.6
1299560 890.4
1299570 890.4
1299580 887.9
1299590 888.2
1299600 888.2
1299610 888.6
1299620 885.9
1299630 885.9
1299640 880.5
1299650 875.4
1299660 872.0
1299670 872.0
1299680 870.4
1299690 870.6
1299700 870.6
1299710 866.5
1299720 860.7
1299730 860.7
1299740 856.1
1299750 852.5
1299760 847.1
1299770 845.1
1299780 846.4
1299790 846.4
1299800 849.9
1299810 853.0
1299820 853.0
1299830 852.2
1299840 849.2
1299850 849.2
1299860 845.7
1299870 842.0
1299880 842.0
1299890 838.1
1299900 833.3
1299910 833.3
1299920 827.2
1299930 820.6
1299940 813.5
1299950 813.5
1299960 806.3
1299970 799.7
1299980 799.7
1299990 793.2
