1280000 2152.3
1280010 2152.9
1280020 2152.9
1280030 2153.5
1280040 2151.5
1280050 2151.5
1280060 2151.9
1280070 2151.3
1280080 2152.9
1280090 2142.5
1280100 2145.2
1280110 2147.6
1280120 2147.6
1280130 2150.0
1280140 2152.7
1280150 2152.7
1280160 2154.6
1280170 2155.8
1280180 2155.8
1280190 2156.3
1280200 2151.4
1280210 2151.4
1280220 2148.3
1280230 2147.2
1280240 2147.2
1280250 2147.4
1280260 2146.8
1280270 2146.8
1280280 2144.7
1280290 2144.6
1280300 2144.6
1280310 2146.4
1280320 2148.2
1280330 2148.2
1280340 2146.1
1280350 2140.9
1280360 2140.9
1280370 2144.7
1280380 2153.4
1280390 2160.2
1280400 2160.2
1280410 2163.3
1280420 2164.3
1280430 2164.3
1280440 2164.7
1280450 2163.1
1280460 2163.1
1280470 2158.4
1280480 2151.8
1280490 2151.8
1280500 2144.9
1280510 2146.9
1280520 2146.9
1280530 2152.1
1280540 2157.0
1280550 2157.0
1280560 2161.8
1280570 2167.1
1280580 2167.1
1280590 2172.8
1280600 2177.5
1280610 2177.5
1280620 2178.7
1280630 2177.9
1280640 2177.9
1280650 2177.2
1280660 2176.2
1280670 2173.5
1280680 2173.5
1280690 2173.6
1280700 2175.9
1280710 2169.4
1280720 2171.9
1280730 2173.1
1280740 2173.1
1280750 2172.8
1280760 2172.3
1280770 2172.3
1280780 2169.2
1280790 2158.9
1280800 2158.9
1280810 2148.6
1280820 2140.7
1280830 2140.7
1280840 2132.6
1280850 2125.0
1280860 2125.0
1280870 2117.7
1280880 2110.4
1280890 2110.4
1280900 2103.4
1280910 2096.9
1280920 2096.9
1280930 2091.5
1280940 2088.6
1280950 2087.0
1280960 2087.0
1280970 2083.9
1280980 2080.1
1280990 2080.1
1281000 2075.8
1281010 2071.2
1281020 2071.2
1281030 2066.7
1281040 2062.1
1281050 2062.1
1281060 2057.2
1281070 2052.1
1281080 2052.1
1281090 2047.2
1281100 2041.8
1281110 2041.8
1281120 2035.5
1281130 2034.1
1281140 2034.1
1281150 2034.8
1281160 2029.3
1281170 2029.3
1281180 2021.3
1281190 2018.6
1281200 2018.6
1281210 2017.8
1281220 2015.7
1281230 2013.8
1281240 2013.8
1281250 2010.9
1281260 2007.6
1281270 2007.6
1281280 2007.1
1281290 2008.2
1281300 2008.2
1281310 2007.9
1281320 2007.1
1281330 2007.1
1281340 1999.0
1281350 1996.7
1281360 1996.7
1281370 1993.7
1281380 1991.3
1281390 1991.3
1281400 1988.8
1281410 1985.9
1281420 1985.9
1281430 1983.5
1281440 1981.9
1281450 1981.9
1281460 1980.0
1281470 1976.9
1281480 1976.9
1281490 1972.8
1281500 1969.8
1281510 1969.8
1281520 1966.8
1281530 1964.9
1281540 1962.4
1281550 1962.4
1281560 1959.1
1281570 1958.5
1281580 1958.5
1281590 1960.9
1281600 1961.4
1281610 1961.4
1281620 1960.5
1281630 1961.7
1281640 1961.7
1281650 1961.6
1281660 1958.5
1281670 1958.5
1281680 1951.5
1281690 1948.8
1281700 1948.8
1281710 1947.4
1281720 1946.9
1281730 1946.9
1281740 1944.4
1281750 1944.7
1281760 1944.7
1281770 1945.4
1281780 1941.7
1281790 1941.7
1281800 1934.0
1281810 1923.1
1281820 1913.9
1281830 1913.9
1281840 1899.3
1281850 1886.0
1281860 1886.0
1281870 1880.2
1281880 1876.2
1281890 1876.2
1281900 1873.3
1281910 1870.0
1281920 1870.0
1281930 1864.6
1281940 1858.0
1281950 1858.0
1281960 1857.2
1281970 1847.7
1281980 1847.7
1281990 1836.3
1282000 1815.5
1282010 1815.5
1282020 1803.8
1282030 1798.6
1282040 1798.6
1282050 1800.1
1282060 1801.0
1282070 1801.0
1282080 1801.5
1282090 1801.4
1282100 1800.8
1282110 1800.8
1282120 1799.0
1282130 1804.4
1282140 1804.4
1282150 1806.3
1282160 1807.1
1282170 1807.1
1282180 1809.4
1282190 1809.7
1282200 1809.7
1282210 1812.2
1282220 1814.4
1282230 1814.4
1282240 1815.0
1282250 1817.0
1282260 1817.0
1282270 1818.7
1282280 1820.8
1282290 1820.8
1282300 1826.3
1282310 1826.7
1282320 1826.7
1282330 1827.8
1282340 1833.5
1282350 1833.5
1282360 1837.2
1282370 1840.6
1282380 1840.6
1282390 1843.5
1282400 1840.8
1282410 1838.7
1282420 1838.7
1282430 1842.4
1282440 1842.8
1282450 1842.8
1282460 1843.0
1282470 1839.7
1282480 1839.7
1282490 1836.0
1282500 1831.8
1282510 1831.8
1282520 1824.3
1282530 1813.3
1282540 1813.3
1282550 1806.6
1282560 1800.3
1282570 1800.3
1282580 1794.1
1282590 1791.0
1282600 1783.4
1282610 1779.0
1282620 1778.5
1282630 1778.5
1282640 1783.3
1282650 1787.0
1282660 1787.0
1282670 1787.4
1282680 1787.4
1282690 1788.5
1282700 1788.5
1282710 1789.0
1282720 1789.6
1282730 1789.6
1282740 1785.5
1282750 1782.9
1282760 1782.9
1282770 1781.3
1282780 1788.1
1282790 1788.1
1282800 1793.0
1282810 1792.0
1282820 1792.0
1282830 1789.6
1282840 1792.9
1282850 1792.9
1282860 1794.3
1282870 1785.3
1282880 1785.3
1282890 1786.9
1282900 1792.7
1282910 1792.7
1282920 1791.5
1282930 1788.5
1282940 1788.5
1282950 1786.9
1282960 1788.8
1282970 1789.2
1282980 1789.2
1282990 1788.8
1283000 1787.8
1283010 1787.8
1283020 1785.2
1283030 1779.6
1283040 1779.6
1283050 1774.4
1283060 1768.2
1283070 1768.2
1283080 1761.5
1283090 1753.5
1283100 1753.5
1283110 1746.0
1283120 1740.1
1283130 1740.1
1283140 1733.4
1283150 1721.8
1283160 1721.8
1283170 1706.8
1283180 1703.4
1283190 1703.4
1283200 1682.9
1283210 1662.0
1283220 1662.0
1283230 1657.9
1283240 1636.0
1283250 1615.8
1283260 1615.8
1283270 1594.4
1283280 1573.8
1283290 1573.8
1283300 1557.8
1283310 1543.1
1283320 1543.1
1283330 1532.3
1283340 1524.3
1283350 1524.3
1283360 1517.7
1283370 1513.9
1283380 1513.9
1283390 1507.7
1283400 1497.4
1283410 1497.4
1283420 1492.2
1283430 1484.6
1283440 1484.6
1283450 1474.7
1283460 1458.5
1283470 1458.5
1283480 1449.1
1283490 1440.3
1283500 1440.3
1283510 1428.0
1283520 1419.8
1283530 1419.8
1283540 1404.8
1283550 1398.5
1283560 1391.3
1283570 1391.3
1283580 1387.9
1283590 1382.0
1283600 1382.0
1283610 1373.4
1283620 1367.1
1283630 1367.1
1283640 1367.6
1283650 1360.8
1283660 1360.8
1283670 1346.7
1283680 1343.3
1283690 1343.3
1283700 1339.5
1283710 1334.6
1283720 1334.6
1283730 1329.1
1283740 1319.8
1283750 1319.8
1283760 1306.8
1283770 1304.3
1283780 1304.3
1283790 1299.6
1283800 1291.6
1283810 1291.6
1283820 1282.1
1283830 1271.8
1283840 1261.3
1283850 1261.3
1283860 1251.3
1283870 1248.3
1283880 1248.3
1283890 1247.2
1283900 1247.2
1283910 1247.2
1283920 1249.1
1283930 1250.2
1283940 1250.2
1283950 1250.4
1283960 1250.4
1283970 1250.4
1283980 1252.3
1283990 1252.9
1284000 1252.9
1284010 1252.2
1284020 1251.0
1284030 1251.0
1284040 1249.0
1284050 1246.9
1284060 1246.9
1284070 1246.3
1284080 1246.5
1284090 1246.5
1284100 1246.6
1284110 1247.7
1284120 1248.4
1284130 1248.4
1284140 1250.0
1284150 1251.0
1284160 1251.0
1284170 1251.8
1284180 1253.4
1284190 1253.4
1284200 1255.5
1284210 1257.2
1284220 1257.2
1284230 1258.4
1284240 1259.7
1284250 1259.7
1284260 1260.8
1284270 1262.1
1284280 1262.1
1284290 1259.7
1284300 1257.6
1284310 1257.6
1284320 1259.0
1284330 1264.3
1284340 1264.3
1284350 1273.1
1284360 1287.5
1284370 1287.5
1284380 1297.5
1284390 1304.9
1284400 1304.9
1284410 1309.8
1284420 1308.4
1284430 1297.5
1284440 1297.5
1284450 1285.5
1284460 1283.0
1284470 1283.0
1284480 1283.6
1284490 1291.9
1284500 1285.6
1284510 1307.4
1284520 1324.6
1284530 1324.6
1284540 1329.2
1284550 1334.2
1284560 1334.2
1284570 1337.5
1284580 1340.3
1284590 1340.3
1284600 1347.7
1284610 1349.1
1284620 1349.1
1284630 1340.1
1284640 1345.6
1284650 1345.6
1284660 1351.3
1284670 1361.2
1284680 1361.2
1284690 1372.5
1284700 1377.7
1284710 1377.1
1284720 1377.1
1284730 1379.8
1284740 1387.7
1284750 1387.7
1284760 1389.9
1284770 1394.0
1284780 1394.0
1284790 1395.9
1284800 1398.4
1284810 1398.4
1284820 1402.2
1284830 1402.7
1284840 1402.7
1284850 1402.9
1284860 1405.6
1284870 1405.6
1284880 1411.3
1284890 1418.0
1284900 1418.0
1284910 1423.7
1284920 1428.9
1284930 1428.9
1284940 1434.0
1284950 1435.8
1284960 1435.8
1284970 1431.9
1284980 1430.4
1284990 1432.5
1285000 1432.5
1285010 1432.7
1285020 1429.4
1285030 1429.4
1285040 1426.0
1285050 1422.7
1285060 1422.7
1285070 1417.4
1285080 1414.0
1285090 1414.0
1285100 1408.2
1285110 1402.9
1285120 1402.9
1285130 1398.7
1285140 1382.8
1285150 1382.8
1285160 1376.6
1285170 1371.8
1285180 1371.8
1285190 1366.7
1285200 1363.1
1285210 1363.1
1285220 1358.0
1285230 1351.3
1285240 1351.3
1285250 1343.8
1285260 1336.9
1285270 1329.0
1285280 1329.0
1285290 1322.3
1285300 1315.0
1285310 1315.0
1285320 1305.0
1285330 1287.3
1285340 1287.3
1285350 1272.1
1285360 1287.5
1285370 1287.5
1285380 1300.8
1285390 1310.7
1285400 1310.7
1285410 1319.0
1285420 1329.8
1285430 1329.8
1285440 1347.5
1285450 1360.5
1285460 1360.5
1285470 1371.2
1285480 1382.9
1285490 1382.9
1285500 1401.5
1285510 1415.6
1285520 1415.6
1285530 1426.2
1285540 1439.6
1285550 1439.6
1285560 1454.4
1285570 1468.8
1285580 1482.6
1285590 1482.6
1285600 1493.1
1285610 1501.6
1285620 1501.6
1285630 1508.2
1285640 1514.2
1285650 1514.2
1285660 1520.1
1285670 1523.6
1285680 1523.6
1285690 1527.7
1285700 1533.5
1285710 1533.5
1285720 1538.2
1285730 1542.6
1285740 1542.6
1285750 1546.6
1285760 1551.0
1285770 1551.0
1285780 1547.5
1285790 1551.3
1285800 1551.3
1285810 1554.1
1285820 1556.5
1285830 1556.5
1285840 1558.5
1285850 1559.3
1285860 1559.0
1285870 1559.0
1285880 1559.8
1285890 1558.7
1285900 1558.7
1285910 1557.3
1285920 1562.2
1285930 1562.2
1285940 1564.8
1285950 1567.1
1285960 1567.1
1285970 1570.9
1285980 1571.9
1285990 1571.9
1286000 1569.5
1286010 1568.8
1286020 1568.8
1286030 1566.8
1286040 1560.3
1286050 1560.3
1286060 1552.3
1286070 1540.8
1286080 1540.8
1286090 1530.9
1286100 1519.9
1286110 1519.9
1286120 1503.9
1286130 1489.9
1286140 1470.0
1286150 1470.0
1286160 1422.1
1286170 1417.8
1286180 1417.8
1286190 1415.6
1286200 1424.3
1286210 1424.3
1286220 1440.9
1286230 1453.8
1286240 1453.8
1286250 1464.8
1286260 1476.1
1286270 1476.1
1286280 1486.1
1286290 1500.0
1286300 1500.0
1286310 1510.6
1286320 1521.4
1286330 1521.4
1286340 1550.8
1286350 1583.7
1286360 1583.7
1286370 1598.0
1286380 1608.7
1286390 1608.7
1286400 1619.4
1286410 1631.2
1286420 1624.4
1286430 1634.9
1286440 1644.1
1286450 1651.8
1286460 1651.8
1286470 1660.1
1286480 1668.4
1286490 1668.4
1286500 1675.9
1286510 1682.4
1286520 1682.4
1286530 1687.7
1286540 1691.7
1286550 1691.7
1286560 1691.7
1286570 1687.6
1286580 1687.6
1286590 1679.3
1286600 1669.7
1286610 1669.7
1286620 1656.8
1286630 1650.3
1286640 1650.3
1286650 1651.3
1286660 1656.8
1286670 1656.8
1286680 1661.8
1286690 1658.1
1286700 1658.1
1286710 1648.9
1286720 1634.9
1286730 1617.7
1286740 1617.7
1286750 1594.2
1286760 1579.3
1286770 1579.3
1286780 1568.0
1286790 1557.8
1286800 1557.8
1286810 1546.5
1286820 1535.7
1286830 1535.7
1286840 1525.4
1286850 1516.0
1286860 1516.0
1286870 1511.3
1286880 1505.9
1286890 1505.9
1286900 1496.7
1286910 1486.5
1286920 1486.5
1286930 1476.1
1286940 1466.2
1286950 1466.2
1286960 1460.5
1286970 1452.4
1286980 1452.4
1286990 1443.0
1287000 1435.2
1287010 1427.1
1287020 1427.1
1287030 1417.3
1287040 1409.7
1287050 1409.7
1287060 1400.4
1287070 1385.6
1287080 1385.6
1287090 1376.7
1287100 1373.6
1287110 1373.6
1287120 1368.4
1287130 1369.0
1287140 1369.0
1287150 1378.7
1287160 1384.5
1287170 1384.5
1287180 1390.4
1287190 1398.3
1287200 1398.3
1287210 1407.5
1287220 1417.8
1287230 1417.8
1287240 1429.9
1287250 1445.3
1287260 1445.3
1287270 1459.3
1287280 1475.0
1287290 1487.6
1287300 1487.6
1287310 1502.6
1287320 1518.2
1287330 1518.2
1287340 1540.2
1287350 1550.3
1287360 1550.3
1287370 1557.3
1287380 1563.6
1287390 1563.6
1287400 1579.3
1287410 1593.5
1287420 1593.5
1287430 1602.1
1287440 1603.0
1287450 1603.0
1287460 1603.2
1287470 1605.3
1287480 1605.3
1287490 1611.7
1287500 1616.2
1287510 1616.2
1287520 1619.0
1287530 1621.9
1287540 1621.9
1287550 1622.5
1287560 1626.3
1287570 1626.3
1287580 1631.4
1287590 1635.1
1287600 1641.4
1287610 1641.4
1287620 1643.7
1287630 1642.5
1287640 1642.5
1287650 1640.3
1287660 1639.9
1287670 1639.9
1287680 1637.0
1287690 1643.3
1287700 1643.3
1287710 1632.3
1287720 1625.6
1287730 1625.6
1287740 1626.5
1287750 1635.0
1287760 1635.0
1287770 1640.1
1287780 1645.2
1287790 1645.2
1287800 1652.6
1287810 1662.5
1287820 1662.5
1287830 1673.0
1287840 1684.1
1287850 1684.1
1287860 1691.9
1287870 1690.8
1287880 1687.7
1287890 1687.7
1287900 1687.5
1287910 1690.9
1287920 1690.9
1287930 1693.4
1287940 1690.6
1287950 1690.6
1287960 1683.5
1287970 1676.6
1287980 1676.6
1287990 1690.6
1288000 1717.6
1288010 1717.6
1288020 1734.4
1288030 1752.8
1288040 1752.8
1288050 1771.9
1288060 1784.0
1288070 1784.0
1288080 1796.6
1288090 1805.3
1288100 1805.3
1288110 1811.6
1288120 1815.8
1288130 1815.8
1288140 1820.6
1288150 1826.7
1288160 1832.9
1288170 1832.9
1288180 1839.1
1288190 1845.8
1288200 1845.8
1288210 1853.7
1288220 1860.4
1288230 1860.4
1288240 1866.7
1288250 1873.9
1288260 1873.9
1288270 1881.8
1288280 1888.4
1288290 1888.4
1288300 1893.1
1288310 1897.4
1288320 1897.4
1288330 1902.9
1288340 1907.7
1288350 1907.7
1288360 1897.2
1288370 1888.3
1288380 1888.3
1288390 1879.0
1288400 1884.0
1288410 1884.0
1288420 1888.4
1288430 1884.9
1288440 1891.6
1288450 1891.6
1288460 1901.3
1288470 1906.2
1288480 1906.2
1288490 1911.4
1288500 1916.4
1288510 1916.4
1288520 1920.8
1288530 1926.1
1288540 1926.1
1288550 1926.1
1288560 1922.0
1288570 1922.0
1288580 1927.4
1288590 1933.5
1288600 1933.5
1288610 1940.9
1288620 1949.1
1288630 1949.1
1288640 1955.4
1288650 1961.3
1288660 1961.3
1288670 1969.2
1288680 1979.5
1288690 1979.5
1288700 1991.6
1288710 2005.5
1288720 2005.5
1288730 2014.4
1288740 2016.9
1288750 2020.3
1288760 2020.3
1288770 2020.1
1288780 2011.2
1288790 2011.2
1288800 2005.2
1288810 2002.0
1288820 2002.0
1288830 2000.7
1288840 2005.1
1288850 2005.1
1288860 2009.7
1288870 2011.4
1288880 2011.4
1288890 2009.6
1288900 2007.4
1288910 2007.4
1288920 2006.0
1288930 2001.6
1288940 2001.6
1288950 2000.9
1288960 1994.3
1288970 1994.3
1288980 1980.9
1288990 1969.0
1289000 1969.0
1289010 1948.5
1289020 1943.2
1289030 1934.9
1289040 1934.9
1289050 1920.7
1289060 1894.9
1289070 1894.9
1289080 1886.7
1289090 1889.0
1289100 1889.0
1289110 1888.0
1289120 1892.5
1289130 1892.5
1289140 1897.8
1289150 1904.3
1289160 1904.3
1289170 1911.6
1289180 1914.1
1289190 1914.1
1289200 1905.3
1289210 1887.7
1289220 1887.7
1289230 1871.1
1289240 1860.4
1289250 1860.4
1289260 1846.2
1289270 1825.7
1289280 1825.7
1289290 1812.8
1289300 1803.9
1289310 1803.5
1289320 1803.5
1289330 1801.3
1289340 1800.1
1289350 1800.1
1289360 1798.4
1289370 1793.6
1289380 1793.6
1289390 1794.7
1289400 1792.9
1289410 1792.9
1289420 1788.2
1289430 1783.6
1289440 1783.6
1289450 1776.0
1289460 1766.8
1289470 1766.8
1289480 1758.8
1289490 1750.6
1289500 1750.6
1289510 1742.1
1289520 1731.6
1289530 1731.6
1289540 1722.5
1289550 1704.0
1289560 1704.0
1289570 1703.1
1289580 1705.8
1289590 1703.2
1289600 1703.2
1289610 1705.4
1289620 1707.8
1289630 1707.8
1289640 1709.2
1289650 1710.5
1289660 1710.5
1289670 1697.2
1289680 1690.6
1289690 1690.6
1289700 1678.6
1289710 1665.9
1289720 1665.9
1289730 1666.8
1289740 1670.2
1289750 1670.2
1289760 1661.5
1289770 1647.2
1289780 1647.2
1289790 1637.9
1289800 1633.3
1289810 1633.3
1289820 1627.4
1289830 1625.4
1289840 1625.4
1289850 1623.7
1289860 1619.4
1289870 1619.4
1289880 1610.2
1289890 1600.5
1289900 1600.4
1289910 1600.4
1289920 1610.9
1289930 1621.7
1289940 1621.7
1289950 1625.9
1289960 1625.3
1289970 1625.3
1289980 1621.8
1289990 1617.7
1290000 1617.7
1290010 1622.2
1290020 1625.9
1290030 1625.9
1290040 1630.1
1290050 1632.3
1290060 1632.3
1290070 1624.8
1290080 1612.8
1290090 1612.8
1290100 1600.4
1290110 1587.6
1290120 1587.6
1290130 1574.6
1290140 1562.6
1290150 1562.6
1290160 1547.6
1290170 1532.3
1290180 1520.5
1290190 1520.5
1290200 1510.8
1290210 1500.2
1290220 1500.2
1290230 1489.5
1290240 1476.4
1290250 1476.4
1290260 1465.0
1290270 1452.2
1290280 1452.2
1290290 1438.0
1290300 1420.2
1290310 1420.2
1290320 1408.8
1290330 1395.5
1290340 1395.5
1290350 1382.8
1290360 1383.1
1290370 1383.1
1290380 1378.2
1290390 1363.0
1290400 1363.0
1290410 1343.2
1290420 1322.5
1290430 1322.5
1290440 1300.9
1290450 1275.5
1290460 1255.0
1290470 1255.0
1290480 1236.3
1290490 1205.6
1290500 1205.6
1290510 1178.4
1290520 1153.0
1290530 1153.0
1290540 1109.3
1290550 1078.9
1290560 1078.9
1290570 1071.7
1290580 1067.6
1290590 1067.6
1290600 1062.2
1290610 1056.4
1290620 1056.4
1290630 1050.3
1290640 1045.1
1290650 1045.1
1290660 1039.9
1290670 1035.2
1290680 1035.2
1290690 1031.2
1290700 1026.6
1290710 1026.6
1290720 1020.5
1290730 1012.8
1290740 1012.8
1290750 1011.2
1290760 1015.5
1290770 1021.3
1290780 1021.3
1290790 1027.0
1290800 1032.3
1290810 1032.3
1290820 1037.7
1290830 1042.7
1290840 1042.7
1290850 1048.5
1290860 1054.4
1290870 1054.4
1290880 1060.2
1290890 1066.6
1290900 1066.6
1290910 1072.7
1290920 1078.6
1290930 1078.6
1290940 1083.3
1290950 1087.4
1290960 1087.4
1290970 1098.8
1290980 1117.0
1290990 1117.0
1291000 1133.9
1291010 1151.1
1291020 1151.1
1291030 1169.1
1291040 1185.4
1291050 1206.9
1291060 1206.9
1291070 1220.9
1291080 1240.3
1291090 1240.3
1291100 1277.6
1291110 1299.6
1291120 1299.6
1291130 1316.0
1291140 1337.2
1291150 1337.2
1291160 1354.1
1291170 1365.9
1291180 1365.9
1291190 1384.7
1291200 1406.0
1291210 1406.0
1291220 1425.5
1291230 1438.8
1291240 1438.8
1291250 1450.7
1291260 1462.3
1291270 1462.3
1291280 1477.3
1291290 1488.9
1291300 1488.9
1291310 1495.2
1291320 1501.2
1291330 1509.5
1291340 1509.5
1291350 1515.9
1291360 1512.4
1291370 1512.4
1291380 1504.5
1291390 1496.9
1291400 1496.9
1291410 1491.4
1291420 1495.4
1291430 1495.4
1291440 1493.2
1291450 1485.4
1291460 1485.4
1291470 1472.9
1291480 1463.6
1291490 1463.6
1291500 1443.1
1291510 1412.0
1291520 1412.0
1291530 1406.4
1291540 1446.5
1291550 1446.5
1291560 1491.0
1291570 1516.6
1291580 1516.6
1291590 1529.7
1291600 1540.3
1291610 1551.9
1291620 1551.9
1291630 1564.0
1291640 1571.4
1291650 1571.4
1291660 1582.7
1291670 1593.3
1291680 1593.3
1291690 1604.3
1291700 1615.0
1291710 1615.0
1291720 1623.2
1291730 1633.9
1291740 1633.9
1291750 1652.5
1291760 1666.5
1291770 1666.5
1291780 1672.9
1291790 1671.4
1291800 1671.4
1291810 1667.9
1291820 1673.7
1291830 1673.7
1291840 1680.9
1291850 1691.8
1291860 1691.8
1291870 1707.4
1291880 1717.7
1291890 1717.7
1291900 1722.0
1291910 1732.8
1291920 1746.3
1291930 1746.3
1291940 1761.7
1291950 1782.9
1291960 1782.9
1291970 1809.2
1291980 1848.0
1291990 1848.0
1292000 1880.0
1292010 1895.6
1292020 1895.6
1292030 1903.7
1292040 1915.4
1292050 1915.4
1292060 1921.9
1292070 1925.0
1292080 1925.0
1292090 1934.8
1292100 1940.7
1292110 1940.7
1292120 1941.5
1292130 1943.3
1292140 1943.3
1292150 1946.4
1292160 1950.6
1292170 1950.6
1292180 1957.4
1292190 1963.7
1292200 1969.4
1292210 1969.4
1292220 1980.9
1292230 1993.0
1292240 1993.0
1292250 2002.7
1292260 2013.7
1292270 2013.7
1292280 2022.0
1292290 2030.9
1292300 2029.5
1292310 2037.9
1292320 2046.3
1292330 2046.3
1292340 2056.2
1292350 2064.9
1292360 2064.9
1292370 2070.1
1292380 2073.5
1292390 2073.5
1292400 2079.3
1292410 2084.3
1292420 2084.3
1292430 2089.9
1292440 2096.9
1292450 2096.9
1292460 2102.7
1292470 2109.8
1292480 2118.7
1292490 2118.7
1292500 2127.2
1292510 2134.7
1292520 2134.7
1292530 2139.0
1292540 2131.5
1292550 2131.5
1292560 2119.5
1292570 2112.2
1292580 2112.2
1292590 2108.8
1292600 2105.8
1292610 2105.8
1292620 2095.9
1292630 2081.8
1292640 2081.8
1292650 2067.8
1292660 2065.4
1292670 2065.4
1292680 2063.8
1292690 2059.6
1292700 2059.6
1292710 2049.8
1292720 2039.7
1292730 2039.7
1292740 2033.7
1292750 2023.3
1292760 2018.1
1292770 2018.1
1292780 2016.8
1292790 2012.8
1292800 2012.8
1292810 2008.7
1292820 2002.9
1292830 2002.9
1292840 2004.2
1292850 2000.7
1292860 2000.7
1292870 1994.4
1292880 1990.8
1292890 1990.8
1292900 1992.2
1292910 1998.1
1292920 1998.1
1292930 1999.0
1292940 1993.1
1292950 1993.1
1292960 1984.7
1292970 1968.8
1292980 1968.8
1292990 1965.6
1293000 1966.9
1293010 1966.9
1293020 1960.0
1293030 1936.7
1293040 1936.7
1293050 1919.6
1293060 1912.8
1293070 1907.2
1293080 1907.2
1293090 1903.0
1293100 1900.6
1293110 1900.6
1293120 1897.8
1293130 1903.2
1293140 1903.2
1293150 1910.2
1293160 1915.5
1293170 1915.5
1293180 1921.3
1293190 1920.1
1293200 1920.1
1293210 1911.4
1293220 1902.6
1293230 1902.6
1293240 1893.2
1293250 1882.2
1293260 1882.2
1293270 1869.8
1293280 1864.6
1293290 1864.6
1293300 1869.9
1293310 1870.9
1293320 1870.9
1293330 1868.0
1293340 1871.2
1293350 1874.4
1293360 1874.4
1293370 1875.7
1293380 1872.0
1293390 1872.0
1293400 1870.6
1293410 1869.9
1293420 1869.9
1293430 1868.5
1293440 1866.2
1293450 1866.2
1293460 1866.0
1293470 1867.4
1293480 1867.4
1293490 1868.5
1293500 1869.1
1293510 1869.1
1293520 1867.7
1293530 1860.0
1293540 1860.0
1293550 1850.2
1293560 1841.5
1293570 1841.5
1293580 1833.0
1293590 1817.6
1293600 1817.6
1293610 1775.7
1293620 1757.1
1293630 1752.4
1293640 1747.4
1293650 1741.5
1293660 1733.8
1293670 1733.8
1293680 1726.1
1293690 1719.2
1293700 1719.2
1293710 1712.3
1293720 1709.8
1293730 1709.8
1293740 1708.7
1293750 1705.6
1293760 1705.6
1293770 1704.0
1293780 1700.5
1293790 1700.5
1293800 1696.2
1293810 1699.1
1293820 1699.1
1293830 1698.6
1293840 1685.4
1293850 1685.4
1293860 1684.8
1293870 1685.4
1293880 1685.4
1293890 1691.2
1293900 1698.7
1293910 1708.7
1293920 1708.7
1293930 1718.6
1293940 1722.1
1293950 1722.1
1293960 1723.9
1293970 1726.0
1293980 1726.0
1293990 1731.6
1294000 1736.7
1294010 1736.7
1294020 1740.5
1294030 1739.7
1294040 1739.7
1294050 1734.8
1294060 1729.0
1294070 1729.0
1294080 1724.0
1294090 1724.3
1294100 1724.3
1294110 1724.9
1294120 1726.9
1294130 1726.9
1294140 1730.9
1294150 1735.9
1294160 1735.9
1294170 1735.7
1294180 1726.2
1294190 1726.2
1294200 1713.1
1294210 1699.6
1294220 1690.2
1294230 1690.2
1294240 1686.1
1294250 1681.9
1294260 1681.9
1294270 1674.4
1294280 1668.8
1294290 1668.8
1294300 1657.3
1294310 1652.7
1294320 1652.7
1294330 1646.6
1294340 1644.9
1294350 1644.9
1294360 1641.6
1294370 1637.1
1294380 1637.1
1294390 1631.9
1294400 1623.8
1294410 1623.8
1294420 1615.9
1294430 1614.0
1294440 1614.0
1294450 1619.7
1294460 1620.4
1294470 1620.4
1294480 1616.4
1294490 1612.2
1294500 1608.5
1294510 1608.5
1294520 1606.8
1294530 1602.2
1294540 1602.2
1294550 1598.8
1294560 1595.2
1294570 1595.2
1294580 1589.8
1294590 1586.0
1294600 1586.0
1294610 1583.5
1294620 1581.3
1294630 1581.3
1294640 1580.3
1294650 1579.3
1294660 1579.3
1294670 1580.1
1294680 1582.6
1294690 1582.6
1294700 1583.6
1294710 1585.7
1294720 1585.7
1294730 1591.8
1294740 1599.3
1294750 1599.3
1294760 1610.8
1294770 1619.2
1294780 1626.9
1294790 1626.9
1294800 1633.7
1294810 1640.6
1294820 1640.6
1294830 1646.1
1294840 1649.4
1294850 1649.4
1294860 1652.6
1294870 1657.0
1294880 1657.0
1294890 1662.1
1294900 1667.7
1294910 1667.7
1294920 1673.6
1294930 1679.9
1294940 1679.9
1294950 1685.4
1294960 1690.4
1294970 1690.4
1294980 1692.9
1294990 1700.1
1295000 1700.1
1295010 1709.6
1295020 1717.1
1295030 1717.1
1295040 1721.1
1295050 1726.8
1295060 1731.5
1295070 1731.5
1295080 1739.1
1295090 1752.4
1295100 1752.4
1295110 1763.7
1295120 1763.7
1295130 1763.7
1295140 1758.3
1295150 1756.6
1295160 1756.6
1295170 1747.3
1295180 1743.6
1295190 1743.6
1295200 1737.0
1295210 1734.5
1295220 1734.5
1295230 1726.3
1295240 1713.0
1295250 1713.0
1295260 1704.9
1295270 1680.4
1295280 1680.4
1295290 1667.1
1295300 1663.3
1295310 1663.3
1295320 1653.6
1295330 1643.4
1295340 1643.4
1295350 1638.1
1295360 1627.2
1295370 1622.1
1295380 1622.1
1295390 1614.9
1295400 1608.3
1295410 1608.3
1295420 1609.7
1295430 1612.4
1295440 1612.4
1295450 1616.7
1295460 1621.6
1295470 1621.6
1295480 1630.7
1295490 1636.6
1295500 1636.6
1295510 1626.8
1295520 1621.1
1295530 1621.1
1295540 1618.7
1295550 1613.6
1295560 1613.6
1295570 1609.5
1295580 1609.7
1295590 1609.7
1295600 1608.7
1295610 1605.0
1295620 1605.0
1295630 1598.3
1295640 1586.6
1295650 1567.4
1295660 1567.4
1295670 1557.3
1295680 1553.4
1295690 1553.4
1295700 1548.6
1295710 1544.2
1295720 1544.2
1295730 1540.5
1295740 1537.1
1295750 1537.1
1295760 1532.4
1295770 1528.4
1295780 1528.4
1295790 1528.8
1295800 1529.9
1295810 1529.9
1295820 1522.4
1295830 1512.6
1295840 1512.6
1295850 1512.1
1295860 1511.8
1295870 1511.8
1295880 1502.5
1295890 1501.0
1295900 1501.0
1295910 1504.6
1295920 1509.5
1295930 1507.3
1295940 1507.3
1295950 1505.8
1295960 1514.0
1295970 1514.0
1295980 1512.0
1295990 1508.6
1296000 1508.6
1296010 1509.0
1296020 1519.0
1296030 1519.0
1296040 1537.2
1296050 1555.2
1296060 1555.2
1296070 1567.6
1296080 1577.7
1296090 1577.7
1296100 1586.5
1296110 1594.3
1296120 1594.3
1296130 1602.1
1296140 1608.4
1296150 1608.4
1296160 1610.3
1296170 1611.7
1296180 1611.7
1296190 1612.8
1296200 1613.2
1296210 1613.2
1296220 1611.9
1296230 1612.1
1296240 1610.3
1296250 1610.3
1296260 1606.7
1296270 1604.2
1296280 1604.2
1296290 1605.1
1296300 1605.8
1296310 1605.8
1296320 1605.9
1296330 1598.6
1296340 1598.6
1296350 1598.2
1296360 1597.8
1296370 1597.8
1296380 1595.7
1296390 1591.2
1296400 1591.2
1296410 1586.6
1296420 1583.6
1296430 1583.6
1296440 1582.0
1296450 1579.7
1296460 1579.7
1296470 1580.3
1296480 1576.9
1296490 1576.9
1296500 1579.5
1296510 1587.6
1296520 1593.6
1296530 1593.6
1296540 1596.4
1296550 1599.0
1296560 1599.0
1296570 1600.8
1296580 1602.1
1296590 1602.1
1296600 1603.5
1296610 1602.6
1296620 1602.6
1296630 1602.1
1296640 1600.1
1296650 1600.1
1296660 1605.7
1296670 1612.0
1296680 1612.0
1296690 1615.3
1296700 1618.0
1296710 1618.0
1296720 1620.6
1296730 1622.4
1296740 1622.4
1296750 1624.0
1296760 1626.5
1296770 1626.5
1296780 1630.6
1296790 1635.2
1296800 1638.2
1296810 1638.2
1296820 1633.8
1296830 1629.6
1296840 1629.6
1296850 1628.7
1296860 1631.3
1296870 1631.3
1296880 1630.9
1296890 1632.7
1296900 1632.7
1296910 1637.8
1296920 1640.7
1296930 1640.7
1296940 1642.3
1296950 1639.5
1296960 1639.5
1296970 1639.9
1296980 1639.2
1296990 1639.2
1297000 1638.8
1297010 1632.2
1297020 1632.2
1297030 1629.9
1297040 1628.0
1297050 1628.0
1297060 1626.5
1297070 1623.7
1297080 1621.3
1297090 1621.3
1297100 1616.3
1297110 1608.8
1297120 1608.8
1297130 1601.5
1297140 1593.9
1297150 1593.9
1297160 1595.0
1297170 1597.4
1297180 1597.4
1297190 1589.8
1297200 1580.9
1297210 1580.9
1297220 1582.4
1297230 1588.8
1297240 1588.8
1297250 1591.5
1297260 1591.1
1297270 1591.1
1297280 1591.3
1297290 1593.6
1297300 1593.6
1297310 1596.2
1297320 1598.9
1297330 1598.9
1297340 1602.5
1297350 1607.7
1297360 1607.7
1297370 1611.9
1297380 1614.6
1297390 1617.3
1297400 1617.3
1297410 1620.1
1297420 1623.0
1297430 1623.0
1297440 1622.0
1297450 1618.0
1297460 1618.0
1297470 1615.4
1297480 1614.2
1297490 1614.2
1297500 1616.2
1297510 1619.8
1297520 1619.8
1297530 1620.8
1297540 1619.5
1297550 1619.5
1297560 1616.5
1297570 1613.3
1297580 1613.3
1297590 1610.6
1297600 1609.0
1297610 1609.0
1297620 1608.6
1297630 1605.1
1297640 1605.1
1297650 1602.9
1297660 1602.4
1297670 1602.8
1297680 1602.8
1297690 1595.9
1297700 1596.9
1297710 1596.9
1297720 1594.9
1297730 1589.7
1297740 1589.7
1297750 1586.2
1297760 1584.5
1297770 1584.5
1297780 1583.1
1297790 1580.2
1297800 1580.2
1297810 1576.4
1297820 1573.6
1297830 1573.6
1297840 1571.3
1297850 1567.1
1297860 1567.1
1297870 1563.7
1297880 1562.3
1297890 1562.3
1297900 1561.3
1297910 1559.6
1297920 1559.6
1297930 1556.7
1297940 1554.6
1297950 1551.8
1297960 1551.8
1297970 1549.4
1297980 1548.8
1297990 1548.8
1298000 1550.7
1298010 1549.0
1298020 1549.0
1298030 1546.2
1298040 1544.2
1298050 1544.2
1298060 1541.8
1298070 1539.7
1298080 1539.7
1298090 1535.8
1298100 1531.5
1298110 1531.5
1298120 1527.7
1298130 1524.4
1298140 1524.4
1298150 1521.7
1298160 1519.6
1298170 1519.6
1298180 1518.2
1298190 1517.2
1298200 1517.2
1298210 1516.5
1298220 1516.7
1298230 1517.0
1298240 1517.0
1298250 1517.4
1298260 1512.3
1298270 1512.3
1298280 1504.1
1298290 1499.3
1298300 1499.3
1298310 1493.6
1298320 1488.5
1298330 1488.5
1298340 1484.3
1298350 1480.9
1298360 1480.9
1298370 1470.1
1298380 1467.5
1298390 1467.5
1298400 1463.2
1298410 1458.4
1298420 1458.4
1298430 1453.9
1298440 1448.8
1298450 1448.8
1298460 1443.1
1298470 1437.9
1298480 1437.9
1298490 1433.0
1298500 1427.9
1298510 1427.9
1298520 1422.5
1298530 1417.1
1298540 1411.7
1298550 1411.7
1298560 1405.8
1298570 1399.8
1298580 1399.8
1298590 1393.1
1298600 1386.4
1298610 1386.4
1298620 1380.0
1298630 1375.0
1298640 1375.0
1298650 1371.1
1298660 1367.3
1298670 1367.3
1298680 1363.1
1298690 1358.4
1298700 1358.4
1298710 1353.8
1298720 1348.4
1298730 1348.4
1298740 1342.9
1298750 1337.6
1298760 1337.6
1298770 1332.7
1298780 1328.2
1298790 1328.2
1298800 1321.7
1298810 1312.5
1298820 1303.8
1298830 1303.8
1298840 1296.4
1298850 1290.3
1298860 1290.3
1298870 1286.1
1298880 1280.8
1298890 1280.8
1298900 1276.3
1298910 1272.5
1298920 1272.5
1298930 1269.4
1298940 1267.5
1298950 1267.5
1298960 1262.5
1298970 1254.1
1298980 1254.1
1298990 1247.9
1299000 1244.0
1299010 1244.0
1299020 1239.4
1299030 1231.4
1299040 1231.4
1299050 1221.9
1299060 1208.5
1299070 1208.5
1299080 1198.2
1299090 1187.8
1299100 1177.6
1299110 1177.6
1299120 1169.4
1299130 1161.9
1299140 1161.9
1299150 1154.6
1299160 1147.3
1299170 1147.3
1299180 1140.2
1299190 1132.9
1299200 1132.9
1299210 1125.8
1299220 1118.8
1299230 1118.8
1299240 1112.3
1299250 1105.8
1299260 1105.8
1299270 1098.9
1299280 1090.6
1299290 1090.6
1299300 1083.1
1299310 1075.4
1299320 1075.4
1299330 1069.8
1299340 1065.4
1299350 1065.4
1299360 1063.8
1299370 1063.2
1299380 1063.9
1299390 1063.9
1299400 1062.5
1299410 1058.6
1299420 1058.6
1299430 1053.8
1299440 1049.8
1299450 1049.8
1299460 1046.4
1299470 1043.0
1299480 1043.0
1299490 1039.0
1299500 1034.3
1299510 1034.3
1299520 1031.1
1299530 1026.6
1299540 1026.6
1299550 1020.2
1299560 1015.0
1299570 1015.0
1299580 1010.5
1299590 1005.0
1299600 1005.0
1299610 997.8
1299620 990.4
1299630 990.4
1299640 984.7
1299650 980.0
1299660 980.0
1299670 973.9
1299680 967.2
1299690 959.7
1299700 959.7
1299710 952.3
1299720 945.0
1299730 945.0
1299740 941.6
1299750 935.0
1299760 935.0
1299770 930.0
1299780 926.7
1299790 926.7
1299800 923.6
1299810 918.4
1299820 918.4
1299830 911.1
1299840 905.9
1299850 905.9
1299860 900.4
1299870 894.5
1299880 894.5
1299890 890.1
1299900 889.9
1299910 889.9
1299920 893.5
1299930 894.0
1299940 894.0
1299950 892.8
1299960 890.6
1299970 890.0
1299980 890.0
1299990 890.7
