1280000 2029.1
1280010 2029.1
1280020 2033.8
1280030 2037.7
1280040 2037.7
1280050 2038.9
1280060 2036.5
1280070 2036.5
1280080 2034.0
1280090 2033.3
1280100 2031.7
1280110 2031.7
1280120 2032.1
1280130 2032.2
1280140 2032.2
1280150 2032.1
1280160 2032.3
1280170 2032.3
1280180 2033.9
1280190 2033.5
1280200 2033.5
1280210 2034.9
1280220 2037.3
1280230 2037.3
1280240 2038.1
1280250 2040.2
1280260 2040.2
1280270 2040.5
1280280 2044.5
1280290 2044.5
1280300 2048.2
1280310 2047.0
1280320 2047.0
1280330 2042.7
1280340 2041.0
1280350 2041.0
1280360 2039.5
1280370 2043.2
1280380 2047.0
1280390 2047.0
1280400 2049.1
1280410 2051.4
1280420 2051.4
1280430 2053.3
1280440 2053.7
1280450 2053.7
1280460 2048.6
1280470 2047.9
1280480 2047.9
1280490 2052.9
1280500 2056.8
1280510 2056.8
1280520 2059.8
1280530 2063.5
1280540 2063.5
1280550 2065.9
1280560 2067.5
1280570 2067.5
1280580 2069.3
1280590 2063.9
1280600 2063.9
1280610 2065.0
1280620 2065.7
1280630 2065.7
1280640 2066.1
1280650 2066.5
1280660 2064.1
1280670 2064.1
1280680 2062.6
1280690 2062.1
1280700 2062.1
1280710 2063.2
1280720 2065.9
1280730 2065.9
1280740 2068.7
1280750 2070.5
1280760 2070.5
1280770 2070.4
1280780 2070.9
1280790 2070.9
1280800 2071.3
1280810 2070.7
1280820 2070.7
1280830 2068.9
1280840 2068.7
1280850 2068.7
1280860 2069.5
1280870 2069.7
1280880 2069.7
1280890 2067.9
1280900 2065.6
1280910 2065.6
1280920 2065.9
1280930 2066.1
1280940 2066.1
1280950 2066.0
1280960 2065.2
1280970 2063.1
1280980 2063.1
1280990 2061.9
1281000 2060.6
1281010 2060.6
1281020 2059.3
1281030 2058.1
1281040 2058.1
1281050 2055.9
1281060 2051.2
1281070 2051.2
1281080 2045.2
1281090 2040.0
1281100 2040.0
1281110 2035.6
1281120 2032.1
1281130 2032.1
1281140 2026.1
1281150 2019.8
1281160 2019.8
1281170 2013.3
1281180 2003.4
1281190 2003.4
1281200 1994.7
1281210 1991.0
1281220 1991.0
1281230 1984.3
1281240 1976.5
1281250 1968.3
1281260 1968.3
1281270 1959.3
1281280 1950.3
1281290 1950.3
1281300 1941.6
1281310 1933.9
1281320 1933.9
1281330 1928.1
1281340 1923.7
1281350 1923.7
1281360 1919.2
1281370 1914.8
1281380 1914.8
1281390 1910.8
1281400 1906.5
1281410 1906.5
1281420 1902.0
1281430 1898.1
1281440 1898.1
1281450 1894.2
1281460 1890.0
1281470 1890.0
1281480 1886.0
1281490 1883.4
1281500 1883.4
1281510 1880.0
1281520 1876.1
1281530 1873.7
1281540 1873.7
1281550 1871.3
1281560 1868.6
1281570 1868.6
1281580 1865.2
1281590 1862.9
1281600 1862.9
1281610 1860.0
1281620 1856.3
1281630 1856.3
1281640 1852.2
1281650 1849.3
1281660 1849.3
1281670 1847.9
1281680 1845.3
1281690 1845.3
1281700 1843.1
1281710 1841.7
1281720 1841.7
1281730 1841.2
1281740 1839.7
1281750 1839.7
1281760 1837.4
1281770 1833.6
1281780 1833.6
1281790 1828.5
1281800 1825.0
1281810 1821.3
1281820 1821.3
1281830 1815.8
1281840 1805.7
1281850 1805.7
1281860 1801.6
1281870 1799.5
1281880 1799.5
1281890 1797.5
1281900 1795.1
1281910 1795.1
1281920 1791.4
1281930 1787.6
1281940 1787.6
1281950 1785.2
1281960 1782.3
1281970 1782.3
1281980 1775.3
1281990 1766.5
1282000 1766.5
1282010 1758.6
1282020 1750.8
1282030 1750.8
1282040 1744.0
1282050 1742.7
1282060 1742.7
1282070 1743.9
1282080 1745.6
1282090 1745.6
1282100 1744.9
1282110 1741.0
1282120 1735.1
1282130 1735.1
1282140 1729.1
1282150 1718.0
1282160 1718.0
1282170 1710.3
1282180 1712.9
1282190 1712.9
1282200 1715.7
1282210 1716.3
1282220 1716.3
1282230 1716.2
1282240 1716.8
1282250 1716.8
1282260 1715.6
1282270 1712.8
1282280 1712.8
1282290 1713.7
1282300 1717.4
1282310 1717.4
1282320 1718.5
1282330 1715.3
1282340 1715.3
1282350 1715.1
1282360 1716.5
1282370 1716.5
1282380 1719.9
1282390 1723.2
1282400 1725.6
1282410 1725.6
1282420 1729.1
1282430 1732.7
1282440 1732.7
1282450 1733.7
1282460 1733.3
1282470 1728.0
1282480 1727.2
1282490 1728.1
1282500 1728.1
1282510 1729.9
1282520 1731.0
1282530 1731.0
1282540 1729.6
1282550 1727.6
1282560 1727.6
1282570 1724.7
1282580 1721.4
1282590 1721.4
1282600 1718.4
1282610 1714.8
1282620 1714.8
1282630 1707.4
1282640 1698.1
1282650 1698.1
1282660 1683.7
1282670 1670.6
1282680 1668.2
1282690 1668.2
1282700 1669.7
1282710 1671.9
1282720 1671.9
1282730 1676.1
1282740 1680.0
1282750 1680.0
1282760 1681.1
1282770 1681.0
1282780 1681.0
1282790 1680.5
1282800 1682.8
1282810 1682.8
1282820 1687.5
1282830 1688.4
1282840 1688.4
1282850 1688.7
1282860 1689.0
1282870 1689.0
1282880 1687.5
1282890 1687.8
1282900 1687.8
1282910 1689.3
1282920 1690.2
1282930 1690.2
1282940 1688.8
1282950 1685.2
1282960 1677.8
1282970 1677.8
1282980 1669.5
1282990 1664.1
1283000 1664.1
1283010 1659.7
1283020 1654.8
1283030 1654.8
1283040 1649.5
1283050 1645.9
1283060 1645.9
1283070 1644.6
1283080 1642.2
1283090 1642.2
1283100 1633.3
1283110 1631.3
1283120 1631.3
1283130 1630.0
1283140 1629.8
1283150 1629.8
1283160 1630.0
1283170 1629.1
1283180 1629.1
1283190 1628.8
1283200 1626.4
1283210 1626.4
1283220 1622.6
1283230 1618.1
1283240 1618.1
1283250 1609.8
1283260 1602.6
1283270 1597.3
1283280 1597.3
1283290 1592.9
1283300 1583.5
1283310 1583.5
1283320 1570.7
1283330 1557.3
1283340 1557.3
1283350 1544.9
1283360 1534.9
1283370 1534.9
1283380 1517.5
1283390 1492.2
1283400 1492.2
1283410 1473.4
1283420 1463.2
1283430 1463.2
1283440 1448.4
1283450 1425.9
1283460 1425.9
1283470 1397.9
1283480 1382.1
1283490 1382.1
1283500 1370.8
1283510 1359.0
1283520 1359.0
1283530 1350.8
1283540 1344.0
1283550 1334.7
1283560 1334.7
1283570 1323.3
1283580 1314.7
1283590 1314.7
1283600 1307.9
1283610 1301.6
1283620 1301.6
1283630 1296.2
1283640 1291.9
1283650 1291.9
1283660 1287.2
1283670 1282.3
1283680 1282.3
1283690 1277.3
1283700 1273.2
1283710 1273.2
1283720 1271.2
1283730 1271.6
1283740 1266.0
1283750 1265.0
1283760 1263.1
1283770 1263.1
1283780 1258.3
1283790 1255.1
1283800 1255.1
1283810 1253.2
1283820 1251.5
1283830 1250.3
1283840 1250.3
1283850 1249.0
1283860 1247.1
1283870 1247.1
1283880 1243.4
1283890 1240.4
1283900 1240.4
1283910 1238.7
1283920 1236.1
1283930 1236.1
1283940 1230.8
1283950 1225.7
1283960 1225.7
1283970 1222.5
1283980 1221.1
1283990 1221.1
1284000 1219.5
1284010 1216.0
1284020 1216.0
1284030 1213.6
1284040 1214.5
1284050 1214.5
1284060 1216.7
1284070 1216.5
1284080 1216.5
1284090 1217.8
1284100 1217.7
1284110 1214.5
1284120 1214.5
1284130 1210.9
1284140 1208.3
1284150 1208.3
1284160 1206.5
1284170 1205.6
1284180 1205.6
1284190 1204.2
1284200 1201.9
1284210 1201.9
1284220 1199.8
1284230 1196.3
1284240 1196.3
1284250 1192.0
1284260 1189.3
1284270 1189.3
1284280 1185.5
1284290 1181.5
1284300 1181.5
1284310 1175.8
1284320 1171.9
1284330 1171.9
1284340 1171.3
1284350 1170.9
1284360 1170.9
1284370 1168.2
1284380 1169.7
1284390 1169.7
1284400 1172.7
1284410 1175.0
1284420 1175.3
1284430 1175.3
1284440 1176.2
1284450 1177.9
1284460 1177.9
1284470 1179.0
1284480 1180.3
1284490 1180.3
1284500 1181.2
1284510 1182.5
1284520 1182.5
1284530 1181.4
1284540 1178.6
1284550 1178.6
1284560 1179.0
1284570 1179.0
1284580 1179.0
1284590 1177.9
1284600 1178.8
1284610 1178.8
1284620 1183.3
1284630 1184.6
1284640 1184.6
1284650 1181.7
1284660 1180.1
1284670 1180.1
1284680 1180.8
1284690 1182.0
1284700 1182.0
1284710 1182.0
1284720 1180.9
1284730 1178.4
1284740 1178.4
1284750 1177.8
1284760 1179.7
1284770 1179.7
1284780 1183.0
1284790 1188.1
1284800 1188.1
1284810 1194.9
1284820 1200.0
1284830 1200.0
1284840 1203.7
1284850 1206.5
1284860 1206.5
1284870 1208.2
1284880 1210.0
1284890 1210.0
1284900 1211.8
1284910 1212.8
1284920 1212.8
1284930 1212.7
1284940 1213.6
1284950 1213.6
1284960 1215.0
1284970 1217.2
1284980 1217.8
1284990 1217.8
1285000 1220.2
1285010 1213.7
1285020 1213.7
1285030 1214.2
1285040 1215.6
1285050 1215.6
1285060 1218.7
1285070 1227.3
1285080 1227.3
1285090 1234.0
1285100 1236.8
1285110 1236.8
1285120 1237.9
1285130 1238.1
1285140 1238.1
1285150 1239.9
1285160 1239.2
1285170 1239.2
1285180 1236.8
1285190 1236.8
1285200 1236.8
1285210 1235.8
1285220 1236.6
1285230 1236.6
1285240 1237.2
1285250 1237.9
1285260 1237.9
1285270 1239.4
1285280 1240.6
1285290 1234.6
1285300 1234.6
1285310 1238.4
1285320 1247.6
1285330 1247.6
1285340 1254.7
1285350 1263.0
1285360 1263.0
1285370 1273.7
1285380 1284.0
1285390 1284.0
1285400 1290.8
1285410 1295.9
1285420 1295.9
1285430 1301.3
1285440 1308.8
1285450 1308.8
1285460 1314.7
1285470 1320.8
1285480 1320.8
1285490 1327.3
1285500 1333.5
1285510 1333.5
1285520 1342.7
1285530 1351.6
1285540 1351.6
1285550 1358.5
1285560 1365.6
1285570 1372.0
1285580 1372.0
1285590 1379.2
1285600 1382.6
1285610 1382.6
1285620 1388.8
1285630 1396.9
1285640 1396.9
1285650 1400.1
1285660 1403.8
1285670 1403.8
1285680 1408.0
1285690 1411.7
1285700 1411.7
1285710 1415.4
1285720 1420.4
1285730 1420.4
1285740 1420.9
1285750 1419.7
1285760 1419.7
1285770 1421.6
1285780 1423.8
1285790 1423.8
1285800 1427.7
1285810 1429.9
1285820 1429.9
1285830 1426.8
1285840 1426.0
1285850 1435.4
1285860 1435.4
1285870 1440.6
1285880 1440.2
1285890 1440.2
1285900 1433.7
1285910 1430.8
1285920 1430.8
1285930 1423.9
1285940 1417.1
1285950 1417.1
1285960 1404.7
1285970 1394.1
1285980 1394.1
1285990 1390.7
1286000 1386.6
1286010 1386.6
1286020 1385.8
1286030 1380.6
1286040 1380.6
1286050 1369.5
1286060 1356.5
1286070 1356.5
1286080 1347.2
1286090 1346.7
1286100 1346.7
1286110 1351.2
1286120 1356.3
1286130 1357.6
1286140 1357.6
1286150 1341.0
1286160 1342.0
1286170 1342.0
1286180 1355.4
1286190 1363.9
1286200 1363.9
1286210 1391.0
1286220 1407.3
1286230 1407.3
1286240 1419.7
1286250 1436.7
1286260 1436.7
1286270 1455.6
1286280 1465.5
1286290 1463.5
1286300 1475.7
1286310 1493.7
1286320 1493.7
1286330 1504.4
1286340 1513.9
1286350 1513.9
1286360 1521.6
1286370 1529.0
1286380 1529.0
1286390 1537.2
1286400 1545.8
1286410 1545.8
1286420 1553.3
1286430 1557.2
1286440 1551.6
1286450 1551.6
1286460 1543.5
1286470 1542.0
1286480 1542.0
1286490 1540.4
1286500 1539.9
1286510 1539.9
1286520 1539.2
1286530 1536.5
1286540 1536.5
1286550 1528.4
1286560 1524.0
1286570 1524.0
1286580 1516.8
1286590 1516.8
1286600 1516.8
1286610 1517.2
1286620 1518.9
1286630 1518.9
1286640 1526.0
1286650 1536.6
1286660 1536.6
1286670 1544.3
1286680 1549.2
1286690 1549.2
1286700 1554.2
1286710 1559.3
1286720 1564.7
1286730 1564.7
1286740 1570.0
1286750 1575.6
1286760 1575.6
1286770 1580.5
1286780 1582.5
1286790 1582.5
1286800 1582.7
1286810 1579.4
1286820 1579.4
1286830 1575.1
1286840 1571.2
1286850 1571.2
1286860 1567.6
1286870 1562.0
1286880 1562.0
1286890 1556.7
1286900 1548.4
1286910 1548.4
1286920 1537.6
1286930 1525.4
1286940 1522.8
1286950 1510.9
1286960 1493.9
1286970 1493.9
1286980 1476.7
1286990 1464.0
1287000 1446.8
1287010 1446.8
1287020 1428.2
1287030 1409.8
1287040 1409.8
1287050 1399.9
1287060 1391.6
1287070 1391.6
1287080 1384.7
1287090 1378.2
1287100 1378.2
1287110 1371.6
1287120 1363.8
1287130 1363.8
1287140 1353.4
1287150 1351.6
1287160 1351.6
1287170 1355.8
1287180 1358.9
1287190 1358.9
1287200 1362.5
1287210 1362.1
1287220 1362.1
1287230 1365.5
1287240 1371.4
1287250 1371.4
1287260 1375.6
1287270 1382.0
1287280 1391.6
1287290 1391.6
1287300 1397.3
1287310 1401.9
1287320 1401.9
1287330 1409.5
1287340 1425.3
1287350 1425.3
1287360 1434.7
1287370 1439.8
1287380 1439.8
1287390 1444.9
1287400 1452.2
1287410 1452.2
1287420 1455.5
1287430 1459.3
1287440 1459.3
1287450 1463.7
1287460 1467.6
1287470 1467.6
1287480 1471.2
1287490 1474.1
1287500 1474.1
1287510 1477.1
1287520 1484.6
1287530 1484.6
1287540 1491.9
1287550 1496.0
1287560 1496.0
1287570 1503.4
1287580 1511.5
1287590 1495.3
1287600 1495.3
1287610 1496.1
1287620 1497.2
1287630 1497.2
1287640 1491.8
1287650 1484.0
1287660 1484.0
1287670 1492.0
1287680 1497.2
1287690 1497.2
1287700 1500.5
1287710 1509.5
1287720 1509.5
1287730 1521.8
1287740 1534.9
1287750 1534.9
1287760 1548.6
1287770 1556.0
1287780 1556.0
1287790 1561.6
1287800 1568.4
1287810 1568.4
1287820 1574.7
1287830 1577.9
1287840 1577.9
1287850 1583.6
1287860 1587.7
1287870 1588.6
1287880 1588.6
1287890 1587.2
1287900 1585.8
1287910 1585.8
1287920 1586.7
1287930 1587.5
1287940 1587.5
1287950 1587.9
1287960 1594.5
1287970 1594.5
1287980 1610.0
1287990 1621.8
1288000 1621.8
1288010 1629.5
1288020 1629.2
1288030 1629.2
1288040 1630.3
1288050 1632.2
1288060 1632.2
1288070 1628.9
1288080 1625.8
1288090 1625.8
1288100 1627.9
1288110 1635.4
1288120 1635.4
1288130 1644.7
1288140 1656.0
1288150 1669.4
1288160 1669.4
1288170 1684.4
1288180 1693.8
1288190 1693.8
1288200 1699.0
1288210 1706.2
1288220 1706.2
1288230 1679.0
1288240 1691.3
1288250 1691.3
1288260 1705.2
1288270 1711.1
1288280 1711.1
1288290 1718.1
1288300 1724.4
1288310 1724.4
1288320 1732.1
1288330 1733.1
1288340 1733.1
1288350 1738.3
1288360 1748.3
1288370 1748.3
1288380 1760.3
1288390 1769.7
1288400 1769.7
1288410 1773.0
1288420 1773.0
1288430 1778.6
1288440 1778.6
1288450 1787.5
1288460 1796.7
1288470 1796.7
1288480 1805.2
1288490 1815.1
1288500 1815.1
1288510 1825.3
1288520 1832.3
1288530 1832.3
1288540 1835.9
1288550 1841.8
1288560 1841.8
1288570 1852.4
1288580 1863.6
1288590 1863.6
1288600 1870.4
1288610 1877.5
1288620 1877.5
1288630 1882.4
1288640 1884.6
1288650 1884.6
1288660 1890.9
1288670 1898.8
1288680 1898.8
1288690 1907.2
1288700 1916.1
1288710 1916.1
1288720 1925.8
1288730 1936.0
1288740 1943.7
1288750 1943.7
1288760 1948.6
1288770 1948.5
1288780 1948.5
1288790 1947.3
1288800 1941.7
1288810 1941.7
1288820 1932.3
1288830 1918.0
1288840 1918.0
1288850 1905.5
1288860 1892.2
1288870 1892.2
1288880 1882.3
1288890 1868.9
1288900 1868.9
1288910 1859.1
1288920 1848.4
1288930 1848.4
1288940 1838.3
1288950 1830.7
1288960 1830.7
1288970 1825.2
1288980 1821.1
1288990 1821.1
1289000 1815.3
1289010 1805.3
1289020 1793.2
1289030 1793.2
1289040 1776.7
1289050 1755.4
1289060 1755.4
1289070 1737.5
1289080 1738.8
1289090 1738.8
1289100 1745.6
1289110 1746.7
1289120 1746.7
1289130 1744.7
1289140 1747.2
1289150 1747.2
1289160 1746.0
1289170 1746.6
1289180 1746.6
1289190 1737.7
1289200 1718.5
1289210 1718.5
1289220 1711.0
1289230 1708.9
1289240 1708.9
1289250 1705.3
1289260 1710.0
1289270 1710.0
1289280 1717.9
1289290 1722.1
1289300 1712.8
1289310 1712.8
1289320 1696.2
1289330 1688.5
1289340 1688.5
1289350 1687.5
1289360 1684.4
1289370 1684.4
1289380 1679.5
1289390 1671.1
1289400 1671.1
1289410 1665.4
1289420 1657.0
1289430 1657.0
1289440 1640.9
1289450 1612.4
1289460 1612.4
1289470 1587.3
1289480 1569.7
1289490 1569.7
1289500 1557.9
1289510 1546.9
1289520 1546.9
1289530 1551.1
1289540 1551.6
1289550 1551.6
1289560 1559.1
1289570 1566.9
1289580 1573.5
1289590 1573.5
1289600 1581.7
1289610 1588.6
1289620 1588.6
1289630 1588.7
1289640 1585.3
1289650 1585.3
1289660 1580.0
1289670 1571.3
1289680 1571.3
1289690 1560.8
1289700 1553.0
1289710 1553.0
1289720 1544.7
1289730 1532.1
1289740 1532.1
1289750 1514.3
1289760 1506.3
1289770 1506.3
1289780 1512.8
1289790 1522.0
1289800 1522.0
1289810 1524.7
1289820 1518.8
1289830 1518.8
1289840 1508.2
1289850 1493.1
1289860 1493.1
1289870 1485.4
1289880 1477.2
1289890 1465.6
1289900 1465.6
1289910 1457.1
1289920 1456.5
1289930 1456.5
1289940 1462.7
1289950 1464.7
1289960 1464.7
1289970 1466.1
1289980 1468.8
1289990 1468.8
1290000 1463.3
1290010 1449.2
1290020 1449.2
1290030 1439.2
1290040 1432.1
1290050 1432.1
1290060 1433.4
1290070 1431.5
1290080 1431.5
1290090 1424.0
1290100 1419.2
1290110 1419.2
1290120 1415.7
1290130 1410.4
1290140 1410.4
1290150 1403.6
1290160 1395.6
1290170 1386.7
1290180 1386.7
1290190 1373.9
1290200 1369.2
1290210 1369.2
1290220 1359.9
1290230 1349.3
1290240 1349.3
1290250 1344.5
1290260 1341.5
1290270 1341.5
1290280 1334.7
1290290 1330.6
1290300 1330.6
1290310 1337.0
1290320 1342.2
1290330 1342.2
1290340 1346.2
1290350 1349.4
1290360 1349.4
1290370 1349.5
1290380 1344.9
1290390 1344.9
1290400 1338.9
1290410 1332.3
1290420 1332.3
1290430 1319.9
1290440 1309.0
1290450 1298.5
1290460 1298.5
1290470 1289.3
1290480 1275.5
1290490 1275.5
1290500 1259.5
1290510 1232.9
1290520 1232.9
1290530 1217.9
1290540 1185.4
1290550 1185.4
1290560 1158.9
1290570 1137.6
1290580 1137.6
1290590 1099.9
1290600 1077.8
1290610 1077.8
1290620 1069.8
1290630 1062.2
1290640 1062.2
1290650 1054.7
1290660 1047.3
1290670 1047.3
1290680 1039.4
1290690 1031.6
1290700 1031.6
1290710 1024.4
1290720 1017.4
1290730 1010.3
1290740 1010.3
1290750 1001.3
1290760 996.5
1290770 996.5
1290780 1005.4
1290790 1012.2
1290800 1012.2
1290810 1018.5
1290820 1024.1
1290830 1024.1
1290840 1028.9
1290850 1035.8
1290860 1035.8
1290870 1042.6
1290880 1049.5
1290890 1049.5
1290900 1056.7
1290910 1063.8
1290920 1063.8
1290930 1071.1
1290940 1078.3
1290950 1078.3
1290960 1085.3
1290970 1092.3
1290980 1092.3
1290990 1099.0
1291000 1105.9
1291010 1105.9
1291020 1117.0
1291030 1129.3
1291040 1141.8
1291050 1141.8
1291060 1152.7
1291070 1165.1
1291080 1165.1
1291090 1179.9
1291100 1191.9
1291110 1191.9
1291120 1204.7
1291130 1216.8
1291140 1216.8
1291150 1227.6
1291160 1236.8
1291170 1236.8
1291180 1263.5
1291190 1315.9
1291200 1315.9
1291210 1333.8
1291220 1345.1
1291230 1345.1
1291240 1346.1
1291250 1340.2
1291260 1340.2
1291270 1339.4
1291280 1335.8
1291290 1335.8
1291300 1330.2
1291310 1319.7
1291320 1307.3
1291330 1307.3
1291340 1299.6
1291350 1318.8
1291360 1318.8
1291370 1347.7
1291380 1371.6
1291390 1371.6
1291400 1394.8
1291410 1414.6
1291420 1414.6
1291430 1427.5
1291440 1440.3
1291450 1440.3
1291460 1450.9
1291470 1460.4
1291480 1460.4
1291490 1473.1
1291500 1484.2
1291510 1487.6
1291520 1506.3
1291530 1524.2
1291540 1524.2
1291550 1540.7
1291560 1547.0
1291570 1547.0
1291580 1552.0
1291590 1565.3
1291600 1597.3
1291610 1597.3
1291620 1624.3
1291630 1635.9
1291640 1635.9
1291650 1643.4
1291660 1648.3
1291670 1648.3
1291680 1650.3
1291690 1647.2
1291700 1647.2
1291710 1652.9
1291720 1665.3
1291730 1665.3
1291740 1677.9
1291750 1691.6
1291760 1691.6
1291770 1710.6
1291780 1729.5
1291790 1729.5
1291800 1750.4
1291810 1771.0
1291820 1771.0
1291830 1785.4
1291840 1798.4
1291850 1798.4
1291860 1809.6
1291870 1806.8
1291880 1806.0
1291890 1806.0
1291900 1816.7
1291910 1826.6
1291920 1826.6
1291930 1833.5
1291940 1844.4
1291950 1844.4
1291960 1858.7
1291970 1872.8
1291980 1872.8
1291990 1884.9
1292000 1887.7
1292010 1887.7
1292020 1891.7
1292030 1901.2
1292040 1901.2
1292050 1908.8
1292060 1915.1
1292070 1915.1
1292080 1918.5
1292090 1920.2
1292100 1920.2
1292110 1925.7
1292120 1937.0
1292130 1937.0
1292140 1949.4
1292150 1958.0
1292160 1958.0
1292170 1958.5
1292180 1968.2
1292190 1981.6
1292200 1981.6
1292210 1995.3
1292220 2005.4
1292230 2005.4
1292240 2014.3
1292250 2020.7
1292260 2020.7
1292270 2025.4
1292280 2033.6
1292290 2033.6
1292300 2043.8
1292310 2051.4
1292320 2051.4
1292330 2060.6
1292340 2071.5
1292350 2071.5
1292360 2079.6
1292370 2086.4
1292380 2086.4
1292390 2091.7
1292400 2090.5
1292410 2090.5
1292420 2082.8
1292430 2072.2
1292440 2072.2
1292450 2073.3
1292460 2060.3
1292470 2037.9
1292480 2037.9
1292490 2032.9
1292500 2032.5
1292510 2032.5
1292520 2037.3
1292530 2047.7
1292540 2047.7
1292550 2059.6
1292560 2050.2
1292570 2050.2
1292580 2034.5
1292590 2019.7
1292600 2019.7
1292610 2006.0
1292620 2004.9
1292630 2004.9
1292640 2006.2
1292650 2013.1
1292660 2013.1
1292670 2026.5
1292680 2027.4
1292690 2027.4
1292700 2022.1
1292710 2013.0
1292720 2013.0
1292730 1999.0
1292740 1981.7
1292750 1963.5
1292760 1963.5
1292770 1947.7
1292780 1935.0
1292790 1935.0
1292800 1923.5
1292810 1912.4
1292820 1912.4
1292830 1901.7
1292840 1892.8
1292850 1892.8
1292860 1881.4
1292870 1871.6
1292880 1871.6
1292890 1861.0
1292900 1850.0
1292910 1850.0
1292920 1841.6
1292930 1836.9
1292940 1836.9
1292950 1830.7
1292960 1824.2
1292970 1824.2
1292980 1818.9
1292990 1813.0
1293000 1813.0
1293010 1805.7
1293020 1798.5
1293030 1798.2
1293040 1798.2
1293050 1800.3
1293060 1800.9
1293070 1800.9
1293080 1798.7
1293090 1792.6
1293100 1792.6
1293110 1787.1
1293120 1788.1
1293130 1788.1
1293140 1791.5
1293150 1794.6
1293160 1794.6
1293170 1799.1
1293180 1805.2
1293190 1805.2
1293200 1805.1
1293210 1796.5
1293220 1796.5
1293230 1787.7
1293240 1782.9
1293250 1782.9
1293260 1780.2
1293270 1773.7
1293280 1773.7
1293290 1765.4
1293300 1761.7
1293310 1761.7
1293320 1760.1
1293330 1756.0
1293340 1754.5
1293350 1754.5
1293360 1748.4
1293370 1738.7
1293380 1738.7
1293390 1742.2
1293400 1744.1
1293410 1744.1
1293420 1744.0
1293430 1739.5
1293440 1739.5
1293450 1734.4
1293460 1735.4
1293470 1735.4
1293480 1739.7
1293490 1746.9
1293500 1752.8
1293510 1776.0
1293520 1784.4
1293530 1784.4
1293540 1777.0
1293550 1764.6
1293560 1764.6
1293570 1745.7
1293580 1733.4
1293590 1733.4
1293600 1722.1
1293610 1711.4
1293620 1703.0
1293630 1703.0
1293640 1692.2
1293650 1682.4
1293660 1682.4
1293670 1672.0
1293680 1662.8
1293690 1662.8
1293700 1654.4
1293710 1643.9
1293720 1643.9
1293730 1635.1
1293740 1624.7
1293750 1624.7
1293760 1613.6
1293770 1603.3
1293780 1603.3
1293790 1595.6
1293800 1592.7
1293810 1592.7
1293820 1589.9
1293830 1584.6
1293840 1584.6
1293850 1577.8
1293860 1577.2
1293870 1577.2
1293880 1568.3
1293890 1574.6
1293900 1589.4
1293910 1589.4
1293920 1602.0
1293930 1608.1
1293940 1608.1
1293950 1609.2
1293960 1610.8
1293970 1610.8
1293980 1611.3
1293990 1610.8
1294000 1610.8
1294010 1611.5
1294020 1612.6
1294030 1612.6
1294040 1613.1
1294050 1613.9
1294060 1613.9
1294070 1615.2
1294080 1617.5
1294090 1617.5
1294100 1616.7
1294110 1608.8
1294120 1608.8
1294130 1601.4
1294140 1595.8
1294150 1595.8
1294160 1590.9
1294170 1579.9
1294180 1576.7
1294190 1576.7
1294200 1573.7
1294210 1569.9
1294220 1569.9
1294230 1566.2
1294240 1561.5
1294250 1561.5
1294260 1558.9
1294270 1555.5
1294280 1555.5
1294290 1553.6
1294300 1549.0
1294310 1549.0
1294320 1546.9
1294330 1545.1
1294340 1545.1
1294350 1542.7
1294360 1538.9
1294370 1538.9
1294380 1535.1
1294390 1530.7
1294400 1530.7
1294410 1524.9
1294420 1520.3
1294430 1520.3
1294440 1518.1
1294450 1517.1
1294460 1517.1
1294470 1518.4
1294480 1518.2
1294490 1513.8
1294500 1513.8
1294510 1506.5
1294520 1503.2
1294530 1503.2
1294540 1499.1
1294550 1496.9
1294560 1496.9
1294570 1497.9
1294580 1499.8
1294590 1499.8
1294600 1504.7
1294610 1511.4
1294620 1511.4
1294630 1517.4
1294640 1521.7
1294650 1521.7
1294660 1526.2
1294670 1528.5
1294680 1528.5
1294690 1532.3
1294700 1534.6
1294710 1534.6
1294720 1537.1
1294730 1542.3
1294740 1542.3
1294750 1547.6
1294760 1552.1
1294770 1556.8
1294780 1556.8
1294790 1561.2
1294800 1565.5
1294810 1565.5
1294820 1569.6
1294830 1574.8
1294840 1570.0
1294850 1574.8
1294860 1579.4
1294870 1579.4
1294880 1584.1
1294890 1589.3
1294900 1589.3
1294910 1593.4
1294920 1598.2
1294930 1598.2
1294940 1603.4
1294950 1609.4
1294960 1609.4
1294970 1616.6
1294980 1622.1
1294990 1622.1
1295000 1625.7
1295010 1631.5
1295020 1631.5
1295030 1637.5
1295040 1638.2
1295050 1632.4
1295060 1632.4
1295070 1626.0
1295080 1618.7
1295090 1618.7
1295100 1614.8
1295110 1610.8
1295120 1610.8
1295130 1599.2
1295140 1585.3
1295150 1585.3
1295160 1578.6
1295170 1565.2
1295180 1565.2
1295190 1553.0
1295200 1543.7
1295210 1543.7
1295220 1538.8
1295230 1532.9
1295240 1532.9
1295250 1525.0
1295260 1521.9
1295270 1521.9
1295280 1518.2
1295290 1512.8
1295300 1512.8
1295310 1511.2
1295320 1507.4
1295330 1503.6
1295340 1503.6
1295350 1506.6
1295360 1504.3
1295370 1504.3
1295380 1503.1
1295390 1497.9
1295400 1497.9
1295410 1502.0
1295420 1507.8
1295430 1507.8
1295440 1516.4
1295450 1521.0
1295460 1521.0
1295470 1514.0
1295480 1498.2
1295490 1498.2
1295500 1488.5
1295510 1481.4
1295520 1473.2
1295530 1468.7
1295540 1461.2
1295550 1461.2
1295560 1454.7
1295570 1452.0
1295580 1452.0
1295590 1452.5
1295600 1457.4
1295610 1457.4
1295620 1460.1
1295630 1459.4
1295640 1453.5
1295650 1453.5
1295660 1445.7
1295670 1446.6
1295680 1446.6
1295690 1449.5
1295700 1454.3
1295710 1454.3
1295720 1455.2
1295730 1452.3
1295740 1452.3
1295750 1447.5
1295760 1439.3
1295770 1439.3
1295780 1419.4
1295790 1387.9
1295800 1387.9
1295810 1383.2
1295820 1385.5
1295830 1385.5
1295840 1390.9
1295850 1405.4
1295860 1405.4
1295870 1421.1
1295880 1437.7
1295890 1437.7
1295900 1452.2
1295910 1461.2
1295920 1468.7
1295930 1468.7
1295940 1476.1
1295950 1483.0
1295960 1483.0
1295970 1490.5
1295980 1497.9
1295990 1497.9
1296000 1505.6
1296010 1512.0
1296020 1512.0
1296030 1515.6
1296040 1517.1
1296050 1517.1
1296060 1519.2
1296070 1522.8
1296080 1522.8
1296090 1524.3
1296100 1523.8
1296110 1523.8
1296120 1522.4
1296130 1523.1
1296140 1523.1
1296150 1525.3
1296160 1525.6
1296170 1525.6
1296180 1524.5
1296190 1514.1
1296200 1513.8
1296210 1513.8
1296220 1513.4
1296230 1512.5
1296240 1512.5
1296250 1512.3
1296260 1511.2
1296270 1511.2
1296280 1506.2
1296290 1503.3
1296300 1503.3
1296310 1502.4
1296320 1502.4
1296330 1502.4
1296340 1502.9
1296350 1506.2
1296360 1506.2
1296370 1508.7
1296380 1507.9
1296390 1507.9
1296400 1492.3
1296410 1477.0
1296420 1477.0
1296430 1478.8
1296440 1477.5
1296450 1477.5
1296460 1486.4
1296470 1493.8
1296480 1496.1
1296490 1496.1
1296500 1495.2
1296510 1496.3
1296520 1496.3
1296530 1498.0
1296540 1494.0
1296550 1494.0
1296560 1488.6
1296570 1481.4
1296580 1481.4
1296590 1480.6
1296600 1485.8
1296610 1485.8
1296620 1496.0
1296630 1509.5
1296640 1509.5
1296650 1522.1
1296660 1525.5
1296670 1525.5
1296680 1524.8
1296690 1523.3
1296700 1523.3
1296710 1522.2
1296720 1522.3
1296730 1522.3
1296740 1522.7
1296750 1524.2
1296760 1524.2
1296770 1526.1
1296780 1525.2
1296790 1523.4
1296800 1523.4
1296810 1518.2
1296820 1515.9
1296830 1515.9
1296840 1511.3
1296850 1504.0
1296860 1504.0
1296870 1494.0
1296880 1495.1
1296890 1495.1
1296900 1493.5
1296910 1493.0
1296920 1493.0
1296930 1496.9
1296940 1503.0
1296950 1503.0
1296960 1506.6
1296970 1506.0
1296980 1506.0
1296990 1504.2
1297000 1502.8
1297010 1502.8
1297020 1503.5
1297030 1509.2
1297040 1509.2
1297050 1514.1
1297060 1516.4
1297070 1517.2
1297080 1517.2
1297090 1517.4
1297100 1517.3
1297110 1517.3
1297120 1515.6
1297130 1514.6
1297140 1514.6
1297150 1512.8
1297160 1508.4
1297170 1508.4
1297180 1502.6
1297190 1496.5
1297200 1496.5
1297210 1489.8
1297220 1485.7
1297230 1485.7
1297240 1485.1
1297250 1488.4
1297260 1488.4
1297270 1493.6
1297280 1495.3
1297290 1495.3
1297300 1496.4
1297310 1502.0
1297320 1502.0
1297330 1506.8
1297340 1510.4
1297350 1513.0
1297360 1513.0
1297370 1514.8
1297380 1515.1
1297390 1515.1
1297400 1513.6
1297410 1511.9
1297420 1511.9
1297430 1511.0
1297440 1510.7
1297450 1510.7
1297460 1510.2
1297470 1509.1
1297480 1509.1
1297490 1507.3
1297500 1507.2
1297510 1507.2
1297520 1508.6
1297530 1509.9
1297540 1509.9
1297550 1504.1
1297560 1504.3
1297570 1504.3
1297580 1506.7
1297590 1509.3
1297600 1509.3
1297610 1508.6
1297620 1508.0
1297630 1506.2
1297640 1506.2
1297650 1504.0
1297660 1504.7
1297670 1504.7
1297680 1504.8
1297690 1504.7
1297700 1504.7
1297710 1502.3
1297720 1499.7
1297730 1499.7
1297740 1497.9
1297750 1496.4
1297760 1496.4
1297770 1492.9
1297780 1489.1
1297790 1489.1
1297800 1485.3
1297810 1481.7
1297820 1481.7
1297830 1476.5
1297840 1470.6
1297850 1470.6
1297860 1465.5
1297870 1460.0
1297880 1460.0
1297890 1454.3
1297900 1451.4
1297910 1451.4
1297920 1452.3
1297930 1451.6
1297940 1450.3
1297950 1450.3
1297960 1447.6
1297970 1444.6
1297980 1444.6
1297990 1441.5
1298000 1438.8
1298010 1438.8
1298020 1437.1
1298030 1436.0
1298040 1436.0
1298050 1432.8
1298060 1430.9
1298070 1430.9
1298080 1428.3
1298090 1428.4
1298100 1428.4
1298110 1428.5
1298120 1424.0
1298130 1424.0
1298140 1421.4
1298150 1420.1
1298160 1420.1
1298170 1418.7
1298180 1419.0
1298190 1419.0
1298200 1416.9
1298210 1414.2
1298220 1413.5
1298230 1404.3
1298240 1400.7
1298250 1396.9
1298260 1396.9
1298270 1390.8
1298280 1381.9
1298290 1381.9
1298300 1377.9
1298310 1375.9
1298320 1375.9
1298330 1373.3
1298340 1370.1
1298350 1370.1
1298360 1365.9
1298370 1364.5
1298380 1364.5
1298390 1364.2
1298400 1362.5
1298410 1362.5
1298420 1360.4
1298430 1359.2
1298440 1359.2
1298450 1357.5
1298460 1354.7
1298470 1354.7
1298480 1351.5
1298490 1348.5
1298500 1345.6
1298510 1345.6
1298520 1342.6
1298530 1339.9
1298540 1339.9
1298550 1337.6
1298560 1335.2
1298570 1335.2
1298580 1331.5
1298590 1326.6
1298600 1326.6
1298610 1321.0
1298620 1314.7
1298630 1314.7
1298640 1308.8
1298650 1303.6
1298660 1303.6
1298670 1298.6
1298680 1293.5
1298690 1293.5
1298700 1287.8
1298710 1282.3
1298720 1282.3
1298730 1277.0
1298740 1273.1
1298750 1273.1
1298760 1269.4
1298770 1265.8
1298780 1262.4
1298790 1262.4
1298800 1259.3
1298810 1255.9
1298820 1255.9
1298830 1252.3
1298840 1247.9
1298850 1247.9
1298860 1243.2
1298870 1238.7
1298880 1238.7
1298890 1234.2
1298900 1230.2
1298910 1230.2
1298920 1217.5
1298930 1207.3
1298940 1207.3
1298950 1207.4
1298960 1208.2
1298970 1208.2
1298980 1202.9
1298990 1196.8
1299000 1196.8
1299010 1190.6
1299020 1185.4
1299030 1185.4
1299040 1181.0
1299050 1178.0
1299060 1178.0
1299070 1177.5
1299080 1176.6
1299090 1172.2
1299100 1172.2
1299110 1161.8
1299120 1152.0
1299130 1152.0
1299140 1143.4
1299150 1135.4
1299160 1135.4
1299170 1127.8
1299180 1120.7
1299190 1120.7
1299200 1114.2
1299210 1108.6
1299220 1108.6
1299230 1103.6
1299240 1098.8
1299250 1098.8
1299260 1093.9
1299270 1088.1
1299280 1088.1
1299290 1081.8
1299300 1076.1
1299310 1076.1
1299320 1071.0
1299330 1066.0
1299340 1066.0
1299350 1061.3
1299360 1056.6
1299370 1051.8
1299380 1051.8
1299390 1046.5
1299400 1040.9
1299410 1040.9
1299420 1035.3
1299430 1028.0
1299440 1028.0
1299450 1020.1
1299460 1011.9
1299470 1011.9
1299480 1002.9
1299490 994.1
1299500 994.1
1299510 985.8
1299520 983.7
1299530 983.7
1299540 983.5
1299550 977.3
1299560 977.3
1299570 971.5
1299580 965.7
1299590 965.7
1299600 961.3
1299610 956.0
1299620 956.0
1299630 958.1
1299640 961.6
1299650 965.1
1299660 965.1
1299670 963.6
1299680 959.1
1299690 959.1
1299700 954.4
1299710 950.0
1299720 950.0
1299730 946.3
1299740 942.8
1299750 942.8
1299760 941.5
1299770 938.8
1299780 938.8
1299790 935.5
1299800 930.5
1299810 930.5
1299820 927.3
1299830 924.9
1299840 924.9
1299850 923.3
1299860 921.1
1299870 921.1
1299880 919.9
1299890 919.3
1299900 919.3
1299910 917.0
1299920 911.9
1299930 906.8
1299940 906.8
1299950 900.9
1299960 896.4
1299970 896.4
1299980 892.1
1299990 887.3
