1280000 2388.6
1280010 2381.0
1280020 2376.8
1280030 2376.8
1280040 2379.5
1280050 2388.0
1280060 2392.4
1280070 2392.4
1280080 2390.3
1280090 2385.1
1280100 2385.1
1280110 2381.8
1280120 2379.3
1280130 2379.3
1280140 2388.8
1280150 2399.8
1280160 2399.8
1280170 2410.1
1280180 2425.6
1280190 2425.6
1280200 2426.4
1280210 2417.5
1280220 2417.5
1280230 2412.3
1280240 2406.3
1280250 2406.3
1280260 2401.4
1280270 2402.7
1280280 2402.7
1280290 2396.8
1280300 2394.9
1280310 2394.9
1280320 2390.1
1280330 2385.4
1280340 2384.6
1280350 2384.6
1280360 2379.8
1280370 2375.0
1280380 2375.0
1280390 2373.4
1280400 2376.4
1280410 2376.4
1280420 2379.5
1280430 2377.9
1280440 2377.9
1280450 2386.1
1280460 2395.3
1280470 2395.3
1280480 2400.4
1280490 2406.2
1280500 2406.2
1280510 2415.9
1280520 2426.4
1280530 2426.4
1280540 2429.9
1280550 2429.1
1280560 2429.1
1280570 2428.2
1280580 2428.0
1280590 2428.0
1280600 2425.4
1280610 2423.4
1280620 2424.5
1280630 2424.5
1280640 2425.3
1280650 2424.3
1280660 2424.3
1280670 2421.5
1280680 2417.4
1280690 2417.4
1280700 2411.8
1280710 2409.6
1280720 2409.6
1280730 2418.6
1280740 2425.4
1280750 2425.4
1280760 2431.1
1280770 2439.8
1280780 2439.8
1280790 2443.2
1280800 2449.9
1280810 2449.9
1280820 2447.0
1280830 2453.9
1280840 2453.9
1280850 2458.9
1280860 2460.6
1280870 2460.6
1280880 2461.8
1280890 2463.8
1280900 2463.8
1280910 2469.7
1280920 2482.4
1280930 2487.2
1280940 2487.2
1280950 2492.0
1280960 2497.6
1280970 2497.6
1280980 2505.3
1280990 2508.8
1281000 2508.8
1281010 2512.1
1281020 2515.6
1281030 2515.6
1281040 2520.6
1281050 2517.9
1281060 2517.9
1281070 2524.4
1281080 2534.7
1281090 2534.7
1281100 2541.0
1281110 2546.2
1281120 2546.2
1281130 2553.6
1281140 2559.7
1281150 2559.7
1281160 2564.7
1281170 2568.2
1281180 2568.2
1281190 2572.1
1281200 2575.3
1281210 2579.5
1281220 2579.5
1281230 2580.7
1281240 2572.5
1281250 2572.5
1281260 2555.9
1281270 2542.8
1281280 2542.8
1281290 2533.1
1281300 2524.3
1281310 2524.3
1281320 2517.5
1281330 2508.1
1281340 2508.1
1281350 2498.1
1281360 2490.4
1281370 2490.4
1281380 2485.0
1281390 2480.2
1281400 2480.2
1281410 2474.1
1281420 2465.9
1281430 2455.5
1281440 2448.5
1281450 2440.0
1281460 2440.0
1281470 2436.8
1281480 2439.4
1281490 2432.5
1281500 2432.5
1281510 2422.8
1281520 2415.7
1281530 2415.7
1281540 2413.5
1281550 2412.5
1281560 2412.5
1281570 2410.3
1281580 2412.0
1281590 2412.0
1281600 2414.6
1281610 2416.4
1281620 2416.4
1281630 2420.7
1281640 2426.3
1281650 2426.3
1281660 2427.6
1281670 2427.6
1281680 2427.6
1281690 2426.0
1281700 2424.0
1281710 2424.0
1281720 2423.7
1281730 2429.6
1281740 2429.6
1281750 2434.8
1281760 2438.3
1281770 2438.3
1281780 2445.6
1281790 2453.1
1281800 2462.9
1281810 2462.9
1281820 2469.6
1281830 2472.5
1281840 2472.5
1281850 2471.9
1281860 2464.5
1281870 2464.5
1281880 2459.5
1281890 2461.5
1281900 2461.5
1281910 2464.1
1281920 2465.5
1281930 2465.5
1281940 2460.0
1281950 2448.0
1281960 2448.0
1281970 2441.6
1281980 2436.7
1281990 2436.7
1282000 2438.2
1282010 2445.8
1282020 2445.8
1282030 2440.0
1282040 2434.2
1282050 2434.2
1282060 2424.1
1282070 2422.9
1282080 2421.4
1282090 2421.4
1282100 2443.2
1282110 2450.3
1282120 2450.3
1282130 2439.9
1282140 2429.2
1282150 2429.2
1282160 2419.3
1282170 2413.2
1282180 2413.2
1282190 2417.3
1282200 2420.0
1282210 2420.0
1282220 2413.0
1282230 2407.0
1282240 2407.0
1282250 2398.8
1282260 2393.8
1282270 2393.8
1282280 2388.8
1282290 2384.4
1282300 2384.4
1282310 2385.0
1282320 2388.1
1282330 2388.1
1282340 2387.5
1282350 2385.2
1282360 2377.9
1282370 2377.9
1282380 2364.5
1282390 2342.5
1282400 2342.5
1282410 2322.9
1282420 2310.7
1282430 2310.7
1282440 2298.3
1282450 2281.1
1282460 2281.1
1282470 2264.8
1282480 2252.6
1282490 2252.6
1282500 2243.0
1282510 2234.9
1282520 2234.9
1282530 2224.5
1282540 2214.3
1282550 2214.3
1282560 2204.6
1282570 2194.3
1282580 2194.3
1282590 2186.8
1282600 2182.3
1282610 2182.3
1282620 2172.5
1282630 2162.6
1282640 2162.6
1282650 2156.8
1282660 2146.3
1282670 2134.4
1282680 2134.4
1282690 2130.3
1282700 2118.9
1282710 2118.9
1282720 2108.7
1282730 2098.3
1282740 2098.3
1282750 2088.3
1282760 2080.5
1282770 2080.5
1282780 2072.4
1282790 2061.8
1282800 2061.8
1282810 2051.0
1282820 2041.9
1282830 2041.9
1282840 2029.0
1282850 2018.8
1282860 2018.8
1282870 2011.0
1282880 2005.7
1282890 2005.7
1282900 2001.2
1282910 1996.0
1282920 1996.0
1282930 1990.5
1282940 1984.5
1282950 1977.3
1282960 1977.3
1282970 1969.5
1282980 1962.1
1282990 1962.1
1283000 1954.1
1283010 1943.7
1283020 1943.7
1283030 1932.9
1283040 1920.0
1283050 1920.0
1283060 1909.5
1283070 1899.8
1283080 1899.8
1283090 1887.9
1283100 1875.9
1283110 1875.9
1283120 1864.2
1283130 1845.0
1283140 1845.0
1283150 1819.8
1283160 1797.9
1283170 1797.9
1283180 1781.8
1283190 1770.1
1283200 1770.1
1283210 1764.9
1283220 1764.0
1283230 1764.0
1283240 1763.5
1283250 1764.4
1283260 1764.1
1283270 1764.1
1283280 1760.3
1283290 1757.2
1283300 1757.2
1283310 1758.9
1283320 1750.7
1283330 1750.7
1283340 1747.4
1283350 1745.2
1283360 1745.2
1283370 1742.8
1283380 1739.0
1283390 1739.0
1283400 1733.9
1283410 1730.0
1283420 1730.0
1283430 1728.4
1283440 1725.4
1283450 1725.4
1283460 1716.9
1283470 1706.2
1283480 1706.2
1283490 1695.7
1283500 1684.6
1283510 1684.6
1283520 1677.3
1283530 1683.6
1283540 1689.8
1283550 1689.8
1283560 1691.7
1283570 1693.6
1283580 1693.6
1283590 1694.3
1283600 1693.7
1283610 1693.7
1283620 1693.8
1283630 1690.7
1283640 1690.7
1283650 1683.5
1283660 1680.9
1283670 1680.9
1283680 1682.9
1283690 1685.5
1283700 1685.5
1283710 1680.8
1283720 1679.0
1283730 1679.0
1283740 1673.2
1283750 1665.1
1283760 1665.1
1283770 1656.8
1283780 1649.3
1283790 1649.3
1283800 1642.5
1283810 1635.6
1283820 1629.3
1283830 1629.3
1283840 1632.0
1283850 1636.7
1283860 1636.7
1283870 1642.7
1283880 1649.9
1283890 1649.9
1283900 1655.7
1283910 1663.5
1283920 1663.5
1283930 1671.4
1283940 1674.3
1283950 1674.3
1283960 1676.6
1283970 1681.6
1283980 1681.6
1283990 1683.4
1284000 1682.9
1284010 1682.9
1284020 1685.4
1284030 1687.9
1284040 1687.9
1284050 1689.9
1284060 1695.0
1284070 1695.0
1284080 1700.8
1284090 1709.9
1284100 1709.9
1284110 1723.4
1284120 1744.9
1284130 1774.6
1284140 1774.6
1284150 1801.8
1284160 1826.7
1284170 1826.7
1284180 1845.7
1284190 1858.1
1284200 1858.1
1284210 1875.1
1284220 1886.9
1284230 1886.9
1284240 1895.2
1284250 1906.3
1284260 1906.3
1284270 1916.0
1284280 1925.6
1284290 1925.6
1284300 1937.6
1284310 1952.4
1284320 1952.4
1284330 1966.3
1284340 1980.7
1284350 1980.7
1284360 1995.6
1284370 2004.0
1284380 2004.0
1284390 2007.1
1284400 2009.3
1284410 2011.0
1284420 2011.0
1284430 2010.0
1284440 2009.4
1284450 2009.4
1284460 2012.2
1284470 2013.3
1284480 2013.3
1284490 2011.4
1284500 2004.2
1284510 2004.2
1284520 1995.2
1284530 1988.1
1284540 1988.1
1284550 1981.0
1284560 1972.8
1284570 1972.8
1284580 1961.8
1284590 1944.9
1284600 1944.9
1284610 1937.9
1284620 1932.3
1284630 1932.3
1284640 1924.9
1284650 1915.8
1284660 1915.8
1284670 1906.3
1284680 1895.7
1284690 1886.1
1284700 1886.1
1284710 1875.5
1284720 1864.0
1284730 1864.0
1284740 1849.3
1284750 1836.4
1284760 1836.4
1284770 1824.1
1284780 1810.1
1284790 1810.1
1284800 1799.7
1284810 1792.7
1284820 1792.7
1284830 1785.1
1284840 1774.4
1284850 1774.4
1284860 1760.6
1284870 1738.0
1284880 1738.0
1284890 1710.6
1284900 1695.6
1284910 1695.6
1284920 1688.4
1284930 1681.6
1284940 1681.6
1284950 1673.7
1284960 1659.9
1284970 1659.9
1284980 1644.0
1284990 1630.7
1285000 1620.5
1285010 1620.5
1285020 1609.2
1285030 1600.5
1285040 1600.5
1285050 1593.0
1285060 1585.5
1285070 1585.5
1285080 1579.8
1285090 1574.7
1285100 1574.7
1285110 1566.5
1285120 1554.7
1285130 1554.7
1285140 1545.6
1285150 1539.2
1285160 1539.2
1285170 1532.7
1285180 1527.0
1285190 1527.0
1285200 1522.3
1285210 1516.6
1285220 1516.6
1285230 1506.3
1285240 1495.7
1285250 1495.7
1285260 1492.5
1285270 1499.0
1285280 1505.7
1285290 1505.7
1285300 1512.5
1285310 1518.3
1285320 1518.3
1285330 1522.1
1285340 1528.9
1285350 1528.9
1285360 1539.1
1285370 1550.9
1285380 1550.9
1285390 1560.8
1285400 1570.1
1285410 1570.1
1285420 1580.4
1285430 1586.4
1285440 1586.4
1285450 1590.4
1285460 1596.7
1285470 1596.7
1285480 1605.4
1285490 1614.5
1285500 1614.5
1285510 1626.9
1285520 1648.3
1285530 1648.3
1285540 1665.2
1285550 1675.6
1285560 1685.0
1285570 1685.0
1285580 1696.9
1285590 1709.0
1285600 1709.0
1285610 1716.0
1285620 1722.4
1285630 1722.4
1285640 1727.5
1285650 1732.7
1285660 1732.7
1285670 1738.9
1285680 1750.4
1285690 1750.4
1285700 1773.7
1285710 1780.9
1285720 1780.9
1285730 1790.7
1285740 1835.6
1285750 1835.6
1285760 1875.7
1285770 1894.1
1285780 1894.1
1285790 1914.3
1285800 1934.5
1285810 1934.5
1285820 1953.4
1285830 1969.4
1285840 1969.4
1285850 1982.8
1285860 1993.0
1285870 1997.5
1285880 1997.5
1285890 2002.1
1285900 2000.5
1285910 2000.5
1285920 2000.0
1285930 2012.2
1285940 2012.2
1285950 2018.4
1285960 2009.3
1285970 2009.3
1285980 2016.1
1285990 2027.6
1286000 2027.6
1286010 2041.5
1286020 2057.6
1286030 2057.6
1286040 2061.2
1286050 2065.8
1286060 2065.8
1286070 2071.2
1286080 2078.8
1286090 2078.8
1286100 2088.4
1286110 2094.6
1286120 2094.6
1286130 2089.9
1286140 2082.9
1286150 2076.3
1286160 2076.3
1286170 2067.5
1286180 2063.7
1286190 2063.7
1286200 2057.2
1286210 2049.3
1286220 2049.3
1286230 2045.5
1286240 2047.3
1286250 2047.3
1286260 2043.6
1286270 2033.7
1286280 2033.7
1286290 2025.5
1286300 2019.9
1286310 2019.9
1286320 2012.5
1286330 2003.3
1286340 2003.3
1286350 1990.8
1286360 1977.4
1286370 1977.4
1286380 1967.4
1286390 1961.4
1286400 1961.4
1286410 1962.7
1286420 1963.7
1286430 1960.2
1286440 1960.2
1286450 1958.9
1286460 1955.3
1286470 1955.3
1286480 1945.6
1286490 1940.3
1286500 1940.3
1286510 1944.8
1286520 1957.0
1286530 1957.0
1286540 1968.3
1286550 1980.0
1286560 1980.0
1286570 1991.5
1286580 2000.9
1286590 2000.9
1286600 2009.0
1286610 2017.8
1286620 2017.8
1286630 2024.3
1286640 2031.1
1286650 2031.1
1286660 2036.1
1286670 2043.4
1286680 2043.4
1286690 2051.1
1286700 2059.5
1286710 2059.5
1286720 2068.2
1286730 2075.4
1286740 2081.5
1286750 2081.5
1286760 2088.7
1286770 2096.4
1286780 2096.4
1286790 2105.9
1286800 2117.1
1286810 2117.1
1286820 2115.2
1286830 2100.6
1286840 2100.6
1286850 2086.0
1286860 2070.9
1286870 2070.9
1286880 2057.2
1286890 2043.0
1286900 2043.0
1286910 2029.6
1286920 2023.3
1286930 2023.3
1286940 2017.4
1286950 2006.7
1286960 2006.7
1286970 2001.3
1286980 1995.0
1286990 1995.0
1287000 1989.8
1287010 1981.0
1287020 1962.5
1287030 1962.5
1287040 1934.6
1287050 1909.4
1287060 1909.4
1287070 1894.1
1287080 1884.1
1287090 1884.1
1287100 1874.6
1287110 1862.8
1287120 1862.8
1287130 1850.1
1287140 1836.5
1287150 1836.5
1287160 1819.3
1287170 1795.6
1287180 1795.6
1287190 1773.8
1287200 1747.1
1287210 1747.1
1287220 1731.3
1287230 1724.3
1287240 1724.3
1287250 1720.2
1287260 1723.2
1287270 1723.2
1287280 1722.3
1287290 1720.9
1287300 1716.8
1287310 1716.8
1287320 1710.7
1287330 1703.7
1287340 1703.7
1287350 1695.7
1287360 1688.6
1287370 1688.6
1287380 1681.4
1287390 1670.6
1287400 1670.6
1287410 1660.8
1287420 1650.9
1287430 1650.9
1287440 1641.4
1287450 1642.7
1287460 1642.7
1287470 1654.7
1287480 1668.1
1287490 1668.1
1287500 1678.9
1287510 1686.9
1287520 1686.9
1287530 1694.3
1287540 1700.0
1287550 1700.0
1287560 1705.1
1287570 1707.6
1287580 1713.0
1287590 1713.0
1287600 1721.8
1287610 1728.4
1287620 1728.4
1287630 1732.9
1287640 1735.8
1287650 1735.8
1287660 1740.2
1287670 1743.9
1287680 1743.9
1287690 1749.2
1287700 1755.4
1287710 1755.4
1287720 1763.0
1287730 1769.5
1287740 1769.5
1287750 1776.4
1287760 1782.4
1287770 1782.4
1287780 1789.3
1287790 1797.4
1287800 1797.4
1287810 1806.0
1287820 1817.1
1287830 1817.1
1287840 1827.8
1287850 1838.2
1287860 1838.2
1287870 1848.5
1287880 1859.4
1287890 1868.6
1287900 1868.6
1287910 1877.6
1287920 1884.2
1287930 1884.2
1287940 1891.1
1287950 1899.2
1287960 1899.2
1287970 1909.9
1287980 1921.4
1287990 1921.4
1288000 1928.9
1288010 1931.9
1288020 1931.9
1288030 1935.0
1288040 1939.2
1288050 1939.2
1288060 1946.6
1288070 1955.4
1288080 1955.4
1288090 1965.5
1288100 1976.2
1288110 1976.2
1288120 1988.4
1288130 2003.7
1288140 2003.7
1288150 2012.5
1288160 2018.7
1288170 2024.5
1288180 2024.5
1288190 2034.3
1288200 2038.8
1288210 2038.8
1288220 2043.7
1288230 2052.3
1288240 2052.3
1288250 2060.9
1288260 2069.3
1288270 2069.3
1288280 2079.3
1288290 2090.5
1288300 2090.5
1288310 2102.6
1288320 2115.2
1288330 2115.2
1288340 2125.5
1288350 2135.0
1288360 2135.0
1288370 2140.9
1288380 2145.5
1288390 2145.5
1288400 2150.0
1288410 2155.4
1288420 2155.4
1288430 2164.7
1288440 2175.2
1288450 2183.2
1288460 2180.7
1288470 2190.6
1288480 2201.1
1288490 2201.1
1288500 2210.9
1288510 2223.0
1288520 2223.0
1288530 2231.8
1288540 2238.3
1288550 2238.3
1288560 2240.4
1288570 2227.1
1288580 2227.1
1288590 2211.8
1288600 2200.7
1288610 2200.7
1288620 2193.1
1288630 2186.1
1288640 2186.1
1288650 2176.2
1288660 2172.0
1288670 2172.0
1288680 2165.7
1288690 2157.3
1288700 2157.3
1288710 2144.9
1288720 2137.4
1288730 2137.4
1288740 2126.4
1288750 2112.0
1288760 2102.4
1288770 2102.4
1288780 2097.9
1288790 2086.5
1288800 2086.5
1288810 2075.4
1288820 2065.3
1288830 2065.3
1288840 2056.6
1288850 2052.3
1288860 2052.3
1288870 2036.6
1288880 2025.7
1288890 2025.7
1288900 2016.7
1288910 2007.1
1288920 2007.1
1288930 1998.9
1288940 1992.8
1288950 1992.8
1288960 1986.5
1288970 1979.0
1288980 1979.0
1288990 1971.0
1289000 1963.4
1289010 1963.4
1289020 1957.1
1289030 1952.1
1289040 1946.9
1289050 1946.9
1289060 1942.3
1289070 1938.1
1289080 1938.1
1289090 1934.7
1289100 1928.8
1289110 1934.0
1289120 1923.5
1289130 1913.1
1289140 1913.1
1289150 1908.2
1289160 1907.6
1289170 1907.6
1289180 1901.5
1289190 1896.3
1289200 1896.3
1289210 1892.9
1289220 1885.3
1289230 1885.3
1289240 1873.1
1289250 1864.2
1289260 1864.2
1289270 1855.3
1289280 1843.6
1289290 1843.6
1289300 1826.9
1289310 1814.5
1289320 1800.2
1289330 1800.2
1289340 1790.3
1289350 1788.3
1289360 1788.3
1289370 1781.2
1289380 1766.6
1289390 1766.6
1289400 1764.6
1289410 1765.7
1289420 1765.7
1289430 1766.3
1289440 1769.5
1289450 1769.5
1289460 1765.5
1289470 1755.4
1289480 1755.4
1289490 1726.0
1289500 1710.2
1289510 1710.2
1289520 1698.9
1289530 1685.0
1289540 1685.0
1289550 1673.2
1289560 1662.1
1289570 1662.1
1289580 1655.0
1289590 1651.6
1289600 1651.6
1289610 1645.2
1289620 1634.5
1289630 1626.7
1289640 1626.7
1289650 1620.8
1289660 1613.8
1289670 1613.8
1289680 1609.1
1289690 1605.8
1289700 1605.8
1289710 1601.1
1289720 1596.5
1289730 1596.5
1289740 1589.5
1289750 1582.4
1289760 1590.7
1289770 1586.6
1289780 1583.3
1289790 1583.3
1289800 1574.2
1289810 1566.9
1289820 1566.9
1289830 1558.3
1289840 1546.6
1289850 1546.6
1289860 1528.3
1289870 1508.7
1289880 1508.7
1289890 1490.6
1289900 1470.7
1289910 1455.0
1289920 1455.0
1289930 1432.8
1289940 1414.1
1289950 1414.1
1289960 1400.3
1289970 1390.3
1289980 1390.3
1289990 1387.9
1290000 1386.4
1290010 1386.4
1290020 1383.9
1290030 1381.2
1290040 1381.2
1290050 1377.7
1290060 1373.3
1290070 1373.3
1290080 1368.3
1290090 1362.7
1290100 1362.7
1290110 1356.8
1290120 1350.5
1290130 1350.5
1290140 1343.8
1290150 1336.3
1290160 1336.3
1290170 1329.1
1290180 1322.6
1290190 1316.2
1290200 1316.2
1290210 1310.1
1290220 1303.0
1290230 1303.0
1290240 1297.3
1290250 1291.6
1290260 1291.6
1290270 1285.6
1290280 1279.8
1290290 1279.8
1290300 1273.8
1290310 1267.8
1290320 1267.8
1290330 1262.2
1290340 1256.7
1290350 1256.7
1290360 1251.7
1290370 1246.4
1290380 1246.4
1290390 1239.7
1290400 1232.0
1290410 1232.0
1290420 1226.3
1290430 1219.0
1290440 1219.0
1290450 1210.1
1290460 1200.5
1290470 1200.5
1290480 1192.3
1290490 1184.6
1290500 1177.1
1290510 1177.1
1290520 1171.1
1290530 1167.1
1290540 1167.1
1290550 1162.8
1290560 1164.7
1290570 1164.7
1290580 1170.2
1290590 1175.0
1290600 1175.0
1290610 1179.1
1290620 1181.9
1290630 1181.9
1290640 1182.9
1290650 1184.4
1290660 1184.4
1290670 1187.0
1290680 1188.4
1290690 1188.4
1290700 1188.5
1290710 1190.3
1290720 1190.3
1290730 1195.1
1290740 1198.7
1290750 1198.7
1290760 1202.9
1290770 1208.6
1290780 1215.7
1290790 1215.7
1290800 1223.0
1290810 1231.5
1290820 1231.5
1290830 1243.5
1290840 1260.7
1290850 1260.7
1290860 1279.0
1290870 1294.2
1290880 1294.2
1290890 1307.5
1290900 1320.1
1290910 1320.1
1290920 1334.7
1290930 1349.9
1290940 1349.9
1290950 1363.8
1290960 1374.1
1290970 1374.1
1290980 1380.9
1290990 1390.1
1291000 1390.1
1291010 1405.6
1291020 1420.6
1291030 1420.6
1291040 1435.7
1291050 1446.9
1291060 1456.1
1291070 1456.1
1291080 1459.4
1291090 1466.4
1291100 1466.4
1291110 1475.1
1291120 1485.9
1291130 1485.9
1291140 1494.8
1291150 1503.6
1291160 1503.6
1291170 1512.0
1291180 1521.3
1291190 1521.3
1291200 1530.3
1291210 1534.7
1291220 1534.7
1291230 1533.7
1291240 1530.7
1291250 1530.7
1291260 1526.1
1291270 1525.5
1291280 1525.5
1291290 1535.1
1291300 1541.9
1291310 1541.9
1291320 1545.1
1291330 1561.5
1291340 1561.5
1291350 1572.4
1291360 1577.3
1291370 1585.9
1291380 1585.9
1291390 1587.3
1291400 1585.4
1291410 1585.4
1291420 1589.4
1291430 1593.3
1291440 1593.3
1291450 1599.6
1291460 1608.2
1291470 1608.2
1291480 1617.4
1291490 1626.5
1291500 1626.5
1291510 1639.3
1291520 1653.9
1291530 1653.9
1291540 1662.4
1291550 1669.5
1291560 1669.5
1291570 1679.2
1291580 1688.0
1291590 1688.0
1291600 1696.6
1291610 1705.5
1291620 1705.5
1291630 1715.3
1291640 1727.1
1291650 1722.2
1291660 1722.2
1291670 1723.3
1291680 1719.5
1291690 1719.5
1291700 1731.1
1291710 1740.2
1291720 1740.2
1291730 1735.8
1291740 1704.0
1291750 1704.0
1291760 1686.1
1291770 1685.5
1291780 1685.5
1291790 1709.0
1291800 1730.4
1291810 1730.4
1291820 1745.6
1291830 1758.5
1291840 1758.5
1291850 1768.0
1291860 1771.4
1291870 1771.4
1291880 1770.9
1291890 1764.2
1291900 1764.2
1291910 1758.1
1291920 1768.5
1291930 1779.3
1291940 1779.3
1291950 1785.7
1291960 1791.2
1291970 1791.2
1291980 1800.1
1291990 1806.3
1292000 1806.3
1292010 1810.0
1292020 1816.4
1292030 1816.4
1292040 1824.6
1292050 1833.6
1292060 1833.6
1292070 1843.9
1292080 1853.2
1292090 1853.2
1292100 1859.2
1292110 1865.9
1292120 1865.9
1292130 1866.5
1292140 1871.4
1292150 1871.4
1292160 1884.0
1292170 1894.3
1292180 1894.3
1292190 1902.8
1292200 1910.0
1292210 1910.0
1292220 1914.5
1292230 1912.7
1292240 1911.5
1292250 1911.5
1292260 1917.1
1292270 1921.1
1292280 1921.1
1292290 1928.2
1292300 1930.0
1292310 1930.0
1292320 1931.8
1292330 1937.5
1292340 1937.5
1292350 1945.2
1292360 1950.9
1292370 1950.9
1292380 1957.8
1292390 1968.8
1292400 1975.3
1292410 1981.2
1292420 1989.0
1292430 1989.0
1292440 1998.0
1292450 2008.5
1292460 2008.5
1292470 2018.4
1292480 2027.5
1292490 2027.5
1292500 2038.1
1292510 2050.5
1292520 2068.2
1292530 2068.2
1292540 2082.0
1292550 2093.9
1292560 2093.9
1292570 2102.4
1292580 2110.7
1292590 2110.7
1292600 2121.2
1292610 2135.3
1292620 2135.3
1292630 2148.4
1292640 2157.8
1292650 2157.8
1292660 2164.8
1292670 2174.6
1292680 2174.6
1292690 2185.7
1292700 2200.8
1292710 2200.8
1292720 2215.2
1292730 2229.7
1292740 2229.7
1292750 2240.2
1292760 2245.3
1292770 2245.3
1292780 2251.5
1292790 2261.3
1292800 2270.3
1292810 2270.3
1292820 2283.1
1292830 2297.7
1292840 2297.7
1292850 2308.9
1292860 2319.1
1292870 2319.1
1292880 2326.3
1292890 2331.1
1292900 2331.1
1292910 2332.0
1292920 2330.3
1292930 2330.3
1292940 2329.9
1292950 2333.8
1292960 2333.8
1292970 2340.9
1292980 2347.2
1292990 2347.2
1293000 2354.6
1293010 2362.3
1293020 2362.3
1293030 2366.2
1293040 2367.0
1293050 2367.0
1293060 2364.6
1293070 2352.9
1293080 2352.9
1293090 2349.3
1293100 2346.3
1293110 2343.6
1293120 2343.6
1293130 2341.9
1293140 2340.2
1293150 2340.2
1293160 2337.2
1293170 2333.3
1293180 2333.3
1293190 2328.8
1293200 2324.4
1293210 2324.4
1293220 2322.3
1293230 2319.6
1293240 2319.6
1293250 2315.4
1293260 2312.0
1293270 2312.0
1293280 2312.4
1293290 2311.0
1293300 2311.0
1293310 2309.6
1293320 2314.4
1293330 2314.4
1293340 2319.4
1293350 2324.2
1293360 2324.2
1293370 2329.4
1293380 2334.6
1293390 2338.7
1293400 2338.7
1293410 2332.4
1293420 2320.9
1293430 2320.9
1293440 2311.0
1293450 2302.1
1293460 2302.1
1293470 2292.5
1293480 2282.3
1293490 2282.3
1293500 2271.3
1293510 2262.1
1293520 2262.1
1293530 2253.9
1293540 2246.4
1293550 2246.4
1293560 2239.7
1293570 2233.4
1293580 2233.4
1293590 2226.6
1293600 2219.8
1293610 2219.8
1293620 2218.5
1293630 2215.8
1293640 2215.8
1293650 2211.1
1293660 2205.2
1293670 2202.2
1293680 2202.2
1293690 2195.7
1293700 2182.9
1293710 2182.9
1293720 2174.2
1293730 2165.1
1293740 2165.1
1293750 2153.4
1293760 2145.6
1293770 2145.6
1293780 2140.9
1293790 2136.9
1293800 2136.9
1293810 2134.3
1293820 2130.4
1293830 2130.4
1293840 2127.6
1293850 2126.0
1293860 2126.0
1293870 2124.3
1293880 2123.5
1293890 2123.5
1293900 2124.1
1293910 2124.9
1293920 2124.9
1293930 2126.1
1293940 2129.0
1293950 2129.0
1293960 2131.1
1293970 2132.8
1293980 2133.8
1293990 2133.8
1294000 2135.0
1294010 2135.5
1294020 2135.5
1294030 2135.4
1294040 2135.9
1294050 2135.9
1294060 2136.0
1294070 2135.3
1294080 2135.3
1294090 2132.6
1294100 2127.8
1294110 2127.8
1294120 2123.3
1294130 2118.4
1294140 2118.4
1294150 2111.3
1294160 2103.4
1294170 2103.4
1294180 2097.5
1294190 2093.6
1294200 2093.6
1294210 2088.1
1294220 2084.8
1294230 2084.8
1294240 2080.5
1294250 2072.7
1294260 2062.3
1294270 2062.3
1294280 2052.7
1294290 2044.9
1294300 2044.9
1294310 2038.8
1294320 2030.0
1294330 2030.0
1294340 2021.8
1294350 2014.9
1294360 2014.9
1294370 2012.6
1294380 2010.1
1294390 2010.1
1294400 2000.2
1294410 1994.5
1294420 1994.5
1294430 1987.4
1294440 1978.4
1294450 1978.4
1294460 1967.6
1294470 1961.5
1294480 1961.5
1294490 1958.4
1294500 1955.3
1294510 1955.3
1294520 1952.0
1294530 1946.2
1294540 1940.0
1294550 1940.0
1294560 1934.6
1294570 1935.4
1294580 1935.4
1294590 1935.9
1294600 1933.4
1294610 1933.4
1294620 1930.1
1294630 1922.6
1294640 1922.6
1294650 1918.2
1294660 1916.4
1294670 1916.4
1294680 1916.0
1294690 1915.1
1294700 1915.1
1294710 1916.2
1294720 1916.5
1294730 1916.5
1294740 1917.1
1294750 1921.1
1294760 1921.1
1294770 1925.2
1294780 1929.9
1294790 1929.9
1294800 1932.4
1294810 1936.5
1294820 1936.5
1294830 1940.9
1294840 1945.0
1294850 1949.0
1294860 1949.0
1294870 1951.1
1294880 1953.9
1294890 1953.9
1294900 1959.9
1294910 1965.1
1294920 1965.1
1294930 1965.4
1294940 1967.6
1294950 1967.6
1294960 1972.4
1294970 1979.3
1294980 1979.3
1294990 1986.2
1295000 1992.7
1295010 1992.7
1295020 1998.9
1295030 2005.4
1295040 2005.4
1295050 2011.0
1295060 2015.8
1295070 2010.4
1295080 2013.7
1295090 2016.7
1295100 2016.7
1295110 2021.3
1295120 2024.1
1295130 2030.5
1295140 2030.5
1295150 2036.9
1295160 2043.1
1295170 2043.1
1295180 2049.9
1295190 2057.4
1295200 2057.4
1295210 2065.9
1295220 2073.9
1295230 2073.9
1295240 2081.2
1295250 2087.7
1295260 2087.7
1295270 2090.8
1295280 2089.6
1295290 2089.6
1295300 2087.4
1295310 2085.2
1295320 2085.2
1295330 2086.5
1295340 2083.3
1295350 2083.3
1295360 2075.5
1295370 2067.0
1295380 2067.0
1295390 2061.6
1295400 2059.8
1295410 2058.1
1295420 2058.1
1295430 2058.3
1295440 2058.0
1295450 2058.0
1295460 2051.7
1295470 2041.9
1295480 2041.9
1295490 2032.8
1295500 2025.1
1295510 2025.1
1295520 2012.1
1295530 1994.4
1295540 1994.4
1295550 1985.2
1295560 1980.7
1295570 1980.7
1295580 1976.6
1295590 1969.4
1295600 1969.4
1295610 1970.7
1295620 1971.1
1295630 1971.1
1295640 1969.9
1295650 1968.8
1295660 1968.8
1295670 1963.8
1295680 1960.4
1295690 1960.4
1295700 1958.3
1295710 1955.2
1295720 1950.0
1295730 1950.0
1295740 1946.5
1295750 1928.5
1295760 1928.5
1295770 1924.5
1295780 1922.8
1295790 1922.8
1295800 1922.5
1295810 1919.7
1295820 1919.7
1295830 1912.8
1295840 1908.3
1295850 1908.3
1295860 1906.6
1295870 1904.4
1295880 1904.4
1295890 1903.2
1295900 1900.1
1295910 1900.1
1295920 1893.6
1295930 1895.0
1295940 1895.0
1295950 1897.4
1295960 1899.0
1295970 1899.0
1295980 1897.3
1295990 1896.5
1296000 1908.6
1296010 1908.6
1296020 1916.8
1296030 1924.2
1296040 1924.2
1296050 1928.9
1296060 1931.8
1296070 1931.8
1296080 1931.9
1296090 1932.5
1296100 1932.5
1296110 1936.0
1296120 1935.7
1296130 1935.7
1296140 1929.4
1296150 1930.2
1296160 1930.2
1296170 1933.3
1296180 1932.3
1296190 1932.3
1296200 1930.4
1296210 1928.3
1296220 1928.3
1296230 1924.7
1296240 1934.3
1296250 1934.3
1296260 1941.9
1296270 1951.8
1296280 1961.6
1296290 1961.6
1296300 1964.5
1296310 1967.6
1296320 1967.6
1296330 1973.6
1296340 1981.3
1296350 1981.3
1296360 1991.9
1296370 2000.0
1296380 2000.0
1296390 2005.5
1296400 2008.8
1296410 2008.8
1296420 2009.4
1296430 2000.4
1296440 2000.4
1296450 1997.2
1296460 1994.3
1296470 1994.3
1296480 1990.7
1296490 1988.0
1296500 1988.0
1296510 1986.3
1296520 1982.6
1296530 1982.6
1296540 1978.3
1296550 1976.3
1296560 1975.8
1296570 1975.8
1296580 1975.4
1296590 1976.0
1296600 1976.0
1296610 1977.1
1296620 1977.4
1296630 1977.4
1296640 1974.0
1296650 1975.0
1296660 1975.0
1296670 1976.6
1296680 1980.4
1296690 1980.4
1296700 1984.6
1296710 1986.5
1296720 1986.5
1296730 1987.4
1296740 1989.1
1296750 1989.1
1296760 1991.1
1296770 1992.8
1296780 1992.8
1296790 1995.1
1296800 1997.2
1296810 1997.2
1296820 1997.8
1296830 1997.5
1296840 1997.5
1296850 1996.8
1296860 1995.9
1296870 1993.7
1296880 1993.7
1296890 1991.9
1296900 1991.5
1296910 1991.5
1296920 1990.9
1296930 1990.0
1296940 1990.0
1296950 1987.0
1296960 1985.4
1296970 1985.4
1296980 1986.9
1296990 1989.8
1297000 1989.8
1297010 1990.9
1297020 1990.3
1297030 1990.3
1297040 1989.3
1297050 1989.4
1297060 1989.4
1297070 1990.9
1297080 1989.9
1297090 1989.9
1297100 1981.9
1297110 1982.3
1297120 1982.3
1297130 1982.6
1297140 1981.5
1297150 1978.0
1297160 1978.0
1297170 1973.4
1297180 1970.8
1297190 1970.8
1297200 1971.2
1297210 1969.6
1297220 1969.6
1297230 1967.3
1297240 1968.8
1297250 1968.8
1297260 1971.3
1297270 1971.8
1297280 1971.8
1297290 1972.8
1297300 1972.6
1297310 1972.6
1297320 1970.0
1297330 1969.5
1297340 1969.5
1297350 1970.5
1297360 1969.9
1297370 1969.9
1297380 1970.5
1297390 1970.7
1297400 1970.7
1297410 1971.3
1297420 1971.5
1297430 1971.5
1297440 1971.5
1297450 1971.8
1297460 1972.8
1297470 1972.8
1297480 1971.6
1297490 1968.6
1297500 1968.6
1297510 1966.2
1297520 1964.0
1297530 1964.0
1297540 1961.4
1297550 1958.1
1297560 1958.1
1297570 1953.1
1297580 1946.5
1297590 1946.5
1297600 1941.9
1297610 1938.0
1297620 1938.0
1297630 1932.9
1297640 1927.0
1297650 1927.0
1297660 1919.4
1297670 1911.6
1297680 1911.6
1297690 1905.6
1297700 1896.3
1297710 1896.3
1297720 1887.8
1297730 1877.2
1297740 1864.5
1297750 1864.5
1297760 1853.8
1297770 1846.7
1297780 1846.7
1297790 1838.4
1297800 1831.4
1297810 1831.4
1297820 1825.8
1297830 1819.2
1297840 1819.2
1297850 1813.2
1297860 1806.2
1297870 1806.2
1297880 1798.8
1297890 1791.6
1297900 1791.6
1297910 1785.1
1297920 1781.5
1297930 1781.5
1297940 1777.6
1297950 1773.9
1297960 1773.9
1297970 1770.9
1297980 1766.5
1297990 1766.5
1298000 1762.1
1298010 1758.3
1298020 1754.1
1298030 1754.1
1298040 1750.4
1298050 1747.4
1298060 1747.4
1298070 1744.6
1298080 1741.9
1298090 1741.9
1298100 1735.8
1298110 1729.4
1298120 1729.4
1298130 1724.0
1298140 1717.1
1298150 1717.1
1298160 1707.0
1298170 1696.6
1298180 1696.6
1298190 1687.6
1298200 1677.4
1298210 1677.4
1298220 1666.5
1298230 1653.9
1298240 1653.9
1298250 1640.2
1298260 1627.6
1298270 1627.6
1298280 1616.2
1298290 1607.3
1298300 1600.0
1298310 1600.0
1298320 1592.8
1298330 1586.6
1298340 1586.6
1298350 1580.0
1298360 1573.1
1298370 1573.1
1298380 1566.7
1298390 1561.1
1298400 1561.1
1298410 1556.2
1298420 1551.9
1298430 1551.9
1298440 1547.7
1298450 1542.9
1298460 1542.9
1298470 1535.0
1298480 1529.1
1298490 1529.1
1298500 1522.6
1298510 1515.1
1298520 1515.1
1298530 1507.0
1298540 1498.4
1298550 1498.4
1298560 1491.6
1298570 1484.5
1298580 1484.5
1298590 1477.0
1298600 1469.7
1298610 1461.4
1298620 1461.4
1298630 1452.7
1298640 1443.0
1298650 1443.0
1298660 1433.1
1298670 1431.8
1298680 1431.8
1298690 1433.9
1298700 1434.9
1298710 1434.9
1298720 1436.1
1298730 1437.3
1298740 1437.3
1298750 1437.8
1298760 1435.7
1298770 1435.7
1298780 1434.7
1298790 1438.6
1298800 1438.6
1298810 1444.9
1298820 1449.2
1298830 1449.2
1298840 1451.9
1298850 1453.3
1298860 1453.3
1298870 1453.5
1298880 1453.3
1298890 1452.8
1298900 1452.8
1298910 1451.8
1298920 1451.3
1298930 1451.3
1298940 1451.7
1298950 1449.0
1298960 1449.0
1298970 1444.0
1298980 1439.2
1298990 1439.2
1299000 1436.1
1299010 1434.0
1299020 1434.0
1299030 1431.8
1299040 1430.6
1299050 1430.6
1299060 1429.0
1299070 1429.2
1299080 1429.2
1299090 1427.1
1299100 1422.5
1299110 1422.5
1299120 1418.4
1299130 1415.5
1299140 1415.5
1299150 1413.9
1299160 1402.6
1299170 1396.3
1299180 1396.3
1299190 1390.0
1299200 1384.9
1299210 1384.9
1299220 1381.5
1299230 1378.6
1299240 1378.6
1299250 1375.8
1299260 1372.8
1299270 1372.8
1299280 1369.6
1299290 1366.7
1299300 1366.7
1299310 1363.7
1299320 1360.2
1299330 1360.2
1299340 1357.0
1299350 1353.8
1299360 1353.8
1299370 1350.5
1299380 1347.5
1299390 1347.5
1299400 1344.9
1299410 1342.6
1299420 1342.6
1299430 1340.1
1299440 1338.7
1299450 1338.7
1299460 1338.6
1299470 1339.1
1299480 1339.8
1299490 1339.8
1299500 1340.2
1299510 1340.3
1299520 1340.3
1299530 1339.6
1299540 1337.8
1299550 1337.8
1299560 1334.7
1299570 1329.2
1299580 1329.2
1299590 1323.9
1299600 1320.9
1299610 1320.9
1299620 1320.1
1299630 1318.2
1299640 1318.2
1299650 1316.9
1299660 1315.5
1299670 1315.5
1299680 1314.9
1299690 1311.6
1299700 1311.6
1299710 1307.5
1299720 1301.0
1299730 1301.0
1299740 1297.3
1299750 1295.2
1299760 1294.0
1299770 1294.0
1299780 1294.4
1299790 1295.2
1299800 1295.2
1299810 1293.1
1299820 1289.2
1299830 1289.2
1299840 1282.3
1299850 1268.4
1299860 1268.4
1299870 1263.2
1299880 1259.0
1299890 1259.0
1299900 1256.8
1299910 1254.3
1299920 1254.3
1299930 1249.4
1299940 1249.0
1299950 1249.0
1299960 1247.9
1299970 1245.5
1299980 1245.5
1299990 1242.9
