1280000 1937.3
1280010 1937.3
1280020 1938.0
1280030 1938.6
1280040 1938.6
1280050 1939.1
1280060 1939.3
1280070 1939.3
1280080 1939.2
1280090 1940.4
1280100 1940.4
1280110 1942.5
1280120 1944.4
1280130 1944.4
1280140 1946.6
1280150 1949.7
1280160 1949.7
1280170 1952.6
1280180 1954.7
1280190 1954.7
1280200 1956.7
1280210 1958.5
1280220 1958.5
1280230 1960.9
1280240 1962.7
1280250 1962.7
1280260 1964.1
1280270 1965.1
1280280 1965.3
1280290 1965.3
1280300 1965.7
1280310 1967.3
1280320 1967.3
1280330 1969.5
1280340 1971.7
1280350 1971.7
1280360 1974.7
1280370 1977.0
1280380 1977.0
1280390 1979.5
1280400 1981.9
1280410 1981.9
1280420 1983.8
1280430 1985.4
1280440 1985.4
1280450 1986.9
1280460 1988.0
1280470 1988.0
1280480 1988.6
1280490 1990.5
1280500 1990.5
1280510 1991.7
1280520 1993.6
1280530 1993.6
1280540 1995.6
1280550 1997.0
1280560 1999.0
1280570 1999.0
1280580 2000.8
1280590 2002.3
1280600 2002.3
1280610 2004.3
1280620 2005.4
1280630 2005.4
1280640 2008.2
1280650 2010.6
1280660 2010.6
1280670 2012.2
1280680 2014.8
1280690 2014.8
1280700 2016.1
1280710 2017.1
1280720 2017.1
1280730 2019.1
1280740 2021.7
1280750 2021.7
1280760 2024.8
1280770 2028.5
1280780 2028.5
1280790 2032.2
1280800 2035.2
1280810 2035.2
1280820 2037.5
1280830 2039.2
1280840 2039.2
1280850 2040.3
1280860 2041.5
1280870 2043.0
1280880 2043.0
1280890 2042.7
1280900 2041.5
1280910 2041.5
1280920 2042.1
1280930 2044.0
1280940 2044.0
1280950 2046.1
1280960 2048.9
1280970 2048.9
1280980 2053.1
1280990 2055.0
1281000 2055.0
1281010 2055.4
1281020 2056.1
1281030 2056.1
1281040 2056.6
1281050 2056.0
1281060 2056.0
1281070 2055.1
1281080 2057.9
1281090 2057.9
1281100 2063.4
1281110 2068.7
1281120 2068.7
1281130 2073.4
1281140 2077.9
1281150 2083.1
1281160 2083.1
1281170 2088.5
1281180 2093.0
1281190 2093.0
1281200 2096.8
1281210 2100.6
1281220 2100.6
1281230 2103.6
1281240 2104.8
1281250 2104.8
1281260 2106.9
1281270 2112.2
1281280 2112.2
1281290 2118.2
1281300 2124.1
1281310 2124.1
1281320 2129.4
1281330 2133.8
1281340 2133.8
1281350 2137.1
1281360 2139.3
1281370 2139.3
1281380 2141.4
1281390 2146.3
1281400 2146.3
1281410 2154.7
1281420 2163.9
1281430 2163.9
1281440 2170.0
1281450 2171.7
1281460 2171.3
1281470 2171.3
1281480 2171.0
1281490 2170.8
1281500 2170.8
1281510 2169.3
1281520 2161.2
1281530 2161.2
1281540 2156.1
1281550 2155.0
1281560 2155.0
1281570 2148.6
1281580 2142.7
1281590 2142.7
1281600 2143.0
1281610 2150.5
1281620 2150.5
1281630 2151.2
1281640 2151.8
1281650 2151.8
1281660 2152.9
1281670 2154.3
1281680 2154.3
1281690 2155.6
1281700 2157.0
1281710 2157.0
1281720 2158.0
1281730 2158.2
1281740 2158.3
1281750 2158.3
1281760 2158.9
1281770 2159.1
1281780 2159.1
1281790 2159.5
1281800 2160.4
1281810 2160.4
1281820 2161.9
1281830 2163.1
1281840 2163.1
1281850 2164.1
1281860 2166.0
1281870 2166.0
1281880 2169.5
1281890 2173.9
1281900 2173.9
1281910 2179.3
1281920 2185.0
1281930 2185.0
1281940 2190.7
1281950 2196.7
1281960 2196.7
1281970 2202.7
1281980 2208.3
1281990 2208.3
1282000 2213.7
1282010 2218.9
1282020 2224.4
1282030 2224.4
1282040 2230.3
1282050 2236.4
1282060 2236.4
1282070 2242.3
1282080 2248.3
1282090 2248.3
1282100 2260.9
1282110 2296.6
1282120 2296.6
1282130 2332.3
1282140 2359.8
1282150 2359.8
1282160 2392.5
1282170 2403.6
1282180 2403.6
1282190 2411.8
1282200 2410.6
1282210 2410.6
1282220 2402.4
1282230 2391.4
1282240 2389.7
1282250 2379.1
1282260 2366.8
1282270 2366.8
1282280 2354.3
1282290 2344.9
1282300 2344.9
1282310 2334.7
1282320 2320.7
1282330 2302.5
1282340 2302.5
1282350 2284.2
1282360 2270.0
1282370 2270.0
1282380 2260.4
1282390 2248.2
1282400 2248.2
1282410 2237.0
1282420 2227.8
1282430 2227.8
1282440 2218.1
1282450 2204.5
1282460 2204.5
1282470 2191.0
1282480 2180.1
1282490 2180.1
1282500 2170.4
1282510 2159.5
1282520 2159.5
1282530 2142.9
1282540 2126.3
1282550 2126.3
1282560 2112.2
1282570 2097.5
1282580 2097.5
1282590 2089.6
1282600 2083.8
1282610 2078.2
1282620 2078.2
1282630 2073.0
1282640 2067.2
1282650 2067.2
1282660 2060.8
1282670 2054.1
1282680 2054.1
1282690 2047.7
1282700 2041.5
1282710 2041.5
1282720 2035.3
1282730 2029.1
1282740 2029.1
1282750 2022.7
1282760 2016.5
1282770 2016.5
1282780 2010.5
1282790 2004.6
1282800 2004.6
1282810 1999.0
1282820 1994.1
1282830 1994.1
1282840 1990.4
1282850 1989.0
1282860 1989.0
1282870 1987.7
1282880 1987.4
1282890 1987.4
1282900 1986.7
1282910 1985.0
1282920 1981.7
1282930 1981.7
1282940 1976.8
1282950 1972.9
1282960 1972.9
1282970 1968.4
1282980 1964.2
1282990 1964.2
1283000 1958.5
1283010 1951.6
1283020 1951.6
1283030 1945.2
1283040 1940.0
1283050 1940.0
1283060 1935.8
1283070 1932.1
1283080 1932.1
1283090 1929.0
1283100 1927.8
1283110 1927.8
1283120 1924.9
1283130 1921.9
1283140 1921.9
1283150 1919.1
1283160 1916.0
1283170 1916.0
1283180 1915.1
1283190 1913.1
1283200 1911.9
1283210 1911.9
1283220 1912.4
1283230 1913.9
1283240 1913.9
1283250 1914.9
1283260 1914.4
1283270 1914.4
1283280 1916.1
1283290 1916.6
1283300 1916.6
1283310 1919.6
1283320 1923.6
1283330 1923.6
1283340 1925.3
1283350 1929.2
1283360 1929.2
1283370 1934.4
1283380 1936.3
1283390 1936.3
1283400 1937.0
1283410 1935.4
1283420 1935.4
1283430 1929.6
1283440 1923.6
1283450 1923.6
1283460 1919.9
1283470 1918.0
1283480 1917.8
1283490 1917.8
1283500 1918.4
1283510 1915.8
1283520 1915.8
1283530 1915.1
1283540 1914.5
1283550 1914.5
1283560 1914.5
1283570 1914.6
1283580 1914.6
1283590 1911.3
1283600 1908.9
1283610 1908.9
1283620 1905.4
1283630 1901.8
1283640 1901.8
1283650 1898.7
1283660 1898.7
1283670 1898.7
1283680 1897.2
1283690 1895.9
1283700 1895.9
1283710 1896.6
1283720 1893.8
1283730 1893.8
1283740 1890.4
1283750 1891.5
1283760 1891.5
1283770 1891.8
1283780 1892.2
1283790 1893.6
1283800 1893.6
1283810 1896.1
1283820 1900.4
1283830 1900.4
1283840 1904.1
1283850 1908.2
1283860 1908.2
1283870 1912.3
1283880 1916.2
1283890 1916.2
1283900 1919.4
1283910 1923.3
1283920 1923.3
1283930 1926.9
1283940 1929.6
1283950 1929.6
1283960 1934.3
1283970 1943.7
1283980 1943.7
1283990 1952.1
1284000 1962.9
1284010 1962.9
1284020 1980.1
1284030 1988.8
1284040 1988.8
1284050 1993.8
1284060 2000.4
1284070 2009.6
1284080 2009.6
1284090 2018.6
1284100 2026.2
1284110 2026.2
1284120 2035.3
1284130 2046.4
1284140 2042.9
1284150 2051.3
1284160 2059.8
1284170 2059.8
1284180 2072.0
1284190 2085.2
1284200 2085.2
1284210 2096.1
1284220 2108.0
1284230 2108.0
1284240 2118.5
1284250 2127.8
1284260 2127.8
1284270 2132.4
1284280 2129.3
1284290 2129.3
1284300 2119.9
1284310 2110.3
1284320 2110.3
1284330 2100.9
1284340 2094.0
1284350 2081.6
1284360 2081.6
1284370 2065.1
1284380 2054.5
1284390 2054.5
1284400 2037.9
1284410 2025.0
1284420 2025.0
1284430 2010.9
1284440 1999.0
1284450 1999.0
1284460 1987.3
1284470 1976.4
1284480 1976.4
1284490 1966.2
1284500 1954.3
1284510 1954.3
1284520 1947.7
1284530 1941.9
1284540 1941.9
1284550 1932.1
1284560 1925.4
1284570 1925.4
1284580 1921.7
1284590 1912.2
1284600 1912.2
1284610 1904.2
1284620 1897.7
1284630 1897.7
1284640 1890.6
1284650 1884.3
1284660 1877.3
1284670 1877.3
1284680 1870.1
1284690 1863.3
1284700 1863.3
1284710 1856.9
1284720 1852.1
1284730 1852.1
1284740 1847.9
1284750 1843.4
1284760 1843.4
1284770 1837.2
1284780 1826.9
1284790 1826.9
1284800 1820.5
1284810 1813.4
1284820 1813.4
1284830 1805.1
1284840 1798.0
1284850 1798.0
1284860 1786.8
1284870 1774.0
1284880 1774.0
1284890 1761.6
1284900 1747.8
1284910 1747.8
1284920 1734.1
1284930 1720.6
1284940 1716.5
1284950 1716.5
1284960 1716.5
1284970 1716.1
1284980 1716.1
1284990 1715.7
1285000 1719.5
1285010 1719.5
1285020 1721.6
1285030 1719.9
1285040 1719.9
1285050 1715.4
1285060 1709.9
1285070 1709.9
1285080 1699.8
1285090 1690.3
1285100 1690.3
1285110 1684.0
1285120 1680.1
1285130 1680.1
1285140 1669.1
1285150 1657.4
1285160 1657.4
1285170 1655.7
1285180 1660.9
1285190 1660.9
1285200 1663.2
1285210 1666.1
1285220 1666.1
1285230 1669.9
1285240 1674.3
1285250 1679.0
1285260 1679.0
1285270 1683.5
1285280 1687.4
1285290 1687.4
1285300 1686.8
1285310 1689.6
1285320 1689.6
1285330 1699.8
1285340 1710.1
1285350 1710.1
1285360 1718.5
1285370 1725.6
1285380 1725.6
1285390 1731.2
1285400 1734.9
1285410 1734.9
1285420 1735.6
1285430 1740.9
1285440 1740.9
1285450 1747.4
1285460 1755.6
1285470 1755.6
1285480 1762.2
1285490 1769.9
1285500 1769.9
1285510 1777.5
1285520 1782.0
1285530 1787.0
1285540 1787.0
1285550 1791.5
1285560 1795.6
1285570 1795.6
1285580 1801.4
1285590 1808.6
1285600 1808.6
1285610 1817.8
1285620 1825.7
1285630 1825.7
1285640 1830.7
1285650 1833.4
1285660 1833.4
1285670 1840.2
1285680 1849.2
1285690 1849.2
1285700 1856.7
1285710 1864.8
1285720 1864.8
1285730 1871.1
1285740 1878.8
1285750 1878.8
1285760 1890.9
1285770 1896.7
1285780 1896.7
1285790 1902.7
1285800 1912.0
1285810 1920.9
1285820 1920.9
1285830 1929.7
1285840 1939.0
1285850 1939.0
1285860 1949.0
1285870 1956.4
1285880 1956.4
1285890 1963.5
1285900 1972.1
1285910 1972.1
1285920 1980.4
1285930 1987.9
1285940 1987.9
1285950 1995.3
1285960 2002.4
1285970 2002.4
1285980 2009.0
1285990 2016.1
1286000 2016.1
1286010 2023.7
1286020 2032.0
1286030 2032.0
1286040 2041.7
1286050 2050.5
1286060 2054.6
1286070 2061.9
1286080 2069.6
1286090 2069.6
1286100 2079.2
1286110 2089.1
1286120 2098.2
1286130 2098.2
1286140 2106.8
1286150 2116.6
1286160 2116.6
1286170 2126.2
1286180 2135.4
1286190 2135.4
1286200 2144.7
1286210 2155.5
1286220 2155.5
1286230 2167.7
1286240 2179.1
1286250 2179.1
1286260 2185.9
1286270 2189.6
1286280 2189.6
1286290 2198.0
1286300 2207.5
1286310 2207.5
1286320 2216.0
1286330 2224.1
1286340 2224.1
1286350 2232.4
1286360 2241.3
1286370 2241.3
1286380 2253.3
1286390 2266.5
1286400 2277.4
1286410 2277.4
1286420 2290.1
1286430 2305.4
1286440 2305.4
1286450 2321.2
1286460 2332.5
1286470 2332.5
1286480 2340.8
1286490 2344.6
1286500 2344.6
1286510 2341.3
1286520 2339.4
1286530 2339.4
1286540 2342.2
1286550 2346.1
1286560 2346.1
1286570 2341.2
1286580 2330.4
1286590 2330.4
1286600 2321.9
1286610 2314.2
1286620 2314.2
1286630 2307.8
1286640 2298.6
1286650 2298.6
1286660 2289.1
1286670 2277.2
1286680 2267.0
1286690 2267.0
1286700 2256.9
1286710 2243.6
1286720 2243.6
1286730 2237.2
1286740 2228.2
1286750 2228.2
1286760 2217.7
1286770 2212.4
1286780 2212.4
1286790 2203.5
1286800 2196.6
1286810 2196.6
1286820 2191.5
1286830 2186.7
1286840 2186.7
1286850 2183.9
1286860 2178.3
1286870 2178.3
1286880 2172.0
1286890 2166.4
1286900 2166.4
1286910 2158.6
1286920 2146.5
1286930 2146.5
1286940 2129.0
1286950 2115.0
1286960 2115.0
1286970 2104.4
1286980 2089.9
1286990 2079.1
1287000 2079.1
1287010 2072.1
1287020 2065.5
1287030 2065.5
1287040 2057.5
1287050 2047.0
1287060 2047.0
1287070 2038.3
1287080 2029.8
1287090 2029.8
1287100 2020.1
1287110 2012.0
1287120 2012.0
1287130 2004.3
1287140 1994.9
1287150 1994.9
1287160 1984.8
1287170 1976.0
1287180 1976.0
1287190 1967.8
1287200 1960.5
1287210 1960.5
1287220 1955.7
1287230 1950.2
1287240 1950.2
1287250 1946.4
1287260 1943.9
1287270 1944.3
1287280 1944.3
1287290 1945.2
1287300 1944.1
1287310 1944.1
1287320 1941.8
1287330 1939.0
1287340 1939.0
1287350 1932.1
1287360 1929.7
1287370 1929.7
1287380 1927.5
1287390 1927.2
1287400 1927.2
1287410 1928.2
1287420 1928.1
1287430 1928.1
1287440 1927.2
1287450 1925.7
1287460 1925.7
1287470 1924.2
1287480 1924.6
1287490 1924.6
1287500 1925.5
1287510 1927.8
1287520 1927.8
1287530 1931.2
1287540 1933.9
1287550 1933.9
1287560 1935.0
1287570 1933.7
1287580 1929.8
1287590 1929.8
1287600 1926.6
1287610 1929.0
1287620 1929.0
1287630 1933.7
1287640 1940.4
1287650 1940.4
1287660 1945.8
1287670 1948.5
1287680 1948.5
1287690 1953.4
1287700 1959.4
1287710 1959.4
1287720 1966.8
1287730 1974.6
1287740 1974.6
1287750 1982.6
1287760 1992.7
1287770 1992.7
1287780 2004.9
1287790 2035.6
1287800 2035.6
1287810 2058.6
1287820 2066.8
1287830 2066.8
1287840 2076.6
1287850 2089.3
1287860 2104.3
1287870 2104.3
1287880 2119.4
1287890 2131.1
1287900 2131.1
1287910 2147.1
1287920 2160.4
1287930 2160.4
1287940 2170.2
1287950 2181.8
1287960 2181.8
1287970 2196.0
1287980 2202.7
1287990 2202.7
1288000 2202.2
1288010 2215.1
1288020 2215.1
1288030 2227.2
1288040 2233.1
1288050 2233.1
1288060 2240.1
1288070 2253.5
1288080 2253.5
1288090 2270.4
1288100 2285.5
1288110 2285.5
1288120 2312.9
1288130 2320.4
1288140 2329.0
1288150 2329.0
1288160 2337.9
1288170 2346.3
1288180 2346.3
1288190 2356.2
1288200 2362.1
1288210 2362.1
1288220 2361.8
1288230 2362.6
1288240 2362.6
1288250 2364.1
1288260 2359.9
1288270 2359.9
1288280 2358.5
1288290 2361.9
1288300 2361.9
1288310 2367.5
1288320 2371.5
1288330 2371.5
1288340 2370.8
1288350 2375.0
1288360 2375.0
1288370 2376.6
1288380 2384.0
1288390 2384.0
1288400 2387.9
1288410 2396.4
1288420 2396.4
1288430 2401.7
1288440 2416.3
1288450 2414.9
1288460 2414.9
1288470 2407.6
1288480 2404.6
1288490 2404.6
1288500 2407.3
1288510 2411.3
1288520 2411.3
1288530 2415.2
1288540 2411.0
1288550 2411.0
1288560 2398.0
1288570 2373.9
1288580 2373.9
1288590 2360.2
1288600 2354.9
1288610 2354.9
1288620 2341.8
1288630 2327.8
1288640 2327.8
1288650 2314.6
1288660 2305.3
1288670 2305.3
1288680 2298.0
1288690 2294.7
1288700 2294.7
1288710 2291.3
1288720 2288.9
1288730 2286.9
1288740 2286.9
1288750 2284.1
1288760 2273.4
1288770 2273.4
1288780 2256.5
1288790 2246.2
1288800 2246.2
1288810 2227.6
1288820 2214.1
1288830 2214.1
1288840 2205.0
1288850 2191.5
1288860 2191.5
1288870 2181.3
1288880 2173.0
1288890 2173.0
1288900 2161.3
1288910 2147.6
1288920 2147.6
1288930 2120.2
1288940 2097.6
1288950 2097.6
1288960 2072.5
1288970 2058.0
1288980 2058.0
1288990 2042.1
1289000 2018.6
1289010 1989.8
1289020 1989.8
1289030 1967.3
1289040 1945.3
1289050 1945.3
1289060 1930.6
1289070 1917.3
1289080 1917.3
1289090 1903.7
1289100 1884.8
1289110 1884.8
1289120 1865.8
1289130 1856.7
1289140 1856.7
1289150 1842.5
1289160 1830.0
1289170 1830.0
1289180 1822.6
1289190 1814.2
1289200 1814.2
1289210 1804.9
1289220 1795.4
1289230 1795.4
1289240 1785.1
1289250 1779.7
1289260 1779.7
1289270 1774.0
1289280 1767.4
1289290 1767.4
1289300 1756.9
1289310 1753.4
1289320 1747.7
1289330 1747.7
1289340 1741.8
1289350 1736.1
1289360 1736.1
1289370 1730.4
1289380 1724.8
1289390 1724.8
1289400 1724.3
1289410 1727.2
1289420 1727.2
1289430 1729.3
1289440 1727.5
1289450 1727.5
1289460 1726.4
1289470 1729.6
1289480 1729.6
1289490 1732.0
1289500 1735.7
1289510 1735.7
1289520 1751.0
1289530 1784.4
1289540 1784.4
1289550 1805.0
1289560 1810.6
1289570 1810.6
1289580 1810.6
1289590 1816.1
1289600 1818.5
1289610 1818.5
1289620 1818.0
1289630 1815.4
1289640 1815.4
1289650 1818.4
1289660 1827.3
1289670 1827.3
1289680 1838.7
1289690 1847.3
1289700 1847.3
1289710 1837.1
1289720 1820.1
1289730 1820.1
1289740 1791.4
1289750 1770.5
1289760 1770.5
1289770 1752.9
1289780 1724.1
1289790 1724.1
1289800 1678.6
1289810 1647.2
1289820 1647.2
1289830 1629.0
1289840 1616.3
1289850 1616.3
1289860 1606.1
1289870 1597.5
1289880 1597.5
1289890 1593.1
1289900 1593.0
1289910 1596.9
1289920 1596.9
1289930 1598.2
1289940 1598.3
1289950 1598.3
1289960 1582.3
1289970 1577.6
1289980 1577.6
1289990 1573.6
1290000 1573.3
1290010 1573.3
1290020 1573.6
1290030 1570.8
1290040 1570.8
1290050 1564.1
1290060 1553.5
1290070 1553.5
1290080 1544.8
1290090 1544.6
1290100 1544.6
1290110 1546.5
1290120 1545.3
1290130 1545.3
1290140 1543.7
1290150 1544.4
1290160 1544.4
1290170 1544.2
1290180 1543.1
1290190 1541.6
1290200 1541.6
1290210 1540.7
1290220 1541.5
1290230 1541.5
1290240 1548.8
1290250 1565.6
1290260 1565.6
1290270 1613.1
1290280 1623.9
1290290 1623.9
1290300 1625.0
1290310 1624.4
1290320 1624.4
1290330 1622.0
1290340 1619.8
1290350 1619.8
1290360 1615.4
1290370 1610.7
1290380 1610.7
1290390 1601.7
1290400 1591.0
1290410 1591.0
1290420 1582.5
1290430 1575.4
1290440 1575.4
1290450 1569.0
1290460 1565.9
1290470 1558.7
1290480 1558.7
1290490 1553.4
1290500 1553.9
1290510 1553.9
1290520 1553.4
1290530 1552.6
1290540 1552.6
1290550 1551.4
1290560 1549.0
1290570 1549.0
1290580 1548.7
1290590 1544.3
1290600 1544.3
1290610 1531.9
1290620 1543.5
1290630 1543.5
1290640 1559.2
1290650 1583.7
1290660 1583.7
1290670 1609.0
1290680 1621.8
1290690 1621.8
1290700 1651.3
1290710 1676.8
1290720 1676.8
1290730 1684.6
1290740 1693.4
1290750 1693.4
1290760 1696.9
1290770 1698.3
1290780 1701.4
1290790 1701.4
1290800 1701.5
1290810 1697.1
1290820 1697.1
1290830 1686.3
1290840 1679.7
1290850 1679.7
1290860 1668.8
1290870 1645.3
1290880 1645.3
1290890 1634.4
1290900 1624.6
1290910 1624.6
1290920 1616.0
1290930 1603.5
1290940 1603.5
1290950 1586.9
1290960 1569.8
1290970 1569.8
1290980 1557.4
1290990 1547.0
1291000 1547.0
1291010 1536.0
1291020 1518.7
1291030 1518.7
1291040 1506.8
1291050 1504.8
1291060 1493.9
1291070 1493.9
1291080 1479.7
1291090 1475.7
1291100 1475.7
1291110 1476.5
1291120 1478.2
1291130 1478.2
1291140 1479.8
1291150 1480.4
1291160 1480.4
1291170 1481.2
1291180 1485.7
1291190 1485.7
1291200 1490.6
1291210 1492.8
1291220 1492.8
1291230 1493.3
1291240 1494.9
1291250 1494.9
1291260 1498.5
1291270 1505.1
1291280 1505.1
1291290 1511.5
1291300 1516.4
1291310 1516.4
1291320 1521.3
1291330 1526.9
1291340 1533.1
1291350 1533.1
1291360 1539.1
1291370 1544.8
1291380 1544.8
1291390 1550.4
1291400 1556.1
1291410 1556.1
1291420 1562.0
1291430 1567.5
1291440 1567.5
1291450 1572.8
1291460 1577.3
1291470 1577.3
1291480 1582.8
1291490 1588.3
1291500 1588.3
1291510 1592.2
1291520 1595.0
1291530 1595.0
1291540 1600.9
1291550 1612.8
1291560 1612.8
1291570 1636.9
1291580 1678.3
1291590 1678.3
1291600 1700.9
1291610 1714.3
1291620 1714.3
1291630 1729.1
1291640 1741.7
1291650 1759.0
1291660 1759.0
1291670 1776.6
1291680 1795.9
1291690 1795.9
1291700 1810.4
1291710 1822.0
1291720 1822.0
1291730 1840.5
1291740 1851.1
1291750 1851.1
1291760 1859.3
1291770 1866.5
1291780 1866.5
1291790 1873.6
1291800 1883.5
1291810 1883.5
1291820 1896.5
1291830 1911.6
1291840 1911.6
1291850 1927.0
1291860 1938.8
1291870 1938.8
1291880 1946.0
1291890 1950.9
1291900 1950.9
1291910 1956.9
1291920 1963.0
1291930 1969.5
1291940 1969.5
1291950 1975.7
1291960 1981.5
1291970 1981.5
1291980 1987.7
1291990 1994.2
1292000 1994.2
1292010 2000.3
1292020 2006.2
1292030 2006.2
1292040 2011.8
1292050 2016.8
1292060 2016.8
1292070 2020.7
1292080 2023.0
1292090 2023.0
1292100 2027.1
1292110 2033.3
1292120 2033.3
1292130 2038.4
1292140 2043.3
1292150 2043.3
1292160 2048.2
1292170 2053.7
1292180 2053.7
1292190 2058.9
1292200 2063.6
1292210 2066.8
1292220 2066.8
1292230 2069.2
1292240 2072.0
1292250 2072.0
1292260 2076.0
1292270 2080.1
1292280 2080.1
1292290 2084.4
1292300 2088.4
1292310 2088.4
1292320 2092.9
1292330 2097.8
1292340 2097.8
1292350 2102.8
1292360 2108.5
1292370 2108.5
1292380 2114.7
1292390 2121.0
1292400 2121.0
1292410 2127.0
1292420 2132.5
1292430 2132.5
1292440 2137.6
1292450 2142.9
1292460 2142.9
1292470 2148.6
1292480 2154.1
1292490 2154.1
1292500 2158.4
1292510 2162.4
1292520 2168.8
1292530 2168.8
1292540 2176.1
1292550 2181.1
1292560 2181.1
1292570 2186.6
1292580 2192.3
1292590 2192.3
1292600 2194.4
1292610 2200.3
1292620 2200.3
1292630 2205.7
1292640 2210.4
1292650 2210.4
1292660 2215.2
1292670 2219.0
1292680 2219.0
1292690 2223.9
1292700 2229.1
1292710 2229.1
1292720 2232.5
1292730 2238.4
1292740 2238.4
1292750 2244.2
1292760 2252.2
1292770 2252.2
1292780 2261.0
1292790 2269.6
1292800 2278.6
1292810 2278.6
1292820 2288.1
1292830 2297.4
1292840 2297.4
1292850 2306.6
1292860 2316.1
1292870 2316.1
1292880 2325.6
1292890 2334.9
1292900 2334.9
1292910 2343.3
1292920 2351.4
1292930 2351.4
1292940 2359.3
1292950 2367.4
1292960 2367.4
1292970 2376.2
1292980 2384.5
1292990 2384.5
1293000 2392.4
1293010 2400.4
1293020 2400.4
1293030 2408.5
1293040 2416.9
1293050 2416.9
1293060 2425.2
1293070 2433.6
1293080 2433.6
1293090 2441.7
1293100 2448.9
1293110 2456.3
1293120 2456.3
1293130 2463.9
1293140 2472.0
1293150 2472.0
1293160 2480.2
1293170 2487.8
1293180 2487.8
1293190 2489.1
1293200 2463.9
1293210 2463.9
1293220 2434.3
1293230 2417.6
1293240 2417.6
1293250 2396.4
1293260 2407.6
1293270 2407.6
1293280 2387.3
1293290 2373.6
1293300 2373.6
1293310 2365.5
1293320 2364.4
1293330 2364.4
1293340 2352.4
1293350 2334.8
1293360 2334.8
1293370 2315.0
1293380 2301.5
1293390 2292.2
1293400 2292.2
1293410 2288.8
1293420 2285.7
1293430 2285.7
1293440 2280.6
1293450 2277.1
1293460 2277.1
1293470 2271.4
1293480 2263.7
1293490 2263.7
1293500 2263.6
1293510 2263.2
1293520 2263.2
1293530 2257.1
1293540 2253.3
1293550 2253.3
1293560 2256.1
1293570 2253.1
1293580 2253.1
1293590 2242.6
1293600 2223.2
1293610 2223.2
1293620 2203.5
1293630 2179.1
1293640 2179.1
1293650 2180.6
1293660 2188.5
1293670 2197.5
1293680 2197.5
1293690 2199.7
1293700 2194.3
1293710 2194.3
1293720 2189.8
1293730 2186.8
1293740 2186.8
1293750 2184.0
1293760 2179.8
1293770 2179.8
1293780 2175.8
1293790 2170.7
1293800 2170.7
1293810 2171.6
1293820 2172.6
1293830 2172.6
1293840 2172.9
1293850 2179.4
1293860 2179.4
1293870 2182.6
1293880 2180.4
1293890 2180.4
1293900 2182.6
1293910 2182.5
1293920 2182.5
1293930 2190.1
1293940 2193.1
1293950 2193.1
1293960 2191.1
1293970 2185.0
1293980 2176.9
1293990 2176.9
1294000 2167.4
1294010 2158.6
1294020 2158.6
1294030 2149.3
1294040 2139.8
1294050 2139.8
1294060 2134.9
1294070 2125.1
1294080 2125.1
1294090 2107.1
1294100 2089.9
1294110 2089.9
1294120 2074.0
1294130 2071.5
1294140 2071.5
1294150 2091.4
1294160 2106.2
1294170 2106.2
1294180 2120.1
1294190 2129.3
1294200 2129.3
1294210 2123.7
1294220 2113.3
1294230 2113.3
1294240 2102.7
1294250 2085.4
1294260 2067.8
1294270 2067.8
1294280 2053.1
1294290 2040.1
1294300 2040.1
1294310 2027.4
1294320 2015.4
1294330 2015.4
1294340 2006.2
1294350 2001.6
1294360 2001.6
1294370 1997.0
1294380 1991.0
1294390 1991.0
1294400 1985.8
1294410 1982.9
1294420 1982.9
1294430 1982.7
1294440 1979.0
1294450 1979.0
1294460 1974.4
1294470 1970.5
1294480 1970.5
1294490 1966.9
1294500 1963.1
1294510 1963.1
1294520 1949.1
1294530 1933.2
1294540 1933.3
1294550 1933.3
1294560 1948.3
1294570 1953.0
1294580 1953.0
1294590 1949.7
1294600 1969.1
1294610 1969.1
1294620 1970.2
1294630 1969.1
1294640 1969.1
1294650 1971.1
1294660 1970.3
1294670 1970.3
1294680 1967.3
1294690 1966.7
1294700 1966.7
1294710 1964.3
1294720 1964.8
1294730 1964.8
1294740 1965.4
1294750 1963.1
1294760 1963.1
1294770 1960.9
1294780 1965.1
1294790 1965.1
1294800 1975.4
1294810 1981.3
1294820 1981.3
1294830 1985.5
1294840 1995.7
1294850 2002.4
1294860 2002.4
1294870 1999.0
1294880 1995.9
1294890 1995.9
1294900 1989.6
1294910 1986.8
1294920 1986.8
1294930 1983.0
1294940 1983.3
1294950 1983.3
1294960 1979.4
1294970 1971.1
1294980 1971.1
1294990 1974.9
1295000 1983.5
1295010 1983.5
1295020 1985.8
1295030 1993.9
1295040 1993.9
1295050 2007.4
1295060 2014.9
1295070 2014.9
1295080 2007.1
1295090 2004.8
1295100 2004.8
1295110 2001.7
1295120 1999.6
1295130 1998.4
1295140 1998.4
1295150 1995.8
1295160 1997.4
1295170 1997.4
1295180 1995.8
1295190 1991.5
1295200 1991.5
1295210 1985.7
1295220 1976.5
1295230 1976.5
1295240 1972.0
1295250 1966.8
1295260 1966.8
1295270 1990.2
1295280 1991.8
1295290 1991.8
1295300 1995.5
1295310 2004.7
1295320 2004.7
1295330 2015.8
1295340 2021.8
1295350 2021.8
1295360 2024.2
1295370 2027.1
1295380 2027.1
1295390 2032.6
1295400 2035.5
1295410 2030.8
1295420 2030.8
1295430 2029.6
1295440 2028.0
1295450 2028.0
1295460 2031.1
1295470 2032.3
1295480 2032.3
1295490 2035.5
1295500 2038.8
1295510 2038.8
1295520 2040.9
1295530 2043.6
1295540 2043.6
1295550 2054.2
1295560 2066.0
1295570 2066.0
1295580 2072.1
1295590 2077.9
1295600 2077.9
1295610 2085.8
1295620 2092.6
1295630 2092.6
1295640 2103.2
1295650 2108.2
1295660 2108.2
1295670 2114.9
1295680 2116.4
1295690 2116.4
1295700 2117.0
1295710 2126.7
1295720 2136.5
1295730 2136.5
1295740 2144.8
1295750 2154.2
1295760 2154.2
1295770 2158.6
1295780 2161.6
1295790 2161.6
1295800 2169.4
1295810 2176.2
1295820 2176.2
1295830 2185.8
1295840 2193.8
1295850 2193.8
1295860 2201.2
1295870 2215.9
1295880 2215.9
1295890 2228.8
1295900 2242.0
1295910 2242.0
1295920 2258.2
1295930 2269.7
1295940 2269.7
1295950 2286.8
1295960 2292.6
1295970 2292.6
1295980 2299.9
1295990 2309.2
1296000 2314.3
1296010 2314.3
1296020 2310.8
1296030 2313.8
1296040 2313.8
1296050 2315.7
1296060 2310.2
1296070 2310.2
1296080 2297.0
1296090 2285.0
1296100 2285.0
1296110 2272.9
1296120 2262.4
1296130 2262.4
1296140 2253.8
1296150 2244.3
1296160 2244.3
1296170 2235.2
1296180 2226.2
1296190 2226.2
1296200 2215.0
1296210 2202.7
1296220 2202.7
1296230 2192.4
1296240 2181.7
1296250 2181.7
1296260 2166.5
1296270 2148.1
1296280 2148.1
1296290 2132.7
1296300 2123.2
1296310 2119.1
1296320 2119.1
1296330 2115.1
1296340 2110.2
1296350 2110.2
1296360 2110.9
1296370 2115.0
1296380 2115.0
1296390 2113.8
1296400 2111.6
1296410 2111.6
1296420 2120.0
1296430 2128.1
1296440 2128.1
1296450 2118.9
1296460 2103.4
1296470 2103.4
1296480 2088.5
1296490 2071.3
1296500 2071.3
1296510 2064.9
1296520 2058.2
1296530 2058.2
1296540 2055.4
1296550 2051.1
1296560 2051.1
1296570 2037.7
1296580 2027.0
1296590 2015.3
1296600 2015.3
1296610 1998.8
1296620 1985.9
1296630 2003.7
1296640 1996.5
1296650 1982.7
1296660 1982.7
1296670 1966.1
1296680 1952.9
1296690 1952.9
1296700 1945.7
1296710 1933.4
1296720 1933.4
1296730 1918.8
1296740 1910.3
1296750 1910.3
1296760 1897.1
1296770 1887.3
1296780 1887.3
1296790 1873.1
1296800 1855.5
1296810 1855.5
1296820 1846.8
1296830 1841.0
1296840 1841.0
1296850 1836.0
1296860 1829.6
1296870 1821.2
1296880 1821.2
1296890 1812.9
1296900 1807.5
1296910 1807.5
1296920 1803.9
1296930 1796.1
1296940 1796.1
1296950 1785.8
1296960 1777.1
1296970 1777.1
1296980 1769.6
1296990 1764.1
1297000 1764.1
1297010 1758.8
1297020 1753.0
1297030 1753.0
1297040 1747.5
1297050 1742.1
1297060 1742.1
1297070 1736.8
1297080 1732.0
1297090 1732.0
1297100 1727.5
1297110 1722.8
1297120 1722.8
1297130 1717.5
1297140 1711.8
1297150 1711.8
1297160 1705.6
1297170 1699.9
1297180 1694.6
1297190 1694.6
1297200 1689.3
1297210 1683.9
1297220 1683.9
1297230 1678.9
1297240 1674.2
1297250 1674.2
1297260 1669.9
1297270 1666.1
1297280 1666.1
1297290 1662.6
1297300 1659.5
1297310 1662.6
1297320 1661.2
1297330 1663.4
1297340 1663.4
1297350 1666.6
1297360 1666.7
1297370 1666.7
1297380 1662.3
1297390 1661.6
1297400 1661.6
1297410 1662.7
1297420 1665.4
1297430 1665.4
1297440 1669.4
1297450 1673.8
1297460 1678.4
1297470 1678.4
1297480 1682.3
1297490 1686.4
1297500 1686.4
1297510 1690.7
1297520 1694.8
1297530 1694.8
1297540 1698.9
1297550 1703.3
1297560 1703.3
1297570 1709.8
1297580 1710.0
1297590 1710.0
1297600 1705.5
1297610 1701.3
1297620 1701.3
1297630 1696.3
1297640 1699.2
1297650 1699.2
1297660 1700.4
1297670 1689.6
1297680 1689.6
1297690 1681.9
1297700 1680.6
1297710 1680.6
1297720 1680.2
1297730 1683.0
1297740 1685.8
1297750 1685.8
1297760 1684.0
1297770 1684.8
1297780 1684.8
1297790 1686.0
1297800 1687.5
1297810 1687.5
1297820 1691.6
1297830 1692.3
1297840 1692.3
1297850 1696.8
1297860 1703.2
1297870 1703.2
1297880 1707.0
1297890 1709.8
1297900 1709.8
1297910 1714.0
1297920 1718.4
1297930 1718.4
1297940 1719.6
1297950 1718.1
1297960 1718.1
1297970 1714.4
1297980 1711.4
1297990 1722.0
1298000 1719.5
1298010 1719.8
1298020 1719.8
1298030 1718.2
1298040 1723.3
1298050 1724.6
1298060 1724.6
1298070 1723.6
1298080 1724.9
1298090 1724.9
1298100 1720.1
1298110 1716.3
1298120 1716.3
1298130 1713.5
1298140 1710.8
1298150 1710.8
1298160 1707.4
1298170 1701.1
1298180 1701.1
1298190 1699.1
1298200 1698.2
1298210 1698.2
1298220 1697.2
1298230 1695.0
1298240 1695.0
1298250 1695.0
1298260 1692.9
1298270 1692.9
1298280 1691.7
1298290 1691.6
1298300 1691.6
1298310 1691.2
1298320 1690.9
1298330 1691.5
1298340 1691.5
1298350 1692.3
1298360 1692.5
1298370 1692.5
1298380 1689.9
1298390 1687.5
1298400 1687.5
1298410 1687.8
1298420 1688.3
1298430 1688.3
1298440 1686.2
1298450 1683.4
1298460 1683.4
1298470 1679.2
1298480 1676.2
1298490 1676.2
1298500 1674.2
1298510 1673.6
1298520 1673.6
1298530 1672.1
1298540 1669.7
1298550 1669.7
1298560 1666.3
1298570 1661.8
1298580 1661.8
1298590 1659.8
1298600 1658.6
1298610 1657.8
1298620 1657.8
1298630 1654.5
1298640 1650.6
1298650 1650.6
1298660 1648.4
1298670 1651.6
1298680 1651.6
1298690 1645.6
1298700 1637.8
1298710 1637.8
1298720 1633.5
1298730 1632.9
1298740 1632.9
1298750 1630.2
1298760 1625.2
1298770 1625.2
1298780 1622.6
1298790 1621.6
1298800 1621.6
1298810 1621.9
1298820 1624.0
1298830 1624.0
1298840 1627.2
1298850 1631.6
1298860 1631.6
1298870 1635.6
1298880 1638.0
1298890 1638.0
1298900 1638.9
1298910 1635.9
1298920 1633.1
1298930 1633.1
1298940 1630.8
1298950 1628.4
1298960 1628.4
1298970 1625.2
1298980 1622.1
1298990 1622.1
1299000 1618.7
1299010 1615.7
1299020 1615.7
1299030 1612.9
1299040 1610.5
1299050 1610.5
1299060 1607.8
1299070 1603.8
1299080 1603.8
1299090 1601.7
1299100 1601.5
1299110 1601.5
1299120 1599.4
1299130 1595.6
1299140 1595.6
1299150 1594.0
1299160 1596.1
1299170 1596.1
1299180 1594.4
1299190 1590.7
1299200 1586.3
1299210 1586.3
1299220 1580.7
1299230 1573.2
1299240 1573.2
1299250 1566.0
1299260 1561.6
1299270 1561.6
1299280 1558.7
1299290 1555.1
1299300 1555.1
1299310 1553.4
1299320 1551.6
1299330 1551.6
1299340 1547.1
1299350 1543.4
1299360 1544.0
1299370 1539.8
1299380 1533.8
1299390 1533.8
1299400 1528.2
1299410 1522.4
1299420 1522.4
1299430 1514.9
1299440 1508.7
1299450 1508.7
1299460 1502.9
1299470 1496.8
1299480 1496.8
1299490 1489.7
1299500 1485.2
1299510 1486.3
1299520 1486.3
1299530 1485.5
1299540 1481.6
1299550 1481.6
1299560 1478.8
1299570 1478.9
1299580 1478.9
1299590 1476.3
1299600 1474.2
1299610 1474.2
1299620 1473.3
1299630 1471.4
1299640 1471.4
1299650 1468.6
1299660 1469.9
1299670 1469.9
1299680 1469.9
1299690 1467.2
1299700 1467.2
1299710 1463.2
1299720 1459.5
1299730 1459.5
1299740 1458.5
1299750 1457.1
1299760 1457.1
1299770 1457.4
1299780 1455.9
1299790 1452.6
1299800 1452.6
1299810 1449.7
1299820 1446.8
1299830 1446.8
1299840 1445.3
1299850 1444.3
1299860 1444.3
1299870 1441.6
1299880 1438.3
1299890 1438.3
1299900 1440.2
1299910 1442.7
1299920 1442.7
1299930 1443.2
1299940 1441.4
1299950 1441.4
1299960 1439.1
1299970 1436.1
1299980 1436.1
1299990 1433.4
