1280000 1880.0
1280010 1880.0
1280020 1895.7
1280030 1912.5
1280040 1912.5
1280050 1914.8
1280060 1921.1
1280070 1921.1
1280080 1926.4
1280090 1926.0
1280100 1926.0
1280110 1927.7
1280120 1935.3
1280130 1935.3
1280140 1945.6
1280150 1952.7
1280160 1952.7
1280170 1957.6
1280180 1962.0
1280190 1962.0
1280200 1964.9
1280210 1966.8
1280220 1966.8
1280230 1968.7
1280240 1971.0
1280250 1964.5
1280260 1966.3
1280270 1966.8
1280280 1966.8
1280290 1964.2
1280300 1962.0
1280310 1963.7
1280320 1963.7
1280330 1965.4
1280340 1967.3
1280350 1967.3
1280360 1969.5
1280370 1972.1
1280380 1972.1
1280390 1975.9
1280400 1979.6
1280410 1979.6
1280420 1982.1
1280430 1985.2
1280440 1985.2
1280450 1989.1
1280460 1992.7
1280470 1992.7
1280480 1995.2
1280490 1996.6
1280500 1996.6
1280510 1998.2
1280520 1999.9
1280530 1999.9
1280540 2003.2
1280550 2005.9
1280560 2005.9
1280570 2008.8
1280580 2011.8
1280590 2015.0
1280600 2015.0
1280610 2017.7
1280620 2019.7
1280630 2019.7
1280640 2022.0
1280650 2023.2
1280660 2023.2
1280670 2024.9
1280680 2025.7
1280690 2025.7
1280700 2024.9
1280710 2025.0
1280720 2025.0
1280730 2026.2
1280740 2028.1
1280750 2028.1
1280760 2030.6
1280770 2035.2
1280780 2035.2
1280790 2044.2
1280800 2059.5
1280810 2059.5
1280820 2070.2
1280830 2076.6
1280840 2076.6
1280850 2082.2
1280860 2087.1
1280870 2080.2
1280880 2084.2
1280890 2088.9
1280900 2093.6
1280910 2093.6
1280920 2098.2
1280930 2100.8
1280940 2100.8
1280950 2101.6
1280960 2103.8
1280970 2103.8
1280980 2109.9
1280990 2117.5
1281000 2117.5
1281010 2124.1
1281020 2129.8
1281030 2129.8
1281040 2134.3
1281050 2139.0
1281060 2139.0
1281070 2142.6
1281080 2143.8
1281090 2143.8
1281100 2146.2
1281110 2147.9
1281120 2147.9
1281130 2148.2
1281140 2148.7
1281150 2148.7
1281160 2149.2
1281170 2145.7
1281180 2145.2
1281190 2145.2
1281200 2146.8
1281210 2147.0
1281220 2147.0
1281230 2143.9
1281240 2142.2
1281250 2142.2
1281260 2140.9
1281270 2142.7
1281280 2142.7
1281290 2143.6
1281300 2143.8
1281310 2143.8
1281320 2143.3
1281330 2145.0
1281340 2145.0
1281350 2148.2
1281360 2150.4
1281370 2150.4
1281380 2152.8
1281390 2156.7
1281400 2156.7
1281410 2161.8
1281420 2167.7
1281430 2167.7
1281440 2174.7
1281450 2183.0
1281460 2183.0
1281470 2192.9
1281480 2206.1
1281490 2215.6
1281500 2213.4
1281510 2219.3
1281520 2224.0
1281530 2224.0
1281540 2229.8
1281550 2235.8
1281560 2235.8
1281570 2242.0
1281580 2249.3
1281590 2249.3
1281600 2256.5
1281610 2262.6
1281620 2262.6
1281630 2268.1
1281640 2272.4
1281650 2272.4
1281660 2276.2
1281670 2281.0
1281680 2281.0
1281690 2286.4
1281700 2290.6
1281710 2290.6
1281720 2294.7
1281730 2299.2
1281740 2299.2
1281750 2303.2
1281760 2307.4
1281770 2311.0
1281780 2311.0
1281790 2312.7
1281800 2313.1
1281810 2313.1
1281820 2314.7
1281830 2316.2
1281840 2316.2
1281850 2319.6
1281860 2323.9
1281870 2323.9
1281880 2327.6
1281890 2328.8
1281900 2328.8
1281910 2330.6
1281920 2334.9
1281930 2334.9
1281940 2339.2
1281950 2343.4
1281960 2343.4
1281970 2346.2
1281980 2348.3
1281990 2348.3
1282000 2351.3
1282010 2355.2
1282020 2355.2
1282030 2359.5
1282040 2363.5
1282050 2367.2
1282060 2367.2
1282070 2370.9
1282080 2374.4
1282090 2374.4
1282100 2377.7
1282110 2381.0
1282120 2381.0
1282130 2379.9
1282140 2383.3
1282150 2383.3
1282160 2386.6
1282170 2388.7
1282180 2388.7
1282190 2390.7
1282200 2394.4
1282210 2394.4
1282220 2399.2
1282230 2406.3
1282240 2406.3
1282250 2410.3
1282260 2414.0
1282270 2414.0
1282280 2418.5
1282290 2423.1
1282300 2423.1
1282310 2427.7
1282320 2432.4
1282330 2432.4
1282340 2437.1
1282350 2441.4
1282360 2446.5
1282370 2446.5
1282380 2452.5
1282390 2458.7
1282400 2458.7
1282410 2465.4
1282420 2474.0
1282430 2474.0
1282440 2482.9
1282450 2475.3
1282460 2475.3
1282470 2463.5
1282480 2453.3
1282490 2453.3
1282500 2444.6
1282510 2436.5
1282520 2436.5
1282530 2425.7
1282540 2424.7
1282550 2424.7
1282560 2425.6
1282570 2415.8
1282580 2415.8
1282590 2387.8
1282600 2366.3
1282610 2366.3
1282620 2355.3
1282630 2344.8
1282640 2338.9
1282650 2338.9
1282660 2335.4
1282670 2330.9
1282680 2330.9
1282690 2325.9
1282700 2320.5
1282710 2320.5
1282720 2315.2
1282730 2310.0
1282740 2310.0
1282750 2305.6
1282760 2296.1
1282770 2296.1
1282780 2292.1
1282790 2288.4
1282800 2288.4
1282810 2284.8
1282820 2281.2
1282830 2281.2
1282840 2276.3
1282850 2271.5
1282860 2271.5
1282870 2268.0
1282880 2265.5
1282890 2265.5
1282900 2265.1
1282910 2263.8
1282920 2263.8
1282930 2262.3
1282940 2261.0
1282950 2260.5
1282960 2260.5
1282970 2260.1
1282980 2260.1
1282990 2260.1
1283000 2260.1
1283010 2255.7
1283020 2255.7
1283030 2251.2
1283040 2249.7
1283050 2249.7
1283060 2246.2
1283070 2242.5
1283080 2242.5
1283090 2241.1
1283100 2240.5
1283110 2240.5
1283120 2240.3
1283130 2239.8
1283140 2239.8
1283150 2238.6
1283160 2237.2
1283170 2237.2
1283180 2235.1
1283190 2232.2
1283200 2232.2
1283210 2228.4
1283220 2224.9
1283230 2222.8
1283240 2222.8
1283250 2221.1
1283260 2220.5
1283270 2220.5
1283280 2220.6
1283290 2220.4
1283300 2220.4
1283310 2219.8
1283320 2216.7
1283330 2216.7
1283340 2212.3
1283350 2210.2
1283360 2210.2
1283370 2211.6
1283380 2216.4
1283390 2215.4
1283400 2220.8
1283410 2225.6
1283420 2225.6
1283430 2230.9
1283440 2231.2
1283450 2231.2
1283460 2231.6
1283470 2230.9
1283480 2230.9
1283490 2229.4
1283500 2227.5
1283510 2227.5
1283520 2223.7
1283530 2216.2
1283540 2209.2
1283550 2209.2
1283560 2202.5
1283570 2196.8
1283580 2196.8
1283590 2193.3
1283600 2192.5
1283610 2192.5
1283620 2188.9
1283630 2186.2
1283640 2186.2
1283650 2182.7
1283660 2179.4
1283670 2179.4
1283680 2175.8
1283690 2171.0
1283700 2171.0
1283710 2171.1
1283720 2169.5
1283730 2169.5
1283740 2168.2
1283750 2171.1
1283760 2171.1
1283770 2175.6
1283780 2179.6
1283790 2179.6
1283800 2184.1
1283810 2188.2
1283820 2192.8
1283830 2192.8
1283840 2198.2
1283850 2204.5
1283860 2204.5
1283870 2211.0
1283880 2216.4
1283890 2216.4
1283900 2224.7
1283910 2234.4
1283920 2234.4
1283930 2243.9
1283940 2253.1
1283950 2253.1
1283960 2265.7
1283970 2283.4
1283980 2283.4
1283990 2298.1
1284000 2303.4
1284010 2303.4
1284020 2305.7
1284030 2311.4
1284040 2311.4
1284050 2334.9
1284060 2349.7
1284070 2349.7
1284080 2363.3
1284090 2376.6
1284100 2376.6
1284110 2383.1
1284120 2389.2
1284130 2396.5
1284140 2396.5
1284150 2402.2
1284160 2406.8
1284170 2406.8
1284180 2413.6
1284190 2424.3
1284200 2424.3
1284210 2435.5
1284220 2453.0
1284230 2453.0
1284240 2471.6
1284250 2478.6
1284260 2478.6
1284270 2471.3
1284280 2458.7
1284290 2458.7
1284300 2447.4
1284310 2437.2
1284320 2437.2
1284330 2427.1
1284340 2419.3
1284350 2419.3
1284360 2410.3
1284370 2400.9
1284380 2400.9
1284390 2391.2
1284400 2382.9
1284410 2376.6
1284420 2376.6
1284430 2370.6
1284440 2362.2
1284450 2362.2
1284460 2335.4
1284470 2298.8
1284480 2298.8
1284490 2282.4
1284500 2271.2
1284510 2271.2
1284520 2262.7
1284530 2256.5
1284540 2256.5
1284550 2250.3
1284560 2245.4
1284570 2245.4
1284580 2242.0
1284590 2238.9
1284600 2238.9
1284610 2235.3
1284620 2231.9
1284630 2231.9
1284640 2228.0
1284650 2224.4
1284660 2224.4
1284670 2216.1
1284680 2212.5
1284690 2212.5
1284700 2209.4
1284710 2206.5
1284720 2203.5
1284730 2203.5
1284740 2201.6
1284750 2199.5
1284760 2199.5
1284770 2197.2
1284780 2194.7
1284790 2194.7
1284800 2193.0
1284810 2191.4
1284820 2191.4
1284830 2189.4
1284840 2186.7
1284850 2186.7
1284860 2183.5
1284870 2180.0
1284880 2180.0
1284890 2176.3
1284900 2172.7
1284910 2172.7
1284920 2169.1
1284930 2165.1
1284940 2165.1
1284950 2161.3
1284960 2158.8
1284970 2158.8
1284980 2157.0
1284990 2155.3
1285000 2153.2
1285010 2153.2
1285020 2151.0
1285030 2148.9
1285040 2148.9
1285050 2146.6
1285060 2143.2
1285070 2143.2
1285080 2139.7
1285090 2137.4
1285100 2137.4
1285110 2137.2
1285120 2137.8
1285130 2137.8
1285140 2137.5
1285150 2136.2
1285160 2136.2
1285170 2134.6
1285180 2133.1
1285190 2133.1
1285200 2131.8
1285210 2131.0
1285220 2131.0
1285230 2130.3
1285240 2130.2
1285250 2130.2
1285260 2131.0
1285270 2131.1
1285280 2131.1
1285290 2131.0
1285300 2130.8
1285310 2128.0
1285320 2128.0
1285330 2126.6
1285340 2125.4
1285350 2125.4
1285360 2124.5
1285370 2125.8
1285380 2125.8
1285390 2128.9
1285400 2132.4
1285410 2132.4
1285420 2133.1
1285430 2133.1
1285440 2133.1
1285450 2133.0
1285460 2134.2
1285470 2134.2
1285480 2135.9
1285490 2135.9
1285500 2135.9
1285510 2134.7
1285520 2134.6
1285530 2134.6
1285540 2137.0
1285550 2137.2
1285560 2137.2
1285570 2135.9
1285580 2134.2
1285590 2133.1
1285600 2133.1
1285610 2132.9
1285620 2134.3
1285630 2134.3
1285640 2136.2
1285650 2138.9
1285660 2138.9
1285670 2144.0
1285680 2149.7
1285690 2149.7
1285700 2154.3
1285710 2156.6
1285720 2156.6
1285730 2160.2
1285740 2165.6
1285750 2165.6
1285760 2172.5
1285770 2180.1
1285780 2180.1
1285790 2188.1
1285800 2198.8
1285810 2198.8
1285820 2216.5
1285830 2229.1
1285840 2229.1
1285850 2244.2
1285860 2263.7
1285870 2276.4
1285880 2276.4
1285890 2285.4
1285900 2297.0
1285910 2297.0
1285920 2308.1
1285930 2319.9
1285940 2319.9
1285950 2330.6
1285960 2341.3
1285970 2341.3
1285980 2353.0
1285990 2360.2
1286000 2360.2
1286010 2363.4
1286020 2364.5
1286030 2364.5
1286040 2363.5
1286050 2361.2
1286060 2361.2
1286070 2362.6
1286080 2369.4
1286090 2369.4
1286100 2372.3
1286110 2372.9
1286120 2372.9
1286130 2374.4
1286140 2377.4
1286150 2377.4
1286160 2381.1
1286170 2383.5
1286180 2385.2
1286190 2385.2
1286200 2388.1
1286210 2392.4
1286220 2392.4
1286230 2395.8
1286240 2396.8
1286250 2396.8
1286260 2396.3
1286270 2396.3
1286280 2396.3
1286290 2397.4
1286300 2397.4
1286310 2397.4
1286320 2399.0
1286330 2400.8
1286340 2400.8
1286350 2401.2
1286360 2402.3
1286370 2402.3
1286380 2405.0
1286390 2408.1
1286400 2408.1
1286410 2411.7
1286420 2415.5
1286430 2415.5
1286440 2419.5
1286450 2422.7
1286460 2424.2
1286470 2424.2
1286480 2425.5
1286490 2432.9
1286500 2432.9
1286510 2441.7
1286520 2465.8
1286530 2465.8
1286540 2482.7
1286550 2474.9
1286560 2474.9
1286570 2474.9
1286580 2488.7
1286590 2485.2
1286600 2497.8
1286610 2507.5
1286620 2507.5
1286630 2516.1
1286640 2522.8
1286650 2522.8
1286660 2529.6
1286670 2532.5
1286680 2532.5
1286690 2533.9
1286700 2538.8
1286710 2538.8
1286720 2545.8
1286730 2556.0
1286740 2556.0
1286750 2567.6
1286760 2575.8
1286770 2581.2
1286780 2581.2
1286790 2590.8
1286800 2596.9
1286810 2596.9
1286820 2589.1
1286830 2577.4
1286840 2577.4
1286850 2570.1
1286860 2561.0
1286870 2561.0
1286880 2550.6
1286890 2542.1
1286900 2542.1
1286910 2536.0
1286920 2532.6
1286930 2532.6
1286940 2530.4
1286950 2528.3
1286960 2528.3
1286970 2526.0
1286980 2521.8
1286990 2521.8
1287000 2503.1
1287010 2479.5
1287020 2479.5
1287030 2464.4
1287040 2445.5
1287050 2436.1
1287060 2436.1
1287070 2427.7
1287080 2418.0
1287090 2418.0
1287100 2405.4
1287110 2397.1
1287120 2397.1
1287130 2391.8
1287140 2387.1
1287150 2387.1
1287160 2390.4
1287170 2394.6
1287180 2394.6
1287190 2397.0
1287200 2396.7
1287210 2396.7
1287220 2397.2
1287230 2396.4
1287240 2409.5
1287250 2409.4
1287260 2409.4
1287270 2409.4
1287280 2405.2
1287290 2400.6
1287300 2400.6
1287310 2395.1
1287320 2384.9
1287330 2384.9
1287340 2379.2
1287350 2372.9
1287360 2365.6
1287370 2365.6
1287380 2352.9
1287390 2340.4
1287400 2340.4
1287410 2320.7
1287420 2298.5
1287430 2298.5
1287440 2286.4
1287450 2276.0
1287460 2276.0
1287470 2264.3
1287480 2260.5
1287490 2260.5
1287500 2256.9
1287510 2252.5
1287520 2252.5
1287530 2248.3
1287540 2243.8
1287550 2243.8
1287560 2240.0
1287570 2237.1
1287580 2237.1
1287590 2234.8
1287600 2233.2
1287610 2233.2
1287620 2231.6
1287630 2231.0
1287640 2231.6
1287650 2231.6
1287660 2234.6
1287670 2238.2
1287680 2238.2
1287690 2242.4
1287700 2247.7
1287710 2247.7
1287720 2253.0
1287730 2258.1
1287740 2258.1
1287750 2263.2
1287760 2267.4
1287770 2267.4
1287780 2271.7
1287790 2276.8
1287800 2276.8
1287810 2282.3
1287820 2291.0
1287830 2291.0
1287840 2313.7
1287850 2333.7
1287860 2333.7
1287870 2346.1
1287880 2366.8
1287890 2366.8
1287900 2376.6
1287910 2384.6
1287920 2384.6
1287930 2368.3
1287940 2342.1
1287950 2327.1
1287960 2327.1
1287970 2320.7
1287980 2316.6
1287990 2316.6
1288000 2310.6
1288010 2306.8
1288020 2306.8
1288030 2304.0
1288040 2298.5
1288050 2298.5
1288060 2297.6
1288070 2300.4
1288080 2300.4
1288090 2302.2
1288100 2307.6
1288110 2307.6
1288120 2329.8
1288130 2337.1
1288140 2337.1
1288150 2332.0
1288160 2335.0
1288170 2335.0
1288180 2340.2
1288190 2331.1
1288200 2331.1
1288210 2324.5
1288220 2313.4
1288230 2306.2
1288240 2306.2
1288250 2295.1
1288260 2289.9
1288270 2289.9
1288280 2304.5
1288290 2311.9
1288300 2311.9
1288310 2310.8
1288320 2322.7
1288330 2322.7
1288340 2325.4
1288350 2326.0
1288360 2326.0
1288370 2341.2
1288380 2349.7
1288390 2349.7
1288400 2353.9
1288410 2356.4
1288420 2356.4
1288430 2363.2
1288440 2367.2
1288450 2367.2
1288460 2372.8
1288470 2378.9
1288480 2378.9
1288490 2373.1
1288500 2377.4
1288510 2377.4
1288520 2386.2
1288530 2413.6
1288540 2423.6
1288550 2423.6
1288560 2433.0
1288570 2443.7
1288580 2443.7
1288590 2448.1
1288600 2450.8
1288610 2450.8
1288620 2453.6
1288630 2451.3
1288640 2451.3
1288650 2450.4
1288660 2442.2
1288670 2442.2
1288680 2444.1
1288690 2446.8
1288700 2446.8
1288710 2444.4
1288720 2434.4
1288730 2434.4
1288740 2421.0
1288750 2410.5
1288760 2410.5
1288770 2403.8
1288780 2393.5
1288790 2393.5
1288800 2378.7
1288810 2367.9
1288820 2348.6
1288830 2348.6
1288840 2333.9
1288850 2323.5
1288860 2323.5
1288870 2296.5
1288880 2261.9
1288890 2261.9
1288900 2233.2
1288910 2209.9
1288920 2209.9
1288930 2203.1
1288940 2199.3
1288950 2199.3
1288960 2195.9
1288970 2191.9
1288980 2191.9
1288990 2186.8
1289000 2181.0
1289010 2181.0
1289020 2175.2
1289030 2169.9
1289040 2169.9
1289050 2165.0
1289060 2160.5
1289070 2160.5
1289080 2157.8
1289090 2159.2
1289100 2160.9
1289110 2160.9
1289120 2163.4
1289130 2162.2
1289140 2162.2
1289150 2157.6
1289160 2156.4
1289170 2156.4
1289180 2154.9
1289190 2148.2
1289200 2148.2
1289210 2144.7
1289220 2142.6
1289230 2142.6
1289240 2141.1
1289250 2141.0
1289260 2141.0
1289270 2142.2
1289280 2143.3
1289290 2143.3
1289300 2142.3
1289310 2140.9
1289320 2140.9
1289330 2139.4
1289340 2139.3
1289350 2139.3
1289360 2135.7
1289370 2129.8
1289380 2129.8
1289390 2127.0
1289400 2128.1
1289410 2128.3
1289420 2128.3
1289430 2128.2
1289440 2128.0
1289450 2128.0
1289460 2127.3
1289470 2125.8
1289480 2125.8
1289490 2124.2
1289500 2121.6
1289510 2121.6
1289520 2117.5
1289530 2117.2
1289540 2117.2
1289550 2116.5
1289560 2113.4
1289570 2113.4
1289580 2109.5
1289590 2106.3
1289600 2106.3
1289610 2105.9
1289620 2104.5
1289630 2104.5
1289640 2108.1
1289650 2107.8
1289660 2107.8
1289670 2105.6
1289680 2102.9
1289690 2097.0
1289700 2097.0
1289710 2085.9
1289720 2078.8
1289730 2078.8
1289740 2075.4
1289750 2074.8
1289760 2074.8
1289770 2074.6
1289780 2077.3
1289790 2077.3
1289800 2081.2
1289810 2090.0
1289820 2090.0
1289830 2105.8
1289840 2093.6
1289850 2093.6
1289860 2105.0
1289870 2117.8
1289880 2117.8
1289890 2131.0
1289900 2134.8
1289910 2134.8
1289920 2142.3
1289930 2152.3
1289940 2152.3
1289950 2161.7
1289960 2170.2
1289970 2170.2
1289980 2187.5
1289990 2204.8
1290000 2216.5
1290010 2216.5
1290020 2226.4
1290030 2234.6
1290040 2234.6
1290050 2250.0
1290060 2265.8
1290070 2265.8
1290080 2282.1
1290090 2297.5
1290100 2297.5
1290110 2317.4
1290120 2326.0
1290130 2326.0
1290140 2323.3
1290150 2314.6
1290160 2314.6
1290170 2309.6
1290180 2305.3
1290190 2305.3
1290200 2298.3
1290210 2288.7
1290220 2288.7
1290230 2281.2
1290240 2267.4
1290250 2267.4
1290260 2252.9
1290270 2248.9
1290280 2249.7
1290290 2249.7
1290300 2247.5
1290310 2241.5
1290320 2241.5
1290330 2237.5
1290340 2234.2
1290350 2234.2
1290360 2227.5
1290370 2226.1
1290380 2226.1
1290390 2223.6
1290400 2223.2
1290410 2223.2
1290420 2225.7
1290430 2230.3
1290440 2230.3
1290450 2230.8
1290460 2228.9
1290470 2228.9
1290480 2224.1
1290490 2220.6
1290500 2222.4
1290510 2218.8
1290520 2198.6
1290530 2198.6
1290540 2168.9
1290550 2144.0
1290560 2144.0
1290570 2131.7
1290580 2121.9
1290590 2108.4
1290600 2108.4
1290610 2098.9
1290620 2092.4
1290630 2092.4
1290640 2087.8
1290650 2084.7
1290660 2084.7
1290670 2082.7
1290680 2080.6
1290690 2080.6
1290700 2078.9
1290710 2076.1
1290720 2076.1
1290730 2070.8
1290740 2063.7
1290750 2063.7
1290760 2058.5
1290770 2056.5
1290780 2056.5
1290790 2053.2
1290800 2051.3
1290810 2051.3
1290820 2047.9
1290830 2043.0
1290840 2043.0
1290850 2038.9
1290860 2036.4
1290870 2034.3
1290880 2034.3
1290890 2033.0
1290900 2033.4
1290910 2033.4
1290920 2033.5
1290930 2028.4
1290940 2028.4
1290950 2023.9
1290960 2024.2
1290970 2024.2
1290980 2025.5
1290990 2024.6
1291000 2024.6
1291010 2024.7
1291020 2031.5
1291030 2031.5
1291040 2040.3
1291050 2053.1
1291060 2053.1
1291070 2075.2
1291080 2088.2
1291090 2088.2
1291100 2094.3
1291110 2095.2
1291120 2095.2
1291130 2092.4
1291140 2093.6
1291150 2086.4
1291160 2087.5
1291170 2089.9
1291180 2087.7
1291190 2087.7
1291200 2084.2
1291210 2082.7
1291220 2082.7
1291230 2086.0
1291240 2092.4
1291250 2092.4
1291260 2105.4
1291270 2121.1
1291280 2121.1
1291290 2131.6
1291300 2134.9
1291310 2134.9
1291320 2141.4
1291330 2148.7
1291340 2148.7
1291350 2148.7
1291360 2150.1
1291370 2150.1
1291380 2155.3
1291390 2163.5
1291400 2163.5
1291410 2171.8
1291420 2178.2
1291430 2178.2
1291440 2184.4
1291450 2191.5
1291460 2197.3
1291470 2197.3
1291480 2202.1
1291490 2207.4
1291500 2207.4
1291510 2212.9
1291520 2218.5
1291530 2218.5
1291540 2225.0
1291550 2232.5
1291560 2232.5
1291570 2230.7
1291580 2217.6
1291590 2217.6
1291600 2197.8
1291610 2173.0
1291620 2173.0
1291630 2156.3
1291640 2140.2
1291650 2140.2
1291660 2116.7
1291670 2104.7
1291680 2104.7
1291690 2095.2
1291700 2086.6
1291710 2086.6
1291720 2078.2
1291730 2067.8
1291740 2067.8
1291750 2064.2
1291760 2067.3
1291770 2048.1
1291780 2048.1
1291790 2026.5
1291800 2014.8
1291810 2014.8
1291820 2018.1
1291830 2014.9
1291840 2014.9
1291850 2011.5
1291860 2006.2
1291870 2006.2
1291880 2002.8
1291890 1999.6
1291900 1999.6
1291910 1996.6
1291920 1993.6
1291930 1993.6
1291940 1991.1
1291950 1989.6
1291960 1989.6
1291970 1988.0
1291980 1985.1
1291990 1985.1
1292000 1981.6
1292010 1978.6
1292020 1978.6
1292030 1975.5
1292040 1971.9
1292050 1968.0
1292060 1968.0
1292070 1964.4
1292080 1960.8
1292090 1960.8
1292100 1956.6
1292110 1952.2
1292120 1952.2
1292130 1947.6
1292140 1942.7
1292150 1942.7
1292160 1938.3
1292170 1934.5
1292180 1934.5
1292190 1930.2
1292200 1925.5
1292210 1925.5
1292220 1921.1
1292230 1916.7
1292240 1916.7
1292250 1911.7
1292260 1906.6
1292270 1906.6
1292280 1901.5
1292290 1896.4
1292300 1896.4
1292310 1891.0
1292320 1885.7
1292330 1880.2
1292340 1880.2
1292350 1875.4
1292360 1870.7
1292370 1870.7
1292380 1865.8
1292390 1860.7
1292400 1860.7
1292410 1855.9
1292420 1851.8
1292430 1851.8
1292440 1847.9
1292450 1844.1
1292460 1844.1
1292470 1840.2
1292480 1840.2
1292490 1840.2
1292500 1836.6
1292510 1832.7
1292520 1832.7
1292530 1829.3
1292540 1825.3
1292550 1825.3
1292560 1820.5
1292570 1815.3
1292580 1815.3
1292590 1810.1
1292600 1804.1
1292610 1804.1
1292620 1800.6
1292630 1798.0
1292640 1795.1
1292650 1795.1
1292660 1791.8
1292670 1788.6
1292680 1788.6
1292690 1785.4
1292700 1782.1
1292710 1782.1
1292720 1778.9
1292730 1775.7
1292740 1775.7
1292750 1771.9
1292760 1768.6
1292770 1768.6
1292780 1766.2
1292790 1764.4
1292800 1764.4
1292810 1764.5
1292820 1765.4
1292830 1765.4
1292840 1765.6
1292850 1764.3
1292860 1764.3
1292870 1762.1
1292880 1761.6
1292890 1761.6
1292900 1763.7
1292910 1767.9
1292920 1770.9
1292930 1770.9
1292940 1773.3
1292950 1775.2
1292960 1775.2
1292970 1777.7
1292980 1780.4
1292990 1780.4
1293000 1783.0
1293010 1785.5
1293020 1785.5
1293030 1787.2
1293040 1788.3
1293050 1788.3
1293060 1789.5
1293070 1790.1
1293080 1790.1
1293090 1789.6
1293100 1789.4
1293110 1789.4
1293120 1788.6
1293130 1787.8
1293140 1784.2
1293150 1784.0
1293160 1783.6
1293170 1783.6
1293180 1783.3
1293190 1783.3
1293200 1783.3
1293210 1781.5
1293220 1778.2
1293230 1775.2
1293240 1775.2
1293250 1772.7
1293260 1770.1
1293270 1770.1
1293280 1768.2
1293290 1766.4
1293300 1766.4
1293310 1764.8
1293320 1765.1
1293330 1765.1
1293340 1766.4
1293350 1765.7
1293360 1765.7
1293370 1764.6
1293380 1764.1
1293390 1764.1
1293400 1764.2
1293410 1763.8
1293420 1763.8
1293430 1763.6
1293440 1762.5
1293450 1762.5
1293460 1760.0
1293470 1759.1
1293480 1759.1
1293490 1759.9
1293500 1760.9
1293510 1759.1
1293520 1759.1
1293530 1754.9
1293540 1756.9
1293550 1756.9
1293560 1757.2
1293570 1751.6
1293580 1751.6
1293590 1745.6
1293600 1747.1
1293610 1747.1
1293620 1746.9
1293630 1740.5
1293640 1740.5
1293650 1734.4
1293660 1728.5
1293670 1728.5
1293680 1720.0
1293690 1711.3
1293700 1711.3
1293710 1706.3
1293720 1703.4
1293730 1703.4
1293740 1699.2
1293750 1696.4
1293760 1696.4
1293770 1693.1
1293780 1688.8
1293790 1688.8
1293800 1685.3
1293810 1675.9
1293820 1672.6
1293830 1672.6
1293840 1669.5
1293850 1665.8
1293860 1665.8
1293870 1661.8
1293880 1657.5
1293890 1657.5
1293900 1653.4
1293910 1651.3
1293920 1651.3
1293930 1649.7
1293940 1646.6
1293950 1646.6
1293960 1642.4
1293970 1639.2
1293980 1639.2
1293990 1635.4
1294000 1631.5
1294010 1631.5
1294020 1628.3
1294030 1624.2
1294040 1624.2
1294050 1620.8
1294060 1617.6
1294070 1617.6
1294080 1613.6
1294090 1609.1
1294100 1605.0
1294110 1605.0
1294120 1601.0
1294130 1597.2
1294140 1597.2
1294150 1593.6
1294160 1591.5
1294170 1591.5
1294180 1590.5
1294190 1589.8
1294200 1589.8
1294210 1588.6
1294220 1587.6
1294230 1587.6
1294240 1585.5
1294250 1583.7
1294260 1583.7
1294270 1582.7
1294280 1582.8
1294290 1582.8
1294300 1583.5
1294310 1584.4
1294320 1584.4
1294330 1584.7
1294340 1584.2
1294350 1584.2
1294360 1583.8
1294370 1583.4
1294380 1583.4
1294390 1582.5
1294400 1580.6
1294410 1578.8
1294420 1578.8
1294430 1577.3
1294440 1574.5
1294450 1574.5
1294460 1570.2
1294470 1565.8
1294480 1561.4
1294490 1557.0
1294500 1552.8
1294510 1552.8
1294520 1549.0
1294530 1545.2
1294540 1545.2
1294550 1540.9
1294560 1536.4
1294570 1536.4
1294580 1531.5
1294590 1526.5
1294600 1526.5
1294610 1521.5
1294620 1518.1
1294630 1518.1
1294640 1518.1
1294650 1519.2
1294660 1519.2
1294670 1519.6
1294680 1519.0
1294690 1518.5
1294700 1518.5
1294710 1518.0
1294720 1517.7
1294730 1517.7
1294740 1515.8
1294750 1514.1
1294760 1514.1
1294770 1513.2
1294780 1512.7
1294790 1512.7
1294800 1512.2
1294810 1511.0
1294820 1511.0
1294830 1508.5
1294840 1506.3
1294850 1506.3
1294860 1503.8
1294870 1501.3
1294880 1501.3
1294890 1499.2
1294900 1497.2
1294910 1497.2
1294920 1494.4
1294930 1492.3
1294940 1492.3
1294950 1491.1
1294960 1489.1
1294970 1487.4
1294980 1487.4
1294990 1485.6
1295000 1484.3
1295010 1484.3
1295020 1482.7
1295030 1480.7
1295040 1480.7
1295050 1478.5
1295060 1476.7
1295070 1476.7
1295080 1474.7
1295090 1472.2
1295100 1472.2
1295110 1470.2
1295120 1468.2
1295130 1468.2
1295140 1466.1
1295150 1462.8
1295160 1462.8
1295170 1460.5
1295180 1458.4
1295190 1458.4
1295200 1456.2
1295210 1453.9
1295220 1453.9
1295230 1451.6
1295240 1449.3
1295250 1449.3
1295260 1447.5
1295270 1445.6
1295280 1445.2
1295290 1445.2
1295300 1444.2
1295310 1442.2
1295320 1442.2
1295330 1441.3
1295340 1440.4
1295350 1440.4
1295360 1440.2
1295370 1438.9
1295380 1438.9
1295390 1438.4
1295400 1438.6
1295410 1438.6
1295420 1438.5
1295430 1438.1
1295440 1438.1
1295450 1436.8
1295460 1435.7
1295470 1435.7
1295480 1435.0
1295490 1434.4
1295500 1434.4
1295510 1433.4
1295520 1432.7
1295530 1432.7
1295540 1432.6
1295550 1434.3
1295560 1437.2
1295570 1437.2
1295580 1440.0
1295590 1442.8
1295600 1442.8
1295610 1445.8
1295620 1449.1
1295630 1449.1
1295640 1451.4
1295650 1454.9
1295660 1454.9
1295670 1456.5
1295680 1459.2
1295690 1459.2
1295700 1463.1
1295710 1465.7
1295720 1465.7
1295730 1467.8
1295740 1470.7
1295750 1470.7
1295760 1472.2
1295770 1474.8
1295780 1474.8
1295790 1478.4
1295800 1481.6
1295810 1481.6
1295820 1485.1
1295830 1491.8
1295840 1491.8
1295850 1494.5
1295860 1496.6
1295870 1498.5
1295880 1498.5
1295890 1499.3
1295900 1499.2
1295910 1499.2
1295920 1500.0
1295930 1500.1
1295940 1500.1
1295950 1500.6
1295960 1500.9
1295970 1500.9
1295980 1500.6
1295990 1499.2
1296000 1499.2
1296010 1498.5
1296020 1496.7
1296030 1496.7
1296040 1493.9
1296050 1492.7
1296060 1492.7
1296070 1494.0
1296080 1496.1
1296090 1496.1
1296100 1496.8
1296110 1495.9
1296120 1495.9
1296130 1499.6
1296140 1505.9
1296150 1509.8
1296160 1509.8
1296170 1513.1
1296180 1516.5
1296190 1516.5
1296200 1519.1
1296210 1522.9
1296220 1522.9
1296230 1527.5
1296240 1531.5
1296250 1531.5
1296260 1536.1
1296270 1540.3
1296280 1540.3
1296290 1545.0
1296300 1549.0
1296310 1549.0
1296320 1552.9
1296330 1556.4
1296340 1556.4
1296350 1559.3
1296360 1562.7
1296370 1562.7
1296380 1567.8
1296390 1574.7
1296400 1574.7
1296410 1581.7
1296420 1587.7
1296430 1587.7
1296440 1594.9
1296450 1603.7
1296460 1610.8
1296470 1610.8
1296480 1619.6
1296490 1629.2
1296500 1629.2
1296510 1630.3
1296520 1638.0
1296530 1638.0
1296540 1645.8
1296550 1654.3
1296560 1654.3
1296570 1657.0
1296580 1654.2
1296590 1654.2
1296600 1650.4
1296610 1645.1
1296620 1645.1
1296630 1638.7
1296640 1631.6
1296650 1631.6
1296660 1628.6
1296670 1636.4
1296680 1636.4
1296690 1643.8
1296700 1651.3
1296710 1651.3
1296720 1657.9
1296730 1658.0
1296740 1654.3
1296750 1654.3
1296760 1651.0
1296770 1646.2
1296780 1646.2
1296790 1637.5
1296800 1635.0
1296810 1635.0
1296820 1636.5
1296830 1637.5
1296840 1637.5
1296850 1632.9
1296860 1624.2
1296870 1624.2
1296880 1627.0
1296890 1628.4
1296900 1628.4
1296910 1625.7
1296920 1624.7
1296930 1624.7
1296940 1623.6
1296950 1624.6
1296960 1624.6
1296970 1626.4
1296980 1625.9
1296990 1625.9
1297000 1625.3
1297010 1623.2
1297020 1623.2
1297030 1622.1
1297040 1609.9
1297050 1592.8
1297060 1592.8
1297070 1587.7
1297080 1583.8
1297090 1583.8
1297100 1580.7
1297110 1573.5
1297120 1573.5
1297130 1562.1
1297140 1555.1
1297150 1555.1
1297160 1549.6
1297170 1543.9
1297180 1554.9
1297190 1550.8
1297200 1545.6
1297210 1545.6
1297220 1536.8
1297230 1523.7
1297240 1523.7
1297250 1506.9
1297260 1493.2
1297270 1493.2
1297280 1483.7
1297290 1475.4
1297300 1475.4
1297310 1466.2
1297320 1457.3
1297330 1447.5
1297340 1447.5
1297350 1437.1
1297360 1426.2
1297370 1426.2
1297380 1415.0
1297390 1404.4
1297400 1404.4
1297410 1396.8
1297420 1391.1
1297430 1391.1
1297440 1384.0
1297450 1376.1
1297460 1376.1
1297470 1368.5
1297480 1362.7
1297490 1362.7
1297500 1356.8
1297510 1350.1
1297520 1350.1
1297530 1343.5
1297540 1336.4
1297550 1336.4
1297560 1330.1
1297570 1324.6
1297580 1324.6
1297590 1319.8
1297600 1315.3
1297610 1310.0
1297620 1310.0
1297630 1304.6
1297640 1299.2
1297650 1299.2
1297660 1293.3
1297670 1287.5
1297680 1287.5
1297690 1282.8
1297700 1278.8
1297710 1278.8
1297720 1275.1
1297730 1273.4
1297740 1273.4
1297750 1274.5
1297760 1274.5
1297770 1274.5
1297780 1273.9
1297790 1273.6
1297800 1273.6
1297810 1273.8
1297820 1274.1
1297830 1274.1
1297840 1274.2
1297850 1274.0
1297860 1274.0
1297870 1275.3
1297880 1274.9
1297890 1274.9
1297900 1274.3
1297910 1272.3
1297920 1269.4
1297930 1269.4
1297940 1267.1
1297950 1265.6
1297960 1265.6
1297970 1263.5
1297980 1261.1
1297990 1261.1
1298000 1259.5
1298010 1258.7
1298020 1258.7
1298030 1257.0
1298040 1254.8
1298050 1254.8
1298060 1252.5
1298070 1250.2
1298080 1250.2
1298090 1248.1
1298100 1246.1
1298110 1246.1
1298120 1244.0
1298130 1242.2
1298140 1242.2
1298150 1240.2
1298160 1237.8
1298170 1237.8
1298180 1236.0
1298190 1234.0
1298200 1231.8
1298210 1231.8
1298220 1230.4
1298230 1227.8
1298240 1227.8
1298250 1225.3
1298260 1223.1
1298270 1223.1
1298280 1220.8
1298290 1218.4
1298300 1218.4
1298310 1216.1
1298320 1213.9
1298330 1213.9
1298340 1211.5
1298350 1209.2
1298360 1209.2
1298370 1207.2
1298380 1205.1
1298390 1205.1
1298400 1203.0
1298410 1201.2
1298420 1201.2
1298430 1199.4
1298440 1197.4
1298450 1197.4
1298460 1195.6
1298470 1193.9
1298480 1193.9
1298490 1192.1
1298500 1190.3
1298510 1188.5
1298520 1188.5
1298530 1186.8
1298540 1185.1
1298550 1185.8
1298560 1183.9
1298570 1182.3
1298580 1182.3
1298590 1180.5
1298600 1178.7
1298610 1178.7
1298620 1177.2
1298630 1175.4
1298640 1175.4
1298650 1173.3
1298660 1171.5
1298670 1171.5
1298680 1170.0
1298690 1169.3
1298700 1169.3
1298710 1169.7
1298720 1169.5
1298730 1169.5
1298740 1166.9
1298750 1161.8
1298760 1161.8
1298770 1155.8
1298780 1149.9
1298790 1144.6
1298800 1144.6
1298810 1140.1
1298820 1136.1
1298830 1136.1
1298840 1132.6
1298850 1128.6
1298860 1128.6
1298870 1123.9
1298880 1119.5
1298890 1119.5
1298900 1118.9
1298910 1117.9
1298920 1117.9
1298930 1113.3
1298940 1109.4
1298950 1109.4
1298960 1106.0
1298970 1102.9
1298980 1102.9
1298990 1100.9
1299000 1099.3
1299010 1099.3
1299020 1094.6
1299030 1089.9
1299040 1089.9
1299050 1086.2
1299060 1081.8
1299070 1081.8
1299080 1078.1
1299090 1073.6
1299100 1065.6
1299110 1065.6
1299120 1058.1
1299130 1052.1
1299140 1052.1
1299150 1046.3
1299160 1042.2
1299170 1042.2
1299180 1038.8
1299190 1036.5
1299200 1036.5
1299210 1034.2
1299220 1030.9
1299230 1030.9
1299240 1027.6
1299250 1023.6
1299260 1023.6
1299270 1020.4
1299280 1017.7
1299290 1017.7
1299300 1015.8
1299310 1013.1
1299320 1013.1
1299330 1009.6
1299340 1006.8
1299350 1006.8
1299360 1004.3
1299370 1002.2
1299380 1000.6
1299390 1000.6
1299400 998.5
1299410 995.7
1299420 995.7
1299430 992.3
1299440 988.9
1299450 988.9
1299460 986.4
1299470 983.5
1299480 983.5
1299490 980.9
1299500 980.6
1299510 980.6
1299520 985.7
1299530 989.0
1299540 989.0
1299550 990.6
1299560 987.1
1299570 987.1
1299580 980.2
1299590 972.6
1299600 972.6
1299610 965.0
1299620 959.7
1299630 959.7
1299640 949.7
1299650 946.0
1299660 946.0
1299670 945.4
1299680 948.0
1299690 951.3
1299700 951.3
1299710 947.7
1299720 943.3
1299730 943.3
1299740 940.1
1299750 938.1
1299760 938.1
1299770 935.9
1299780 933.4
1299790 933.4
1299800 931.1
1299810 929.1
1299820 929.1
1299830 927.4
1299840 934.8
1299850 934.8
1299860 941.0
1299870 943.1
1299880 943.1
1299890 942.0
1299900 937.0
1299910 937.0
1299920 930.0
1299930 915.6
1299940 915.6
1299950 915.3
1299960 912.8
1299970 910.2
1299980 910.2
1299990 911.6
