1280000 1963.8
1280010 1963.8
1280020 1978.8
1280030 1989.6
1280040 1989.6
1280050 1998.3
1280060 2001.5
1280070 2001.9
1280080 2001.9
1280090 2002.3
1280100 2003.8
1280110 2003.8
1280120 2023.3
1280130 2025.9
1280140 2025.9
1280150 2025.9
1280160 2026.2
1280170 2026.2
1280180 2027.1
1280190 2027.8
1280200 2027.8
1280210 2027.8
1280220 2028.7
1280230 2028.7
1280240 2037.5
1280250 2040.1
1280260 2040.1
1280270 2027.2
1280280 2022.6
1280290 2022.6
1280300 2017.8
1280310 2014.5
1280320 2014.5
1280330 2012.1
1280340 2009.5
1280350 2009.5
1280360 2009.6
1280370 2011.1
1280380 2012.2
1280390 2012.2
1280400 2011.7
1280410 2010.4
1280420 2010.4
1280430 2009.6
1280440 2010.5
1280450 2010.5
1280460 2012.4
1280470 2014.2
1280480 2014.2
1280490 2017.1
1280500 2022.8
1280510 2022.8
1280520 2028.7
1280530 2033.9
1280540 2033.9
1280550 2038.6
1280560 2045.9
1280570 2045.9
1280580 2053.0
1280590 2055.9
1280600 2055.9
1280610 2058.3
1280620 2060.7
1280630 2060.7
1280640 2061.7
1280650 2061.5
1280660 2061.5
1280670 2061.5
1280680 2062.7
1280690 2063.7
1280700 2063.7
1280710 2065.9
1280720 2069.2
1280730 2069.2
1280740 2073.0
1280750 2076.9
1280760 2072.6
1280770 2074.0
1280780 2074.7
1280790 2074.7
1280800 2075.6
1280810 2078.4
1280820 2078.4
1280830 2083.1
1280840 2088.1
1280850 2088.1
1280860 2092.5
1280870 2097.1
1280880 2097.1
1280890 2101.5
1280900 2109.1
1280910 2109.1
1280920 2116.5
1280930 2125.7
1280940 2125.7
1280950 2135.4
1280960 2140.8
1280970 2143.5
1280980 2143.5
1280990 2147.0
1281000 2150.3
1281010 2150.3
1281020 2152.9
1281030 2155.7
1281040 2155.7
1281050 2158.4
1281060 2160.5
1281070 2160.5
1281080 2161.1
1281090 2158.9
1281100 2158.9
1281110 2156.2
1281120 2149.6
1281130 2149.6
1281140 2143.4
1281150 2138.7
1281160 2138.7
1281170 2135.8
1281180 2135.0
1281190 2135.0
1281200 2135.1
1281210 2136.6
1281220 2136.6
1281230 2139.3
1281240 2143.3
1281250 2147.4
1281260 2147.4
1281270 2151.1
1281280 2156.0
1281290 2156.0
1281300 2162.4
1281310 2168.3
1281320 2168.3
1281330 2173.8
1281340 2175.4
1281350 2175.4
1281360 2181.3
1281370 2188.2
1281380 2182.9
1281390 2187.6
1281400 2196.7
1281410 2196.7
1281420 2205.9
1281430 2209.2
1281440 2209.2
1281450 2211.2
1281460 2214.0
1281470 2214.0
1281480 2217.6
1281490 2221.8
1281500 2221.8
1281510 2228.2
1281520 2239.0
1281530 2239.0
1281540 2245.6
1281550 2250.0
1281560 2255.6
1281570 2255.6
1281580 2260.8
1281590 2265.9
1281600 2265.9
1281610 2272.3
1281620 2279.0
1281630 2279.0
1281640 2285.0
1281650 2291.6
1281660 2291.6
1281670 2296.7
1281680 2298.7
1281690 2298.7
1281700 2301.0
1281710 2306.6
1281720 2306.6
1281730 2312.9
1281740 2319.2
1281750 2319.2
1281760 2324.1
1281770 2327.0
1281780 2327.0
1281790 2329.4
1281800 2332.2
1281810 2332.2
1281820 2335.1
1281830 2337.4
1281840 2339.9
1281850 2339.9
1281860 2342.5
1281870 2344.7
1281880 2344.7
1281890 2347.0
1281900 2350.6
1281910 2350.6
1281920 2353.2
1281930 2356.0
1281940 2356.0
1281950 2358.7
1281960 2361.7
1281970 2361.7
1281980 2365.1
1281990 2368.0
1282000 2368.0
1282010 2370.6
1282020 2374.0
1282030 2374.0
1282040 2379.3
1282050 2385.3
1282060 2385.3
1282070 2391.8
1282080 2398.5
1282090 2398.5
1282100 2405.6
1282110 2412.5
1282120 2419.1
1282130 2419.1
1282140 2425.7
1282150 2432.3
1282160 2432.3
1282170 2438.7
1282180 2445.8
1282190 2445.8
1282200 2453.4
1282210 2456.7
1282220 2456.7
1282230 2462.3
1282240 2468.9
1282250 2468.9
1282260 2476.1
1282270 2482.4
1282280 2482.4
1282290 2490.3
1282300 2496.9
1282310 2496.9
1282320 2503.3
1282330 2508.8
1282340 2508.8
1282350 2513.2
1282360 2518.4
1282370 2518.4
1282380 2524.1
1282390 2526.6
1282400 2526.6
1282410 2528.8
1282420 2530.9
1282430 2541.7
1282440 2541.7
1282450 2549.1
1282460 2545.1
1282470 2545.1
1282480 2538.0
1282490 2532.3
1282500 2532.3
1282510 2522.8
1282520 2504.9
1282530 2504.9
1282540 2489.9
1282550 2474.2
1282560 2474.2
1282570 2457.5
1282580 2442.3
1282590 2442.3
1282600 2423.4
1282610 2409.3
1282620 2409.3
1282630 2400.0
1282640 2389.4
1282650 2389.4
1282660 2384.4
1282670 2379.1
1282680 2379.1
1282690 2374.7
1282700 2369.9
1282710 2366.0
1282720 2366.0
1282730 2362.3
1282740 2358.3
1282750 2358.3
1282760 2354.2
1282770 2350.0
1282780 2350.0
1282790 2345.6
1282800 2341.4
1282810 2341.4
1282820 2337.4
1282830 2333.3
1282840 2333.3
1282850 2329.3
1282860 2325.4
1282870 2325.4
1282880 2321.7
1282890 2318.2
1282900 2318.2
1282910 2314.6
1282920 2310.7
1282930 2310.7
1282940 2306.6
1282950 2302.8
1282960 2302.8
1282970 2299.5
1282980 2296.8
1282990 2296.8
1283000 2295.0
1283010 2293.2
1283020 2291.0
1283030 2291.0
1283040 2289.1
1283050 2287.0
1283060 2287.0
1283070 2283.9
1283080 2277.9
1283090 2277.9
1283100 2269.4
1283110 2262.9
1283120 2262.9
1283130 2259.1
1283140 2256.8
1283150 2256.8
1283160 2253.8
1283170 2250.3
1283180 2250.3
1283190 2247.1
1283200 2244.1
1283210 2244.1
1283220 2241.0
1283230 2238.9
1283240 2238.9
1283250 2236.5
1283260 2235.1
1283270 2235.1
1283280 2229.3
1283290 2228.6
1283300 2227.4
1283310 2227.4
1283320 2227.4
1283330 2230.3
1283340 2230.3
1283350 2231.7
1283360 2233.5
1283370 2233.5
1283380 2236.9
1283390 2240.1
1283400 2240.1
1283410 2243.0
1283420 2244.9
1283430 2244.9
1283440 2245.7
1283450 2245.1
1283460 2245.1
1283470 2243.8
1283480 2238.5
1283490 2238.5
1283500 2230.1
1283510 2227.1
1283520 2227.1
1283530 2225.2
1283540 2219.5
1283550 2219.5
1283560 2212.0
1283570 2205.6
1283580 2205.6
1283590 2199.2
1283600 2192.1
1283610 2186.7
1283620 2186.7
1283630 2181.6
1283640 2177.6
1283650 2177.6
1283660 2176.0
1283670 2175.3
1283680 2175.3
1283690 2174.9
1283700 2174.8
1283710 2174.8
1283720 2176.0
1283730 2179.2
1283740 2179.2
1283750 2183.2
1283760 2188.8
1283770 2188.8
1283780 2195.9
1283790 2202.6
1283800 2202.6
1283810 2209.1
1283820 2215.7
1283830 2215.7
1283840 2222.6
1283850 2229.6
1283860 2229.6
1283870 2236.1
1283880 2242.5
1283890 2248.7
1283900 2248.7
1283910 2253.7
1283920 2264.8
1283930 2264.8
1283940 2274.3
1283950 2282.7
1283960 2282.7
1283970 2290.0
1283980 2297.0
1283990 2297.0
1284000 2304.0
1284010 2311.0
1284020 2311.0
1284030 2318.2
1284040 2325.3
1284050 2325.3
1284060 2332.4
1284070 2342.2
1284080 2342.2
1284090 2360.0
1284100 2370.9
1284110 2370.9
1284120 2377.9
1284130 2386.4
1284140 2386.4
1284150 2396.8
1284160 2407.7
1284170 2407.7
1284180 2420.5
1284190 2432.6
1284200 2444.9
1284210 2444.9
1284220 2456.6
1284230 2467.0
1284240 2467.0
1284250 2476.9
1284260 2486.8
1284270 2486.8
1284280 2485.5
1284290 2476.1
1284300 2476.1
1284310 2466.6
1284320 2458.5
1284330 2458.5
1284340 2450.4
1284350 2441.6
1284360 2441.6
1284370 2432.3
1284380 2420.9
1284390 2420.9
1284400 2408.8
1284410 2398.5
1284420 2398.5
1284430 2388.7
1284440 2377.8
1284450 2377.8
1284460 2367.8
1284470 2360.5
1284480 2351.2
1284490 2351.2
1284500 2333.8
1284510 2324.8
1284520 2324.8
1284530 2320.7
1284540 2318.3
1284550 2311.1
1284560 2306.6
1284570 2302.9
1284580 2302.9
1284590 2299.1
1284600 2295.6
1284610 2295.6
1284620 2292.9
1284630 2290.3
1284640 2290.3
1284650 2286.7
1284660 2283.0
1284670 2283.0
1284680 2279.9
1284690 2278.2
1284700 2278.2
1284710 2276.9
1284720 2275.2
1284730 2275.2
1284740 2273.6
1284750 2272.4
1284760 2272.4
1284770 2271.8
1284780 2270.4
1284790 2270.9
1284800 2270.9
1284810 2270.6
1284820 2271.4
1284830 2271.4
1284840 2273.5
1284850 2273.0
1284860 2273.0
1284870 2271.9
1284880 2268.4
1284890 2268.4
1284900 2263.2
1284910 2258.1
1284920 2258.1
1284930 2252.4
1284940 2247.9
1284950 2247.9
1284960 2241.3
1284970 2234.8
1284980 2234.8
1284990 2229.9
1285000 2225.6
1285010 2225.6
1285020 2218.1
1285030 2213.1
1285040 2213.1
1285050 2210.6
1285060 2208.0
1285070 2206.0
1285080 2206.0
1285090 2203.7
1285100 2201.1
1285110 2201.1
1285120 2198.5
1285130 2196.6
1285140 2196.6
1285150 2195.0
1285160 2194.4
1285170 2194.4
1285180 2193.9
1285190 2187.7
1285200 2187.7
1285210 2187.4
1285220 2187.0
1285230 2187.0
1285240 2186.5
1285250 2185.8
1285260 2185.8
1285270 2185.3
1285280 2183.9
1285290 2183.9
1285300 2182.3
1285310 2181.4
1285320 2181.4
1285330 2181.1
1285340 2181.1
1285350 2181.1
1285360 2181.3
1285370 2183.2
1285380 2185.1
1285390 2185.1
1285400 2186.1
1285410 2187.4
1285420 2187.4
1285430 2187.9
1285440 2186.8
1285450 2186.8
1285460 2185.5
1285470 2185.5
1285480 2185.5
1285490 2187.0
1285500 2188.1
1285510 2188.1
1285520 2187.5
1285530 2187.7
1285540 2187.7
1285550 2189.0
1285560 2189.2
1285570 2189.2
1285580 2188.3
1285590 2187.9
1285600 2187.9
1285610 2188.9
1285620 2190.6
1285630 2190.6
1285640 2192.7
1285650 2194.5
1285660 2196.7
1285670 2196.7
1285680 2198.8
1285690 2201.2
1285700 2201.2
1285710 2203.8
1285720 2207.2
1285730 2207.2
1285740 2211.5
1285750 2216.9
1285760 2216.9
1285770 2222.7
1285780 2228.6
1285790 2228.6
1285800 2234.2
1285810 2242.3
1285820 2242.3
1285830 2252.0
1285840 2269.9
1285850 2269.9
1285860 2289.6
1285870 2308.9
1285880 2308.9
1285890 2333.6
1285900 2345.4
1285910 2345.4
1285920 2347.2
1285930 2352.3
1285940 2352.3
1285950 2361.1
1285960 2365.0
1285970 2374.2
1285980 2374.2
1285990 2381.2
1286000 2384.8
1286010 2384.8
1286020 2389.0
1286030 2393.8
1286040 2393.8
1286050 2398.5
1286060 2403.5
1286070 2403.5
1286080 2409.0
1286090 2413.7
1286100 2413.7
1286110 2415.1
1286120 2415.5
1286130 2415.5
1286140 2416.4
1286150 2416.2
1286160 2416.2
1286170 2417.8
1286180 2421.0
1286190 2421.0
1286200 2424.3
1286210 2428.6
1286220 2428.6
1286230 2433.3
1286240 2438.2
1286250 2444.1
1286260 2444.1
1286270 2449.0
1286280 2450.7
1286290 2450.7
1286300 2452.1
1286310 2453.0
1286320 2453.0
1286330 2454.0
1286340 2455.0
1286350 2455.0
1286360 2455.8
1286370 2456.3
1286380 2456.3
1286390 2456.8
1286400 2458.0
1286410 2458.0
1286420 2462.1
1286430 2468.0
1286440 2468.0
1286450 2473.5
1286460 2479.2
1286470 2474.8
1286480 2484.5
1286490 2503.4
1286500 2503.4
1286510 2532.1
1286520 2553.0
1286530 2553.0
1286540 2556.8
1286550 2564.9
1286560 2573.1
1286570 2573.1
1286580 2581.5
1286590 2590.2
1286600 2590.2
1286610 2590.7
1286620 2589.3
1286630 2589.3
1286640 2585.6
1286650 2592.6
1286660 2592.6
1286670 2599.0
1286680 2602.0
1286690 2602.0
1286700 2603.4
1286710 2605.0
1286720 2605.0
1286730 2598.6
1286740 2588.0
1286750 2588.0
1286760 2577.3
1286770 2564.8
1286780 2564.8
1286790 2553.3
1286800 2541.2
1286810 2541.2
1286820 2530.6
1286830 2523.6
1286840 2516.5
1286850 2516.5
1286860 2507.2
1286870 2484.2
1286880 2484.2
1286890 2469.0
1286900 2454.7
1286910 2454.7
1286920 2442.1
1286930 2429.1
1286940 2429.1
1286950 2415.3
1286960 2399.1
1286970 2399.1
1286980 2379.7
1286990 2363.3
1287000 2363.3
1287010 2351.0
1287020 2335.1
1287030 2335.1
1287040 2327.0
1287050 2319.0
1287060 2319.0
1287070 2305.9
1287080 2282.9
1287090 2282.9
1287100 2274.7
1287110 2268.0
1287120 2266.1
1287130 2266.1
1287140 2260.0
1287150 2254.9
1287160 2254.9
1287170 2249.7
1287180 2244.6
1287190 2244.6
1287200 2240.3
1287210 2237.1
1287220 2237.1
1287230 2236.6
1287240 2236.1
1287250 2236.1
1287260 2238.6
1287270 2242.2
1287280 2242.2
1287290 2242.7
1287300 2242.9
1287310 2242.9
1287320 2244.2
1287330 2239.1
1287340 2239.1
1287350 2232.4
1287360 2225.3
1287370 2225.3
1287380 2220.7
1287390 2221.2
1287400 2221.2
1287410 2219.6
1287420 2217.3
1287430 2215.2
1287440 2215.2
1287450 2213.0
1287460 2210.1
1287470 2210.1
1287480 2207.0
1287490 2203.6
1287500 2203.6
1287510 2203.7
1287520 2204.4
1287530 2204.4
1287540 2202.6
1287550 2200.6
1287560 2200.6
1287570 2199.1
1287580 2195.4
1287590 2195.4
1287600 2194.1
1287610 2196.7
1287620 2196.7
1287630 2197.6
1287640 2196.6
1287650 2196.6
1287660 2195.0
1287670 2193.7
1287680 2193.7
1287690 2194.5
1287700 2196.5
1287710 2198.6
1287720 2198.6
1287730 2200.0
1287740 2201.1
1287750 2201.1
1287760 2215.9
1287770 2227.9
1287780 2227.9
1287790 2236.6
1287800 2245.2
1287810 2245.2
1287820 2253.5
1287830 2261.6
1287840 2261.6
1287850 2271.1
1287860 2283.9
1287870 2283.9
1287880 2297.9
1287890 2306.8
1287900 2306.8
1287910 2316.4
1287920 2313.1
1287930 2313.1
1287940 2310.0
1287950 2314.1
1287960 2314.1
1287970 2322.2
1287980 2317.9
1287990 2317.9
1288000 2295.8
1288010 2270.0
1288020 2255.6
1288030 2255.6
1288040 2241.0
1288050 2233.3
1288060 2233.3
1288070 2228.7
1288080 2224.7
1288090 2224.7
1288100 2220.6
1288110 2216.2
1288120 2216.2
1288130 2211.4
1288140 2206.7
1288150 2206.7
1288160 2201.9
1288170 2197.3
1288180 2197.3
1288190 2192.8
1288200 2188.1
1288210 2188.1
1288220 2183.0
1288230 2178.3
1288240 2178.3
1288250 2174.2
1288260 2171.0
1288270 2171.0
1288280 2169.0
1288290 2169.0
1288300 2169.2
1288310 2169.2
1288320 2170.1
1288330 2171.7
1288340 2171.7
1288350 2173.7
1288360 2175.7
1288370 2175.7
1288380 2177.7
1288390 2180.1
1288400 2180.1
1288410 2189.3
1288420 2193.8
1288430 2193.8
1288440 2199.3
1288450 2203.8
1288460 2203.8
1288470 2207.3
1288480 2213.9
1288490 2213.9
1288500 2231.6
1288510 2246.5
1288520 2246.5
1288530 2259.1
1288540 2271.9
1288550 2271.9
1288560 2292.8
1288570 2309.7
1288580 2309.7
1288590 2320.7
1288600 2336.5
1288610 2355.0
1288620 2355.0
1288630 2364.5
1288640 2372.6
1288650 2372.6
1288660 2380.2
1288670 2390.7
1288680 2390.7
1288690 2404.6
1288700 2420.2
1288710 2420.2
1288720 2419.5
1288730 2400.7
1288740 2400.7
1288750 2382.4
1288760 2360.1
1288770 2360.1
1288780 2336.1
1288790 2299.6
1288800 2299.6
1288810 2273.7
1288820 2250.6
1288830 2250.6
1288840 2239.9
1288850 2233.8
1288860 2233.8
1288870 2228.2
1288880 2222.7
1288890 2217.3
1288900 2217.3
1288910 2211.6
1288920 2206.2
1288930 2206.2
1288940 2201.7
1288950 2197.9
1288960 2197.9
1288970 2194.0
1288980 2190.7
1288990 2190.7
1289000 2188.3
1289010 2186.5
1289020 2186.5
1289030 2187.2
1289040 2188.6
1289050 2188.6
1289060 2187.1
1289070 2189.6
1289080 2189.6
1289090 2193.9
1289100 2193.1
1289110 2193.1
1289120 2190.0
1289130 2187.3
1289140 2187.3
1289150 2185.1
1289160 2183.0
1289170 2183.0
1289180 2180.3
1289190 2180.2
1289200 2181.1
1289210 2181.1
1289220 2182.0
1289230 2181.2
1289240 2181.2
1289250 2180.8
1289260 2182.6
1289270 2182.6
1289280 2185.5
1289290 2183.2
1289300 2183.2
1289310 2177.8
1289320 2172.6
1289330 2172.6
1289340 2168.0
1289350 2164.4
1289360 2164.4
1289370 2162.3
1289380 2159.2
1289390 2159.2
1289400 2156.4
1289410 2154.1
1289420 2154.1
1289430 2151.0
1289440 2148.1
1289450 2148.1
1289460 2146.5
1289470 2146.3
1289480 2145.9
1289490 2145.9
1289500 2145.0
1289510 2144.8
1289520 2144.8
1289530 2142.9
1289540 2142.0
1289550 2142.0
1289560 2143.3
1289570 2144.5
1289580 2144.5
1289590 2144.7
1289600 2145.5
1289610 2145.5
1289620 2147.4
1289630 2148.6
1289640 2148.6
1289650 2146.2
1289660 2142.8
1289670 2142.8
1289680 2140.0
1289690 2139.3
1289700 2139.3
1289710 2141.6
1289720 2142.5
1289730 2142.5
1289740 2146.2
1289750 2149.1
1289760 2149.1
1289770 2150.2
1289780 2155.0
1289790 2161.2
1289800 2161.2
1289810 2167.1
1289820 2172.7
1289830 2172.7
1289840 2185.7
1289850 2210.3
1289860 2210.3
1289870 2233.5
1289880 2244.5
1289890 2244.5
1289900 2271.8
1289910 2276.4
1289920 2276.4
1289930 2262.5
1289940 2267.9
1289950 2267.9
1289960 2282.1
1289970 2282.9
1289980 2282.9
1289990 2283.2
1290000 2286.3
1290010 2286.3
1290020 2291.8
1290030 2297.6
1290040 2297.6
1290050 2300.0
1290060 2308.7
1290070 2319.1
1290080 2319.1
1290090 2337.6
1290100 2359.0
1290110 2359.0
1290120 2375.7
1290130 2387.0
1290140 2387.0
1290150 2383.8
1290160 2371.3
1290170 2371.3
1290180 2350.5
1290190 2328.9
1290200 2328.9
1290210 2313.7
1290220 2294.5
1290230 2294.5
1290240 2271.5
1290250 2248.1
1290260 2248.1
1290270 2241.4
1290280 2235.1
1290290 2235.1
1290300 2228.6
1290310 2222.7
1290320 2222.7
1290330 2217.7
1290340 2213.1
1290350 2213.1
1290360 2207.5
1290370 2207.0
1290380 2203.7
1290390 2203.7
1290400 2196.8
1290410 2185.9
1290420 2185.9
1290430 2178.2
1290440 2171.2
1290450 2171.2
1290460 2163.2
1290470 2155.1
1290480 2155.1
1290490 2144.8
1290500 2135.5
1290510 2135.5
1290520 2130.6
1290530 2125.8
1290540 2125.8
1290550 2120.7
1290560 2116.6
1290570 2116.6
1290580 2114.2
1290590 2112.0
1290600 2112.0
1290610 2109.3
1290620 2107.2
1290630 2107.2
1290640 2104.2
1290650 2101.0
1290660 2099.6
1290670 2099.6
1290680 2096.9
1290690 2094.0
1290700 2094.0
1290710 2093.4
1290720 2093.3
1290730 2093.3
1290740 2093.8
1290750 2096.4
1290760 2096.4
1290770 2099.4
1290780 2099.9
1290790 2099.9
1290800 2100.2
1290810 2101.1
1290820 2101.1
1290830 2101.3
1290840 2101.7
1290850 2101.7
1290860 2101.3
1290870 2099.6
1290880 2099.6
1290890 2096.5
1290900 2096.3
1290910 2096.3
1290920 2099.8
1290930 2099.9
1290940 2100.7
1290950 2100.7
1290960 2100.5
1290970 2101.6
1290980 2101.6
1290990 2101.6
1291000 2101.9
1291010 2101.9
1291020 2105.2
1291030 2105.2
1291040 2105.2
1291050 2110.2
1291060 2114.6
1291070 2114.6
1291080 2119.2
1291090 2122.4
1291100 2122.4
1291110 2125.7
1291120 2130.2
1291130 2130.2
1291140 2135.1
1291150 2140.4
1291160 2140.4
1291170 2146.1
1291180 2152.5
1291190 2152.5
1291200 2163.8
1291210 2176.3
1291220 2176.3
1291230 2192.6
1291240 2210.7
1291250 2218.4
1291260 2218.4
1291270 2221.5
1291280 2204.8
1291290 2204.8
1291300 2184.9
1291310 2179.7
1291320 2179.7
1291330 2180.7
1291340 2186.1
1291350 2186.1
1291360 2186.0
1291370 2169.9
1291380 2169.9
1291390 2146.8
1291400 2123.8
1291410 2123.8
1291420 2125.8
1291430 2138.0
1291440 2138.0
1291450 2129.3
1291460 2091.0
1291470 2091.0
1291480 2068.1
1291490 2058.3
1291500 2058.3
1291510 2052.2
1291520 2045.6
1291530 2037.7
1291540 2037.7
1291550 2032.7
1291560 2027.7
1291570 2027.7
1291580 2020.1
1291590 2013.7
1291600 2013.7
1291610 2008.6
1291620 2003.3
1291630 2003.3
1291640 1997.7
1291650 1991.5
1291660 1991.5
1291670 1985.2
1291680 1979.5
1291690 1984.4
1291700 1979.8
1291710 1974.9
1291720 1974.9
1291730 1970.3
1291740 1966.7
1291750 1966.7
1291760 1962.9
1291770 1959.3
1291780 1959.3
1291790 1956.2
1291800 1953.0
1291810 1953.0
1291820 1949.6
1291830 1946.0
1291840 1942.6
1291850 1942.6
1291860 1939.6
1291870 1936.4
1291880 1936.4
1291890 1933.7
1291900 1931.2
1291910 1931.2
1291920 1928.5
1291930 1926.1
1291940 1926.1
1291950 1923.3
1291960 1920.2
1291970 1920.2
1291980 1917.3
1291990 1914.3
1292000 1914.3
1292010 1911.0
1292020 1907.7
1292030 1907.7
1292040 1905.6
1292050 1903.7
1292060 1903.7
1292070 1901.1
1292080 1898.1
1292090 1898.1
1292100 1895.1
1292110 1891.6
1292120 1887.5
1292130 1887.5
1292140 1884.3
1292150 1881.4
1292160 1881.4
1292170 1877.9
1292180 1874.2
1292190 1874.2
1292200 1870.8
1292210 1867.8
1292220 1867.8
1292230 1864.4
1292240 1860.9
1292250 1860.9
1292260 1857.8
1292270 1854.5
1292280 1854.5
1292290 1850.5
1292300 1846.3
1292310 1846.3
1292320 1842.0
1292330 1837.5
1292340 1837.5
1292350 1833.2
1292360 1832.0
1292370 1832.0
1292380 1827.5
1292390 1823.9
1292400 1823.9
1292410 1819.9
1292420 1816.4
1292430 1813.3
1292440 1813.3
1292450 1810.6
1292460 1809.0
1292470 1809.0
1292480 1807.6
1292490 1806.5
1292500 1806.5
1292510 1804.7
1292520 1802.3
1292530 1802.3
1292540 1799.2
1292550 1796.3
1292560 1796.3
1292570 1794.1
1292580 1792.6
1292590 1792.6
1292600 1791.4
1292610 1790.9
1292620 1790.9
1292630 1789.1
1292640 1788.1
1292650 1788.1
1292660 1788.5
1292670 1789.8
1292680 1789.8
1292690 1790.5
1292700 1790.8
1292710 1791.2
1292720 1791.2
1292730 1792.2
1292740 1792.1
1292750 1792.1
1292760 1794.7
1292770 1798.6
1292780 1798.6
1292790 1801.8
1292800 1804.8
1292810 1804.8
1292820 1807.8
1292830 1810.3
1292840 1810.3
1292850 1811.6
1292860 1812.5
1292870 1812.5
1292880 1815.8
1292890 1818.7
1292900 1818.7
1292910 1820.4
1292920 1821.4
1292930 1821.4
1292940 1823.7
1292950 1827.5
1292960 1827.5
1292970 1829.3
1292980 1829.7
1292990 1829.7
1293000 1829.7
1293010 1830.5
1293020 1830.7
1293030 1830.7
1293040 1833.6
1293050 1833.4
1293060 1833.4
1293070 1831.5
1293080 1831.4
1293090 1831.4
1293100 1835.4
1293110 1838.7
1293120 1838.7
1293130 1836.7
1293140 1835.5
1293150 1835.5
1293160 1836.4
1293170 1838.7
1293180 1838.7
1293190 1839.0
1293200 1837.6
1293210 1837.6
1293220 1840.3
1293230 1846.3
1293240 1846.3
1293250 1848.4
1293260 1852.7
1293270 1852.7
1293280 1853.8
1293290 1856.6
1293300 1857.9
1293310 1857.9
1293320 1860.3
1293330 1863.0
1293340 1863.0
1293350 1862.9
1293360 1864.6
1293370 1864.6
1293380 1865.4
1293390 1864.6
1293400 1864.6
1293410 1857.5
1293420 1857.8
1293430 1857.8
1293440 1867.5
1293450 1874.3
1293460 1874.3
1293470 1875.7
1293480 1874.4
1293490 1874.4
1293500 1873.3
1293510 1869.2
1293520 1869.2
1293530 1863.8
1293540 1862.7
1293550 1862.7
1293560 1865.2
1293570 1865.2
1293580 1865.2
1293590 1857.7
1293600 1846.1
1293610 1837.4
1293620 1837.4
1293630 1824.8
1293640 1808.2
1293650 1808.2
1293660 1795.0
1293670 1784.7
1293680 1784.7
1293690 1773.7
1293700 1768.8
1293710 1768.8
1293720 1762.7
1293730 1757.1
1293740 1757.1
1293750 1754.3
1293760 1754.5
1293770 1754.5
1293780 1754.8
1293790 1747.1
1293800 1747.1
1293810 1736.1
1293820 1730.9
1293830 1730.9
1293840 1728.8
1293850 1725.7
1293860 1725.7
1293870 1721.3
1293880 1716.4
1293890 1711.3
1293900 1711.3
1293910 1706.3
1293920 1700.9
1293930 1700.9
1293940 1695.9
1293950 1692.1
1293960 1692.1
1293970 1689.2
1293980 1688.9
1293990 1688.9
1294000 1687.6
1294010 1684.6
1294020 1684.6
1294030 1681.6
1294040 1682.0
1294050 1682.0
1294060 1682.6
1294070 1678.6
1294080 1678.6
1294090 1677.7
1294100 1678.5
1294110 1678.5
1294120 1678.2
1294130 1675.5
1294140 1675.5
1294150 1670.5
1294160 1668.6
1294170 1668.6
1294180 1666.4
1294190 1661.8
1294200 1657.9
1294210 1657.9
1294220 1658.0
1294230 1658.8
1294240 1658.8
1294250 1658.6
1294260 1658.6
1294270 1658.6
1294280 1658.3
1294290 1658.1
1294300 1658.1
1294310 1657.6
1294320 1656.8
1294330 1656.8
1294340 1654.8
1294350 1652.2
1294360 1648.6
1294370 1646.0
1294380 1643.2
1294390 1643.2
1294400 1639.1
1294410 1633.3
1294420 1633.3
1294430 1625.7
1294440 1617.9
1294450 1617.9
1294460 1610.1
1294470 1603.1
1294480 1597.5
1294490 1597.5
1294500 1591.9
1294510 1584.6
1294520 1584.6
1294530 1576.5
1294540 1569.1
1294550 1569.1
1294560 1562.7
1294570 1560.2
1294580 1560.2
1294590 1560.2
1294600 1560.3
1294610 1560.3
1294620 1559.9
1294630 1559.2
1294640 1559.2
1294650 1557.6
1294660 1556.0
1294670 1556.0
1294680 1554.2
1294690 1551.7
1294700 1551.7
1294710 1550.5
1294720 1548.4
1294730 1548.4
1294740 1545.5
1294750 1542.1
1294760 1539.1
1294770 1539.1
1294780 1537.1
1294790 1535.8
1294800 1535.8
1294810 1534.4
1294820 1532.4
1294830 1532.4
1294840 1530.7
1294850 1528.3
1294860 1528.3
1294870 1526.6
1294880 1525.1
1294890 1525.1
1294900 1523.6
1294910 1521.8
1294920 1521.8
1294930 1519.2
1294940 1516.7
1294950 1516.7
1294960 1514.3
1294970 1512.1
1294980 1512.1
1294990 1509.7
1295000 1507.2
1295010 1507.2
1295020 1504.9
1295030 1500.6
1295040 1500.6
1295050 1498.2
1295060 1495.6
1295070 1492.9
1295080 1492.9
1295090 1489.8
1295100 1486.8
1295110 1486.8
1295120 1484.2
1295130 1481.5
1295140 1481.5
1295150 1479.6
1295160 1477.8
1295170 1477.8
1295180 1475.2
1295190 1473.1
1295200 1473.1
1295210 1470.9
1295220 1468.2
1295230 1468.2
1295240 1465.7
1295250 1462.4
1295260 1462.4
1295270 1459.9
1295280 1457.8
1295290 1457.8
1295300 1454.8
1295310 1451.7
1295320 1451.7
1295330 1448.7
1295340 1445.6
1295350 1442.4
1295360 1442.4
1295370 1439.1
1295380 1435.7
1295390 1435.7
1295400 1432.8
1295410 1430.2
1295420 1430.2
1295430 1427.7
1295440 1425.0
1295450 1425.0
1295460 1422.7
1295470 1420.7
1295480 1420.7
1295490 1418.6
1295500 1415.9
1295510 1415.9
1295520 1413.5
1295530 1411.6
1295540 1411.6
1295550 1409.7
1295560 1408.4
1295570 1408.4
1295580 1407.8
1295590 1409.2
1295600 1409.2
1295610 1411.3
1295620 1412.8
1295630 1412.8
1295640 1414.3
1295650 1416.2
1295660 1418.8
1295670 1418.8
1295680 1420.4
1295690 1422.4
1295700 1426.4
1295710 1428.1
1295720 1429.4
1295730 1429.4
1295740 1431.2
1295750 1433.8
1295760 1433.8
1295770 1435.9
1295780 1437.8
1295790 1437.8
1295800 1438.2
1295810 1439.1
1295820 1439.1
1295830 1441.1
1295840 1442.3
1295850 1442.3
1295860 1443.0
1295870 1443.4
1295880 1443.4
1295890 1443.5
1295900 1444.5
1295910 1444.5
1295920 1444.7
1295930 1444.4
1295940 1443.8
1295950 1443.8
1295960 1443.6
1295970 1443.8
1295980 1443.8
1295990 1444.5
1296000 1444.5
1296010 1444.5
1296020 1443.3
1296030 1441.9
1296040 1441.9
1296050 1440.7
1296060 1444.1
1296070 1444.1
1296080 1449.7
1296090 1456.4
1296100 1456.4
1296110 1464.8
1296120 1475.9
1296130 1475.9
1296140 1481.9
1296150 1487.3
1296160 1487.3
1296170 1495.3
1296180 1500.2
1296190 1500.2
1296200 1502.5
1296210 1509.4
1296220 1509.4
1296230 1516.4
1296240 1522.1
1296250 1526.1
1296260 1526.1
1296270 1530.5
1296280 1533.6
1296290 1533.6
1296300 1533.7
1296310 1528.8
1296320 1528.8
1296330 1523.2
1296340 1524.7
1296350 1524.7
1296360 1524.2
1296370 1524.5
1296380 1533.5
1296390 1534.3
1296400 1532.7
1296410 1532.7
1296420 1530.7
1296430 1529.9
1296440 1529.9
1296450 1530.3
1296460 1528.7
1296470 1528.7
1296480 1524.0
1296490 1519.6
1296500 1519.6
1296510 1521.4
1296520 1525.1
1296530 1523.6
1296540 1523.6
1296550 1520.1
1296560 1518.0
1296570 1518.0
1296580 1522.8
1296590 1534.2
1296600 1534.2
1296610 1537.7
1296620 1535.5
1296630 1535.5
1296640 1529.7
1296650 1525.4
1296660 1525.4
1296670 1525.8
1296680 1525.9
1296690 1525.9
1296700 1524.0
1296710 1522.8
1296720 1522.8
1296730 1522.8
1296740 1521.6
1296750 1521.6
1296760 1519.2
1296770 1517.7
1296780 1517.7
1296790 1511.3
1296800 1507.4
1296810 1507.4
1296820 1506.6
1296830 1504.7
1296840 1509.6
1296850 1509.6
1296860 1512.0
1296870 1510.8
1296880 1510.8
1296890 1508.5
1296900 1505.5
1296910 1505.5
1296920 1504.7
1296930 1503.8
1296940 1503.8
1296950 1499.4
1296960 1496.2
1296970 1496.2
1296980 1502.0
1296990 1501.6
1297000 1501.6
1297010 1497.5
1297020 1494.6
1297030 1494.6
1297040 1495.9
1297050 1495.2
1297060 1502.6
1297070 1499.1
1297080 1493.6
1297090 1493.6
1297100 1488.2
1297110 1482.0
1297120 1474.6
1297130 1474.6
1297140 1465.3
1297150 1455.5
1297160 1455.5
1297170 1448.1
1297180 1443.8
1297190 1443.8
1297200 1435.0
1297210 1423.5
1297220 1423.5
1297230 1410.5
1297240 1399.3
1297250 1399.3
1297260 1392.8
1297270 1384.5
1297280 1384.5
1297290 1375.7
1297300 1365.6
1297310 1365.6
1297320 1358.2
1297330 1351.8
1297340 1351.8
1297350 1343.2
1297360 1336.3
1297370 1336.3
1297380 1328.9
1297390 1320.8
1297400 1320.8
1297410 1312.1
1297420 1305.7
1297430 1302.1
1297440 1302.1
1297450 1299.2
1297460 1296.3
1297470 1296.3
1297480 1292.8
1297490 1289.7
1297500 1289.7
1297510 1286.5
1297520 1283.2
1297530 1283.2
1297540 1279.8
1297550 1276.9
1297560 1276.9
1297570 1273.3
1297580 1269.6
1297590 1269.6
1297600 1265.8
1297610 1261.6
1297620 1261.6
1297630 1257.4
1297640 1253.9
1297650 1253.9
1297660 1251.1
1297670 1247.6
1297680 1247.6
1297690 1244.0
1297700 1241.8
1297710 1241.9
1297720 1241.9
1297730 1242.6
1297740 1245.7
1297750 1245.7
1297760 1246.5
1297770 1246.8
1297780 1246.8
1297790 1246.5
1297800 1246.3
1297810 1246.3
1297820 1245.8
1297830 1245.3
1297840 1245.3
1297850 1245.5
1297860 1245.3
1297870 1245.3
1297880 1244.9
1297890 1245.3
1297900 1245.3
1297910 1245.0
1297920 1243.8
1297930 1243.8
1297940 1243.8
1297950 1242.7
1297960 1242.7
1297970 1240.8
1297980 1239.0
1297990 1239.0
1298000 1237.2
1298010 1235.2
1298020 1233.5
1298030 1233.5
1298040 1231.6
1298050 1229.2
1298060 1229.2
1298070 1227.2
1298080 1225.7
1298090 1225.7
1298100 1224.0
1298110 1222.4
1298120 1222.4
1298130 1220.8
1298140 1218.9
1298150 1218.9
1298160 1216.6
1298170 1214.6
1298180 1214.6
1298190 1212.9
1298200 1211.2
1298210 1211.2
1298220 1209.6
1298230 1208.5
1298240 1208.5
1298250 1207.7
1298260 1206.8
1298270 1206.8
1298280 1206.2
1298290 1206.1
1298300 1205.8
1298310 1205.8
1298320 1205.1
1298330 1203.6
1298340 1203.6
1298350 1201.7
1298360 1199.5
1298370 1199.5
1298380 1197.4
1298390 1195.2
1298400 1195.2
1298410 1193.3
1298420 1191.6
1298430 1191.6
1298440 1189.6
1298450 1187.8
1298460 1187.8
1298470 1186.4
1298480 1184.7
1298490 1184.7
1298500 1182.9
1298510 1181.4
1298520 1181.4
1298530 1179.7
1298540 1177.6
1298550 1177.6
1298560 1173.2
1298570 1168.3
1298580 1165.1
1298590 1165.1
1298600 1162.9
1298610 1161.6
1298620 1161.6
1298630 1160.8
1298640 1160.5
1298650 1160.5
1298660 1159.8
1298670 1158.7
1298680 1158.7
1298690 1157.2
1298700 1155.3
1298710 1155.3
1298720 1152.4
1298730 1151.2
1298740 1151.2
1298750 1149.1
1298760 1149.5
1298770 1149.5
1298780 1149.2
1298790 1146.3
1298800 1146.3
1298810 1142.3
1298820 1138.1
1298830 1138.1
1298840 1134.9
1298850 1134.0
1298860 1134.0
1298870 1132.6
1298880 1129.4
1298890 1125.4
1298900 1125.4
1298910 1120.8
1298920 1115.4
1298930 1115.4
1298940 1109.4
1298950 1105.0
1298960 1105.0
1298970 1101.6
1298980 1099.6
1298990 1099.6
1299000 1098.0
1299010 1097.5
1299020 1097.5
1299030 1096.6
1299040 1095.3
1299050 1095.3
1299060 1090.8
1299070 1082.9
1299080 1082.9
1299090 1077.1
1299100 1075.8
1299110 1072.7
1299120 1074.0
1299130 1079.7
1299140 1079.7
1299150 1086.3
1299160 1087.8
1299170 1084.7
1299180 1084.7
1299190 1082.8
1299200 1081.4
1299210 1081.4
1299220 1078.7
1299230 1076.4
1299240 1076.4
1299250 1074.8
1299260 1072.7
1299270 1072.7
1299280 1070.7
1299290 1069.2
1299300 1069.2
1299310 1067.4
1299320 1065.7
1299330 1065.7
1299340 1064.7
1299350 1062.4
1299360 1062.4
1299370 1057.0
1299380 1050.3
1299390 1050.3
1299400 1043.5
1299410 1036.5
1299420 1036.5
1299430 1030.1
1299440 1024.6
1299450 1024.6
1299460 1020.8
1299470 1018.0
1299480 1015.2
1299490 1015.2
1299500 1012.8
1299510 1010.5
1299520 1010.5
1299530 1008.6
1299540 1007.4
1299550 1007.4
1299560 1006.1
1299570 1004.6
1299580 1004.6
1299590 1003.4
1299600 1003.4
1299610 1003.4
1299620 1004.3
1299630 1005.0
1299640 1005.0
1299650 1006.4
1299660 1008.1
1299670 1008.1
1299680 1009.5
1299690 1010.3
1299700 1010.3
1299710 1010.5
1299720 1010.2
1299730 1010.2
1299740 1009.5
1299750 1008.8
1299760 1008.2
1299770 1008.2
1299780 1008.3
1299790 1009.7
1299800 1003.1
1299810 1005.5
1299820 1007.6
1299830 1007.6
1299840 1009.7
1299850 1012.8
1299860 1012.8
1299870 1014.7
1299880 1012.0
1299890 1012.0
1299900 1006.0
1299910 996.5
1299920 996.5
1299930 984.5
1299940 950.4
1299950 950.4
1299960 914.1
1299970 905.0
1299980 905.0
1299990 896.1
