1280000 2024.1
1280010 2027.0
1280020 2029.7
1280030 2032.7
1280040 2032.7
1280050 2036.4
1280060 2039.6
1280070 2039.6
1280080 2042.6
1280090 2045.3
1280100 2045.3
1280110 2049.0
1280120 2054.2
1280130 2054.2
1280140 2060.1
1280150 2066.4
1280160 2066.4
1280170 2072.7
1280180 2082.9
1280190 2082.9
1280200 2095.8
1280210 2109.5
1280220 2109.5
1280230 2125.5
1280240 2142.7
1280250 2142.7
1280260 2161.5
1280270 2180.6
1280280 2180.6
1280290 2193.8
1280300 2201.5
1280310 2201.5
1280320 2205.6
1280330 2208.4
1280340 2211.8
1280350 2211.8
1280360 2214.6
1280370 2219.0
1280380 2219.0
1280390 2224.1
1280400 2228.3
1280410 2228.3
1280420 2232.3
1280430 2238.2
1280440 2238.2
1280450 2244.8
1280460 2250.9
1280470 2250.9
1280480 2256.0
1280490 2261.1
1280500 2261.1
1280510 2265.7
1280520 2267.8
1280530 2267.8
1280540 2267.9
1280550 2268.1
1280560 2268.1
1280570 2268.3
1280580 2267.8
1280590 2258.8
1280600 2256.2
1280610 2251.3
1280620 2246.4
1280630 2246.4
1280640 2245.3
1280650 2244.9
1280660 2244.9
1280670 2244.0
1280680 2241.4
1280690 2241.4
1280700 2238.9
1280710 2233.7
1280720 2233.7
1280730 2224.1
1280740 2220.2
1280750 2220.2
1280760 2216.9
1280770 2213.8
1280780 2213.8
1280790 2212.5
1280800 2211.6
1280810 2211.6
1280820 2210.8
1280830 2209.9
1280840 2209.9
1280850 2208.9
1280860 2208.7
1280870 2208.7
1280880 2209.1
1280890 2209.3
1280900 2209.3
1280910 2208.7
1280920 2210.2
1280930 2210.8
1280940 2210.8
1280950 2207.1
1280960 2202.6
1280970 2202.6
1280980 2198.3
1280990 2196.5
1281000 2196.5
1281010 2193.9
1281020 2193.8
1281030 2193.8
1281040 2195.1
1281050 2195.5
1281060 2195.5
1281070 2198.8
1281080 2204.2
1281090 2204.2
1281100 2211.5
1281110 2217.8
1281120 2217.8
1281130 2218.7
1281140 2216.6
1281150 2216.6
1281160 2216.9
1281170 2220.2
1281180 2220.2
1281190 2226.4
1281200 2235.4
1281210 2242.7
1281220 2242.2
1281230 2244.1
1281240 2247.1
1281250 2247.1
1281260 2251.8
1281270 2254.3
1281280 2254.3
1281290 2258.0
1281300 2261.2
1281310 2261.2
1281320 2264.8
1281330 2268.7
1281340 2268.7
1281350 2272.8
1281360 2276.6
1281370 2276.6
1281380 2279.4
1281390 2281.6
1281400 2281.6
1281410 2282.9
1281420 2283.1
1281430 2283.1
1281440 2283.9
1281450 2286.0
1281460 2286.0
1281470 2289.2
1281480 2292.4
1281490 2292.4
1281500 2295.4
1281510 2298.7
1281520 2303.0
1281530 2303.0
1281540 2307.1
1281550 2310.4
1281560 2310.4
1281570 2312.7
1281580 2316.5
1281590 2316.5
1281600 2320.4
1281610 2326.3
1281620 2326.3
1281630 2331.1
1281640 2333.8
1281650 2333.8
1281660 2335.6
1281670 2336.6
1281680 2336.6
1281690 2336.8
1281700 2337.8
1281710 2337.8
1281720 2341.3
1281730 2345.3
1281740 2345.3
1281750 2348.8
1281760 2352.7
1281770 2352.7
1281780 2357.0
1281790 2359.3
1281800 2364.0
1281810 2364.0
1281820 2367.1
1281830 2368.1
1281840 2368.1
1281850 2371.4
1281860 2373.6
1281870 2373.6
1281880 2374.6
1281890 2377.4
1281900 2377.4
1281910 2378.4
1281920 2378.7
1281930 2378.7
1281940 2379.0
1281950 2379.7
1281960 2379.7
1281970 2380.0
1281980 2381.2
1281990 2381.2
1282000 2383.9
1282010 2384.4
1282020 2384.4
1282030 2385.7
1282040 2388.1
1282050 2388.1
1282060 2389.7
1282070 2391.7
1282080 2391.7
1282090 2394.9
1282100 2399.2
1282110 2404.2
1282120 2404.2
1282130 2409.5
1282140 2414.7
1282150 2414.7
1282160 2420.2
1282170 2425.6
1282180 2425.6
1282190 2431.3
1282200 2437.2
1282210 2437.2
1282220 2443.3
1282230 2449.5
1282240 2449.5
1282250 2456.2
1282260 2463.0
1282270 2463.0
1282280 2469.7
1282290 2476.8
1282300 2476.8
1282310 2485.2
1282320 2493.4
1282330 2493.4
1282340 2500.9
1282350 2508.8
1282360 2508.8
1282370 2518.9
1282380 2534.3
1282390 2544.4
1282400 2544.4
1282410 2545.6
1282420 2554.1
1282430 2554.1
1282440 2567.4
1282450 2580.3
1282460 2580.3
1282470 2591.9
1282480 2611.5
1282490 2611.5
1282500 2621.2
1282510 2628.0
1282520 2628.0
1282530 2624.3
1282540 2614.8
1282550 2614.8
1282560 2604.9
1282570 2598.8
1282580 2598.8
1282590 2594.9
1282600 2587.6
1282610 2587.6
1282620 2581.8
1282630 2573.0
1282640 2573.0
1282650 2563.1
1282660 2553.5
1282670 2553.5
1282680 2550.6
1282690 2549.2
1282700 2545.8
1282710 2545.8
1282720 2543.2
1282730 2544.2
1282740 2544.2
1282750 2543.7
1282760 2542.9
1282770 2542.9
1282780 2540.4
1282790 2532.8
1282800 2532.8
1282810 2522.2
1282820 2517.2
1282830 2517.2
1282840 2515.9
1282850 2512.5
1282860 2512.5
1282870 2512.7
1282880 2514.2
1282890 2514.2
1282900 2514.8
1282910 2511.1
1282920 2511.1
1282930 2506.3
1282940 2503.8
1282950 2503.8
1282960 2496.0
1282970 2489.0
1282980 2485.2
1282990 2485.2
1283000 2479.3
1283010 2471.6
1283020 2471.6
1283030 2460.8
1283040 2448.8
1283050 2448.8
1283060 2436.5
1283070 2424.7
1283080 2424.7
1283090 2413.7
1283100 2404.8
1283110 2404.6
1283120 2393.0
1283130 2348.1
1283140 2348.1
1283150 2323.9
1283160 2314.7
1283170 2314.7
1283180 2303.4
1283190 2286.9
1283200 2286.9
1283210 2265.6
1283220 2258.5
1283230 2258.5
1283240 2241.0
1283250 2210.1
1283260 2210.1
1283270 2185.4
1283280 2161.3
1283290 2151.5
1283300 2151.5
1283310 2160.0
1283320 2170.1
1283330 2170.1
1283340 2176.4
1283350 2179.6
1283360 2179.6
1283370 2180.7
1283380 2185.5
1283390 2185.5
1283400 2199.1
1283410 2214.0
1283420 2214.0
1283430 2223.5
1283440 2236.8
1283450 2236.8
1283460 2259.7
1283470 2275.9
1283480 2275.9
1283490 2295.2
1283500 2307.3
1283510 2307.3
1283520 2306.3
1283530 2311.9
1283540 2311.9
1283550 2318.2
1283560 2319.4
1283570 2317.9
1283580 2317.9
1283590 2318.5
1283600 2321.6
1283610 2321.6
1283620 2326.1
1283630 2330.0
1283640 2330.0
1283650 2339.2
1283660 2345.0
1283670 2345.0
1283680 2333.3
1283690 2324.9
1283700 2324.9
1283710 2315.3
1283720 2301.6
1283730 2301.6
1283740 2300.8
1283750 2287.8
1283760 2287.8
1283770 2270.7
1283780 2258.1
1283790 2258.1
1283800 2247.1
1283810 2236.0
1283820 2236.0
1283830 2225.0
1283840 2208.4
1283850 2208.4
1283860 2198.0
1283870 2190.2
1283880 2180.9
1283890 2180.9
1283900 2169.6
1283910 2157.3
1283920 2157.3
1283930 2145.8
1283940 2134.4
1283950 2134.4
1283960 2123.3
1283970 2114.3
1283980 2114.3
1283990 2101.7
1284000 2102.7
1284010 2102.7
1284020 2120.5
1284030 2119.3
1284040 2119.3
1284050 2106.2
1284060 2087.9
1284070 2087.9
1284080 2088.5
1284090 2099.8
1284100 2099.8
1284110 2105.1
1284120 2100.8
1284130 2100.8
1284140 2092.4
1284150 2052.1
1284160 2022.9
1284170 2022.9
1284180 2019.9
1284190 2028.4
1284200 2028.4
1284210 2044.6
1284220 2053.7
1284230 2053.7
1284240 2062.6
1284250 2066.5
1284260 2066.5
1284270 2053.1
1284280 2056.1
1284290 2056.1
1284300 2065.8
1284310 2076.3
1284320 2076.3
1284330 2085.4
1284340 2093.5
1284350 2093.5
1284360 2101.9
1284370 2112.5
1284380 2144.5
1284390 2165.6
1284400 2178.4
1284410 2178.4
1284420 2184.5
1284430 2193.1
1284440 2193.1
1284450 2205.1
1284460 2218.2
1284470 2231.1
1284480 2231.1
1284490 2242.8
1284500 2250.4
1284510 2250.4
1284520 2259.6
1284530 2267.3
1284540 2267.3
1284550 2276.4
1284560 2286.7
1284570 2286.7
1284580 2297.6
1284590 2303.1
1284600 2303.1
1284610 2306.2
1284620 2311.0
1284630 2311.0
1284640 2317.4
1284650 2323.1
1284660 2323.1
1284670 2329.3
1284680 2333.8
1284690 2333.8
1284700 2337.3
1284710 2341.0
1284720 2341.0
1284730 2344.9
1284740 2350.5
1284750 2358.5
1284760 2358.5
1284770 2363.3
1284780 2351.5
1284790 2351.5
1284800 2355.1
1284810 2367.9
1284820 2367.9
1284830 2380.4
1284840 2389.6
1284850 2389.6
1284860 2399.1
1284870 2407.4
1284880 2407.4
1284890 2418.3
1284900 2419.4
1284910 2419.4
1284920 2420.7
1284930 2422.5
1284940 2422.5
1284950 2425.9
1284960 2433.3
1284970 2433.3
1284980 2441.2
1284990 2445.2
1285000 2445.2
1285010 2447.5
1285020 2442.8
1285030 2442.8
1285040 2441.5
1285050 2439.8
1285060 2437.9
1285070 2437.9
1285080 2435.7
1285090 2434.6
1285100 2434.6
1285110 2431.0
1285120 2426.4
1285130 2426.4
1285140 2425.2
1285150 2423.9
1285160 2423.9
1285170 2423.6
1285180 2425.0
1285190 2425.0
1285200 2425.6
1285210 2422.8
1285220 2422.8
1285230 2422.8
1285240 2421.3
1285250 2421.3
1285260 2422.5
1285270 2424.3
1285280 2424.3
1285290 2422.0
1285300 2420.9
1285310 2420.9
1285320 2413.5
1285330 2410.9
1285340 2415.1
1285350 2415.1
1285360 2425.6
1285370 2437.6
1285380 2437.6
1285390 2446.0
1285400 2452.2
1285410 2452.2
1285420 2460.9
1285430 2469.7
1285440 2469.7
1285450 2477.8
1285460 2484.5
1285470 2484.5
1285480 2487.7
1285490 2488.7
1285500 2488.7
1285510 2488.9
1285520 2489.0
1285530 2489.0
1285540 2489.4
1285550 2488.9
1285560 2488.9
1285570 2488.0
1285580 2485.8
1285590 2485.8
1285600 2482.3
1285610 2480.2
1285620 2480.2
1285630 2475.8
1285640 2471.1
1285650 2467.5
1285660 2458.5
1285670 2455.5
1285680 2453.4
1285690 2453.4
1285700 2451.7
1285710 2449.1
1285720 2449.1
1285730 2446.6
1285740 2446.8
1285750 2446.8
1285760 2449.7
1285770 2452.9
1285780 2452.9
1285790 2455.0
1285800 2456.0
1285810 2456.0
1285820 2456.0
1285830 2457.0
1285840 2457.0
1285850 2459.0
1285860 2460.5
1285870 2460.5
1285880 2462.4
1285890 2461.8
1285900 2461.8
1285910 2462.1
1285920 2471.8
1285930 2479.8
1285940 2479.8
1285950 2485.8
1285960 2490.6
1285970 2490.6
1285980 2498.0
1285990 2505.6
1286000 2505.6
1286010 2513.2
1286020 2522.3
1286030 2522.3
1286040 2531.9
1286050 2540.6
1286060 2540.6
1286070 2550.3
1286080 2560.9
1286090 2560.9
1286100 2566.8
1286110 2568.3
1286120 2568.3
1286130 2568.4
1286140 2568.2
1286150 2568.2
1286160 2570.2
1286170 2577.5
1286180 2577.5
1286190 2583.5
1286200 2579.3
1286210 2579.3
1286220 2572.6
1286230 2565.4
1286240 2556.9
1286250 2556.9
1286260 2543.9
1286270 2526.7
1286280 2526.7
1286290 2507.6
1286300 2503.6
1286310 2503.6
1286320 2492.3
1286330 2480.0
1286340 2480.0
1286350 2470.5
1286360 2461.6
1286370 2461.6
1286380 2453.0
1286390 2441.4
1286400 2441.4
1286410 2428.9
1286420 2418.4
1286430 2418.4
1286440 2406.7
1286450 2395.1
1286460 2395.1
1286470 2386.4
1286480 2376.8
1286490 2376.8
1286500 2365.1
1286510 2341.2
1286520 2325.3
1286530 2325.3
1286540 2306.8
1286550 2288.0
1286560 2288.0
1286570 2267.4
1286580 2257.7
1286590 2257.7
1286600 2254.3
1286610 2250.9
1286620 2250.9
1286630 2247.9
1286640 2245.1
1286650 2245.1
1286660 2242.4
1286670 2239.6
1286680 2239.6
1286690 2237.0
1286700 2234.8
1286710 2234.8
1286720 2233.8
1286730 2234.3
1286740 2234.3
1286750 2235.5
1286760 2237.9
1286770 2237.9
1286780 2246.7
1286790 2253.1
1286800 2253.1
1286810 2260.7
1286820 2279.9
1286830 2304.7
1286840 2304.7
1286850 2317.9
1286860 2330.3
1286870 2330.3
1286880 2341.1
1286890 2353.8
1286900 2353.8
1286910 2363.0
1286920 2371.4
1286930 2371.4
1286940 2376.3
1286950 2390.8
1286960 2390.8
1286970 2395.8
1286980 2389.4
1286990 2389.4
1287000 2374.4
1287010 2362.0
1287020 2362.0
1287030 2353.0
1287040 2343.3
1287050 2343.3
1287060 2333.7
1287070 2323.3
1287080 2323.3
1287090 2312.6
1287100 2292.7
1287110 2270.2
1287120 2270.2
1287130 2254.1
1287140 2236.5
1287150 2236.5
1287160 2216.8
1287170 2160.9
1287180 2160.9
1287190 2133.9
1287200 2127.3
1287210 2127.3
1287220 2121.0
1287230 2114.8
1287240 2114.8
1287250 2109.1
1287260 2104.5
1287270 2104.5
1287280 2103.9
1287290 2103.8
1287300 2103.8
1287310 2103.1
1287320 2100.7
1287330 2100.7
1287340 2098.2
1287350 2096.7
1287360 2096.7
1287370 2095.4
1287380 2094.5
1287390 2094.5
1287400 2092.6
1287410 2091.2
1287420 2090.6
1287430 2090.6
1287440 2092.6
1287450 2099.7
1287460 2099.7
1287470 2105.7
1287480 2108.5
1287490 2108.5
1287500 2108.3
1287510 2110.6
1287520 2110.6
1287530 2112.9
1287540 2115.1
1287550 2115.1
1287560 2119.0
1287570 2119.5
1287580 2119.5
1287590 2120.6
1287600 2119.5
1287610 2119.5
1287620 2120.0
1287630 2119.5
1287640 2119.5
1287650 2118.0
1287660 2115.9
1287670 2115.9
1287680 2112.6
1287690 2110.6
1287700 2109.6
1287710 2109.6
1287720 2107.2
1287730 2106.1
1287740 2106.1
1287750 2106.0
1287760 2104.8
1287770 2104.8
1287780 2104.5
1287790 2103.5
1287800 2103.5
1287810 2101.5
1287820 2099.4
1287830 2099.4
1287840 2096.1
1287850 2093.5
1287860 2093.5
1287870 2092.9
1287880 2090.5
1287890 2090.5
1287900 2085.7
1287910 2080.3
1287920 2080.3
1287930 2075.0
1287940 2069.2
1287950 2069.2
1287960 2064.7
1287970 2063.0
1287980 2063.0
1287990 2062.5
1288000 2062.7
1288010 2061.8
1288020 2061.8
1288030 2060.3
1288040 2058.4
1288050 2058.4
1288060 2056.0
1288070 2056.1
1288080 2056.1
1288090 2057.0
1288100 2057.5
1288110 2057.5
1288120 2057.0
1288130 2057.2
1288140 2057.2
1288150 2057.6
1288160 2056.1
1288170 2056.1
1288180 2054.3
1288190 2053.4
1288200 2053.4
1288210 2052.1
1288220 2051.6
1288230 2051.6
1288240 2060.2
1288250 2060.1
1288260 2060.1
1288270 2059.5
1288280 2057.8
1288290 2055.7
1288300 2055.7
1288310 2054.9
1288320 2055.2
1288330 2055.2
1288340 2057.0
1288350 2057.9
1288360 2057.9
1288370 2058.4
1288380 2060.2
1288390 2060.2
1288400 2063.4
1288410 2065.7
1288420 2065.7
1288430 2067.5
1288440 2072.4
1288450 2072.4
1288460 2078.4
1288470 2084.0
1288480 2084.0
1288490 2089.8
1288500 2095.9
1288510 2095.9
1288520 2102.3
1288530 2108.9
1288540 2108.9
1288550 2115.8
1288560 2122.6
1288570 2122.6
1288580 2128.5
1288590 2134.9
1288600 2160.5
1288610 2160.5
1288620 2208.2
1288630 2233.9
1288640 2233.9
1288650 2251.4
1288660 2270.3
1288670 2270.3
1288680 2284.2
1288690 2301.7
1288700 2301.7
1288710 2313.5
1288720 2324.2
1288730 2324.2
1288740 2337.0
1288750 2347.3
1288760 2347.3
1288770 2359.3
1288780 2376.3
1288790 2376.3
1288800 2390.1
1288810 2394.2
1288820 2394.2
1288830 2389.5
1288840 2384.2
1288850 2384.2
1288860 2376.8
1288870 2361.7
1288880 2342.0
1288890 2329.0
1288900 2297.8
1288910 2283.0
1288920 2283.0
1288930 2279.9
1288940 2276.4
1288950 2276.4
1288960 2273.8
1288970 2271.8
1288980 2271.8
1288990 2269.4
1289000 2267.4
1289010 2267.4
1289020 2265.5
1289030 2262.8
1289040 2262.8
1289050 2260.9
1289060 2258.8
1289070 2258.8
1289080 2256.1
1289090 2253.8
1289100 2253.8
1289110 2251.6
1289120 2248.6
1289130 2248.6
1289140 2245.7
1289150 2243.3
1289160 2243.3
1289170 2240.0
1289180 2237.3
1289190 2234.9
1289200 2234.9
1289210 2231.9
1289220 2228.7
1289230 2228.7
1289240 2226.9
1289250 2225.1
1289260 2225.1
1289270 2223.7
1289280 2222.1
1289290 2222.1
1289300 2221.2
1289310 2221.4
1289320 2221.4
1289330 2224.4
1289340 2227.1
1289350 2227.1
1289360 2228.6
1289370 2229.1
1289380 2229.1
1289390 2227.3
1289400 2223.0
1289410 2223.0
1289420 2216.2
1289430 2214.5
1289440 2214.5
1289450 2213.8
1289460 2212.0
1289470 2209.8
1289480 2209.8
1289490 2206.8
1289500 2205.0
1289510 2205.0
1289520 2204.3
1289530 2204.8
1289540 2204.8
1289550 2207.9
1289560 2207.8
1289570 2207.8
1289580 2207.8
1289590 2205.8
1289600 2205.8
1289610 2203.7
1289620 2202.6
1289630 2202.6
1289640 2199.5
1289650 2198.2
1289660 2198.2
1289670 2195.5
1289680 2191.5
1289690 2191.5
1289700 2188.7
1289710 2188.0
1289720 2188.0
1289730 2188.4
1289740 2190.4
1289750 2190.4
1289760 2191.6
1289770 2194.5
1289780 2200.6
1289790 2200.6
1289800 2207.1
1289810 2213.7
1289820 2213.7
1289830 2221.9
1289840 2233.7
1289850 2233.7
1289860 2243.2
1289870 2257.7
1289880 2257.7
1289890 2270.7
1289900 2280.2
1289910 2280.2
1289920 2308.2
1289930 2339.6
1289940 2339.6
1289950 2350.5
1289960 2344.4
1289970 2344.4
1289980 2309.7
1289990 2286.2
1290000 2286.2
1290010 2278.5
1290020 2273.2
1290030 2273.2
1290040 2269.0
1290050 2261.7
1290060 2248.6
1290070 2248.6
1290080 2241.7
1290090 2237.9
1290100 2237.9
1290110 2237.9
1290120 2238.7
1290130 2238.7
1290140 2237.8
1290150 2236.9
1290160 2236.9
1290170 2235.9
1290180 2234.3
1290190 2234.3
1290200 2230.9
1290210 2230.2
1290220 2230.2
1290230 2230.5
1290240 2233.5
1290250 2233.5
1290260 2235.7
1290270 2237.4
1290280 2237.4
1290290 2239.0
1290300 2242.4
1290310 2242.4
1290320 2245.8
1290330 2249.5
1290340 2249.5
1290350 2251.5
1290360 2251.0
1290370 2250.3
1290380 2250.3
1290390 2252.2
1290400 2251.8
1290410 2251.8
1290420 2246.8
1290430 2238.6
1290440 2238.6
1290450 2229.8
1290460 2226.2
1290470 2226.2
1290480 2223.4
1290490 2219.8
1290500 2219.8
1290510 2217.2
1290520 2214.0
1290530 2214.0
1290540 2210.7
1290550 2209.6
1290560 2209.6
1290570 2210.0
1290580 2209.7
1290590 2209.7
1290600 2208.4
1290610 2205.9
1290620 2205.9
1290630 2205.8
1290640 2206.5
1290650 2206.0
1290660 2206.0
1290670 2206.5
1290680 2206.9
1290690 2206.9
1290700 2205.9
1290710 2206.6
1290720 2206.6
1290730 2208.8
1290740 2210.8
1290750 2210.8
1290760 2211.3
1290770 2209.9
1290780 2209.9
1290790 2208.6
1290800 2210.3
1290810 2210.3
1290820 2215.6
1290830 2214.8
1290840 2214.8
1290850 2207.1
1290860 2207.1
1290870 2207.1
1290880 2172.2
1290890 2132.7
1290900 2132.7
1290910 2116.3
1290920 2090.9
1290930 2090.9
1290940 2073.3
1290950 2066.6
1290960 2060.2
1290970 2060.2
1290980 2053.8
1290990 2047.6
1291000 2047.6
1291010 2041.6
1291020 2035.6
1291030 2035.6
1291040 2029.5
1291050 2024.2
1291060 2024.2
1291070 2019.2
1291080 2014.6
1291090 2014.6
1291100 2010.6
1291110 2006.5
1291120 2006.5
1291130 2003.4
1291140 2002.1
1291150 2002.1
1291160 1999.8
1291170 1998.1
1291180 1998.1
1291190 1997.1
1291200 1994.5
1291210 1994.5
1291220 1991.9
1291230 1989.0
1291240 1986.1
1291250 1986.1
1291260 1982.7
1291270 1979.1
1291280 1979.1
1291290 1975.4
1291300 1971.6
1291310 1971.6
1291320 1969.7
1291330 1969.0
1291340 1969.0
1291350 1968.5
1291360 1965.9
1291370 1965.9
1291380 1962.5
1291390 1959.7
1291400 1959.7
1291410 1957.2
1291420 1954.2
1291430 1954.2
1291440 1950.0
1291450 1946.8
1291460 1946.8
1291470 1947.6
1291480 1948.3
1291490 1948.3
1291500 1948.3
1291510 1948.8
1291520 1945.7
1291530 1949.0
1291540 1951.4
1291550 1953.2
1291560 1953.2
1291570 1955.8
1291580 1959.1
1291590 1959.1
1291600 1961.8
1291610 1962.2
1291620 1962.2
1291630 1961.4
1291640 1958.1
1291650 1958.1
1291660 1956.0
1291670 1955.0
1291680 1955.0
1291690 1954.4
1291700 1953.9
1291710 1953.9
1291720 1954.2
1291730 1956.0
1291740 1956.0
1291750 1956.4
1291760 1952.3
1291770 1952.3
1291780 1946.8
1291790 1942.5
1291800 1942.5
1291810 1940.0
1291820 1937.9
1291830 1936.1
1291840 1936.1
1291850 1934.1
1291860 1930.1
1291870 1930.1
1291880 1924.7
1291890 1919.6
1291900 1919.6
1291910 1915.5
1291920 1914.6
1291930 1914.6
1291940 1915.1
1291950 1916.3
1291960 1916.3
1291970 1918.3
1291980 1919.8
1291990 1919.8
1292000 1920.9
1292010 1921.3
1292020 1921.3
1292030 1922.1
1292040 1925.4
1292050 1925.4
1292060 1929.3
1292070 1931.7
1292080 1931.7
1292090 1933.9
1292100 1936.9
1292110 1936.9
1292120 1939.4
1292130 1941.5
1292140 1943.8
1292150 1943.8
1292160 1946.3
1292170 1949.3
1292180 1943.6
1292190 1945.8
1292200 1947.2
1292210 1947.2
1292220 1948.1
1292230 1948.4
1292240 1948.4
1292250 1947.8
1292260 1947.4
1292270 1947.4
1292280 1946.9
1292290 1948.6
1292300 1948.6
1292310 1955.0
1292320 1954.8
1292330 1954.8
1292340 1955.2
1292350 1958.3
1292360 1958.3
1292370 1961.0
1292380 1965.0
1292390 1965.0
1292400 1969.5
1292410 1970.2
1292420 1970.4
1292430 1970.4
1292440 1970.5
1292450 1972.6
1292460 1972.6
1292470 1978.0
1292480 1983.5
1292490 1983.5
1292500 1987.9
1292510 1987.5
1292520 1987.5
1292530 1993.1
1292540 2001.3
1292550 2001.3
1292560 2005.0
1292570 2005.4
1292580 2005.4
1292590 2005.6
1292600 2005.9
1292610 2005.9
1292620 2007.5
1292630 2010.1
1292640 2010.1
1292650 2014.8
1292660 2020.3
1292670 2020.3
1292680 2022.0
1292690 2022.1
1292700 2022.1
1292710 2023.2
1292720 2023.3
1292730 2023.4
1292740 2023.4
1292750 2024.4
1292760 2025.4
1292770 2025.4
1292780 2026.5
1292790 2028.0
1292800 2028.0
1292810 2029.8
1292820 2031.8
1292830 2031.8
1292840 2035.1
1292850 2030.9
1292860 2030.9
1292870 2032.6
1292880 2036.6
1292890 2036.6
1292900 2037.2
1292910 2038.6
1292920 2038.6
1292930 2041.6
1292940 2044.6
1292950 2044.6
1292960 2047.7
1292970 2050.6
1292980 2050.6
1292990 2053.4
1293000 2056.3
1293010 2059.2
1293020 2059.2
1293030 2061.9
1293040 2064.5
1293050 2064.5
1293060 2066.3
1293070 2068.3
1293080 2068.3
1293090 2072.1
1293100 2074.9
1293110 2074.9
1293120 2077.5
1293130 2080.5
1293140 2080.5
1293150 2083.4
1293160 2085.3
1293170 2085.3
1293180 2087.8
1293190 2089.6
1293200 2089.6
1293210 2086.9
1293220 2076.8
1293230 2076.8
1293240 2063.6
1293250 2055.0
1293260 2055.0
1293270 2042.5
1293280 2033.5
1293290 2033.5
1293300 2020.6
1293310 2000.2
1293320 1974.8
1293330 1974.8
1293340 1962.0
1293350 1951.7
1293360 1951.7
1293370 1946.5
1293380 1938.9
1293390 1938.9
1293400 1929.5
1293410 1921.9
1293420 1921.9
1293430 1915.0
1293440 1906.9
1293450 1906.9
1293460 1895.8
1293470 1888.8
1293480 1888.8
1293490 1885.4
1293500 1884.9
1293510 1887.7
1293520 1881.5
1293530 1875.2
1293540 1875.2
1293550 1869.0
1293560 1862.5
1293570 1862.5
1293580 1855.6
1293590 1848.3
1293600 1841.5
1293610 1841.5
1293620 1835.1
1293630 1829.0
1293640 1829.0
1293650 1823.2
1293660 1817.8
1293670 1817.8
1293680 1811.4
1293690 1804.6
1293700 1804.6
1293710 1798.3
1293720 1792.4
1293730 1792.4
1293740 1785.8
1293750 1778.3
1293760 1778.3
1293770 1769.0
1293780 1758.2
1293790 1758.2
1293800 1750.3
1293810 1749.2
1293820 1749.2
1293830 1745.8
1293840 1737.2
1293850 1737.2
1293860 1730.2
1293870 1721.9
1293880 1721.9
1293890 1716.8
1293900 1713.2
1293910 1705.2
1293920 1705.2
1293930 1697.4
1293940 1689.7
1293950 1689.7
1293960 1683.4
1293970 1677.8
1293980 1677.8
1293990 1672.7
1294000 1669.9
1294010 1669.9
1294020 1668.2
1294030 1666.3
1294040 1666.3
1294050 1663.9
1294060 1661.1
1294070 1661.1
1294080 1659.0
1294090 1656.8
1294100 1656.8
1294110 1654.7
1294120 1653.0
1294130 1653.0
1294140 1651.6
1294150 1649.5
1294160 1649.5
1294170 1647.5
1294180 1647.1
1294190 1645.6
1294200 1645.6
1294210 1644.2
1294220 1642.8
1294230 1642.8
1294240 1641.4
1294250 1639.6
1294260 1639.6
1294270 1637.4
1294280 1634.7
1294290 1634.7
1294300 1633.2
1294310 1631.2
1294320 1631.2
1294330 1629.2
1294340 1626.7
1294350 1626.7
1294360 1623.9
1294370 1622.8
1294380 1622.8
1294390 1621.9
1294400 1620.6
1294410 1620.6
1294420 1619.5
1294430 1618.2
1294440 1618.2
1294450 1616.9
1294460 1615.5
1294470 1615.5
1294480 1614.1
1294490 1612.8
1294500 1611.3
1294510 1611.3
1294520 1609.7
1294530 1608.6
1294540 1608.6
1294550 1607.4
1294560 1605.5
1294570 1605.5
1294580 1603.9
1294590 1602.3
1294600 1602.3
1294610 1600.6
1294620 1598.5
1294630 1598.5
1294640 1596.6
1294650 1594.7
1294660 1594.7
1294670 1592.8
1294680 1591.3
1294690 1591.3
1294700 1589.3
1294710 1586.7
1294720 1586.7
1294730 1584.4
1294740 1582.5
1294750 1582.5
1294760 1580.6
1294770 1578.2
1294780 1575.2
1294790 1575.2
1294800 1572.6
1294810 1569.9
1294820 1569.9
1294830 1567.3
1294840 1564.9
1294850 1566.3
1294860 1563.8
1294870 1561.3
1294880 1561.3
1294890 1558.8
1294900 1556.1
1294910 1556.1
1294920 1553.0
1294930 1550.3
1294940 1550.3
1294950 1547.8
1294960 1545.0
1294970 1545.0
1294980 1542.0
1294990 1539.4
1295000 1539.4
1295010 1536.6
1295020 1534.1
1295030 1534.1
1295040 1531.4
1295050 1528.3
1295060 1528.3
1295070 1525.1
1295080 1522.1
1295090 1519.1
1295100 1519.1
1295110 1516.4
1295120 1513.9
1295130 1513.9
1295140 1511.0
1295150 1508.1
1295160 1508.1
1295170 1504.9
1295180 1501.3
1295190 1501.3
1295200 1497.8
1295210 1494.7
1295220 1494.7
1295230 1491.7
1295240 1488.5
1295250 1488.5
1295260 1485.0
1295270 1481.7
1295280 1481.7
1295290 1478.2
1295300 1474.8
1295310 1474.8
1295320 1471.6
1295330 1468.1
1295340 1468.1
1295350 1464.5
1295360 1461.0
1295370 1457.6
1295380 1457.6
1295390 1454.2
1295400 1450.4
1295410 1450.4
1295420 1446.8
1295430 1443.2
1295440 1443.2
1295450 1439.6
1295460 1436.3
1295470 1436.3
1295480 1433.3
1295490 1429.9
1295500 1429.9
1295510 1426.2
1295520 1422.7
1295530 1423.2
1295540 1420.0
1295550 1416.7
1295560 1416.7
1295570 1413.3
1295580 1409.6
1295590 1409.6
1295600 1406.0
1295610 1403.0
1295620 1403.0
1295630 1400.5
1295640 1397.7
1295650 1397.7
1295660 1394.8
1295670 1392.0
1295680 1389.1
1295690 1389.1
1295700 1386.3
1295710 1383.7
1295720 1383.7
1295730 1381.2
1295740 1378.2
1295750 1378.2
1295760 1375.8
1295770 1373.1
1295780 1373.1
1295790 1370.4
1295800 1367.5
1295810 1367.5
1295820 1363.9
1295830 1361.2
1295840 1361.2
1295850 1358.8
1295860 1356.4
1295870 1356.4
1295880 1353.5
1295890 1350.6
1295900 1350.6
1295910 1348.9
1295920 1346.8
1295930 1346.8
1295940 1344.5
1295950 1342.4
1295960 1340.1
1295970 1340.1
1295980 1337.3
1295990 1335.1
1296000 1335.1
1296010 1333.9
1296020 1333.2
1296030 1333.2
1296040 1333.1
1296050 1332.6
1296060 1332.6
1296070 1331.7
1296080 1330.8
1296090 1330.8
1296100 1329.6
1296110 1327.9
1296120 1327.9
1296130 1326.3
1296140 1324.9
1296150 1324.9
1296160 1323.5
1296170 1322.2
1296180 1322.2
1296190 1321.1
1296200 1320.4
1296210 1320.4
1296220 1319.2
1296230 1317.7
1296240 1317.7
1296250 1316.6
1296260 1315.6
1296270 1314.3
1296280 1314.3
1296290 1313.0
1296300 1311.8
1296310 1311.8
1296320 1310.8
1296330 1309.9
1296340 1309.9
1296350 1309.2
1296360 1308.3
1296370 1308.3
1296380 1307.2
1296390 1306.2
1296400 1306.2
1296410 1305.3
1296420 1304.6
1296430 1304.6
1296440 1303.8
1296450 1302.8
1296460 1302.8
1296470 1301.8
1296480 1300.8
1296490 1300.8
1296500 1299.7
1296510 1298.6
1296520 1298.6
1296530 1297.7
1296540 1296.6
1296550 1295.5
1296560 1295.5
1296570 1294.5
1296580 1293.6
1296590 1293.6
1296600 1292.6
1296610 1291.6
1296620 1291.6
1296630 1290.6
1296640 1289.9
1296650 1289.9
1296660 1289.4
1296670 1288.6
1296680 1288.6
1296690 1287.8
1296700 1286.9
1296710 1286.9
1296720 1286.1
1296730 1285.2
1296740 1285.2
1296750 1284.4
1296760 1283.5
1296770 1283.5
1296780 1282.6
1296790 1281.6
1296800 1281.6
1296810 1280.7
1296820 1279.8
1296830 1279.8
1296840 1279.0
1296850 1278.2
1296860 1277.3
1296870 1277.3
1296880 1276.7
1296890 1275.9
1296900 1275.9
1296910 1275.1
1296920 1274.8
1296930 1274.8
1296940 1274.8
1296950 1273.6
1296960 1273.6
1296970 1272.1
1296980 1271.6
1296990 1271.6
1297000 1271.6
1297010 1271.1
1297020 1271.1
1297030 1269.6
1297040 1268.2
1297050 1268.2
1297060 1267.4
1297070 1266.5
1297080 1266.5
1297090 1265.6
1297100 1264.6
1297110 1264.6
1297120 1263.9
1297130 1262.9
1297140 1261.9
1297150 1261.9
1297160 1261.0
1297170 1260.3
1297180 1260.3
1297190 1259.6
1297200 1259.0
1297210 1259.0
1297220 1258.3
1297230 1257.4
1297240 1257.4
1297250 1256.4
1297260 1255.3
1297270 1255.3
1297280 1254.3
1297290 1253.2
1297300 1253.2
1297310 1252.3
1297320 1251.4
1297330 1251.4
1297340 1250.4
1297350 1249.5
1297360 1249.5
1297370 1248.7
1297380 1248.0
1297390 1248.0
1297400 1247.1
1297410 1246.2
1297420 1246.2
1297430 1245.3
1297440 1244.3
1297450 1243.4
1297460 1243.4
1297470 1242.4
1297480 1241.5
1297490 1241.5
1297500 1240.5
1297510 1239.6
1297520 1239.6
1297530 1238.6
1297540 1237.9
1297550 1237.9
1297560 1237.1
1297570 1236.1
1297580 1236.1
1297590 1235.4
1297600 1235.1
1297610 1235.1
1297620 1235.6
1297630 1235.9
1297640 1235.9
1297650 1235.5
1297660 1235.2
1297670 1235.2
1297680 1236.8
1297690 1239.6
1297700 1239.6
1297710 1241.9
1297720 1243.6
1297730 1244.6
1297740 1244.6
1297750 1245.7
1297760 1246.6
1297770 1246.6
1297780 1247.8
1297790 1250.0
1297800 1250.0
1297810 1252.9
1297820 1254.8
1297830 1254.8
1297840 1257.1
1297850 1260.0
1297860 1260.0
1297870 1262.8
1297880 1264.9
1297890 1264.9
1297900 1267.2
1297910 1270.0
1297920 1270.0
1297930 1271.9
1297940 1273.4
1297950 1273.4
1297960 1274.6
1297970 1276.0
1297980 1276.0
1297990 1277.9
1298000 1279.9
1298010 1279.9
1298020 1282.3
1298030 1284.9
1298040 1287.3
1298050 1287.3
1298060 1289.9
1298070 1292.0
1298080 1292.0
1298090 1293.7
1298100 1295.7
1298110 1295.7
1298120 1297.8
1298130 1300.3
1298140 1300.3
1298150 1303.2
1298160 1306.5
1298170 1306.5
1298180 1310.6
1298190 1315.0
1298200 1315.0
1298210 1319.3
1298220 1323.2
1298230 1323.2
1298240 1326.6
1298250 1324.2
1298260 1324.2
1298270 1325.7
1298280 1325.5
1298290 1325.5
1298300 1323.7
1298310 1322.5
1298320 1321.8
1298330 1321.8
1298340 1321.0
1298350 1320.7
1298360 1320.7
1298370 1319.3
1298380 1317.0
1298390 1317.0
1298400 1313.5
1298410 1310.1
1298420 1310.1
1298430 1306.9
1298440 1303.7
1298450 1303.7
1298460 1301.5
1298470 1300.0
1298480 1300.0
1298490 1298.2
1298500 1297.1
1298510 1297.1
1298520 1295.9
1298530 1294.5
1298540 1294.5
1298550 1292.7
1298560 1290.2
1298570 1290.2
1298580 1288.0
1298590 1286.3
1298600 1286.3
1298610 1284.1
1298620 1281.3
1298630 1278.7
1298640 1278.7
1298650 1276.8
1298660 1275.4
1298670 1275.4
1298680 1273.5
1298690 1271.8
1298700 1271.8
1298710 1271.0
1298720 1269.7
1298730 1269.7
1298740 1266.9
1298750 1264.6
1298760 1264.6
1298770 1263.5
1298780 1262.1
1298790 1262.1
1298800 1261.0
1298810 1259.3
1298820 1259.3
1298830 1258.0
1298840 1257.2
1298850 1257.2
1298860 1256.8
1298870 1256.1
1298880 1256.1
1298890 1255.2
1298900 1253.7
1298910 1252.0
1298920 1252.0
1298930 1244.4
1298940 1240.6
1298950 1240.6
1298960 1237.0
1298970 1235.4
1298980 1235.4
1298990 1236.1
1299000 1234.7
1299010 1234.7
1299020 1232.6
1299030 1231.4
1299040 1231.4
1299050 1230.1
1299060 1228.5
1299070 1228.5
1299080 1226.8
1299090 1225.7
1299100 1225.7
1299110 1225.5
1299120 1224.5
1299130 1224.5
1299140 1223.6
1299150 1222.1
1299160 1222.1
1299170 1218.7
1299180 1216.4
1299190 1216.4
1299200 1214.6
1299210 1213.7
1299220 1214.2
1299230 1214.2
1299240 1212.9
1299250 1210.7
1299260 1210.7
1299270 1208.2
1299280 1206.5
1299290 1206.5
1299300 1206.1
1299310 1205.2
1299320 1205.2
1299330 1204.1
1299340 1203.0
1299350 1203.0
1299360 1201.4
1299370 1199.0
1299380 1199.0
1299390 1198.6
1299400 1200.0
1299410 1200.0
1299420 1199.7
1299430 1197.7
1299440 1197.7
1299450 1196.7
1299460 1197.2
1299470 1197.2
1299480 1197.4
1299490 1195.1
1299500 1190.2
1299510 1190.2
1299520 1183.8
1299530 1175.2
1299540 1175.2
1299550 1165.8
1299560 1153.1
1299570 1153.1
1299580 1134.9
1299590 1099.7
1299600 1099.7
1299610 1061.5
1299620 1035.9
1299630 1035.9
1299640 996.4
1299650 956.8
1299660 956.8
1299670 936.4
1299680 957.0
1299690 957.0
1299700 996.9
1299710 1037.0
1299720 1037.0
1299730 1054.1
1299740 1078.0
1299750 1078.0
1299760 1096.0
1299770 1107.2
1299780 1107.2
1299790 1112.9
1299800 1116.9
1299810 1120.4
1299820 1120.4
1299830 1123.9
1299840 1128.1
1299850 1128.1
1299860 1132.0
1299870 1135.2
1299880 1135.2
1299890 1138.1
1299900 1139.7
1299910 1139.7
1299920 1140.4
1299930 1142.5
1299940 1142.5
1299950 1146.0
1299960 1148.4
1299970 1148.4
1299980 1150.7
1299990 1155.8
