1280000 2118.9
1280010 2123.0
1280020 2123.0
1280030 2126.0
1280040 2127.0
1280050 2127.0
1280060 2128.3
1280070 2131.8
1280080 2131.8
1280090 2133.8
1280100 2135.2
1280110 2135.2
1280120 2137.1
1280130 2140.8
1280140 2140.8
1280150 2146.5
1280160 2147.9
1280170 2153.0
1280180 2153.0
1280190 2158.9
1280200 2164.8
1280210 2164.8
1280220 2170.2
1280230 2173.6
1280240 2173.6
1280250 2175.9
1280260 2179.7
1280270 2179.7
1280280 2182.7
1280290 2184.4
1280300 2184.4
1280310 2188.2
1280320 2193.0
1280330 2193.0
1280340 2196.4
1280350 2198.1
1280360 2198.1
1280370 2201.4
1280380 2206.5
1280390 2206.5
1280400 2212.2
1280410 2217.7
1280420 2217.7
1280430 2222.9
1280440 2227.1
1280450 2230.3
1280460 2230.3
1280470 2234.7
1280480 2240.9
1280490 2240.9
1280500 2247.3
1280510 2253.8
1280520 2253.8
1280530 2262.2
1280540 2275.1
1280550 2275.1
1280560 2288.1
1280570 2297.9
1280580 2297.9
1280590 2302.6
1280600 2305.5
1280610 2305.5
1280620 2309.0
1280630 2312.7
1280640 2312.7
1280650 2315.7
1280660 2316.9
1280670 2316.9
1280680 2318.2
1280690 2320.5
1280700 2320.5
1280710 2320.6
1280720 2320.6
1280730 2320.6
1280740 2318.3
1280750 2315.5
1280760 2314.1
1280770 2314.1
1280780 2306.6
1280790 2303.7
1280800 2303.7
1280810 2306.0
1280820 2306.9
1280830 2306.9
1280840 2307.4
1280850 2308.3
1280860 2308.3
1280870 2308.8
1280880 2308.5
1280890 2308.5
1280900 2307.1
1280910 2306.0
1280920 2306.0
1280930 2305.1
1280940 2305.3
1280950 2305.3
1280960 2306.6
1280970 2307.0
1280980 2307.0
1280990 2304.5
1281000 2302.0
1281010 2302.0
1281020 2301.8
1281030 2302.9
1281040 2303.9
1281050 2303.9
1281060 2304.6
1281070 2306.1
1281080 2306.1
1281090 2307.0
1281100 2307.7
1281110 2307.7
1281120 2310.0
1281130 2312.4
1281140 2312.4
1281150 2310.8
1281160 2307.7
1281170 2307.7
1281180 2306.9
1281190 2306.1
1281200 2306.1
1281210 2302.1
1281220 2292.6
1281230 2292.6
1281240 2286.7
1281250 2280.9
1281260 2280.9
1281270 2276.6
1281280 2275.8
1281290 2275.8
1281300 2282.2
1281310 2287.1
1281320 2287.1
1281330 2288.8
1281340 2290.8
1281350 2297.0
1281360 2297.0
1281370 2300.2
1281380 2302.2
1281390 2302.2
1281400 2307.2
1281410 2310.5
1281420 2310.5
1281430 2313.5
1281440 2318.2
1281450 2318.2
1281460 2326.8
1281470 2337.5
1281480 2337.5
1281490 2340.0
1281500 2342.0
1281510 2342.0
1281520 2344.7
1281530 2349.5
1281540 2349.5
1281550 2353.8
1281560 2356.8
1281570 2356.8
1281580 2358.9
1281590 2359.8
1281600 2359.8
1281610 2362.5
1281620 2365.0
1281630 2367.1
1281640 2367.1
1281650 2368.6
1281660 2372.2
1281670 2372.2
1281680 2374.1
1281690 2375.8
1281700 2375.8
1281710 2378.3
1281720 2380.4
1281730 2380.4
1281740 2381.4
1281750 2381.6
1281760 2381.6
1281770 2380.8
1281780 2380.6
1281790 2380.6
1281800 2377.4
1281810 2374.3
1281820 2374.3
1281830 2372.2
1281840 2370.8
1281850 2370.8
1281860 2369.7
1281870 2372.1
1281880 2372.1
1281890 2376.9
1281900 2383.5
1281910 2383.5
1281920 2391.2
1281930 2397.3
1281940 2402.0
1281950 2402.0
1281960 2406.2
1281970 2410.3
1281980 2410.3
1281990 2413.0
1282000 2417.0
1282010 2417.0
1282020 2422.4
1282030 2427.8
1282040 2426.2
1282050 2429.9
1282060 2432.9
1282070 2432.9
1282080 2435.2
1282090 2436.0
1282100 2436.0
1282110 2438.1
1282120 2440.3
1282130 2440.3
1282140 2442.7
1282150 2445.4
1282160 2445.4
1282170 2448.1
1282180 2452.2
1282190 2452.2
1282200 2456.7
1282210 2462.2
1282220 2462.2
1282230 2468.8
1282240 2475.8
1282250 2483.1
1282260 2483.1
1282270 2490.4
1282280 2497.9
1282290 2497.9
1282300 2506.2
1282310 2514.8
1282320 2514.8
1282330 2526.0
1282340 2539.6
1282350 2539.6
1282360 2554.7
1282370 2570.0
1282380 2570.0
1282390 2580.5
1282400 2586.8
1282410 2586.8
1282420 2591.0
1282430 2594.8
1282440 2594.8
1282450 2600.3
1282460 2606.2
1282470 2606.2
1282480 2611.9
1282490 2620.1
1282500 2620.1
1282510 2626.6
1282520 2631.7
1282530 2637.5
1282540 2637.5
1282550 2639.9
1282560 2630.3
1282570 2630.3
1282580 2616.9
1282590 2605.3
1282600 2605.3
1282610 2594.7
1282620 2581.9
1282630 2581.9
1282640 2569.8
1282650 2556.7
1282660 2556.7
1282670 2539.7
1282680 2522.1
1282690 2522.1
1282700 2508.1
1282710 2495.2
1282720 2495.2
1282730 2493.4
1282740 2488.6
1282750 2488.6
1282760 2475.2
1282770 2422.3
1282780 2422.3
1282790 2391.3
1282800 2392.1
1282810 2392.1
1282820 2399.2
1282830 2404.8
1282840 2407.9
1282850 2407.9
1282860 2422.9
1282870 2433.2
1282880 2433.2
1282890 2443.1
1282900 2436.1
1282910 2436.1
1282920 2410.2
1282930 2388.8
1282940 2388.8
1282950 2373.4
1282960 2361.7
1282970 2361.7
1282980 2354.1
1282990 2340.7
1283000 2340.7
1283010 2332.3
1283020 2320.4
1283030 2320.4
1283040 2303.6
1283050 2285.6
1283060 2285.6
1283070 2265.8
1283080 2250.1
1283090 2250.1
1283100 2235.8
1283110 2216.3
1283120 2192.3
1283130 2192.3
1283140 2164.0
1283150 2141.7
1283160 2141.7
1283170 2121.9
1283180 2115.1
1283190 2115.1
1283200 2120.0
1283210 2101.1
1283220 2101.1
1283230 2067.3
1283240 2023.8
1283250 2023.8
1283260 1981.9
1283270 1937.9
1283280 1937.9
1283290 1917.5
1283300 1994.8
1283310 1994.8
1283320 1965.1
1283330 1924.7
1283340 1924.7
1283350 1895.7
1283360 1860.0
1283370 1860.0
1283380 1819.6
1283390 1780.1
1283400 1780.1
1283410 1755.5
1283420 1775.5
1283430 1800.5
1283440 1800.5
1283450 1817.8
1283460 1824.4
1283470 1824.4
1283480 1822.6
1283490 1823.8
1283500 1823.8
1283510 1820.0
1283520 1818.5
1283530 1818.5
1283540 1816.7
1283550 1813.6
1283560 1813.6
1283570 1804.8
1283580 1784.9
1283590 1784.9
1283600 1770.6
1283610 1761.5
1283620 1761.5
1283630 1748.9
1283640 1739.5
1283650 1739.5
1283660 1738.8
1283670 1744.1
1283680 1744.1
1283690 1752.1
1283700 1754.1
1283710 1755.2
1283720 1755.2
1283730 1759.8
1283740 1759.5
1283750 1759.5
1283760 1756.2
1283770 1750.7
1283780 1750.7
1283790 1752.3
1283800 1755.8
1283810 1755.8
1283820 1761.0
1283830 1768.6
1283840 1768.6
1283850 1776.7
1283860 1782.7
1283870 1782.7
1283880 1787.0
1283890 1790.2
1283900 1790.2
1283910 1793.8
1283920 1797.0
1283930 1797.0
1283940 1809.5
1283950 1814.3
1283960 1814.3
1283970 1819.7
1283980 1819.4
1283990 1819.4
1284000 1809.0
1284010 1794.2
1284020 1790.4
1284030 1790.4
1284040 1790.5
1284050 1792.9
1284060 1792.9
1284070 1798.9
1284080 1804.5
1284090 1804.5
1284100 1815.9
1284110 1832.2
1284120 1832.2
1284130 1856.4
1284140 1871.6
1284150 1871.6
1284160 1879.8
1284170 1884.7
1284180 1884.7
1284190 1891.7
1284200 1899.7
1284210 1899.7
1284220 1912.1
1284230 1930.0
1284240 1930.0
1284250 1948.3
1284260 1962.3
1284270 1962.3
1284280 1974.8
1284290 1989.0
1284300 1997.9
1284310 1997.9
1284320 2008.2
1284330 2020.0
1284340 2020.0
1284350 2032.8
1284360 2044.4
1284370 2044.4
1284380 2050.7
1284390 2053.3
1284400 2053.3
1284410 2051.6
1284420 2038.3
1284430 2038.3
1284440 2006.1
1284450 1946.7
1284460 1946.7
1284470 1927.1
1284480 1925.9
1284490 1925.9
1284500 1925.2
1284510 1924.3
1284520 1924.3
1284530 1923.5
1284540 1921.6
1284550 1921.6
1284560 1917.9
1284570 1929.5
1284580 1929.5
1284590 1927.4
1284600 1926.5
1284610 1931.8
1284620 1931.8
1284630 1940.1
1284640 1944.4
1284650 1944.4
1284660 1947.4
1284670 1950.7
1284680 1950.7
1284690 1949.3
1284700 1948.9
1284710 1948.9
1284720 1952.0
1284730 1954.7
1284740 1954.7
1284750 1955.1
1284760 1953.0
1284770 1953.0
1284780 1952.6
1284790 1950.3
1284800 1950.3
1284810 1947.9
1284820 1944.6
1284830 1944.6
1284840 1944.4
1284850 1944.7
1284860 1944.7
1284870 1942.4
1284880 1941.0
1284890 1940.7
1284900 1940.7
1284910 1943.5
1284920 1947.5
1284930 1947.5
1284940 1950.5
1284950 1950.6
1284960 1950.6
1284970 1947.4
1284980 1945.7
1284990 1945.7
1285000 1942.0
1285010 1936.4
1285020 1936.4
1285030 1931.2
1285040 1915.5
1285050 1915.5
1285060 1914.8
1285070 1921.6
1285080 1921.6
1285090 1930.7
1285100 1937.5
1285110 1937.5
1285120 1944.5
1285130 1952.3
1285140 1952.3
1285150 1960.1
1285160 1965.2
1285170 1965.2
1285180 1969.8
1285190 1976.2
1285200 1986.3
1285210 1997.4
1285220 2009.1
1285230 2021.7
1285240 2021.7
1285250 2050.0
1285260 2067.8
1285270 2067.8
1285280 2080.8
1285290 2103.4
1285300 2103.4
1285310 2119.2
1285320 2124.6
1285330 2124.6
1285340 2133.2
1285350 2141.3
1285360 2141.3
1285370 2148.6
1285380 2160.0
1285390 2160.0
1285400 2170.2
1285410 2178.8
1285420 2178.8
1285430 2187.5
1285440 2196.1
1285450 2196.1
1285460 2203.6
1285470 2211.3
1285480 2218.5
1285490 2218.5
1285500 2219.9
1285510 2220.5
1285520 2220.5
1285530 2222.9
1285540 2231.3
1285550 2231.3
1285560 2242.0
1285570 2249.5
1285580 2249.5
1285590 2259.1
1285600 2271.1
1285610 2271.1
1285620 2286.1
1285630 2298.0
1285640 2298.0
1285650 2314.2
1285660 2332.0
1285670 2332.0
1285680 2351.7
1285690 2371.6
1285700 2371.6
1285710 2385.9
1285720 2390.4
1285730 2390.4
1285740 2387.8
1285750 2410.2
1285760 2410.2
1285770 2426.5
1285780 2441.9
1285790 2455.3
1285800 2455.3
1285810 2466.7
1285820 2482.9
1285830 2482.9
1285840 2496.6
1285850 2536.2
1285860 2536.2
1285870 2551.3
1285880 2568.3
1285890 2568.3
1285900 2586.1
1285910 2585.5
1285920 2585.5
1285930 2574.6
1285940 2556.2
1285950 2556.2
1285960 2540.7
1285970 2528.3
1285980 2528.3
1285990 2516.4
1286000 2503.3
1286010 2503.3
1286020 2489.0
1286030 2478.5
1286040 2478.5
1286050 2470.3
1286060 2460.3
1286070 2450.8
1286080 2450.8
1286090 2438.5
1286100 2426.3
1286110 2426.3
1286120 2414.8
1286130 2396.7
1286140 2396.7
1286150 2366.5
1286160 2338.1
1286170 2338.1
1286180 2322.3
1286190 2314.6
1286200 2314.6
1286210 2308.4
1286220 2302.3
1286230 2302.3
1286240 2296.4
1286250 2290.6
1286260 2290.6
1286270 2285.1
1286280 2280.5
1286290 2280.5
1286300 2276.5
1286310 2273.3
1286320 2273.3
1286330 2270.6
1286340 2268.6
1286350 2268.6
1286360 2267.5
1286370 2267.5
1286380 2271.7
1286390 2271.7
1286400 2276.2
1286410 2278.2
1286420 2278.2
1286430 2273.8
1286440 2264.7
1286450 2264.7
1286460 2252.3
1286470 2237.0
1286480 2237.0
1286490 2221.1
1286500 2216.1
1286510 2216.1
1286520 2198.2
1286530 2180.6
1286540 2180.6
1286550 2169.7
1286560 2164.0
1286570 2164.0
1286580 2158.5
1286590 2153.1
1286600 2153.1
1286610 2148.2
1286620 2144.2
1286630 2144.2
1286640 2141.6
1286650 2137.8
1286660 2136.1
1286670 2136.1
1286680 2134.5
1286690 2131.5
1286700 2131.5
1286710 2128.7
1286720 2125.4
1286730 2125.4
1286740 2123.0
1286750 2120.3
1286760 2120.3
1286770 2117.9
1286780 2116.0
1286790 2116.0
1286800 2114.2
1286810 2112.4
1286820 2112.4
1286830 2110.4
1286840 2108.1
1286850 2108.1
1286860 2107.5
1286870 2106.7
1286880 2106.7
1286890 2105.4
1286900 2104.8
1286910 2104.8
1286920 2104.2
1286930 2103.1
1286940 2103.1
1286950 2103.6
1286960 2105.9
1286970 2110.6
1286980 2110.6
1286990 2116.0
1287000 2119.9
1287010 2119.9
1287020 2120.5
1287030 2119.5
1287040 2119.5
1287050 2117.5
1287060 2114.2
1287070 2114.2
1287080 2111.8
1287090 2112.0
1287100 2112.0
1287110 2114.3
1287120 2117.5
1287130 2117.5
1287140 2128.5
1287150 2138.0
1287160 2138.0
1287170 2157.6
1287180 2168.4
1287190 2168.4
1287200 2164.2
1287210 2157.3
1287220 2157.3
1287230 2149.0
1287240 2138.7
1287250 2116.2
1287260 2116.2
1287270 2075.0
1287280 2054.6
1287290 2054.6
1287300 2046.3
1287310 2040.5
1287320 2040.5
1287330 2035.4
1287340 2031.1
1287350 2031.1
1287360 2026.4
1287370 2020.2
1287380 2020.2
1287390 2014.4
1287400 2008.4
1287410 2008.4
1287420 2004.3
1287430 2001.9
1287440 2001.9
1287450 2001.7
1287460 2000.7
1287470 2000.7
1287480 1998.2
1287490 1993.9
1287500 1993.9
1287510 1990.8
1287520 1990.3
1287530 1990.3
1287540 1991.6
1287550 1997.9
1287560 2004.9
1287570 2004.9
1287580 2011.4
1287590 2014.4
1287600 2014.4
1287610 2015.3
1287620 2020.8
1287630 2020.8
1287640 2023.6
1287650 2023.5
1287660 2023.5
1287670 2026.2
1287680 2027.1
1287690 2027.1
1287700 2027.0
1287710 2029.0
1287720 2029.0
1287730 2031.6
1287740 2034.0
1287750 2034.0
1287760 2035.6
1287770 2036.4
1287780 2036.4
1287790 2038.9
1287800 2037.4
1287810 2037.4
1287820 2038.7
1287830 2037.5
1287840 2036.2
1287850 2036.2
1287860 2035.5
1287870 2034.2
1287880 2034.2
1287890 2033.0
1287900 2030.4
1287910 2030.4
1287920 2030.2
1287930 2029.3
1287940 2029.3
1287950 2026.8
1287960 2025.0
1287970 2025.0
1287980 2022.5
1287990 2018.9
1288000 2018.9
1288010 2017.0
1288020 2016.9
1288030 2016.9
1288040 2017.3
1288050 2017.7
1288060 2017.7
1288070 2016.8
1288080 2016.2
1288090 2016.2
1288100 2013.9
1288110 2011.9
1288120 2011.9
1288130 2008.4
1288140 2003.1
1288150 2000.3
1288160 2000.3
1288170 1998.5
1288180 1994.4
1288190 1994.4
1288200 1992.0
1288210 1990.9
1288220 1990.9
1288230 1991.0
1288240 1990.0
1288250 1990.0
1288260 1987.2
1288270 1986.2
1288280 1986.2
1288290 1984.8
1288300 1982.6
1288310 1982.6
1288320 1981.0
1288330 1979.9
1288340 1979.9
1288350 1976.0
1288360 1973.8
1288370 1973.8
1288380 1972.6
1288390 1973.6
1288400 1973.6
1288410 1976.4
1288420 1980.0
1288430 1980.0
1288440 1985.9
1288450 1989.1
1288460 1990.7
1288470 1990.7
1288480 1992.8
1288490 1997.9
1288500 1997.9
1288510 2003.8
1288520 2009.6
1288530 2009.6
1288540 2015.5
1288550 2021.6
1288560 2021.6
1288570 2028.2
1288580 2034.9
1288590 2034.9
1288600 2041.6
1288610 2048.5
1288620 2048.5
1288630 2059.2
1288640 2073.1
1288650 2073.1
1288660 2084.6
1288670 2089.7
1288680 2089.7
1288690 2092.5
1288700 2095.4
1288710 2095.4
1288720 2102.9
1288730 2127.3
1288740 2148.2
1288750 2148.2
1288760 2160.7
1288770 2181.0
1288780 2181.0
1288790 2212.9
1288800 2236.0
1288810 2236.0
1288820 2250.5
1288830 2260.3
1288840 2260.3
1288850 2266.1
1288860 2268.4
1288870 2268.4
1288880 2273.8
1288890 2285.8
1288900 2285.8
1288910 2294.0
1288920 2299.4
1288930 2299.4
1288940 2304.3
1288950 2312.4
1288960 2312.4
1288970 2319.3
1288980 2326.6
1288990 2326.6
1289000 2333.8
1289010 2337.9
1289020 2337.9
1289030 2342.7
1289040 2348.9
1289050 2355.9
1289060 2355.9
1289070 2361.0
1289080 2367.6
1289090 2380.4
1289100 2385.3
1289110 2391.4
1289120 2391.4
1289130 2394.9
1289140 2404.2
1289150 2404.2
1289160 2416.1
1289170 2427.1
1289180 2427.1
1289190 2439.2
1289200 2440.2
1289210 2440.2
1289220 2438.8
1289230 2436.9
1289240 2436.9
1289250 2433.5
1289260 2431.8
1289270 2431.8
1289280 2431.6
1289290 2432.4
1289300 2432.4
1289310 2433.6
1289320 2429.5
1289330 2425.1
1289340 2425.1
1289350 2425.0
1289360 2423.9
1289370 2423.9
1289380 2422.4
1289390 2419.3
1289400 2419.3
1289410 2412.2
1289420 2403.7
1289430 2403.7
1289440 2396.3
1289450 2397.4
1289460 2397.4
1289470 2408.9
1289480 2428.9
1289490 2428.9
1289500 2439.2
1289510 2435.4
1289520 2435.4
1289530 2430.2
1289540 2417.7
1289550 2417.7
1289560 2410.0
1289570 2404.5
1289580 2404.5
1289590 2396.0
1289600 2389.9
1289610 2389.9
1289620 2388.0
1289630 2381.7
1289640 2369.8
1289650 2369.8
1289660 2369.1
1289670 2384.4
1289680 2384.4
1289690 2394.5
1289700 2396.8
1289710 2396.8
1289720 2397.3
1289730 2402.4
1289740 2402.4
1289750 2401.5
1289760 2404.2
1289770 2404.2
1289780 2403.7
1289790 2410.3
1289800 2410.3
1289810 2412.7
1289820 2416.1
1289830 2416.1
1289840 2423.4
1289850 2435.1
1289860 2435.1
1289870 2442.8
1289880 2430.7
1289890 2430.7
1289900 2425.0
1289910 2418.0
1289920 2414.9
1289930 2414.9
1289940 2395.8
1289950 2385.1
1289960 2385.1
1289970 2379.5
1289980 2371.7
1289990 2371.7
1290000 2367.5
1290010 2363.8
1290020 2363.8
1290030 2360.3
1290040 2357.1
1290050 2357.1
1290060 2354.1
1290070 2351.4
1290080 2351.4
1290090 2347.2
1290100 2345.7
1290110 2345.7
1290120 2348.2
1290130 2353.1
1290140 2353.1
1290150 2357.5
1290160 2354.1
1290170 2354.1
1290180 2353.5
1290190 2356.0
1290200 2356.0
1290210 2355.2
1290220 2354.7
1290230 2362.0
1290240 2362.0
1290250 2365.9
1290260 2373.0
1290270 2373.0
1290280 2382.2
1290290 2382.8
1290300 2382.8
1290310 2380.3
1290320 2375.4
1290330 2375.4
1290340 2379.9
1290350 2392.1
1290360 2392.1
1290370 2397.0
1290380 2394.3
1290390 2394.3
1290400 2384.2
1290410 2385.0
1290420 2385.0
1290430 2386.7
1290440 2388.3
1290450 2388.3
1290460 2396.0
1290470 2407.6
1290480 2407.6
1290490 2404.7
1290500 2403.9
1290510 2414.2
1290520 2414.2
1290530 2413.8
1290540 2391.1
1290550 2391.1
1290560 2353.9
1290570 2338.4
1290580 2338.4
1290590 2324.3
1290600 2309.2
1290610 2309.2
1290620 2286.6
1290630 2265.9
1290640 2265.9
1290650 2255.8
1290660 2234.4
1290670 2234.4
1290680 2213.0
1290690 2205.5
1290700 2205.5
1290710 2198.8
1290720 2192.3
1290730 2192.3
1290740 2186.1
1290750 2179.9
1290760 2179.9
1290770 2173.6
1290780 2167.1
1290790 2167.1
1290800 2160.7
1290810 2154.3
1290820 2147.8
1290830 2147.8
1290840 2141.2
1290850 2134.8
1290860 2134.8
1290870 2128.9
1290880 2125.0
1290890 2125.0
1290900 2121.7
1290910 2117.7
1290920 2117.7
1290930 2112.7
1290940 2107.7
1290950 2107.7
1290960 2102.4
1290970 2097.6
1290980 2097.6
1290990 2094.9
1291000 2093.0
1291010 2093.0
1291020 2091.5
1291030 2090.1
1291040 2090.1
1291050 2087.2
1291060 2077.3
1291070 2077.3
1291080 2073.7
1291090 2069.6
1291100 2065.0
1291110 2065.0
1291120 2060.0
1291130 2054.7
1291140 2054.7
1291150 2048.2
1291160 2042.9
1291170 2042.9
1291180 2038.1
1291190 2033.3
1291200 2033.3
1291210 2028.5
1291220 2024.5
1291230 2024.5
1291240 2021.2
1291250 2017.2
1291260 2017.2
1291270 2011.8
1291280 2005.6
1291290 2005.6
1291300 1998.5
1291310 1990.3
1291320 1990.3
1291330 1982.0
1291340 1976.2
1291350 1976.2
1291360 1966.5
1291370 1951.5
1291380 1951.5
1291390 1939.4
1291400 1931.9
1291410 1925.0
1291420 1925.0
1291430 1921.9
1291440 1918.4
1291450 1918.4
1291460 1914.5
1291470 1912.1
1291480 1912.1
1291490 1912.2
1291500 1907.0
1291510 1907.0
1291520 1900.6
1291530 1896.5
1291540 1896.5
1291550 1895.2
1291560 1896.8
1291570 1896.8
1291580 1899.3
1291590 1902.8
1291600 1902.8
1291610 1906.3
1291620 1911.8
1291630 1911.8
1291640 1915.5
1291650 1914.9
1291660 1914.9
1291670 1918.4
1291680 1920.9
1291690 1924.5
1291700 1924.5
1291710 1929.5
1291720 1936.4
1291730 1936.4
1291740 1942.0
1291750 1948.2
1291760 1948.2
1291770 1954.7
1291780 1960.5
1291790 1960.5
1291800 1966.2
1291810 1974.6
1291820 1974.6
1291830 1981.5
1291840 1986.9
1291850 1986.9
1291860 1993.6
1291870 2001.0
1291880 2001.0
1291890 2006.0
1291900 2011.7
1291910 2011.7
1291920 2017.6
1291930 2024.5
1291940 2024.5
1291950 2033.9
1291960 2042.1
1291970 2042.1
1291980 2049.5
1291990 2056.3
1292000 2061.5
1292010 2061.5
1292020 2067.2
1292030 2071.3
1292040 2071.3
1292050 2073.3
1292060 2071.4
1292070 2071.4
1292080 2069.6
1292090 2066.6
1292100 2066.6
1292110 2060.5
1292120 2053.3
1292130 2053.3
1292140 2050.9
1292150 2050.5
1292160 2050.5
1292170 2049.5
1292180 2053.5
1292190 2053.5
1292200 2055.1
1292210 2049.0
1292220 2049.0
1292230 2046.2
1292240 2048.9
1292250 2048.9
1292260 2058.1
1292270 2061.9
1292280 2059.9
1292290 2059.9
1292300 2052.7
1292310 2044.9
1292320 2044.9
1292330 2039.7
1292340 2038.7
1292350 2038.7
1292360 2039.1
1292370 2036.0
1292380 2050.8
1292390 2049.3
1292400 2048.3
1292410 2048.3
1292420 2050.6
1292430 2053.1
1292440 2053.1
1292450 2053.2
1292460 2050.5
1292470 2050.5
1292480 2047.4
1292490 2040.1
1292500 2040.1
1292510 2031.1
1292520 2027.8
1292530 2027.8
1292540 2029.6
1292550 2035.0
1292560 2035.0
1292570 2038.6
1292580 2039.1
1292590 2038.2
1292600 2038.2
1292610 2034.0
1292620 2036.4
1292630 2036.4
1292640 2038.5
1292650 2033.8
1292660 2033.8
1292670 2030.9
1292680 2032.5
1292690 2032.5
1292700 2038.5
1292710 2046.0
1292720 2046.0
1292730 2055.0
1292740 2067.1
1292750 2067.1
1292760 2070.0
1292770 2071.3
1292780 2071.3
1292790 2069.5
1292800 2070.4
1292810 2070.4
1292820 2067.8
1292830 2067.0
1292840 2067.0
1292850 2070.6
1292860 2077.4
1292870 2090.1
1292880 2090.1
1292890 2099.3
1292900 2099.9
1292910 2099.9
1292920 2101.3
1292930 2104.7
1292940 2104.7
1292950 2110.4
1292960 2106.8
1292970 2106.8
1292980 2096.2
1292990 2085.0
1293000 2085.0
1293010 2074.7
1293020 2062.6
1293030 2062.6
1293040 2050.7
1293050 2049.6
1293060 2049.6
1293070 2038.8
1293080 2028.4
1293090 2028.4
1293100 2019.8
1293110 2008.6
1293120 2008.6
1293130 1997.8
1293140 1982.8
1293150 1982.8
1293160 1966.9
1293170 1953.1
1293180 1939.6
1293190 1939.6
1293200 1931.2
1293210 1920.4
1293220 1920.4
1293230 1906.6
1293240 1899.7
1293250 1899.7
1293260 1891.3
1293270 1879.6
1293280 1879.6
1293290 1869.1
1293300 1862.0
1293310 1862.0
1293320 1856.8
1293330 1852.3
1293340 1852.3
1293350 1851.6
1293360 1849.7
1293370 1849.7
1293380 1851.4
1293390 1853.5
1293400 1853.5
1293410 1854.0
1293420 1856.3
1293430 1856.3
1293440 1863.3
1293450 1862.9
1293460 1857.7
1293470 1857.7
1293480 1856.1
1293490 1855.5
1293500 1855.5
1293510 1855.5
1293520 1859.6
1293530 1859.6
1293540 1864.9
1293550 1859.5
1293560 1859.5
1293570 1852.0
1293580 1854.0
1293590 1854.0
1293600 1858.6
1293610 1866.1
1293620 1866.1
1293630 1873.0
1293640 1865.8
1293650 1865.8
1293660 1861.3
1293670 1867.5
1293680 1867.5
1293690 1874.2
1293700 1880.0
1293710 1880.0
1293720 1872.5
1293730 1867.2
1293740 1867.2
1293750 1867.8
1293760 1883.2
1293770 1884.6
1293780 1884.6
1293790 1884.9
1293800 1886.9
1293810 1886.9
1293820 1881.9
1293830 1888.3
1293840 1888.3
1293850 1884.5
1293860 1873.6
1293870 1873.6
1293880 1864.8
1293890 1865.3
1293900 1865.3
1293910 1871.9
1293920 1876.7
1293930 1876.7
1293940 1884.4
1293950 1893.4
1293960 1893.4
1293970 1898.5
1293980 1899.2
1293990 1899.2
1294000 1892.0
1294010 1875.2
1294020 1875.2
1294030 1861.4
1294040 1843.9
1294050 1810.5
1294060 1810.5
1294070 1793.8
1294080 1785.8
1294090 1785.8
1294100 1771.9
1294110 1758.1
1294120 1758.1
1294130 1758.7
1294140 1764.8
1294150 1764.8
1294160 1774.5
1294170 1785.9
1294180 1785.9
1294190 1788.1
1294200 1793.7
1294210 1793.7
1294220 1798.0
1294230 1805.5
1294240 1805.5
1294250 1811.1
1294260 1816.1
1294270 1816.1
1294280 1819.3
1294290 1828.6
1294300 1828.6
1294310 1831.0
1294320 1815.9
1294330 1815.9
1294340 1802.2
1294350 1799.2
1294360 1804.4
1294370 1804.4
1294380 1796.1
1294390 1779.1
1294400 1779.1
1294410 1781.6
1294420 1793.0
1294430 1793.0
1294440 1798.2
1294450 1799.4
1294460 1799.4
1294470 1799.9
1294480 1795.4
1294490 1795.4
1294500 1790.7
1294510 1790.6
1294520 1790.6
1294530 1797.1
1294540 1794.1
1294550 1794.1
1294560 1787.4
1294570 1774.1
1294580 1774.1
1294590 1754.4
1294600 1739.3
1294610 1739.3
1294620 1730.4
1294630 1724.0
1294640 1709.7
1294650 1709.7
1294660 1678.7
1294670 1666.9
1294680 1666.9
1294690 1661.9
1294700 1663.2
1294710 1663.2
1294720 1655.0
1294730 1651.9
1294740 1651.9
1294750 1652.3
1294760 1648.1
1294770 1648.1
1294780 1644.4
1294790 1643.6
1294800 1643.6
1294810 1639.9
1294820 1635.7
1294830 1635.7
1294840 1632.9
1294850 1628.7
1294860 1628.7
1294870 1623.2
1294880 1616.6
1294890 1616.6
1294900 1609.5
1294910 1603.0
1294920 1603.0
1294930 1599.1
1294940 1595.0
1294950 1589.8
1294960 1589.8
1294970 1585.8
1294980 1582.0
1294990 1582.0
1295000 1577.5
1295010 1573.1
1295020 1573.1
1295030 1568.6
1295040 1563.3
1295050 1563.3
1295060 1554.9
1295070 1550.5
1295080 1550.5
1295090 1546.4
1295100 1542.5
1295110 1542.5
1295120 1538.2
1295130 1534.0
1295140 1534.0
1295150 1529.9
1295160 1526.2
1295170 1526.2
1295180 1522.4
1295190 1518.2
1295200 1518.2
1295210 1514.9
1295220 1512.6
1295230 1511.0
1295240 1511.0
1295250 1509.8
1295260 1508.0
1295270 1508.0
1295280 1506.3
1295290 1504.7
1295300 1504.7
1295310 1502.3
1295320 1497.9
1295330 1497.9
1295340 1496.1
1295350 1495.7
1295360 1495.7
1295370 1495.6
1295380 1493.3
1295390 1493.3
1295400 1490.5
1295410 1488.4
1295420 1488.4
1295430 1485.7
1295440 1483.1
1295450 1483.1
1295460 1479.9
1295470 1478.2
1295480 1478.2
1295490 1476.7
1295500 1475.2
1295510 1475.2
1295520 1471.0
1295530 1462.4
1295540 1455.8
1295550 1455.8
1295560 1449.4
1295570 1442.3
1295580 1442.3
1295590 1435.6
1295600 1429.8
1295610 1429.8
1295620 1424.8
1295630 1419.2
1295640 1419.2
1295650 1415.1
1295660 1410.3
1295670 1410.3
1295680 1406.9
1295690 1404.4
1295700 1404.4
1295710 1401.0
1295720 1398.0
1295730 1399.5
1295740 1394.6
1295750 1392.4
1295760 1392.4
1295770 1390.6
1295780 1390.6
1295790 1390.6
1295800 1392.6
1295810 1395.7
1295820 1400.7
1295830 1400.7
1295840 1406.9
1295850 1413.4
1295860 1413.4
1295870 1416.0
1295880 1414.6
1295890 1414.6
1295900 1412.9
1295910 1411.6
1295920 1411.6
1295930 1410.0
1295940 1407.1
1295950 1407.1
1295960 1403.1
1295970 1399.0
1295980 1399.0
1295990 1394.7
1296000 1389.8
1296010 1389.8
1296020 1384.0
1296030 1378.7
1296040 1378.7
1296050 1374.6
1296060 1372.1
1296070 1372.1
1296080 1369.1
1296090 1366.8
1296100 1366.8
1296110 1365.6
1296120 1365.5
1296130 1364.1
1296140 1364.1
1296150 1363.5
1296160 1363.3
1296170 1363.3
1296180 1363.3
1296190 1364.0
1296200 1364.0
1296210 1364.3
1296220 1364.6
1296230 1364.6
1296240 1365.5
1296250 1365.5
1296260 1365.5
1296270 1364.2
1296280 1363.7
1296290 1363.7
1296300 1363.0
1296310 1361.7
1296320 1361.7
1296330 1359.7
1296340 1357.5
1296350 1357.5
1296360 1355.4
1296370 1354.5
1296380 1354.5
1296390 1353.6
1296400 1353.7
1296410 1347.2
1296420 1347.2
1296430 1347.0
1296440 1345.4
1296450 1345.4
1296460 1344.5
1296470 1343.0
1296480 1343.0
1296490 1340.8
1296500 1338.2
1296510 1338.2
1296520 1335.4
1296530 1333.3
1296540 1333.3
1296550 1331.6
1296560 1330.8
1296570 1330.8
1296580 1330.4
1296590 1330.2
1296600 1330.2
1296610 1330.8
1296620 1333.0
1296630 1333.0
1296640 1334.4
1296650 1334.6
1296660 1334.6
1296670 1335.3
1296680 1335.9
1296690 1335.9
1296700 1335.8
1296710 1335.7
1296720 1335.8
1296730 1335.8
1296740 1335.9
1296750 1335.9
1296760 1335.9
1296770 1335.5
1296780 1334.1
1296790 1334.1
1296800 1332.2
1296810 1331.4
1296820 1331.4
1296830 1329.9
1296840 1326.9
1296850 1326.9
1296860 1325.2
1296870 1326.0
1296880 1326.0
1296890 1326.7
1296900 1328.1
1296910 1328.1
1296920 1328.5
1296930 1329.6
1296940 1329.6
1296950 1333.3
1296960 1335.9
1296970 1335.9
1296980 1335.9
1296990 1335.4
1297000 1333.7
1297010 1333.7
1297020 1331.6
1297030 1331.1
1297040 1331.1
1297050 1330.5
1297060 1329.4
1297070 1329.4
1297080 1330.6
1297090 1325.7
1297100 1325.7
1297110 1326.2
1297120 1326.4
1297130 1326.4
1297140 1327.0
1297150 1327.6
1297160 1327.6
1297170 1328.8
1297180 1330.3
1297190 1330.3
1297200 1331.0
1297210 1330.7
1297220 1330.7
1297230 1331.7
1297240 1332.2
1297250 1332.2
1297260 1332.2
1297270 1332.2
1297280 1332.2
1297290 1331.9
1297300 1331.3
1297310 1331.5
1297320 1331.5
1297330 1332.1
1297340 1333.2
1297350 1333.2
1297360 1334.0
1297370 1334.6
1297380 1334.6
1297390 1335.0
1297400 1335.3
1297410 1335.3
1297420 1336.1
1297430 1336.6
1297440 1336.6
1297450 1337.5
1297460 1339.9
1297470 1339.9
1297480 1343.2
1297490 1345.6
1297500 1345.6
1297510 1348.0
1297520 1350.3
1297530 1350.3
1297540 1352.7
1297550 1355.2
1297560 1355.2
1297570 1357.6
1297580 1360.2
1297590 1363.3
1297600 1363.3
1297610 1365.4
1297620 1367.2
1297630 1367.2
1297640 1368.2
1297650 1368.7
1297660 1368.7
1297670 1368.7
1297680 1369.6
1297690 1369.6
1297700 1372.4
1297710 1375.2
1297720 1375.2
1297730 1377.8
1297740 1379.6
1297750 1379.6
1297760 1380.6
1297770 1374.1
1297780 1374.1
1297790 1376.1
1297800 1378.8
1297810 1378.8
1297820 1382.7
1297830 1386.8
1297840 1386.8
1297850 1390.7
1297860 1393.7
1297870 1393.7
1297880 1397.2
1297890 1399.7
1297900 1401.5
1297910 1401.5
1297920 1404.9
1297930 1407.9
1297940 1407.9
1297950 1410.8
1297960 1413.5
1297970 1413.5
1297980 1415.7
1297990 1417.9
1298000 1417.9
1298010 1419.8
1298020 1421.9
1298030 1421.9
1298040 1425.1
1298050 1427.6
1298060 1427.6
1298070 1429.1
1298080 1430.5
1298090 1430.5
1298100 1434.9
1298110 1439.4
1298120 1439.4
1298130 1442.2
1298140 1446.0
1298150 1446.0
1298160 1449.4
1298170 1453.5
1298180 1463.1
1298190 1463.1
1298200 1471.7
1298210 1478.2
1298220 1478.2
1298230 1484.6
1298240 1491.0
1298250 1491.0
1298260 1496.0
1298270 1500.4
1298280 1500.4
1298290 1504.0
1298300 1506.2
1298310 1506.2
1298320 1507.6
1298330 1508.3
1298340 1508.3
1298350 1508.3
1298360 1507.4
1298370 1507.4
1298380 1505.9
1298390 1505.6
1298400 1505.6
1298410 1504.9
1298420 1505.1
1298430 1505.1
1298440 1507.2
1298450 1487.4
1298460 1487.4
1298470 1487.5
1298480 1490.4
1298490 1494.1
1298500 1494.1
1298510 1495.2
1298520 1494.8
1298530 1494.8
1298540 1494.5
1298550 1494.9
1298560 1494.9
1298570 1502.6
1298580 1512.9
1298590 1512.9
1298600 1515.7
1298610 1518.7
1298620 1518.7
1298630 1521.3
1298640 1523.9
1298650 1523.9
1298660 1528.4
1298670 1533.5
1298680 1533.5
1298690 1538.1
1298700 1541.1
1298710 1541.1
1298720 1541.2
1298730 1539.4
1298740 1539.4
1298750 1536.8
1298760 1533.7
1298770 1529.5
1298780 1529.5
1298790 1524.5
1298800 1519.6
1298810 1519.6
1298820 1515.1
1298830 1510.2
1298840 1510.2
1298850 1505.0
1298860 1498.3
1298870 1498.3
1298880 1491.9
1298890 1486.7
1298900 1486.7
1298910 1482.4
1298920 1478.0
1298930 1478.0
1298940 1473.2
1298950 1468.8
1298960 1468.8
1298970 1463.2
1298980 1457.2
1298990 1457.2
1299000 1452.5
1299010 1448.5
1299020 1448.5
1299030 1442.6
1299040 1435.9
1299050 1435.9
1299060 1428.5
1299070 1420.7
1299080 1413.6
1299090 1413.6
1299100 1407.9
1299110 1402.4
1299120 1402.4
1299130 1396.5
1299140 1391.2
1299150 1391.2
1299160 1385.8
1299170 1380.8
1299180 1380.8
1299190 1376.2
1299200 1371.2
1299210 1371.2
1299220 1365.3
1299230 1359.4
1299240 1359.4
1299250 1352.7
1299260 1345.9
1299270 1345.9
1299280 1339.4
1299290 1332.8
1299300 1332.8
1299310 1326.4
1299320 1319.5
1299330 1319.5
1299340 1310.0
1299350 1299.0
1299360 1287.7
1299370 1287.7
1299380 1268.0
1299390 1231.3
1299400 1231.3
1299410 1209.3
1299420 1184.4
1299430 1184.4
1299440 1166.6
1299450 1155.0
1299460 1155.0
1299470 1142.8
1299480 1130.7
1299490 1130.7
1299500 1114.8
1299510 1110.4
1299520 1110.4
1299530 1123.0
1299540 1131.5
1299550 1131.5
1299560 1135.3
1299570 1137.5
1299580 1137.5
1299590 1140.1
1299600 1142.1
1299610 1142.1
1299620 1143.1
1299630 1144.4
1299640 1144.4
1299650 1144.5
1299660 1143.6
1299670 1143.1
1299680 1143.1
1299690 1142.5
1299700 1142.2
1299710 1142.2
1299720 1143.4
1299730 1145.6
1299740 1145.6
1299750 1151.5
1299760 1165.1
1299770 1165.1
1299780 1180.3
1299790 1225.9
1299800 1225.9
1299810 1302.6
1299820 1332.0
1299830 1325.7
1299840 1342.8
1299850 1361.3
1299860 1361.3
1299870 1374.4
1299880 1384.9
1299890 1384.9
1299900 1397.5
1299910 1407.4
1299920 1407.4
1299930 1413.6
1299940 1421.1
1299950 1421.1
1299960 1427.4
1299970 1432.7
1299980 1438.2
1299990 1438.2
