1280000 2187.0
1280010 2188.2
1280020 2188.8
1280030 2188.8
1280040 2188.9
1280050 2190.3
1280060 2192.2
1280070 2192.2
1280080 2192.7
1280090 2193.5
1280100 2193.5
1280110 2192.4
1280120 2194.8
1280130 2194.8
1280140 2198.5
1280150 2200.9
1280160 2200.9
1280170 2205.1
1280180 2209.6
1280190 2209.6
1280200 2212.7
1280210 2217.0
1280220 2217.0
1280230 2222.0
1280240 2225.7
1280250 2225.7
1280260 2228.4
1280270 2232.4
1280280 2232.4
1280290 2236.6
1280300 2240.5
1280310 2240.5
1280320 2244.6
1280330 2249.2
1280340 2249.2
1280350 2253.0
1280360 2256.3
1280370 2259.0
1280380 2259.0
1280390 2261.9
1280400 2265.7
1280410 2265.7
1280420 2269.6
1280430 2273.0
1280440 2273.0
1280450 2275.7
1280460 2277.7
1280470 2277.7
1280480 2278.7
1280490 2283.2
1280500 2283.2
1280510 2286.5
1280520 2288.9
1280530 2288.9
1280540 2293.5
1280550 2296.5
1280560 2296.5
1280570 2298.8
1280580 2301.9
1280590 2301.9
1280600 2304.8
1280610 2305.9
1280620 2305.9
1280630 2309.9
1280640 2313.2
1280650 2317.5
1280660 2317.5
1280670 2321.4
1280680 2324.2
1280690 2324.2
1280700 2325.4
1280710 2327.3
1280720 2327.3
1280730 2332.0
1280740 2338.2
1280750 2338.2
1280760 2342.8
1280770 2345.6
1280780 2345.6
1280790 2347.2
1280800 2349.7
1280810 2349.7
1280820 2353.6
1280830 2356.5
1280840 2356.5
1280850 2356.8
1280860 2357.9
1280870 2357.9
1280880 2360.0
1280890 2362.1
1280900 2362.1
1280910 2362.7
1280920 2364.1
1280930 2364.1
1280940 2365.7
1280950 2367.8
1280960 2369.9
1280970 2369.9
1280980 2370.7
1280990 2370.1
1281000 2370.1
1281010 2370.9
1281020 2371.6
1281030 2371.6
1281040 2370.7
1281050 2370.0
1281060 2370.0
1281070 2370.2
1281080 2371.0
1281090 2371.0
1281100 2370.3
1281110 2369.5
1281120 2369.5
1281130 2368.9
1281140 2369.6
1281150 2369.6
1281160 2368.3
1281170 2364.7
1281180 2364.7
1281190 2361.7
1281200 2359.1
1281210 2359.1
1281220 2356.0
1281230 2351.3
1281240 2342.1
1281250 2342.1
1281260 2329.1
1281270 2316.2
1281280 2316.2
1281290 2307.2
1281300 2302.4
1281310 2302.4
1281320 2301.7
1281330 2302.1
1281340 2302.1
1281350 2302.9
1281360 2301.0
1281370 2301.0
1281380 2303.6
1281390 2305.1
1281400 2305.1
1281410 2305.4
1281420 2308.1
1281430 2308.1
1281440 2313.0
1281450 2319.4
1281460 2319.4
1281470 2326.5
1281480 2333.7
1281490 2333.7
1281500 2345.0
1281510 2363.7
1281520 2363.7
1281530 2370.1
1281540 2371.8
1281550 2374.8
1281560 2374.8
1281570 2379.4
1281580 2384.7
1281590 2384.7
1281600 2387.8
1281610 2390.3
1281620 2390.3
1281630 2393.6
1281640 2395.0
1281650 2395.0
1281660 2394.2
1281670 2395.0
1281680 2395.0
1281690 2397.2
1281700 2396.7
1281710 2396.7
1281720 2395.1
1281730 2395.2
1281740 2395.2
1281750 2397.4
1281760 2399.9
1281770 2399.9
1281780 2403.8
1281790 2406.4
1281800 2406.4
1281810 2408.0
1281820 2410.4
1281830 2411.8
1281840 2411.8
1281850 2409.4
1281860 2407.7
1281870 2407.7
1281880 2408.0
1281890 2409.0
1281900 2409.0
1281910 2412.1
1281920 2414.4
1281930 2414.4
1281940 2418.4
1281950 2423.5
1281960 2423.5
1281970 2428.9
1281980 2434.7
1281990 2432.3
1282000 2438.0
1282010 2442.7
1282020 2442.7
1282030 2447.9
1282040 2452.1
1282050 2452.1
1282060 2455.9
1282070 2460.5
1282080 2460.5
1282090 2467.0
1282100 2474.8
1282110 2474.8
1282120 2481.2
1282130 2487.3
1282140 2496.0
1282150 2496.0
1282160 2503.8
1282170 2510.3
1282180 2510.3
1282190 2515.9
1282200 2521.5
1282210 2521.5
1282220 2527.5
1282230 2533.9
1282240 2533.9
1282250 2542.5
1282260 2555.3
1282270 2555.3
1282280 2564.1
1282290 2576.3
1282300 2576.3
1282310 2592.4
1282320 2601.0
1282330 2601.0
1282340 2611.7
1282350 2618.3
1282360 2618.3
1282370 2602.3
1282380 2571.6
1282390 2571.6
1282400 2483.3
1282410 2442.7
1282420 2442.7
1282430 2429.3
1282440 2415.7
1282450 2403.4
1282460 2403.4
1282470 2386.5
1282480 2364.7
1282490 2364.7
1282500 2351.7
1282510 2346.2
1282520 2346.2
1282530 2335.4
1282540 2319.2
1282550 2319.2
1282560 2302.8
1282570 2285.7
1282580 2285.7
1282590 2273.7
1282600 2261.9
1282610 2261.9
1282620 2258.8
1282630 2247.9
1282640 2247.9
1282650 2236.8
1282660 2233.3
1282670 2233.3
1282680 2238.7
1282690 2244.2
1282700 2244.2
1282710 2246.8
1282720 2261.6
1282730 2282.9
1282740 2282.9
1282750 2270.5
1282760 2244.5
1282770 2244.5
1282780 2224.8
1282790 2209.2
1282800 2209.2
1282810 2200.5
1282820 2192.3
1282830 2192.3
1282840 2185.3
1282850 2179.9
1282860 2179.9
1282870 2158.9
1282880 2163.1
1282890 2163.1
1282900 2170.7
1282910 2177.4
1282920 2177.4
1282930 2166.1
1282940 2093.4
1282950 2093.4
1282960 1946.6
1282970 1857.9
1282980 1857.9
1282990 1788.3
1283000 1738.1
1283010 1738.1
1283020 1695.8
1283030 1680.7
1283040 1673.0
1283050 1673.0
1283060 1666.1
1283070 1658.8
1283080 1658.8
1283090 1652.8
1283100 1648.9
1283110 1648.9
1283120 1646.1
1283130 1643.0
1283140 1643.0
1283150 1638.7
1283160 1633.6
1283170 1633.6
1283180 1628.5
1283190 1623.4
1283200 1623.4
1283210 1618.3
1283220 1613.7
1283230 1613.7
1283240 1609.6
1283250 1609.4
1283260 1609.4
1283270 1604.4
1283280 1599.6
1283290 1599.6
1283300 1596.2
1283310 1592.8
1283320 1589.8
1283330 1589.8
1283340 1586.1
1283350 1581.8
1283360 1581.8
1283370 1578.3
1283380 1575.1
1283390 1575.1
1283400 1572.0
1283410 1570.1
1283420 1570.1
1283430 1568.7
1283440 1567.5
1283450 1567.5
1283460 1566.0
1283470 1564.3
1283480 1564.3
1283490 1561.9
1283500 1559.2
1283510 1559.2
1283520 1556.2
1283530 1552.9
1283540 1552.9
1283550 1549.5
1283560 1545.9
1283570 1545.9
1283580 1542.1
1283590 1539.9
1283600 1539.9
1283610 1538.3
1283620 1535.3
1283630 1532.9
1283640 1532.9
1283650 1530.6
1283660 1527.5
1283670 1527.5
1283680 1525.6
1283690 1525.8
1283700 1525.8
1283710 1525.6
1283720 1524.8
1283730 1524.8
1283740 1523.4
1283750 1523.8
1283760 1523.8
1283770 1526.3
1283780 1528.9
1283790 1528.9
1283800 1530.9
1283810 1532.1
1283820 1532.1
1283830 1534.2
1283840 1538.2
1283850 1538.2
1283860 1541.3
1283870 1543.5
1283880 1543.5
1283890 1551.4
1283900 1554.3
1283910 1552.2
1283920 1552.2
1283930 1546.6
1283940 1542.0
1283950 1542.0
1283960 1541.2
1283970 1543.5
1283980 1543.5
1283990 1541.1
1284000 1537.9
1284010 1537.9
1284020 1536.8
1284030 1534.5
1284040 1534.5
1284050 1530.3
1284060 1534.6
1284070 1534.6
1284080 1537.1
1284090 1545.2
1284100 1545.2
1284110 1558.2
1284120 1573.7
1284130 1573.7
1284140 1589.5
1284150 1601.2
1284160 1601.2
1284170 1609.3
1284180 1615.5
1284190 1615.5
1284200 1620.7
1284210 1625.4
1284220 1629.9
1284230 1629.9
1284240 1635.9
1284250 1640.6
1284260 1640.6
1284270 1648.0
1284280 1650.8
1284290 1650.8
1284300 1651.0
1284310 1653.4
1284320 1653.4
1284330 1656.3
1284340 1657.7
1284350 1657.7
1284360 1658.1
1284370 1661.8
1284380 1661.8
1284390 1663.9
1284400 1666.8
1284410 1666.8
1284420 1672.3
1284430 1672.5
1284440 1672.5
1284450 1671.8
1284460 1668.4
1284470 1668.4
1284480 1666.3
1284490 1665.6
1284500 1664.5
1284510 1664.5
1284520 1661.7
1284530 1683.1
1284540 1683.1
1284550 1683.8
1284560 1675.9
1284570 1675.9
1284580 1667.0
1284590 1657.6
1284600 1657.6
1284610 1651.1
1284620 1643.8
1284630 1643.8
1284640 1638.7
1284650 1634.3
1284660 1634.3
1284670 1637.3
1284680 1643.6
1284690 1643.6
1284700 1646.3
1284710 1647.3
1284720 1647.3
1284730 1645.6
1284740 1643.8
1284750 1643.8
1284760 1645.5
1284770 1648.1
1284780 1648.1
1284790 1652.0
1284800 1657.1
1284810 1662.4
1284820 1662.4
1284830 1668.2
1284840 1673.9
1284850 1673.9
1284860 1679.3
1284870 1684.4
1284880 1684.4
1284890 1689.1
1284900 1693.7
1284910 1693.7
1284920 1697.9
1284930 1702.5
1284940 1702.5
1284950 1706.3
1284960 1707.8
1284970 1707.8
1284980 1713.7
1284990 1723.9
1285000 1723.9
1285010 1731.6
1285020 1737.8
1285030 1737.8
1285040 1743.6
1285050 1749.3
1285060 1749.3
1285070 1755.6
1285080 1764.0
1285090 1776.3
1285100 1776.3
1285110 1780.6
1285120 1788.5
1285130 1788.5
1285140 1798.6
1285150 1812.9
1285160 1823.0
1285170 1832.3
1285180 1838.2
1285190 1838.2
1285200 1843.3
1285210 1848.8
1285220 1848.8
1285230 1854.9
1285240 1861.4
1285250 1861.4
1285260 1868.7
1285270 1872.7
1285280 1872.7
1285290 1874.7
1285300 1876.6
1285310 1876.6
1285320 1882.0
1285330 1892.1
1285340 1892.1
1285350 1899.1
1285360 1905.8
1285370 1905.8
1285380 1912.2
1285390 1917.8
1285400 1929.0
1285410 1929.0
1285420 1942.0
1285430 1956.7
1285440 1956.7
1285450 1970.1
1285460 1982.3
1285470 1982.3
1285480 1995.7
1285490 2008.4
1285500 2008.4
1285510 2018.2
1285520 2028.0
1285530 2028.0
1285540 2035.2
1285550 2042.7
1285560 2042.7
1285570 2051.0
1285580 2063.6
1285590 2063.6
1285600 2076.6
1285610 2087.2
1285620 2087.2
1285630 2098.2
1285640 2112.2
1285650 2112.2
1285660 2128.0
1285670 2138.7
1285680 2138.7
1285690 2144.1
1285700 2150.6
1285710 2157.5
1285720 2157.5
1285730 2164.4
1285740 2167.4
1285750 2167.4
1285760 2170.2
1285770 2174.5
1285780 2174.5
1285790 2180.7
1285800 2187.8
1285810 2192.5
1285820 2201.7
1285830 2213.6
1285840 2213.6
1285850 2224.8
1285860 2238.2
1285870 2238.2
1285880 2254.3
1285890 2272.9
1285900 2272.9
1285910 2288.3
1285920 2301.7
1285930 2301.7
1285940 2315.5
1285950 2326.3
1285960 2326.3
1285970 2342.8
1285980 2362.7
1285990 2372.4
1286000 2372.4
1286010 2387.3
1286020 2385.8
1286030 2385.8
1286040 2369.8
1286050 2360.6
1286060 2360.6
1286070 2354.4
1286080 2347.2
1286090 2347.2
1286100 2339.1
1286110 2333.4
1286120 2333.4
1286130 2327.5
1286140 2324.1
1286150 2324.1
1286160 2323.5
1286170 2323.8
1286180 2323.8
1286190 2326.4
1286200 2330.7
1286210 2330.7
1286220 2339.0
1286230 2345.2
1286240 2345.2
1286250 2345.8
1286260 2336.5
1286270 2336.5
1286280 2325.3
1286290 2311.6
1286300 2287.6
1286310 2287.6
1286320 2261.3
1286330 2228.4
1286340 2228.4
1286350 2246.6
1286360 2251.4
1286370 2251.4
1286380 2232.7
1286390 2204.2
1286400 2204.2
1286410 2175.4
1286420 2165.1
1286430 2165.1
1286440 2131.1
1286450 2155.2
1286460 2155.2
1286470 2144.9
1286480 2132.4
1286490 2132.4
1286500 2085.8
1286510 2023.1
1286520 2023.1
1286530 1962.9
1286540 1945.8
1286550 1945.8
1286560 1935.2
1286570 1933.4
1286580 1912.9
1286590 1912.9
1286600 1912.7
1286610 1918.1
1286620 1918.1
1286630 1910.6
1286640 1883.3
1286650 1883.3
1286660 1862.3
1286670 1866.0
1286680 1866.0
1286690 1867.4
1286700 1861.1
1286710 1861.1
1286720 1864.7
1286730 1874.1
1286740 1874.1
1286750 1874.8
1286760 1873.2
1286770 1873.2
1286780 1874.1
1286790 1876.8
1286800 1876.8
1286810 1880.3
1286820 1879.8
1286830 1879.8
1286840 1877.0
1286850 1871.9
1286860 1871.9
1286870 1867.4
1286880 1866.1
1286890 1862.6
1286900 1862.6
1286910 1856.8
1286920 1848.3
1286930 1848.3
1286940 1847.6
1286950 1850.9
1286960 1850.9
1286970 1849.7
1286980 1846.5
1286990 1846.5
1287000 1842.9
1287010 1838.2
1287020 1838.2
1287030 1839.0
1287040 1845.6
1287050 1845.6
1287060 1849.3
1287070 1850.8
1287080 1850.8
1287090 1859.8
1287100 1864.6
1287110 1864.6
1287120 1871.2
1287130 1877.2
1287140 1877.2
1287150 1887.3
1287160 1896.0
1287170 1908.8
1287180 1908.8
1287190 1922.3
1287200 1934.7
1287210 1934.7
1287220 1944.2
1287230 1953.5
1287240 1953.5
1287250 1963.4
1287260 1975.0
1287270 1975.0
1287280 1984.2
1287290 1994.9
1287300 1994.9
1287310 2001.1
1287320 1998.2
1287330 1998.2
1287340 1990.1
1287350 1980.1
1287360 1980.1
1287370 1967.0
1287380 1954.6
1287390 1954.6
1287400 1946.4
1287410 1940.0
1287420 1940.0
1287430 1936.7
1287440 1935.3
1287450 1935.3
1287460 1925.5
1287470 1910.1
1287480 1902.9
1287490 1902.9
1287500 1899.9
1287510 1895.3
1287520 1895.3
1287530 1887.4
1287540 1887.5
1287550 1887.5
1287560 1887.2
1287570 1887.3
1287580 1887.3
1287590 1888.6
1287600 1889.9
1287610 1889.9
1287620 1892.3
1287630 1897.0
1287640 1897.0
1287650 1903.4
1287660 1909.6
1287670 1909.6
1287680 1914.3
1287690 1918.2
1287700 1918.2
1287710 1920.8
1287720 1923.2
1287730 1923.2
1287740 1926.5
1287750 1926.1
1287760 1926.0
1287770 1926.0
1287780 1925.6
1287790 1926.5
1287800 1926.5
1287810 1929.0
1287820 1930.5
1287830 1930.5
1287840 1932.7
1287850 1934.3
1287860 1934.3
1287870 1936.2
1287880 1937.4
1287890 1937.4
1287900 1936.6
1287910 1937.9
1287920 1937.9
1287930 1940.2
1287940 1942.8
1287950 1942.8
1287960 1945.0
1287970 1947.8
1287980 1947.8
1287990 1950.9
1288000 1954.3
1288010 1954.3
1288020 1956.5
1288030 1958.5
1288040 1958.5
1288050 1960.1
1288060 1963.0
1288070 1966.0
1288080 1966.0
1288090 1968.3
1288100 1969.3
1288110 1969.3
1288120 1970.5
1288130 1970.3
1288140 1970.3
1288150 1969.0
1288160 1967.7
1288170 1967.7
1288180 1966.6
1288190 1965.9
1288200 1965.9
1288210 1967.0
1288220 1968.1
1288230 1968.1
1288240 1969.1
1288250 1970.0
1288260 1970.0
1288270 1970.8
1288280 1971.4
1288290 1971.4
1288300 1971.7
1288310 1971.1
1288320 1971.1
1288330 1970.3
1288340 1969.5
1288350 1968.5
1288360 1968.5
1288370 1966.6
1288380 1964.8
1288390 1967.1
1288400 1967.1
1288410 1968.6
1288420 1968.6
1288430 1969.8
1288440 1972.5
1288450 1972.5
1288460 1975.0
1288470 1975.8
1288480 1975.8
1288490 1977.1
1288500 1979.4
1288510 1979.4
1288520 1982.3
1288530 1985.7
1288540 1985.7
1288550 1989.7
1288560 1994.2
1288570 1994.2
1288580 1998.7
1288590 2003.5
1288600 2003.5
1288610 2008.4
1288620 2013.3
1288630 2013.3
1288640 2018.1
1288650 2023.0
1288660 2027.9
1288670 2027.9
1288680 2033.0
1288690 2038.2
1288700 2038.2
1288710 2043.2
1288720 2047.5
1288730 2047.5
1288740 2051.5
1288750 2055.7
1288760 2055.7
1288770 2060.2
1288780 2064.7
1288790 2064.7
1288800 2068.9
1288810 2073.1
1288820 2073.1
1288830 2077.6
1288840 2082.3
1288850 2082.3
1288860 2087.1
1288870 2092.0
1288880 2092.0
1288890 2097.0
1288900 2102.0
1288910 2102.0
1288920 2107.0
1288930 2112.1
1288940 2117.0
1288950 2117.0
1288960 2121.8
1288970 2126.3
1288980 2126.3
1288990 2130.6
1289000 2134.4
1289010 2134.4
1289020 2137.7
1289030 2140.7
1289040 2147.0
1289050 2150.2
1289060 2154.5
1289070 2154.5
1289080 2160.2
1289090 2167.3
1289100 2167.3
1289110 2173.6
1289120 2179.3
1289130 2179.3
1289140 2184.9
1289150 2187.6
1289160 2187.6
1289170 2190.7
1289180 2194.4
1289190 2194.4
1289200 2196.1
1289210 2202.1
1289220 2202.1
1289230 2219.8
1289240 2247.6
1289250 2265.9
1289260 2265.9
1289270 2281.3
1289280 2296.3
1289290 2296.3
1289300 2302.2
1289310 2307.0
1289320 2307.0
1289330 2314.3
1289340 2327.5
1289350 2327.5
1289360 2344.7
1289370 2355.4
1289380 2355.4
1289390 2365.6
1289400 2376.1
1289410 2376.1
1289420 2387.0
1289430 2394.9
1289440 2394.9
1289450 2402.2
1289460 2405.0
1289470 2405.0
1289480 2397.3
1289490 2388.7
1289500 2388.7
1289510 2380.6
1289520 2372.3
1289530 2364.6
1289540 2364.6
1289550 2354.7
1289560 2343.5
1289570 2343.5
1289580 2333.2
1289590 2317.9
1289600 2317.9
1289610 2315.0
1289620 2305.1
1289630 2305.1
1289640 2290.6
1289650 2285.9
1289660 2285.9
1289670 2286.0
1289680 2281.6
1289690 2281.6
1289700 2289.6
1289710 2282.4
1289720 2282.4
1289730 2272.9
1289740 2262.6
1289750 2262.6
1289760 2250.7
1289770 2240.2
1289780 2240.2
1289790 2232.8
1289800 2225.4
1289810 2225.4
1289820 2215.3
1289830 2207.0
1289840 2202.1
1289850 2202.1
1289860 2199.1
1289870 2207.5
1289880 2207.5
1289890 2220.9
1289900 2232.4
1289910 2232.4
1289920 2240.6
1289930 2252.8
1289940 2252.8
1289950 2263.4
1289960 2265.7
1289970 2265.7
1289980 2266.5
1289990 2264.7
1290000 2264.7
1290010 2261.5
1290020 2267.0
1290030 2267.0
1290040 2282.7
1290050 2304.9
1290060 2304.9
1290070 2321.8
1290080 2336.1
1290090 2336.1
1290100 2351.5
1290110 2367.2
1290120 2367.2
1290130 2385.7
1290140 2393.5
1290150 2395.9
1290160 2395.9
1290170 2400.2
1290180 2402.5
1290190 2402.5
1290200 2406.0
1290210 2410.7
1290220 2410.7
1290230 2416.2
1290240 2417.3
1290250 2417.3
1290260 2414.6
1290270 2411.0
1290280 2411.0
1290290 2404.3
1290300 2407.5
1290310 2407.5
1290320 2394.5
1290330 2379.6
1290340 2379.6
1290350 2381.6
1290360 2362.1
1290370 2362.1
1290380 2338.3
1290390 2328.4
1290400 2328.4
1290410 2323.2
1290420 2314.4
1290430 2301.2
1290440 2301.2
1290450 2285.7
1290460 2271.5
1290470 2271.5
1290480 2260.5
1290490 2248.2
1290500 2248.2
1290510 2231.2
1290520 2215.5
1290530 2215.5
1290540 2207.5
1290550 2201.6
1290560 2201.6
1290570 2192.2
1290580 2181.2
1290590 2181.2
1290600 2173.6
1290610 2167.8
1290620 2167.8
1290630 2162.7
1290640 2159.1
1290650 2159.1
1290660 2152.4
1290670 2146.0
1290680 2146.0
1290690 2139.5
1290700 2133.0
1290710 2133.0
1290720 2127.2
1290730 2121.6
1290740 2116.3
1290750 2116.3
1290760 2110.8
1290770 2105.0
1290780 2105.0
1290790 2099.1
1290800 2093.6
1290810 2093.6
1290820 2090.1
1290830 2087.7
1290840 2087.7
1290850 2084.6
1290860 2083.9
1290870 2083.9
1290880 2086.8
1290890 2091.6
1290900 2091.6
1290910 2091.0
1290920 2085.2
1290930 2085.2
1290940 2076.9
1290950 2069.7
1290960 2069.7
1290970 2062.3
1290980 2054.3
1290990 2054.3
1291000 2044.3
1291010 2039.6
1291020 2032.1
1291030 2032.1
1291040 2025.2
1291050 2018.8
1291060 2018.8
1291070 2015.0
1291080 2010.3
1291090 2010.3
1291100 2004.4
1291110 1991.6
1291120 1991.6
1291130 1976.5
1291140 1968.4
1291150 1968.4
1291160 1962.6
1291170 1956.3
1291180 1956.3
1291190 1945.2
1291200 1935.9
1291210 1935.9
1291220 1927.8
1291230 1920.8
1291240 1920.8
1291250 1915.1
1291260 1909.2
1291270 1909.2
1291280 1903.7
1291290 1897.9
1291300 1897.9
1291310 1890.4
1291320 1879.2
1291330 1862.6
1291340 1862.6
1291350 1846.3
1291360 1827.7
1291370 1827.7
1291380 1818.6
1291390 1812.5
1291400 1812.5
1291410 1806.6
1291420 1803.7
1291430 1803.7
1291440 1801.8
1291450 1798.7
1291460 1798.7
1291470 1795.8
1291480 1791.8
1291490 1791.8
1291500 1789.5
1291510 1790.8
1291520 1790.8
1291530 1790.5
1291540 1789.4
1291550 1789.4
1291560 1786.6
1291570 1783.5
1291580 1783.5
1291590 1781.4
1291600 1778.2
1291610 1775.6
1291620 1775.6
1291630 1772.6
1291640 1769.3
1291650 1769.3
1291660 1766.7
1291670 1772.1
1291680 1772.1
1291690 1771.2
1291700 1770.5
1291710 1770.5
1291720 1770.4
1291730 1773.0
1291740 1773.0
1291750 1780.4
1291760 1793.7
1291770 1793.7
1291780 1809.5
1291790 1805.6
1291800 1805.6
1291810 1786.5
1291820 1779.6
1291830 1779.6
1291840 1783.4
1291850 1790.5
1291860 1790.5
1291870 1803.1
1291880 1811.3
1291890 1811.3
1291900 1819.9
1291910 1829.6
1291920 1830.7
1291930 1830.7
1291940 1834.4
1291950 1827.5
1291960 1827.5
1291970 1825.0
1291980 1827.3
1291990 1827.3
1292000 1818.3
1292010 1805.3
1292020 1805.3
1292030 1799.9
1292040 1794.7
1292050 1794.7
1292060 1790.2
1292070 1792.6
1292080 1792.6
1292090 1801.4
1292100 1804.7
1292110 1804.7
1292120 1797.8
1292130 1792.3
1292140 1792.3
1292150 1792.8
1292160 1797.2
1292170 1797.2
1292180 1796.5
1292190 1803.2
1292200 1810.3
1292210 1810.3
1292220 1809.0
1292230 1802.5
1292240 1802.5
1292250 1797.7
1292260 1789.9
1292270 1789.9
1292280 1788.6
1292290 1788.9
1292300 1788.9
1292310 1787.8
1292320 1791.1
1292330 1795.9
1292340 1798.4
1292350 1804.4
1292360 1804.4
1292370 1807.5
1292380 1808.5
1292390 1808.5
1292400 1812.5
1292410 1815.1
1292420 1815.1
1292430 1819.0
1292440 1822.9
1292450 1822.9
1292460 1826.0
1292470 1829.1
1292480 1829.1
1292490 1834.0
1292500 1840.3
1292510 1845.3
1292520 1845.3
1292530 1849.3
1292540 1853.2
1292550 1853.2
1292560 1856.3
1292570 1859.1
1292580 1859.1
1292590 1863.0
1292600 1868.4
1292610 1868.4
1292620 1873.6
1292630 1877.8
1292640 1877.8
1292650 1882.6
1292660 1887.5
1292670 1887.5
1292680 1892.5
1292690 1897.3
1292700 1897.3
1292710 1903.1
1292720 1909.4
1292730 1909.4
1292740 1916.1
1292750 1923.0
1292760 1923.0
1292770 1929.9
1292780 1936.8
1292790 1944.0
1292800 1944.0
1292810 1951.1
1292820 1958.0
1292830 1958.0
1292840 1965.2
1292850 1973.1
1292860 1973.1
1292870 1980.9
1292880 1989.0
1292890 1989.0
1292900 1996.9
1292910 2002.6
1292920 2002.6
1292930 2005.8
1292940 2015.1
1292950 2015.1
1292960 2024.1
1292970 2032.1
1292980 2032.1
1292990 2037.7
1293000 2040.8
1293010 2040.8
1293020 2049.7
1293030 2058.5
1293040 2058.5
1293050 2068.7
1293060 2079.1
1293070 2079.1
1293080 2091.8
1293090 2084.5
1293100 2082.1
1293110 2082.1
1293120 2079.2
1293130 2067.2
1293140 2067.2
1293150 2075.8
1293160 2081.4
1293170 2081.4
1293180 2068.3
1293190 2060.5
1293200 2060.5
1293210 2042.0
1293220 2032.8
1293230 2032.8
1293240 2036.6
1293250 2044.7
1293260 2044.7
1293270 2052.4
1293280 2061.3
1293290 2061.3
1293300 2067.9
1293310 2076.8
1293320 2076.8
1293330 2082.2
1293340 2088.8
1293350 2088.8
1293360 2097.9
1293370 2108.2
1293380 2114.6
1293390 2114.6
1293400 2119.6
1293410 2126.8
1293420 2126.8
1293430 2129.4
1293440 2130.2
1293450 2130.2
1293460 2131.7
1293470 2128.2
1293480 2128.2
1293490 2117.8
1293500 2115.4
1293510 2115.4
1293520 2114.2
1293530 2107.9
1293540 2107.9
1293550 2099.3
1293560 2099.3
1293570 2099.3
1293580 2104.7
1293590 2111.6
1293600 2111.6
1293610 2105.8
1293620 2096.5
1293630 2096.5
1293640 2084.8
1293650 2080.1
1293660 2080.1
1293670 2062.4
1293680 2060.4
1293690 2060.5
1293700 2060.5
1293710 2070.0
1293720 2078.6
1293730 2078.6
1293740 2087.0
1293750 2096.8
1293760 2096.8
1293770 2084.7
1293780 2059.9
1293790 2059.9
1293800 2051.0
1293810 2042.5
1293820 2042.5
1293830 2030.4
1293840 2018.4
1293850 2018.4
1293860 2003.4
1293870 1994.3
1293880 1994.3
1293890 1984.5
1293900 1972.7
1293910 1972.7
1293920 1967.4
1293930 1956.4
1293940 1956.4
1293950 1937.2
1293960 1929.2
1293970 1923.1
1293980 1923.1
1293990 1919.7
1294000 1919.2
1294010 1919.2
1294020 1919.7
1294030 1926.6
1294040 1926.6
1294050 1931.3
1294060 1929.1
1294070 1929.1
1294080 1930.5
1294090 1933.9
1294100 1933.9
1294110 1938.1
1294120 1941.4
1294130 1941.4
1294140 1944.8
1294150 1948.4
1294160 1948.4
1294170 1951.4
1294180 1955.4
1294190 1955.4
1294200 1956.7
1294210 1955.7
1294220 1955.7
1294230 1957.4
1294240 1965.7
1294250 1965.7
1294260 1974.9
1294270 1981.1
1294280 1986.3
1294290 1986.3
1294300 1990.7
1294310 1994.9
1294320 1994.9
1294330 1995.0
1294340 2000.5
1294350 2000.5
1294360 2005.2
1294370 2001.3
1294380 2001.3
1294390 2002.8
1294400 2005.9
1294410 2005.9
1294420 2005.1
1294430 2000.4
1294440 2000.4
1294450 1979.4
1294460 1957.8
1294470 1957.8
1294480 1955.3
1294490 1954.1
1294500 1954.1
1294510 1957.3
1294520 1948.5
1294530 1948.5
1294540 1926.8
1294550 1900.8
1294560 1890.7
1294570 1890.7
1294580 1895.6
1294590 1886.3
1294600 1886.3
1294610 1867.7
1294620 1851.3
1294630 1851.3
1294640 1841.8
1294650 1835.5
1294660 1835.5
1294670 1823.3
1294680 1793.4
1294690 1793.4
1294700 1771.0
1294710 1757.5
1294720 1757.5
1294730 1745.8
1294740 1733.2
1294750 1733.2
1294760 1724.5
1294770 1716.1
1294780 1716.1
1294790 1705.7
1294800 1700.9
1294810 1700.9
1294820 1693.4
1294830 1675.1
1294840 1675.1
1294850 1667.3
1294860 1670.1
1294870 1664.8
1294880 1664.8
1294890 1660.0
1294900 1649.8
1294910 1649.8
1294920 1633.4
1294930 1623.8
1294940 1623.8
1294950 1621.1
1294960 1617.1
1294970 1617.1
1294980 1610.5
1294990 1598.3
1295000 1598.3
1295010 1581.0
1295020 1568.7
1295030 1568.7
1295040 1560.7
1295050 1552.9
1295060 1552.9
1295070 1548.0
1295080 1548.5
1295090 1548.5
1295100 1547.1
1295110 1541.0
1295120 1541.0
1295130 1536.4
1295140 1537.1
1295150 1537.1
1295160 1537.8
1295170 1534.0
1295180 1536.9
1295190 1536.9
1295200 1540.4
1295210 1541.6
1295220 1541.6
1295230 1541.4
1295240 1542.0
1295250 1542.0
1295260 1542.5
1295270 1541.5
1295280 1541.5
1295290 1538.6
1295300 1531.3
1295310 1531.3
1295320 1523.7
1295330 1517.7
1295340 1517.7
1295350 1511.5
1295360 1504.9
1295370 1504.9
1295380 1496.8
1295390 1489.0
1295400 1489.0
1295410 1485.5
1295420 1482.3
1295430 1482.3
1295440 1485.5
1295450 1492.1
1295460 1499.7
1295470 1499.7
1295480 1507.7
1295490 1506.7
1295500 1506.7
1295510 1503.5
1295520 1499.7
1295530 1499.7
1295540 1496.1
1295550 1492.5
1295560 1492.5
1295570 1488.9
1295580 1484.2
1295590 1484.2
1295600 1477.8
1295610 1475.9
1295620 1475.9
1295630 1472.5
1295640 1466.3
1295650 1466.3
1295660 1460.2
1295670 1456.7
1295680 1453.6
1295690 1456.6
1295700 1462.8
1295710 1462.8
1295720 1470.3
1295730 1477.8
1295740 1477.8
1295750 1484.1
1295760 1485.4
1295770 1487.6
1295780 1487.6
1295790 1491.8
1295800 1495.9
1295810 1495.9
1295820 1500.5
1295830 1506.4
1295840 1506.4
1295850 1512.3
1295860 1518.6
1295870 1518.6
1295880 1524.5
1295890 1530.2
1295900 1530.2
1295910 1535.5
1295920 1539.5
1295930 1539.5
1295940 1543.0
1295950 1547.0
1295960 1547.0
1295970 1550.2
1295980 1552.6
1295990 1552.6
1296000 1554.8
1296010 1555.7
1296020 1555.7
1296030 1555.5
1296040 1554.8
1296050 1553.5
1296060 1553.5
1296070 1549.9
1296080 1540.8
1296090 1540.8
1296100 1526.0
1296110 1513.5
1296120 1513.5
1296130 1507.6
1296140 1506.1
1296150 1506.1
1296160 1506.8
1296170 1503.9
1296180 1503.9
1296190 1500.7
1296200 1497.3
1296210 1497.3
1296220 1496.4
1296230 1495.9
1296240 1495.9
1296250 1494.7
1296260 1494.4
1296270 1494.4
1296280 1495.2
1296290 1496.3
1296300 1496.3
1296310 1506.3
1296320 1513.7
1296330 1513.7
1296340 1514.6
1296350 1511.7
1296360 1492.9
1296370 1492.9
1296380 1490.2
1296390 1488.0
1296400 1488.0
1296410 1487.7
1296420 1489.3
1296430 1489.3
1296440 1493.4
1296450 1497.9
1296460 1497.9
1296470 1499.9
1296480 1503.0
1296490 1503.0
1296500 1508.4
1296510 1514.9
1296520 1514.9
1296530 1516.8
1296540 1514.7
1296550 1514.7
1296560 1510.7
1296570 1505.7
1296580 1505.7
1296590 1505.4
1296600 1503.6
1296610 1503.6
1296620 1502.1
1296630 1503.0
1296640 1502.9
1296650 1502.9
1296660 1499.6
1296670 1496.3
1296680 1496.3
1296690 1498.2
1296700 1501.0
1296710 1501.0
1296720 1500.9
1296730 1503.1
1296740 1503.1
1296750 1507.7
1296760 1511.6
1296770 1511.6
1296780 1514.7
1296790 1517.7
1296800 1517.7
1296810 1522.3
1296820 1527.2
1296830 1527.2
1296840 1523.6
1296850 1523.3
1296860 1523.3
1296870 1524.4
1296880 1521.8
1296890 1521.8
1296900 1518.4
1296910 1514.3
1296920 1514.3
1296930 1514.4
1296940 1516.8
1296950 1516.9
1296960 1516.9
1296970 1516.1
1296980 1516.6
1296990 1516.6
1297000 1514.9
1297010 1513.4
1297020 1513.4
1297030 1511.6
1297040 1497.5
1297050 1497.5
1297060 1497.2
1297070 1497.6
1297080 1497.6
1297090 1497.0
1297100 1496.3
1297110 1496.3
1297120 1495.0
1297130 1493.4
1297140 1493.4
1297150 1493.8
1297160 1496.0
1297170 1496.0
1297180 1498.8
1297190 1501.9
1297200 1501.9
1297210 1499.4
1297220 1500.3
1297230 1504.1
1297240 1504.1
1297250 1506.0
1297260 1510.9
1297270 1510.9
1297280 1511.0
1297290 1509.5
1297300 1509.5
1297310 1514.4
1297320 1524.0
1297330 1524.0
1297340 1530.7
1297350 1534.9
1297360 1534.9
1297370 1535.9
1297380 1544.5
1297390 1544.5
1297400 1543.1
1297410 1540.9
1297420 1540.9
1297430 1538.6
1297440 1537.4
1297450 1537.4
1297460 1537.5
1297470 1538.3
1297480 1538.3
1297490 1543.9
1297500 1549.5
1297510 1549.5
1297520 1551.0
1297530 1547.4
1297540 1545.0
1297550 1545.0
1297560 1546.8
1297570 1546.3
1297580 1546.3
1297590 1542.5
1297600 1540.3
1297610 1540.3
1297620 1539.3
1297630 1541.1
1297640 1541.1
1297650 1541.6
1297660 1541.2
1297670 1541.2
1297680 1542.2
1297690 1544.7
1297700 1544.7
1297710 1548.4
1297720 1543.7
1297730 1543.7
1297740 1547.6
1297750 1551.2
1297760 1551.2
1297770 1551.8
1297780 1552.2
1297790 1552.2
1297800 1558.3
1297810 1561.0
1297820 1561.3
1297830 1561.3
1297840 1564.2
1297850 1563.9
1297860 1563.9
1297870 1565.2
1297880 1568.6
1297890 1568.6
1297900 1568.5
1297910 1569.0
1297920 1569.0
1297930 1570.9
1297940 1570.9
1297950 1570.9
1297960 1573.2
1297970 1575.2
1297980 1575.2
1297990 1573.1
1298000 1573.3
1298010 1573.3
1298020 1576.7
1298030 1578.0
1298040 1578.0
1298050 1577.5
1298060 1580.6
1298070 1580.6
1298080 1583.9
1298090 1587.3
1298100 1587.3
1298110 1592.1
1298120 1595.7
1298130 1599.4
1298140 1599.4
1298150 1604.6
1298160 1610.9
1298170 1610.9
1298180 1622.8
1298190 1634.3
1298200 1634.3
1298210 1640.9
1298220 1646.6
1298230 1646.6
1298240 1653.4
1298250 1662.5
1298260 1662.5
1298270 1670.5
1298280 1677.9
1298290 1677.9
1298300 1685.4
1298310 1691.4
1298320 1691.4
1298330 1696.5
1298340 1700.7
1298350 1700.7
1298360 1704.1
1298370 1704.5
1298380 1704.5
1298390 1704.1
1298400 1694.0
1298410 1693.7
1298420 1693.7
1298430 1690.0
1298440 1685.2
1298450 1685.2
1298460 1677.2
1298470 1667.4
1298480 1667.4
1298490 1657.7
1298500 1649.2
1298510 1649.2
1298520 1639.4
1298530 1628.7
1298540 1628.7
1298550 1619.3
1298560 1610.7
1298570 1610.7
1298580 1603.1
1298590 1595.9
1298600 1595.9
1298610 1586.4
1298620 1575.2
1298630 1575.2
1298640 1563.4
1298650 1554.4
1298660 1554.4
1298670 1545.9
1298680 1538.1
1298690 1538.1
1298700 1529.2
1298710 1520.2
1298720 1512.5
1298730 1512.5
1298740 1505.7
1298750 1498.5
1298760 1498.5
1298770 1488.6
1298780 1476.4
1298790 1476.4
1298800 1467.8
1298810 1460.7
1298820 1460.7
1298830 1453.2
1298840 1446.5
1298850 1446.5
1298860 1439.3
1298870 1431.0
1298880 1431.0
1298890 1423.1
1298900 1415.2
1298910 1415.2
1298920 1407.5
1298930 1400.0
1298940 1400.0
1298950 1393.4
1298960 1388.2
1298970 1388.2
1298980 1383.1
1298990 1377.0
1299000 1369.6
1299010 1369.6
1299020 1361.2
1299030 1352.3
1299040 1352.3
1299050 1346.7
1299060 1340.6
1299070 1340.6
1299080 1332.7
1299090 1329.5
1299100 1329.5
1299110 1319.8
1299120 1310.7
1299130 1310.7
1299140 1299.1
1299150 1286.0
1299160 1286.0
1299170 1273.5
1299180 1265.1
1299190 1265.1
1299200 1260.4
1299210 1257.0
1299220 1257.0
1299230 1254.7
1299240 1252.1
1299250 1252.1
1299260 1246.9
1299270 1236.8
1299280 1236.8
1299290 1222.8
1299300 1197.0
1299310 1166.2
1299320 1166.2
1299330 1157.0
1299340 1171.3
1299350 1171.3
1299360 1177.2
1299370 1177.6
1299380 1177.6
1299390 1184.4
1299400 1195.7
1299410 1195.7
1299420 1205.8
1299430 1216.6
1299440 1216.6
1299450 1227.7
1299460 1240.7
1299470 1240.7
1299480 1251.8
1299490 1262.8
1299500 1262.8
1299510 1269.8
1299520 1276.4
1299530 1276.4
1299540 1283.8
1299550 1294.2
1299560 1294.2
1299570 1308.2
1299580 1329.6
1299590 1329.6
1299600 1347.2
1299610 1358.0
1299620 1367.1
1299630 1367.1
1299640 1379.7
1299650 1388.5
1299660 1388.5
1299670 1397.3
1299680 1405.7
1299690 1405.7
1299700 1413.4
1299710 1420.8
1299720 1420.8
1299730 1431.2
1299740 1448.5
1299750 1448.5
1299760 1459.6
1299770 1467.8
1299780 1458.7
1299790 1467.5
1299800 1482.9
1299810 1482.9
1299820 1490.4
1299830 1493.2
1299840 1493.2
1299850 1495.8
1299860 1501.7
1299870 1501.7
1299880 1510.5
1299890 1515.6
1299900 1518.8
1299910 1518.8
1299920 1523.1
1299930 1528.5
1299940 1528.5
1299950 1535.6
1299960 1541.9
1299970 1541.9
1299980 1547.5
1299990 1551.2
