1280000 2296.9
1280010 2296.9
1280020 2301.0
1280030 2307.5
1280040 2307.5
1280050 2316.1
1280060 2321.3
1280070 2321.3
1280080 2323.5
1280090 2328.0
1280100 2328.6
1280110 2333.6
1280120 2337.1
1280130 2337.1
1280140 2340.8
1280150 2341.7
1280160 2341.7
1280170 2345.4
1280180 2350.0
1280190 2350.0
1280200 2354.5
1280210 2358.3
1280220 2358.3
1280230 2359.4
1280240 2359.7
1280250 2360.6
1280260 2360.6
1280270 2361.8
1280280 2364.1
1280290 2364.1
1280300 2367.1
1280310 2371.3
1280320 2371.3
1280330 2376.0
1280340 2382.5
1280350 2382.5
1280360 2385.1
1280370 2386.7
1280380 2386.7
1280390 2390.5
1280400 2392.4
1280410 2392.4
1280420 2392.2
1280430 2391.1
1280440 2391.1
1280450 2390.5
1280460 2388.9
1280470 2388.9
1280480 2389.8
1280490 2393.0
1280500 2393.0
1280510 2396.0
1280520 2399.5
1280530 2404.3
1280540 2404.3
1280550 2408.5
1280560 2412.6
1280570 2412.6
1280580 2417.6
1280590 2423.7
1280600 2423.7
1280610 2434.1
1280620 2448.6
1280630 2448.6
1280640 2461.4
1280650 2472.3
1280660 2472.3
1280670 2475.0
1280680 2474.0
1280690 2474.0
1280700 2471.4
1280710 2469.4
1280720 2464.1
1280730 2464.0
1280740 2463.3
1280750 2463.3
1280760 2462.6
1280770 2461.9
1280780 2461.9
1280790 2461.6
1280800 2462.3
1280810 2462.3
1280820 2463.2
1280830 2464.1
1280840 2465.2
1280850 2465.2
1280860 2467.7
1280870 2471.7
1280880 2471.7
1280890 2475.7
1280900 2478.8
1280910 2478.8
1280920 2482.9
1280930 2485.8
1280940 2485.8
1280950 2488.4
1280960 2491.6
1280970 2491.6
1280980 2492.9
1280990 2494.3
1281000 2494.3
1281010 2495.1
1281020 2490.9
1281030 2490.9
1281040 2490.1
1281050 2493.8
1281060 2493.8
1281070 2494.3
1281080 2494.9
1281090 2494.9
1281100 2496.8
1281110 2498.0
1281120 2499.4
1281130 2499.4
1281140 2501.5
1281150 2503.5
1281160 2503.5
1281170 2506.0
1281180 2507.4
1281190 2507.4
1281200 2507.9
1281210 2507.7
1281220 2507.7
1281230 2508.9
1281240 2510.9
1281250 2510.9
1281260 2513.2
1281270 2515.6
1281280 2515.6
1281290 2517.7
1281300 2518.9
1281310 2518.9
1281320 2520.4
1281330 2521.9
1281340 2521.9
1281350 2517.4
1281360 2518.6
1281370 2518.6
1281380 2519.6
1281390 2515.7
1281400 2515.7
1281410 2510.8
1281420 2507.3
1281430 2504.2
1281440 2504.2
1281450 2502.0
1281460 2500.1
1281470 2500.1
1281480 2499.2
1281490 2498.9
1281500 2498.9
1281510 2498.6
1281520 2499.2
1281530 2499.2
1281540 2499.2
1281550 2502.4
1281560 2502.4
1281570 2505.6
1281580 2507.6
1281590 2507.6
1281600 2510.3
1281610 2512.2
1281620 2512.2
1281630 2514.5
1281640 2517.3
1281650 2517.3
1281660 2518.8
1281670 2520.1
1281680 2520.1
1281690 2522.7
1281700 2524.3
1281710 2524.3
1281720 2527.3
1281730 2532.6
1281740 2534.0
1281750 2534.0
1281760 2533.6
1281770 2533.8
1281780 2533.8
1281790 2534.9
1281800 2536.5
1281810 2536.5
1281820 2537.7
1281830 2538.7
1281840 2538.7
1281850 2539.8
1281860 2540.9
1281870 2540.9
1281880 2542.0
1281890 2530.5
1281900 2530.5
1281910 2479.7
1281920 2433.5
1281930 2433.5
1281940 2401.1
1281950 2374.8
1281960 2374.8
1281970 2359.4
1281980 2371.1
1281990 2371.1
1282000 2382.3
1282010 2394.0
1282020 2404.8
1282030 2404.8
1282040 2417.1
1282050 2430.4
1282060 2430.4
1282070 2430.0
1282080 2417.5
1282090 2417.5
1282100 2411.3
1282110 2403.7
1282120 2403.7
1282130 2386.5
1282140 2360.9
1282150 2360.9
1282160 2337.3
1282170 2323.4
1282180 2323.4
1282190 2304.9
1282200 2289.5
1282210 2289.5
1282220 2277.3
1282230 2267.1
1282240 2267.1
1282250 2258.0
1282260 2245.0
1282270 2245.0
1282280 2227.0
1282290 2201.6
1282300 2201.6
1282310 2182.2
1282320 2167.4
1282330 2154.7
1282340 2154.7
1282350 2136.6
1282360 2125.2
1282370 2125.2
1282380 2117.7
1282390 2111.3
1282400 2111.3
1282410 2102.8
1282420 2092.6
1282430 2092.6
1282440 2082.5
1282450 2068.1
1282460 2068.1
1282470 2050.2
1282480 2032.5
1282490 2032.5
1282500 2005.3
1282510 1920.5
1282520 1920.5
1282530 1879.6
1282540 1869.3
1282550 1869.3
1282560 1859.4
1282570 1853.0
1282580 1853.0
1282590 1848.9
1282600 1845.7
1282610 1840.4
1282620 1836.8
1282630 1828.7
1282640 1791.4
1282650 1791.4
1282660 1737.7
1282670 1712.9
1282680 1712.9
1282690 1700.6
1282700 1696.2
1282710 1696.2
1282720 1689.7
1282730 1683.3
1282740 1683.3
1282750 1674.0
1282760 1657.1
1282770 1657.1
1282780 1649.5
1282790 1644.5
1282800 1644.5
1282810 1639.3
1282820 1633.7
1282830 1633.7
1282840 1628.1
1282850 1622.7
1282860 1622.7
1282870 1617.3
1282880 1611.9
1282890 1611.9
1282900 1606.5
1282910 1601.3
1282920 1596.1
1282930 1596.1
1282940 1591.1
1282950 1586.1
1282960 1586.1
1282970 1581.1
1282980 1576.1
1282990 1576.1
1283000 1571.1
1283010 1566.3
1283020 1566.3
1283030 1561.6
1283040 1557.1
1283050 1557.1
1283060 1552.7
1283070 1548.4
1283080 1548.4
1283090 1544.1
1283100 1540.0
1283110 1540.0
1283120 1536.1
1283130 1532.4
1283140 1532.4
1283150 1528.6
1283160 1524.5
1283170 1524.5
1283180 1519.4
1283190 1513.2
1283200 1513.2
1283210 1506.9
1283220 1501.3
1283230 1496.5
1283240 1494.2
1283250 1491.1
1283260 1489.2
1283270 1489.2
1283280 1487.4
1283290 1485.2
1283300 1485.2
1283310 1482.1
1283320 1478.7
1283330 1478.7
1283340 1475.9
1283350 1473.6
1283360 1473.6
1283370 1472.0
1283380 1470.0
1283390 1470.0
1283400 1467.7
1283410 1465.8
1283420 1465.8
1283430 1464.5
1283440 1463.1
1283450 1463.1
1283460 1460.8
1283470 1458.1
1283480 1458.1
1283490 1455.8
1283500 1453.6
1283510 1451.1
1283520 1451.1
1283530 1448.8
1283540 1446.8
1283550 1446.8
1283560 1445.0
1283570 1443.2
1283580 1443.2
1283590 1441.1
1283600 1438.9
1283610 1438.9
1283620 1437.0
1283630 1435.5
1283640 1435.5
1283650 1433.7
1283660 1431.8
1283670 1431.8
1283680 1430.5
1283690 1428.7
1283700 1428.7
1283710 1425.5
1283720 1422.5
1283730 1422.5
1283740 1420.4
1283750 1418.1
1283760 1418.1
1283770 1416.1
1283780 1415.3
1283790 1415.3
1283800 1414.8
1283810 1413.4
1283820 1411.7
1283830 1411.7
1283840 1410.0
1283850 1408.4
1283860 1408.4
1283870 1406.9
1283880 1407.1
1283890 1407.1
1283900 1406.8
1283910 1405.4
1283920 1405.4
1283930 1403.9
1283940 1403.3
1283950 1403.3
1283960 1402.4
1283970 1401.7
1283980 1401.7
1283990 1400.6
1284000 1400.4
1284010 1400.4
1284020 1400.4
1284030 1399.8
1284040 1399.8
1284050 1399.0
1284060 1398.0
1284070 1398.0
1284080 1397.3
1284090 1396.9
1284100 1397.4
1284110 1397.4
1284120 1397.1
1284130 1396.1
1284140 1396.1
1284150 1395.3
1284160 1394.5
1284170 1394.5
1284180 1393.3
1284190 1392.3
1284200 1392.3
1284210 1391.4
1284220 1390.6
1284230 1390.6
1284240 1389.9
1284250 1389.4
1284260 1389.4
1284270 1389.3
1284280 1390.5
1284290 1390.5
1284300 1391.5
1284310 1391.5
1284320 1391.5
1284330 1391.3
1284340 1391.0
1284350 1391.0
1284360 1391.0
1284370 1391.9
1284380 1391.9
1284390 1392.5
1284400 1390.9
1284410 1388.1
1284420 1388.1
1284430 1385.0
1284440 1383.4
1284450 1383.4
1284460 1389.2
1284470 1396.4
1284480 1396.4
1284490 1400.4
1284500 1403.2
1284510 1405.9
1284520 1408.4
1284530 1411.3
1284540 1411.3
1284550 1415.5
1284560 1420.3
1284570 1420.3
1284580 1425.4
1284590 1429.9
1284600 1429.9
1284610 1434.4
1284620 1439.0
1284630 1439.0
1284640 1443.8
1284650 1448.4
1284660 1448.4
1284670 1452.7
1284680 1454.7
1284690 1454.7
1284700 1455.3
1284710 1455.4
1284720 1455.3
1284730 1455.3
1284740 1458.0
1284750 1461.8
1284760 1461.8
1284770 1465.4
1284780 1468.8
1284790 1468.8
1284800 1472.1
1284810 1475.2
1284820 1475.2
1284830 1477.7
1284840 1480.0
1284850 1480.0
1284860 1482.6
1284870 1486.0
1284880 1486.0
1284890 1489.4
1284900 1493.5
1284910 1493.5
1284920 1497.4
1284930 1501.4
1284940 1501.4
1284950 1505.8
1284960 1510.1
1284970 1510.1
1284980 1512.9
1284990 1513.9
1285000 1517.1
1285010 1517.1
1285020 1520.8
1285030 1520.9
1285040 1520.9
1285050 1522.1
1285060 1524.6
1285070 1524.6
1285080 1526.0
1285090 1525.6
1285100 1525.6
1285110 1525.1
1285120 1524.1
1285130 1524.1
1285140 1523.0
1285150 1528.3
1285160 1528.3
1285170 1524.6
1285180 1526.5
1285190 1526.5
1285200 1528.8
1285210 1529.9
1285220 1529.9
1285230 1533.0
1285240 1537.3
1285250 1537.3
1285260 1543.9
1285270 1550.9
1285280 1550.9
1285290 1558.3
1285300 1564.9
1285310 1569.6
1285320 1569.6
1285330 1572.1
1285340 1574.3
1285350 1574.3
1285360 1576.7
1285370 1576.3
1285380 1576.3
1285390 1573.9
1285400 1571.8
1285410 1571.8
1285420 1569.3
1285430 1569.2
1285440 1569.2
1285450 1576.2
1285460 1582.8
1285470 1582.8
1285480 1588.8
1285490 1594.4
1285500 1594.4
1285510 1600.2
1285520 1605.6
1285530 1605.6
1285540 1609.8
1285550 1613.9
1285560 1613.9
1285570 1617.1
1285580 1621.0
1285590 1626.6
1285600 1626.6
1285610 1630.3
1285620 1630.8
1285630 1630.8
1285640 1632.4
1285650 1629.0
1285660 1629.0
1285670 1632.2
1285680 1629.2
1285690 1629.2
1285700 1622.0
1285710 1620.3
1285720 1620.3
1285730 1617.5
1285740 1615.1
1285750 1615.1
1285760 1611.0
1285770 1611.5
1285780 1611.5
1285790 1621.1
1285800 1622.9
1285810 1622.9
1285820 1624.6
1285830 1625.2
1285840 1625.2
1285850 1625.9
1285860 1626.4
1285870 1626.4
1285880 1626.5
1285890 1628.4
1285900 1628.8
1285910 1628.8
1285920 1629.2
1285930 1629.7
1285940 1629.7
1285950 1629.7
1285960 1629.8
1285970 1629.8
1285980 1630.0
1285990 1630.1
1286000 1630.1
1286010 1630.8
1286020 1637.1
1286030 1637.1
1286040 1643.2
1286050 1649.1
1286060 1649.1
1286070 1654.3
1286080 1659.3
1286090 1659.3
1286100 1665.8
1286110 1673.8
1286120 1673.8
1286130 1675.7
1286140 1669.0
1286150 1669.0
1286160 1662.7
1286170 1657.1
1286180 1657.1
1286190 1651.7
1286200 1647.0
1286210 1642.2
1286220 1642.2
1286230 1641.8
1286240 1641.6
1286250 1641.6
1286260 1635.9
1286270 1626.1
1286280 1626.1
1286290 1617.7
1286300 1615.6
1286310 1615.6
1286320 1613.4
1286330 1608.5
1286340 1608.5
1286350 1604.3
1286360 1599.0
1286370 1599.0
1286380 1594.9
1286390 1592.8
1286400 1592.8
1286410 1592.0
1286420 1587.6
1286430 1587.6
1286440 1590.7
1286450 1588.1
1286460 1588.1
1286470 1582.0
1286480 1576.0
1286490 1568.5
1286500 1568.5
1286510 1558.9
1286520 1553.0
1286530 1553.0
1286540 1549.9
1286550 1544.7
1286560 1544.7
1286570 1543.3
1286580 1540.1
1286590 1540.1
1286600 1535.9
1286610 1532.4
1286620 1532.4
1286630 1530.3
1286640 1527.7
1286650 1527.7
1286660 1525.3
1286670 1523.3
1286680 1523.3
1286690 1521.5
1286700 1520.2
1286710 1520.2
1286720 1519.2
1286730 1516.9
1286740 1516.9
1286750 1512.7
1286760 1510.2
1286770 1510.2
1286780 1512.0
1286790 1511.3
1286800 1507.9
1286810 1507.9
1286820 1504.2
1286830 1500.2
1286840 1500.2
1286850 1497.5
1286860 1496.3
1286870 1496.3
1286880 1494.6
1286890 1493.6
1286900 1493.6
1286910 1492.9
1286920 1490.6
1286930 1490.6
1286940 1484.0
1286950 1486.1
1286960 1486.1
1286970 1488.9
1286980 1493.4
1286990 1493.4
1287000 1493.5
1287010 1492.0
1287020 1492.0
1287030 1491.5
1287040 1487.3
1287050 1487.3
1287060 1491.2
1287070 1490.4
1287080 1506.7
1287090 1506.7
1287100 1506.1
1287110 1501.7
1287120 1501.7
1287130 1497.6
1287140 1506.6
1287150 1506.6
1287160 1525.0
1287170 1528.0
1287180 1528.0
1287190 1530.6
1287200 1539.1
1287210 1539.1
1287220 1546.0
1287230 1553.0
1287240 1553.0
1287250 1564.2
1287260 1572.7
1287270 1572.7
1287280 1576.8
1287290 1582.9
1287300 1582.9
1287310 1586.1
1287320 1586.3
1287330 1586.3
1287340 1595.2
1287350 1601.7
1287360 1601.7
1287370 1596.6
1287380 1590.3
1287390 1588.6
1287400 1588.6
1287410 1597.5
1287420 1605.1
1287430 1605.1
1287440 1601.7
1287450 1603.3
1287460 1603.3
1287470 1611.5
1287480 1630.3
1287490 1630.3
1287500 1645.7
1287510 1654.1
1287520 1654.1
1287530 1665.2
1287540 1675.4
1287550 1675.4
1287560 1680.0
1287570 1684.1
1287580 1684.1
1287590 1688.1
1287600 1691.3
1287610 1691.3
1287620 1694.7
1287630 1698.3
1287640 1698.3
1287650 1702.9
1287660 1707.8
1287670 1707.8
1287680 1713.1
1287690 1716.8
1287700 1721.8
1287710 1721.8
1287720 1728.0
1287730 1738.1
1287740 1738.1
1287750 1740.9
1287760 1745.0
1287770 1745.0
1287780 1748.9
1287790 1753.1
1287800 1753.1
1287810 1758.3
1287820 1762.9
1287830 1762.9
1287840 1767.2
1287850 1770.6
1287860 1770.6
1287870 1771.9
1287880 1770.5
1287890 1770.5
1287900 1766.8
1287910 1763.2
1287920 1763.2
1287930 1762.6
1287940 1763.5
1287950 1763.5
1287960 1759.3
1287970 1748.4
1287980 1739.0
1287990 1739.0
1288000 1730.3
1288010 1723.7
1288020 1723.7
1288030 1717.4
1288040 1710.9
1288050 1710.9
1288060 1705.3
1288070 1700.0
1288080 1700.0
1288090 1695.3
1288100 1692.0
1288110 1692.0
1288120 1689.3
1288130 1688.4
1288140 1688.4
1288150 1688.4
1288160 1689.1
1288170 1689.1
1288180 1690.8
1288190 1693.6
1288200 1693.6
1288210 1696.4
1288220 1698.0
1288230 1698.0
1288240 1698.3
1288250 1700.2
1288260 1700.2
1288270 1701.4
1288280 1700.4
1288290 1700.6
1288300 1700.6
1288310 1702.0
1288320 1704.0
1288330 1704.0
1288340 1707.0
1288350 1710.8
1288360 1710.8
1288370 1715.5
1288380 1723.6
1288390 1723.6
1288400 1729.0
1288410 1734.0
1288420 1734.0
1288430 1739.0
1288440 1744.5
1288450 1744.5
1288460 1749.7
1288470 1755.5
1288480 1755.5
1288490 1761.2
1288500 1766.3
1288510 1766.3
1288520 1771.2
1288530 1776.4
1288540 1776.4
1288550 1781.9
1288560 1786.3
1288570 1790.6
1288580 1790.6
1288590 1795.7
1288600 1800.5
1288610 1800.5
1288620 1805.7
1288630 1810.9
1288640 1810.9
1288650 1817.3
1288660 1824.4
1288670 1824.4
1288680 1829.8
1288690 1836.2
1288700 1836.2
1288710 1842.4
1288720 1848.1
1288730 1848.1
1288740 1854.6
1288750 1861.1
1288760 1861.1
1288770 1867.5
1288780 1874.2
1288790 1874.2
1288800 1881.8
1288810 1891.3
1288820 1891.3
1288830 1902.7
1288840 1931.6
1288850 1931.6
1288860 1948.4
1288870 1950.3
1288880 1951.7
1288890 1951.7
1288900 1957.0
1288910 1963.3
1288920 1963.3
1288930 1969.7
1288940 1976.1
1288950 1976.1
1288960 1993.9
1288970 2021.2
1288980 2021.2
1288990 2032.8
1289000 2044.7
1289010 2044.7
1289020 2053.3
1289030 2053.4
1289040 2053.4
1289050 2068.0
1289060 2069.0
1289070 2069.0
1289080 2039.7
1289090 1998.2
1289100 1998.2
1289110 1982.4
1289120 1974.6
1289130 1974.6
1289140 1966.7
1289150 1956.1
1289160 1942.2
1289170 1942.2
1289180 1938.2
1289190 1934.6
1289200 1934.6
1289210 1930.2
1289220 1925.4
1289230 1925.4
1289240 1920.3
1289250 1914.9
1289260 1914.9
1289270 1909.2
1289280 1903.6
1289290 1903.6
1289300 1898.3
1289310 1893.7
1289320 1893.7
1289330 1890.0
1289340 1886.2
1289350 1886.2
1289360 1882.5
1289370 1878.7
1289380 1878.7
1289390 1874.0
1289400 1867.5
1289410 1867.5
1289420 1862.8
1289430 1861.3
1289440 1861.3
1289450 1861.0
1289460 1859.7
1289470 1858.2
1289480 1858.2
1289490 1857.6
1289500 1857.2
1289510 1857.2
1289520 1856.9
1289530 1857.3
1289540 1857.3
1289550 1857.7
1289560 1858.0
1289570 1858.0
1289580 1857.9
1289590 1857.5
1289600 1857.5
1289610 1857.3
1289620 1856.7
1289630 1856.7
1289640 1855.9
1289650 1855.0
1289660 1855.0
1289670 1854.6
1289680 1858.5
1289690 1858.5
1289700 1858.4
1289710 1858.7
1289720 1858.7
1289730 1859.3
1289740 1860.1
1289750 1860.1
1289760 1860.7
1289770 1861.5
1289780 1862.9
1289790 1862.9
1289800 1864.5
1289810 1865.6
1289820 1865.6
1289830 1866.5
1289840 1866.8
1289850 1866.8
1289860 1866.7
1289870 1866.2
1289880 1866.2
1289890 1865.8
1289900 1865.5
1289910 1865.5
1289920 1864.8
1289930 1864.6
1289940 1864.6
1289950 1864.9
1289960 1865.2
1289970 1865.2
1289980 1865.5
1289990 1866.0
1290000 1866.0
1290010 1866.9
1290020 1867.4
1290030 1867.4
1290040 1867.2
1290050 1866.8
1290060 1866.9
1290070 1866.9
1290080 1867.7
1290090 1868.4
1290100 1868.4
1290110 1869.0
1290120 1869.5
1290130 1869.5
1290140 1870.1
1290150 1871.4
1290160 1871.4
1290170 1873.3
1290180 1875.2
1290190 1875.2
1290200 1876.9
1290210 1878.9
1290220 1878.9
1290230 1881.0
1290240 1882.8
1290250 1882.8
1290260 1884.4
1290270 1886.0
1290280 1886.0
1290290 1888.0
1290300 1890.3
1290310 1890.3
1290320 1892.5
1290330 1894.7
1290340 1899.5
1290350 1902.4
1290360 1905.4
1290370 1908.4
1290380 1908.4
1290390 1911.7
1290400 1914.9
1290410 1914.9
1290420 1919.2
1290430 1923.6
1290440 1923.6
1290450 1928.3
1290460 1933.1
1290470 1933.1
1290480 1938.5
1290490 1951.7
1290500 1951.7
1290510 1963.5
1290520 1972.0
1290530 1972.0
1290540 1982.6
1290550 1991.9
1290560 1991.9
1290570 1997.1
1290580 1998.9
1290590 1998.9
1290600 1993.7
1290610 1986.1
1290620 1986.1
1290630 1980.1
1290640 1976.6
1290650 1974.0
1290660 1974.0
1290670 1969.5
1290680 1965.9
1290690 1965.9
1290700 1963.4
1290710 1961.1
1290720 1961.1
1290730 1957.2
1290740 1951.9
1290750 1951.9
1290760 1946.5
1290770 1940.8
1290780 1940.8
1290790 1934.4
1290800 1928.8
1290810 1928.8
1290820 1924.1
1290830 1921.5
1290840 1921.5
1290850 1920.5
1290860 1920.3
1290870 1920.3
1290880 1920.3
1290890 1920.4
1290900 1920.4
1290910 1919.8
1290920 1918.5
1290930 1918.5
1290940 1912.8
1290950 1902.9
1290960 1894.1
1290970 1894.1
1290980 1887.6
1290990 1882.1
1291000 1879.8
1291010 1875.8
1291020 1871.1
1291030 1871.1
1291040 1864.9
1291050 1856.6
1291060 1856.6
1291070 1848.1
1291080 1840.1
1291090 1840.1
1291100 1832.7
1291110 1824.7
1291120 1824.7
1291130 1813.5
1291140 1797.1
1291150 1797.1
1291160 1777.4
1291170 1760.3
1291180 1760.3
1291190 1749.4
1291200 1740.0
1291210 1740.0
1291220 1733.0
1291230 1721.9
1291240 1706.7
1291250 1706.7
1291260 1701.7
1291270 1699.6
1291280 1699.6
1291290 1703.1
1291300 1708.8
1291310 1708.8
1291320 1711.0
1291330 1705.9
1291340 1705.9
1291350 1700.6
1291360 1689.0
1291370 1689.0
1291380 1679.9
1291390 1671.2
1291400 1671.2
1291410 1662.7
1291420 1658.9
1291430 1658.9
1291440 1654.6
1291450 1647.7
1291460 1647.7
1291470 1638.6
1291480 1631.9
1291490 1631.9
1291500 1625.6
1291510 1619.3
1291520 1619.3
1291530 1615.9
1291540 1610.6
1291550 1603.0
1291560 1603.0
1291570 1593.0
1291580 1585.6
1291590 1585.6
1291600 1581.4
1291610 1577.7
1291620 1577.7
1291630 1573.6
1291640 1569.8
1291650 1569.8
1291660 1569.1
1291670 1566.7
1291680 1566.7
1291690 1563.5
1291700 1560.1
1291710 1560.1
1291720 1557.4
1291730 1555.0
1291740 1555.0
1291750 1552.3
1291760 1549.7
1291770 1549.7
1291780 1547.0
1291790 1544.3
1291800 1544.3
1291810 1541.4
1291820 1538.3
1291830 1538.3
1291840 1535.2
1291850 1532.1
1291860 1529.2
1291870 1529.2
1291880 1526.3
1291890 1523.3
1291900 1523.3
1291910 1520.5
1291920 1517.6
1291930 1517.6
1291940 1514.6
1291950 1512.2
1291960 1512.2
1291970 1512.1
1291980 1512.3
1291990 1512.3
1292000 1512.2
1292010 1513.2
1292020 1513.2
1292030 1515.4
1292040 1517.3
1292050 1517.3
1292060 1519.8
1292070 1523.2
1292080 1523.2
1292090 1526.7
1292100 1530.4
1292110 1530.4
1292120 1533.2
1292130 1536.1
1292140 1540.1
1292150 1540.1
1292160 1544.6
1292170 1549.6
1292180 1549.6
1292190 1554.6
1292200 1559.7
1292210 1559.7
1292220 1565.1
1292230 1570.5
1292240 1570.5
1292250 1576.0
1292260 1581.6
1292270 1581.6
1292280 1587.3
1292290 1592.9
1292300 1592.9
1292310 1598.6
1292320 1606.6
1292330 1606.6
1292340 1612.1
1292350 1617.4
1292360 1617.4
1292370 1622.5
1292380 1627.6
1292390 1627.6
1292400 1632.4
1292410 1636.0
1292420 1636.0
1292430 1640.8
1292440 1645.3
1292450 1648.2
1292460 1648.2
1292470 1650.1
1292480 1651.8
1292490 1651.8
1292500 1655.3
1292510 1663.6
1292520 1663.6
1292530 1674.1
1292540 1683.0
1292550 1683.0
1292560 1689.7
1292570 1698.3
1292580 1698.3
1292590 1707.3
1292600 1716.4
1292610 1716.4
1292620 1726.8
1292630 1734.6
1292640 1734.6
1292650 1740.7
1292660 1746.7
1292670 1746.7
1292680 1753.4
1292690 1762.4
1292700 1762.4
1292710 1777.4
1292720 1795.8
1292730 1812.2
1292740 1812.2
1292750 1813.8
1292760 1806.7
1292770 1806.7
1292780 1802.6
1292790 1799.7
1292800 1799.7
1292810 1798.7
1292820 1800.9
1292830 1800.9
1292840 1799.8
1292850 1796.6
1292860 1796.6
1292870 1800.8
1292880 1804.9
1292890 1804.9
1292900 1805.4
1292910 1803.5
1292920 1803.5
1292930 1805.8
1292940 1806.6
1292950 1806.6
1292960 1804.4
1292970 1805.1
1292980 1805.1
1292990 1812.9
1293000 1812.6
1293010 1812.6
1293020 1810.7
1293030 1807.6
1293040 1807.6
1293050 1807.6
1293060 1811.2
1293070 1815.7
1293080 1815.7
1293090 1821.7
1293100 1828.2
1293110 1828.2
1293120 1834.9
1293130 1842.4
1293140 1842.4
1293150 1850.7
1293160 1858.7
1293170 1858.7
1293180 1866.4
1293190 1873.2
1293200 1873.2
1293210 1879.0
1293220 1886.0
1293230 1886.0
1293240 1901.5
1293250 1916.1
1293260 1916.1
1293270 1927.7
1293280 1951.5
1293290 1951.5
1293300 1954.3
1293310 1955.9
1293320 1955.9
1293330 1956.6
1293340 1956.6
1293350 1959.1
1293360 1959.1
1293370 1975.8
1293380 1993.5
1293390 1993.5
1293400 2006.5
1293410 2011.4
1293420 2011.4
1293430 2017.7
1293440 2031.0
1293450 2031.0
1293460 2041.0
1293470 2046.7
1293480 2046.7
1293490 2052.3
1293500 2058.8
1293510 2058.8
1293520 2068.1
1293530 2074.4
1293540 2074.4
1293550 2081.2
1293560 2088.7
1293570 2088.7
1293580 2097.8
1293590 2107.9
1293600 2107.9
1293610 2114.5
1293620 2119.5
1293630 2124.6
1293640 2124.6
1293650 2134.0
1293660 2140.8
1293670 2140.8
1293680 2147.4
1293690 2155.5
1293700 2155.5
1293710 2168.0
1293720 2181.5
1293730 2181.5
1293740 2191.0
1293750 2199.8
1293760 2199.8
1293770 2207.7
1293780 2214.3
1293790 2214.3
1293800 2220.3
1293810 2227.0
1293820 2227.0
1293830 2231.2
1293840 2226.5
1293850 2226.5
1293860 2221.9
1293870 2221.1
1293880 2221.1
1293890 2213.8
1293900 2205.7
1293910 2205.7
1293920 2197.7
1293930 2189.2
1293940 2180.8
1293950 2180.8
1293960 2174.4
1293970 2167.6
1293980 2167.6
1293990 2163.2
1294000 2157.1
1294010 2157.1
1294020 2153.2
1294030 2146.3
1294040 2146.3
1294050 2138.8
1294060 2136.5
1294070 2136.5
1294080 2135.6
1294090 2136.6
1294100 2136.6
1294110 2138.7
1294120 2124.7
1294130 2124.7
1294140 2109.8
1294150 2100.8
1294160 2100.8
1294170 2083.7
1294180 2064.8
1294190 2064.8
1294200 2057.1
1294210 2048.3
1294220 2037.1
1294230 2037.1
1294240 2028.5
1294250 2015.8
1294260 2015.8
1294270 2004.7
1294280 1998.4
1294290 1998.4
1294300 1988.1
1294310 1977.2
1294320 1979.1
1294330 1964.3
1294340 1952.1
1294350 1952.1
1294360 1942.0
1294370 1933.4
1294380 1933.4
1294390 1924.6
1294400 1919.3
1294410 1919.3
1294420 1918.8
1294430 1918.7
1294440 1918.7
1294450 1918.6
1294460 1914.4
1294470 1914.4
1294480 1906.2
1294490 1897.9
1294500 1897.9
1294510 1889.4
1294520 1880.4
1294530 1871.4
1294540 1871.4
1294550 1863.1
1294560 1855.7
1294570 1855.7
1294580 1849.4
1294590 1843.4
1294600 1843.4
1294610 1836.3
1294620 1829.1
1294630 1829.1
1294640 1821.3
1294650 1814.4
1294660 1814.4
1294670 1808.8
1294680 1803.4
1294690 1803.4
1294700 1799.2
1294710 1794.6
1294720 1794.6
1294730 1788.7
1294740 1780.0
1294750 1780.0
1294760 1771.3
1294770 1764.4
1294780 1764.4
1294790 1758.1
1294800 1752.1
1294810 1746.9
1294820 1746.9
1294830 1742.1
1294840 1737.3
1294850 1737.3
1294860 1733.0
1294870 1729.9
1294880 1729.9
1294890 1726.7
1294900 1722.7
1294910 1722.7
1294920 1719.0
1294930 1714.1
1294940 1714.1
1294950 1710.9
1294960 1708.4
1294970 1708.4
1294980 1707.0
1294990 1702.2
1295000 1701.5
1295010 1695.5
1295020 1689.3
1295030 1689.3
1295040 1682.8
1295050 1676.3
1295060 1676.3
1295070 1671.6
1295080 1664.5
1295090 1664.5
1295100 1659.2
1295110 1656.7
1295120 1652.2
1295130 1652.2
1295140 1645.9
1295150 1641.9
1295160 1641.9
1295170 1639.2
1295180 1637.4
1295190 1637.4
1295200 1635.3
1295210 1637.7
1295220 1637.7
1295230 1643.4
1295240 1644.3
1295250 1644.3
1295260 1641.4
1295270 1638.5
1295280 1638.5
1295290 1635.9
1295300 1633.3
1295310 1633.3
1295320 1630.0
1295330 1627.2
1295340 1627.2
1295350 1625.8
1295360 1624.2
1295370 1624.2
1295380 1622.0
1295390 1621.2
1295400 1621.2
1295410 1622.6
1295420 1623.7
1295430 1624.7
1295440 1624.7
1295450 1626.2
1295460 1627.5
1295470 1627.5
1295480 1628.9
1295490 1631.6
1295500 1631.6
1295510 1634.7
1295520 1635.7
1295530 1635.7
1295540 1635.5
1295550 1639.4
1295560 1639.4
1295570 1643.5
1295580 1645.8
1295590 1645.8
1295600 1647.6
1295610 1649.5
1295620 1649.5
1295630 1651.9
1295640 1653.6
1295650 1653.6
1295660 1655.4
1295670 1651.0
1295680 1651.0
1295690 1653.7
1295700 1654.2
1295710 1655.2
1295720 1655.2
1295730 1657.6
1295740 1661.7
1295750 1661.7
1295760 1666.8
1295770 1669.6
1295780 1669.6
1295790 1670.1
1295800 1676.5
1295810 1676.5
1295820 1684.6
1295830 1689.5
1295840 1689.5
1295850 1699.1
1295860 1709.9
1295870 1709.9
1295880 1718.4
1295890 1726.4
1295900 1726.4
1295910 1734.5
1295920 1742.0
1295930 1742.0
1295940 1748.3
1295950 1753.9
1295960 1753.9
1295970 1759.3
1295980 1764.7
1295990 1764.7
1296000 1770.0
1296010 1776.1
1296020 1782.1
1296030 1782.1
1296040 1790.3
1296050 1803.0
1296060 1803.0
1296070 1812.9
1296080 1823.6
1296090 1823.6
1296100 1838.0
1296110 1846.5
1296120 1846.5
1296130 1853.8
1296140 1863.1
1296150 1863.1
1296160 1871.5
1296170 1880.1
1296180 1880.1
1296190 1889.2
1296200 1895.8
1296210 1895.8
1296220 1902.5
1296230 1907.9
1296240 1907.9
1296250 1911.1
1296260 1914.4
1296270 1914.4
1296280 1918.8
1296290 1922.1
1296300 1927.3
1296310 1927.3
1296320 1933.9
1296330 1938.7
1296340 1938.7
1296350 1937.5
1296360 1943.4
1296370 1943.4
1296380 1949.6
1296390 1955.3
1296400 1955.3
1296410 1960.6
1296420 1965.3
1296430 1965.3
1296440 1969.4
1296450 1972.3
1296460 1972.3
1296470 1974.2
1296480 1976.1
1296490 1976.1
1296500 1977.0
1296510 1977.8
1296520 1977.8
1296530 1978.8
1296540 1979.8
1296550 1979.8
1296560 1981.0
1296570 1983.0
1296580 1983.0
1296590 1985.0
1296600 1986.2
1296610 1988.0
1296620 1988.0
1296630 1990.2
1296640 1992.5
1296650 1992.5
1296660 1996.3
1296670 1999.9
1296680 1999.9
1296690 2001.0
1296700 2001.1
1296710 2001.1
1296720 2001.5
1296730 2002.4
1296740 2002.4
1296750 2003.5
1296760 2003.4
1296770 2003.4
1296780 2003.3
1296790 2002.1
1296800 2002.1
1296810 1999.3
1296820 1993.8
1296830 1993.8
1296840 1986.7
1296850 1974.5
1296860 1974.5
1296870 1961.2
1296880 1951.0
1296890 1951.0
1296900 1945.9
1296910 1941.3
1296920 1935.3
1296930 1935.3
1296940 1928.1
1296950 1920.1
1296960 1920.1
1296970 1910.1
1296980 1898.0
1296990 1898.0
1297000 1884.8
1297010 1872.0
1297020 1872.0
1297030 1865.9
1297040 1857.8
1297050 1857.8
1297060 1851.2
1297070 1844.0
1297080 1844.0
1297090 1835.5
1297100 1826.5
1297110 1826.5
1297120 1815.0
1297130 1802.8
1297140 1802.8
1297150 1792.4
1297160 1781.6
1297170 1781.6
1297180 1776.6
1297190 1773.2
1297200 1768.5
1297210 1768.5
1297220 1767.0
1297230 1763.0
1297240 1763.0
1297250 1756.4
1297260 1752.1
1297270 1752.1
1297280 1746.0
1297290 1736.6
1297300 1736.6
1297310 1726.8
1297320 1721.0
1297330 1721.0
1297340 1715.1
1297350 1709.1
1297360 1709.1
1297370 1696.4
1297380 1677.3
1297390 1677.3
1297400 1661.1
1297410 1647.0
1297420 1647.0
1297430 1637.1
1297440 1631.2
1297450 1631.2
1297460 1625.7
1297470 1618.1
1297480 1618.1
1297490 1611.3
1297500 1604.0
1297510 1596.8
1297520 1596.8
1297530 1590.9
1297540 1586.3
1297550 1586.3
1297560 1583.2
1297570 1579.2
1297580 1579.2
1297590 1573.2
1297600 1568.5
1297610 1568.5
1297620 1566.7
1297630 1563.1
1297640 1563.1
1297650 1560.5
1297660 1558.0
1297670 1558.0
1297680 1555.9
1297690 1552.4
1297700 1552.4
1297710 1558.1
1297720 1555.0
1297730 1555.0
1297740 1552.6
1297750 1547.8
1297760 1547.8
1297770 1543.8
1297780 1542.9
1297790 1540.3
1297800 1540.3
1297810 1537.5
1297820 1534.5
1297830 1534.5
1297840 1532.8
1297850 1528.7
1297860 1528.7
1297870 1524.1
1297880 1521.8
1297890 1521.8
1297900 1520.7
1297910 1517.0
1297920 1517.0
1297930 1515.0
1297940 1511.9
1297950 1511.9
1297960 1509.8
1297970 1509.3
1297980 1509.3
1297990 1508.2
1298000 1504.4
1298010 1504.4
1298020 1502.6
1298030 1500.8
1298040 1500.8
1298050 1496.4
1298060 1489.0
1298070 1489.0
1298080 1483.9
1298090 1479.0
1298100 1474.4
1298110 1474.4
1298120 1471.3
1298130 1467.7
1298140 1467.7
1298150 1462.7
1298160 1456.6
1298170 1456.6
1298180 1450.4
1298190 1444.8
1298200 1444.8
1298210 1436.5
1298220 1426.1
1298230 1426.1
1298240 1416.7
1298250 1400.6
1298260 1400.6
1298270 1378.9
1298280 1351.9
1298290 1351.9
1298300 1327.0
1298310 1317.2
1298320 1317.2
1298330 1315.8
1298340 1317.9
1298350 1317.9
1298360 1319.7
1298370 1315.9
1298380 1313.5
1298390 1338.9
1298400 1340.5
1298410 1343.4
1298420 1343.4
1298430 1356.8
1298440 1364.2
1298450 1364.2
1298460 1367.5
1298470 1366.6
1298480 1366.6
1298490 1360.7
1298500 1342.9
1298510 1342.9
1298520 1315.0
1298530 1303.6
1298540 1303.6
1298550 1308.5
1298560 1324.2
1298570 1324.2
1298580 1337.0
1298590 1345.5
1298600 1345.5
1298610 1349.7
1298620 1351.6
1298630 1351.6
1298640 1353.2
1298650 1353.4
1298660 1353.4
1298670 1351.6
1298680 1349.6
1298690 1348.7
1298700 1348.7
1298710 1350.3
1298720 1353.3
1298730 1353.3
1298740 1359.0
1298750 1368.4
1298760 1368.4
1298770 1374.7
1298780 1379.2
1298790 1379.2
1298800 1378.0
1298810 1377.7
1298820 1377.7
1298830 1382.3
1298840 1383.0
1298850 1383.0
1298860 1383.5
1298870 1386.3
1298880 1386.3
1298890 1390.4
1298900 1394.5
1298910 1394.5
1298920 1399.1
1298930 1406.4
1298940 1406.4
1298950 1412.9
1298960 1420.5
1298970 1420.5
1298980 1427.4
1298990 1433.2
1299000 1442.4
1299010 1442.4
1299020 1450.3
1299030 1455.7
1299040 1455.7
1299050 1459.9
1299060 1463.7
1299070 1463.7
1299080 1460.2
1299090 1462.9
1299100 1462.9
1299110 1465.4
1299120 1467.6
1299130 1467.6
1299140 1470.1
1299150 1473.3
1299160 1473.3
1299170 1476.0
1299180 1478.9
1299190 1478.9
1299200 1482.5
1299210 1486.6
1299220 1486.6
1299230 1490.0
1299240 1493.1
1299250 1493.1
1299260 1496.7
1299270 1500.2
1299280 1503.6
1299290 1503.6
1299300 1507.4
1299310 1511.1
1299320 1511.1
1299330 1515.4
1299340 1519.6
1299350 1519.6
1299360 1522.4
1299370 1525.4
1299380 1525.4
1299390 1528.4
1299400 1530.7
1299410 1530.7
1299420 1533.5
1299430 1536.3
1299440 1536.3
1299450 1539.7
1299460 1546.0
1299470 1546.0
1299480 1554.6
1299490 1558.6
1299500 1558.6
1299510 1560.9
1299520 1563.1
1299530 1563.1
1299540 1560.3
1299550 1558.6
1299560 1558.6
1299570 1557.3
1299580 1560.7
1299590 1573.5
1299600 1573.5
1299610 1585.0
1299620 1597.6
1299630 1597.6
1299640 1614.8
1299650 1630.9
1299660 1630.9
1299670 1645.1
1299680 1662.9
1299690 1662.9
1299700 1674.6
1299710 1678.2
1299720 1678.2
1299730 1680.7
1299740 1682.4
1299750 1682.4
1299760 1684.8
1299770 1699.3
1299780 1699.3
1299790 1706.7
1299800 1710.2
1299810 1710.2
1299820 1711.9
1299830 1713.8
1299840 1713.8
1299850 1714.7
1299860 1714.8
1299870 1715.0
1299880 1715.0
1299890 1714.3
1299900 1712.4
1299910 1712.4
1299920 1709.7
1299930 1706.1
1299940 1706.1
1299950 1703.9
1299960 1702.1
1299970 1702.1
1299980 1700.8
1299990 1700.3
