1280000 2435.1
1280010 2443.4
1280020 2452.3
1280030 2452.3
1280040 2463.0
1280050 2473.2
1280060 2473.2
1280070 2487.5
1280080 2509.2
1280090 2509.2
1280100 2523.7
1280110 2529.0
1280120 2542.1
1280130 2542.1
1280140 2548.7
1280150 2549.6
1280160 2549.6
1280170 2549.4
1280180 2548.6
1280190 2548.6
1280200 2547.0
1280210 2545.7
1280220 2545.7
1280230 2544.9
1280240 2543.9
1280250 2543.9
1280260 2542.6
1280270 2540.6
1280280 2540.6
1280290 2539.1
1280300 2537.9
1280310 2537.9
1280320 2535.1
1280330 2532.5
1280340 2532.5
1280350 2532.4
1280360 2533.4
1280370 2533.4
1280380 2507.3
1280390 2473.6
1280400 2416.6
1280410 2416.6
1280420 2428.5
1280430 2453.8
1280440 2453.8
1280450 2480.2
1280460 2510.2
1280470 2510.2
1280480 2512.9
1280490 2483.1
1280500 2483.1
1280510 2457.3
1280520 2438.6
1280530 2438.6
1280540 2403.9
1280550 2347.4
1280560 2347.4
1280570 2319.8
1280580 2324.5
1280590 2324.5
1280600 2309.8
1280610 2291.8
1280620 2291.8
1280630 2272.8
1280640 2247.0
1280650 2247.0
1280660 2228.5
1280670 2215.6
1280680 2215.6
1280690 2206.5
1280700 2213.0
1280710 2231.9
1280720 2231.9
1280730 2243.4
1280740 2239.9
1280750 2239.9
1280760 2237.9
1280770 2214.6
1280780 2214.6
1280790 2187.6
1280800 2183.7
1280810 2183.7
1280820 2189.8
1280830 2199.9
1280840 2199.9
1280850 2193.7
1280860 2166.8
1280870 2166.8
1280880 2154.7
1280890 2146.9
1280900 2146.9
1280910 2131.5
1280920 2119.8
1280930 2119.8
1280940 2095.4
1280950 2077.6
1280960 2077.6
1280970 2064.2
1280980 2059.4
1280990 2059.4
1281000 2053.3
1281010 2113.5
1281020 2127.4
1281030 2127.4
1281040 2147.3
1281050 2177.7
1281060 2177.7
1281070 2203.3
1281080 2222.9
1281090 2222.9
1281100 2230.4
1281110 2214.0
1281120 2214.0
1281130 2195.6
1281140 2187.5
1281150 2187.5
1281160 2187.7
1281170 2175.9
1281180 2175.9
1281190 2145.5
1281200 2129.4
1281210 2129.4
1281220 2120.0
1281230 2124.8
1281240 2124.8
1281250 2087.7
1281260 2040.0
1281270 2040.0
1281280 2015.4
1281290 1993.1
1281300 1978.9
1281310 1978.9
1281320 1956.9
1281330 1936.3
1281340 1936.3
1281350 1916.3
1281360 1894.2
1281370 1894.2
1281380 1879.6
1281390 1870.8
1281400 1870.8
1281410 1865.7
1281420 1861.5
1281430 1861.5
1281440 1855.1
1281450 1846.1
1281460 1846.1
1281470 1816.6
1281480 1803.0
1281490 1803.0
1281500 1798.4
1281510 1799.3
1281520 1799.3
1281530 1798.5
1281540 1797.8
1281550 1797.8
1281560 1795.6
1281570 1795.5
1281580 1795.5
1281590 1798.7
1281600 1803.7
1281610 1811.3
1281620 1811.3
1281630 1820.4
1281640 1827.4
1281650 1827.4
1281660 1836.1
1281670 1843.3
1281680 1843.3
1281690 1846.8
1281700 1849.3
1281710 1849.3
1281720 1851.3
1281730 1853.2
1281740 1853.2
1281750 1856.1
1281760 1859.0
1281770 1859.0
1281780 1861.5
1281790 1863.7
1281800 1863.7
1281810 1863.3
1281820 1861.6
1281830 1861.6
1281840 1865.0
1281850 1871.2
1281860 1871.2
1281870 1876.4
1281880 1879.4
1281890 1875.3
1281900 1875.3
1281910 1874.4
1281920 1883.2
1281930 1883.2
1281940 1910.0
1281950 1945.0
1281960 1945.0
1281970 1972.5
1281980 1998.6
1281990 1998.6
1282000 2019.1
1282010 2041.3
1282020 2041.3
1282030 2065.0
1282040 2078.6
1282050 2078.6
1282060 2092.2
1282070 2108.2
1282080 2108.2
1282090 2128.9
1282100 2136.4
1282110 2136.4
1282120 2142.9
1282130 2155.6
1282140 2155.6
1282150 2168.3
1282160 2174.7
1282170 2174.7
1282180 2170.8
1282190 2160.4
1282200 2178.1
1282210 2178.1
1282220 2216.3
1282230 2231.0
1282240 2231.0
1282250 2243.2
1282260 2266.5
1282270 2307.7
1282280 2324.9
1282290 2349.5
1282300 2349.5
1282310 2357.8
1282320 2345.5
1282330 2345.5
1282340 2332.8
1282350 2317.9
1282360 2317.9
1282370 2296.6
1282380 2272.5
1282390 2272.5
1282400 2252.5
1282410 2239.2
1282420 2239.2
1282430 2226.7
1282440 2213.1
1282450 2213.1
1282460 2199.5
1282470 2170.0
1282480 2170.0
1282490 2128.8
1282500 2092.6
1282510 2074.9
1282520 2074.9
1282530 2050.4
1282540 2019.4
1282550 2019.4
1282560 1982.0
1282570 1931.1
1282580 1931.1
1282590 1909.8
1282600 1887.3
1282610 1887.3
1282620 1852.5
1282630 1820.6
1282640 1820.6
1282650 1811.2
1282660 1804.4
1282670 1804.4
1282680 1798.1
1282690 1791.7
1282700 1791.7
1282710 1785.1
1282720 1778.5
1282730 1778.5
1282740 1771.8
1282750 1765.0
1282760 1765.0
1282770 1758.2
1282780 1751.6
1282790 1745.3
1282800 1745.3
1282810 1738.9
1282820 1732.2
1282830 1732.2
1282840 1725.8
1282850 1719.4
1282860 1719.4
1282870 1713.3
1282880 1707.0
1282890 1707.0
1282900 1698.7
1282910 1693.3
1282920 1693.3
1282930 1687.9
1282940 1683.0
1282950 1683.0
1282960 1678.4
1282970 1674.5
1282980 1674.5
1282990 1671.1
1283000 1667.2
1283010 1667.2
1283020 1663.0
1283030 1658.5
1283040 1658.5
1283050 1655.4
1283060 1652.5
1283070 1652.5
1283080 1649.7
1283090 1646.3
1283100 1642.8
1283110 1642.8
1283120 1639.9
1283130 1637.0
1283140 1637.0
1283150 1634.8
1283160 1632.3
1283170 1632.3
1283180 1628.3
1283190 1624.9
1283200 1624.9
1283210 1625.4
1283220 1627.4
1283230 1627.4
1283240 1630.0
1283250 1631.9
1283260 1631.9
1283270 1631.8
1283280 1630.2
1283290 1630.2
1283300 1628.9
1283310 1627.5
1283320 1627.5
1283330 1624.1
1283340 1620.0
1283350 1620.0
1283360 1616.5
1283370 1614.3
1283380 1614.3
1283390 1609.9
1283400 1604.0
1283410 1597.8
1283420 1597.8
1283430 1598.0
1283440 1597.8
1283450 1597.8
1283460 1594.7
1283470 1591.6
1283480 1591.6
1283490 1583.3
1283500 1576.8
1283510 1576.8
1283520 1578.7
1283530 1577.6
1283540 1569.5
1283550 1567.6
1283560 1565.5
1283570 1565.5
1283580 1560.5
1283590 1555.2
1283600 1555.2
1283610 1551.7
1283620 1548.9
1283630 1548.9
1283640 1545.8
1283650 1544.9
1283660 1544.9
1283670 1546.2
1283680 1546.2
1283690 1545.4
1283700 1545.4
1283710 1543.5
1283720 1541.5
1283730 1541.5
1283740 1539.0
1283750 1533.2
1283760 1533.2
1283770 1528.3
1283780 1525.4
1283790 1525.4
1283800 1523.4
1283810 1519.9
1283820 1519.9
1283830 1516.5
1283840 1515.0
1283850 1515.0
1283860 1514.8
1283870 1513.4
1283880 1513.4
1283890 1512.6
1283900 1510.8
1283910 1510.8
1283920 1508.3
1283930 1504.1
1283940 1504.1
1283950 1499.7
1283960 1495.1
1283970 1495.1
1283980 1491.1
1283990 1485.6
1284000 1478.7
1284010 1478.7
1284020 1472.2
1284030 1467.1
1284040 1467.1
1284050 1462.8
1284060 1458.6
1284070 1458.6
1284080 1454.0
1284090 1450.6
1284100 1450.6
1284110 1448.8
1284120 1446.8
1284130 1446.8
1284140 1444.0
1284150 1440.5
1284160 1440.5
1284170 1434.2
1284180 1430.8
1284190 1430.8
1284200 1426.4
1284210 1422.9
1284220 1422.9
1284230 1419.5
1284240 1415.3
1284250 1415.3
1284260 1411.0
1284270 1407.4
1284280 1407.4
1284290 1404.9
1284300 1404.5
1284310 1404.6
1284320 1404.6
1284330 1402.8
1284340 1401.7
1284350 1401.7
1284360 1402.3
1284370 1404.2
1284380 1404.2
1284390 1405.8
1284400 1405.5
1284410 1405.5
1284420 1404.3
1284430 1403.5
1284440 1403.5
1284450 1402.6
1284460 1401.9
1284470 1401.9
1284480 1400.9
1284490 1398.9
1284500 1398.9
1284510 1395.4
1284520 1390.8
1284530 1390.8
1284540 1385.7
1284550 1380.0
1284560 1380.0
1284570 1374.5
1284580 1371.3
1284590 1369.1
1284600 1369.1
1284610 1367.0
1284620 1365.0
1284630 1365.0
1284640 1363.6
1284650 1361.0
1284660 1361.0
1284670 1356.1
1284680 1353.7
1284690 1353.7
1284700 1351.6
1284710 1348.8
1284720 1348.8
1284730 1346.2
1284740 1343.8
1284750 1343.8
1284760 1340.8
1284770 1338.4
1284780 1338.4
1284790 1337.6
1284800 1337.8
1284810 1343.2
1284820 1345.6
1284830 1347.4
1284840 1347.4
1284850 1347.8
1284860 1348.0
1284870 1348.0
1284880 1348.4
1284890 1346.5
1284900 1344.3
1284910 1344.3
1284920 1342.4
1284930 1341.9
1284940 1341.9
1284950 1341.4
1284960 1341.4
1284970 1341.4
1284980 1342.6
1284990 1345.4
1285000 1345.4
1285010 1349.0
1285020 1353.2
1285030 1353.2
1285040 1358.1
1285050 1362.4
1285060 1362.4
1285070 1365.4
1285080 1365.3
1285090 1365.3
1285100 1364.2
1285110 1366.1
1285120 1366.1
1285130 1368.7
1285140 1370.7
1285150 1370.7
1285160 1376.2
1285170 1384.4
1285180 1390.0
1285190 1390.0
1285200 1392.0
1285210 1392.8
1285220 1392.8
1285230 1394.3
1285240 1395.3
1285250 1395.3
1285260 1396.1
1285270 1397.3
1285280 1397.3
1285290 1399.4
1285300 1400.7
1285310 1400.7
1285320 1401.6
1285330 1402.1
1285340 1402.1
1285350 1402.7
1285360 1402.8
1285370 1402.8
1285380 1402.6
1285390 1402.7
1285400 1402.7
1285410 1402.9
1285420 1403.7
1285430 1403.7
1285440 1404.6
1285450 1412.1
1285460 1412.1
1285470 1414.2
1285480 1416.0
1285490 1417.3
1285500 1417.3
1285510 1418.0
1285520 1418.3
1285530 1418.3
1285540 1418.8
1285550 1419.2
1285560 1419.2
1285570 1420.0
1285580 1420.6
1285590 1420.6
1285600 1421.2
1285610 1421.4
1285620 1421.4
1285630 1420.0
1285640 1415.4
1285650 1415.4
1285660 1413.0
1285670 1414.8
1285680 1414.8
1285690 1419.9
1285700 1424.8
1285710 1424.8
1285720 1426.7
1285730 1426.6
1285740 1426.6
1285750 1427.8
1285760 1428.7
1285770 1428.7
1285780 1429.7
1285790 1430.9
1285800 1432.3
1285810 1432.3
1285820 1434.3
1285830 1435.5
1285840 1435.5
1285850 1436.3
1285860 1437.2
1285870 1437.2
1285880 1437.4
1285890 1438.0
1285900 1438.0
1285910 1438.4
1285920 1438.5
1285930 1438.5
1285940 1438.6
1285950 1438.1
1285960 1438.1
1285970 1438.0
1285980 1437.3
1285990 1437.3
1286000 1436.2
1286010 1432.8
1286020 1432.8
1286030 1430.4
1286040 1427.3
1286050 1427.3
1286060 1423.8
1286070 1422.3
1286080 1421.8
1286090 1426.3
1286100 1424.9
1286110 1422.5
1286120 1422.5
1286130 1420.1
1286140 1417.0
1286150 1417.0
1286160 1413.5
1286170 1410.0
1286180 1410.0
1286190 1406.2
1286200 1402.4
1286210 1402.4
1286220 1399.1
1286230 1395.3
1286240 1395.3
1286250 1391.2
1286260 1387.2
1286270 1387.2
1286280 1384.2
1286290 1381.3
1286300 1381.3
1286310 1378.8
1286320 1376.4
1286330 1376.4
1286340 1374.1
1286350 1371.6
1286360 1371.6
1286370 1368.0
1286380 1364.0
1286390 1359.5
1286400 1359.5
1286410 1356.2
1286420 1354.6
1286430 1354.6
1286440 1354.4
1286450 1352.9
1286460 1352.9
1286470 1350.4
1286480 1348.6
1286490 1348.6
1286500 1346.5
1286510 1344.4
1286520 1344.4
1286530 1342.1
1286540 1340.6
1286550 1340.6
1286560 1339.0
1286570 1337.6
1286580 1337.6
1286590 1336.9
1286600 1336.5
1286610 1336.5
1286620 1336.4
1286630 1335.6
1286640 1335.6
1286650 1335.6
1286660 1334.9
1286670 1334.1
1286680 1334.1
1286690 1334.0
1286700 1334.0
1286710 1334.0
1286720 1335.0
1286730 1335.6
1286740 1339.9
1286750 1342.0
1286760 1343.5
1286770 1343.5
1286780 1344.6
1286790 1345.5
1286800 1345.5
1286810 1346.7
1286820 1347.4
1286830 1347.4
1286840 1346.9
1286850 1346.5
1286860 1346.5
1286870 1345.1
1286880 1342.3
1286890 1342.3
1286900 1341.6
1286910 1341.2
1286920 1341.2
1286930 1340.7
1286940 1339.7
1286950 1339.7
1286960 1338.6
1286970 1338.6
1286980 1338.6
1286990 1338.6
1287000 1338.6
1287010 1337.5
1287020 1337.5
1287030 1336.8
1287040 1334.8
1287050 1334.8
1287060 1336.4
1287070 1339.9
1287080 1339.9
1287090 1341.3
1287100 1342.7
1287110 1342.7
1287120 1344.6
1287130 1346.6
1287140 1346.6
1287150 1349.0
1287160 1351.5
1287170 1351.5
1287180 1353.8
1287190 1356.0
1287200 1356.0
1287210 1357.9
1287220 1359.6
1287230 1359.6
1287240 1361.0
1287250 1362.1
1287260 1362.1
1287270 1363.4
1287280 1365.0
1287290 1366.8
1287300 1366.8
1287310 1369.1
1287320 1371.3
1287330 1371.3
1287340 1373.8
1287350 1376.4
1287360 1376.4
1287370 1379.5
1287380 1380.4
1287390 1380.4
1287400 1383.7
1287410 1387.5
1287420 1387.5
1287430 1391.6
1287440 1396.5
1287450 1396.5
1287460 1402.1
1287470 1408.3
1287480 1408.3
1287490 1415.0
1287500 1421.6
1287510 1421.6
1287520 1426.8
1287530 1431.7
1287540 1431.7
1287550 1440.6
1287560 1449.6
1287570 1457.0
1287580 1457.0
1287590 1465.3
1287600 1475.6
1287610 1475.6
1287620 1480.5
1287630 1482.9
1287640 1482.9
1287650 1483.1
1287660 1485.6
1287670 1485.6
1287680 1491.3
1287690 1495.9
1287700 1495.9
1287710 1497.4
1287720 1496.7
1287730 1496.7
1287740 1496.0
1287750 1497.5
1287760 1497.5
1287770 1500.2
1287780 1503.9
1287790 1503.9
1287800 1509.8
1287810 1515.6
1287820 1515.6
1287830 1521.3
1287840 1526.9
1287850 1526.9
1287860 1532.1
1287870 1537.6
1287880 1543.5
1287890 1543.5
1287900 1549.0
1287910 1554.9
1287920 1554.9
1287930 1560.9
1287940 1566.8
1287950 1566.8
1287960 1572.8
1287970 1578.6
1287980 1578.6
1287990 1584.6
1288000 1590.4
1288010 1590.4
1288020 1596.9
1288030 1598.5
1288040 1598.5
1288050 1604.1
1288060 1609.3
1288070 1609.3
1288080 1613.3
1288090 1616.0
1288100 1616.0
1288110 1617.0
1288120 1617.4
1288130 1617.4
1288140 1618.7
1288150 1620.6
1288160 1620.6
1288170 1623.5
1288180 1627.2
1288190 1631.9
1288200 1631.9
1288210 1637.4
1288220 1642.9
1288230 1642.9
1288240 1648.5
1288250 1653.8
1288260 1653.8
1288270 1658.2
1288280 1662.7
1288290 1662.7
1288300 1668.3
1288310 1674.9
1288320 1674.9
1288330 1681.9
1288340 1688.6
1288350 1688.6
1288360 1695.3
1288370 1701.3
1288380 1701.3
1288390 1706.8
1288400 1712.3
1288410 1712.3
1288420 1718.6
1288430 1724.7
1288440 1724.7
1288450 1731.2
1288460 1738.6
1288470 1746.3
1288480 1746.3
1288490 1753.7
1288500 1763.5
1288510 1763.5
1288520 1776.3
1288530 1783.4
1288540 1783.4
1288550 1789.8
1288560 1796.8
1288570 1796.8
1288580 1805.3
1288590 1813.6
1288600 1813.6
1288610 1819.8
1288620 1824.4
1288630 1824.4
1288640 1832.2
1288650 1841.4
1288660 1841.4
1288670 1851.2
1288680 1862.1
1288690 1862.1
1288700 1868.0
1288710 1861.4
1288720 1861.4
1288730 1854.0
1288740 1846.2
1288750 1846.2
1288760 1839.9
1288770 1835.3
1288780 1831.4
1288790 1831.4
1288800 1828.1
1288810 1825.7
1288820 1825.7
1288830 1822.9
1288840 1820.0
1288850 1820.0
1288860 1817.6
1288870 1815.3
1288880 1815.3
1288890 1814.0
1288900 1812.8
1288910 1812.8
1288920 1810.4
1288930 1807.0
1288940 1807.0
1288950 1804.6
1288960 1802.5
1288970 1802.5
1288980 1800.2
1288990 1799.7
1289000 1799.7
1289010 1799.2
1289020 1797.3
1289030 1797.3
1289040 1795.0
1289050 1792.8
1289060 1789.8
1289070 1789.8
1289080 1787.2
1289090 1784.0
1289100 1784.0
1289110 1780.7
1289120 1778.6
1289130 1778.6
1289140 1776.1
1289150 1773.2
1289160 1773.2
1289170 1770.2
1289180 1767.3
1289190 1767.3
1289200 1764.3
1289210 1760.8
1289220 1760.8
1289230 1756.6
1289240 1752.9
1289250 1752.9
1289260 1750.4
1289270 1748.0
1289280 1748.0
1289290 1746.5
1289300 1750.0
1289310 1750.0
1289320 1756.6
1289330 1765.9
1289340 1765.9
1289350 1771.3
1289360 1770.3
1289370 1766.7
1289380 1766.7
1289390 1764.0
1289400 1762.3
1289410 1762.3
1289420 1762.1
1289430 1762.0
1289440 1762.0
1289450 1762.0
1289460 1763.3
1289470 1763.3
1289480 1763.5
1289490 1763.4
1289500 1763.4
1289510 1763.9
1289520 1764.8
1289530 1764.8
1289540 1765.2
1289550 1765.9
1289560 1765.9
1289570 1767.0
1289580 1769.0
1289590 1769.0
1289600 1768.9
1289610 1770.3
1289620 1770.3
1289630 1772.2
1289640 1773.9
1289650 1773.9
1289660 1775.0
1289670 1776.5
1289680 1780.3
1289690 1780.3
1289700 1784.5
1289710 1787.6
1289720 1787.6
1289730 1788.8
1289740 1789.7
1289750 1789.7
1289760 1786.9
1289770 1783.3
1289780 1783.3
1289790 1784.4
1289800 1785.6
1289810 1785.6
1289820 1785.5
1289830 1784.3
1289840 1784.3
1289850 1781.0
1289860 1775.9
1289870 1775.9
1289880 1768.7
1289890 1762.6
1289900 1762.6
1289910 1758.3
1289920 1756.9
1289930 1756.9
1289940 1755.7
1289950 1754.7
1289960 1753.6
1289970 1753.6
1289980 1753.7
1289990 1759.7
1290000 1759.7
1290010 1763.2
1290020 1765.4
1290030 1765.4
1290040 1766.5
1290050 1766.9
1290060 1766.9
1290070 1766.2
1290080 1765.8
1290090 1765.8
1290100 1765.9
1290110 1765.8
1290120 1765.8
1290130 1768.4
1290140 1771.3
1290150 1771.3
1290160 1773.6
1290170 1778.6
1290180 1778.6
1290190 1785.6
1290200 1790.0
1290210 1790.0
1290220 1789.8
1290230 1787.9
1290240 1787.9
1290250 1791.8
1290260 1798.5
1290270 1802.4
1290280 1802.4
1290290 1804.3
1290300 1805.4
1290310 1805.4
1290320 1807.6
1290330 1808.6
1290340 1808.6
1290350 1808.4
1290360 1807.6
1290370 1807.6
1290380 1808.4
1290390 1811.6
1290400 1811.6
1290410 1816.6
1290420 1819.9
1290430 1819.9
1290440 1820.6
1290450 1820.6
1290460 1820.6
1290470 1824.2
1290480 1828.9
1290490 1828.9
1290500 1832.9
1290510 1837.2
1290520 1837.2
1290530 1841.7
1290540 1845.5
1290550 1845.5
1290560 1848.7
1290570 1850.3
1290580 1852.1
1290590 1852.1
1290600 1855.1
1290610 1858.4
1290620 1858.4
1290630 1861.5
1290640 1864.2
1290650 1862.6
1290660 1865.7
1290670 1869.2
1290680 1869.2
1290690 1872.9
1290700 1876.6
1290710 1876.6
1290720 1880.2
1290730 1884.0
1290740 1884.0
1290750 1888.7
1290760 1893.7
1290770 1893.7
1290780 1899.0
1290790 1905.1
1290800 1905.1
1290810 1911.5
1290820 1918.6
1290830 1918.6
1290840 1926.2
1290850 1934.2
1290860 1942.4
1290870 1942.4
1290880 1950.5
1290890 1957.1
1290900 1957.1
1290910 1964.8
1290920 1972.8
1290930 1972.8
1290940 1971.9
1290950 1965.8
1290960 1965.8
1290970 1960.5
1290980 1953.1
1290990 1953.1
1291000 1943.7
1291010 1933.9
1291020 1933.9
1291030 1922.7
1291040 1907.0
1291050 1907.0
1291060 1894.4
1291070 1886.3
1291080 1886.3
1291090 1877.8
1291100 1869.2
1291110 1869.2
1291120 1861.3
1291130 1854.7
1291140 1854.7
1291150 1848.1
1291160 1846.7
1291170 1840.1
1291180 1840.1
1291190 1829.9
1291200 1827.1
1291210 1827.1
1291220 1821.2
1291230 1811.8
1291240 1811.8
1291250 1807.7
1291260 1801.7
1291270 1801.7
1291280 1793.3
1291290 1784.0
1291300 1784.0
1291310 1777.6
1291320 1771.3
1291330 1771.3
1291340 1762.1
1291350 1755.9
1291360 1755.9
1291370 1753.2
1291380 1750.8
1291390 1750.8
1291400 1743.7
1291410 1740.7
1291420 1740.7
1291430 1733.2
1291440 1720.3
1291450 1703.9
1291460 1703.9
1291470 1686.2
1291480 1657.2
1291490 1657.2
1291500 1638.5
1291510 1627.2
1291520 1627.2
1291530 1607.3
1291540 1600.9
1291550 1600.9
1291560 1595.8
1291570 1581.8
1291580 1581.8
1291590 1570.6
1291600 1559.6
1291610 1559.6
1291620 1554.6
1291630 1550.8
1291640 1550.8
1291650 1540.8
1291660 1527.1
1291670 1527.1
1291680 1515.4
1291690 1512.9
1291700 1512.9
1291710 1512.8
1291720 1514.8
1291730 1514.8
1291740 1522.5
1291750 1522.4
1291760 1508.7
1291770 1508.7
1291780 1489.8
1291790 1483.2
1291800 1483.2
1291810 1479.0
1291820 1468.4
1291830 1468.4
1291840 1463.4
1291850 1452.9
1291860 1452.9
1291870 1441.6
1291880 1438.8
1291890 1438.8
1291900 1438.2
1291910 1436.3
1291920 1436.3
1291930 1434.9
1291940 1434.3
1291950 1434.3
1291960 1432.8
1291970 1435.4
1291980 1435.4
1291990 1434.0
1292000 1432.8
1292010 1432.8
1292020 1432.2
1292030 1430.0
1292040 1430.0
1292050 1429.1
1292060 1429.1
1292070 1429.0
1292080 1429.0
1292090 1429.3
1292100 1430.7
1292110 1430.7
1292120 1432.8
1292130 1435.5
1292140 1435.5
1292150 1438.0
1292160 1440.7
1292170 1440.7
1292180 1444.8
1292190 1449.1
1292200 1449.1
1292210 1452.7
1292220 1457.0
1292230 1457.0
1292240 1461.2
1292250 1465.8
1292260 1465.8
1292270 1470.5
1292280 1475.0
1292290 1475.0
1292300 1479.8
1292310 1484.5
1292320 1484.5
1292330 1489.5
1292340 1493.8
1292350 1498.8
1292360 1498.8
1292370 1503.2
1292380 1507.2
1292390 1507.2
1292400 1511.1
1292410 1515.1
1292420 1515.1
1292430 1519.1
1292440 1523.0
1292450 1523.0
1292460 1525.7
1292470 1528.7
1292480 1528.7
1292490 1533.8
1292500 1539.1
1292510 1539.1
1292520 1544.0
1292530 1548.1
1292540 1548.1
1292550 1551.9
1292560 1555.7
1292570 1555.7
1292580 1559.7
1292590 1563.8
1292600 1563.8
1292610 1568.1
1292620 1572.3
1292630 1575.5
1292640 1579.9
1292650 1583.2
1292660 1586.7
1292670 1586.7
1292680 1591.4
1292690 1595.6
1292700 1595.6
1292710 1599.4
1292720 1602.8
1292730 1602.8
1292740 1606.7
1292750 1610.6
1292760 1610.6
1292770 1614.5
1292780 1618.7
1292790 1618.7
1292800 1623.8
1292810 1630.4
1292820 1630.4
1292830 1638.0
1292840 1645.4
1292850 1645.4
1292860 1651.3
1292870 1655.4
1292880 1655.4
1292890 1661.1
1292900 1665.8
1292910 1665.8
1292920 1669.3
1292930 1674.6
1292940 1680.3
1292950 1680.3
1292960 1686.3
1292970 1692.2
1292980 1692.2
1292990 1697.9
1293000 1703.8
1293010 1703.8
1293020 1709.8
1293030 1715.9
1293040 1715.9
1293050 1722.5
1293060 1729.9
1293070 1729.9
1293080 1738.6
1293090 1746.0
1293100 1746.0
1293110 1753.6
1293120 1761.1
1293130 1761.1
1293140 1768.4
1293150 1776.0
1293160 1776.0
1293170 1783.3
1293180 1790.4
1293190 1790.4
1293200 1797.9
1293210 1805.3
1293220 1805.3
1293230 1812.7
1293240 1820.3
1293250 1827.7
1293260 1827.7
1293270 1834.2
1293280 1841.0
1293290 1841.0
1293300 1850.2
1293310 1857.4
1293320 1857.4
1293330 1863.1
1293340 1868.4
1293350 1868.4
1293360 1875.2
1293370 1881.9
1293380 1881.9
1293390 1886.2
1293400 1885.1
1293410 1885.1
1293420 1879.7
1293430 1873.3
1293440 1873.3
1293450 1878.4
1293460 1886.4
1293470 1886.4
1293480 1894.3
1293490 1904.6
1293500 1904.6
1293510 1915.3
1293520 1925.0
1293530 1925.0
1293540 1932.2
1293550 1939.3
1293560 1944.2
1293570 1944.2
1293580 1947.0
1293590 1953.5
1293600 1953.5
1293610 1959.9
1293620 1966.4
1293630 1966.4
1293640 1972.4
1293650 1971.1
1293660 1971.1
1293670 1971.1
1293680 1976.2
1293690 1976.2
1293700 1975.7
1293710 1969.6
1293720 1969.6
1293730 1970.1
1293740 1971.3
1293750 1971.3
1293760 1969.6
1293770 1965.3
1293780 1965.3
1293790 1960.9
1293800 1957.1
1293810 1957.1
1293820 1935.9
1293830 1920.6
1293840 1915.2
1293850 1915.2
1293860 1909.1
1293870 1908.3
1293880 1908.3
1293890 1913.1
1293900 1917.6
1293910 1917.6
1293920 1918.4
1293930 1915.3
1293940 1915.3
1293950 1912.8
1293960 1913.8
1293970 1934.3
1293980 1937.3
1293990 1942.4
1294000 1942.4
1294010 1947.8
1294020 1952.2
1294030 1952.2
1294040 1957.1
1294050 1964.1
1294060 1964.1
1294070 1973.5
1294080 1979.9
1294090 1979.9
1294100 1982.5
1294110 1980.1
1294120 1980.1
1294130 1980.5
1294140 1971.4
1294150 1957.4
1294160 1957.4
1294170 1941.0
1294180 1929.2
1294190 1929.2
1294200 1921.8
1294210 1914.9
1294220 1914.9
1294230 1907.9
1294240 1900.9
1294250 1900.9
1294260 1893.8
1294270 1886.9
1294280 1886.9
1294290 1880.0
1294300 1873.2
1294310 1873.2
1294320 1866.8
1294330 1860.3
1294340 1860.3
1294350 1854.5
1294360 1849.0
1294370 1849.0
1294380 1844.0
1294390 1839.5
1294400 1839.5
1294410 1835.1
1294420 1831.0
1294430 1831.0
1294440 1827.0
1294450 1823.2
1294460 1819.9
1294470 1819.9
1294480 1817.0
1294490 1814.1
1294500 1814.1
1294510 1811.5
1294520 1809.3
1294530 1809.3
1294540 1807.9
1294550 1806.4
1294560 1806.4
1294570 1804.6
1294580 1803.8
1294590 1803.8
1294600 1804.1
1294610 1803.4
1294620 1803.4
1294630 1805.7
1294640 1806.7
1294650 1806.7
1294660 1802.6
1294670 1796.2
1294680 1796.2
1294690 1789.9
1294700 1784.7
1294710 1784.7
1294720 1782.7
1294730 1781.0
1294740 1780.2
1294750 1780.2
1294760 1780.5
1294770 1778.1
1294780 1778.1
1294790 1775.8
1294800 1773.7
1294810 1773.7
1294820 1771.3
1294830 1770.2
1294840 1770.2
1294850 1768.4
1294860 1767.8
1294870 1767.8
1294880 1768.5
1294890 1767.9
1294900 1767.9
1294910 1768.6
1294920 1770.1
1294930 1770.1
1294940 1772.1
1294950 1774.0
1294960 1774.0
1294970 1775.9
1294980 1778.8
1294990 1778.8
1295000 1781.2
1295010 1785.3
1295020 1785.3
1295030 1787.2
1295040 1789.3
1295050 1788.9
1295060 1788.9
1295070 1791.1
1295080 1795.0
1295090 1795.0
1295100 1797.6
1295110 1800.4
1295120 1800.4
1295130 1803.3
1295140 1806.0
1295150 1806.0
1295160 1810.1
1295170 1814.7
1295180 1814.7
1295190 1817.0
1295200 1819.9
1295210 1819.9
1295220 1825.2
1295230 1826.3
1295240 1826.3
1295250 1827.5
1295260 1828.7
1295270 1828.7
1295280 1831.1
1295290 1834.5
1295300 1834.5
1295310 1830.4
1295320 1833.5
1295330 1837.3
1295340 1837.3
1295350 1840.3
1295360 1842.0
1295370 1842.0
1295380 1843.0
1295390 1844.8
1295400 1844.8
1295410 1849.0
1295420 1852.4
1295430 1852.4
1295440 1855.1
1295450 1860.1
1295460 1860.1
1295470 1865.0
1295480 1868.3
1295490 1868.3
1295500 1871.8
1295510 1874.0
1295520 1874.0
1295530 1877.4
1295540 1881.0
1295550 1881.0
1295560 1886.0
1295570 1891.7
1295580 1891.7
1295590 1897.6
1295600 1901.9
1295610 1901.9
1295620 1905.2
1295630 1906.5
1295640 1907.9
1295650 1907.9
1295660 1911.5
1295670 1913.9
1295680 1913.9
1295690 1916.6
1295700 1920.2
1295710 1920.2
1295720 1922.9
1295730 1923.8
1295740 1923.8
1295750 1926.7
1295760 1928.3
1295770 1928.3
1295780 1929.9
1295790 1932.6
1295800 1932.6
1295810 1933.9
1295820 1933.3
1295830 1933.3
1295840 1933.8
1295850 1934.6
1295860 1934.6
1295870 1934.0
1295880 1928.7
1295890 1928.7
1295900 1927.8
1295910 1927.3
1295920 1927.3
1295930 1926.1
1295940 1922.6
1295950 1920.1
1295960 1920.1
1295970 1918.4
1295980 1908.6
1295990 1908.6
1296000 1907.0
1296010 1906.0
1296020 1906.0
1296030 1906.6
1296040 1907.4
1296050 1907.4
1296060 1908.1
1296070 1908.7
1296080 1908.7
1296090 1908.5
1296100 1907.2
1296110 1907.2
1296120 1906.1
1296130 1905.5
1296140 1905.5
1296150 1905.5
1296160 1904.9
1296170 1904.9
1296180 1904.6
1296190 1905.1
1296200 1905.1
1296210 1905.2
1296220 1905.7
1296230 1907.0
1296240 1907.0
1296250 1906.7
1296260 1908.1
1296270 1908.1
1296280 1913.6
1296290 1917.1
1296300 1917.1
1296310 1919.8
1296320 1922.2
1296330 1922.2
1296340 1924.4
1296350 1926.2
1296360 1926.2
1296370 1928.8
1296380 1931.7
1296390 1931.7
1296400 1934.1
1296410 1935.5
1296420 1935.5
1296430 1937.0
1296440 1938.1
1296450 1938.1
1296460 1938.6
1296470 1937.8
1296480 1937.8
1296490 1928.9
1296500 1919.4
1296510 1919.4
1296520 1908.5
1296530 1899.0
1296540 1891.9
1296550 1891.9
1296560 1884.6
1296570 1875.0
1296580 1875.0
1296590 1862.3
1296600 1848.5
1296610 1848.5
1296620 1833.4
1296630 1822.2
1296640 1822.2
1296650 1809.9
1296660 1807.9
1296670 1807.9
1296680 1798.9
1296690 1790.2
1296700 1790.2
1296710 1783.3
1296720 1776.4
1296730 1776.4
1296740 1766.7
1296750 1758.6
1296760 1758.6
1296770 1753.4
1296780 1748.8
1296790 1748.8
1296800 1744.4
1296810 1739.7
1296820 1731.9
1296830 1731.9
1296840 1717.7
1296850 1708.0
1296860 1708.0
1296870 1699.9
1296880 1691.4
1296890 1691.4
1296900 1685.0
1296910 1678.6
1296920 1678.6
1296930 1672.7
1296940 1666.9
1296950 1666.9
1296960 1661.0
1296970 1655.3
1296980 1655.3
1296990 1649.7
1297000 1644.2
1297010 1644.2
1297020 1638.6
1297030 1633.1
1297040 1633.1
1297050 1627.8
1297060 1622.4
1297070 1622.4
1297080 1617.8
1297090 1618.8
1297100 1618.8
1297110 1624.5
1297120 1628.3
1297130 1632.2
1297140 1632.2
1297150 1637.1
1297160 1639.5
1297170 1639.5
1297180 1642.1
1297190 1645.6
1297200 1645.6
1297210 1649.1
1297220 1651.5
1297230 1651.5
1297240 1653.6
1297250 1658.1
1297260 1658.1
1297270 1661.5
1297280 1664.9
1297290 1664.9
1297300 1668.2
1297310 1672.5
1297320 1672.5
1297330 1678.9
1297340 1673.9
1297350 1673.9
1297360 1677.0
1297370 1681.7
1297380 1681.7
1297390 1686.6
1297400 1690.1
1297410 1690.1
1297420 1693.2
1297430 1694.9
1297440 1695.7
1297450 1695.7
1297460 1696.2
1297470 1696.8
1297480 1696.8
1297490 1697.5
1297500 1698.1
1297510 1698.1
1297520 1699.4
1297530 1699.1
1297540 1699.1
1297550 1697.7
1297560 1696.7
1297570 1696.7
1297580 1694.6
1297590 1692.1
1297600 1692.1
1297610 1689.7
1297620 1688.3
1297630 1688.3
1297640 1688.6
1297650 1688.1
1297660 1688.1
1297670 1686.9
1297680 1684.3
1297690 1684.3
1297700 1681.9
1297710 1681.3
1297720 1680.0
1297730 1680.0
1297740 1675.1
1297750 1665.1
1297760 1665.1
1297770 1652.4
1297780 1642.5
1297790 1642.5
1297800 1636.6
1297810 1630.8
1297820 1630.8
1297830 1625.2
1297840 1620.7
1297850 1620.7
1297860 1616.7
1297870 1611.2
1297880 1611.2
1297890 1605.4
1297900 1598.1
1297910 1598.1
1297920 1589.9
1297930 1583.9
1297940 1583.9
1297950 1578.4
1297960 1572.4
1297970 1572.4
1297980 1567.2
1297990 1561.8
1298000 1561.8
1298010 1556.1
1298020 1545.1
1298030 1537.0
1298040 1537.0
1298050 1529.1
1298060 1519.1
1298070 1519.1
1298080 1503.6
1298090 1489.0
1298100 1489.0
1298110 1497.1
1298120 1516.2
1298130 1516.2
1298140 1527.9
1298150 1535.9
1298160 1535.9
1298170 1543.9
1298180 1551.5
1298190 1551.5
1298200 1559.4
1298210 1567.8
1298220 1567.8
1298230 1576.5
1298240 1583.8
1298250 1583.8
1298260 1591.1
1298270 1599.3
1298280 1599.3
1298290 1609.2
1298300 1619.5
1298310 1619.5
1298320 1626.0
1298330 1630.9
1298340 1634.2
1298350 1634.2
1298360 1636.6
1298370 1638.7
1298380 1638.7
1298390 1641.5
1298400 1645.0
1298410 1645.0
1298420 1648.0
1298430 1649.8
1298440 1649.8
1298450 1650.7
1298460 1651.2
1298470 1651.2
1298480 1652.4
1298490 1652.8
1298500 1652.8
1298510 1653.3
1298520 1655.6
1298530 1655.6
1298540 1657.5
1298550 1660.8
1298560 1660.8
1298570 1667.1
1298580 1672.1
1298590 1672.1
1298600 1673.7
1298610 1673.2
1298620 1670.7
1298630 1670.7
1298640 1671.4
1298650 1673.1
1298660 1673.1
1298670 1677.4
1298680 1685.9
1298690 1685.9
1298700 1691.4
1298710 1684.4
1298720 1684.4
1298730 1684.9
1298740 1684.8
1298750 1684.8
1298760 1685.6
1298770 1685.6
1298780 1685.6
1298790 1685.7
1298800 1685.6
1298810 1685.6
1298820 1686.2
1298830 1688.5
1298840 1688.5
1298850 1691.1
1298860 1695.2
1298870 1695.2
1298880 1703.2
1298890 1709.8
1298900 1709.8
1298910 1712.3
1298920 1713.4
1298930 1713.0
1298940 1713.0
1298950 1715.0
1298960 1717.2
1298970 1717.2
1298980 1719.6
1298990 1720.6
1299000 1720.6
1299010 1724.5
1299020 1726.7
1299030 1726.7
1299040 1728.4
1299050 1732.6
1299060 1732.6
1299070 1737.9
1299080 1744.5
1299090 1744.5
1299100 1747.4
1299110 1749.3
1299120 1749.3
1299130 1751.5
1299140 1753.2
1299150 1753.2
1299160 1754.5
1299170 1757.6
1299180 1757.6
1299190 1767.4
1299200 1783.1
1299210 1786.8
1299220 1786.8
1299230 1788.9
1299240 1791.8
1299250 1791.8
1299260 1793.8
1299270 1797.6
1299280 1797.6
1299290 1802.7
1299300 1808.5
1299310 1808.5
1299320 1815.1
1299330 1821.4
1299340 1821.4
1299350 1827.3
1299360 1832.9
1299370 1832.9
1299380 1838.7
1299390 1843.3
1299400 1837.6
1299410 1840.6
1299420 1843.1
1299430 1843.1
1299440 1845.8
1299450 1848.6
1299460 1848.6
1299470 1851.9
1299480 1854.7
1299490 1854.7
1299500 1856.0
1299510 1856.2
1299520 1855.6
1299530 1855.6
1299540 1856.2
1299550 1856.9
1299560 1856.9
1299570 1857.3
1299580 1858.0
1299590 1858.0
1299600 1858.9
1299610 1860.3
1299620 1860.3
1299630 1861.3
1299640 1860.4
1299650 1860.4
1299660 1859.5
1299670 1860.0
1299680 1860.0
1299690 1860.4
1299700 1860.3
1299710 1860.3
1299720 1859.6
1299730 1859.1
1299740 1859.1
1299750 1859.0
1299760 1860.1
1299770 1860.1
1299780 1859.2
1299790 1855.6
1299800 1855.6
1299810 1850.2
1299820 1845.2
1299830 1838.9
1299840 1838.9
1299850 1823.9
1299860 1816.1
1299870 1816.1
1299880 1808.8
1299890 1800.9
1299900 1800.9
1299910 1794.3
1299920 1787.6
1299930 1787.6
1299940 1780.7
1299950 1772.7
1299960 1772.7
1299970 1764.4
1299980 1756.3
1299990 1756.3
