1280000 1961.1
1280010 1959.4
1280020 1952.5
1280030 1952.5
1280040 1943.1
1280050 1932.1
1280060 1932.1
1280070 1913.5
1280080 1903.2
1280090 1903.2
1280100 1894.5
1280110 1891.0
1280120 1891.0
1280130 1885.9
1280140 1880.7
1280150 1880.7
1280160 1875.4
1280170 1870.1
1280180 1870.1
1280190 1864.8
1280200 1859.5
1280210 1859.5
1280220 1854.7
1280230 1849.9
1280240 1845.5
1280250 1845.5
1280260 1841.1
1280270 1837.4
1280280 1837.4
1280290 1833.0
1280300 1828.6
1280310 1828.6
1280320 1824.3
1280330 1819.8
1280340 1819.8
1280350 1815.4
1280360 1810.9
1280370 1810.9
1280380 1806.6
1280390 1803.3
1280400 1803.3
1280410 1800.0
1280420 1795.9
1280430 1795.9
1280440 1791.6
1280450 1788.6
1280460 1788.6
1280470 1785.8
1280480 1782.0
1280490 1782.0
1280500 1779.1
1280510 1777.3
1280520 1775.4
1280530 1775.4
1280540 1773.3
1280550 1771.6
1280560 1771.6
1280570 1769.4
1280580 1766.9
1280590 1766.9
1280600 1764.4
1280610 1761.4
1280620 1761.4
1280630 1758.6
1280640 1755.9
1280650 1755.9
1280660 1753.6
1280670 1751.4
1280680 1751.4
1280690 1753.6
1280700 1751.5
1280710 1751.5
1280720 1749.5
1280730 1746.8
1280740 1746.8
1280750 1743.9
1280760 1740.8
1280770 1740.8
1280780 1737.6
1280790 1734.1
1280800 1734.1
1280810 1731.9
1280820 1731.1
1280830 1729.6
1280840 1729.6
1280850 1726.5
1280860 1724.6
1280870 1724.6
1280880 1722.7
1280890 1720.9
1280900 1720.9
1280910 1719.3
1280920 1717.3
1280930 1717.3
1280940 1715.6
1280950 1714.0
1280960 1714.0
1280970 1712.7
1280980 1711.1
1280990 1711.1
1281000 1709.6
1281010 1707.7
1281020 1707.7
1281030 1705.8
1281040 1704.4
1281050 1704.4
1281060 1702.5
1281070 1700.4
1281080 1700.4
1281090 1698.5
1281100 1696.7
1281110 1696.7
1281120 1694.6
1281130 1692.1
1281140 1689.5
1281150 1689.5
1281160 1686.8
1281170 1683.6
1281180 1683.6
1281190 1680.7
1281200 1677.2
1281210 1677.2
1281220 1673.4
1281230 1669.2
1281240 1669.2
1281250 1665.1
1281260 1661.5
1281270 1661.5
1281280 1659.5
1281290 1657.8
1281300 1657.8
1281310 1655.2
1281320 1657.1
1281330 1657.1
1281340 1655.0
1281350 1652.8
1281360 1652.8
1281370 1650.5
1281380 1647.9
1281390 1647.9
1281400 1644.3
1281410 1641.5
1281420 1643.4
1281430 1643.4
1281440 1646.0
1281450 1647.2
1281460 1647.2
1281470 1647.7
1281480 1648.6
1281490 1648.6
1281500 1649.5
1281510 1650.5
1281520 1650.5
1281530 1650.3
1281540 1649.5
1281550 1649.5
1281560 1647.9
1281570 1646.5
1281580 1646.5
1281590 1645.5
1281600 1644.5
1281610 1644.5
1281620 1644.1
1281630 1644.6
1281640 1644.6
1281650 1645.4
1281660 1646.5
1281670 1646.5
1281680 1647.3
1281690 1649.0
1281700 1649.0
1281710 1650.7
1281720 1652.1
1281730 1653.7
1281740 1653.7
1281750 1655.6
1281760 1656.7
1281770 1656.7
1281780 1657.6
1281790 1659.3
1281800 1659.3
1281810 1661.3
1281820 1663.9
1281830 1663.9
1281840 1665.5
1281850 1665.6
1281860 1665.6
1281870 1667.1
1281880 1669.3
1281890 1669.3
1281900 1671.3
1281910 1673.2
1281920 1673.2
1281930 1674.6
1281940 1675.9
1281950 1680.2
1281960 1681.4
1281970 1682.1
1281980 1682.1
1281990 1682.9
1282000 1683.2
1282010 1683.2
1282020 1684.3
1282030 1684.9
1282040 1685.2
1282050 1685.2
1282060 1686.5
1282070 1685.8
1282080 1685.8
1282090 1685.6
1282100 1685.5
1282110 1685.5
1282120 1685.5
1282130 1686.0
1282140 1686.0
1282150 1685.7
1282160 1684.7
1282170 1684.7
1282180 1684.8
1282190 1684.3
1282200 1684.3
1282210 1684.8
1282220 1687.9
1282230 1687.9
1282240 1690.7
1282250 1692.7
1282260 1692.7
1282270 1697.7
1282280 1704.1
1282290 1704.1
1282300 1710.4
1282310 1716.5
1282320 1722.3
1282330 1722.3
1282340 1728.1
1282350 1733.0
1282360 1733.0
1282370 1738.1
1282380 1741.7
1282390 1741.7
1282400 1744.0
1282410 1745.8
1282420 1745.8
1282430 1747.2
1282440 1749.6
1282450 1749.6
1282460 1751.9
1282470 1753.9
1282480 1753.9
1282490 1755.8
1282500 1756.9
1282510 1756.9
1282520 1757.6
1282530 1758.2
1282540 1758.2
1282550 1760.6
1282560 1764.3
1282570 1764.3
1282580 1768.7
1282590 1773.9
1282600 1773.9
1282610 1779.7
1282620 1785.6
1282630 1789.7
1282640 1789.7
1282650 1793.0
1282660 1796.2
1282670 1796.2
1282680 1798.7
1282690 1800.5
1282700 1800.5
1282710 1802.2
1282720 1803.8
1282730 1803.8
1282740 1804.6
1282750 1804.9
1282760 1804.9
1282770 1804.3
1282780 1803.1
1282790 1803.1
1282800 1801.5
1282810 1798.0
1282820 1798.0
1282830 1793.8
1282840 1790.5
1282850 1790.5
1282860 1788.0
1282870 1784.6
1282880 1784.6
1282890 1781.2
1282900 1779.0
1282910 1779.0
1282920 1776.1
1282930 1772.4
1282940 1768.4
1282950 1768.4
1282960 1765.2
1282970 1763.2
1282980 1763.2
1282990 1761.0
1283000 1759.1
1283010 1759.1
1283020 1755.8
1283030 1755.8
1283040 1755.8
1283050 1755.9
1283060 1754.5
1283070 1754.5
1283080 1753.8
1283090 1753.4
1283100 1753.4
1283110 1752.3
1283120 1751.4
1283130 1751.4
1283140 1749.9
1283150 1747.9
1283160 1747.9
1283170 1744.7
1283180 1742.4
1283190 1742.4
1283200 1741.3
1283210 1736.6
1283220 1735.6
1283230 1735.6
1283240 1735.7
1283250 1735.0
1283260 1735.0
1283270 1734.0
1283280 1733.1
1283290 1733.1
1283300 1733.1
1283310 1731.7
1283320 1731.7
1283330 1730.6
1283340 1731.9
1283350 1731.9
1283360 1731.6
1283370 1728.8
1283380 1728.8
1283390 1726.2
1283400 1724.2
1283410 1724.2
1283420 1722.6
1283430 1720.6
1283440 1720.6
1283450 1717.9
1283460 1714.8
1283470 1714.8
1283480 1712.6
1283490 1712.2
1283500 1712.2
1283510 1711.1
1283520 1712.7
1283530 1714.1
1283540 1714.1
1283550 1714.0
1283560 1713.1
1283570 1713.1
1283580 1712.5
1283590 1713.0
1283600 1713.0
1283610 1710.0
1283620 1704.6
1283630 1704.6
1283640 1699.9
1283650 1695.8
1283660 1695.8
1283670 1691.9
1283680 1688.2
1283690 1688.2
1283700 1685.0
1283710 1680.4
1283720 1680.4
1283730 1677.9
1283740 1677.9
1283750 1677.9
1283760 1675.3
1283770 1673.7
1283780 1673.7
1283790 1672.7
1283800 1669.5
1283810 1669.5
1283820 1664.6
1283830 1661.3
1283840 1657.2
1283850 1652.8
1283860 1648.1
1283870 1644.3
1283880 1644.3
1283890 1639.8
1283900 1633.2
1283910 1633.2
1283920 1626.8
1283930 1621.7
1283940 1621.7
1283950 1616.1
1283960 1611.1
1283970 1611.1
1283980 1605.2
1283990 1599.7
1284000 1599.7
1284010 1597.1
1284020 1603.5
1284030 1603.5
1284040 1604.9
1284050 1603.6
1284060 1603.6
1284070 1602.9
1284080 1601.5
1284090 1601.5
1284100 1600.1
1284110 1600.0
1284120 1600.4
1284130 1600.4
1284140 1597.9
1284150 1595.2
1284160 1595.2
1284170 1590.8
1284180 1588.0
1284190 1588.0
1284200 1585.1
1284210 1580.8
1284220 1580.8
1284230 1575.0
1284240 1568.3
1284250 1568.3
1284260 1562.0
1284270 1552.1
1284280 1552.1
1284290 1543.8
1284300 1540.4
1284310 1540.4
1284320 1540.8
1284330 1539.9
1284340 1539.9
1284350 1534.5
1284360 1528.1
1284370 1528.1
1284380 1523.4
1284390 1524.4
1284400 1524.4
1284410 1525.1
1284420 1524.1
1284430 1520.0
1284440 1520.0
1284450 1516.2
1284460 1513.2
1284470 1513.2
1284480 1505.0
1284490 1501.8
1284500 1501.8
1284510 1498.3
1284520 1495.1
1284530 1495.1
1284540 1492.0
1284550 1488.5
1284560 1488.5
1284570 1485.3
1284580 1482.9
1284590 1482.9
1284600 1481.9
1284610 1480.8
1284620 1480.8
1284630 1479.5
1284640 1477.0
1284650 1477.0
1284660 1473.8
1284670 1470.4
1284680 1470.4
1284690 1467.9
1284700 1466.1
1284710 1466.1
1284720 1464.7
1284730 1463.0
1284740 1461.3
1284750 1461.3
1284760 1459.1
1284770 1456.1
1284780 1456.1
1284790 1452.1
1284800 1446.7
1284810 1446.7
1284820 1441.2
1284830 1437.1
1284840 1437.1
1284850 1434.2
1284860 1431.4
1284870 1431.4
1284880 1428.5
1284890 1424.5
1284900 1424.5
1284910 1420.1
1284920 1416.5
1284930 1416.5
1284940 1414.6
1284950 1413.1
1284960 1413.1
1284970 1410.4
1284980 1406.5
1284990 1406.5
1285000 1403.9
1285010 1399.1
1285020 1391.1
1285030 1391.1
1285040 1382.7
1285050 1378.1
1285060 1378.1
1285070 1382.3
1285080 1386.0
1285090 1386.0
1285100 1384.3
1285110 1382.2
1285120 1379.0
1285130 1376.6
1285140 1373.7
1285150 1373.7
1285160 1368.4
1285170 1362.4
1285180 1362.4
1285190 1360.5
1285200 1360.5
1285210 1360.5
1285220 1358.3
1285230 1356.7
1285240 1356.7
1285250 1355.8
1285260 1350.9
1285270 1350.9
1285280 1343.9
1285290 1337.1
1285300 1337.1
1285310 1331.4
1285320 1326.1
1285330 1321.5
1285340 1321.5
1285350 1318.2
1285360 1317.7
1285370 1317.7
1285380 1316.0
1285390 1313.3
1285400 1313.3
1285410 1310.5
1285420 1308.9
1285430 1308.9
1285440 1307.8
1285450 1308.4
1285460 1308.4
1285470 1308.6
1285480 1309.0
1285490 1309.0
1285500 1310.6
1285510 1312.0
1285520 1312.0
1285530 1312.3
1285540 1314.4
1285550 1314.4
1285560 1311.9
1285570 1306.6
1285580 1306.6
1285590 1302.8
1285600 1298.9
1285610 1298.9
1285620 1294.7
1285630 1291.1
1285640 1287.1
1285650 1287.1
1285660 1282.1
1285670 1276.4
1285680 1276.4
1285690 1272.6
1285700 1270.7
1285710 1270.7
1285720 1269.6
1285730 1268.9
1285740 1268.9
1285750 1268.0
1285760 1266.5
1285770 1266.5
1285780 1266.3
1285790 1266.2
1285800 1266.2
1285810 1265.7
1285820 1265.6
1285830 1265.6
1285840 1265.1
1285850 1264.5
1285860 1264.5
1285870 1264.3
1285880 1265.7
1285890 1265.7
1285900 1267.9
1285910 1268.7
1285920 1269.3
1285930 1269.3
1285940 1272.4
1285950 1275.2
1285960 1275.2
1285970 1276.6
1285980 1276.3
1285990 1276.3
1286000 1273.6
1286010 1272.3
1286020 1272.3
1286030 1273.2
1286040 1274.3
1286050 1274.3
1286060 1277.2
1286070 1281.3
1286080 1281.3
1286090 1283.4
1286100 1281.7
1286110 1281.7
1286120 1280.9
1286130 1281.7
1286140 1281.7
1286150 1281.0
1286160 1279.2
1286170 1279.2
1286180 1276.5
1286190 1274.0
1286200 1274.0
1286210 1271.6
1286220 1268.9
1286230 1265.1
1286240 1265.1
1286250 1261.5
1286260 1260.2
1286270 1260.2
1286280 1259.4
1286290 1261.6
1286300 1261.6
1286310 1262.7
1286320 1260.7
1286330 1260.7
1286340 1259.8
1286350 1259.3
1286360 1259.3
1286370 1259.2
1286380 1259.4
1286390 1259.4
1286400 1259.3
1286410 1258.9
1286420 1258.9
1286430 1258.6
1286440 1258.4
1286450 1258.4
1286460 1258.5
1286470 1258.2
1286480 1258.2
1286490 1258.0
1286500 1258.1
1286510 1258.1
1286520 1258.6
1286530 1259.0
1286540 1259.2
1286550 1259.2
1286560 1258.9
1286570 1260.1
1286580 1260.1
1286590 1261.5
1286600 1262.2
1286610 1262.2
1286620 1263.3
1286630 1264.1
1286640 1264.1
1286650 1264.1
1286660 1263.1
1286670 1263.1
1286680 1260.9
1286690 1258.3
1286700 1258.3
1286710 1255.7
1286720 1255.1
1286730 1255.1
1286740 1258.2
1286750 1257.3
1286760 1257.3
1286770 1254.0
1286780 1253.7
1286790 1253.7
1286800 1253.6
1286810 1254.2
1286820 1254.2
1286830 1254.2
1286840 1253.7
1286850 1253.3
1286860 1253.3
1286870 1253.8
1286880 1256.1
1286890 1256.1
1286900 1258.7
1286910 1261.3
1286920 1261.3
1286930 1263.9
1286940 1266.9
1286950 1266.9
1286960 1270.0
1286970 1273.4
1286980 1273.4
1286990 1276.6
1287000 1279.8
1287010 1279.8
1287020 1283.3
1287030 1286.9
1287040 1286.9
1287050 1291.6
1287060 1295.2
1287070 1295.2
1287080 1299.0
1287090 1302.6
1287100 1302.6
1287110 1306.0
1287120 1309.2
1287130 1313.4
1287140 1313.4
1287150 1318.9
1287160 1324.2
1287170 1324.2
1287180 1329.3
1287190 1334.2
1287200 1334.2
1287210 1338.7
1287220 1343.8
1287230 1343.8
1287240 1348.2
1287250 1351.7
1287260 1351.7
1287270 1355.1
1287280 1357.8
1287290 1357.8
1287300 1360.7
1287310 1363.4
1287320 1363.4
1287330 1366.3
1287340 1368.4
1287350 1368.4
1287360 1369.5
1287370 1372.8
1287380 1372.8
1287390 1378.5
1287400 1384.6
1287410 1384.6
1287420 1390.6
1287430 1395.8
1287440 1400.7
1287450 1400.7
1287460 1406.1
1287470 1411.6
1287480 1411.6
1287490 1414.8
1287500 1414.9
1287510 1414.9
1287520 1415.4
1287530 1419.1
1287540 1419.1
1287550 1424.3
1287560 1431.0
1287570 1431.0
1287580 1436.6
1287590 1442.3
1287600 1442.3
1287610 1446.5
1287620 1447.5
1287630 1447.5
1287640 1449.2
1287650 1455.3
1287660 1455.3
1287670 1462.7
1287680 1469.6
1287690 1469.6
1287700 1474.7
1287710 1481.8
1287720 1487.6
1287730 1487.6
1287740 1492.4
1287750 1497.3
1287760 1497.3
1287770 1502.6
1287780 1507.5
1287790 1507.5
1287800 1512.2
1287810 1516.5
1287820 1516.5
1287830 1521.1
1287840 1525.9
1287850 1525.9
1287860 1531.1
1287870 1536.1
1287880 1536.1
1287890 1541.5
1287900 1547.1
1287910 1547.1
1287920 1552.1
1287930 1557.6
1287940 1557.6
1287950 1563.6
1287960 1569.7
1287970 1569.7
1287980 1574.6
1287990 1580.4
1288000 1580.4
1288010 1586.0
1288020 1591.4
1288030 1596.7
1288040 1596.7
1288050 1602.3
1288060 1607.6
1288070 1607.6
1288080 1612.8
1288090 1618.4
1288100 1618.4
1288110 1624.1
1288120 1630.0
1288130 1630.0
1288140 1636.7
1288150 1642.9
1288160 1642.9
1288170 1648.3
1288180 1654.9
1288190 1654.9
1288200 1660.7
1288210 1665.3
1288220 1665.3
1288230 1671.4
1288240 1676.7
1288250 1676.7
1288260 1682.2
1288270 1689.3
1288280 1689.3
1288290 1696.0
1288300 1702.2
1288310 1702.2
1288320 1708.5
1288330 1715.2
1288340 1723.4
1288350 1726.3
1288360 1732.4
1288370 1738.8
1288380 1738.8
1288390 1745.0
1288400 1750.8
1288410 1750.8
1288420 1756.9
1288430 1763.4
1288440 1763.4
1288450 1769.0
1288460 1773.7
1288470 1773.7
1288480 1775.8
1288490 1773.5
1288500 1773.5
1288510 1769.0
1288520 1763.1
1288530 1763.1
1288540 1754.8
1288550 1744.9
1288560 1744.9
1288570 1736.9
1288580 1731.9
1288590 1731.9
1288600 1726.8
1288610 1721.6
1288620 1715.9
1288630 1715.9
1288640 1709.9
1288650 1705.1
1288660 1705.1
1288670 1701.2
1288680 1697.6
1288690 1697.6
1288700 1693.9
1288710 1689.3
1288720 1689.3
1288730 1684.1
1288740 1679.2
1288750 1679.2
1288760 1674.6
1288770 1670.1
1288780 1670.1
1288790 1665.7
1288800 1662.1
1288810 1662.1
1288820 1659.2
1288830 1660.7
1288840 1660.7
1288850 1656.4
1288860 1649.8
1288870 1649.8
1288880 1645.8
1288890 1641.6
1288900 1641.6
1288910 1637.5
1288920 1633.5
1288930 1629.0
1288940 1629.0
1288950 1625.6
1288960 1622.8
1288970 1622.8
1288980 1620.6
1288990 1619.2
1289000 1627.2
1289010 1626.8
1289020 1625.8
1289030 1625.8
1289040 1625.6
1289050 1624.5
1289060 1624.5
1289070 1625.6
1289080 1626.5
1289090 1626.5
1289100 1627.1
1289110 1626.3
1289120 1626.3
1289130 1625.9
1289140 1623.2
1289150 1623.2
1289160 1620.9
1289170 1619.0
1289180 1619.0
1289190 1616.8
1289200 1614.0
1289210 1614.0
1289220 1612.5
1289230 1611.9
1289240 1610.9
1289250 1610.9
1289260 1610.0
1289270 1611.4
1289280 1611.4
1289290 1615.4
1289300 1621.6
1289310 1621.6
1289320 1629.3
1289330 1636.4
1289340 1636.4
1289350 1643.1
1289360 1649.7
1289370 1649.7
1289380 1654.2
1289390 1653.7
1289400 1653.7
1289410 1652.7
1289420 1652.2
1289430 1652.2
1289440 1652.5
1289450 1654.0
1289460 1654.0
1289470 1654.5
1289480 1652.6
1289490 1652.6
1289500 1650.6
1289510 1649.3
1289520 1647.8
1289530 1647.8
1289540 1648.0
1289550 1648.9
1289560 1648.9
1289570 1649.9
1289580 1651.1
1289590 1651.1
1289600 1652.4
1289610 1653.8
1289620 1653.8
1289630 1655.1
1289640 1656.4
1289650 1656.9
1289660 1658.3
1289670 1659.5
1289680 1659.5
1289690 1660.7
1289700 1661.9
1289710 1661.9
1289720 1662.9
1289730 1664.8
1289740 1664.8
1289750 1667.4
1289760 1670.3
1289770 1670.3
1289780 1673.5
1289790 1677.1
1289800 1677.1
1289810 1680.7
1289820 1684.1
1289830 1687.8
1289840 1687.8
1289850 1691.1
1289860 1693.9
1289870 1693.9
1289880 1696.8
1289890 1700.0
1289900 1700.0
1289910 1703.0
1289920 1705.8
1289930 1705.8
1289940 1709.2
1289950 1712.9
1289960 1712.9
1289970 1716.8
1289980 1720.8
1289990 1720.8
1290000 1724.8
1290010 1729.5
1290020 1729.5
1290030 1734.2
1290040 1738.6
1290050 1738.6
1290060 1743.5
1290070 1748.5
1290080 1748.5
1290090 1753.8
1290100 1759.3
1290110 1759.3
1290120 1763.9
1290130 1767.8
1290140 1774.1
1290150 1774.1
1290160 1779.0
1290170 1782.4
1290180 1782.4
1290190 1785.9
1290200 1790.6
1290210 1790.6
1290220 1798.8
1290230 1807.8
1290240 1807.8
1290250 1818.3
1290260 1828.7
1290270 1828.7
1290280 1840.1
1290290 1852.1
1290300 1852.1
1290310 1859.0
1290320 1867.8
1290330 1867.8
1290340 1875.3
1290350 1883.3
1290360 1883.3
1290370 1891.2
1290380 1897.4
1290390 1897.4
1290400 1904.5
1290410 1910.2
1290420 1912.8
1290430 1912.8
1290440 1918.3
1290450 1927.4
1290460 1927.4
1290470 1936.5
1290480 1945.7
1290490 1945.7
1290500 1954.8
1290510 1961.8
1290520 1961.8
1290530 1965.2
1290540 1968.7
1290550 1968.7
1290560 1974.7
1290570 1981.1
1290580 1981.1
1290590 1985.8
1290600 1991.3
1290610 1991.3
1290620 1999.8
1290630 2010.3
1290640 2010.3
1290650 2023.9
1290660 2032.8
1290670 2032.8
1290680 2039.5
1290690 2047.8
1290700 2047.8
1290710 2056.3
1290720 2060.3
1290730 2061.7
1290740 2061.7
1290750 2064.7
1290760 2066.5
1290770 2066.5
1290780 2064.6
1290790 2057.4
1290800 2057.4
1290810 2051.8
1290820 2048.4
1290830 2048.4
1290840 2037.5
1290850 2021.8
1290860 2021.8
1290870 2011.2
1290880 2001.8
1290890 2001.8
1290900 1992.8
1290910 1983.3
1290920 1983.3
1290930 1976.4
1290940 1967.9
1290950 1967.9
1290960 1954.4
1290970 1938.8
1290980 1938.8
1290990 1930.2
1291000 1926.1
1291010 1926.1
1291020 1923.6
1291030 1915.8
1291040 1909.6
1291050 1909.6
1291060 1905.4
1291070 1903.1
1291080 1903.1
1291090 1901.1
1291100 1895.7
1291110 1895.7
1291120 1888.9
1291130 1885.5
1291140 1885.5
1291150 1877.3
1291160 1857.6
1291170 1857.6
1291180 1840.9
1291190 1829.5
1291200 1829.5
1291210 1814.4
1291220 1801.0
1291230 1801.0
1291240 1782.6
1291250 1760.7
1291260 1760.7
1291270 1746.5
1291280 1730.8
1291290 1730.8
1291300 1713.9
1291310 1694.8
1291320 1681.6
1291330 1681.6
1291340 1665.1
1291350 1648.4
1291360 1648.4
1291370 1642.9
1291380 1636.0
1291390 1636.0
1291400 1630.0
1291410 1625.4
1291420 1625.4
1291430 1623.9
1291440 1616.3
1291450 1616.3
1291460 1607.4
1291470 1604.6
1291480 1604.6
1291490 1602.8
1291500 1597.0
1291510 1597.0
1291520 1589.9
1291530 1586.2
1291540 1586.2
1291550 1581.6
1291560 1573.4
1291570 1573.4
1291580 1570.4
1291590 1568.2
1291600 1568.2
1291610 1552.6
1291620 1532.8
1291630 1515.4
1291640 1515.4
1291650 1505.4
1291660 1499.9
1291670 1499.9
1291680 1495.3
1291690 1492.9
1291700 1492.9
1291710 1490.1
1291720 1487.3
1291730 1487.3
1291740 1483.4
1291750 1479.3
1291760 1479.3
1291770 1475.0
1291780 1470.4
1291790 1470.4
1291800 1467.1
1291810 1464.0
1291820 1464.0
1291830 1460.3
1291840 1456.7
1291850 1456.7
1291860 1452.4
1291870 1448.1
1291880 1448.1
1291890 1443.9
1291900 1439.7
1291910 1439.7
1291920 1435.7
1291930 1431.4
1291940 1427.3
1291950 1427.3
1291960 1423.4
1291970 1419.4
1291980 1419.4
1291990 1415.1
1292000 1410.5
1292010 1410.5
1292020 1406.4
1292030 1402.2
1292040 1402.2
1292050 1398.7
1292060 1396.1
1292070 1396.1
1292080 1392.2
1292090 1387.7
1292100 1387.7
1292110 1383.5
1292120 1379.5
1292130 1379.5
1292140 1375.5
1292150 1371.1
1292160 1371.1
1292170 1367.0
1292180 1364.5
1292190 1364.5
1292200 1363.6
1292210 1363.6
1292220 1362.3
1292230 1362.3
1292240 1360.6
1292250 1360.1
1292260 1360.1
1292270 1362.2
1292280 1365.3
1292290 1369.0
1292300 1371.5
1292310 1373.6
1292320 1373.6
1292330 1376.7
1292340 1377.9
1292350 1377.9
1292360 1378.6
1292370 1380.1
1292380 1380.1
1292390 1382.2
1292400 1384.7
1292410 1384.7
1292420 1386.4
1292430 1388.0
1292440 1388.0
1292450 1389.9
1292460 1392.2
1292470 1392.2
1292480 1393.0
1292490 1393.4
1292500 1393.4
1292510 1394.8
1292520 1396.5
1292530 1399.7
1292540 1399.7
1292550 1402.8
1292560 1405.9
1292570 1405.9
1292580 1408.8
1292590 1411.6
1292600 1411.6
1292610 1413.9
1292620 1416.2
1292630 1416.2
1292640 1418.6
1292650 1420.5
1292660 1420.5
1292670 1424.1
1292680 1428.3
1292690 1428.3
1292700 1433.3
1292710 1438.4
1292720 1438.4
1292730 1443.6
1292740 1448.6
1292750 1448.6
1292760 1453.8
1292770 1459.4
1292780 1459.4
1292790 1464.4
1292800 1469.2
1292810 1469.2
1292820 1474.2
1292830 1478.3
1292840 1481.7
1292850 1481.7
1292860 1486.6
1292870 1491.1
1292880 1491.1
1292890 1497.5
1292900 1505.9
1292910 1505.9
1292920 1515.1
1292930 1526.8
1292940 1526.8
1292950 1536.6
1292960 1543.2
1292970 1543.2
1292980 1535.3
1292990 1527.5
1293000 1527.5
1293010 1524.5
1293020 1525.1
1293030 1525.1
1293040 1526.9
1293050 1528.2
1293060 1528.2
1293070 1525.9
1293080 1524.2
1293090 1524.2
1293100 1523.6
1293110 1524.8
1293120 1529.2
1293130 1529.2
1293140 1537.6
1293150 1545.8
1293160 1545.8
1293170 1546.2
1293180 1545.3
1293190 1545.3
1293200 1549.3
1293210 1553.1
1293220 1553.1
1293230 1556.9
1293240 1560.9
1293250 1560.9
1293260 1564.8
1293270 1567.5
1293280 1567.5
1293290 1569.6
1293300 1571.7
1293310 1571.7
1293320 1574.8
1293330 1578.4
1293340 1578.4
1293350 1582.2
1293360 1585.7
1293370 1585.7
1293380 1589.1
1293390 1592.2
1293400 1592.2
1293410 1596.2
1293420 1599.8
1293430 1603.8
1293440 1603.8
1293450 1607.8
1293460 1611.3
1293470 1611.3
1293480 1613.8
1293490 1615.9
1293500 1615.9
1293510 1617.6
1293520 1619.3
1293530 1619.3
1293540 1622.3
1293550 1623.9
1293560 1623.9
1293570 1624.8
1293580 1625.6
1293590 1625.6
1293600 1626.2
1293610 1625.9
1293620 1632.9
1293630 1633.5
1293640 1632.9
1293650 1632.9
1293660 1632.2
1293670 1635.8
1293680 1635.8
1293690 1639.2
1293700 1641.9
1293710 1644.6
1293720 1644.6
1293730 1648.0
1293740 1651.0
1293750 1651.0
1293760 1654.7
1293770 1658.9
1293780 1658.9
1293790 1662.3
1293800 1666.1
1293810 1666.1
1293820 1670.0
1293830 1674.1
1293840 1674.1
1293850 1679.6
1293860 1688.4
1293870 1688.4
1293880 1697.1
1293890 1706.2
1293900 1706.2
1293910 1713.6
1293920 1720.2
1293930 1720.2
1293940 1728.1
1293950 1735.5
1293960 1735.5
1293970 1738.1
1293980 1738.3
1293990 1738.3
1294000 1745.4
1294010 1755.3
1294020 1762.2
1294030 1762.2
1294040 1767.4
1294050 1772.0
1294060 1772.0
1294070 1775.0
1294080 1776.3
1294090 1776.3
1294100 1778.6
1294110 1782.0
1294120 1782.0
1294130 1786.0
1294140 1790.1
1294150 1790.1
1294160 1794.2
1294170 1798.2
1294180 1798.2
1294190 1803.0
1294200 1808.4
1294210 1808.4
1294220 1814.0
1294230 1819.4
1294240 1819.4
1294250 1825.2
1294260 1831.7
1294270 1831.7
1294280 1836.0
1294290 1840.2
1294300 1840.2
1294310 1846.3
1294320 1854.0
1294330 1862.0
1294340 1862.0
1294350 1868.6
1294360 1873.7
1294370 1873.7
1294380 1879.7
1294390 1885.9
1294400 1885.9
1294410 1890.2
1294420 1894.2
1294430 1894.2
1294440 1900.1
1294450 1907.3
1294460 1907.3
1294470 1914.4
1294480 1921.3
1294490 1921.3
1294500 1925.3
1294510 1929.3
1294520 1929.3
1294530 1931.5
1294540 1934.1
1294550 1934.1
1294560 1937.7
1294570 1941.0
1294580 1941.0
1294590 1943.6
1294600 1945.5
1294610 1947.8
1294620 1947.8
1294630 1950.3
1294640 1952.8
1294650 1952.8
1294660 1955.3
1294670 1956.9
1294680 1956.9
1294690 1958.1
1294700 1959.4
1294710 1959.4
1294720 1962.8
1294730 1966.7
1294740 1966.7
1294750 1969.4
1294760 1973.1
1294770 1973.1
1294780 1977.3
1294790 1983.0
1294800 1983.0
1294810 1990.7
1294820 1996.4
1294830 1996.4
1294840 1995.8
1294850 1986.0
1294860 1986.0
1294870 1980.6
1294880 1975.8
1294890 1975.8
1294900 1974.8
1294910 1977.1
1294920 1982.6
1294930 1982.6
1294940 1988.2
1294950 1979.1
1294960 1967.7
1294970 1968.8
1294980 1973.6
1294990 1973.6
1295000 1974.1
1295010 1977.1
1295020 1977.1
1295030 1982.8
1295040 1981.8
1295050 1981.8
1295060 1981.9
1295070 1983.9
1295080 1983.9
1295090 1986.6
1295100 1991.0
1295110 1991.0
1295120 1994.3
1295130 1998.5
1295140 1998.5
1295150 2001.0
1295160 2002.9
1295170 2002.9
1295180 2007.2
1295190 2012.2
1295200 2012.2
1295210 2019.3
1295220 2024.3
1295230 2031.0
1295240 2031.0
1295250 2036.8
1295260 2043.9
1295270 2043.9
1295280 2050.6
1295290 2056.4
1295300 2056.4
1295310 2062.2
1295320 2067.0
1295330 2067.0
1295340 2071.8
1295350 2076.0
1295360 2076.0
1295370 2080.3
1295380 2084.5
1295390 2084.5
1295400 2088.2
1295410 2091.7
1295420 2091.7
1295430 2094.9
1295440 2098.0
1295450 2098.0
1295460 2100.2
1295470 2103.0
1295480 2103.0
1295490 2106.7
1295500 2110.0
1295510 2112.3
1295520 2112.3
1295530 2113.9
1295540 2115.0
1295550 2115.0
1295560 2115.5
1295570 2115.6
1295580 2115.6
1295590 2115.5
1295600 2115.1
1295610 2115.1
1295620 2114.9
1295630 2115.1
1295640 2112.0
1295650 2112.3
1295660 2111.6
1295670 2111.6
1295680 2110.4
1295690 2108.9
1295700 2108.9
1295710 2107.6
1295720 2105.7
1295730 2105.7
1295740 2103.4
1295750 2100.5
1295760 2100.5
1295770 2097.7
1295780 2094.2
1295790 2094.2
1295800 2089.1
1295810 2081.6
1295820 2072.9
1295830 2072.9
1295840 2064.0
1295850 2055.3
1295860 2055.3
1295870 2045.3
1295880 2036.4
1295890 2036.4
1295900 2027.2
1295910 2017.4
1295920 2017.4
1295930 2009.1
1295940 2000.9
1295950 2000.9
1295960 1979.9
1295970 1953.5
1295980 1953.5
1295990 1944.5
1296000 1937.5
1296010 1937.5
1296020 1931.5
1296030 1925.9
1296040 1925.9
1296050 1920.3
1296060 1914.6
1296070 1914.6
1296080 1908.7
1296090 1902.6
1296100 1902.6
1296110 1896.3
1296120 1889.7
1296130 1883.3
1296140 1883.3
1296150 1877.2
1296160 1871.4
1296170 1871.4
1296180 1866.0
1296190 1861.9
1296200 1861.9
1296210 1859.8
1296220 1857.7
1296230 1857.7
1296240 1853.8
1296250 1850.5
1296260 1850.5
1296270 1848.5
1296280 1844.9
1296290 1844.9
1296300 1841.1
1296310 1832.1
1296320 1832.1
1296330 1829.8
1296340 1829.4
1296350 1829.4
1296360 1828.3
1296370 1825.4
1296380 1825.4
1296390 1821.3
1296400 1818.0
1296410 1814.1
1296420 1814.1
1296430 1810.3
1296440 1806.5
1296450 1806.5
1296460 1802.7
1296470 1797.3
1296480 1797.3
1296490 1790.3
1296500 1782.0
1296510 1782.0
1296520 1773.3
1296530 1765.5
1296540 1765.5
1296550 1762.8
1296560 1761.9
1296570 1761.9
1296580 1756.8
1296590 1750.9
1296600 1750.9
1296610 1742.4
1296620 1735.3
1296630 1735.3
1296640 1737.8
1296650 1739.9
1296660 1739.9
1296670 1739.3
1296680 1739.9
1296690 1739.9
1296700 1740.2
1296710 1740.5
1296720 1741.7
1296730 1741.7
1296740 1744.7
1296750 1747.8
1296760 1747.8
1296770 1747.9
1296780 1747.7
1296790 1747.7
1296800 1747.9
1296810 1748.1
1296820 1748.1
1296830 1746.1
1296840 1743.1
1296850 1743.1
1296860 1748.2
1296870 1756.1
1296880 1756.1
1296890 1761.7
1296900 1764.4
1296910 1764.4
1296920 1770.9
1296930 1778.2
1296940 1778.2
1296950 1784.1
1296960 1789.9
1296970 1789.9
1296980 1799.1
1296990 1796.7
1297000 1796.7
1297010 1807.0
1297020 1812.4
1297030 1815.7
1297040 1815.7
1297050 1817.7
1297060 1821.3
1297070 1821.3
1297080 1828.8
1297090 1832.9
1297100 1832.9
1297110 1832.9
1297120 1833.9
1297130 1833.9
1297140 1837.8
1297150 1842.8
1297160 1842.8
1297170 1847.1
1297180 1851.1
1297190 1851.1
1297200 1863.4
1297210 1876.6
1297220 1876.6
1297230 1882.7
1297240 1889.1
1297250 1889.1
1297260 1895.8
1297270 1902.5
1297280 1902.5
1297290 1909.5
1297300 1916.0
1297310 1922.6
1297320 1922.6
1297330 1929.1
1297340 1935.0
1297350 1935.0
1297360 1939.5
1297370 1941.9
1297380 1941.9
1297390 1944.8
1297400 1947.3
1297410 1947.3
1297420 1948.9
1297430 1949.9
1297440 1949.9
1297450 1952.0
1297460 1953.5
1297470 1953.5
1297480 1952.1
1297490 1947.1
1297500 1947.1
1297510 1942.8
1297520 1940.0
1297530 1940.0
1297540 1929.7
1297550 1918.3
1297560 1918.3
1297570 1908.9
1297580 1892.5
1297590 1892.5
1297600 1868.0
1297610 1851.0
1297620 1840.3
1297630 1840.3
1297640 1830.5
1297650 1822.5
1297660 1822.5
1297670 1816.4
1297680 1809.2
1297690 1809.2
1297700 1800.1
1297710 1792.0
1297720 1792.0
1297730 1785.2
1297740 1778.7
1297750 1778.7
1297760 1769.7
1297770 1759.1
1297780 1759.1
1297790 1749.6
1297800 1741.3
1297810 1741.3
1297820 1733.5
1297830 1725.6
1297840 1725.6
1297850 1716.8
1297860 1705.8
1297870 1705.8
1297880 1697.2
1297890 1690.0
1297900 1690.0
1297910 1683.2
1297920 1677.0
1297930 1670.8
1297940 1670.8
1297950 1664.7
1297960 1659.0
1297970 1659.0
1297980 1652.9
1297990 1647.4
1298000 1647.4
1298010 1642.7
1298020 1638.7
1298030 1638.7
1298040 1634.9
1298050 1630.7
1298060 1630.7
1298070 1624.9
1298080 1624.3
1298090 1624.3
1298100 1630.8
1298110 1637.0
1298120 1637.0
1298130 1643.4
1298140 1648.5
1298150 1648.5
1298160 1651.7
1298170 1657.3
1298180 1657.3
1298190 1663.3
1298200 1668.4
1298210 1676.1
1298220 1676.1
1298230 1682.9
1298240 1689.4
1298250 1689.4
1298260 1701.3
1298270 1711.0
1298280 1711.0
1298290 1719.0
1298300 1727.1
1298310 1727.1
1298320 1733.5
1298330 1740.4
1298340 1740.4
1298350 1747.4
1298360 1754.0
1298370 1754.0
1298380 1762.2
1298390 1769.8
1298400 1769.8
1298410 1777.7
1298420 1785.1
1298430 1785.1
1298440 1792.7
1298450 1800.1
1298460 1800.1
1298470 1807.4
1298480 1814.5
1298490 1814.5
1298500 1821.3
1298510 1828.1
1298520 1835.5
1298530 1835.5
1298540 1842.9
1298550 1851.9
1298560 1851.9
1298570 1858.0
1298580 1863.4
1298590 1863.4
1298600 1866.9
1298610 1869.2
1298620 1869.2
1298630 1871.5
1298640 1874.2
1298650 1874.2
1298660 1877.6
1298670 1881.0
1298680 1881.0
1298690 1884.8
1298700 1889.6
1298710 1889.6
1298720 1894.8
1298730 1901.0
1298740 1901.0
1298750 1908.2
1298760 1916.2
1298770 1916.2
1298780 1924.5
1298790 1932.6
1298800 1932.6
1298810 1940.2
1298820 1948.1
1298830 1956.4
1298840 1956.4
1298850 1964.9
1298860 1971.9
1298870 1971.9
1298880 1978.7
1298890 1986.4
1298900 1986.4
1298910 1994.9
1298920 2002.7
1298930 2002.7
1298940 2008.4
1298950 2012.8
1298960 2012.8
1298970 2015.9
1298980 2018.2
1298990 2018.2
1299000 2020.2
1299010 2021.9
1299020 2021.9
1299030 2023.4
1299040 2025.0
1299050 2018.1
1299060 2019.7
1299070 2021.7
1299080 2021.7
1299090 2023.7
1299100 2025.5
1299110 2027.0
1299120 2027.0
1299130 2028.3
1299140 2029.1
1299150 2029.1
1299160 2029.8
1299170 2031.2
1299180 2031.2
1299190 2033.1
1299200 2035.5
1299210 2035.5
1299220 2037.4
1299230 2038.9
1299240 2038.9
1299250 2040.3
1299260 2040.8
1299270 2040.8
1299280 2040.4
1299290 2037.3
1299300 2037.3
1299310 2032.0
1299320 2026.4
1299330 2026.4
1299340 2020.7
1299350 2014.5
1299360 2014.5
1299370 2007.2
1299380 1999.8
1299390 1999.8
1299400 1993.4
1299410 1987.2
1299420 1980.9
1299430 1980.9
1299440 1974.5
1299450 1968.4
1299460 1968.4
1299470 1963.6
1299480 1958.3
1299490 1958.3
1299500 1949.5
1299510 1938.1
1299520 1938.1
1299530 1929.8
1299540 1923.5
1299550 1923.5
1299560 1915.6
1299570 1907.7
1299580 1907.7
1299590 1901.6
1299600 1898.3
1299610 1898.3
1299620 1892.8
1299630 1887.8
1299640 1887.8
1299650 1882.4
1299660 1876.8
1299670 1876.8
1299680 1871.1
1299690 1864.2
1299700 1864.2
1299710 1853.9
1299720 1845.2
1299730 1833.6
1299740 1833.6
1299750 1828.9
1299760 1822.8
1299770 1822.8
1299780 1815.2
1299790 1809.7
1299800 1809.7
1299810 1804.0
1299820 1799.6
1299830 1799.6
1299840 1795.4
1299850 1792.6
1299860 1792.6
1299870 1788.5
1299880 1787.7
1299890 1787.7
1299900 1789.5
1299910 1791.7
1299920 1791.7
1299930 1793.7
1299940 1795.2
1299950 1795.2
1299960 1797.1
1299970 1800.0
1299980 1800.0
1299990 1804.2
