1280000 1835.6
1280010 1837.7
1280020 1837.7
1280030 1839.1
1280040 1840.5
1280050 1840.5
1280060 1842.1
1280070 1843.6
1280080 1843.6
1280090 1845.0
1280100 1846.3
1280110 1846.3
1280120 1847.1
1280130 1847.5
1280140 1847.5
1280150 1848.5
1280160 1849.0
1280170 1849.0
1280180 1850.1
1280190 1851.0
1280200 1852.2
1280210 1852.2
1280220 1852.9
1280230 1853.6
1280240 1853.6
1280250 1853.9
1280260 1852.6
1280270 1852.6
1280280 1851.0
1280290 1849.2
1280300 1849.2
1280310 1847.8
1280320 1846.0
1280330 1846.0
1280340 1843.2
1280350 1840.4
1280360 1840.4
1280370 1838.6
1280380 1836.2
1280390 1836.2
1280400 1834.0
1280410 1832.0
1280420 1832.0
1280430 1830.2
1280440 1828.2
1280450 1824.2
1280460 1821.9
1280470 1818.9
1280480 1818.9
1280490 1817.1
1280500 1815.6
1280510 1814.3
1280520 1814.3
1280530 1813.2
1280540 1812.8
1280550 1812.8
1280560 1812.3
1280570 1812.0
1280580 1812.0
1280590 1811.6
1280600 1810.5
1280610 1810.5
1280620 1809.2
1280630 1807.1
1280640 1807.1
1280650 1805.4
1280660 1804.1
1280670 1804.1
1280680 1802.6
1280690 1799.9
1280700 1799.9
1280710 1796.2
1280720 1791.9
1280730 1791.9
1280740 1787.0
1280750 1780.6
1280760 1780.6
1280770 1775.3
1280780 1771.0
1280790 1771.0
1280800 1765.7
1280810 1759.4
1280820 1753.1
1280830 1753.1
1280840 1748.5
1280850 1744.9
1280860 1744.9
1280870 1741.7
1280880 1738.1
1280890 1738.1
1280900 1733.7
1280910 1728.2
1280920 1728.2
1280930 1722.9
1280940 1717.9
1280950 1717.9
1280960 1713.1
1280970 1708.2
1280980 1708.2
1280990 1702.8
1281000 1697.2
1281010 1697.2
1281020 1691.6
1281030 1686.8
1281040 1686.8
1281050 1683.3
1281060 1679.1
1281070 1679.1
1281080 1671.4
1281090 1668.0
1281100 1668.0
1281110 1663.3
1281120 1657.6
1281130 1651.3
1281140 1651.3
1281150 1644.9
1281160 1639.2
1281170 1639.2
1281180 1634.6
1281190 1630.3
1281200 1630.3
1281210 1626.1
1281220 1621.4
1281230 1621.4
1281240 1616.0
1281250 1610.2
1281260 1610.2
1281270 1604.9
1281280 1600.1
1281290 1600.1
1281300 1596.9
1281310 1596.4
1281320 1596.4
1281330 1597.5
1281340 1597.1
1281350 1597.1
1281360 1592.5
1281370 1585.6
1281380 1585.6
1281390 1578.2
1281400 1570.7
1281410 1562.9
1281420 1562.9
1281430 1555.3
1281440 1547.9
1281450 1547.9
1281460 1540.6
1281470 1534.2
1281480 1534.2
1281490 1527.4
1281500 1524.1
1281510 1524.1
1281520 1523.6
1281530 1523.5
1281540 1523.5
1281550 1523.4
1281560 1522.9
1281570 1522.9
1281580 1522.1
1281590 1521.8
1281600 1521.8
1281610 1521.7
1281620 1521.4
1281630 1521.4
1281640 1521.2
1281650 1521.0
1281660 1521.0
1281670 1521.1
1281680 1521.0
1281690 1521.0
1281700 1521.0
1281710 1521.8
1281720 1521.9
1281730 1521.9
1281740 1522.0
1281750 1521.8
1281760 1521.8
1281770 1520.8
1281780 1521.0
1281790 1521.0
1281800 1523.5
1281810 1524.7
1281820 1524.7
1281830 1525.9
1281840 1527.6
1281850 1527.6
1281860 1529.8
1281870 1531.8
1281880 1531.8
1281890 1533.7
1281900 1535.9
1281910 1535.9
1281920 1537.9
1281930 1539.9
1281940 1539.9
1281950 1541.8
1281960 1543.9
1281970 1543.9
1281980 1546.0
1281990 1548.0
1282000 1548.0
1282010 1550.2
1282020 1551.9
1282030 1553.3
1282040 1553.3
1282050 1554.5
1282060 1556.0
1282070 1556.0
1282080 1557.9
1282090 1559.9
1282100 1559.9
1282110 1561.6
1282120 1565.1
1282130 1565.1
1282140 1572.0
1282150 1579.4
1282160 1579.4
1282170 1583.6
1282180 1586.5
1282190 1586.5
1282200 1590.7
1282210 1595.1
1282220 1595.1
1282230 1599.0
1282240 1602.6
1282250 1602.6
1282260 1606.3
1282270 1610.9
1282280 1610.9
1282290 1615.8
1282300 1621.2
1282310 1621.2
1282320 1626.4
1282330 1632.3
1282340 1638.5
1282350 1638.5
1282360 1642.1
1282370 1643.5
1282380 1643.5
1282390 1643.1
1282400 1642.9
1282410 1642.9
1282420 1643.4
1282430 1644.7
1282440 1644.7
1282450 1646.2
1282460 1647.9
1282470 1647.9
1282480 1649.9
1282490 1651.7
1282500 1651.7
1282510 1654.5
1282520 1657.5
1282530 1657.5
1282540 1658.4
1282550 1659.2
1282560 1659.2
1282570 1663.5
1282580 1669.6
1282590 1669.6
1282600 1675.5
1282610 1686.1
1282620 1693.5
1282630 1693.5
1282640 1700.4
1282650 1704.8
1282660 1704.8
1282670 1708.9
1282680 1713.0
1282690 1713.0
1282700 1718.6
1282710 1724.6
1282720 1724.6
1282730 1730.3
1282740 1735.1
1282750 1735.1
1282760 1740.5
1282770 1746.7
1282780 1746.7
1282790 1754.4
1282800 1761.0
1282810 1761.0
1282820 1769.7
1282830 1776.3
1282840 1776.3
1282850 1782.1
1282860 1786.9
1282870 1786.9
1282880 1791.3
1282890 1793.8
1282900 1793.8
1282910 1797.0
1282920 1801.0
1282930 1805.3
1282940 1805.3
1282950 1808.3
1282960 1811.5
1282970 1820.8
1282980 1826.2
1282990 1831.0
1283000 1831.0
1283010 1841.0
1283020 1848.1
1283030 1848.1
1283040 1853.2
1283050 1860.0
1283060 1860.0
1283070 1866.8
1283080 1873.7
1283090 1873.7
1283100 1881.7
1283110 1888.6
1283120 1888.6
1283130 1886.3
1283140 1880.4
1283150 1880.4
1283160 1875.4
1283170 1871.3
1283180 1871.3
1283190 1867.7
1283200 1864.8
1283210 1864.8
1283220 1862.4
1283230 1860.9
1283240 1860.8
1283250 1860.8
1283260 1861.7
1283270 1862.6
1283280 1862.6
1283290 1861.4
1283300 1858.9
1283310 1858.9
1283320 1856.5
1283330 1855.0
1283340 1855.0
1283350 1854.5
1283360 1857.1
1283370 1857.1
1283380 1860.6
1283390 1861.5
1283400 1861.5
1283410 1861.4
1283420 1861.9
1283430 1861.9
1283440 1861.8
1283450 1861.3
1283460 1861.3
1283470 1860.8
1283480 1859.8
1283490 1859.8
1283500 1858.1
1283510 1855.9
1283520 1855.9
1283530 1854.3
1283540 1854.0
1283550 1854.5
1283560 1854.5
1283570 1854.7
1283580 1854.9
1283590 1854.9
1283600 1848.5
1283610 1849.1
1283620 1849.1
1283630 1849.2
1283640 1848.9
1283650 1848.9
1283660 1848.0
1283670 1846.9
1283680 1846.9
1283690 1845.8
1283700 1845.6
1283710 1845.6
1283720 1845.7
1283730 1845.5
1283740 1845.5
1283750 1845.0
1283760 1843.3
1283770 1843.3
1283780 1843.1
1283790 1843.6
1283800 1843.6
1283810 1843.6
1283820 1843.5
1283830 1843.9
1283840 1843.9
1283850 1844.2
1283860 1844.5
1283870 1844.5
1283880 1844.4
1283890 1844.3
1283900 1844.3
1283910 1843.6
1283920 1842.4
1283930 1842.4
1283940 1843.1
1283950 1845.2
1283960 1845.2
1283970 1847.3
1283980 1849.6
1283990 1849.6
1284000 1851.5
1284010 1852.8
1284020 1852.8
1284030 1853.7
1284040 1854.2
1284050 1854.2
1284060 1854.6
1284070 1855.3
1284080 1855.3
1284090 1855.9
1284100 1856.4
1284110 1856.4
1284120 1856.4
1284130 1855.3
1284140 1853.3
1284150 1853.3
1284160 1852.3
1284170 1853.5
1284180 1853.5
1284190 1855.0
1284200 1857.0
1284210 1857.0
1284220 1859.0
1284230 1860.1
1284240 1856.1
1284250 1856.7
1284260 1856.9
1284270 1856.9
1284280 1857.6
1284290 1857.4
1284300 1857.4
1284310 1857.0
1284320 1856.3
1284330 1856.3
1284340 1854.5
1284350 1851.8
1284360 1851.8
1284370 1848.6
1284380 1845.4
1284390 1845.4
1284400 1841.7
1284410 1838.2
1284420 1838.2
1284430 1836.1
1284440 1834.1
1284450 1832.4
1284460 1832.4
1284470 1831.1
1284480 1829.4
1284490 1829.4
1284500 1827.5
1284510 1825.2
1284520 1825.2
1284530 1822.7
1284540 1819.7
1284550 1819.7
1284560 1815.8
1284570 1811.5
1284580 1811.5
1284590 1807.9
1284600 1804.2
1284610 1804.2
1284620 1800.4
1284630 1796.5
1284640 1796.5
1284650 1792.3
1284660 1787.9
1284670 1787.9
1284680 1783.3
1284690 1779.3
1284700 1779.3
1284710 1775.5
1284720 1772.1
1284730 1768.2
1284740 1768.2
1284750 1763.6
1284760 1758.6
1284770 1758.6
1284780 1754.4
1284790 1750.8
1284800 1750.8
1284810 1747.5
1284820 1743.3
1284830 1743.3
1284840 1739.8
1284850 1736.2
1284860 1736.2
1284870 1732.5
1284880 1726.0
1284890 1726.0
1284900 1721.5
1284910 1716.2
1284920 1716.2
1284930 1710.3
1284940 1704.5
1284950 1704.5
1284960 1698.6
1284970 1692.6
1284980 1692.6
1284990 1686.3
1285000 1680.0
1285010 1680.0
1285020 1673.6
1285030 1666.8
1285040 1661.4
1285050 1661.4
1285060 1658.8
1285070 1657.5
1285080 1657.5
1285090 1657.1
1285100 1655.1
1285110 1655.1
1285120 1652.3
1285130 1647.2
1285140 1647.2
1285150 1640.9
1285160 1634.7
1285170 1634.7
1285180 1630.8
1285190 1629.6
1285200 1629.6
1285210 1627.9
1285220 1626.1
1285230 1626.1
1285240 1624.8
1285250 1622.2
1285260 1622.2
1285270 1617.7
1285280 1613.1
1285290 1613.1
1285300 1607.7
1285310 1602.7
1285320 1602.7
1285330 1599.6
1285340 1597.9
1285350 1591.2
1285360 1591.2
1285370 1586.7
1285380 1581.7
1285390 1581.7
1285400 1576.7
1285410 1570.9
1285420 1570.9
1285430 1565.2
1285440 1561.1
1285450 1561.1
1285460 1556.8
1285470 1551.6
1285480 1551.6
1285490 1547.9
1285500 1547.2
1285510 1547.2
1285520 1539.4
1285530 1536.2
1285540 1536.2
1285550 1532.3
1285560 1528.8
1285570 1528.8
1285580 1526.1
1285590 1522.9
1285600 1522.9
1285610 1518.4
1285620 1514.4
1285630 1514.4
1285640 1510.8
1285650 1507.2
1285660 1502.9
1285670 1502.9
1285680 1497.3
1285690 1490.1
1285700 1490.1
1285710 1482.6
1285720 1476.6
1285730 1476.6
1285740 1472.0
1285750 1468.1
1285760 1468.1
1285770 1464.2
1285780 1461.2
1285790 1461.2
1285800 1458.2
1285810 1455.0
1285820 1455.0
1285830 1451.3
1285840 1446.7
1285850 1446.7
1285860 1441.5
1285870 1436.1
1285880 1436.1
1285890 1430.2
1285900 1424.2
1285910 1424.2
1285920 1418.4
1285930 1413.9
1285940 1410.8
1285950 1410.8
1285960 1408.9
1285970 1406.7
1285980 1406.7
1285990 1402.7
1286000 1399.2
1286010 1399.2
1286020 1395.3
1286030 1391.8
1286040 1391.8
1286050 1388.2
1286060 1384.1
1286070 1384.1
1286080 1380.3
1286090 1376.6
1286100 1376.6
1286110 1372.3
1286120 1368.1
1286130 1368.1
1286140 1363.5
1286150 1358.7
1286160 1353.9
1286170 1348.5
1286180 1342.0
1286190 1342.0
1286200 1334.9
1286210 1327.6
1286220 1327.6
1286230 1318.1
1286240 1308.9
1286250 1301.0
1286260 1301.0
1286270 1292.4
1286280 1284.1
1286290 1284.1
1286300 1276.2
1286310 1269.5
1286320 1269.5
1286330 1264.7
1286340 1261.0
1286350 1261.0
1286360 1257.4
1286370 1253.5
1286380 1253.5
1286390 1249.4
1286400 1245.2
1286410 1245.2
1286420 1240.6
1286430 1235.9
1286440 1235.9
1286450 1231.3
1286460 1228.7
1286470 1228.7
1286480 1226.3
1286490 1224.8
1286500 1224.8
1286510 1223.8
1286520 1223.2
1286530 1223.2
1286540 1222.9
1286550 1222.7
1286560 1222.5
1286570 1222.5
1286580 1222.3
1286590 1222.1
1286600 1222.1
1286610 1221.9
1286620 1221.7
1286630 1221.7
1286640 1221.4
1286650 1221.1
1286660 1221.1
1286670 1221.0
1286680 1220.8
1286690 1220.8
1286700 1220.4
1286710 1220.1
1286720 1220.1
1286730 1219.6
1286740 1219.3
1286750 1219.3
1286760 1219.2
1286770 1219.1
1286780 1219.1
1286790 1219.1
1286800 1218.9
1286810 1219.1
1286820 1218.8
1286830 1218.5
1286840 1218.5
1286850 1218.2
1286860 1217.9
1286870 1217.9
1286880 1217.9
1286890 1217.7
1286900 1217.3
1286910 1217.3
1286920 1216.7
1286930 1216.3
1286940 1216.3
1286950 1216.0
1286960 1215.8
1286970 1215.8
1286980 1215.4
1286990 1214.8
1287000 1214.8
1287010 1214.2
1287020 1213.9
1287030 1213.9
1287040 1213.6
1287050 1212.8
1287060 1212.8
1287070 1212.8
1287080 1212.7
1287090 1212.7
1287100 1212.3
1287110 1212.1
1287120 1212.1
1287130 1212.4
1287140 1212.6
1287150 1212.3
1287160 1212.3
1287170 1211.9
1287180 1211.6
1287190 1211.6
1287200 1211.3
1287210 1211.0
1287220 1211.0
1287230 1210.7
1287240 1210.3
1287250 1210.3
1287260 1209.9
1287270 1209.5
1287280 1209.5
1287290 1208.9
1287300 1208.5
1287310 1208.5
1287320 1208.2
1287330 1207.4
1287340 1207.4
1287350 1207.9
1287360 1207.9
1287370 1207.9
1287380 1207.8
1287390 1207.5
1287400 1207.5
1287410 1207.2
1287420 1207.2
1287430 1207.2
1287440 1207.0
1287450 1207.5
1287460 1207.6
1287470 1207.6
1287480 1208.0
1287490 1210.1
1287500 1210.1
1287510 1213.4
1287520 1216.8
1287530 1216.8
1287540 1220.4
1287550 1223.8
1287560 1223.8
1287570 1227.7
1287580 1230.7
1287590 1230.7
1287600 1232.3
1287610 1236.4
1287620 1236.4
1287630 1241.5
1287640 1247.4
1287650 1247.4
1287660 1253.9
1287670 1259.9
1287680 1259.9
1287690 1265.7
1287700 1270.6
1287710 1270.6
1287720 1276.0
1287730 1282.0
1287740 1282.0
1287750 1287.3
1287760 1293.2
1287770 1298.5
1287780 1298.5
1287790 1303.7
1287800 1307.6
1287810 1307.6
1287820 1308.6
1287830 1306.0
1287840 1306.0
1287850 1301.6
1287860 1301.2
1287870 1301.2
1287880 1303.0
1287890 1304.8
1287900 1304.8
1287910 1305.6
1287920 1303.1
1287930 1303.1
1287940 1298.6
1287950 1294.3
1287960 1294.3
1287970 1291.5
1287980 1289.7
1287990 1289.7
1288000 1287.7
1288010 1286.5
1288020 1286.5
1288030 1285.0
1288040 1283.8
1288050 1283.8
1288060 1284.5
1288070 1286.2
1288080 1287.3
1288090 1287.3
1288100 1292.1
1288110 1292.7
1288120 1292.7
1288130 1294.4
1288140 1299.1
1288150 1299.1
1288160 1305.6
1288170 1310.8
1288180 1310.8
1288190 1315.5
1288200 1326.8
1288210 1326.8
1288220 1339.5
1288230 1351.0
1288240 1351.0
1288250 1356.5
1288260 1362.7
1288270 1362.7
1288280 1375.0
1288290 1385.7
1288300 1385.7
1288310 1391.0
1288320 1397.4
1288330 1397.4
1288340 1403.3
1288350 1408.3
1288360 1413.1
1288370 1413.1
1288380 1418.1
1288390 1423.1
1288400 1423.1
1288410 1428.2
1288420 1434.8
1288430 1434.8
1288440 1441.6
1288450 1448.2
1288460 1448.2
1288470 1454.4
1288480 1460.5
1288490 1460.5
1288500 1466.3
1288510 1471.2
1288520 1471.2
1288530 1475.4
1288540 1479.8
1288550 1479.8
1288560 1484.7
1288570 1488.5
1288580 1488.5
1288590 1492.2
1288600 1494.8
1288610 1494.8
1288620 1497.1
1288630 1499.3
1288640 1499.3
1288650 1502.4
1288660 1505.6
1288670 1508.5
1288680 1508.5
1288690 1510.7
1288700 1515.4
1288710 1515.4
1288720 1522.0
1288730 1529.4
1288740 1529.4
1288750 1538.4
1288760 1546.2
1288770 1546.2
1288780 1554.1
1288790 1562.2
1288800 1562.2
1288810 1571.1
1288820 1581.2
1288830 1581.2
1288840 1591.2
1288850 1600.8
1288860 1600.8
1288870 1609.6
1288880 1616.8
1288890 1616.8
1288900 1624.2
1288910 1632.1
1288920 1632.1
1288930 1639.0
1288940 1645.3
1288950 1645.3
1288960 1650.6
1288970 1654.9
1288980 1658.9
1288990 1658.9
1289000 1663.2
1289010 1668.3
1289020 1668.3
1289030 1674.4
1289040 1679.7
1289050 1679.7
1289060 1682.6
1289070 1683.8
1289080 1683.8
1289090 1686.2
1289100 1689.8
1289110 1689.8
1289120 1693.1
1289130 1696.4
1289140 1696.4
1289150 1700.8
1289160 1707.4
1289170 1707.4
1289180 1712.2
1289190 1716.8
1289200 1716.8
1289210 1721.8
1289220 1725.7
1289230 1725.7
1289240 1730.1
1289250 1735.5
1289260 1744.6
1289270 1744.6
1289280 1749.9
1289290 1754.4
1289300 1754.4
1289310 1759.7
1289320 1763.9
1289330 1763.9
1289340 1766.0
1289350 1771.0
1289360 1771.0
1289370 1776.9
1289380 1781.4
1289390 1781.4
1289400 1786.6
1289410 1787.4
1289420 1787.4
1289430 1794.4
1289440 1800.7
1289450 1800.7
1289460 1805.0
1289470 1809.2
1289480 1809.2
1289490 1815.4
1289500 1822.2
1289510 1822.2
1289520 1828.1
1289530 1833.1
1289540 1833.1
1289550 1838.3
1289560 1843.3
1289570 1848.6
1289580 1848.6
1289590 1854.3
1289600 1860.5
1289610 1860.5
1289620 1866.9
1289630 1874.7
1289640 1874.7
1289650 1880.9
1289660 1887.1
1289670 1887.1
1289680 1893.7
1289690 1900.8
1289700 1900.8
1289710 1908.6
1289720 1916.9
1289730 1916.9
1289740 1924.5
1289750 1924.7
1289760 1924.7
1289770 1920.1
1289780 1922.3
1289790 1922.3
1289800 1932.2
1289810 1938.8
1289820 1938.8
1289830 1940.6
1289840 1945.9
1289850 1945.9
1289860 1947.7
1289870 1943.0
1289880 1936.6
1289890 1936.6
1289900 1929.2
1289910 1919.6
1289920 1919.6
1289930 1912.0
1289940 1905.5
1289950 1905.5
1289960 1899.9
1289970 1894.5
1289980 1894.5
1289990 1889.4
1290000 1885.3
1290010 1885.3
1290020 1882.2
1290030 1879.4
1290040 1879.4
1290050 1876.8
1290060 1869.8
1290070 1869.8
1290080 1863.8
1290090 1857.7
1290100 1857.7
1290110 1851.0
1290120 1845.4
1290130 1845.4
1290140 1841.6
1290150 1839.1
1290160 1839.1
1290170 1837.6
1290180 1839.3
1290190 1843.4
1290200 1843.4
1290210 1845.0
1290220 1843.1
1290230 1843.1
1290240 1840.5
1290250 1839.0
1290260 1839.0
1290270 1838.7
1290280 1837.4
1290290 1837.4
1290300 1831.1
1290310 1822.8
1290320 1822.8
1290330 1814.7
1290340 1805.9
1290350 1805.9
1290360 1798.3
1290370 1793.5
1290380 1793.5
1290390 1791.0
1290400 1787.6
1290410 1787.6
1290420 1784.4
1290430 1781.0
1290440 1781.0
1290450 1777.4
1290460 1774.6
1290470 1772.1
1290480 1772.1
1290490 1769.9
1290500 1768.2
1290510 1768.2
1290520 1767.7
1290530 1768.9
1290540 1768.9
1290550 1770.5
1290560 1772.4
1290570 1772.4
1290580 1774.3
1290590 1775.8
1290600 1775.8
1290610 1777.0
1290620 1778.2
1290630 1778.2
1290640 1778.0
1290650 1778.4
1290660 1778.4
1290670 1779.1
1290680 1778.8
1290690 1778.8
1290700 1777.3
1290710 1775.6
1290720 1778.8
1290730 1778.2
1290740 1776.6
1290750 1776.6
1290760 1775.6
1290770 1775.3
1290780 1775.8
1290790 1775.8
1290800 1776.4
1290810 1776.5
1290820 1776.5
1290830 1775.4
1290840 1774.5
1290850 1774.5
1290860 1773.9
1290870 1771.7
1290880 1771.7
1290890 1770.4
1290900 1770.0
1290910 1770.0
1290920 1769.7
1290930 1768.2
1290940 1768.2
1290950 1766.9
1290960 1765.9
1290970 1765.9
1290980 1765.1
1290990 1764.2
1291000 1764.2
1291010 1762.5
1291020 1760.8
1291030 1760.8
1291040 1761.0
1291050 1761.2
1291060 1761.2
1291070 1760.9
1291080 1759.7
1291090 1759.9
1291100 1759.9
1291110 1759.2
1291120 1759.8
1291130 1759.8
1291140 1763.1
1291150 1767.2
1291160 1767.2
1291170 1770.1
1291180 1772.3
1291190 1772.3
1291200 1772.0
1291210 1773.9
1291220 1773.9
1291230 1776.0
1291240 1773.9
1291250 1773.9
1291260 1768.2
1291270 1754.1
1291280 1754.1
1291290 1732.1
1291300 1718.1
1291310 1718.1
1291320 1706.7
1291330 1701.9
1291340 1701.9
1291350 1701.7
1291360 1707.0
1291370 1707.0
1291380 1720.9
1291390 1728.3
1291400 1723.7
1291410 1723.7
1291420 1709.7
1291430 1696.1
1291440 1696.1
1291450 1658.4
1291460 1625.6
1291470 1625.6
1291480 1596.9
1291490 1570.7
1291500 1570.7
1291510 1555.6
1291520 1548.0
1291530 1548.0
1291540 1540.5
1291550 1533.1
1291560 1533.1
1291570 1525.6
1291580 1518.0
1291590 1518.0
1291600 1510.8
1291610 1503.6
1291620 1503.6
1291630 1496.3
1291640 1489.8
1291650 1489.8
1291660 1483.6
1291670 1478.0
1291680 1472.0
1291690 1472.0
1291700 1466.1
1291710 1459.8
1291720 1459.8
1291730 1453.9
1291740 1449.5
1291750 1449.5
1291760 1447.0
1291770 1445.6
1291780 1445.6
1291790 1445.9
1291800 1447.9
1291810 1447.9
1291820 1452.1
1291830 1454.9
1291840 1454.9
1291850 1458.0
1291860 1461.9
1291870 1461.9
1291880 1466.2
1291890 1469.2
1291900 1469.2
1291910 1472.7
1291920 1476.9
1291930 1476.9
1291940 1481.5
1291950 1485.6
1291960 1485.6
1291970 1491.0
1291980 1497.1
1291990 1502.9
1292000 1502.9
1292010 1504.6
1292020 1506.3
1292030 1506.3
1292040 1496.0
1292050 1489.0
1292060 1489.0
1292070 1482.0
1292080 1473.2
1292090 1473.2
1292100 1462.1
1292110 1447.8
1292120 1447.8
1292130 1434.9
1292140 1426.0
1292150 1426.0
1292160 1417.8
1292170 1408.3
1292180 1408.3
1292190 1398.7
1292200 1387.3
1292210 1387.3
1292220 1376.0
1292230 1365.0
1292240 1365.0
1292250 1350.6
1292260 1338.8
1292270 1338.8
1292280 1331.4
1292290 1324.0
1292300 1316.6
1292310 1316.6
1292320 1311.0
1292330 1307.1
1292340 1307.1
1292350 1304.6
1292360 1302.2
1292370 1302.2
1292380 1301.2
1292390 1300.4
1292400 1300.4
1292410 1299.5
1292420 1298.7
1292430 1298.7
1292440 1297.8
1292450 1297.1
1292460 1297.1
1292470 1296.1
1292480 1295.0
1292490 1295.0
1292500 1293.8
1292510 1292.6
1292520 1292.6
1292530 1291.5
1292540 1290.9
1292550 1290.9
1292560 1290.5
1292570 1289.7
1292580 1289.0
1292590 1289.0
1292600 1287.9
1292610 1286.6
1292620 1286.6
1292630 1285.2
1292640 1283.6
1292650 1283.6
1292660 1282.4
1292670 1281.8
1292680 1281.8
1292690 1281.3
1292700 1285.5
1292710 1285.5
1292720 1286.4
1292730 1286.2
1292740 1286.2
1292750 1285.6
1292760 1285.9
1292770 1285.9
1292780 1286.1
1292790 1285.9
1292800 1285.9
1292810 1286.1
1292820 1286.3
1292830 1286.3
1292840 1286.3
1292850 1285.5
1292860 1285.5
1292870 1284.9
1292880 1284.9
1292890 1284.6
1292900 1284.6
1292910 1284.0
1292920 1283.4
1292930 1283.4
1292940 1283.1
1292950 1282.4
1292960 1282.4
1292970 1281.8
1292980 1281.0
1292990 1281.0
1293000 1280.4
1293010 1279.7
1293020 1279.7
1293030 1279.2
1293040 1278.3
1293050 1278.3
1293060 1277.5
1293070 1277.1
1293080 1277.1
1293090 1277.4
1293100 1278.2
1293110 1278.2
1293120 1279.1
1293130 1279.3
1293140 1279.3
1293150 1280.0
1293160 1281.5
1293170 1281.5
1293180 1281.8
1293190 1283.1
1293200 1288.2
1293210 1288.2
1293220 1294.7
1293230 1301.5
1293240 1301.5
1293250 1308.0
1293260 1317.1
1293270 1317.1
1293280 1321.5
1293290 1327.4
1293300 1327.4
1293310 1336.2
1293320 1342.8
1293330 1342.8
1293340 1358.7
1293350 1368.7
1293360 1368.7
1293370 1373.7
1293380 1374.6
1293390 1374.6
1293400 1379.9
1293410 1385.2
1293420 1385.2
1293430 1389.1
1293440 1388.7
1293450 1388.7
1293460 1391.3
1293470 1400.6
1293480 1400.6
1293490 1405.1
1293500 1407.6
1293510 1412.1
1293520 1412.1
1293530 1411.4
1293540 1410.2
1293550 1410.2
1293560 1416.1
1293570 1423.0
1293580 1423.0
1293590 1429.4
1293600 1435.7
1293610 1435.7
1293620 1438.6
1293630 1437.3
1293640 1437.3
1293650 1435.2
1293660 1435.9
1293670 1435.9
1293680 1437.2
1293690 1440.0
1293700 1440.0
1293710 1441.6
1293720 1436.8
1293730 1436.8
1293740 1439.3
1293750 1440.6
1293760 1440.6
1293770 1440.7
1293780 1441.0
1293790 1437.9
1293800 1437.9
1293810 1439.8
1293820 1438.2
1293830 1438.2
1293840 1445.1
1293850 1458.4
1293860 1458.4
1293870 1460.2
1293880 1467.7
1293890 1467.7
1293900 1464.4
1293910 1461.8
1293920 1461.8
1293930 1459.5
1293940 1464.8
1293950 1464.8
1293960 1473.2
1293970 1476.6
1293980 1476.6
1293990 1474.5
1294000 1473.9
1294010 1473.9
1294020 1472.3
1294030 1475.5
1294040 1486.6
1294050 1487.2
1294060 1487.7
1294070 1487.7
1294080 1489.1
1294090 1494.5
1294100 1502.4
1294110 1502.4
1294120 1526.3
1294130 1560.2
1294140 1560.2
1294150 1573.5
1294160 1585.7
1294170 1585.7
1294180 1605.0
1294190 1616.3
1294200 1616.3
1294210 1619.1
1294220 1613.2
1294230 1613.2
1294240 1605.0
1294250 1599.2
1294260 1599.2
1294270 1602.2
1294280 1606.1
1294290 1606.1
1294300 1611.8
1294310 1608.8
1294320 1608.8
1294330 1611.1
1294340 1616.4
1294350 1616.4
1294360 1613.1
1294370 1599.9
1294380 1599.9
1294390 1591.1
1294400 1590.5
1294410 1585.8
1294420 1585.8
1294430 1580.0
1294440 1575.9
1294450 1575.9
1294460 1565.2
1294470 1552.6
1294480 1552.6
1294490 1545.9
1294500 1538.4
1294510 1538.4
1294520 1532.5
1294530 1528.1
1294540 1528.1
1294550 1523.9
1294560 1520.4
1294570 1520.4
1294580 1518.7
1294590 1518.0
1294600 1518.0
1294610 1518.9
1294620 1523.7
1294630 1523.7
1294640 1527.4
1294650 1530.2
1294660 1530.2
1294670 1535.8
1294680 1540.3
1294690 1540.3
1294700 1542.4
1294710 1552.0
1294720 1552.0
1294730 1552.0
1294740 1552.4
1294750 1551.4
1294760 1551.4
1294770 1556.4
1294780 1561.8
1294790 1561.8
1294800 1565.0
1294810 1569.7
1294820 1569.7
1294830 1575.4
1294840 1580.6
1294850 1580.6
1294860 1580.6
1294870 1579.6
1294880 1579.6
1294890 1581.5
1294900 1585.4
1294910 1585.4
1294920 1588.1
1294930 1588.2
1294940 1588.2
1294950 1589.6
1294960 1585.0
1294970 1585.0
1294980 1582.0
1294990 1578.7
1295000 1570.7
1295010 1570.7
1295020 1567.2
1295030 1565.7
1295040 1565.7
1295050 1563.2
1295060 1562.9
1295070 1562.9
1295080 1564.4
1295090 1565.9
1295100 1565.9
1295110 1571.8
1295120 1579.2
1295130 1579.2
1295140 1584.9
1295150 1586.8
1295160 1586.8
1295170 1591.1
1295180 1602.1
1295190 1602.1
1295200 1610.5
1295210 1615.3
1295220 1615.3
1295230 1615.4
1295240 1621.5
1295250 1621.5
1295260 1636.1
1295270 1642.1
1295280 1642.1
1295290 1645.6
1295300 1646.8
1295310 1650.7
1295320 1650.7
1295330 1654.8
1295340 1659.3
1295350 1659.3
1295360 1667.2
1295370 1679.6
1295380 1702.9
1295390 1714.0
1295400 1723.9
1295410 1723.9
1295420 1733.7
1295430 1744.1
1295440 1744.1
1295450 1750.5
1295460 1756.1
1295470 1756.1
1295480 1763.4
1295490 1765.6
1295500 1765.6
1295510 1770.4
1295520 1776.8
1295530 1776.8
1295540 1782.3
1295550 1787.7
1295560 1787.7
1295570 1792.9
1295580 1801.6
1295590 1801.6
1295600 1809.3
1295610 1815.9
1295620 1822.6
1295630 1822.6
1295640 1831.4
1295650 1839.9
1295660 1839.9
1295670 1848.3
1295680 1863.7
1295690 1863.7
1295700 1878.0
1295710 1892.0
1295720 1892.0
1295730 1911.1
1295740 1922.6
1295750 1922.6
1295760 1930.7
1295770 1937.4
1295780 1937.4
1295790 1942.7
1295800 1947.5
1295810 1947.5
1295820 1951.2
1295830 1953.8
1295840 1953.8
1295850 1957.7
1295860 1962.3
1295870 1962.3
1295880 1966.7
1295890 1973.5
1295900 1980.2
1295910 1980.2
1295920 1986.2
1295930 1992.5
1295940 1992.5
1295950 2003.6
1295960 2012.5
1295970 2012.5
1295980 2019.6
1295990 2034.6
1296000 2034.6
1296010 2048.9
1296020 2058.7
1296030 2058.7
1296040 2066.7
1296050 2074.2
1296060 2071.4
1296070 2077.6
1296080 2084.2
1296090 2084.2
1296100 2091.9
1296110 2099.0
1296120 2099.0
1296130 2103.0
1296140 2100.5
1296150 2100.5
1296160 2097.6
1296170 2094.4
1296180 2094.4
1296190 2096.9
1296200 2095.8
1296210 2089.7
1296220 2089.7
1296230 2091.9
1296240 2097.9
1296250 2097.9
1296260 2103.2
1296270 2104.7
1296280 2104.7
1296290 2103.3
1296300 2098.7
1296310 2098.7
1296320 2094.0
1296330 2090.2
1296340 2090.2
1296350 2094.0
1296360 2092.6
1296370 2092.6
1296380 2087.8
1296390 2084.7
1296400 2084.7
1296410 2085.2
1296420 2086.2
1296430 2086.2
1296440 2081.5
1296450 2074.2
1296460 2074.2
1296470 2070.8
1296480 2071.5
1296490 2071.5
1296500 2075.2
1296510 2076.8
1296520 2076.9
1296530 2076.9
1296540 2079.5
1296550 2082.4
1296560 2082.4
1296570 2084.5
1296580 2086.0
1296590 2086.0
1296600 2090.2
1296610 2093.9
1296620 2093.9
1296630 2096.2
1296640 2095.4
1296650 2095.4
1296660 2085.7
1296670 2075.1
1296680 2075.1
1296690 2067.2
1296700 2061.7
1296710 2061.7
1296720 2056.1
1296730 2045.1
1296740 2045.1
1296750 2038.0
1296760 2030.5
1296770 2030.5
1296780 2024.4
1296790 2019.1
1296800 2019.1
1296810 2013.8
1296820 2008.5
1296830 2003.3
1296840 2003.3
1296850 1998.2
1296860 1992.8
1296870 1992.8
1296880 1988.3
1296890 1984.5
1296900 1984.5
1296910 1981.2
1296920 1977.9
1296930 1977.9
1296940 1976.5
1296950 1974.5
1296960 1974.5
1296970 1972.1
1296980 1969.7
1296990 1969.7
1297000 1967.2
1297010 1964.7
1297020 1964.7
1297030 1963.4
1297040 1963.0
1297050 1963.0
1297060 1962.5
1297070 1962.3
1297080 1962.3
1297090 1961.9
1297100 1961.4
1297110 1961.0
1297120 1961.0
1297130 1960.7
1297140 1960.4
1297150 1960.4
1297160 1959.9
1297170 1959.8
1297180 1959.8
1297190 1960.2
1297200 1961.2
1297210 1961.2
1297220 1961.5
1297230 1961.9
1297240 1961.9
1297250 1964.4
1297260 1967.8
1297270 1967.8
1297280 1970.4
1297290 1974.2
1297300 1974.2
1297310 1977.3
1297320 1981.5
1297330 1981.5
1297340 1983.0
1297350 1980.1
1297360 1980.1
1297370 1974.4
1297380 1972.2
1297390 1972.2
1297400 1971.2
1297410 1970.6
1297420 1969.6
1297430 1969.6
1297440 1972.8
1297450 1974.8
1297460 1974.8
1297470 1977.9
1297480 1982.9
1297490 1982.9
1297500 1989.4
1297510 1987.3
1297520 1987.3
1297530 1982.0
1297540 1982.1
1297550 1982.1
1297560 1984.2
1297570 1980.6
1297580 1980.6
1297590 1984.1
1297600 1984.4
1297610 1984.4
1297620 1980.3
1297630 1978.3
1297640 1978.3
1297650 1982.9
1297660 1988.7
1297670 1988.7
1297680 1992.8
1297690 1994.1
1297700 1994.1
1297710 1993.6
1297720 1992.0
1297730 1988.9
1297740 1988.9
1297750 1984.0
1297760 1979.8
1297770 1979.8
1297780 1976.9
1297790 1975.1
1297800 1975.1
1297810 1973.8
1297820 1973.1
1297830 1973.1
1297840 1972.4
1297850 1971.5
1297860 1971.5
1297870 1970.1
1297880 1969.3
1297890 1969.3
1297900 1968.6
1297910 1967.8
1297920 1967.8
1297930 1966.9
1297940 1966.4
1297950 1966.4
1297960 1965.1
1297970 1960.8
1297980 1960.8
1297990 1956.4
1298000 1953.7
1298010 1953.7
1298020 1950.3
1298030 1946.8
1298040 1943.4
1298050 1943.4
1298060 1939.4
1298070 1936.5
1298080 1936.5
1298090 1935.2
1298100 1927.3
1298110 1927.3
1298120 1926.2
1298130 1925.1
1298140 1925.1
1298150 1925.6
1298160 1926.2
1298170 1926.2
1298180 1926.5
1298190 1926.8
1298200 1926.8
1298210 1927.3
1298220 1929.8
1298230 1929.8
1298240 1933.4
1298250 1937.4
1298260 1937.4
1298270 1941.9
1298280 1946.6
1298290 1946.6
1298300 1951.2
1298310 1956.7
1298320 1962.5
1298330 1962.5
1298340 1967.9
1298350 1973.5
1298360 1973.5
1298370 1978.4
1298380 1982.5
1298390 1982.5
1298400 1986.0
1298410 1989.8
1298420 1989.8
1298430 1993.6
1298440 1997.7
1298450 1997.7
1298460 2002.2
1298470 2007.0
1298480 2007.0
1298490 2011.8
1298500 2016.7
1298510 2016.7
1298520 2021.5
1298530 2026.0
1298540 2026.0
1298550 2030.4
1298560 2034.8
1298570 2034.8
1298580 2037.9
1298590 2039.3
1298600 2039.3
1298610 2040.2
1298620 2040.8
1298630 2038.5
1298640 2038.5
1298650 2039.3
1298660 2043.6
1298670 2043.6
1298680 2049.9
1298690 2057.0
1298700 2057.0
1298710 2064.2
1298720 2072.0
1298730 2072.0
1298740 2078.9
1298750 2082.5
1298760 2082.5
1298770 2085.0
1298780 2083.6
1298790 2083.6
1298800 2083.4
1298810 2078.7
1298820 2078.7
1298830 2073.1
1298840 2067.8
1298850 2067.8
1298860 2062.8
1298870 2057.9
1298880 2057.9
1298890 2053.0
1298900 2048.4
1298910 2048.4
1298920 2044.1
1298930 2039.9
1298940 2036.4
1298950 2036.4
1298960 2033.0
1298970 2029.8
1298980 2029.8
1298990 2027.2
1299000 2025.0
1299010 2025.0
1299020 2023.9
1299030 2023.3
1299040 2023.3
1299050 2022.4
1299060 2020.7
1299070 2020.7
1299080 2018.7
1299090 2015.9
1299100 2015.9
1299110 2011.2
1299120 2006.7
1299130 2006.7
1299140 2002.7
1299150 1999.4
1299160 1999.4
1299170 1997.4
1299180 1995.3
1299190 1995.3
1299200 1993.2
1299210 1991.2
1299220 1991.2
1299230 1989.6
1299240 1989.5
1299250 1989.3
1299260 1989.3
1299270 1990.2
1299280 1992.1
1299290 1992.1
1299300 1995.2
1299310 1997.7
1299320 1997.7
1299330 1999.7
1299340 2002.6
1299350 2002.6
1299360 2005.7
1299370 2008.7
1299380 2008.7
1299390 2013.9
1299400 2019.3
1299410 2019.3
1299420 2023.7
1299430 2028.8
1299440 2028.8
1299450 2035.1
1299460 2040.6
1299470 2039.0
1299480 2044.2
1299490 2049.3
1299500 2049.3
1299510 2054.1
1299520 2055.2
1299530 2052.9
1299540 2052.9
1299550 2049.9
1299560 2045.6
1299570 2045.6
1299580 2041.5
1299590 2039.5
1299600 2039.5
1299610 2038.3
1299620 2037.8
1299630 2037.8
1299640 2039.0
1299650 2041.4
1299660 2041.4
1299670 2042.1
1299680 2042.9
1299690 2042.9
1299700 2046.0
1299710 2050.8
1299720 2050.8
1299730 2056.5
1299740 2060.5
1299750 2060.5
1299760 2062.2
1299770 2061.7
1299780 2061.7
1299790 2059.7
1299800 2056.3
1299810 2056.3
1299820 2051.5
1299830 2043.8
1299840 2035.3
1299850 2035.3
1299860 2027.9
1299870 2021.5
1299880 2021.5
1299890 2011.0
1299900 2003.8
1299910 2003.8
1299920 1987.5
1299930 1978.6
1299940 1978.6
1299950 1971.8
1299960 1964.2
1299970 1964.2
1299980 1957.0
1299990 1950.1
