1280000 1657.9
1280010 1657.9
1280020 1659.3
1280030 1660.5
1280040 1660.5
1280050 1663.6
1280060 1663.5
1280070 1663.5
1280080 1666.4
1280090 1669.9
1280100 1669.9
1280110 1672.9
1280120 1675.5
1280130 1675.5
1280140 1678.1
1280150 1681.5
1280160 1681.5
1280170 1683.7
1280180 1685.9
1280190 1685.9
1280200 1688.6
1280210 1691.6
1280220 1691.6
1280230 1692.9
1280240 1695.9
1280250 1700.0
1280260 1700.0
1280270 1704.9
1280280 1709.4
1280290 1709.4
1280300 1713.2
1280310 1717.3
1280320 1717.3
1280330 1720.9
1280340 1725.1
1280350 1725.1
1280360 1729.7
1280370 1734.5
1280380 1734.5
1280390 1738.7
1280400 1740.0
1280410 1740.0
1280420 1743.2
1280430 1746.0
1280440 1746.0
1280450 1749.4
1280460 1753.4
1280470 1753.4
1280480 1758.0
1280490 1762.6
1280500 1762.6
1280510 1765.9
1280520 1768.8
1280530 1768.8
1280540 1770.3
1280550 1772.6
1280560 1776.7
1280570 1776.7
1280580 1782.0
1280590 1788.8
1280600 1788.8
1280610 1795.7
1280620 1802.7
1280630 1802.7
1280640 1809.4
1280650 1814.5
1280660 1814.5
1280670 1819.1
1280680 1822.5
1280690 1822.5
1280700 1826.1
1280710 1827.9
1280720 1827.9
1280730 1828.3
1280740 1827.6
1280750 1827.6
1280760 1825.0
1280770 1820.2
1280780 1820.2
1280790 1814.0
1280800 1808.9
1280810 1808.9
1280820 1803.1
1280830 1796.5
1280840 1788.4
1280850 1788.4
1280860 1778.6
1280870 1770.4
1280880 1770.4
1280890 1762.6
1280900 1755.5
1280910 1755.5
1280920 1748.6
1280930 1742.5
1280940 1742.5
1280950 1736.9
1280960 1730.6
1280970 1730.6
1280980 1724.7
1280990 1719.7
1281000 1719.7
1281010 1714.7
1281020 1714.2
1281030 1714.2
1281040 1707.0
1281050 1703.0
1281060 1703.0
1281070 1696.6
1281080 1689.3
1281090 1689.3
1281100 1684.4
1281110 1678.3
1281120 1678.3
1281130 1671.9
1281140 1665.3
1281150 1659.0
1281160 1659.0
1281170 1653.6
1281180 1648.8
1281190 1648.8
1281200 1644.0
1281210 1640.0
1281220 1640.0
1281230 1635.7
1281240 1630.8
1281250 1630.8
1281260 1626.0
1281270 1621.5
1281280 1621.5
1281290 1616.2
1281300 1614.5
1281310 1614.5
1281320 1613.5
1281330 1611.9
1281340 1611.9
1281350 1611.6
1281360 1612.9
1281370 1612.9
1281380 1618.0
1281390 1623.1
1281400 1623.1
1281410 1627.4
1281420 1630.8
1281430 1630.8
1281440 1632.3
1281450 1620.4
1281460 1601.6
1281470 1601.6
1281480 1581.5
1281490 1573.4
1281500 1573.4
1281510 1566.0
1281520 1558.7
1281530 1558.7
1281540 1551.3
1281550 1544.6
1281560 1544.6
1281570 1537.1
1281580 1529.7
1281590 1529.7
1281600 1525.5
1281610 1523.2
1281620 1523.2
1281630 1520.2
1281640 1517.2
1281650 1519.0
1281660 1515.9
1281670 1513.0
1281680 1513.0
1281690 1509.8
1281700 1506.6
1281710 1506.6
1281720 1503.0
1281730 1499.3
1281740 1499.3
1281750 1496.1
1281760 1493.1
1281770 1490.4
1281780 1490.4
1281790 1487.8
1281800 1485.3
1281810 1485.3
1281820 1482.7
1281830 1479.9
1281840 1479.9
1281850 1477.1
1281860 1474.4
1281870 1474.4
1281880 1472.0
1281890 1469.2
1281900 1469.2
1281910 1466.9
1281920 1464.7
1281930 1464.7
1281940 1462.5
1281950 1459.9
1281960 1459.9
1281970 1454.7
1281980 1451.1
1281990 1451.1
1282000 1450.4
1282010 1451.7
1282020 1451.7
1282030 1457.8
1282040 1460.3
1282050 1460.3
1282060 1461.9
1282070 1463.9
1282080 1466.2
1282090 1466.2
1282100 1468.0
1282110 1470.5
1282120 1470.5
1282130 1472.8
1282140 1474.7
1282150 1474.7
1282160 1476.8
1282170 1479.0
1282180 1479.0
1282190 1481.5
1282200 1483.8
1282210 1483.8
1282220 1486.7
1282230 1489.6
1282240 1489.6
1282250 1492.9
1282260 1496.8
1282270 1496.8
1282280 1500.7
1282290 1504.0
1282300 1504.0
1282310 1506.5
1282320 1508.9
1282330 1508.9
1282340 1511.6
1282350 1514.3
1282360 1514.3
1282370 1517.3
1282380 1520.2
1282390 1523.1
1282400 1523.1
1282410 1526.1
1282420 1529.5
1282430 1529.5
1282440 1532.1
1282450 1535.0
1282460 1535.0
1282470 1538.0
1282480 1541.4
1282490 1541.4
1282500 1545.1
1282510 1548.5
1282520 1548.5
1282530 1550.6
1282540 1552.1
1282550 1552.1
1282560 1552.7
1282570 1553.8
1282580 1553.8
1282590 1553.5
1282600 1553.0
1282610 1553.0
1282620 1553.9
1282630 1557.5
1282640 1557.5
1282650 1560.6
1282660 1564.0
1282670 1568.2
1282680 1568.2
1282690 1571.9
1282700 1576.6
1282710 1576.6
1282720 1582.1
1282730 1587.4
1282740 1587.4
1282750 1593.3
1282760 1599.1
1282770 1599.1
1282780 1603.9
1282790 1608.2
1282800 1608.2
1282810 1612.2
1282820 1618.1
1282830 1618.1
1282840 1623.4
1282850 1627.6
1282860 1627.6
1282870 1631.8
1282880 1636.1
1282890 1636.1
1282900 1641.8
1282910 1640.3
1282920 1640.3
1282930 1645.3
1282940 1650.8
1282950 1650.8
1282960 1656.4
1282970 1662.7
1282980 1668.8
1282990 1668.8
1283000 1674.3
1283010 1680.6
1283020 1680.6
1283030 1687.2
1283040 1693.3
1283050 1693.3
1283060 1699.4
1283070 1705.5
1283080 1705.5
1283090 1713.6
1283100 1722.9
1283110 1722.9
1283120 1733.1
1283130 1743.6
1283140 1743.6
1283150 1755.5
1283160 1766.9
1283170 1766.9
1283180 1775.1
1283190 1780.8
1283200 1780.8
1283210 1786.9
1283220 1792.9
1283230 1792.9
1283240 1800.1
1283250 1807.1
1283260 1807.1
1283270 1812.6
1283280 1816.8
1283290 1821.4
1283300 1821.4
1283310 1827.8
1283320 1830.4
1283330 1830.4
1283340 1828.8
1283350 1825.5
1283360 1825.5
1283370 1822.0
1283380 1819.2
1283390 1819.2
1283400 1817.1
1283410 1816.0
1283420 1816.0
1283430 1815.1
1283440 1812.8
1283450 1812.8
1283460 1810.2
1283470 1808.6
1283480 1808.6
1283490 1807.9
1283500 1807.8
1283510 1807.8
1283520 1807.2
1283530 1807.1
1283540 1807.1
1283550 1809.7
1283560 1809.3
1283570 1809.3
1283580 1808.0
1283590 1806.6
1283600 1807.0
1283610 1807.0
1283620 1808.2
1283630 1809.5
1283640 1809.5
1283650 1810.4
1283660 1809.2
1283670 1809.2
1283680 1807.9
1283690 1806.8
1283700 1806.8
1283710 1805.8
1283720 1805.0
1283730 1805.0
1283740 1804.9
1283750 1804.9
1283760 1804.9
1283770 1805.0
1283780 1805.5
1283790 1805.5
1283800 1806.5
1283810 1806.4
1283820 1806.4
1283830 1806.2
1283840 1807.1
1283850 1807.1
1283860 1808.8
1283870 1811.1
1283880 1811.1
1283890 1814.2
1283900 1816.8
1283910 1819.1
1283920 1819.1
1283930 1821.7
1283940 1824.5
1283950 1824.5
1283960 1826.6
1283970 1828.4
1283980 1828.4
1283990 1831.3
1284000 1834.7
1284010 1834.7
1284020 1838.5
1284030 1843.0
1284040 1843.0
1284050 1848.1
1284060 1853.9
1284070 1853.9
1284080 1859.8
1284090 1865.6
1284100 1865.6
1284110 1871.0
1284120 1876.5
1284130 1876.5
1284140 1881.9
1284150 1887.2
1284160 1887.2
1284170 1892.4
1284180 1901.0
1284190 1906.5
1284200 1906.5
1284210 1912.4
1284220 1918.8
1284230 1918.8
1284240 1925.3
1284250 1932.0
1284260 1932.0
1284270 1938.8
1284280 1947.2
1284290 1947.2
1284300 1957.6
1284310 1967.0
1284320 1967.0
1284330 1978.8
1284340 1996.3
1284350 1996.3
1284360 2013.3
1284370 2032.4
1284380 2032.4
1284390 2047.0
1284400 2056.5
1284410 2056.5
1284420 2064.7
1284430 2073.3
1284440 2073.3
1284450 2081.2
1284460 2088.0
1284470 2088.0
1284480 2098.2
1284490 2110.6
1284500 2124.5
1284510 2124.5
1284520 2133.5
1284530 2149.2
1284540 2149.2
1284550 2163.8
1284560 2171.8
1284570 2171.8
1284580 2169.7
1284590 2163.3
1284600 2163.3
1284610 2152.1
1284620 2147.5
1284630 2147.5
1284640 2145.5
1284650 2132.3
1284660 2132.3
1284670 2117.8
1284680 2101.0
1284690 2101.0
1284700 2085.0
1284710 2077.8
1284720 2077.8
1284730 2070.4
1284740 2061.6
1284750 2061.6
1284760 2052.2
1284770 2046.8
1284780 2046.8
1284790 2040.0
1284800 2024.4
1284810 1999.6
1284820 1990.1
1284830 1965.0
1284840 1940.0
1284850 1940.0
1284860 1913.5
1284870 1903.8
1284880 1903.8
1284890 1899.5
1284900 1892.7
1284910 1892.7
1284920 1882.3
1284930 1868.3
1284940 1868.3
1284950 1859.6
1284960 1852.6
1284970 1852.6
1284980 1846.5
1284990 1840.6
1285000 1840.6
1285010 1834.8
1285020 1829.0
1285030 1829.0
1285040 1823.6
1285050 1817.8
1285060 1817.8
1285070 1811.3
1285080 1805.1
1285090 1805.1
1285100 1799.6
1285110 1794.6
1285120 1790.3
1285130 1790.3
1285140 1786.3
1285150 1781.3
1285160 1781.3
1285170 1774.8
1285180 1768.5
1285190 1768.5
1285200 1764.8
1285210 1762.4
1285220 1762.4
1285230 1757.4
1285240 1748.5
1285250 1748.5
1285260 1740.7
1285270 1734.6
1285280 1734.6
1285290 1729.1
1285300 1721.2
1285310 1721.2
1285320 1713.3
1285330 1709.7
1285340 1709.7
1285350 1706.6
1285360 1702.8
1285370 1702.8
1285380 1701.5
1285390 1700.8
1285400 1700.8
1285410 1695.7
1285420 1685.6
1285430 1674.4
1285440 1674.4
1285450 1665.7
1285460 1650.7
1285470 1650.7
1285480 1643.0
1285490 1634.9
1285500 1634.9
1285510 1625.3
1285520 1618.1
1285530 1618.1
1285540 1615.3
1285550 1612.4
1285560 1612.4
1285570 1607.5
1285580 1601.2
1285590 1601.2
1285600 1596.8
1285610 1591.7
1285620 1591.7
1285630 1584.1
1285640 1581.0
1285650 1581.0
1285660 1577.5
1285670 1572.7
1285680 1572.7
1285690 1566.9
1285700 1561.5
1285710 1557.4
1285720 1557.4
1285730 1554.6
1285740 1550.6
1285750 1550.6
1285760 1546.7
1285770 1542.4
1285780 1542.4
1285790 1537.8
1285800 1533.1
1285810 1533.1
1285820 1529.5
1285830 1526.4
1285840 1526.4
1285850 1524.2
1285860 1523.1
1285870 1523.1
1285880 1520.9
1285890 1518.3
1285900 1518.3
1285910 1516.1
1285920 1513.7
1285930 1513.7
1285940 1511.2
1285950 1508.4
1285960 1508.4
1285970 1505.0
1285980 1501.8
1285990 1501.8
1286000 1497.8
1286010 1494.5
1286020 1492.7
1286030 1492.7
1286040 1492.7
1286050 1491.9
1286060 1491.9
1286070 1489.9
1286080 1490.9
1286090 1490.9
1286100 1487.2
1286110 1487.3
1286120 1487.3
1286130 1486.7
1286140 1486.4
1286150 1486.4
1286160 1485.4
1286170 1484.1
1286180 1484.1
1286190 1482.4
1286200 1480.6
1286210 1480.6
1286220 1479.0
1286230 1475.9
1286240 1475.9
1286250 1475.3
1286260 1480.8
1286270 1480.8
1286280 1483.7
1286290 1483.2
1286300 1483.2
1286310 1495.4
1286320 1505.7
1286330 1511.8
1286340 1511.8
1286350 1518.9
1286360 1522.9
1286370 1522.9
1286380 1518.7
1286390 1511.1
1286400 1511.1
1286410 1504.7
1286420 1501.4
1286430 1501.4
1286440 1495.3
1286450 1487.9
1286460 1487.9
1286470 1481.1
1286480 1476.2
1286490 1476.2
1286500 1473.1
1286510 1471.2
1286520 1471.2
1286530 1466.2
1286540 1461.2
1286550 1461.2
1286560 1457.9
1286570 1454.2
1286580 1454.2
1286590 1450.9
1286600 1451.0
1286610 1451.0
1286620 1455.1
1286630 1447.0
1286640 1439.7
1286650 1439.7
1286660 1432.5
1286670 1419.3
1286680 1419.3
1286690 1410.7
1286700 1403.3
1286710 1403.3
1286720 1397.2
1286730 1393.4
1286740 1393.4
1286750 1380.3
1286760 1372.6
1286770 1372.6
1286780 1363.8
1286790 1352.2
1286800 1352.2
1286810 1345.6
1286820 1339.0
1286830 1339.0
1286840 1332.5
1286850 1328.5
1286860 1328.5
1286870 1325.8
1286880 1322.8
1286890 1322.8
1286900 1319.7
1286910 1316.0
1286920 1316.0
1286930 1311.5
1286940 1307.2
1286950 1304.8
1286960 1304.8
1286970 1301.3
1286980 1296.1
1286990 1296.1
1287000 1290.3
1287010 1284.3
1287020 1284.3
1287030 1278.6
1287040 1273.0
1287050 1273.0
1287060 1267.7
1287070 1262.4
1287080 1262.4
1287090 1257.4
1287100 1252.2
1287110 1252.2
1287120 1247.2
1287130 1242.3
1287140 1242.3
1287150 1237.5
1287160 1232.8
1287170 1232.8
1287180 1227.9
1287190 1223.0
1287200 1223.0
1287210 1218.6
1287220 1214.7
1287230 1214.7
1287240 1211.0
1287250 1207.3
1287260 1203.7
1287270 1203.7
1287280 1201.0
1287290 1199.0
1287300 1199.0
1287310 1197.3
1287320 1194.9
1287330 1194.9
1287340 1191.8
1287350 1189.7
1287360 1189.7
1287370 1188.5
1287380 1188.1
1287390 1190.1
1287400 1188.9
1287410 1187.4
1287420 1187.4
1287430 1185.1
1287440 1184.5
1287450 1184.5
1287460 1184.2
1287470 1183.8
1287480 1183.8
1287490 1183.5
1287500 1183.2
1287510 1183.2
1287520 1183.1
1287530 1183.1
1287540 1183.4
1287550 1183.4
1287560 1183.8
1287570 1183.9
1287580 1183.9
1287590 1183.7
1287600 1183.5
1287610 1183.5
1287620 1183.6
1287630 1183.7
1287640 1183.7
1287650 1183.5
1287660 1183.3
1287670 1183.3
1287680 1183.2
1287690 1183.2
1287700 1183.2
1287710 1183.2
1287720 1183.2
1287730 1183.2
1287740 1183.2
1287750 1183.1
1287760 1183.1
1287770 1183.3
1287780 1183.4
1287790 1183.4
1287800 1183.1
1287810 1181.8
1287820 1181.8
1287830 1181.0
1287840 1180.2
1287850 1180.2
1287860 1180.2
1287870 1180.7
1287880 1181.0
1287890 1181.0
1287900 1181.7
1287910 1181.8
1287920 1181.8
1287930 1182.5
1287940 1184.8
1287950 1184.8
1287960 1187.3
1287970 1191.7
1287980 1191.7
1287990 1196.2
1288000 1200.3
1288010 1200.3
1288020 1204.8
1288030 1207.9
1288040 1212.5
1288050 1215.7
1288060 1220.0
1288070 1220.0
1288080 1225.3
1288090 1229.3
1288100 1229.3
1288110 1232.0
1288120 1234.7
1288130 1234.7
1288140 1236.4
1288150 1237.5
1288160 1240.4
1288170 1240.4
1288180 1243.4
1288190 1246.0
1288200 1246.0
1288210 1248.7
1288220 1251.7
1288230 1251.7
1288240 1253.8
1288250 1255.4
1288260 1255.4
1288270 1257.9
1288280 1259.0
1288290 1259.0
1288300 1260.3
1288310 1266.1
1288320 1266.1
1288330 1303.7
1288340 1347.7
1288350 1347.7
1288360 1369.4
1288370 1386.8
1288380 1386.8
1288390 1414.0
1288400 1438.9
1288410 1438.9
1288420 1452.5
1288430 1467.8
1288440 1467.8
1288450 1504.9
1288460 1534.8
1288470 1554.4
1288480 1554.4
1288490 1569.6
1288500 1582.3
1288510 1582.3
1288520 1590.9
1288530 1597.6
1288540 1597.6
1288550 1604.0
1288560 1608.5
1288570 1608.5
1288580 1614.9
1288590 1626.4
1288600 1626.4
1288610 1633.7
1288620 1635.7
1288630 1635.7
1288640 1638.4
1288650 1642.2
1288660 1642.2
1288670 1646.3
1288680 1651.2
1288690 1644.3
1288700 1647.4
1288710 1650.7
1288720 1650.7
1288730 1710.8
1288740 1755.1
1288750 1755.1
1288760 1760.7
1288770 1764.3
1288780 1767.3
1288790 1767.3
1288800 1770.6
1288810 1773.4
1288820 1773.4
1288830 1776.7
1288840 1780.5
1288850 1780.5
1288860 1784.5
1288870 1788.7
1288880 1788.7
1288890 1793.5
1288900 1798.4
1288910 1798.4
1288920 1803.3
1288930 1808.3
1288940 1808.3
1288950 1814.4
1288960 1821.0
1288970 1821.0
1288980 1827.4
1288990 1834.3
1289000 1834.3
1289010 1840.6
1289020 1846.2
1289030 1846.2
1289040 1852.3
1289050 1859.7
1289060 1866.8
1289070 1866.8
1289080 1872.6
1289090 1878.8
1289100 1878.8
1289110 1886.0
1289120 1894.4
1289130 1894.4
1289140 1901.5
1289150 1909.1
1289160 1909.1
1289170 1915.8
1289180 1923.0
1289190 1923.0
1289200 1930.0
1289210 1936.9
1289220 1936.9
1289230 1942.6
1289240 1946.1
1289250 1946.1
1289260 1949.1
1289270 1951.6
1289280 1951.6
1289290 1953.0
1289300 1953.4
1289310 1953.4
1289320 1952.4
1289330 1947.8
1289340 1947.8
1289350 1941.4
1289360 1934.9
1289370 1927.5
1289380 1927.5
1289390 1919.8
1289400 1911.9
1289410 1911.9
1289420 1904.8
1289430 1898.7
1289440 1898.7
1289450 1891.6
1289460 1883.6
1289470 1883.6
1289480 1877.1
1289490 1870.9
1289500 1870.9
1289510 1865.0
1289520 1859.1
1289530 1859.1
1289540 1853.7
1289550 1848.9
1289560 1848.9
1289570 1844.5
1289580 1840.4
1289590 1840.4
1289600 1836.5
1289610 1832.7
1289620 1832.7
1289630 1829.6
1289640 1827.1
1289650 1827.1
1289660 1825.0
1289670 1822.9
1289680 1821.2
1289690 1821.2
1289700 1820.5
1289710 1819.4
1289720 1819.4
1289730 1818.1
1289740 1817.4
1289750 1817.4
1289760 1816.6
1289770 1816.3
1289780 1816.3
1289790 1816.3
1289800 1815.4
1289810 1815.4
1289820 1815.3
1289830 1814.8
1289840 1814.8
1289850 1814.5
1289860 1813.9
1289870 1813.9
1289880 1814.4
1289890 1815.4
1289900 1815.4
1289910 1815.7
1289920 1815.8
1289930 1815.8
1289940 1816.4
1289950 1816.7
1289960 1816.7
1289970 1816.0
1289980 1816.1
1289990 1816.9
1290000 1819.1
1290010 1821.1
1290020 1823.3
1290030 1823.3
1290040 1824.4
1290050 1824.9
1290060 1824.9
1290070 1823.6
1290080 1827.0
1290090 1827.0
1290100 1830.2
1290110 1831.9
1290120 1831.9
1290130 1833.5
1290140 1834.4
1290150 1834.4
1290160 1835.4
1290170 1835.9
1290180 1835.9
1290190 1835.9
1290200 1837.7
1290210 1837.7
1290220 1839.5
1290230 1840.7
1290240 1840.7
1290250 1841.9
1290260 1845.0
1290270 1845.0
1290280 1848.7
1290290 1851.9
1290300 1854.9
1290310 1854.9
1290320 1857.8
1290330 1861.2
1290340 1861.2
1290350 1864.4
1290360 1866.9
1290370 1866.9
1290380 1869.1
1290390 1870.8
1290400 1870.8
1290410 1872.5
1290420 1875.8
1290430 1875.8
1290440 1879.4
1290450 1882.4
1290460 1882.4
1290470 1884.3
1290480 1886.2
1290490 1886.2
1290500 1889.3
1290510 1892.9
1290520 1892.9
1290530 1894.7
1290540 1896.1
1290550 1896.1
1290560 1902.1
1290570 1909.9
1290580 1916.4
1290590 1916.4
1290600 1921.6
1290610 1926.8
1290620 1926.8
1290630 1931.6
1290640 1936.4
1290650 1936.4
1290660 1939.3
1290670 1944.2
1290680 1944.2
1290690 1946.8
1290700 1947.8
1290710 1947.8
1290720 1947.6
1290730 1947.1
1290740 1947.1
1290750 1946.0
1290760 1943.8
1290770 1943.8
1290780 1939.1
1290790 1936.1
1290800 1936.1
1290810 1932.8
1290820 1928.8
1290830 1928.8
1290840 1925.9
1290850 1924.7
1290860 1924.7
1290870 1923.8
1290880 1925.9
1290890 1929.2
1290900 1929.2
1290910 1930.6
1290920 1928.9
1290930 1928.9
1290940 1927.7
1290950 1929.0
1290960 1929.0
1290970 1932.3
1290980 1931.4
1290990 1931.4
1291000 1929.1
1291010 1925.5
1291020 1925.5
1291030 1918.3
1291040 1912.2
1291050 1912.2
1291060 1905.8
1291070 1899.5
1291080 1899.5
1291090 1893.6
1291100 1887.0
1291110 1887.0
1291120 1876.2
1291130 1867.1
1291140 1867.1
1291150 1858.1
1291160 1850.1
1291170 1850.1
1291180 1842.9
1291190 1836.3
1291200 1831.9
1291210 1831.9
1291220 1829.6
1291230 1826.8
1291240 1826.8
1291250 1822.4
1291260 1816.4
1291270 1816.4
1291280 1810.8
1291290 1805.5
1291300 1805.5
1291310 1807.0
1291320 1806.6
1291330 1806.6
1291340 1809.6
1291350 1812.1
1291360 1812.1
1291370 1813.9
1291380 1818.2
1291390 1818.2
1291400 1821.3
1291410 1826.1
1291420 1826.1
1291430 1833.7
1291440 1829.8
1291450 1829.8
1291460 1815.1
1291470 1804.0
1291480 1804.0
1291490 1796.6
1291500 1792.1
1291510 1787.3
1291520 1787.3
1291530 1782.6
1291540 1778.0
1291550 1778.0
1291560 1773.4
1291570 1768.3
1291580 1768.3
1291590 1763.2
1291600 1758.2
1291610 1758.2
1291620 1752.8
1291630 1747.7
1291640 1747.7
1291650 1743.3
1291660 1738.7
1291670 1738.7
1291680 1734.4
1291690 1729.5
1291700 1729.5
1291710 1721.6
1291720 1715.9
1291730 1715.9
1291740 1713.1
1291750 1709.4
1291760 1709.4
1291770 1706.0
1291780 1702.3
1291790 1702.3
1291800 1698.2
1291810 1694.1
1291820 1690.5
1291830 1690.5
1291840 1688.0
1291850 1686.2
1291860 1686.2
1291870 1684.3
1291880 1685.4
1291890 1685.4
1291900 1686.9
1291910 1682.5
1291920 1682.5
1291930 1677.3
1291940 1678.6
1291950 1678.6
1291960 1682.6
1291970 1689.8
1291980 1665.4
1291990 1670.5
1292000 1674.9
1292010 1674.9
1292020 1680.6
1292030 1682.9
1292040 1682.9
1292050 1681.0
1292060 1678.1
1292070 1678.1
1292080 1671.2
1292090 1669.0
1292100 1669.8
1292110 1669.8
1292120 1668.5
1292130 1667.8
1292140 1667.8
1292150 1668.5
1292160 1669.8
1292170 1669.8
1292180 1670.9
1292190 1671.8
1292200 1671.8
1292210 1671.9
1292220 1672.3
1292230 1672.3
1292240 1672.3
1292250 1671.6
1292260 1671.6
1292270 1670.2
1292280 1669.8
1292290 1669.8
1292300 1670.4
1292310 1673.0
1292320 1673.0
1292330 1674.9
1292340 1676.1
1292350 1676.1
1292360 1676.5
1292370 1676.8
1292380 1676.8
1292390 1678.5
1292400 1682.8
1292410 1687.2
1292420 1687.2
1292430 1690.0
1292440 1692.6
1292450 1692.6
1292460 1695.5
1292470 1699.0
1292480 1699.0
1292490 1704.3
1292500 1712.2
1292510 1712.2
1292520 1719.5
1292530 1720.8
1292540 1720.8
1292550 1717.8
1292560 1713.2
1292570 1713.2
1292580 1707.8
1292590 1703.4
1292600 1703.4
1292610 1700.3
1292620 1698.6
1292630 1698.6
1292640 1692.5
1292650 1691.9
1292660 1691.9
1292670 1692.6
1292680 1691.1
1292690 1691.1
1292700 1688.8
1292710 1687.4
1292720 1684.6
1292730 1684.6
1292740 1677.1
1292750 1660.3
1292760 1660.3
1292770 1641.3
1292780 1621.9
1292790 1621.9
1292800 1604.7
1292810 1585.0
1292820 1585.0
1292830 1569.3
1292840 1561.0
1292850 1561.0
1292860 1559.4
1292870 1557.3
1292880 1557.3
1292890 1548.6
1292900 1529.3
1292910 1529.3
1292920 1519.6
1292930 1512.8
1292940 1512.8
1292950 1507.1
1292960 1494.2
1292970 1494.2
1292980 1475.2
1292990 1458.5
1293000 1458.5
1293010 1442.7
1293020 1424.9
1293030 1411.8
1293040 1411.8
1293050 1400.1
1293060 1388.0
1293070 1388.0
1293080 1373.8
1293090 1358.1
1293100 1358.1
1293110 1343.1
1293120 1332.2
1293130 1332.2
1293140 1328.8
1293150 1327.0
1293160 1327.0
1293170 1324.7
1293180 1318.3
1293190 1318.3
1293200 1311.5
1293210 1302.4
1293220 1302.4
1293230 1299.1
1293240 1294.7
1293250 1294.7
1293260 1289.8
1293270 1285.0
1293280 1285.0
1293290 1280.4
1293300 1275.2
1293310 1272.2
1293320 1266.9
1293330 1261.4
1293340 1256.2
1293350 1256.2
1293360 1251.1
1293370 1246.4
1293380 1246.4
1293390 1242.6
1293400 1238.8
1293410 1238.8
1293420 1236.0
1293430 1234.4
1293440 1234.4
1293450 1234.6
1293460 1234.6
1293470 1234.6
1293480 1234.5
1293490 1234.9
1293500 1234.9
1293510 1234.4
1293520 1233.5
1293530 1233.5
1293540 1233.0
1293550 1232.9
1293560 1232.9
1293570 1232.8
1293580 1231.9
1293590 1231.9
1293600 1231.6
1293610 1232.1
1293620 1232.5
1293630 1232.5
1293640 1233.0
1293650 1233.7
1293660 1233.7
1293670 1234.4
1293680 1234.9
1293690 1234.9
1293700 1235.2
1293710 1235.6
1293720 1235.6
1293730 1236.3
1293740 1237.0
1293750 1237.0
1293760 1237.8
1293770 1238.7
1293780 1238.7
1293790 1239.5
1293800 1239.7
1293810 1239.7
1293820 1239.5
1293830 1239.7
1293840 1239.7
1293850 1240.4
1293860 1240.2
1293870 1240.2
1293880 1239.8
1293890 1239.7
1293900 1239.7
1293910 1240.0
1293920 1240.3
1293930 1240.6
1293940 1240.6
1293950 1241.3
1293960 1242.0
1293970 1242.0
1293980 1243.4
1293990 1244.1
1294000 1244.1
1294010 1244.4
1294020 1245.2
1294030 1245.2
1294040 1245.0
1294050 1244.4
1294060 1244.4
1294070 1244.3
1294080 1244.9
1294090 1244.9
1294100 1245.7
1294110 1246.2
1294120 1246.2
1294130 1246.5
1294140 1246.7
1294150 1246.7
1294160 1246.8
1294170 1246.9
1294180 1246.9
1294190 1246.7
1294200 1246.4
1294210 1246.4
1294220 1246.1
1294230 1245.7
1294240 1245.5
1294250 1245.5
1294260 1245.0
1294270 1244.4
1294280 1244.4
1294290 1244.2
1294300 1243.7
1294310 1243.7
1294320 1243.5
1294330 1244.5
1294340 1244.5
1294350 1244.7
1294360 1248.3
1294370 1248.3
1294380 1255.1
1294390 1261.8
1294400 1261.8
1294410 1267.2
1294420 1272.5
1294430 1272.5
1294440 1276.8
1294450 1280.5
1294460 1280.5
1294470 1284.7
1294480 1289.8
1294490 1289.8
1294500 1295.6
1294510 1301.6
1294520 1301.6
1294530 1307.5
1294540 1313.4
1294550 1319.6
1294560 1319.6
1294570 1325.8
1294580 1329.9
1294590 1329.9
1294600 1333.4
1294610 1339.5
1294620 1339.5
1294630 1347.0
1294640 1350.9
1294650 1358.4
1294660 1365.4
1294670 1372.2
1294680 1372.2
1294690 1378.5
1294700 1387.9
1294710 1387.9
1294720 1399.0
1294730 1402.0
1294740 1402.0
1294750 1406.4
1294760 1415.9
1294770 1415.9
1294780 1425.7
1294790 1433.1
1294800 1433.1
1294810 1444.0
1294820 1454.1
1294830 1454.1
1294840 1459.9
1294850 1463.1
1294860 1463.5
1294870 1463.5
1294880 1467.6
1294890 1475.0
1294900 1475.0
1294910 1479.6
1294920 1485.7
1294930 1485.7
1294940 1489.0
1294950 1493.4
1294960 1493.4
1294970 1498.6
1294980 1497.9
1294990 1497.9
1295000 1500.5
1295010 1499.3
1295020 1499.3
1295030 1499.4
1295040 1498.2
1295050 1498.2
1295060 1502.7
1295070 1512.2
1295080 1512.2
1295090 1527.3
1295100 1542.3
1295110 1542.3
1295120 1550.4
1295130 1556.9
1295140 1564.6
1295150 1564.6
1295160 1574.1
1295170 1580.9
1295180 1580.9
1295190 1585.6
1295200 1589.1
1295210 1589.1
1295220 1589.6
1295230 1590.9
1295240 1590.9
1295250 1594.6
1295260 1598.0
1295270 1598.0
1295280 1606.7
1295290 1613.6
1295300 1613.6
1295310 1619.2
1295320 1638.9
1295330 1638.9
1295340 1648.1
1295350 1662.2
1295360 1662.2
1295370 1673.7
1295380 1677.9
1295390 1677.9
1295400 1681.4
1295410 1686.6
1295420 1686.6
1295430 1693.5
1295440 1700.8
1295450 1710.7
1295460 1710.7
1295470 1736.2
1295480 1765.8
1295490 1765.8
1295500 1789.6
1295510 1812.6
1295520 1812.6
1295530 1821.6
1295540 1823.7
1295550 1823.7
1295560 1827.0
1295570 1833.2
1295580 1833.2
1295590 1840.9
1295600 1850.4
1295610 1850.4
1295620 1861.0
1295630 1868.0
1295640 1868.0
1295650 1874.5
1295660 1881.1
1295670 1881.1
1295680 1888.1
1295690 1892.7
1295700 1892.7
1295710 1897.9
1295720 1901.0
1295730 1901.0
1295740 1900.2
1295750 1897.5
1295760 1898.0
1295770 1898.0
1295780 1894.8
1295790 1895.0
1295800 1895.0
1295810 1901.4
1295820 1908.5
1295830 1908.5
1295840 1906.8
1295850 1905.5
1295860 1905.5
1295870 1908.4
1295880 1909.8
1295890 1909.8
1295900 1911.3
1295910 1914.9
1295920 1914.9
1295930 1919.3
1295940 1924.7
1295950 1924.7
1295960 1930.6
1295970 1928.7
1295980 1928.7
1295990 1923.4
1296000 1928.5
1296010 1928.5
1296020 1926.1
1296030 1924.7
1296040 1924.7
1296050 1921.6
1296060 1920.3
1296070 1918.7
1296080 1918.7
1296090 1917.6
1296100 1918.3
1296110 1918.3
1296120 1913.8
1296130 1914.5
1296140 1914.5
1296150 1916.9
1296160 1919.1
1296170 1919.1
1296180 1922.7
1296190 1935.2
1296200 1935.2
1296210 1946.2
1296220 1951.1
1296230 1951.1
1296240 1957.0
1296250 1962.1
1296260 1962.1
1296270 1968.8
1296280 1962.6
1296290 1962.6
1296300 1955.3
1296310 1959.8
1296320 1959.8
1296330 1968.0
1296340 1969.8
1296350 1969.8
1296360 1969.9
1296370 1972.6
1296380 1968.3
1296390 1968.3
1296400 1976.7
1296410 1990.2
1296420 1990.2
1296430 1990.3
1296440 1993.1
1296450 1993.1
1296460 1998.2
1296470 2004.3
1296480 2004.3
1296490 2020.1
1296500 2025.4
1296510 2025.4
1296520 2025.1
1296530 2025.6
1296540 2025.6
1296550 2025.4
1296560 2025.7
1296570 2025.7
1296580 2025.2
1296590 2024.3
1296600 2024.3
1296610 2023.2
1296620 2020.3
1296630 2020.3
1296640 2017.2
1296650 2013.9
1296660 2012.1
1296670 2013.3
1296680 2010.2
1296690 2008.5
1296700 2008.5
1296710 2006.4
1296720 2003.3
1296730 2003.3
1296740 2003.7
1296750 2004.7
1296760 2004.7
1296770 2001.3
1296780 1995.1
1296790 1995.1
1296800 1989.8
1296810 1987.4
1296820 1987.4
1296830 1984.3
1296840 1980.3
1296850 1980.3
1296860 1976.0
1296870 1971.1
1296880 1971.1
1296890 1966.3
1296900 1962.0
1296910 1962.0
1296920 1958.5
1296930 1958.2
1296940 1958.2
1296950 1959.0
1296960 1956.8
1296970 1953.7
1296980 1953.7
1296990 1948.7
1297000 1943.4
1297010 1943.4
1297020 1938.3
1297030 1933.3
1297040 1933.3
1297050 1927.3
1297060 1920.8
1297070 1920.8
1297080 1914.1
1297090 1907.8
1297100 1907.8
1297110 1903.6
1297120 1899.9
1297130 1899.9
1297140 1895.8
1297150 1892.8
1297160 1892.8
1297170 1891.5
1297180 1889.4
1297190 1889.4
1297200 1890.5
1297210 1894.0
1297220 1894.0
1297230 1897.8
1297240 1899.5
1297250 1899.5
1297260 1900.3
1297270 1902.9
1297280 1904.6
1297290 1904.6
1297300 1907.4
1297310 1902.2
1297320 1902.2
1297330 1892.2
1297340 1890.7
1297350 1902.0
1297360 1899.7
1297370 1900.0
1297380 1900.0
1297390 1900.0
1297400 1899.3
1297410 1899.3
1297420 1901.7
1297430 1908.2
1297440 1908.2
1297450 1915.2
1297460 1909.1
1297470 1909.1
1297480 1900.0
1297490 1891.8
1297500 1891.8
1297510 1884.7
1297520 1877.9
1297530 1877.9
1297540 1870.8
1297550 1863.8
1297560 1863.8
1297570 1856.9
1297580 1850.6
1297590 1844.3
1297600 1844.3
1297610 1837.7
1297620 1832.4
1297630 1832.4
1297640 1831.6
1297650 1828.2
1297660 1828.2
1297670 1823.3
1297680 1815.6
1297690 1815.6
1297700 1810.0
1297710 1809.0
1297720 1809.0
1297730 1807.4
1297740 1803.1
1297750 1803.1
1297760 1797.7
1297770 1791.0
1297780 1791.0
1297790 1785.1
1297800 1782.6
1297810 1782.6
1297820 1778.4
1297830 1772.6
1297840 1772.6
1297850 1768.1
1297860 1763.7
1297870 1763.7
1297880 1757.5
1297890 1751.0
1297900 1748.0
1297910 1748.0
1297920 1742.8
1297930 1738.3
1297940 1738.3
1297950 1730.4
1297960 1725.8
1297970 1725.8
1297980 1720.6
1297990 1711.3
1298000 1711.3
1298010 1705.9
1298020 1701.8
1298030 1701.8
1298040 1711.8
1298050 1710.3
1298060 1710.3
1298070 1705.8
1298080 1708.8
1298090 1708.8
1298100 1708.1
1298110 1714.6
1298120 1714.6
1298130 1724.9
1298140 1735.6
1298150 1735.6
1298160 1740.0
1298170 1743.6
1298180 1742.0
1298190 1742.0
1298200 1741.2
1298210 1746.6
1298220 1746.6
1298230 1746.0
1298240 1748.6
1298250 1748.6
1298260 1757.5
1298270 1768.5
1298280 1768.5
1298290 1770.6
1298300 1768.3
1298310 1768.3
1298320 1763.9
1298330 1762.1
1298340 1762.1
1298350 1776.7
1298360 1785.2
1298370 1785.2
1298380 1784.2
1298390 1788.4
1298400 1788.4
1298410 1786.7
1298420 1779.5
1298430 1779.5
1298440 1765.8
1298450 1764.7
1298460 1764.7
1298470 1762.7
1298480 1749.9
1298490 1738.9
1298500 1738.9
1298510 1717.0
1298520 1708.3
1298530 1708.3
1298540 1700.9
1298550 1693.6
1298560 1693.6
1298570 1689.8
1298580 1689.4
1298590 1689.4
1298600 1684.6
1298610 1686.7
1298620 1686.7
1298630 1687.8
1298640 1692.7
1298650 1692.7
1298660 1690.5
1298670 1691.3
1298680 1691.3
1298690 1694.1
1298700 1689.8
1298710 1689.8
1298720 1691.3
1298730 1686.4
1298740 1686.4
1298750 1678.3
1298760 1669.9
1298770 1669.9
1298780 1664.1
1298790 1656.6
1298800 1648.4
1298810 1648.4
1298820 1649.8
1298830 1648.0
1298840 1648.0
1298850 1643.4
1298860 1644.9
1298870 1644.9
1298880 1647.1
1298890 1648.9
1298900 1648.9
1298910 1641.9
1298920 1631.2
1298930 1631.2
1298940 1620.6
1298950 1611.4
1298960 1611.4
1298970 1604.4
1298980 1599.3
1298990 1599.3
1299000 1594.7
1299010 1592.3
1299020 1592.3
1299030 1595.5
1299040 1593.3
1299050 1593.3
1299060 1588.2
1299070 1587.2
1299080 1587.2
1299090 1582.4
1299100 1577.4
1299110 1570.9
1299120 1570.9
1299130 1562.1
1299140 1548.8
1299150 1548.8
1299160 1540.6
1299170 1539.3
1299180 1539.3
1299190 1532.0
1299200 1526.7
1299210 1526.7
1299220 1519.1
1299230 1510.8
1299240 1510.8
1299250 1502.6
1299260 1495.9
1299270 1495.9
1299280 1490.8
1299290 1479.3
1299300 1479.3
1299310 1471.1
1299320 1468.9
1299330 1468.9
1299340 1472.5
1299350 1472.5
1299360 1472.5
1299370 1474.0
1299380 1475.5
1299390 1475.5
1299400 1477.1
1299410 1500.1
1299420 1500.9
1299430 1500.9
1299440 1498.8
1299450 1502.1
1299460 1502.1
1299470 1504.5
1299480 1509.8
1299490 1509.8
1299500 1515.0
1299510 1515.7
1299520 1515.7
1299530 1514.4
1299540 1512.1
1299550 1512.1
1299560 1507.8
1299570 1504.8
1299580 1504.8
1299590 1501.9
1299600 1498.5
1299610 1498.5
1299620 1495.7
1299630 1481.2
1299640 1481.2
1299650 1474.9
1299660 1469.1
1299670 1469.1
1299680 1465.1
1299690 1462.5
1299700 1446.0
1299710 1446.0
1299720 1417.1
1299730 1418.2
1299740 1418.2
1299750 1421.4
1299760 1410.7
1299770 1410.7
1299780 1400.1
1299790 1392.9
1299800 1392.9
1299810 1386.1
1299820 1380.8
1299830 1380.8
1299840 1380.0
1299850 1378.5
1299860 1378.5
1299870 1379.3
1299880 1385.4
1299890 1385.4
1299900 1391.9
1299910 1400.9
1299920 1400.9
1299930 1407.2
1299940 1418.2
1299950 1418.2
1299960 1433.8
1299970 1465.6
1299980 1465.6
1299990 1486.5
