1280000 1657.9
1280010 1657.9
1280020 1659.6
1280030 1660.9
1280040 1660.9
1280050 1662.0
1280060 1663.4
1280070 1663.4
1280080 1666.8
1280090 1669.7
1280100 1669.7
1280110 1672.5
1280120 1674.7
1280130 1674.7
1280140 1676.8
1280150 1679.1
1280160 1679.1
1280170 1681.3
1280180 1683.7
1280190 1685.6
1280200 1685.6
1280210 1688.4
1280220 1692.2
1280230 1692.2
1280240 1696.5
1280250 1700.6
1280260 1700.6
1280270 1705.4
1280280 1710.5
1280290 1710.5
1280300 1714.9
1280310 1717.5
1280320 1717.5
1280330 1720.3
1280340 1725.0
1280350 1725.0
1280360 1731.2
1280370 1735.0
1280380 1735.0
1280390 1738.5
1280400 1742.7
1280410 1742.1
1280420 1745.3
1280430 1748.2
1280440 1748.2
1280450 1752.2
1280460 1756.5
1280470 1756.5
1280480 1760.9
1280490 1765.0
1280500 1767.7
1280510 1767.7
1280520 1770.2
1280530 1773.8
1280540 1773.8
1280550 1777.3
1280560 1780.7
1280570 1780.7
1280580 1785.5
1280590 1791.5
1280600 1791.5
1280610 1797.2
1280620 1803.0
1280630 1803.0
1280640 1809.3
1280650 1815.8
1280660 1815.8
1280670 1821.6
1280680 1825.4
1280690 1825.4
1280700 1828.5
1280710 1830.9
1280720 1830.9
1280730 1830.8
1280740 1828.4
1280750 1828.4
1280760 1821.5
1280770 1814.7
1280780 1814.7
1280790 1809.6
1280800 1804.2
1280810 1797.9
1280820 1797.9
1280830 1790.3
1280840 1781.6
1280850 1781.6
1280860 1773.1
1280870 1765.6
1280880 1765.6
1280890 1758.6
1280900 1752.4
1280910 1752.4
1280920 1746.6
1280930 1740.7
1280940 1740.7
1280950 1734.9
1280960 1728.8
1280970 1728.8
1280980 1722.6
1280990 1715.8
1281000 1715.8
1281010 1710.3
1281020 1704.9
1281030 1704.9
1281040 1699.6
1281050 1694.0
1281060 1694.0
1281070 1688.3
1281080 1682.7
1281090 1682.7
1281100 1677.8
1281110 1673.0
1281120 1667.9
1281130 1667.9
1281140 1663.2
1281150 1658.8
1281160 1658.8
1281170 1654.2
1281180 1649.6
1281190 1649.6
1281200 1645.7
1281210 1641.8
1281220 1641.8
1281230 1638.2
1281240 1635.0
1281250 1635.0
1281260 1630.1
1281270 1627.9
1281280 1627.9
1281290 1628.5
1281300 1628.8
1281310 1628.8
1281320 1628.0
1281330 1627.0
1281340 1627.0
1281350 1627.3
1281360 1627.7
1281370 1627.7
1281380 1630.0
1281390 1635.2
1281400 1635.2
1281410 1640.5
1281420 1645.7
1281430 1636.8
1281440 1636.8
1281450 1613.8
1281460 1596.6
1281470 1596.6
1281480 1586.0
1281490 1577.8
1281500 1577.8
1281510 1569.8
1281520 1562.2
1281530 1562.2
1281540 1555.0
1281550 1547.9
1281560 1547.9
1281570 1541.0
1281580 1533.6
1281590 1533.6
1281600 1525.7
1281610 1518.8
1281620 1518.8
1281630 1515.9
1281640 1513.7
1281650 1513.7
1281660 1511.3
1281670 1510.3
1281680 1510.3
1281690 1507.2
1281700 1504.8
1281710 1501.8
1281720 1501.8
1281730 1498.8
1281740 1495.6
1281750 1495.6
1281760 1492.4
1281770 1489.2
1281780 1489.2
1281790 1486.1
1281800 1483.2
1281810 1483.2
1281820 1480.4
1281830 1477.5
1281840 1477.5
1281850 1474.7
1281860 1472.2
1281870 1472.2
1281880 1469.8
1281890 1467.5
1281900 1467.5
1281910 1465.4
1281920 1463.4
1281930 1463.4
1281940 1461.0
1281950 1458.7
1281960 1458.7
1281970 1454.1
1281980 1449.7
1281990 1449.7
1282000 1448.9
1282010 1450.4
1282020 1456.0
1282030 1456.0
1282040 1458.9
1282050 1461.2
1282060 1461.2
1282070 1463.4
1282080 1465.4
1282090 1465.4
1282100 1467.0
1282110 1468.9
1282120 1468.9
1282130 1471.3
1282140 1473.5
1282150 1473.5
1282160 1475.6
1282170 1477.8
1282180 1477.8
1282190 1479.9
1282200 1482.3
1282210 1482.3
1282220 1484.4
1282230 1487.2
1282240 1487.2
1282250 1490.5
1282260 1493.7
1282270 1493.7
1282280 1496.8
1282290 1500.6
1282300 1501.9
1282310 1505.0
1282320 1507.5
1282330 1510.1
1282340 1510.1
1282350 1512.7
1282360 1515.3
1282370 1515.3
1282380 1518.4
1282390 1521.3
1282400 1521.3
1282410 1523.8
1282420 1525.9
1282430 1525.9
1282440 1528.4
1282450 1531.4
1282460 1531.4
1282470 1534.9
1282480 1538.1
1282490 1538.1
1282500 1538.6
1282510 1537.8
1282520 1537.8
1282530 1538.3
1282540 1539.7
1282550 1539.7
1282560 1542.2
1282570 1544.7
1282580 1544.7
1282590 1547.8
1282600 1551.0
1282610 1551.0
1282620 1553.8
1282630 1556.7
1282640 1560.4
1282650 1560.4
1282660 1565.9
1282670 1573.2
1282680 1573.2
1282690 1579.8
1282700 1585.5
1282710 1585.5
1282720 1591.4
1282730 1597.0
1282740 1597.0
1282750 1602.8
1282760 1609.2
1282770 1609.2
1282780 1615.1
1282790 1620.4
1282800 1620.4
1282810 1625.1
1282820 1630.3
1282830 1630.3
1282840 1635.3
1282850 1639.2
1282860 1639.2
1282870 1643.0
1282880 1647.3
1282890 1647.3
1282900 1652.4
1282910 1657.9
1282920 1657.9
1282930 1654.5
1282940 1659.0
1282950 1663.8
1282960 1663.8
1282970 1667.7
1282980 1672.1
1282990 1672.1
1283000 1677.0
1283010 1681.9
1283020 1681.9
1283030 1687.4
1283040 1693.3
1283050 1693.3
1283060 1700.0
1283070 1706.2
1283080 1706.2
1283090 1713.8
1283100 1720.8
1283110 1720.8
1283120 1727.1
1283130 1733.8
1283140 1733.8
1283150 1743.3
1283160 1752.7
1283170 1752.7
1283180 1761.2
1283190 1771.3
1283200 1771.3
1283210 1780.7
1283220 1789.9
1283230 1789.9
1283240 1797.8
1283250 1804.9
1283260 1811.0
1283270 1811.0
1283280 1816.3
1283290 1821.6
1283300 1821.6
1283310 1826.9
1283320 1826.8
1283330 1826.8
1283340 1823.2
1283350 1818.5
1283360 1818.5
1283370 1814.2
1283380 1811.8
1283390 1811.8
1283400 1813.1
1283410 1814.2
1283420 1814.2
1283430 1813.3
1283440 1810.4
1283450 1810.4
1283460 1807.4
1283470 1805.8
1283480 1805.8
1283490 1805.5
1283500 1804.6
1283510 1804.6
1283520 1803.1
1283530 1803.0
1283540 1803.5
1283550 1803.5
1283560 1805.2
1283570 1804.9
1283580 1804.9
1283590 1803.0
1283600 1803.1
1283610 1803.1
1283620 1805.9
1283630 1806.7
1283640 1806.7
1283650 1807.0
1283660 1804.8
1283670 1804.8
1283680 1801.7
1283690 1799.5
1283700 1799.5
1283710 1798.0
1283720 1797.3
1283730 1797.3
1283740 1798.0
1283750 1799.0
1283760 1799.0
1283770 1799.4
1283780 1800.4
1283790 1800.4
1283800 1801.6
1283810 1801.7
1283820 1801.7
1283830 1801.3
1283840 1803.1
1283850 1806.2
1283860 1806.2
1283870 1808.7
1283880 1811.0
1283890 1811.0
1283900 1812.5
1283910 1814.3
1283920 1814.3
1283930 1817.1
1283940 1819.2
1283950 1819.2
1283960 1820.4
1283970 1822.5
1283980 1822.5
1283990 1825.3
1284000 1829.4
1284010 1829.4
1284020 1834.1
1284030 1839.2
1284040 1839.2
1284050 1844.7
1284060 1849.9
1284070 1849.9
1284080 1854.9
1284090 1859.9
1284100 1859.9
1284110 1865.3
1284120 1870.5
1284130 1870.5
1284140 1875.8
1284150 1881.4
1284160 1887.4
1284170 1887.4
1284180 1893.9
1284190 1900.8
1284200 1901.2
1284210 1907.7
1284220 1914.2
1284230 1914.2
1284240 1920.4
1284250 1927.6
1284260 1927.6
1284270 1938.4
1284280 1956.7
1284290 1956.7
1284300 1967.0
1284310 1969.0
1284320 1969.0
1284330 1972.9
1284340 1980.3
1284350 1980.3
1284360 1989.6
1284370 2006.8
1284380 2006.8
1284390 2021.3
1284400 2039.7
1284410 2039.7
1284420 2052.3
1284430 2059.4
1284440 2059.4
1284450 2067.4
1284460 2078.7
1284470 2087.0
1284480 2087.0
1284490 2094.1
1284500 2104.3
1284510 2104.3
1284520 2115.7
1284530 2131.3
1284540 2131.3
1284550 2147.2
1284560 2158.3
1284570 2158.3
1284580 2159.5
1284590 2160.9
1284600 2160.9
1284610 2142.4
1284620 2126.6
1284630 2126.6
1284640 2132.5
1284650 2125.5
1284660 2125.5
1284670 2104.5
1284680 2082.1
1284690 2082.1
1284700 2073.0
1284710 2064.2
1284720 2064.2
1284730 2054.8
1284740 2043.5
1284750 2043.5
1284760 2028.3
1284770 2006.4
1284780 1976.4
1284790 1976.4
1284800 1967.8
1284810 1966.4
1284820 1966.4
1284830 1940.4
1284840 1919.5
1284850 1919.5
1284860 1902.7
1284870 1894.6
1284880 1894.6
1284890 1887.0
1284900 1880.3
1284910 1880.3
1284920 1872.3
1284930 1864.9
1284940 1864.9
1284950 1858.0
1284960 1851.4
1284970 1851.4
1284980 1844.9
1284990 1838.4
1285000 1838.4
1285010 1831.6
1285020 1825.1
1285030 1825.1
1285040 1819.1
1285050 1814.4
1285060 1811.0
1285070 1811.0
1285080 1808.0
1285090 1805.1
1285100 1805.1
1285110 1801.2
1285120 1796.6
1285130 1796.6
1285140 1791.4
1285150 1786.6
1285160 1786.6
1285170 1783.3
1285180 1779.3
1285190 1779.3
1285200 1774.0
1285210 1768.2
1285220 1768.2
1285230 1762.0
1285240 1753.9
1285250 1753.9
1285260 1746.3
1285270 1739.0
1285280 1739.0
1285290 1731.1
1285300 1727.5
1285310 1727.5
1285320 1726.0
1285330 1724.2
1285340 1724.2
1285350 1719.4
1285360 1720.1
1285370 1718.1
1285380 1718.1
1285390 1709.3
1285400 1700.2
1285410 1700.2
1285420 1690.0
1285430 1680.9
1285440 1680.9
1285450 1669.0
1285460 1657.1
1285470 1657.1
1285480 1643.4
1285490 1638.5
1285500 1638.5
1285510 1634.4
1285520 1633.6
1285530 1633.6
1285540 1629.8
1285550 1624.4
1285560 1624.4
1285570 1616.2
1285580 1606.9
1285590 1606.9
1285600 1605.4
1285610 1601.3
1285620 1601.3
1285630 1597.8
1285640 1594.3
1285650 1594.3
1285660 1588.4
1285670 1582.9
1285680 1578.0
1285690 1578.0
1285700 1572.8
1285710 1568.8
1285720 1568.8
1285730 1566.4
1285740 1562.6
1285750 1562.6
1285760 1558.1
1285770 1554.0
1285780 1554.0
1285790 1549.4
1285800 1545.0
1285810 1545.0
1285820 1541.6
1285830 1539.1
1285840 1539.1
1285850 1536.5
1285860 1534.3
1285870 1534.3
1285880 1531.8
1285890 1529.1
1285900 1529.1
1285910 1526.8
1285920 1523.5
1285930 1523.5
1285940 1520.2
1285950 1516.7
1285960 1516.7
1285970 1513.0
1285980 1509.4
1285990 1506.7
1286000 1506.7
1286010 1505.7
1286020 1505.4
1286030 1505.4
1286040 1505.0
1286050 1503.7
1286060 1503.7
1286070 1502.6
1286080 1502.2
1286090 1502.2
1286100 1504.7
1286110 1505.7
1286120 1499.5
1286130 1498.8
1286140 1498.5
1286150 1498.5
1286160 1497.4
1286170 1495.6
1286180 1495.6
1286190 1494.9
1286200 1494.0
1286210 1494.0
1286220 1491.3
1286230 1488.7
1286240 1488.7
1286250 1488.6
1286260 1494.6
1286270 1494.6
1286280 1501.3
1286290 1503.7
1286300 1508.3
1286310 1508.3
1286320 1515.1
1286330 1521.8
1286340 1521.8
1286350 1529.8
1286360 1532.5
1286370 1532.5
1286380 1526.8
1286390 1522.0
1286400 1522.0
1286410 1518.5
1286420 1512.1
1286430 1512.1
1286440 1506.3
1286450 1505.9
1286460 1505.9
1286470 1502.5
1286480 1494.8
1286490 1494.8
1286500 1490.8
1286510 1485.7
1286520 1485.7
1286530 1479.5
1286540 1475.8
1286550 1475.8
1286560 1473.3
1286570 1471.9
1286580 1470.7
1286590 1470.7
1286600 1462.6
1286610 1453.4
1286620 1453.4
1286630 1447.8
1286640 1444.0
1286650 1444.0
1286660 1440.7
1286670 1436.5
1286680 1436.5
1286690 1430.3
1286700 1421.8
1286710 1421.8
1286720 1411.5
1286730 1396.6
1286740 1396.6
1286750 1383.9
1286760 1375.0
1286770 1375.0
1286780 1366.6
1286790 1359.6
1286800 1359.6
1286810 1352.6
1286820 1345.5
1286830 1345.5
1286840 1340.3
1286850 1337.1
1286860 1337.1
1286870 1333.8
1286880 1330.0
1286890 1325.2
1286900 1325.2
1286910 1320.6
1286920 1318.2
1286930 1318.2
1286940 1314.1
1286950 1307.6
1286960 1307.6
1286970 1301.1
1286980 1295.0
1286990 1295.0
1287000 1289.3
1287010 1283.7
1287020 1283.7
1287030 1278.1
1287040 1272.7
1287050 1272.7
1287060 1267.7
1287070 1262.7
1287080 1262.7
1287090 1257.5
1287100 1252.1
1287110 1252.1
1287120 1246.9
1287130 1242.1
1287140 1242.1
1287150 1237.5
1287160 1232.9
1287170 1232.9
1287180 1228.4
1287190 1224.1
1287200 1219.9
1287210 1219.9
1287220 1215.8
1287230 1211.4
1287240 1211.4
1287250 1207.0
1287260 1203.1
1287270 1203.1
1287280 1199.6
1287290 1195.8
1287300 1195.8
1287310 1192.2
1287320 1190.3
1287330 1190.3
1287340 1188.2
1287350 1186.4
1287360 1186.4
1287370 1186.1
1287380 1185.0
1287390 1185.0
1287400 1184.4
1287410 1184.6
1287420 1184.6
1287430 1184.5
1287440 1184.1
1287450 1184.1
1287460 1183.9
1287470 1183.3
1287480 1183.3
1287490 1182.8
1287500 1182.5
1287510 1182.4
1287520 1182.4
1287530 1182.4
1287540 1182.7
1287550 1182.7
1287560 1182.9
1287570 1183.2
1287580 1183.2
1287590 1183.2
1287600 1183.1
1287610 1183.1
1287620 1182.8
1287630 1182.7
1287640 1182.7
1287650 1182.6
1287660 1182.5
1287670 1182.5
1287680 1182.4
1287690 1182.5
1287700 1182.5
1287710 1182.6
1287720 1182.7
1287730 1182.7
1287740 1182.6
1287750 1182.5
1287760 1182.5
1287770 1182.5
1287780 1182.6
1287790 1182.6
1287800 1182.7
1287810 1182.0
1287820 1181.0
1287830 1181.0
1287840 1179.8
1287850 1179.5
1287860 1179.5
1287870 1179.7
1287880 1179.9
1287890 1179.9
1287900 1180.2
1287910 1181.2
1287920 1181.2
1287930 1181.1
1287940 1180.7
1287950 1180.7
1287960 1181.3
1287970 1184.2
1287980 1184.2
1287990 1187.5
1288000 1191.6
1288010 1191.6
1288020 1195.0
1288030 1200.2
1288040 1200.2
1288050 1205.2
1288060 1213.1
1288070 1213.1
1288080 1216.6
1288090 1218.3
1288100 1218.3
1288110 1220.4
1288120 1222.5
1288130 1223.8
1288140 1223.8
1288150 1224.6
1288160 1226.9
1288170 1226.9
1288180 1230.0
1288190 1232.5
1288200 1232.5
1288210 1235.3
1288220 1238.0
1288230 1238.0
1288240 1240.1
1288250 1241.7
1288260 1241.7
1288270 1243.7
1288280 1244.0
1288290 1244.0
1288300 1245.2
1288310 1247.9
1288320 1247.9
1288330 1255.2
1288340 1291.2
1288350 1291.2
1288360 1334.2
1288370 1349.1
1288380 1349.1
1288390 1361.3
1288400 1388.5
1288410 1438.7
1288420 1438.7
1288430 1472.6
1288440 1501.9
1288450 1501.9
1288460 1522.9
1288470 1539.6
1288480 1539.6
1288490 1554.0
1288500 1568.4
1288510 1568.4
1288520 1581.2
1288530 1592.4
1288540 1592.4
1288550 1605.3
1288560 1617.2
1288570 1617.2
1288580 1625.3
1288590 1635.9
1288600 1635.9
1288610 1642.1
1288620 1646.8
1288630 1646.8
1288640 1651.3
1288650 1655.4
1288660 1655.4
1288670 1659.0
1288680 1663.6
1288690 1663.6
1288700 1667.7
1288710 1664.1
1288720 1681.1
1288730 1681.1
1288740 1745.2
1288750 1766.7
1288760 1766.7
1288770 1772.1
1288780 1776.4
1288790 1776.4
1288800 1779.9
1288810 1783.1
1288820 1783.1
1288830 1787.0
1288840 1791.0
1288850 1791.0
1288860 1795.1
1288870 1799.2
1288880 1799.2
1288890 1803.9
1288900 1809.0
1288910 1809.0
1288920 1814.0
1288930 1819.5
1288940 1819.5
1288950 1824.9
1288960 1829.8
1288970 1829.8
1288980 1835.2
1288990 1841.4
1289000 1841.4
1289010 1846.9
1289020 1853.4
1289030 1859.2
1289040 1859.2
1289050 1865.1
1289060 1872.4
1289070 1872.4
1289080 1879.0
1289090 1885.7
1289100 1885.7
1289110 1892.5
1289120 1898.8
1289130 1898.8
1289140 1905.0
1289150 1912.0
1289160 1912.0
1289170 1919.5
1289180 1926.1
1289190 1926.1
1289200 1932.4
1289210 1938.3
1289220 1938.3
1289230 1942.9
1289240 1946.5
1289250 1946.5
1289260 1948.9
1289270 1950.8
1289280 1950.8
1289290 1952.2
1289300 1951.9
1289310 1951.9
1289320 1951.6
1289330 1948.2
1289340 1941.2
1289350 1941.2
1289360 1934.2
1289370 1926.2
1289380 1926.2
1289390 1919.6
1289400 1912.5
1289410 1912.5
1289420 1905.4
1289430 1898.7
1289440 1898.7
1289450 1891.4
1289460 1884.6
1289470 1884.6
1289480 1878.7
1289490 1873.7
1289500 1873.7
1289510 1868.0
1289520 1862.1
1289530 1862.1
1289540 1856.3
1289550 1851.0
1289560 1851.0
1289570 1846.1
1289580 1841.0
1289590 1841.0
1289600 1836.6
1289610 1833.0
1289620 1833.0
1289630 1829.5
1289640 1826.2
1289650 1823.4
1289660 1823.4
1289670 1821.3
1289680 1819.6
1289690 1819.6
1289700 1818.7
1289710 1817.7
1289720 1817.7
1289730 1816.8
1289740 1815.6
1289750 1815.6
1289760 1814.4
1289770 1813.4
1289780 1813.4
1289790 1813.2
1289800 1812.6
1289810 1812.6
1289820 1811.9
1289830 1811.9
1289840 1811.9
1289850 1811.3
1289860 1810.8
1289870 1810.8
1289880 1811.2
1289890 1811.7
1289900 1811.7
1289910 1811.7
1289920 1811.9
1289930 1812.2
1289940 1812.2
1289950 1812.2
1289960 1811.5
1289970 1811.5
1289980 1811.6
1289990 1812.2
1290000 1812.2
1290010 1812.7
1290020 1818.0
1290030 1818.0
1290040 1818.9
1290050 1819.6
1290060 1819.6
1290070 1818.8
1290080 1821.2
1290090 1821.2
1290100 1825.6
1290110 1829.0
1290120 1829.0
1290130 1832.4
1290140 1835.0
1290150 1835.0
1290160 1836.4
1290170 1837.7
1290180 1837.7
1290190 1838.9
1290200 1841.9
1290210 1841.9
1290220 1844.2
1290230 1846.6
1290240 1849.4
1290250 1849.4
1290260 1852.6
1290270 1856.6
1290280 1856.6
1290290 1860.9
1290300 1865.0
1290310 1865.0
1290320 1868.7
1290330 1872.0
1290340 1872.0
1290350 1874.9
1290360 1877.6
1290370 1877.6
1290380 1879.3
1290390 1880.8
1290400 1880.8
1290410 1882.7
1290420 1885.7
1290430 1885.7
1290440 1888.7
1290450 1892.3
1290460 1892.3
1290470 1895.7
1290480 1898.1
1290490 1898.1
1290500 1900.4
1290510 1903.9
1290520 1903.9
1290530 1909.1
1290540 1912.9
1290550 1913.3
1290560 1913.3
1290570 1914.0
1290580 1922.1
1290590 1922.1
1290600 1930.8
1290610 1936.6
1290620 1936.6
1290630 1941.7
1290640 1947.3
1290650 1947.3
1290660 1953.3
1290670 1954.0
1290680 1954.0
1290690 1959.9
1290700 1962.8
1290710 1962.8
1290720 1961.9
1290730 1960.9
1290740 1960.9
1290750 1960.3
1290760 1959.0
1290770 1959.0
1290780 1957.5
1290790 1953.7
1290800 1953.7
1290810 1947.8
1290820 1945.4
1290830 1945.4
1290840 1941.9
1290850 1939.5
1290860 1938.8
1290870 1938.8
1290880 1940.2
1290890 1943.0
1290900 1943.0
1290910 1945.6
1290920 1945.1
1290930 1945.1
1290940 1945.1
1290950 1945.9
1290960 1945.9
1290970 1946.2
1290980 1941.1
1290990 1941.1
1291000 1933.1
1291010 1922.2
1291020 1922.2
1291030 1913.7
1291040 1906.3
1291050 1906.3
1291060 1899.4
1291070 1893.0
1291080 1893.0
1291090 1887.2
1291100 1881.7
1291110 1881.7
1291120 1874.9
1291130 1867.4
1291140 1867.4
1291150 1861.5
1291160 1855.3
1291170 1850.1
1291180 1850.1
1291190 1847.7
1291200 1845.7
1291210 1845.7
1291220 1842.8
1291230 1840.9
1291240 1840.9
1291250 1836.0
1291260 1826.6
1291270 1826.6
1291280 1818.1
1291290 1815.7
1291300 1815.7
1291310 1820.5
1291320 1823.4
1291330 1817.4
1291340 1821.5
1291350 1824.0
1291360 1824.0
1291370 1828.0
1291380 1831.0
1291390 1831.0
1291400 1833.8
1291410 1837.7
1291420 1837.7
1291430 1835.3
1291440 1826.6
1291450 1817.1
1291460 1817.1
1291470 1809.2
1291480 1803.3
1291490 1803.3
1291500 1797.6
1291510 1791.7
1291520 1791.7
1291530 1786.6
1291540 1782.8
1291550 1782.8
1291560 1778.1
1291570 1773.4
1291580 1773.4
1291590 1769.0
1291600 1764.8
1291610 1764.8
1291620 1760.1
1291630 1755.2
1291640 1755.2
1291650 1750.3
1291660 1744.7
1291670 1744.7
1291680 1739.7
1291690 1736.6
1291700 1736.6
1291710 1732.5
1291720 1727.5
1291730 1727.5
1291740 1722.5
1291750 1718.6
1291760 1719.1
1291770 1719.1
1291780 1729.4
1291790 1742.0
1291800 1742.0
1291810 1747.7
1291820 1751.7
1291830 1751.7
1291840 1752.4
1291850 1749.6
1291860 1749.6
1291870 1748.2
1291880 1751.0
1291890 1751.0
1291900 1749.2
1291910 1747.1
1291920 1747.1
1291930 1746.4
1291940 1744.5
1291950 1744.5
1291960 1743.4
1291970 1746.5
1291980 1746.5
1291990 1752.9
1292000 1717.4
1292010 1717.4
1292020 1721.4
1292030 1727.3
1292040 1727.3
1292050 1730.9
1292060 1731.0
1292070 1728.7
1292080 1728.7
1292090 1722.3
1292100 1697.9
1292110 1697.9
1292120 1683.2
1292130 1678.6
1292140 1678.6
1292150 1680.2
1292160 1682.8
1292170 1682.8
1292180 1684.0
1292190 1684.3
1292200 1684.3
1292210 1684.9
1292220 1685.3
1292230 1685.3
1292240 1684.8
1292250 1684.4
1292260 1684.4
1292270 1683.6
1292280 1683.4
1292290 1683.4
1292300 1683.5
1292310 1683.7
1292320 1683.7
1292330 1685.0
1292340 1686.3
1292350 1686.3
1292360 1687.4
1292370 1688.5
1292380 1688.4
1292390 1688.4
1292400 1690.1
1292410 1692.8
1292420 1692.8
1292430 1695.1
1292440 1696.5
1292450 1696.5
1292460 1699.1
1292470 1704.1
1292480 1704.1
1292490 1710.6
1292500 1716.1
1292510 1716.1
1292520 1721.9
1292530 1724.9
1292540 1724.9
1292550 1721.9
1292560 1714.6
1292570 1714.6
1292580 1704.8
1292590 1697.0
1292600 1697.0
1292610 1693.9
1292620 1691.0
1292630 1691.0
1292640 1689.8
1292650 1689.7
1292660 1695.9
1292670 1694.0
1292680 1686.7
1292690 1672.4
1292700 1672.4
1292710 1668.2
1292720 1668.5
1292730 1668.5
1292740 1662.9
1292750 1655.5
1292760 1655.5
1292770 1646.0
1292780 1633.4
1292790 1633.4
1292800 1618.8
1292810 1602.5
1292820 1602.5
1292830 1590.7
1292840 1586.2
1292850 1586.2
1292860 1582.2
1292870 1575.2
1292880 1575.2
1292890 1562.8
1292900 1552.6
1292910 1552.6
1292920 1540.3
1292930 1522.2
1292940 1522.2
1292950 1501.0
1292960 1485.1
1292970 1473.5
1292980 1473.5
1292990 1458.5
1293000 1445.7
1293010 1445.7
1293020 1431.8
1293030 1412.7
1293040 1412.7
1293050 1402.4
1293060 1394.5
1293070 1394.5
1293080 1394.0
1293090 1393.7
1293100 1393.7
1293110 1390.2
1293120 1377.6
1293130 1377.6
1293140 1355.7
1293150 1348.3
1293160 1348.3
1293170 1341.8
1293180 1334.3
1293190 1334.3
1293200 1325.8
1293210 1317.4
1293220 1317.4
1293230 1305.9
1293240 1299.9
1293250 1299.9
1293260 1298.2
1293270 1294.6
1293280 1290.1
1293290 1290.1
1293300 1285.7
1293310 1281.1
1293320 1281.1
1293330 1270.4
1293340 1266.0
1293350 1266.0
1293360 1261.3
1293370 1256.5
1293380 1256.5
1293390 1251.3
1293400 1245.8
1293410 1245.8
1293420 1240.6
1293430 1235.7
1293440 1235.7
1293450 1233.6
1293460 1233.2
1293470 1233.2
1293480 1233.3
1293490 1233.0
1293500 1233.0
1293510 1233.0
1293520 1233.4
1293530 1233.4
1293540 1234.0
1293550 1233.1
1293560 1233.1
1293570 1231.7
1293580 1231.2
1293590 1230.9
1293600 1230.9
1293610 1230.4
1293620 1230.6
1293630 1230.6
1293640 1231.3
1293650 1232.0
1293660 1232.0
1293670 1232.4
1293680 1232.7
1293690 1232.7
1293700 1233.1
1293710 1233.9
1293720 1233.9
1293730 1234.4
1293740 1235.2
1293750 1235.2
1293760 1236.1
1293770 1237.1
1293780 1237.1
1293790 1237.6
1293800 1237.4
1293810 1237.4
1293820 1237.4
1293830 1238.2
1293840 1238.2
1293850 1238.5
1293860 1237.8
1293870 1237.8
1293880 1237.6
1293890 1237.5
1293900 1238.1
1293910 1238.1
1293920 1238.5
1293930 1239.0
1293940 1239.0
1293950 1239.7
1293960 1240.5
1293970 1240.5
1293980 1241.0
1293990 1241.5
1294000 1242.5
1294010 1242.7
1294020 1244.2
1294030 1244.2
1294040 1243.2
1294050 1242.8
1294060 1242.8
1294070 1243.3
1294080 1243.7
1294090 1243.7
1294100 1244.5
1294110 1244.6
1294120 1244.6
1294130 1245.1
1294140 1245.3
1294150 1245.3
1294160 1245.4
1294170 1245.1
1294180 1245.1
1294190 1244.8
1294200 1244.6
1294210 1244.4
1294220 1244.4
1294230 1244.1
1294240 1243.9
1294250 1243.9
1294260 1243.5
1294270 1243.1
1294280 1243.1
1294290 1242.9
1294300 1242.1
1294310 1242.1
1294320 1242.1
1294330 1242.8
1294340 1242.8
1294350 1243.0
1294360 1243.5
1294370 1243.5
1294380 1246.4
1294390 1251.0
1294400 1251.0
1294410 1257.2
1294420 1264.3
1294430 1264.3
1294440 1270.1
1294450 1274.3
1294460 1274.3
1294470 1278.9
1294480 1283.7
1294490 1289.2
1294500 1289.2
1294510 1295.3
1294520 1301.3
1294530 1301.3
1294540 1307.4
1294550 1311.9
1294560 1311.9
1294570 1318.0
1294580 1324.9
1294590 1324.9
1294600 1329.6
1294610 1330.7
1294620 1330.7
1294630 1333.3
1294640 1337.9
1294650 1337.9
1294660 1344.6
1294670 1349.8
1294680 1349.8
1294690 1359.4
1294700 1366.7
1294710 1366.7
1294720 1373.8
1294730 1377.4
1294740 1377.4
1294750 1385.9
1294760 1394.3
1294770 1394.3
1294780 1402.9
1294790 1412.6
1294800 1423.0
1294810 1423.0
1294820 1431.5
1294830 1437.0
1294840 1437.0
1294850 1442.2
1294860 1450.0
1294870 1450.0
1294880 1455.9
1294890 1448.7
1294900 1448.7
1294910 1448.5
1294920 1458.8
1294930 1458.8
1294940 1466.8
1294950 1475.7
1294960 1475.7
1294970 1479.9
1294980 1480.5
1294990 1480.5
1295000 1483.7
1295010 1481.9
1295020 1481.9
1295030 1493.5
1295040 1506.1
1295050 1506.1
1295060 1518.5
1295070 1524.9
1295080 1524.9
1295090 1527.6
1295100 1535.0
1295110 1540.2
1295120 1540.2
1295130 1545.2
1295140 1548.9
1295150 1548.9
1295160 1557.1
1295170 1564.6
1295180 1564.6
1295190 1567.5
1295200 1570.5
1295210 1570.5
1295220 1571.8
1295230 1573.2
1295240 1573.2
1295250 1580.1
1295260 1588.3
1295270 1588.3
1295280 1596.8
1295290 1608.4
1295300 1608.4
1295310 1616.2
1295320 1624.9
1295330 1624.9
1295340 1640.6
1295350 1653.3
1295360 1653.3
1295370 1661.7
1295380 1671.2
1295390 1671.2
1295400 1684.9
1295410 1706.2
1295420 1720.6
1295430 1720.6
1295440 1738.7
1295450 1749.6
1295460 1749.6
1295470 1758.2
1295480 1772.4
1295490 1772.4
1295500 1794.1
1295510 1819.7
1295520 1819.7
1295530 1841.1
1295540 1852.2
1295550 1852.2
1295560 1865.0
1295570 1873.1
1295580 1873.1
1295590 1875.1
1295600 1878.7
1295610 1878.7
1295620 1881.8
1295630 1886.8
1295640 1886.8
1295650 1889.6
1295660 1885.5
1295670 1885.5
1295680 1878.3
1295690 1878.6
1295700 1878.6
1295710 1881.6
1295720 1883.3
1295730 1881.8
1295740 1881.8
1295750 1884.4
1295760 1881.1
1295770 1881.1
1295780 1878.4
1295790 1882.3
1295800 1882.3
1295810 1886.7
1295820 1890.9
1295830 1890.9
1295840 1893.8
1295850 1886.7
1295860 1886.7
1295870 1886.7
1295880 1893.3
1295890 1893.3
1295900 1899.2
1295910 1905.4
1295920 1905.4
1295930 1913.7
1295940 1923.7
1295950 1923.7
1295960 1936.1
1295970 1927.7
1295980 1927.7
1295990 1915.7
1296000 1907.7
1296010 1910.2
1296020 1910.2
1296030 1911.6
1296040 1908.1
1296050 1908.1
1296060 1906.3
1296070 1905.0
1296080 1905.0
1296090 1903.8
1296100 1901.8
1296110 1901.8
1296120 1899.9
1296130 1898.2
1296140 1898.2
1296150 1897.4
1296160 1898.7
1296170 1898.7
1296180 1897.2
1296190 1899.7
1296200 1899.7
1296210 1905.0
1296220 1909.5
1296230 1909.5
1296240 1913.5
1296250 1919.3
1296260 1919.3
1296270 1924.9
1296280 1932.0
1296290 1932.0
1296300 1931.4
1296310 1937.2
1296320 1938.0
1296330 1938.0
1296340 1943.6
1296350 1951.7
1296360 1951.7
1296370 1953.0
1296380 1951.7
1296390 1951.7
1296400 1957.1
1296410 1964.7
1296420 1964.7
1296430 1972.3
1296440 1981.5
1296450 1981.5
1296460 1992.5
1296470 2004.4
1296480 2004.4
1296490 2011.9
1296500 2011.6
1296510 2011.6
1296520 2011.4
1296530 2011.7
1296540 2011.7
1296550 2012.6
1296560 2013.4
1296570 2013.4
1296580 2013.2
1296590 2012.5
1296600 2012.5
1296610 2011.2
1296620 2007.3
1296630 2004.5
1296640 2004.5
1296650 2003.2
1296660 2003.9
1296670 2003.9
1296680 2002.7
1296690 2007.8
1296700 2007.8
1296710 2001.1
1296720 1994.4
1296730 1994.4
1296740 1992.0
1296750 1988.7
1296760 1988.7
1296770 1984.4
1296780 1979.5
1296790 1979.5
1296800 1975.9
1296810 1973.8
1296820 1973.8
1296830 1972.2
1296840 1970.7
1296850 1970.7
1296860 1969.1
1296870 1966.0
1296880 1966.0
1296890 1962.6
1296900 1959.5
1296910 1959.5
1296920 1956.5
1296930 1954.8
1296940 1954.3
1296950 1954.3
1296960 1952.7
1296970 1950.9
1296980 1950.9
1296990 1946.8
1297000 1941.6
1297010 1941.6
1297020 1934.3
1297030 1926.8
1297040 1926.8
1297050 1919.7
1297060 1914.1
1297070 1914.1
1297080 1909.3
1297090 1904.0
1297100 1904.0
1297110 1897.6
1297120 1891.0
1297130 1891.0
1297140 1886.3
1297150 1883.1
1297160 1883.1
1297170 1879.4
1297180 1876.4
1297190 1876.4
1297200 1874.7
1297210 1871.0
1297220 1871.0
1297230 1867.9
1297240 1865.4
1297250 1863.2
1297260 1863.2
1297270 1861.9
1297280 1861.9
1297290 1861.9
1297300 1863.3
1297310 1866.3
1297320 1866.3
1297330 1871.7
1297340 1883.4
1297350 1883.4
1297360 1887.1
1297370 1885.7
1297380 1885.7
1297390 1885.8
1297400 1886.1
1297410 1886.1
1297420 1889.5
1297430 1896.8
1297440 1896.8
1297450 1904.2
1297460 1907.6
1297470 1907.6
1297480 1899.3
1297490 1892.3
1297500 1892.3
1297510 1886.6
1297520 1881.6
1297530 1878.1
1297540 1878.1
1297550 1874.9
1297560 1863.0
1297570 1863.0
1297580 1848.2
1297590 1839.2
1297600 1839.2
1297610 1831.0
1297620 1823.4
1297630 1823.4
1297640 1816.0
1297650 1812.7
1297660 1812.7
1297670 1809.0
1297680 1804.8
1297690 1804.8
1297700 1802.7
1297710 1798.2
1297720 1798.2
1297730 1795.2
1297740 1793.4
1297750 1793.4
1297760 1790.1
1297770 1784.5
1297780 1784.5
1297790 1777.9
1297800 1770.8
1297810 1770.8
1297820 1765.9
1297830 1758.6
1297840 1750.5
1297850 1750.5
1297860 1744.0
1297870 1739.9
1297880 1739.9
1297890 1737.9
1297900 1732.2
1297910 1732.2
1297920 1726.9
1297930 1721.3
1297940 1721.3
1297950 1716.0
1297960 1708.1
1297970 1708.1
1297980 1704.5
1297990 1700.4
1298000 1700.4
1298010 1690.0
1298020 1683.9
1298030 1683.9
1298040 1681.2
1298050 1689.3
1298060 1689.3
1298070 1689.9
1298080 1694.7
1298090 1694.7
1298100 1701.0
1298110 1713.8
1298120 1713.8
1298130 1716.2
1298140 1714.6
1298150 1713.8
1298160 1713.8
1298170 1712.4
1298180 1708.4
1298190 1708.4
1298200 1710.8
1298210 1719.7
1298220 1719.7
1298230 1720.0
1298240 1727.1
1298250 1727.1
1298260 1734.7
1298270 1737.8
1298280 1737.8
1298290 1734.7
1298300 1730.2
1298310 1730.2
1298320 1730.0
1298330 1734.3
1298340 1734.3
1298350 1738.4
1298360 1733.2
1298370 1733.2
1298380 1732.0
1298390 1729.5
1298400 1729.5
1298410 1728.8
1298420 1720.1
1298430 1720.1
1298440 1716.7
1298450 1713.4
1298460 1709.1
1298470 1709.1
1298480 1701.9
1298490 1696.4
1298500 1696.4
1298510 1689.5
1298520 1687.3
1298530 1687.3
1298540 1681.9
1298550 1674.5
1298560 1674.5
1298570 1670.1
1298580 1666.8
1298590 1666.8
1298600 1665.2
1298610 1666.9
1298620 1666.9
1298630 1671.5
1298640 1673.0
1298650 1673.0
1298660 1671.8
1298670 1676.6
1298680 1676.6
1298690 1677.7
1298700 1673.1
1298710 1673.1
1298720 1669.7
1298730 1661.5
1298740 1668.7
1298750 1663.2
1298760 1656.7
1298770 1653.6
1298780 1653.6
1298790 1648.1
1298800 1644.3
1298810 1644.3
1298820 1634.3
1298830 1630.5
1298840 1630.5
1298850 1632.7
1298860 1627.9
1298870 1627.9
1298880 1624.0
1298890 1625.6
1298900 1625.6
1298910 1627.3
1298920 1632.6
1298930 1632.6
1298940 1627.5
1298950 1618.2
1298960 1618.2
1298970 1605.9
1298980 1596.0
1298990 1596.0
1299000 1587.3
1299010 1578.5
1299020 1578.5
1299030 1576.1
1299040 1579.0
1299050 1577.9
1299060 1577.9
1299070 1571.6
1299080 1566.0
1299090 1566.0
1299100 1561.7
1299110 1556.2
1299120 1556.2
1299130 1548.8
1299140 1541.8
1299150 1541.8
1299160 1529.2
1299170 1518.0
1299180 1518.0
1299190 1508.0
1299200 1505.2
1299210 1505.2
1299220 1500.8
1299230 1496.1
1299240 1496.1
1299250 1489.9
1299260 1479.3
1299270 1479.3
1299280 1474.6
1299290 1471.0
1299300 1471.0
1299310 1466.1
1299320 1459.8
1299330 1459.8
1299340 1445.9
1299350 1447.6
1299360 1453.6
1299370 1453.6
1299380 1458.8
1299390 1460.1
1299400 1460.1
1299410 1464.8
1299420 1472.6
1299430 1473.8
1299440 1480.6
1299450 1491.4
1299460 1491.4
1299470 1495.6
1299480 1494.8
1299490 1494.8
1299500 1497.6
1299510 1496.2
1299520 1496.2
1299530 1495.7
1299540 1494.4
1299550 1494.4
1299560 1493.1
1299570 1490.3
1299580 1490.3
1299590 1487.9
1299600 1485.7
1299610 1485.7
1299620 1483.0
1299630 1481.5
1299640 1481.5
1299650 1476.2
1299660 1469.3
1299670 1462.4
1299680 1462.4
1299690 1456.7
1299700 1448.2
1299710 1448.2
1299720 1429.8
1299730 1404.3
1299740 1404.3
1299750 1387.3
1299760 1377.0
1299770 1377.0
1299780 1376.6
1299790 1378.4
1299800 1378.4
1299810 1376.3
1299820 1374.8
1299830 1374.8
1299840 1371.8
1299850 1369.4
1299860 1369.4
1299870 1371.9
1299880 1381.5
1299890 1381.5
1299900 1391.5
1299910 1402.4
1299920 1402.4
1299930 1406.4
1299940 1422.8
1299950 1422.8
1299960 1448.9
1299970 1465.4
1299980 1476.4
1299990 1476.4
