1280000 1647.1
1280010 1647.1
1280020 1652.0
1280030 1656.9
1280040 1656.9
1280050 1662.0
1280060 1667.2
1280070 1667.2
1280080 1672.6
1280090 1678.2
1280100 1678.2
1280110 1683.9
1280120 1689.4
1280130 1689.4
1280140 1694.3
1280150 1699.4
1280160 1699.4
1280170 1704.8
1280180 1710.4
1280190 1710.4
1280200 1716.1
1280210 1722.9
1280220 1722.9
1280230 1730.0
1280240 1736.5
1280250 1743.4
1280260 1743.4
1280270 1750.6
1280280 1757.6
1280290 1757.6
1280300 1763.9
1280310 1769.7
1280320 1769.7
1280330 1775.4
1280340 1782.2
1280350 1782.2
1280360 1789.4
1280370 1796.1
1280380 1796.1
1280390 1803.3
1280400 1811.1
1280410 1811.1
1280420 1818.3
1280430 1825.8
1280440 1825.8
1280450 1833.0
1280460 1840.3
1280470 1840.3
1280480 1847.8
1280490 1854.9
1280500 1854.9
1280510 1861.9
1280520 1869.4
1280530 1869.4
1280540 1876.6
1280550 1883.9
1280560 1891.4
1280570 1891.4
1280580 1898.8
1280590 1906.5
1280600 1906.5
1280610 1914.7
1280620 1923.3
1280630 1923.3
1280640 1931.9
1280650 1940.0
1280660 1940.0
1280670 1948.6
1280680 1956.7
1280690 1956.7
1280700 1965.1
1280710 1973.6
1280720 1973.6
1280730 1981.5
1280740 1987.0
1280750 1987.0
1280760 1993.7
1280770 2000.0
1280780 2000.0
1280790 2005.6
1280800 2009.7
1280810 2009.7
1280820 2012.5
1280830 2014.6
1280840 2016.9
1280850 2016.9
1280860 2019.0
1280870 2020.3
1280880 2020.3
1280890 2021.0
1280900 2021.1
1280910 2021.1
1280920 2020.4
1280930 2020.7
1280940 2020.7
1280950 2019.4
1280960 2018.4
1280970 2018.4
1280980 2018.7
1280990 2014.0
1281000 2014.0
1281010 2004.3
1281020 1999.0
1281030 1999.0
1281040 1995.2
1281050 1986.9
1281060 1986.9
1281070 1975.1
1281080 1969.0
1281090 1969.0
1281100 1966.0
1281110 1962.7
1281120 1962.7
1281130 1960.2
1281140 1954.7
1281150 1946.7
1281160 1946.7
1281170 1945.6
1281180 1945.6
1281190 1945.6
1281200 1943.8
1281210 1941.3
1281220 1941.3
1281230 1937.0
1281240 1927.0
1281250 1927.0
1281260 1916.0
1281270 1907.1
1281280 1907.1
1281290 1901.9
1281300 1899.6
1281310 1899.6
1281320 1891.1
1281330 1880.1
1281340 1880.1
1281350 1871.7
1281360 1859.6
1281370 1856.7
1281380 1820.4
1281390 1748.7
1281400 1748.7
1281410 1725.9
1281420 1710.1
1281430 1710.1
1281440 1704.7
1281450 1699.7
1281460 1693.5
1281470 1693.5
1281480 1685.3
1281490 1671.8
1281500 1671.8
1281510 1661.3
1281520 1653.6
1281530 1653.6
1281540 1639.4
1281550 1630.2
1281560 1630.2
1281570 1622.3
1281580 1618.7
1281590 1618.7
1281600 1616.7
1281610 1612.1
1281620 1612.1
1281630 1605.0
1281640 1602.3
1281650 1602.3
1281660 1600.1
1281670 1594.6
1281680 1594.6
1281690 1591.4
1281700 1593.3
1281710 1593.3
1281720 1598.5
1281730 1602.4
1281740 1602.4
1281750 1604.4
1281760 1603.5
1281770 1552.3
1281780 1552.3
1281790 1498.9
1281800 1478.5
1281810 1478.5
1281820 1471.5
1281830 1466.6
1281840 1466.6
1281850 1462.1
1281860 1457.6
1281870 1457.6
1281880 1453.1
1281890 1449.0
1281900 1449.0
1281910 1444.6
1281920 1439.4
1281930 1439.4
1281940 1434.4
1281950 1429.4
1281960 1429.4
1281970 1424.7
1281980 1420.4
1281990 1420.4
1282000 1417.0
1282010 1413.0
1282020 1413.0
1282030 1407.6
1282040 1404.5
1282050 1404.5
1282060 1400.6
1282070 1400.1
1282080 1402.9
1282090 1402.9
1282100 1406.2
1282110 1409.7
1282120 1409.7
1282130 1411.5
1282140 1412.4
1282150 1412.4
1282160 1413.5
1282170 1414.7
1282180 1414.7
1282190 1415.5
1282200 1415.7
1282210 1415.7
1282220 1416.0
1282230 1417.5
1282240 1417.5
1282250 1418.9
1282260 1419.3
1282270 1419.3
1282280 1420.1
1282290 1419.9
1282300 1419.9
1282310 1420.8
1282320 1421.9
1282330 1421.9
1282340 1422.7
1282350 1422.7
1282360 1422.7
1282370 1422.3
1282380 1423.0
1282390 1423.4
1282400 1423.4
1282410 1423.6
1282420 1424.1
1282430 1424.1
1282440 1425.1
1282450 1424.9
1282460 1424.9
1282470 1424.6
1282480 1424.7
1282490 1424.7
1282500 1423.4
1282510 1424.7
1282520 1424.7
1282530 1426.0
1282540 1426.1
1282550 1426.1
1282560 1425.9
1282570 1425.7
1282580 1425.7
1282590 1424.8
1282600 1423.5
1282610 1423.5
1282620 1424.2
1282630 1431.6
1282640 1431.6
1282650 1438.2
1282660 1444.6
1282670 1444.6
1282680 1451.1
1282690 1457.5
1282700 1463.8
1282710 1463.8
1282720 1470.7
1282730 1477.6
1282740 1477.6
1282750 1484.0
1282760 1489.4
1282770 1489.4
1282780 1495.5
1282790 1502.9
1282800 1502.9
1282810 1511.5
1282820 1519.5
1282830 1519.5
1282840 1527.0
1282850 1531.1
1282860 1531.1
1282870 1536.9
1282880 1543.9
1282890 1543.9
1282900 1545.9
1282910 1547.1
1282920 1547.1
1282930 1550.7
1282940 1556.9
1282950 1556.9
1282960 1563.5
1282970 1569.9
1282980 1576.5
1282990 1576.5
1283000 1580.9
1283010 1584.7
1283020 1584.7
1283030 1588.3
1283040 1592.0
1283050 1592.0
1283060 1596.7
1283070 1602.0
1283080 1602.0
1283090 1604.7
1283100 1605.5
1283110 1605.5
1283120 1610.5
1283130 1619.1
1283140 1619.1
1283150 1626.2
1283160 1632.4
1283170 1632.4
1283180 1638.9
1283190 1645.2
1283200 1645.2
1283210 1650.4
1283220 1654.8
1283230 1654.8
1283240 1658.6
1283250 1662.0
1283260 1665.9
1283270 1667.6
1283280 1671.2
1283290 1676.2
1283300 1676.2
1283310 1681.1
1283320 1685.3
1283330 1685.3
1283340 1689.0
1283350 1691.5
1283360 1691.5
1283370 1693.0
1283380 1692.6
1283390 1692.6
1283400 1690.8
1283410 1689.3
1283420 1689.3
1283430 1688.0
1283440 1685.4
1283450 1685.4
1283460 1687.3
1283470 1697.3
1283480 1697.3
1283490 1709.4
1283500 1718.4
1283510 1718.4
1283520 1725.6
1283530 1731.7
1283540 1731.7
1283550 1738.3
1283560 1744.4
1283570 1744.4
1283580 1750.6
1283590 1756.9
1283600 1763.2
1283610 1763.2
1283620 1769.3
1283630 1775.2
1283640 1775.2
1283650 1781.4
1283660 1788.1
1283670 1788.1
1283680 1794.2
1283690 1800.2
1283700 1800.2
1283710 1807.0
1283720 1815.4
1283730 1815.4
1283740 1828.9
1283750 1842.0
1283760 1842.0
1283770 1846.2
1283780 1845.4
1283790 1845.4
1283800 1843.7
1283810 1843.9
1283820 1843.9
1283830 1844.2
1283840 1846.0
1283850 1846.0
1283860 1847.3
1283870 1848.1
1283880 1848.1
1283890 1852.5
1283900 1858.5
1283910 1865.0
1283920 1865.0
1283930 1872.0
1283940 1879.4
1283950 1879.4
1283960 1884.7
1283970 1888.5
1283980 1888.5
1283990 1892.2
1284000 1895.7
1284010 1895.7
1284020 1898.5
1284030 1901.0
1284040 1901.0
1284050 1903.2
1284060 1905.4
1284070 1905.4
1284080 1907.5
1284090 1909.7
1284100 1909.7
1284110 1911.9
1284120 1913.8
1284130 1913.8
1284140 1915.3
1284150 1916.8
1284160 1916.8
1284170 1918.0
1284180 1919.4
1284190 1919.4
1284200 1921.5
1284210 1923.8
1284220 1929.3
1284230 1929.3
1284240 1936.0
1284250 1939.0
1284260 1939.0
1284270 1941.3
1284280 1944.2
1284290 1944.2
1284300 1945.3
1284310 1946.7
1284320 1946.7
1284330 1948.1
1284340 1951.3
1284350 1951.3
1284360 1954.5
1284370 1957.4
1284380 1957.4
1284390 1960.2
1284400 1963.1
1284410 1963.1
1284420 1965.8
1284430 1968.6
1284440 1968.6
1284450 1971.0
1284460 1973.3
1284470 1973.3
1284480 1975.6
1284490 1977.4
1284500 1977.4
1284510 1979.0
1284520 1980.2
1284530 1981.6
1284540 1980.9
1284550 1982.5
1284560 1983.7
1284570 1983.7
1284580 1983.7
1284590 1983.6
1284600 1983.6
1284610 1982.8
1284620 1977.5
1284630 1977.5
1284640 1972.7
1284650 1967.5
1284660 1967.5
1284670 1963.7
1284680 1960.9
1284690 1960.9
1284700 1957.2
1284710 1952.3
1284720 1952.3
1284730 1949.0
1284740 1946.4
1284750 1946.4
1284760 1944.6
1284770 1943.3
1284780 1943.3
1284790 1942.4
1284800 1941.8
1284810 1941.8
1284820 1943.3
1284830 1942.9
1284840 1943.8
1284850 1943.8
1284860 1945.0
1284870 1946.3
1284880 1946.3
1284890 1947.4
1284900 1949.0
1284910 1949.0
1284920 1949.7
1284930 1950.1
1284940 1950.1
1284950 1951.2
1284960 1952.6
1284970 1952.6
1284980 1953.7
1284990 1955.5
1285000 1955.5
1285010 1957.0
1285020 1959.0
1285030 1959.0
1285040 1960.8
1285050 1962.2
1285060 1962.2
1285070 1961.5
1285080 1962.0
1285090 1962.0
1285100 1963.5
1285110 1966.0
1285120 1968.9
1285130 1968.9
1285140 1971.2
1285150 1971.6
1285160 1971.6
1285170 1971.8
1285180 1965.4
1285190 1965.4
1285200 1967.3
1285210 1968.9
1285220 1968.9
1285230 1969.7
1285240 1970.0
1285250 1970.0
1285260 1969.5
1285270 1967.8
1285280 1967.8
1285290 1962.4
1285300 1956.1
1285310 1956.1
1285320 1952.7
1285330 1949.6
1285340 1949.6
1285350 1943.0
1285360 1934.8
1285370 1934.8
1285380 1925.8
1285390 1916.9
1285400 1916.9
1285410 1909.1
1285420 1903.0
1285430 1898.7
1285440 1898.7
1285450 1895.2
1285460 1891.3
1285470 1891.3
1285480 1887.0
1285490 1882.7
1285500 1882.7
1285510 1879.0
1285520 1876.1
1285530 1876.1
1285540 1874.1
1285550 1871.4
1285560 1871.4
1285570 1868.6
1285580 1861.2
1285590 1861.2
1285600 1855.5
1285610 1860.5
1285620 1860.5
1285630 1870.0
1285640 1875.2
1285650 1875.2
1285660 1879.1
1285670 1883.0
1285680 1883.0
1285690 1886.5
1285700 1891.2
1285710 1891.2
1285720 1897.5
1285730 1905.1
1285740 1912.4
1285750 1912.4
1285760 1921.4
1285770 1931.2
1285780 1931.2
1285790 1937.1
1285800 1930.7
1285810 1930.7
1285820 1913.7
1285830 1905.3
1285840 1905.3
1285850 1899.7
1285860 1893.7
1285870 1893.7
1285880 1887.0
1285890 1880.2
1285900 1880.2
1285910 1873.9
1285920 1867.2
1285930 1867.2
1285940 1860.6
1285950 1854.1
1285960 1854.1
1285970 1847.8
1285980 1841.5
1285990 1841.5
1286000 1835.0
1286010 1828.7
1286020 1828.7
1286030 1822.9
1286040 1814.5
1286050 1805.1
1286060 1805.1
1286070 1796.6
1286080 1788.3
1286090 1788.3
1286100 1780.0
1286110 1771.6
1286120 1771.6
1286130 1763.4
1286140 1749.9
1286150 1749.9
1286160 1737.3
1286170 1734.7
1286180 1734.7
1286190 1734.2
1286200 1724.4
1286210 1724.4
1286220 1710.0
1286230 1703.3
1286240 1703.3
1286250 1700.3
1286260 1694.3
1286270 1694.3
1286280 1687.3
1286290 1684.8
1286300 1684.8
1286310 1683.2
1286320 1678.1
1286330 1678.1
1286340 1679.2
1286350 1680.4
1286360 1677.6
1286370 1677.6
1286380 1678.6
1286390 1681.2
1286400 1681.2
1286410 1683.8
1286420 1686.9
1286430 1686.9
1286440 1691.3
1286450 1696.3
1286460 1679.9
1286470 1684.2
1286480 1685.5
1286490 1685.5
1286500 1682.8
1286510 1678.2
1286520 1678.2
1286530 1673.2
1286540 1668.3
1286550 1668.3
1286560 1663.7
1286570 1661.0
1286580 1661.0
1286590 1661.7
1286600 1660.1
1286610 1660.1
1286620 1658.1
1286630 1651.2
1286640 1651.2
1286650 1641.1
1286660 1631.4
1286670 1622.1
1286680 1622.1
1286690 1613.3
1286700 1604.8
1286710 1604.8
1286720 1590.4
1286730 1573.4
1286740 1573.4
1286750 1566.2
1286760 1560.9
1286770 1560.9
1286780 1556.0
1286790 1550.6
1286800 1550.6
1286810 1536.1
1286820 1507.4
1286830 1507.4
1286840 1483.5
1286850 1468.0
1286860 1468.0
1286870 1454.6
1286880 1434.7
1286890 1434.7
1286900 1425.4
1286910 1419.0
1286920 1419.0
1286930 1415.8
1286940 1418.3
1286950 1418.3
1286960 1419.4
1286970 1421.8
1286980 1425.5
1286990 1425.5
1287000 1422.7
1287010 1413.7
1287020 1413.7
1287030 1411.1
1287040 1412.6
1287050 1412.6
1287060 1411.1
1287070 1408.1
1287080 1408.1
1287090 1409.0
1287100 1408.8
1287110 1397.6
1287120 1401.5
1287130 1402.6
1287140 1402.6
1287150 1404.2
1287160 1406.7
1287170 1406.7
1287180 1407.9
1287190 1407.4
1287200 1407.4
1287210 1405.7
1287220 1393.7
1287230 1393.7
1287240 1374.1
1287250 1354.8
1287260 1335.7
1287270 1335.7
1287280 1318.3
1287290 1310.6
1287300 1310.6
1287310 1302.6
1287320 1294.5
1287330 1294.5
1287340 1286.8
1287350 1276.4
1287360 1276.4
1287370 1256.6
1287380 1238.9
1287390 1238.9
1287400 1231.2
1287410 1225.2
1287420 1225.2
1287430 1218.2
1287440 1210.7
1287450 1210.7
1287460 1203.9
1287470 1197.9
1287480 1197.9
1287490 1192.0
1287500 1186.8
1287510 1186.8
1287520 1182.2
1287530 1178.0
1287540 1178.0
1287550 1174.3
1287560 1171.7
1287570 1170.5
1287580 1170.5
1287590 1170.3
1287600 1169.5
1287610 1169.5
1287620 1168.6
1287630 1168.1
1287640 1168.1
1287650 1168.0
1287660 1167.9
1287670 1167.9
1287680 1167.8
1287690 1167.5
1287700 1167.5
1287710 1167.5
1287720 1167.4
1287730 1167.4
1287740 1167.3
1287750 1167.6
1287760 1167.6
1287770 1167.5
1287780 1167.3
1287790 1167.3
1287800 1167.2
1287810 1166.9
1287820 1166.9
1287830 1166.8
1287840 1166.9
1287850 1166.9
1287860 1166.9
1287870 1166.6
1287880 1166.4
1287890 1166.4
1287900 1166.5
1287910 1166.6
1287920 1166.6
1287930 1166.7
1287940 1166.8
1287950 1166.8
1287960 1166.9
1287970 1167.0
1287980 1167.0
1287990 1167.0
1288000 1167.0
1288010 1167.0
1288020 1166.8
1288030 1166.8
1288040 1166.8
1288050 1166.4
1288060 1165.8
1288070 1165.8
1288080 1167.0
1288090 1166.9
1288100 1166.9
1288110 1166.8
1288120 1166.6
1288130 1166.6
1288140 1166.5
1288150 1166.3
1288160 1166.3
1288170 1166.2
1288180 1166.0
1288190 1165.9
1288200 1165.9
1288210 1165.6
1288220 1165.5
1288230 1165.5
1288240 1165.4
1288250 1165.3
1288260 1165.3
1288270 1165.0
1288280 1164.7
1288290 1164.7
1288300 1164.7
1288310 1164.7
1288320 1164.7
1288330 1164.4
1288340 1164.3
1288350 1164.3
1288360 1164.1
1288370 1163.8
1288380 1163.8
1288390 1163.6
1288400 1163.7
1288410 1163.7
1288420 1163.5
1288430 1163.6
1288440 1163.6
1288450 1163.6
1288460 1163.6
1288470 1163.6
1288480 1163.4
1288490 1163.3
1288500 1163.1
1288510 1163.1
1288520 1162.8
1288530 1163.3
1288540 1163.3
1288550 1165.9
1288560 1169.2
1288570 1169.2
1288580 1173.6
1288590 1179.2
1288600 1179.2
1288610 1184.9
1288620 1189.7
1288630 1189.7
1288640 1198.5
1288650 1214.9
1288660 1214.9
1288670 1227.2
1288680 1241.4
1288690 1241.4
1288700 1257.8
1288710 1277.1
1288720 1277.1
1288730 1294.8
1288740 1310.6
1288750 1310.6
1288760 1323.8
1288770 1332.8
1288780 1332.8
1288790 1335.8
1288800 1334.2
1288810 1333.5
1288820 1333.5
1288830 1338.1
1288840 1355.9
1288850 1355.9
1288860 1364.5
1288870 1384.8
1288880 1384.8
1288890 1410.1
1288900 1444.1
1288910 1444.1
1288920 1472.7
1288930 1505.0
1288940 1505.0
1288950 1546.5
1288960 1585.1
1288970 1585.1
1288980 1601.4
1288990 1612.9
1289000 1612.9
1289010 1610.7
1289020 1599.2
1289030 1599.2
1289040 1586.6
1289050 1583.2
1289060 1591.6
1289070 1597.4
1289080 1604.7
1289090 1601.6
1289100 1601.6
1289110 1596.9
1289120 1602.1
1289130 1602.1
1289140 1604.4
1289150 1608.2
1289160 1608.2
1289170 1613.5
1289180 1606.7
1289190 1606.7
1289200 1598.3
1289210 1594.0
1289220 1594.0
1289230 1583.6
1289240 1576.4
1289250 1576.4
1289260 1580.7
1289270 1593.3
1289280 1593.3
1289290 1605.8
1289300 1613.6
1289310 1613.6
1289320 1619.1
1289330 1622.1
1289340 1622.1
1289350 1625.6
1289360 1627.9
1289370 1627.9
1289380 1633.1
1289390 1643.2
1289400 1657.3
1289410 1657.3
1289420 1677.8
1289430 1693.4
1289440 1693.4
1289450 1735.2
1289460 1760.7
1289470 1760.7
1289480 1770.0
1289490 1777.6
1289500 1777.6
1289510 1784.3
1289520 1791.4
1289530 1791.4
1289540 1805.3
1289550 1825.6
1289560 1825.6
1289570 1833.4
1289580 1835.0
1289590 1835.0
1289600 1836.3
1289610 1840.9
1289620 1840.9
1289630 1840.9
1289640 1838.0
1289650 1838.0
1289660 1833.1
1289670 1827.4
1289680 1827.4
1289690 1820.7
1289700 1813.9
1289710 1805.2
1289720 1805.2
1289730 1799.3
1289740 1792.9
1289750 1792.9
1289760 1788.8
1289770 1786.1
1289780 1786.1
1289790 1782.3
1289800 1779.3
1289810 1779.3
1289820 1777.2
1289830 1777.3
1289840 1777.3
1289850 1778.4
1289860 1777.7
1289870 1777.7
1289880 1774.1
1289890 1771.0
1289900 1771.0
1289910 1773.2
1289920 1777.1
1289930 1777.1
1289940 1779.4
1289950 1784.0
1289960 1784.0
1289970 1788.6
1289980 1790.4
1289990 1790.4
1290000 1789.8
1290010 1789.6
1290020 1789.1
1290030 1789.1
1290040 1788.9
1290050 1790.5
1290060 1790.5
1290070 1790.4
1290080 1791.4
1290090 1791.4
1290100 1792.6
1290110 1796.6
1290120 1796.6
1290130 1802.5
1290140 1807.6
1290150 1807.6
1290160 1813.5
1290170 1821.5
1290180 1821.5
1290190 1828.5
1290200 1835.5
1290210 1835.5
1290220 1842.7
1290230 1849.8
1290240 1849.8
1290250 1857.5
1290260 1863.4
1290270 1863.4
1290280 1868.7
1290290 1874.9
1290300 1874.9
1290310 1881.0
1290320 1885.5
1290330 1888.3
1290340 1888.3
1290350 1890.0
1290360 1886.8
1290370 1897.9
1290380 1897.1
1290390 1895.4
1290400 1895.4
1290410 1896.7
1290420 1903.4
1290430 1903.4
1290440 1911.7
1290450 1919.8
1290460 1919.8
1290470 1928.9
1290480 1936.5
1290490 1936.5
1290500 1939.5
1290510 1944.8
1290520 1944.8
1290530 1950.1
1290540 1955.9
1290550 1955.9
1290560 1961.0
1290570 1964.9
1290580 1964.9
1290590 1968.8
1290600 1974.2
1290610 1974.2
1290620 1981.0
1290630 1987.8
1290640 1994.6
1290650 1994.6
1290660 2001.8
1290670 2008.4
1290680 2008.4
1290690 2015.0
1290700 2021.3
1290710 2021.3
1290720 2027.0
1290730 2032.7
1290740 2032.7
1290750 2038.1
1290760 2042.7
1290770 2042.7
1290780 2047.7
1290790 2053.7
1290800 2053.7
1290810 2061.3
1290820 2069.5
1290830 2069.5
1290840 2078.7
1290850 2089.4
1290860 2089.4
1290870 2097.4
1290880 2104.5
1290890 2104.5
1290900 2111.3
1290910 2118.6
1290920 2118.6
1290930 2126.9
1290940 2137.4
1290950 2148.3
1290960 2148.3
1290970 2155.9
1290980 2163.8
1290990 2163.8
1291000 2169.0
1291010 2174.5
1291020 2162.3
1291030 2168.9
1291040 2175.1
1291050 2175.1
1291060 2182.7
1291070 2189.9
1291080 2189.9
1291090 2194.8
1291100 2197.2
1291110 2197.2
1291120 2193.9
1291130 2188.8
1291140 2188.8
1291150 2188.2
1291160 2187.0
1291170 2187.0
1291180 2187.9
1291190 2193.6
1291200 2193.6
1291210 2195.0
1291220 2193.6
1291230 2190.8
1291240 2190.8
1291250 2188.8
1291260 2188.5
1291270 2188.5
1291280 2188.4
1291290 2189.6
1291300 2189.6
1291310 2191.1
1291320 2192.3
1291330 2192.3
1291340 2192.4
1291350 2196.1
1291360 2196.1
1291370 2199.7
1291380 2203.0
1291390 2203.0
1291400 2205.9
1291410 2209.0
1291420 2209.0
1291430 2212.2
1291440 2215.2
1291450 2215.2
1291460 2218.2
1291470 2220.9
1291480 2220.9
1291490 2223.4
1291500 2227.1
1291510 2227.1
1291520 2230.3
1291530 2233.6
1291540 2237.1
1291550 2237.1
1291560 2241.0
1291570 2244.6
1291580 2244.6
1291590 2246.8
1291600 2250.8
1291610 2250.8
1291620 2255.0
1291630 2258.0
1291640 2258.0
1291650 2261.3
1291660 2264.6
1291670 2264.6
1291680 2267.8
1291690 2264.0
1291700 2264.0
1291710 2265.9
1291720 2268.4
1291730 2268.4
1291740 2270.8
1291750 2273.6
1291760 2273.6
1291770 2276.4
1291780 2278.7
1291790 2278.7
1291800 2280.2
1291810 2281.4
1291820 2281.4
1291830 2283.0
1291840 2283.8
1291850 2284.3
1291860 2284.3
1291870 2286.1
1291880 2288.6
1291890 2288.6
1291900 2290.9
1291910 2292.1
1291920 2292.1
1291930 2291.2
1291940 2287.6
1291950 2287.6
1291960 2283.1
1291970 2280.8
1291980 2280.8
1291990 2279.3
1292000 2282.5
1292010 2282.5
1292020 2287.8
1292030 2287.6
1292040 2287.6
1292050 2282.2
1292060 2275.1
1292070 2275.1
1292080 2273.8
1292090 2277.1
1292100 2277.1
1292110 2269.3
1292120 2257.6
1292130 2257.6
1292140 2253.3
1292150 2252.8
1292160 2254.5
1292170 2254.5
1292180 2257.8
1292190 2262.1
1292200 2262.1
1292210 2267.7
1292220 2270.4
1292230 2270.4
1292240 2267.2
1292250 2259.8
1292260 2259.8
1292270 2250.9
1292280 2245.0
1292290 2245.0
1292300 2242.5
1292310 2239.5
1292320 2239.5
1292330 2237.9
1292340 2233.5
1292350 2211.8
1292360 2204.7
1292370 2203.6
1292380 2203.6
1292390 2202.9
1292400 2198.0
1292410 2198.0
1292420 2195.7
1292430 2204.6
1292440 2204.6
1292450 2220.2
1292460 2229.7
1292470 2233.3
1292480 2233.3
1292490 2223.1
1292500 2203.6
1292510 2203.6
1292520 2186.6
1292530 2181.6
1292540 2181.6
1292550 2183.1
1292560 2190.3
1292570 2190.3
1292580 2194.9
1292590 2200.9
1292600 2200.9
1292610 2205.6
1292620 2198.6
1292630 2198.6
1292640 2191.5
1292650 2185.3
1292660 2185.3
1292670 2173.3
1292680 2154.5
1292690 2154.5
1292700 2136.0
1292710 2122.4
1292720 2122.4
1292730 2110.4
1292740 2097.8
1292750 2097.8
1292760 2086.6
1292770 2075.4
1292780 2062.4
1292790 2062.4
1292800 2050.3
1292810 2030.9
1292820 2030.9
1292830 2004.6
1292840 1987.4
1292850 1987.4
1292860 1966.8
1292870 1944.8
1292880 1944.8
1292890 1931.9
1292900 1923.0
1292910 1923.0
1292920 1913.8
1292930 1900.3
1292940 1900.3
1292950 1889.5
1292960 1879.1
1292970 1879.1
1292980 1864.5
1292990 1850.2
1293000 1850.2
1293010 1840.9
1293020 1830.1
1293030 1830.1
1293040 1816.9
1293050 1805.2
1293060 1805.2
1293070 1796.5
1293080 1790.1
1293090 1790.9
1293100 1790.9
1293110 1801.5
1293120 1800.8
1293130 1800.8
1293140 1805.6
1293150 1803.6
1293160 1803.6
1293170 1800.6
1293180 1793.2
1293190 1793.2
1293200 1788.4
1293210 1780.9
1293220 1780.9
1293230 1772.2
1293240 1764.0
1293250 1764.0
1293260 1756.0
1293270 1749.8
1293280 1749.8
1293290 1739.7
1293300 1730.6
1293310 1730.6
1293320 1721.3
1293330 1707.3
1293340 1707.3
1293350 1686.7
1293360 1666.4
1293370 1643.3
1293380 1643.3
1293390 1621.7
1293400 1608.6
1293410 1608.6
1293420 1592.1
1293430 1572.9
1293440 1572.9
1293450 1555.7
1293460 1544.1
1293470 1544.1
1293480 1541.8
1293490 1532.6
1293500 1532.6
1293510 1504.3
1293520 1472.1
1293530 1472.1
1293540 1433.9
1293550 1393.0
1293560 1393.0
1293570 1361.9
1293580 1345.0
1293590 1345.0
1293600 1339.5
1293610 1334.0
1293620 1334.0
1293630 1332.6
1293640 1329.0
1293650 1329.0
1293660 1324.7
1293670 1323.0
1293680 1305.0
1293690 1305.0
1293700 1290.2
1293710 1282.6
1293720 1282.6
1293730 1276.1
1293740 1269.6
1293750 1269.6
1293760 1261.9
1293770 1255.7
1293780 1255.7
1293790 1250.3
1293800 1243.0
1293810 1243.0
1293820 1237.4
1293830 1233.4
1293840 1233.4
1293850 1228.8
1293860 1224.4
1293870 1224.4
1293880 1219.6
1293890 1214.5
1293900 1214.5
1293910 1210.4
1293920 1207.5
1293930 1207.5
1293940 1206.5
1293950 1206.2
1293960 1206.2
1293970 1205.7
1293980 1205.7
1293990 1205.6
1294000 1205.6
1294010 1205.7
1294020 1205.8
1294030 1205.8
1294040 1206.1
1294050 1206.8
1294060 1206.8
1294070 1205.5
1294080 1204.9
1294090 1204.9
1294100 1204.7
1294110 1204.4
1294120 1204.4
1294130 1204.7
1294140 1204.9
1294150 1204.9
1294160 1205.0
1294170 1205.0
1294180 1205.0
1294190 1205.3
1294200 1205.5
1294210 1205.5
1294220 1205.5
1294230 1206.2
1294240 1206.2
1294250 1206.5
1294260 1206.5
1294270 1206.5
1294280 1206.4
1294290 1206.3
1294300 1206.4
1294310 1206.4
1294320 1206.8
1294330 1207.4
1294340 1207.4
1294350 1208.6
1294360 1208.6
1294370 1208.6
1294380 1209.3
1294390 1210.7
1294400 1210.7
1294410 1212.4
1294420 1214.0
1294430 1214.0
1294440 1215.7
1294450 1217.2
1294460 1217.2
1294470 1218.5
1294480 1220.0
1294490 1220.0
1294500 1221.4
1294510 1222.9
1294520 1222.9
1294530 1224.3
1294540 1225.7
1294550 1225.7
1294560 1227.0
1294570 1229.3
1294580 1229.3
1294590 1231.5
1294600 1232.3
1294610 1233.4
1294620 1233.4
1294630 1234.8
1294640 1236.4
1294650 1236.4
1294660 1237.9
1294670 1239.9
1294680 1239.9
1294690 1241.8
1294700 1243.2
1294710 1243.2
1294720 1245.3
1294730 1248.9
1294740 1248.9
1294750 1257.1
1294760 1272.7
1294770 1272.7
1294780 1283.6
1294790 1290.4
1294800 1290.4
1294810 1292.3
1294820 1288.6
1294830 1288.6
1294840 1285.9
1294850 1285.0
1294860 1285.0
1294870 1284.9
1294880 1283.9
1294890 1283.9
1294900 1287.5
1294910 1292.8
1294920 1294.8
1294930 1294.8
1294940 1302.4
1294950 1309.9
1294960 1309.9
1294970 1320.4
1294980 1335.3
1294990 1335.3
1295000 1345.2
1295010 1355.7
1295020 1343.7
1295030 1346.5
1295040 1355.0
1295050 1355.0
1295060 1370.3
1295070 1373.6
1295080 1373.6
1295090 1364.5
1295100 1360.7
1295110 1360.7
1295120 1361.5
1295130 1375.8
1295140 1375.8
1295150 1392.7
1295160 1404.5
1295170 1404.5
1295180 1413.0
1295190 1419.8
1295200 1424.5
1295210 1424.5
1295220 1429.8
1295230 1439.3
1295240 1439.3
1295250 1445.1
1295260 1451.9
1295270 1451.9
1295280 1458.5
1295290 1465.2
1295300 1465.2
1295310 1474.2
1295320 1482.6
1295330 1482.6
1295340 1491.0
1295350 1500.3
1295360 1500.3
1295370 1508.7
1295380 1513.9
1295390 1513.9
1295400 1520.3
1295410 1528.2
1295420 1528.2
1295430 1531.8
1295440 1535.1
1295450 1535.1
1295460 1538.5
1295470 1544.0
1295480 1544.0
1295490 1551.2
1295500 1559.2
1295510 1564.6
1295520 1564.6
1295530 1568.3
1295540 1571.2
1295550 1571.2
1295560 1574.0
1295570 1577.2
1295580 1577.2
1295590 1580.6
1295600 1585.5
1295610 1585.5
1295620 1590.9
1295630 1596.7
1295640 1596.7
1295650 1602.9
1295660 1608.1
1295670 1608.1
1295680 1614.2
1295690 1620.5
1295700 1625.4
1295710 1632.3
1295720 1637.7
1295730 1637.7
1295740 1642.2
1295750 1647.5
1295760 1647.5
1295770 1652.9
1295780 1657.7
1295790 1657.7
1295800 1662.0
1295810 1664.1
1295820 1663.1
1295830 1663.1
1295840 1660.2
1295850 1656.6
1295860 1656.6
1295870 1655.8
1295880 1660.5
1295890 1660.5
1295900 1669.1
1295910 1675.0
1295920 1675.0
1295930 1676.4
1295940 1680.6
1295950 1680.6
1295960 1685.4
1295970 1684.8
1295980 1684.8
1295990 1684.8
1296000 1688.7
1296010 1688.7
1296020 1692.4
1296030 1696.0
1296040 1696.0
1296050 1700.4
1296060 1704.7
1296070 1704.7
1296080 1709.3
1296090 1714.8
1296100 1714.8
1296110 1721.0
1296120 1727.7
1296130 1734.4
1296140 1734.4
1296150 1741.0
1296160 1747.8
1296170 1747.8
1296180 1754.2
1296190 1760.6
1296200 1760.6
1296210 1767.0
1296220 1773.0
1296230 1773.0
1296240 1778.2
1296250 1783.1
1296260 1783.1
1296270 1786.5
1296280 1785.9
1296290 1785.9
1296300 1783.4
1296310 1780.9
1296320 1780.9
1296330 1778.2
1296340 1774.8
1296350 1774.8
1296360 1771.3
1296370 1776.9
1296380 1776.9
1296390 1771.9
1296400 1736.9
1296410 1736.9
1296420 1709.8
1296430 1701.4
1296440 1694.5
1296450 1694.5
1296460 1689.9
1296470 1686.2
1296480 1686.2
1296490 1682.0
1296500 1676.2
1296510 1676.2
1296520 1671.3
1296530 1667.5
1296540 1667.5
1296550 1664.8
1296560 1658.3
1296570 1658.3
1296580 1652.0
1296590 1646.5
1296600 1646.5
1296610 1642.2
1296620 1638.3
1296630 1638.3
1296640 1629.0
1296650 1619.5
1296660 1619.5
1296670 1613.1
1296680 1606.9
1296690 1606.9
1296700 1601.7
1296710 1598.4
1296720 1598.4
1296730 1596.3
1296740 1594.9
1296750 1593.3
1296760 1593.3
1296770 1590.5
1296780 1586.0
1296790 1586.0
1296800 1575.3
1296810 1569.5
1296820 1569.5
1296830 1570.6
1296840 1572.5
1296850 1572.5
1296860 1569.3
1296870 1565.7
1296880 1565.7
1296890 1562.8
1296900 1566.3
1296910 1566.3
1296920 1569.0
1296930 1572.3
1296940 1572.3
1296950 1577.6
1296960 1583.2
1296970 1583.2
1296980 1587.3
1296990 1588.0
1297000 1588.0
1297010 1588.2
1297020 1589.0
1297030 1589.0
1297040 1591.0
1297050 1601.3
1297060 1604.5
1297070 1604.5
1297080 1607.8
1297090 1612.1
1297100 1612.1
1297110 1613.5
1297120 1616.2
1297130 1616.2
1297140 1620.9
1297150 1626.2
1297160 1626.2
1297170 1632.2
1297180 1639.6
1297190 1639.6
1297200 1646.8
1297210 1653.4
1297220 1653.4
1297230 1659.6
1297240 1666.2
1297250 1666.2
1297260 1672.6
1297270 1679.3
1297280 1679.3
1297290 1685.8
1297300 1692.9
1297310 1692.9
1297320 1701.0
1297330 1709.0
1297340 1717.4
1297350 1717.4
1297360 1726.0
1297370 1731.7
1297380 1731.7
1297390 1733.7
1297400 1729.2
1297410 1729.2
1297420 1721.7
1297430 1713.6
1297440 1713.6
1297450 1705.9
1297460 1700.6
1297470 1700.6
1297480 1699.5
1297490 1698.4
1297500 1698.4
1297510 1696.0
1297520 1688.4
1297530 1688.4
1297540 1667.1
1297550 1651.3
1297560 1651.3
1297570 1639.9
1297580 1636.5
1297590 1636.5
1297600 1626.3
1297610 1616.8
1297620 1616.8
1297630 1615.7
1297640 1619.5
1297650 1622.8
1297660 1622.8
1297670 1630.2
1297680 1621.4
1297690 1621.4
1297700 1592.7
1297710 1565.7
1297720 1565.7
1297730 1550.5
1297740 1541.8
1297750 1541.8
1297760 1531.8
1297770 1522.4
1297780 1522.4
1297790 1514.6
1297800 1507.6
1297810 1507.6
1297820 1498.9
1297830 1489.5
1297840 1489.5
1297850 1482.2
1297860 1475.5
1297870 1475.5
1297880 1471.8
1297890 1469.1
1297900 1469.1
1297910 1465.2
1297920 1461.6
1297930 1461.6
1297940 1458.2
1297950 1455.2
1297960 1454.4
1297970 1454.4
1297980 1457.0
1297990 1459.8
1298000 1459.8
1298010 1462.3
1298020 1461.6
1298030 1461.6
1298040 1460.0
1298050 1454.3
1298060 1454.3
1298070 1446.3
1298080 1440.9
1298090 1440.9
1298100 1438.8
1298110 1440.0
1298120 1440.0
1298130 1441.3
1298140 1444.6
1298150 1444.6
1298160 1449.6
1298170 1452.5
1298180 1452.5
1298190 1451.1
1298200 1444.9
1298210 1444.9
1298220 1438.7
1298230 1433.9
1298240 1433.9
1298250 1429.8
1298260 1424.4
1298270 1419.0
1298280 1419.0
1298290 1411.7
1298300 1403.3
1298310 1403.3
1298320 1394.9
1298330 1389.3
1298340 1389.3
1298350 1379.6
1298360 1356.5
1298370 1356.5
1298380 1340.3
1298390 1337.5
1298400 1337.5
1298410 1344.5
1298420 1362.7
1298430 1362.7
1298440 1369.8
1298450 1360.5
1298460 1360.5
1298470 1342.4
1298480 1329.6
1298490 1329.6
1298500 1309.1
1298510 1300.3
1298520 1300.3
1298530 1293.3
1298540 1288.2
1298550 1288.2
1298560 1289.9
1298570 1296.3
1298580 1309.8
1298590 1309.8
1298600 1339.6
1298610 1342.4
1298620 1342.4
1298630 1341.7
1298640 1337.8
1298650 1337.8
1298660 1331.5
1298670 1325.4
1298680 1325.4
1298690 1310.5
1298700 1313.4
1298710 1313.4
1298720 1314.2
1298730 1312.3
1298740 1312.3
1298750 1312.9
1298760 1313.1
1298770 1313.1
1298780 1309.2
1298790 1306.2
1298800 1306.2
1298810 1299.9
1298820 1294.5
1298830 1294.5
1298840 1288.5
1298850 1285.6
1298860 1285.6
1298870 1282.8
1298880 1282.0
1298890 1281.0
1298900 1281.0
1298910 1272.7
1298920 1265.6
1298930 1265.6
1298940 1262.2
1298950 1252.3
1298960 1252.3
1298970 1251.5
1298980 1249.0
1298990 1249.0
1299000 1248.9
1299010 1249.0
1299020 1249.0
1299030 1256.3
1299040 1266.3
1299050 1266.3
1299060 1277.4
1299070 1281.7
1299080 1281.7
1299090 1284.0
1299100 1284.5
1299110 1291.7
1299120 1289.4
1299130 1286.5
1299140 1286.5
1299150 1283.8
1299160 1282.3
1299170 1282.1
1299180 1282.1
1299190 1281.3
1299200 1279.0
1299210 1279.0
1299220 1276.4
1299230 1272.7
1299240 1272.7
1299250 1269.9
1299260 1269.4
1299270 1269.4
1299280 1268.1
1299290 1266.2
1299300 1266.2
1299310 1263.4
1299320 1260.8
1299330 1260.8
1299340 1257.6
1299350 1254.6
1299360 1254.6
1299370 1252.1
1299380 1249.7
1299390 1249.7
1299400 1247.9
1299410 1246.0
1299420 1246.0
1299430 1243.7
1299440 1240.6
1299450 1240.6
1299460 1236.9
1299470 1234.3
1299480 1231.4
1299490 1231.4
1299500 1228.9
1299510 1226.6
1299520 1226.6
1299530 1224.3
1299540 1223.1
1299550 1223.1
1299560 1222.3
1299570 1220.5
1299580 1220.5
1299590 1213.9
1299600 1206.0
1299610 1206.0
1299620 1198.6
1299630 1192.0
1299640 1192.0
1299650 1184.8
1299660 1175.9
1299670 1175.9
1299680 1168.3
1299690 1163.2
1299700 1163.2
1299710 1158.5
1299720 1154.9
1299730 1154.9
1299740 1154.8
1299750 1156.4
1299760 1156.4
1299770 1159.2
1299780 1164.9
1299790 1171.0
1299800 1175.4
1299810 1180.6
1299820 1185.1
1299830 1185.1
1299840 1185.2
1299850 1184.1
1299860 1184.1
1299870 1183.1
1299880 1178.3
1299890 1178.3
1299900 1176.4
1299910 1176.8
1299920 1176.8
1299930 1178.3
1299940 1182.7
1299950 1182.7
1299960 1188.9
1299970 1195.3
1299980 1195.3
1299990 1202.4
