1280000 1597.5
1280010 1599.5
1280020 1599.5
1280030 1597.5
1280040 1593.8
1280050 1593.8
1280060 1589.9
1280070 1592.1
1280080 1592.1
1280090 1599.0
1280100 1604.4
1280110 1604.4
1280120 1604.7
1280130 1600.3
1280140 1600.3
1280150 1596.7
1280160 1595.1
1280170 1595.1
1280180 1595.9
1280190 1596.3
1280200 1596.3
1280210 1609.1
1280220 1612.7
1280230 1608.6
1280240 1608.6
1280250 1602.7
1280260 1595.0
1280270 1595.0
1280280 1588.1
1280290 1582.6
1280300 1582.6
1280310 1578.9
1280320 1578.6
1280330 1578.6
1280340 1577.7
1280350 1579.2
1280360 1579.2
1280370 1585.7
1280380 1588.9
1280390 1588.9
1280400 1590.7
1280410 1594.1
1280420 1594.1
1280430 1598.6
1280440 1603.4
1280450 1603.4
1280460 1605.5
1280470 1609.5
1280480 1609.5
1280490 1612.7
1280500 1619.8
1280510 1619.8
1280520 1628.0
1280530 1633.0
1280540 1636.3
1280550 1636.3
1280560 1642.2
1280570 1651.1
1280580 1651.1
1280590 1658.2
1280600 1662.4
1280610 1662.4
1280620 1665.5
1280630 1676.4
1280640 1676.4
1280650 1686.0
1280660 1691.9
1280670 1691.9
1280680 1697.5
1280690 1700.3
1280700 1700.3
1280710 1700.6
1280720 1705.2
1280730 1705.2
1280740 1711.7
1280750 1717.1
1280760 1717.1
1280770 1720.4
1280780 1722.4
1280790 1722.4
1280800 1721.0
1280810 1720.5
1280820 1720.5
1280830 1727.1
1280840 1733.1
1280850 1746.4
1280860 1746.4
1280870 1748.5
1280880 1751.9
1280890 1751.9
1280900 1760.3
1280910 1777.6
1280920 1777.6
1280930 1786.6
1280940 1792.7
1280950 1792.7
1280960 1801.5
1280970 1811.2
1280980 1811.2
1280990 1817.2
1281000 1822.6
1281010 1822.6
1281020 1832.3
1281030 1844.7
1281040 1844.7
1281050 1855.1
1281060 1863.3
1281070 1863.3
1281080 1876.1
1281090 1885.4
1281100 1885.4
1281110 1892.8
1281120 1901.5
1281130 1901.5
1281140 1914.5
1281150 1926.9
1281160 1937.0
1281170 1937.0
1281180 1946.5
1281190 1955.6
1281200 1955.6
1281210 1968.2
1281220 1975.9
1281230 1975.9
1281240 1970.3
1281250 1972.5
1281260 1972.5
1281270 1975.2
1281280 1980.6
1281290 1980.6
1281300 1987.3
1281310 1999.6
1281320 1999.6
1281330 2020.5
1281340 2029.2
1281350 2029.2
1281360 2034.6
1281370 2043.8
1281380 2043.8
1281390 2050.8
1281400 2059.2
1281410 2059.2
1281420 2070.1
1281430 2081.6
1281440 2081.6
1281450 2096.7
1281460 2107.4
1281470 2127.4
1281480 2127.4
1281490 2134.1
1281500 2145.5
1281510 2145.5
1281520 2169.6
1281530 2182.3
1281540 2182.3
1281550 2186.8
1281560 2190.1
1281570 2190.1
1281580 2185.5
1281590 2180.5
1281600 2180.5
1281610 2176.3
1281620 2155.1
1281630 2155.1
1281640 2134.6
1281650 2126.3
1281660 2126.3
1281670 2118.8
1281680 2111.2
1281690 2111.2
1281700 2103.4
1281710 2094.7
1281720 2094.7
1281730 2079.8
1281740 2072.6
1281750 2072.6
1281760 2064.8
1281770 2054.9
1281780 2045.5
1281790 2045.5
1281800 2039.6
1281810 2031.4
1281820 2031.4
1281830 2028.4
1281840 2022.7
1281850 2022.7
1281860 2011.5
1281870 1998.3
1281880 1998.3
1281890 1996.0
1281900 1998.3
1281910 1998.3
1281920 1995.4
1281930 1994.0
1281940 1994.0
1281950 1990.0
1281960 1984.2
1281970 1984.2
1281980 1979.6
1281990 1973.3
1282000 1973.3
1282010 1965.9
1282020 1962.4
1282030 1962.4
1282040 1956.4
1282050 1938.8
1282060 1938.8
1282070 1920.6
1282080 1910.2
1282090 1902.2
1282100 1899.5
1282110 1890.1
1282120 1880.2
1282130 1880.2
1282140 1867.5
1282150 1861.0
1282160 1861.0
1282170 1860.4
1282180 1852.1
1282190 1852.1
1282200 1827.6
1282210 1800.1
1282220 1800.1
1282230 1792.7
1282240 1793.3
1282250 1793.3
1282260 1795.1
1282270 1797.0
1282280 1797.0
1282290 1800.2
1282300 1802.3
1282310 1802.3
1282320 1801.8
1282330 1806.9
1282340 1806.9
1282350 1811.3
1282360 1811.2
1282370 1811.2
1282380 1809.5
1282390 1802.9
1282400 1787.9
1282410 1787.9
1282420 1776.9
1282430 1761.7
1282440 1761.7
1282450 1731.2
1282460 1673.9
1282470 1673.9
1282480 1637.7
1282490 1620.5
1282500 1620.5
1282510 1618.7
1282520 1615.6
1282530 1615.6
1282540 1604.7
1282550 1585.3
1282560 1585.3
1282570 1573.9
1282580 1562.7
1282590 1562.7
1282600 1549.3
1282610 1553.0
1282620 1553.0
1282630 1551.5
1282640 1547.4
1282650 1547.4
1282660 1539.7
1282670 1524.1
1282680 1524.1
1282690 1517.8
1282700 1512.3
1282710 1497.6
1282720 1497.6
1282730 1460.3
1282740 1429.1
1282750 1429.1
1282760 1417.8
1282770 1406.5
1282780 1406.5
1282790 1391.4
1282800 1365.6
1282810 1365.6
1282820 1347.1
1282830 1337.9
1282840 1337.9
1282850 1331.3
1282860 1324.8
1282870 1324.8
1282880 1318.2
1282890 1311.7
1282900 1311.7
1282910 1305.3
1282920 1298.8
1282930 1298.8
1282940 1292.6
1282950 1286.6
1282960 1286.6
1282970 1281.9
1282980 1277.1
1282990 1277.1
1283000 1272.1
1283010 1267.1
1283020 1261.9
1283030 1261.9
1283040 1256.6
1283050 1251.1
1283060 1251.1
1283070 1246.1
1283080 1241.2
1283090 1241.2
1283100 1235.8
1283110 1230.1
1283120 1230.1
1283130 1224.6
1283140 1219.2
1283150 1219.2
1283160 1216.0
1283170 1215.0
1283180 1215.0
1283190 1213.8
1283200 1212.3
1283210 1212.3
1283220 1211.1
1283230 1210.4
1283240 1210.4
1283250 1209.9
1283260 1209.3
1283270 1209.3
1283280 1208.6
1283290 1207.8
1283300 1207.8
1283310 1207.2
1283320 1204.8
1283330 1202.7
1283340 1202.7
1283350 1202.5
1283360 1202.7
1283370 1202.7
1283380 1204.8
1283390 1205.1
1283400 1205.1
1283410 1205.5
1283420 1206.1
1283430 1206.1
1283440 1205.6
1283450 1205.6
1283460 1205.6
1283470 1204.1
1283480 1205.3
1283490 1205.3
1283500 1207.2
1283510 1211.5
1283520 1211.5
1283530 1217.2
1283540 1222.6
1283550 1222.6
1283560 1227.5
1283570 1231.0
1283580 1231.0
1283590 1235.4
1283600 1239.6
1283610 1239.6
1283620 1243.6
1283630 1247.8
1283640 1252.1
1283650 1252.1
1283660 1256.5
1283670 1260.5
1283680 1260.5
1283690 1264.0
1283700 1267.4
1283710 1267.4
1283720 1269.6
1283730 1270.5
1283740 1270.5
1283750 1270.2
1283760 1267.7
1283770 1267.7
1283780 1264.8
1283790 1263.6
1283800 1263.6
1283810 1264.0
1283820 1266.9
1283830 1266.9
1283840 1274.4
1283850 1282.8
1283860 1282.8
1283870 1287.4
1283880 1282.0
1283890 1282.0
1283900 1274.0
1283910 1269.1
1283920 1269.1
1283930 1265.5
1283940 1264.4
1283950 1269.5
1283960 1269.5
1283970 1274.6
1283980 1279.2
1283990 1279.2
1284000 1305.8
1284010 1319.5
1284020 1319.5
1284030 1330.1
1284040 1340.6
1284050 1340.6
1284060 1346.1
1284070 1354.2
1284080 1354.2
1284090 1363.6
1284100 1372.4
1284110 1372.4
1284120 1383.6
1284130 1398.0
1284140 1398.0
1284150 1408.6
1284160 1417.6
1284170 1417.6
1284180 1424.2
1284190 1429.5
1284200 1429.5
1284210 1434.6
1284220 1440.6
1284230 1440.6
1284240 1447.5
1284250 1453.1
1284260 1457.8
1284270 1457.8
1284280 1464.7
1284290 1471.4
1284300 1471.4
1284310 1477.7
1284320 1484.9
1284330 1484.9
1284340 1492.4
1284350 1499.4
1284360 1499.4
1284370 1506.5
1284380 1513.4
1284390 1513.4
1284400 1521.0
1284410 1527.9
1284420 1527.9
1284430 1535.4
1284440 1544.0
1284450 1544.0
1284460 1552.5
1284470 1561.3
1284480 1561.3
1284490 1570.4
1284500 1578.1
1284510 1578.1
1284520 1586.8
1284530 1595.9
1284540 1595.9
1284550 1605.4
1284560 1616.9
1284570 1616.9
1284580 1628.1
1284590 1644.6
1284600 1658.3
1284610 1658.3
1284620 1666.8
1284630 1675.4
1284640 1685.6
1284650 1696.5
1284660 1705.6
1284670 1705.6
1284680 1713.1
1284690 1723.9
1284700 1723.9
1284710 1733.8
1284720 1740.6
1284730 1740.6
1284740 1746.1
1284750 1750.5
1284760 1750.5
1284770 1753.6
1284780 1759.6
1284790 1759.6
1284800 1765.3
1284810 1771.2
1284820 1771.2
1284830 1775.4
1284840 1780.0
1284850 1780.0
1284860 1786.9
1284870 1796.1
1284880 1796.1
1284890 1801.7
1284900 1807.6
1284910 1817.7
1284920 1817.7
1284930 1828.9
1284940 1834.0
1284950 1834.0
1284960 1835.2
1284970 1837.0
1284980 1837.0
1284990 1839.3
1285000 1847.7
1285010 1847.7
1285020 1861.9
1285030 1877.0
1285040 1877.0
1285050 1888.8
1285060 1894.5
1285070 1894.5
1285080 1898.3
1285090 1902.2
1285100 1902.2
1285110 1907.5
1285120 1911.8
1285130 1911.8
1285140 1920.3
1285150 1929.2
1285160 1929.2
1285170 1938.0
1285180 1947.4
1285190 1947.4
1285200 1957.3
1285210 1969.0
1285220 1977.4
1285230 1977.4
1285240 1968.0
1285250 1954.4
1285260 1954.4
1285270 1929.3
1285280 1918.4
1285290 1918.4
1285300 1910.2
1285310 1901.6
1285320 1901.6
1285330 1893.0
1285340 1886.2
1285350 1886.2
1285360 1879.5
1285370 1873.0
1285380 1873.0
1285390 1867.2
1285400 1862.0
1285410 1862.0
1285420 1858.5
1285430 1857.1
1285440 1857.1
1285450 1856.0
1285460 1854.3
1285470 1854.3
1285480 1853.4
1285490 1853.0
1285500 1853.0
1285510 1852.3
1285520 1851.4
1285530 1851.2
1285540 1851.2
1285550 1851.5
1285560 1851.8
1285570 1851.8
1285580 1851.7
1285590 1851.4
1285600 1851.4
1285610 1850.1
1285620 1848.7
1285630 1848.7
1285640 1848.4
1285650 1849.1
1285660 1849.1
1285670 1850.7
1285680 1852.8
1285690 1852.8
1285700 1855.7
1285710 1859.0
1285720 1859.0
1285730 1865.5
1285740 1882.2
1285750 1882.2
1285760 1891.2
1285770 1896.2
1285780 1896.2
1285790 1908.1
1285800 1908.8
1285810 1908.8
1285820 1901.5
1285830 1893.6
1285840 1886.3
1285850 1886.3
1285860 1879.3
1285870 1873.0
1285880 1873.0
1285890 1868.0
1285900 1865.8
1285910 1865.8
1285920 1869.9
1285930 1869.8
1285940 1869.8
1285950 1871.3
1285960 1874.7
1285970 1874.7
1285980 1878.8
1285990 1885.3
1286000 1885.3
1286010 1896.5
1286020 1904.0
1286030 1904.0
1286040 1907.8
1286050 1909.6
1286060 1909.6
1286070 1918.6
1286080 1943.0
1286090 1943.0
1286100 1956.6
1286110 1968.0
1286120 1968.0
1286130 1981.6
1286140 1991.8
1286150 2001.1
1286160 2001.1
1286170 2012.1
1286180 2020.1
1286190 2020.1
1286200 2028.0
1286210 2035.9
1286220 2035.9
1286230 2043.4
1286240 2051.1
1286250 2051.1
1286260 2059.7
1286270 2068.5
1286280 2068.5
1286290 2078.2
1286300 2087.1
1286310 2087.1
1286320 2095.1
1286330 2102.8
1286340 2102.8
1286350 2114.5
1286360 2123.0
1286370 2123.0
1286380 2129.2
1286390 2134.9
1286400 2134.9
1286410 2140.5
1286420 2146.1
1286430 2146.1
1286440 2150.0
1286450 2147.8
1286460 2139.6
1286470 2139.6
1286480 2135.4
1286490 2129.9
1286500 2129.9
1286510 2123.0
1286520 2117.6
1286530 2117.6
1286540 2112.4
1286550 2108.3
1286560 2124.1
1286570 2120.4
1286580 2121.6
1286590 2121.6
1286600 2125.5
1286610 2124.0
1286620 2124.0
1286630 2124.5
1286640 2120.7
1286650 2120.7
1286660 2111.3
1286670 2109.9
1286680 2109.9
1286690 2105.5
1286700 2103.4
1286710 2103.4
1286720 2101.2
1286730 2099.6
1286740 2099.6
1286750 2093.7
1286760 2087.1
1286770 2080.8
1286780 2080.8
1286790 2073.7
1286800 2064.9
1286810 2064.9
1286820 2054.8
1286830 2044.4
1286840 2044.4
1286850 2033.1
1286860 2024.0
1286870 2024.0
1286880 2014.7
1286890 2000.8
1286900 2000.8
1286910 1989.0
1286920 1982.6
1286930 1982.6
1286940 1972.6
1286950 1961.2
1286960 1961.2
1286970 1952.4
1286980 1944.0
1286990 1944.0
1287000 1933.9
1287010 1926.7
1287020 1926.7
1287030 1921.7
1287040 1916.1
1287050 1916.1
1287060 1908.7
1287070 1902.3
1287080 1897.0
1287090 1897.0
1287100 1890.3
1287110 1880.8
1287120 1880.8
1287130 1870.7
1287140 1863.8
1287150 1863.8
1287160 1858.3
1287170 1852.6
1287180 1852.6
1287190 1846.0
1287200 1839.0
1287210 1837.5
1287220 1831.3
1287230 1825.0
1287240 1825.0
1287250 1816.5
1287260 1811.7
1287270 1811.7
1287280 1805.3
1287290 1796.7
1287300 1796.7
1287310 1790.8
1287320 1784.8
1287330 1784.8
1287340 1776.3
1287350 1770.3
1287360 1770.3
1287370 1765.9
1287380 1761.7
1287390 1757.2
1287400 1757.2
1287410 1753.2
1287420 1746.2
1287430 1746.2
1287440 1738.8
1287450 1731.5
1287460 1731.5
1287470 1726.2
1287480 1719.8
1287490 1719.8
1287500 1710.0
1287510 1703.7
1287520 1703.7
1287530 1698.2
1287540 1690.5
1287550 1690.5
1287560 1683.5
1287570 1677.2
1287580 1677.2
1287590 1672.6
1287600 1668.0
1287610 1668.0
1287620 1663.9
1287630 1659.9
1287640 1659.9
1287650 1655.1
1287660 1650.2
1287670 1650.2
1287680 1643.8
1287690 1635.1
1287700 1624.1
1287710 1624.1
1287720 1609.4
1287730 1597.2
1287740 1597.2
1287750 1587.8
1287760 1577.9
1287770 1577.9
1287780 1567.3
1287790 1555.0
1287800 1555.0
1287810 1544.7
1287820 1535.7
1287830 1535.7
1287840 1528.0
1287850 1521.1
1287860 1522.0
1287870 1514.2
1287880 1507.4
1287890 1507.4
1287900 1500.0
1287910 1493.1
1287920 1493.1
1287930 1486.0
1287940 1478.0
1287950 1478.0
1287960 1469.4
1287970 1458.3
1287980 1458.3
1287990 1439.4
1288000 1408.4
1288010 1392.2
1288020 1392.2
1288030 1382.3
1288040 1373.4
1288050 1373.4
1288060 1366.0
1288070 1360.6
1288080 1360.6
1288090 1354.5
1288100 1347.5
1288110 1347.5
1288120 1338.0
1288130 1328.2
1288140 1328.2
1288150 1321.4
1288160 1314.0
1288170 1314.0
1288180 1306.2
1288190 1297.2
1288200 1297.2
1288210 1284.9
1288220 1273.8
1288230 1273.8
1288240 1256.0
1288250 1234.9
1288260 1234.9
1288270 1225.8
1288280 1217.3
1288290 1217.3
1288300 1208.0
1288310 1198.5
1288320 1189.2
1288330 1189.2
1288340 1181.0
1288350 1173.7
1288360 1173.7
1288370 1166.8
1288380 1159.4
1288390 1159.4
1288400 1151.7
1288410 1145.7
1288420 1145.7
1288430 1140.4
1288440 1135.8
1288450 1135.8
1288460 1132.3
1288470 1129.5
1288480 1129.5
1288490 1127.5
1288500 1124.9
1288510 1126.5
1288520 1124.2
1288530 1121.7
1288540 1121.7
1288550 1120.2
1288560 1120.5
1288570 1120.5
1288580 1121.3
1288590 1120.6
1288600 1120.6
1288610 1119.8
1288620 1119.3
1288630 1119.1
1288640 1119.1
1288650 1118.9
1288660 1118.8
1288670 1118.8
1288680 1118.7
1288690 1118.6
1288700 1118.6
1288710 1118.7
1288720 1118.8
1288730 1118.8
1288740 1118.9
1288750 1119.0
1288760 1119.0
1288770 1119.1
1288780 1119.1
1288790 1119.1
1288800 1119.2
1288810 1119.6
1288820 1119.6
1288830 1120.2
1288840 1120.6
1288850 1120.6
1288860 1120.8
1288870 1120.9
1288880 1120.9
1288890 1121.3
1288900 1121.6
1288910 1121.6
1288920 1122.1
1288930 1122.6
1288940 1123.0
1288950 1123.0
1288960 1123.5
1288970 1124.1
1288980 1124.1
1288990 1124.2
1289000 1124.6
1289010 1124.6
1289020 1124.8
1289030 1124.8
1289040 1124.8
1289050 1124.9
1289060 1125.0
1289070 1125.0
1289080 1125.4
1289090 1125.8
1289100 1125.8
1289110 1126.1
1289120 1126.5
1289130 1126.5
1289140 1126.9
1289150 1127.0
1289160 1126.2
1289170 1126.5
1289180 1127.1
1289190 1127.1
1289200 1127.7
1289210 1128.3
1289220 1128.3
1289230 1128.8
1289240 1128.9
1289250 1129.7
1289260 1129.7
1289270 1132.9
1289280 1137.2
1289290 1137.2
1289300 1141.2
1289310 1145.4
1289320 1145.4
1289330 1149.9
1289340 1155.1
1289350 1155.1
1289360 1161.0
1289370 1167.3
1289380 1167.3
1289390 1174.0
1289400 1180.9
1289410 1180.9
1289420 1187.8
1289430 1194.4
1289440 1194.4
1289450 1200.8
1289460 1206.0
1289470 1206.0
1289480 1210.1
1289490 1213.7
1289500 1213.7
1289510 1217.9
1289520 1222.7
1289530 1222.7
1289540 1227.6
1289550 1232.7
1289560 1237.7
1289570 1237.7
1289580 1242.5
1289590 1247.5
1289600 1247.5
1289610 1252.7
1289620 1258.1
1289630 1258.1
1289640 1263.4
1289650 1268.0
1289660 1268.0
1289670 1272.6
1289680 1277.8
1289690 1277.8
1289700 1283.2
1289710 1290.2
1289720 1290.2
1289730 1300.3
1289740 1310.2
1289750 1310.2
1289760 1317.5
1289770 1327.0
1289780 1327.0
1289790 1338.5
1289800 1347.3
1289810 1347.3
1289820 1358.8
1289830 1371.5
1289840 1371.5
1289850 1380.6
1289860 1387.9
1289870 1395.6
1289880 1395.6
1289890 1402.5
1289900 1410.3
1289910 1410.3
1289920 1418.1
1289930 1425.7
1289940 1425.7
1289950 1432.5
1289960 1436.3
1289970 1436.3
1289980 1440.5
1289990 1445.4
1290000 1445.4
1290010 1450.9
1290020 1457.5
1290030 1457.5
1290040 1464.4
1290050 1469.7
1290060 1469.7
1290070 1472.1
1290080 1472.5
1290090 1472.5
1290100 1472.6
1290110 1473.9
1290120 1473.9
1290130 1475.3
1290140 1476.5
1290150 1476.5
1290160 1475.0
1290170 1474.4
1290180 1476.4
1290190 1476.4
1290200 1478.3
1290210 1477.8
1290220 1477.8
1290230 1477.3
1290240 1477.2
1290250 1477.2
1290260 1477.6
1290270 1479.4
1290280 1479.4
1290290 1481.8
1290300 1483.4
1290310 1483.4
1290320 1483.8
1290330 1484.3
1290340 1484.3
1290350 1486.0
1290360 1485.9
1290370 1485.9
1290380 1484.6
1290390 1482.7
1290400 1482.7
1290410 1480.3
1290420 1479.1
1290430 1479.1
1290440 1479.0
1290450 1478.1
1290460 1478.1
1290470 1484.3
1290480 1485.4
1290490 1486.6
1290500 1486.6
1290510 1485.6
1290520 1486.0
1290530 1486.0
1290540 1485.8
1290550 1485.3
1290560 1485.3
1290570 1493.3
1290580 1498.9
1290590 1498.9
1290600 1501.2
1290610 1505.8
1290620 1505.8
1290630 1510.0
1290640 1515.2
1290650 1515.2
1290660 1522.4
1290670 1530.9
1290680 1530.9
1290690 1537.4
1290700 1542.2
1290710 1542.2
1290720 1543.0
1290730 1540.8
1290740 1540.8
1290750 1539.3
1290760 1540.6
1290770 1540.6
1290780 1543.1
1290790 1545.9
1290800 1548.9
1290810 1548.9
1290820 1553.6
1290830 1559.1
1290840 1559.1
1290850 1564.6
1290860 1568.9
1290870 1568.9
1290880 1572.3
1290890 1569.7
1290900 1569.7
1290910 1564.4
1290920 1561.0
1290930 1561.0
1290940 1561.1
1290950 1560.1
1290960 1560.1
1290970 1565.0
1290980 1573.4
1290990 1573.4
1291000 1581.9
1291010 1596.1
1291020 1596.1
1291030 1617.0
1291040 1628.7
1291050 1628.7
1291060 1634.2
1291070 1635.3
1291080 1635.3
1291090 1635.2
1291100 1635.5
1291110 1640.1
1291120 1640.1
1291130 1653.3
1291140 1657.5
1291150 1657.5
1291160 1667.5
1291170 1686.2
1291180 1686.2
1291190 1697.9
1291200 1705.6
1291210 1705.6
1291220 1712.0
1291230 1718.3
1291240 1718.3
1291250 1725.0
1291260 1732.4
1291270 1732.4
1291280 1735.7
1291290 1736.3
1291300 1736.3
1291310 1739.7
1291320 1744.2
1291330 1744.2
1291340 1744.4
1291350 1741.3
1291360 1741.3
1291370 1735.0
1291380 1732.4
1291390 1732.4
1291400 1731.2
1291410 1733.6
1291420 1743.2
1291430 1743.2
1291440 1751.9
1291450 1754.0
1291460 1754.0
1291470 1762.1
1291480 1771.6
1291490 1771.6
1291500 1789.5
1291510 1813.5
1291520 1813.5
1291530 1835.9
1291540 1850.7
1291550 1850.7
1291560 1861.7
1291570 1871.6
1291580 1871.6
1291590 1888.4
1291600 1911.6
1291610 1911.6
1291620 1936.3
1291630 1953.0
1291640 1953.0
1291650 1960.9
1291660 1976.1
1291670 1976.1
1291680 2007.1
1291690 2081.6
1291700 2081.6
1291710 2111.5
1291720 2112.9
1291730 2128.8
1291740 2128.8
1291750 2138.2
1291760 2142.2
1291770 2142.2
1291780 2147.2
1291790 2158.8
1291800 2158.8
1291810 2161.7
1291820 2166.4
1291830 2166.4
1291840 2171.0
1291850 2175.3
1291860 2175.3
1291870 2179.2
1291880 2181.5
1291890 2181.5
1291900 2184.8
1291910 2189.1
1291920 2189.1
1291930 2193.2
1291940 2199.8
1291950 2199.8
1291960 2205.4
1291970 2210.9
1291980 2210.9
1291990 2216.8
1292000 2222.0
1292010 2222.0
1292020 2226.9
1292030 2231.9
1292040 2238.8
1292050 2238.8
1292060 2248.7
1292070 2256.2
1292080 2256.2
1292090 2262.4
1292100 2269.2
1292110 2269.2
1292120 2275.4
1292130 2283.0
1292140 2283.0
1292150 2289.6
1292160 2291.9
1292170 2291.9
1292180 2277.8
1292190 2263.1
1292200 2263.1
1292210 2254.5
1292220 2247.8
1292230 2247.8
1292240 2234.1
1292250 2224.8
1292260 2224.8
1292270 2218.6
1292280 2210.0
1292290 2210.0
1292300 2198.2
1292310 2187.1
1292320 2187.1
1292330 2178.3
1292340 2171.6
1292350 2165.6
1292360 2165.6
1292370 2162.2
1292380 2168.1
1292390 2168.1
1292400 2177.4
1292410 2181.4
1292420 2181.4
1292430 2178.1
1292440 2180.4
1292450 2180.4
1292460 2180.1
1292470 2185.5
1292480 2185.5
1292490 2189.3
1292500 2183.3
1292510 2183.3
1292520 2171.5
1292530 2163.2
1292540 2163.2
1292550 2154.0
1292560 2142.9
1292570 2142.9
1292580 2134.5
1292590 2130.7
1292600 2130.7
1292610 2122.6
1292620 2112.4
1292630 2112.4
1292640 2103.2
1292650 2093.9
1292660 2085.6
1292670 2085.6
1292680 2076.7
1292690 2067.7
1292700 2067.7
1292710 2058.9
1292720 2049.7
1292730 2049.7
1292740 2041.4
1292750 2033.9
1292760 2033.9
1292770 2026.5
1292780 2019.9
1292790 2019.9
1292800 2015.4
1292810 2011.9
1292820 2011.9
1292830 2009.5
1292840 2012.0
1292850 2012.0
1292860 2015.8
1292870 2014.9
1292880 2014.9
1292890 2015.4
1292900 2011.4
1292910 2011.4
1292920 2012.8
1292930 2019.4
1292940 2019.4
1292950 2020.8
1292960 2020.5
1292970 2016.2
1292980 2016.2
1292990 2011.3
1293000 2016.0
1293010 2016.0
1293020 2027.6
1293030 2033.8
1293040 2033.8
1293050 2032.7
1293060 2029.2
1293070 2029.2
1293080 2026.5
1293090 2022.2
1293100 2022.2
1293110 2016.4
1293120 2007.2
1293130 2007.2
1293140 1999.0
1293150 1989.0
1293160 1989.0
1293170 1977.7
1293180 1968.1
1293190 1968.1
1293200 1958.3
1293210 1947.5
1293220 1947.5
1293230 1937.9
1293240 1929.3
1293250 1929.3
1293260 1923.7
1293270 1914.4
1293280 1903.7
1293290 1903.7
1293300 1893.4
1293310 1883.1
1293320 1883.1
1293330 1871.9
1293340 1861.1
1293350 1861.1
1293360 1850.3
1293370 1840.7
1293380 1840.7
1293390 1831.9
1293400 1823.1
1293410 1823.1
1293420 1814.9
1293430 1806.0
1293440 1806.0
1293450 1797.8
1293460 1790.4
1293470 1790.4
1293480 1782.6
1293490 1774.8
1293500 1774.8
1293510 1766.3
1293520 1760.1
1293530 1760.1
1293540 1753.3
1293550 1740.4
1293560 1740.4
1293570 1727.1
1293580 1721.2
1293590 1720.7
1293600 1720.7
1293610 1718.7
1293620 1714.7
1293630 1714.7
1293640 1710.6
1293650 1708.5
1293660 1708.5
1293670 1706.9
1293680 1703.1
1293690 1703.1
1293700 1698.2
1293710 1688.9
1293720 1688.9
1293730 1679.4
1293740 1673.4
1293750 1673.4
1293760 1666.1
1293770 1654.1
1293780 1654.1
1293790 1623.2
1293800 1607.5
1293810 1607.5
1293820 1594.1
1293830 1581.7
1293840 1581.7
1293850 1569.1
1293860 1558.6
1293870 1558.6
1293880 1551.4
1293890 1542.7
1293900 1538.0
1293910 1538.0
1293920 1540.6
1293930 1540.9
1293940 1540.9
1293950 1538.9
1293960 1532.2
1293970 1532.2
1293980 1525.6
1293990 1520.5
1294000 1520.5
1294010 1522.1
1294020 1521.4
1294030 1521.4
1294040 1527.5
1294050 1526.6
1294060 1526.6
1294070 1517.2
1294080 1507.8
1294090 1507.8
1294100 1498.8
1294110 1489.5
1294120 1489.5
1294130 1478.1
1294140 1465.0
1294150 1465.0
1294160 1452.8
1294170 1439.7
1294180 1439.7
1294190 1431.0
1294200 1430.1
1294210 1427.0
1294220 1427.0
1294230 1429.8
1294240 1440.8
1294250 1440.8
1294260 1456.5
1294270 1464.2
1294280 1464.2
1294290 1463.1
1294300 1458.4
1294310 1458.4
1294320 1450.6
1294330 1439.1
1294340 1439.1
1294350 1426.0
1294360 1413.9
1294370 1413.9
1294380 1404.9
1294390 1403.5
1294400 1403.5
1294410 1404.3
1294420 1403.5
1294430 1403.5
1294440 1402.6
1294450 1399.7
1294460 1384.5
1294470 1381.2
1294480 1378.7
1294490 1378.7
1294500 1371.1
1294510 1363.4
1294520 1357.1
1294530 1357.1
1294540 1352.1
1294550 1347.6
1294560 1347.6
1294570 1342.3
1294580 1336.5
1294590 1336.5
1294600 1328.1
1294610 1321.8
1294620 1321.8
1294630 1312.9
1294640 1307.9
1294650 1307.9
1294660 1303.7
1294670 1293.5
1294680 1293.5
1294690 1277.9
1294700 1270.1
1294710 1270.1
1294720 1255.5
1294730 1243.8
1294740 1243.8
1294750 1235.3
1294760 1230.5
1294770 1230.5
1294780 1226.1
1294790 1222.0
1294800 1222.0
1294810 1218.4
1294820 1214.7
1294830 1211.6
1294840 1211.6
1294850 1209.0
1294860 1206.5
1294870 1206.5
1294880 1203.6
1294890 1199.4
1294900 1199.4
1294910 1195.0
1294920 1193.3
1294930 1193.3
1294940 1192.4
1294950 1191.2
1294960 1191.2
1294970 1190.9
1294980 1189.6
1294990 1189.6
1295000 1187.5
1295010 1185.1
1295020 1185.1
1295030 1182.6
1295040 1178.9
1295050 1178.9
1295060 1175.1
1295070 1171.8
1295080 1171.8
1295090 1168.7
1295100 1166.4
1295110 1166.4
1295120 1164.6
1295130 1158.9
1295140 1157.4
1295150 1157.4
1295160 1155.3
1295170 1152.6
1295180 1152.6
1295190 1149.3
1295200 1145.9
1295210 1145.9
1295220 1142.7
1295230 1139.0
1295240 1139.0
1295250 1134.7
1295260 1133.1
1295270 1133.1
1295280 1130.3
1295290 1127.1
1295300 1127.1
1295310 1124.4
1295320 1121.8
1295330 1121.8
1295340 1118.9
1295350 1116.3
1295360 1116.3
1295370 1114.1
1295380 1112.3
1295390 1112.3
1295400 1111.5
1295410 1110.8
1295420 1110.8
1295430 1110.4
1295440 1110.3
1295450 1110.0
1295460 1110.0
1295470 1108.9
1295480 1107.8
1295490 1107.8
1295500 1107.2
1295510 1106.9
1295520 1106.9
1295530 1106.9
1295540 1106.6
1295550 1106.6
1295560 1106.4
1295570 1106.1
1295580 1106.1
1295590 1105.8
1295600 1105.4
1295610 1105.4
1295620 1103.9
1295630 1103.2
1295640 1103.2
1295650 1103.9
1295660 1103.3
1295670 1103.3
1295680 1104.0
1295690 1105.8
1295700 1105.8
1295710 1106.7
1295720 1107.4
1295730 1107.4
1295740 1108.1
1295750 1108.7
1295760 1109.3
1295770 1109.3
1295780 1109.8
1295790 1110.6
1295800 1110.6
1295810 1112.3
1295820 1113.1
1295830 1113.1
1295840 1114.0
1295850 1114.9
1295860 1114.9
1295870 1115.4
1295880 1115.8
1295890 1115.8
1295900 1116.2
1295910 1116.9
1295920 1116.9
1295930 1117.7
1295940 1118.5
1295950 1118.5
1295960 1118.8
1295970 1117.3
1295980 1117.3
1295990 1116.2
1296000 1117.5
1296010 1117.5
1296020 1118.8
1296030 1119.9
1296040 1119.9
1296050 1120.0
1296060 1120.1
1296070 1120.2
1296080 1120.2
1296090 1120.3
1296100 1120.6
1296110 1120.6
1296120 1121.0
1296130 1121.6
1296140 1121.6
1296150 1122.3
1296160 1122.3
1296170 1122.3
1296180 1122.4
1296190 1123.4
1296200 1123.4
1296210 1127.4
1296220 1131.9
1296230 1131.9
1296240 1136.5
1296250 1140.3
1296260 1140.3
1296270 1143.8
1296280 1146.7
1296290 1146.7
1296300 1149.9
1296310 1154.4
1296320 1154.4
1296330 1159.3
1296340 1164.4
1296350 1164.4
1296360 1170.1
1296370 1174.6
1296380 1178.3
1296390 1178.3
1296400 1181.4
1296410 1185.2
1296420 1185.2
1296430 1189.3
1296440 1193.6
1296450 1193.6
1296460 1197.1
1296470 1199.9
1296480 1203.5
1296490 1206.3
1296500 1209.5
1296510 1209.5
1296520 1212.7
1296530 1215.7
1296540 1215.7
1296550 1218.2
1296560 1219.9
1296570 1219.9
1296580 1221.9
1296590 1224.1
1296600 1224.1
1296610 1226.2
1296620 1228.6
1296630 1228.6
1296640 1231.2
1296650 1233.0
1296660 1233.0
1296670 1234.3
1296680 1235.7
1296690 1236.8
1296700 1236.8
1296710 1238.5
1296720 1240.8
1296730 1240.8
1296740 1243.4
1296750 1246.0
1296760 1246.0
1296770 1247.9
1296780 1245.6
1296790 1245.6
1296800 1242.0
1296810 1243.1
1296820 1243.1
1296830 1247.9
1296840 1252.5
1296850 1252.5
1296860 1257.3
1296870 1262.1
1296880 1262.1
1296890 1266.7
1296900 1271.3
1296910 1271.3
1296920 1275.8
1296930 1280.3
1296940 1280.3
1296950 1284.8
1296960 1289.3
1296970 1289.3
1296980 1293.5
1296990 1297.9
1297000 1301.4
1297010 1301.4
1297020 1303.9
1297030 1305.3
1297040 1305.3
1297050 1305.9
1297060 1305.3
1297070 1305.3
1297080 1303.8
1297090 1301.3
1297100 1301.3
1297110 1297.9
1297120 1294.4
1297130 1294.4
1297140 1291.2
1297150 1288.0
1297160 1291.8
1297170 1288.0
1297180 1284.6
1297190 1284.6
1297200 1284.0
1297210 1285.2
1297220 1285.2
1297230 1286.3
1297240 1287.3
1297250 1287.3
1297260 1288.3
1297270 1289.5
1297280 1289.5
1297290 1291.1
1297300 1293.6
1297310 1297.0
1297320 1297.0
1297330 1300.9
1297340 1304.5
1297350 1304.5
1297360 1307.0
1297370 1310.6
1297380 1310.6
1297390 1314.3
1297400 1319.7
1297410 1319.7
1297420 1325.4
1297430 1331.5
1297440 1331.5
1297450 1338.0
1297460 1345.0
1297470 1345.0
1297480 1351.9
1297490 1359.2
1297500 1359.2
1297510 1366.1
1297520 1372.3
1297530 1372.3
1297540 1378.8
1297550 1389.3
1297560 1389.3
1297570 1401.9
1297580 1406.2
1297590 1406.2
1297600 1417.5
1297610 1436.4
1297620 1452.9
1297630 1452.9
1297640 1466.8
1297650 1489.0
1297660 1489.0
1297670 1513.5
1297680 1534.6
1297690 1534.6
1297700 1546.7
1297710 1551.2
1297720 1551.2
1297730 1551.9
1297740 1553.5
1297750 1553.5
1297760 1562.4
1297770 1573.6
1297780 1573.6
1297790 1580.8
1297800 1585.0
1297810 1585.0
1297820 1587.9
1297830 1589.8
1297840 1589.8
1297850 1595.9
1297860 1597.6
1297870 1597.6
1297880 1598.4
1297890 1597.5
1297900 1597.5
1297910 1594.0
1297920 1580.1
1297930 1584.5
1297940 1584.5
1297950 1602.7
1297960 1607.6
1297970 1607.6
1297980 1617.5
1297990 1629.5
1298000 1629.5
1298010 1636.6
1298020 1642.1
1298030 1642.1
1298040 1645.9
1298050 1651.4
1298060 1651.4
1298070 1657.8
1298080 1664.9
1298090 1664.9
1298100 1674.4
1298110 1680.3
1298120 1680.3
1298130 1685.6
1298140 1683.8
1298150 1683.8
1298160 1686.1
1298170 1683.6
1298180 1683.6
1298190 1682.8
1298200 1691.3
1298210 1691.3
1298220 1707.2
1298230 1725.9
1298240 1732.5
1298250 1732.5
1298260 1734.1
1298270 1740.5
1298280 1740.5
1298290 1748.2
1298300 1755.4
1298310 1755.4
1298320 1762.6
1298330 1767.3
1298340 1767.3
1298350 1769.7
1298360 1770.9
1298370 1770.9
1298380 1772.0
1298390 1774.7
1298400 1774.7
1298410 1773.6
1298420 1768.5
1298430 1768.5
1298440 1767.9
1298450 1769.0
1298460 1769.0
1298470 1779.9
1298480 1784.8
1298490 1784.8
1298500 1780.0
1298510 1777.7
1298520 1777.7
1298530 1785.1
1298540 1779.8
1298550 1778.3
1298560 1778.3
1298570 1792.7
1298580 1814.7
1298590 1814.7
1298600 1823.7
1298610 1829.6
1298620 1829.6
1298630 1834.4
1298640 1839.2
1298650 1839.2
1298660 1839.9
1298670 1829.3
1298680 1829.3
1298690 1818.9
1298700 1812.3
1298710 1812.3
1298720 1805.9
1298730 1799.6
1298740 1799.6
1298750 1793.0
1298760 1786.0
1298770 1786.0
1298780 1779.5
1298790 1773.7
1298800 1773.7
1298810 1768.0
1298820 1762.9
1298830 1762.9
1298840 1759.3
1298850 1755.7
1298860 1751.4
1298870 1751.4
1298880 1747.7
1298890 1744.9
1298900 1744.9
1298910 1742.4
1298920 1740.2
1298930 1740.2
1298940 1738.3
1298950 1739.0
1298960 1739.0
1298970 1739.9
1298980 1738.6
1298990 1738.6
1299000 1734.7
1299010 1730.4
1299020 1730.4
1299030 1725.3
1299040 1719.3
1299050 1719.3
1299060 1713.2
1299070 1707.2
1299080 1707.2
1299090 1700.8
1299100 1692.3
1299110 1692.3
1299120 1681.6
1299130 1662.7
1299140 1662.7
1299150 1639.6
1299160 1614.6
1299170 1582.0
1299180 1582.0
1299190 1571.1
1299200 1565.8
1299210 1565.8
1299220 1572.7
1299230 1568.7
1299240 1568.7
1299250 1561.4
1299260 1549.2
1299270 1549.2
1299280 1538.2
1299290 1529.3
1299300 1529.3
1299310 1522.8
1299320 1513.5
1299330 1513.5
1299340 1505.8
1299350 1499.5
1299360 1499.5
1299370 1492.2
1299380 1475.2
1299390 1475.2
1299400 1457.1
1299410 1439.2
1299420 1439.2
1299430 1432.0
1299440 1423.6
1299450 1423.6
1299460 1417.0
1299470 1414.3
1299480 1407.7
1299490 1407.7
1299500 1398.0
1299510 1393.8
1299520 1393.8
1299530 1390.3
1299540 1388.8
1299550 1388.8
1299560 1386.7
1299570 1382.8
1299580 1382.8
1299590 1376.6
1299600 1368.3
1299610 1368.3
1299620 1358.5
1299630 1348.8
1299640 1348.8
1299650 1331.5
1299660 1318.7
1299670 1318.7
1299680 1308.8
1299690 1294.0
1299700 1294.0
1299710 1283.6
1299720 1275.6
1299730 1275.6
1299740 1267.6
1299750 1259.6
1299760 1259.6
1299770 1252.3
1299780 1245.1
1299790 1237.4
1299800 1237.4
1299810 1223.9
1299820 1212.4
1299830 1212.4
1299840 1200.8
1299850 1192.8
1299860 1192.8
1299870 1186.0
1299880 1181.1
1299890 1181.1
1299900 1176.4
1299910 1167.5
1299920 1167.5
1299930 1163.4
1299940 1158.3
1299950 1158.3
1299960 1152.3
1299970 1146.6
1299980 1146.6
1299990 1142.2
