1280000 1683.6
1280010 1681.4
1280020 1681.4
1280030 1681.1
1280040 1681.7
1280050 1681.7
1280060 1687.7
1280070 1697.2
1280080 1697.2
1280090 1698.6
1280100 1697.7
1280110 1697.7
1280120 1701.1
1280130 1714.6
1280140 1714.6
1280150 1724.2
1280160 1727.0
1280170 1727.0
1280180 1728.0
1280190 1729.7
1280200 1729.7
1280210 1730.6
1280220 1731.8
1280230 1733.3
1280240 1733.3
1280250 1735.5
1280260 1736.0
1280270 1736.0
1280280 1736.0
1280290 1740.7
1280300 1740.7
1280310 1747.1
1280320 1746.7
1280330 1746.7
1280340 1747.8
1280350 1751.0
1280360 1751.0
1280370 1755.4
1280380 1756.7
1280390 1756.7
1280400 1758.3
1280410 1763.3
1280420 1763.3
1280430 1769.4
1280440 1775.5
1280450 1775.5
1280460 1777.5
1280470 1787.9
1280480 1787.9
1280490 1798.4
1280500 1806.2
1280510 1806.2
1280520 1811.5
1280530 1819.5
1280540 1819.5
1280550 1832.1
1280560 1841.8
1280570 1847.1
1280580 1847.1
1280590 1851.8
1280600 1856.0
1280610 1856.0
1280620 1867.0
1280630 1875.6
1280640 1875.6
1280650 1874.7
1280660 1879.7
1280670 1879.7
1280680 1889.4
1280690 1897.3
1280700 1897.3
1280710 1905.9
1280720 1913.3
1280730 1913.3
1280740 1921.0
1280750 1928.5
1280760 1928.5
1280770 1936.6
1280780 1943.8
1280790 1943.8
1280800 1950.4
1280810 1959.3
1280820 1959.3
1280830 1967.2
1280840 1973.2
1280850 1973.2
1280860 1977.7
1280870 1984.8
1280880 1992.2
1280890 1992.2
1280900 1998.7
1280910 2004.7
1280920 2004.7
1280930 2010.0
1280940 2015.7
1280950 2015.7
1280960 2022.0
1280970 2028.4
1280980 2028.4
1280990 2034.9
1281000 2041.5
1281010 2041.5
1281020 2047.5
1281030 2053.4
1281040 2053.4
1281050 2059.4
1281060 2067.5
1281070 2067.5
1281080 2076.8
1281090 2084.6
1281100 2083.0
1281110 2090.3
1281120 2098.1
1281130 2098.1
1281140 2105.8
1281150 2113.2
1281160 2113.2
1281170 2120.5
1281180 2127.8
1281190 2135.6
1281200 2135.6
1281210 2143.8
1281220 2151.3
1281230 2151.3
1281240 2158.6
1281250 2165.8
1281260 2165.8
1281270 2173.0
1281280 2180.1
1281290 2180.1
1281300 2187.2
1281310 2194.0
1281320 2194.0
1281330 2200.7
1281340 2207.1
1281350 2207.1
1281360 2213.1
1281370 2217.3
1281380 2217.3
1281390 2209.2
1281400 2196.2
1281410 2196.2
1281420 2188.2
1281430 2172.8
1281440 2172.8
1281450 2162.0
1281460 2147.7
1281470 2147.7
1281480 2131.6
1281490 2123.3
1281500 2116.2
1281510 2116.2
1281520 2109.4
1281530 2103.0
1281540 2103.0
1281550 2096.9
1281560 2090.8
1281570 2090.8
1281580 2084.7
1281590 2079.0
1281600 2079.0
1281610 2073.4
1281620 2067.5
1281630 2067.5
1281640 2061.7
1281650 2055.8
1281660 2055.8
1281670 2049.9
1281680 2044.2
1281690 2044.2
1281700 2038.8
1281710 2033.8
1281720 2033.8
1281730 2026.1
1281740 2021.2
1281750 2021.2
1281760 2017.3
1281770 2014.7
1281780 2014.7
1281790 2012.9
1281800 2011.2
1281810 2010.7
1281820 2010.7
1281830 2011.3
1281840 2012.7
1281850 2012.7
1281860 2014.1
1281870 2015.1
1281880 2015.1
1281890 2015.9
1281900 2017.5
1281910 2017.5
1281920 2019.5
1281930 2021.4
1281940 2021.4
1281950 2023.7
1281960 2027.4
1281970 2027.4
1281980 2033.2
1281990 2039.9
1282000 2039.9
1282010 2045.6
1282020 2050.7
1282030 2050.7
1282040 2054.7
1282050 2057.8
1282060 2057.8
1282070 2059.9
1282080 2064.3
1282090 2064.3
1282100 2071.6
1282110 2076.7
1282120 2079.5
1282130 2079.5
1282140 2082.2
1282150 2084.7
1282160 2084.7
1282170 2083.9
1282180 2089.1
1282190 2089.1
1282200 2093.3
1282210 2094.5
1282220 2094.5
1282230 2102.3
1282240 2109.3
1282250 2109.3
1282260 2116.2
1282270 2118.0
1282280 2118.0
1282290 2115.9
1282300 2097.9
1282310 2097.9
1282320 2075.4
1282330 2042.5
1282340 2042.5
1282350 2010.0
1282360 1953.3
1282370 1953.3
1282380 1928.1
1282390 1908.5
1282400 1908.5
1282410 1902.5
1282420 1899.9
1282430 1894.1
1282440 1894.1
1282450 1888.5
1282460 1878.4
1282470 1878.4
1282480 1872.6
1282490 1862.5
1282500 1862.5
1282510 1858.0
1282520 1860.1
1282530 1860.1
1282540 1854.6
1282550 1839.2
1282560 1839.2
1282570 1810.6
1282580 1791.3
1282590 1791.3
1282600 1770.2
1282610 1752.8
1282620 1752.8
1282630 1740.2
1282640 1735.7
1282650 1735.7
1282660 1724.0
1282670 1709.6
1282680 1709.6
1282690 1697.7
1282700 1690.3
1282710 1690.3
1282720 1682.4
1282730 1674.8
1282740 1667.5
1282750 1667.5
1282760 1661.1
1282770 1654.1
1282780 1654.1
1282790 1648.2
1282800 1641.3
1282810 1641.3
1282820 1634.8
1282830 1626.9
1282840 1626.9
1282850 1618.4
1282860 1607.8
1282870 1607.8
1282880 1597.3
1282890 1589.3
1282900 1589.3
1282910 1578.2
1282920 1567.0
1282930 1567.0
1282940 1558.8
1282950 1552.3
1282960 1552.3
1282970 1548.2
1282980 1537.3
1282990 1530.9
1283000 1518.1
1283010 1502.4
1283020 1502.4
1283030 1487.1
1283040 1484.4
1283050 1484.4
1283060 1486.8
1283070 1489.2
1283080 1492.6
1283090 1492.6
1283100 1498.0
1283110 1501.7
1283120 1501.7
1283130 1502.4
1283140 1505.8
1283150 1505.8
1283160 1504.8
1283170 1501.4
1283180 1501.4
1283190 1500.0
1283200 1498.3
1283210 1498.3
1283220 1495.8
1283230 1495.6
1283240 1495.6
1283250 1497.9
1283260 1495.7
1283270 1495.7
1283280 1490.9
1283290 1487.3
1283300 1487.3
1283310 1486.1
1283320 1484.5
1283330 1484.5
1283340 1482.7
1283350 1479.9
1283360 1479.9
1283370 1476.8
1283380 1476.6
1283390 1473.6
1283400 1473.6
1283410 1467.4
1283420 1459.9
1283430 1459.9
1283440 1450.9
1283450 1439.6
1283460 1439.6
1283470 1424.4
1283480 1406.8
1283490 1406.8
1283500 1389.1
1283510 1386.3
1283520 1386.3
1283530 1388.8
1283540 1375.0
1283550 1375.0
1283560 1346.9
1283570 1314.7
1283580 1314.7
1283590 1293.7
1283600 1285.8
1283610 1285.8
1283620 1276.8
1283630 1271.1
1283640 1271.1
1283650 1264.9
1283660 1258.5
1283670 1258.5
1283680 1252.3
1283690 1246.8
1283700 1241.5
1283710 1241.5
1283720 1236.1
1283730 1230.6
1283740 1230.6
1283750 1225.3
1283760 1220.0
1283770 1220.0
1283780 1214.9
1283790 1209.7
1283800 1209.7
1283810 1204.4
1283820 1199.0
1283830 1199.0
1283840 1193.4
1283850 1188.0
1283860 1188.0
1283870 1182.8
1283880 1178.0
1283890 1178.0
1283900 1173.5
1283910 1169.0
1283920 1169.0
1283930 1164.5
1283940 1159.0
1283950 1159.0
1283960 1152.5
1283970 1145.3
1283980 1145.3
1283990 1138.7
1284000 1134.1
1284010 1133.1
1284020 1133.1
1284030 1132.1
1284040 1131.6
1284050 1131.6
1284060 1131.2
1284070 1131.0
1284080 1131.0
1284090 1130.9
1284100 1130.6
1284110 1130.6
1284120 1130.3
1284130 1129.5
1284140 1129.5
1284150 1128.5
1284160 1127.5
1284170 1127.5
1284180 1126.9
1284190 1126.7
1284200 1126.7
1284210 1126.6
1284220 1126.6
1284230 1126.6
1284240 1126.5
1284250 1128.3
1284260 1130.9
1284270 1135.8
1284280 1142.0
1284290 1142.0
1284300 1149.1
1284310 1155.9
1284320 1159.4
1284330 1159.4
1284340 1162.3
1284350 1164.8
1284360 1164.8
1284370 1167.6
1284380 1170.5
1284390 1170.5
1284400 1173.2
1284410 1176.0
1284420 1176.0
1284430 1179.0
1284440 1181.9
1284450 1181.9
1284460 1185.0
1284470 1187.9
1284480 1187.9
1284490 1190.9
1284500 1194.1
1284510 1194.1
1284520 1197.2
1284530 1200.6
1284540 1200.6
1284550 1204.1
1284560 1207.9
1284570 1207.9
1284580 1212.0
1284590 1216.6
1284600 1216.6
1284610 1221.3
1284620 1222.6
1284630 1218.1
1284640 1218.1
1284650 1213.5
1284660 1211.3
1284670 1211.3
1284680 1214.6
1284690 1218.3
1284700 1218.3
1284710 1225.0
1284720 1236.7
1284730 1236.7
1284740 1246.9
1284750 1251.6
1284760 1251.6
1284770 1255.6
1284780 1260.4
1284790 1260.4
1284800 1263.8
1284810 1267.0
1284820 1267.0
1284830 1269.8
1284840 1271.8
1284850 1271.8
1284860 1272.7
1284870 1274.7
1284880 1274.7
1284890 1273.7
1284900 1281.2
1284910 1281.2
1284920 1281.7
1284930 1283.4
1284940 1283.9
1284950 1283.9
1284960 1281.9
1284970 1291.7
1284980 1291.7
1284990 1301.3
1285000 1308.5
1285010 1308.5
1285020 1314.4
1285030 1322.6
1285040 1322.6
1285050 1334.9
1285060 1342.3
1285070 1342.3
1285080 1348.3
1285090 1354.5
1285100 1354.5
1285110 1359.6
1285120 1364.6
1285130 1364.6
1285140 1369.6
1285150 1374.8
1285160 1374.8
1285170 1379.8
1285180 1385.0
1285190 1385.0
1285200 1391.8
1285210 1399.6
1285220 1399.6
1285230 1407.9
1285240 1415.2
1285250 1422.6
1285260 1422.6
1285270 1430.2
1285280 1436.4
1285290 1436.4
1285300 1442.3
1285310 1447.8
1285320 1447.8
1285330 1453.3
1285340 1458.7
1285350 1458.7
1285360 1463.2
1285370 1466.5
1285380 1466.5
1285390 1467.5
1285400 1466.1
1285410 1466.1
1285420 1465.6
1285430 1465.9
1285440 1465.9
1285450 1467.6
1285460 1467.9
1285470 1467.9
1285480 1469.5
1285490 1474.6
1285500 1474.6
1285510 1479.4
1285520 1484.2
1285530 1484.2
1285540 1487.2
1285550 1491.0
1285560 1494.1
1285570 1494.1
1285580 1499.5
1285590 1505.3
1285600 1505.3
1285610 1513.6
1285620 1522.8
1285630 1522.8
1285640 1536.7
1285650 1546.9
1285660 1546.9
1285670 1553.7
1285680 1560.3
1285690 1560.3
1285700 1565.0
1285710 1569.9
1285720 1569.9
1285730 1575.8
1285740 1581.4
1285750 1581.4
1285760 1585.9
1285770 1590.9
1285780 1590.9
1285790 1598.2
1285800 1606.5
1285810 1606.5
1285820 1613.4
1285830 1619.4
1285840 1619.4
1285850 1625.7
1285860 1632.4
1285870 1638.6
1285880 1638.6
1285890 1642.6
1285900 1643.6
1285910 1643.6
1285920 1644.3
1285930 1646.7
1285940 1646.7
1285950 1654.5
1285960 1662.6
1285970 1662.6
1285980 1671.8
1285990 1682.7
1286000 1682.7
1286010 1692.1
1286020 1701.5
1286030 1701.5
1286040 1708.8
1286050 1715.5
1286060 1715.5
1286070 1722.3
1286080 1728.5
1286090 1728.5
1286100 1733.2
1286110 1738.8
1286120 1738.8
1286130 1744.8
1286140 1750.6
1286150 1750.6
1286160 1756.4
1286170 1761.8
1286180 1764.1
1286190 1764.1
1286200 1770.6
1286210 1777.2
1286220 1777.2
1286230 1783.5
1286240 1789.5
1286250 1789.5
1286260 1794.5
1286270 1796.2
1286280 1796.2
1286290 1789.3
1286300 1779.8
1286310 1779.8
1286320 1773.6
1286330 1762.7
1286340 1762.7
1286350 1747.3
1286360 1739.6
1286370 1739.6
1286380 1727.7
1286390 1716.5
1286400 1716.5
1286410 1707.1
1286420 1676.0
1286430 1676.0
1286440 1659.0
1286450 1648.3
1286460 1648.3
1286470 1638.6
1286480 1629.6
1286490 1629.6
1286500 1621.3
1286510 1614.2
1286520 1606.3
1286530 1606.3
1286540 1599.3
1286550 1593.1
1286560 1593.1
1286570 1589.7
1286580 1585.5
1286590 1585.5
1286600 1576.0
1286610 1572.8
1286620 1572.8
1286630 1572.0
1286640 1569.5
1286650 1569.5
1286660 1558.6
1286670 1542.1
1286680 1542.1
1286690 1536.3
1286700 1531.6
1286710 1531.6
1286720 1524.7
1286730 1518.3
1286740 1518.3
1286750 1511.9
1286760 1506.3
1286770 1506.3
1286780 1502.0
1286790 1498.7
1286800 1498.7
1286810 1495.5
1286820 1492.0
1286830 1494.6
1286840 1494.6
1286850 1492.0
1286860 1488.8
1286870 1488.8
1286880 1484.5
1286890 1480.7
1286900 1480.7
1286910 1478.4
1286920 1477.6
1286930 1477.6
1286940 1478.4
1286950 1479.0
1286960 1479.0
1286970 1476.6
1286980 1478.3
1286990 1478.3
1287000 1496.0
1287010 1514.8
1287020 1514.8
1287030 1526.5
1287040 1529.2
1287050 1529.2
1287060 1523.4
1287070 1512.2
1287080 1512.2
1287090 1495.6
1287100 1486.3
1287110 1486.3
1287120 1489.4
1287130 1496.1
1287140 1491.4
1287150 1491.4
1287160 1481.1
1287170 1469.5
1287180 1469.5
1287190 1463.9
1287200 1457.8
1287210 1457.8
1287220 1450.8
1287230 1441.6
1287240 1441.6
1287250 1430.8
1287260 1426.0
1287270 1426.0
1287280 1425.7
1287290 1420.3
1287300 1420.3
1287310 1418.5
1287320 1423.7
1287330 1423.7
1287340 1428.6
1287350 1431.1
1287360 1431.1
1287370 1434.1
1287380 1439.9
1287390 1439.9
1287400 1449.2
1287410 1457.3
1287420 1457.3
1287430 1466.0
1287440 1474.0
1287450 1471.4
1287460 1471.4
1287470 1468.1
1287480 1464.1
1287490 1464.1
1287500 1457.9
1287510 1452.9
1287520 1452.9
1287530 1451.5
1287540 1449.7
1287550 1449.7
1287560 1445.6
1287570 1437.2
1287580 1437.2
1287590 1430.4
1287600 1420.7
1287610 1420.7
1287620 1412.9
1287630 1403.8
1287640 1403.8
1287650 1393.8
1287660 1384.9
1287670 1384.9
1287680 1372.6
1287690 1355.3
1287700 1355.3
1287710 1338.4
1287720 1326.1
1287730 1326.1
1287740 1319.9
1287750 1315.4
1287760 1311.0
1287770 1311.0
1287780 1305.7
1287790 1300.2
1287800 1300.2
1287810 1295.0
1287820 1289.5
1287830 1289.5
1287840 1283.4
1287850 1279.8
1287860 1279.8
1287870 1282.2
1287880 1286.7
1287890 1286.7
1287900 1287.1
1287910 1283.1
1287920 1283.1
1287930 1278.2
1287940 1273.9
1287950 1273.9
1287960 1267.3
1287970 1248.7
1287980 1248.7
1287990 1237.0
1288000 1227.6
1288010 1227.6
1288020 1219.8
1288030 1211.4
1288040 1211.4
1288050 1203.4
1288060 1196.9
1288070 1190.9
1288080 1190.9
1288090 1185.4
1288100 1180.7
1288110 1180.7
1288120 1177.7
1288130 1175.3
1288140 1175.3
1288150 1171.0
1288160 1166.8
1288170 1166.8
1288180 1162.8
1288190 1158.9
1288200 1158.9
1288210 1155.4
1288220 1152.1
1288230 1152.1
1288240 1148.9
1288250 1146.0
1288260 1146.0
1288270 1143.2
1288280 1140.0
1288290 1140.0
1288300 1136.9
1288310 1133.4
1288320 1133.4
1288330 1130.6
1288340 1129.7
1288350 1129.7
1288360 1127.9
1288370 1127.3
1288380 1127.6
1288390 1127.6
1288400 1126.7
1288410 1125.8
1288420 1125.8
1288430 1124.4
1288440 1123.2
1288450 1123.2
1288460 1122.3
1288470 1121.3
1288480 1121.3
1288490 1120.3
1288500 1119.3
1288510 1119.3
1288520 1118.5
1288530 1117.6
1288540 1117.6
1288550 1116.6
1288560 1115.9
1288570 1115.9
1288580 1115.2
1288590 1113.9
1288600 1113.9
1288610 1113.2
1288620 1112.6
1288630 1112.6
1288640 1111.9
1288650 1111.1
1288660 1111.1
1288670 1110.4
1288680 1110.3
1288690 1109.9
1288700 1109.9
1288710 1108.5
1288720 1108.0
1288730 1108.0
1288740 1108.0
1288750 1108.1
1288760 1108.1
1288770 1108.7
1288780 1109.6
1288790 1109.6
1288800 1110.0
1288810 1110.4
1288820 1110.4
1288830 1110.9
1288840 1111.2
1288850 1111.2
1288860 1111.6
1288870 1111.8
1288880 1111.8
1288890 1112.1
1288900 1112.5
1288910 1112.5
1288920 1113.0
1288930 1113.6
1288940 1113.6
1288950 1114.4
1288960 1116.8
1288970 1116.8
1288980 1122.5
1288990 1128.9
1289000 1133.7
1289010 1133.7
1289020 1136.1
1289030 1137.0
1289040 1137.0
1289050 1137.8
1289060 1138.3
1289070 1138.3
1289080 1134.5
1289090 1129.9
1289100 1129.9
1289110 1128.3
1289120 1128.4
1289130 1128.4
1289140 1129.0
1289150 1129.3
1289160 1129.3
1289170 1129.7
1289180 1130.7
1289190 1130.7
1289200 1131.9
1289210 1133.0
1289220 1133.0
1289230 1134.7
1289240 1136.2
1289250 1136.2
1289260 1138.2
1289270 1140.6
1289280 1140.6
1289290 1143.4
1289300 1146.2
1289310 1148.9
1289320 1148.9
1289330 1151.8
1289340 1155.1
1289350 1155.1
1289360 1158.5
1289370 1162.0
1289380 1162.0
1289390 1165.5
1289400 1168.9
1289410 1168.9
1289420 1172.7
1289430 1177.8
1289440 1177.8
1289450 1182.0
1289460 1186.1
1289470 1186.1
1289480 1190.1
1289490 1194.6
1289500 1194.6
1289510 1199.6
1289520 1205.0
1289530 1205.0
1289540 1210.7
1289550 1215.1
1289560 1215.1
1289570 1220.3
1289580 1224.9
1289590 1224.9
1289600 1229.2
1289610 1233.5
1289620 1233.5
1289630 1237.7
1289640 1242.0
1289650 1246.1
1289660 1246.1
1289670 1250.1
1289680 1254.4
1289690 1254.4
1289700 1259.0
1289710 1263.5
1289720 1263.5
1289730 1268.0
1289740 1272.8
1289750 1272.8
1289760 1277.5
1289770 1282.2
1289780 1282.2
1289790 1286.8
1289800 1291.2
1289810 1291.2
1289820 1296.0
1289830 1300.7
1289840 1300.7
1289850 1305.5
1289860 1310.1
1289870 1310.1
1289880 1314.7
1289890 1319.5
1289900 1319.5
1289910 1324.4
1289920 1329.1
1289930 1329.1
1289940 1333.8
1289950 1338.5
1289960 1343.3
1289970 1343.3
1289980 1348.2
1289990 1353.1
1290000 1353.1
1290010 1358.2
1290020 1363.6
1290030 1363.6
1290040 1368.7
1290050 1374.1
1290060 1374.1
1290070 1379.5
1290080 1384.9
1290090 1384.5
1290100 1389.7
1290110 1395.0
1290120 1395.0
1290130 1400.3
1290140 1405.8
1290150 1405.8
1290160 1409.5
1290170 1411.1
1290180 1411.1
1290190 1416.0
1290200 1422.2
1290210 1422.2
1290220 1429.3
1290230 1437.5
1290240 1437.5
1290250 1444.9
1290260 1452.2
1290270 1458.7
1290280 1458.7
1290290 1466.3
1290300 1471.1
1290310 1471.1
1290320 1476.1
1290330 1482.3
1290340 1482.3
1290350 1488.3
1290360 1494.4
1290370 1494.4
1290380 1500.1
1290390 1504.4
1290400 1504.4
1290410 1510.1
1290420 1516.7
1290430 1516.7
1290440 1524.4
1290450 1533.8
1290460 1533.8
1290470 1543.0
1290480 1551.6
1290490 1551.6
1290500 1559.1
1290510 1565.7
1290520 1565.7
1290530 1571.6
1290540 1577.8
1290550 1577.8
1290560 1584.0
1290570 1590.3
1290580 1596.9
1290590 1596.9
1290600 1603.2
1290610 1609.7
1290620 1609.7
1290630 1616.4
1290640 1623.2
1290650 1623.2
1290660 1629.8
1290670 1635.9
1290680 1635.9
1290690 1641.9
1290700 1648.0
1290710 1648.0
1290720 1654.0
1290730 1660.4
1290740 1660.3
1290750 1667.6
1290760 1674.3
1290770 1674.3
1290780 1679.7
1290790 1682.1
1290800 1682.1
1290810 1686.2
1290820 1691.6
1290830 1691.6
1290840 1695.4
1290850 1691.7
1290860 1691.7
1290870 1684.4
1290880 1673.3
1290890 1664.0
1290900 1664.0
1290910 1664.5
1290920 1675.1
1290930 1675.1
1290940 1685.3
1290950 1698.4
1290960 1698.4
1290970 1710.3
1290980 1718.8
1290990 1718.8
1291000 1730.9
1291010 1735.6
1291020 1735.6
1291030 1739.0
1291040 1742.9
1291050 1742.9
1291060 1745.1
1291070 1749.9
1291080 1749.9
1291090 1750.1
1291100 1748.1
1291110 1748.1
1291120 1748.3
1291130 1748.5
1291140 1748.5
1291150 1755.7
1291160 1764.1
1291170 1764.1
1291180 1770.2
1291190 1771.6
1291200 1771.2
1291210 1771.2
1291220 1768.2
1291230 1769.3
1291240 1769.3
1291250 1772.6
1291260 1769.1
1291270 1769.1
1291280 1766.5
1291290 1768.3
1291300 1768.3
1291310 1765.4
1291320 1767.2
1291330 1767.2
1291340 1765.7
1291350 1761.9
1291360 1761.9
1291370 1757.0
1291380 1750.5
1291390 1750.5
1291400 1754.2
1291410 1751.6
1291420 1751.6
1291430 1753.8
1291440 1754.9
1291450 1754.9
1291460 1750.4
1291470 1754.1
1291480 1754.1
1291490 1754.0
1291500 1757.0
1291510 1758.5
1291520 1758.5
1291530 1761.8
1291540 1767.8
1291550 1767.8
1291560 1769.7
1291570 1767.2
1291580 1767.2
1291590 1765.8
1291600 1764.7
1291610 1764.7
1291620 1758.8
1291630 1742.2
1291640 1742.2
1291650 1728.8
1291660 1737.0
1291670 1737.0
1291680 1742.6
1291690 1745.5
1291700 1745.5
1291710 1745.9
1291720 1745.9
1291730 1745.9
1291740 1751.1
1291750 1749.4
1291760 1749.4
1291770 1739.6
1291780 1726.5
1291790 1726.5
1291800 1724.8
1291810 1727.2
1291820 1715.0
1291830 1715.0
1291840 1704.5
1291850 1695.6
1291860 1695.6
1291870 1705.5
1291880 1702.7
1291890 1702.7
1291900 1678.1
1291910 1684.2
1291920 1684.2
1291930 1689.7
1291940 1675.4
1291950 1675.4
1291960 1658.5
1291970 1639.8
1291980 1639.8
1291990 1629.0
1292000 1624.5
1292010 1624.5
1292020 1621.9
1292030 1616.7
1292040 1616.7
1292050 1613.5
1292060 1617.7
1292070 1617.7
1292080 1634.8
1292090 1649.5
1292100 1649.5
1292110 1661.1
1292120 1672.1
1292130 1685.6
1292140 1685.6
1292150 1694.6
1292160 1700.5
1292170 1700.5
1292180 1703.2
1292190 1709.5
1292200 1709.5
1292210 1716.8
1292220 1719.4
1292230 1719.4
1292240 1720.8
1292250 1720.7
1292260 1720.7
1292270 1721.6
1292280 1723.5
1292290 1723.5
1292300 1730.4
1292310 1737.1
1292320 1737.1
1292330 1745.0
1292340 1753.7
1292350 1753.7
1292360 1760.4
1292370 1767.1
1292380 1767.1
1292390 1773.0
1292400 1775.2
1292410 1775.2
1292420 1778.1
1292430 1784.0
1292440 1791.3
1292450 1791.3
1292460 1798.5
1292470 1805.6
1292480 1805.6
1292490 1812.5
1292500 1819.4
1292510 1819.4
1292520 1826.6
1292530 1835.6
1292540 1835.6
1292550 1848.4
1292560 1861.7
1292570 1861.7
1292580 1872.3
1292590 1876.2
1292600 1876.2
1292610 1880.5
1292620 1893.5
1292630 1893.5
1292640 1908.2
1292650 1920.6
1292660 1920.6
1292670 1932.6
1292680 1944.6
1292690 1944.6
1292700 1958.2
1292710 1969.6
1292720 1969.6
1292730 1980.7
1292740 1989.1
1292750 1989.1
1292760 1997.5
1292770 2006.0
1292780 2013.4
1292790 2013.4
1292800 2021.3
1292810 2028.7
1292820 2028.7
1292830 2033.8
1292840 2038.1
1292850 2038.1
1292860 2043.6
1292870 2049.4
1292880 2049.4
1292890 2056.0
1292900 2062.1
1292910 2062.1
1292920 2068.2
1292930 2075.5
1292940 2075.5
1292950 2083.9
1292960 2093.5
1292970 2093.5
1292980 2103.6
1292990 2113.6
1293000 2113.6
1293010 2126.6
1293020 2139.2
1293030 2139.2
1293040 2147.4
1293050 2152.6
1293060 2152.6
1293070 2157.7
1293080 2164.5
1293090 2171.9
1293100 2171.9
1293110 2179.7
1293120 2187.6
1293130 2187.6
1293140 2195.2
1293150 2203.2
1293160 2203.2
1293170 2211.3
1293180 2221.8
1293190 2221.8
1293200 2232.6
1293210 2241.2
1293220 2241.2
1293230 2249.4
1293240 2257.8
1293250 2257.8
1293260 2263.9
1293270 2262.8
1293280 2262.8
1293290 2259.3
1293300 2248.1
1293310 2248.1
1293320 2236.5
1293330 2233.2
1293340 2233.2
1293350 2218.6
1293360 2192.1
1293370 2192.1
1293380 2167.6
1293390 2159.7
1293400 2146.7
1293410 2146.7
1293420 2141.8
1293430 2138.2
1293440 2138.2
1293450 2134.7
1293460 2133.8
1293470 2133.8
1293480 2131.4
1293490 2129.0
1293500 2129.0
1293510 2127.2
1293520 2124.7
1293530 2124.7
1293540 2120.4
1293550 2117.6
1293560 2117.6
1293570 2112.2
1293580 2108.7
1293590 2108.7
1293600 2107.3
1293610 2106.5
1293620 2106.5
1293630 2101.6
1293640 2099.7
1293650 2099.7
1293660 2101.0
1293670 2095.0
1293680 2095.0
1293690 2087.8
1293700 2084.5
1293710 2084.4
1293720 2084.4
1293730 2079.2
1293740 2072.6
1293750 2072.6
1293760 2074.9
1293770 2079.4
1293780 2079.4
1293790 2066.1
1293800 2054.0
1293810 2054.0
1293820 2065.7
1293830 2080.7
1293840 2080.7
1293850 2084.9
1293860 2078.7
1293870 2078.7
1293880 2070.6
1293890 2062.3
1293900 2062.3
1293910 2055.7
1293920 2053.4
1293930 2053.4
1293940 2052.0
1293950 2050.8
1293960 2050.8
1293970 2048.8
1293980 2043.1
1293990 2043.1
1294000 2035.0
1294010 2027.1
1294020 2020.9
1294030 2020.9
1294040 2013.7
1294050 2004.4
1294060 1999.3
1294070 1991.9
1294080 1995.3
1294090 1995.3
1294100 1995.2
1294110 1997.2
1294120 1997.2
1294130 1990.4
1294140 1981.5
1294150 1981.5
1294160 1981.3
1294170 1982.9
1294180 1982.9
1294190 1978.7
1294200 1974.4
1294210 1974.4
1294220 1976.8
1294230 1981.6
1294240 1981.6
1294250 1978.6
1294260 1982.3
1294270 1982.3
1294280 1987.7
1294290 1984.2
1294300 1984.2
1294310 1978.7
1294320 1968.9
1294330 1963.7
1294340 1963.7
1294350 1962.5
1294360 1958.4
1294370 1958.4
1294380 1957.4
1294390 1958.9
1294400 1958.9
1294410 1958.6
1294420 1953.1
1294430 1953.1
1294440 1947.4
1294450 1942.1
1294460 1942.1
1294470 1943.7
1294480 1944.5
1294490 1944.5
1294500 1949.6
1294510 1949.5
1294520 1949.5
1294530 1952.0
1294540 1951.1
1294550 1951.1
1294560 1942.3
1294570 1933.2
1294580 1933.2
1294590 1926.6
1294600 1918.2
1294610 1918.2
1294620 1909.9
1294630 1901.9
1294640 1892.3
1294650 1892.3
1294660 1888.1
1294670 1879.8
1294680 1879.8
1294690 1875.9
1294700 1873.4
1294710 1873.4
1294720 1867.1
1294730 1864.7
1294740 1854.1
1294750 1852.8
1294760 1849.2
1294770 1849.2
1294780 1840.0
1294790 1841.8
1294800 1841.8
1294810 1841.2
1294820 1838.4
1294830 1838.4
1294840 1833.3
1294850 1823.2
1294860 1823.2
1294870 1812.3
1294880 1800.9
1294890 1800.9
1294900 1784.9
1294910 1769.3
1294920 1769.3
1294930 1763.3
1294940 1766.8
1294950 1770.4
1294960 1770.4
1294970 1768.1
1294980 1769.0
1294990 1769.0
1295000 1770.0
1295010 1769.5
1295020 1769.5
1295030 1765.4
1295040 1762.7
1295050 1762.7
1295060 1757.7
1295070 1748.3
1295080 1748.3
1295090 1736.7
1295100 1724.5
1295110 1724.5
1295120 1710.3
1295130 1700.2
1295140 1700.2
1295150 1689.6
1295160 1677.5
1295170 1677.5
1295180 1664.4
1295190 1652.7
1295200 1652.7
1295210 1640.8
1295220 1627.1
1295230 1627.1
1295240 1613.8
1295250 1608.2
1295260 1605.9
1295270 1605.9
1295280 1603.2
1295290 1596.0
1295300 1596.0
1295310 1584.0
1295320 1571.7
1295330 1571.7
1295340 1562.4
1295350 1555.6
1295360 1555.6
1295370 1549.1
1295380 1537.2
1295390 1537.2
1295400 1524.3
1295410 1506.8
1295420 1506.8
1295430 1497.3
1295440 1487.0
1295450 1487.0
1295460 1477.5
1295470 1466.6
1295480 1466.6
1295490 1452.1
1295500 1441.4
1295510 1441.4
1295520 1427.3
1295530 1413.6
1295540 1413.6
1295550 1406.6
1295560 1406.0
1295570 1415.1
1295580 1415.1
1295590 1421.0
1295600 1417.9
1295610 1417.9
1295620 1412.6
1295630 1405.4
1295640 1405.4
1295650 1398.5
1295660 1390.4
1295670 1390.4
1295680 1381.7
1295690 1373.0
1295700 1373.0
1295710 1357.7
1295720 1341.8
1295730 1341.8
1295740 1328.9
1295750 1320.0
1295760 1320.0
1295770 1316.9
1295780 1316.1
1295790 1316.1
1295800 1312.1
1295810 1307.9
1295820 1307.9
1295830 1306.4
1295840 1305.5
1295850 1305.5
1295860 1300.6
1295870 1294.3
1295880 1294.3
1295890 1289.7
1295900 1284.9
1295910 1278.9
1295920 1278.9
1295930 1274.6
1295940 1273.2
1295950 1273.2
1295960 1269.8
1295970 1265.7
1295980 1265.7
1295990 1261.2
1296000 1256.9
1296010 1256.9
1296020 1252.6
1296030 1248.2
1296040 1248.2
1296050 1243.9
1296060 1240.4
1296070 1240.4
1296080 1230.8
1296090 1227.6
1296100 1227.6
1296110 1223.9
1296120 1220.2
1296130 1220.2
1296140 1217.6
1296150 1215.5
1296160 1215.5
1296170 1213.1
1296180 1209.2
1296190 1209.2
1296200 1204.0
1296210 1199.5
1296220 1196.0
1296230 1196.0
1296240 1194.1
1296250 1193.9
1296260 1193.9
1296270 1194.9
1296280 1194.7
1296290 1194.7
1296300 1193.5
1296310 1191.3
1296320 1191.3
1296330 1189.2
1296340 1187.7
1296350 1187.7
1296360 1185.7
1296370 1182.0
1296380 1182.0
1296390 1178.8
1296400 1176.9
1296410 1176.9
1296420 1175.7
1296430 1174.6
1296440 1174.6
1296450 1172.3
1296460 1169.6
1296470 1169.6
1296480 1166.9
1296490 1164.3
1296500 1164.3
1296510 1162.5
1296520 1161.3
1296530 1160.0
1296540 1160.0
1296550 1158.1
1296560 1157.3
1296570 1157.3
1296580 1156.3
1296590 1154.6
1296600 1154.6
1296610 1152.5
1296620 1150.3
1296630 1150.3
1296640 1148.0
1296650 1144.2
1296660 1144.2
1296670 1141.6
1296680 1141.9
1296690 1141.9
1296700 1141.4
1296710 1138.8
1296720 1138.8
1296730 1136.0
1296740 1133.8
1296750 1133.8
1296760 1127.2
1296770 1125.2
1296780 1125.2
1296790 1124.3
1296800 1124.0
1296810 1124.0
1296820 1124.2
1296830 1125.3
1296840 1126.3
1296850 1126.3
1296860 1127.9
1296870 1128.0
1296880 1128.0
1296890 1126.8
1296900 1126.0
1296910 1126.0
1296920 1125.2
1296930 1124.5
1296940 1124.5
1296950 1123.8
1296960 1123.0
1296970 1123.0
1296980 1120.9
1296990 1119.4
1297000 1119.4
1297010 1116.6
1297020 1113.9
1297030 1113.9
1297040 1111.4
1297050 1108.5
1297060 1108.5
1297070 1105.9
1297080 1104.3
1297090 1104.3
1297100 1102.7
1297110 1100.8
1297120 1100.8
1297130 1099.0
1297140 1096.7
1297150 1093.9
1297160 1093.9
1297170 1091.6
1297180 1089.0
1297190 1089.0
1297200 1085.4
1297210 1081.9
1297220 1081.9
1297230 1078.1
1297240 1074.3
1297250 1074.3
1297260 1070.6
1297270 1066.9
1297280 1066.9
1297290 1063.1
1297300 1059.4
1297310 1059.4
1297320 1055.7
1297330 1052.4
1297340 1052.4
1297350 1049.1
1297360 1045.8
1297370 1045.8
1297380 1042.3
1297390 1039.6
1297400 1039.6
1297410 1037.5
1297420 1036.7
1297430 1036.7
1297440 1036.3
1297450 1035.8
1297460 1035.2
1297470 1035.2
1297480 1034.2
1297490 1033.8
1297500 1033.8
1297510 1033.4
1297520 1033.4
1297530 1033.4
1297540 1033.2
1297550 1032.8
1297560 1032.8
1297570 1032.5
1297580 1032.0
1297590 1032.0
1297600 1032.2
1297610 1031.7
1297620 1031.7
1297630 1030.9
1297640 1029.6
1297650 1029.6
1297660 1029.1
1297670 1029.8
1297680 1029.8
1297690 1030.6
1297700 1030.9
1297710 1030.9
1297720 1030.7
1297730 1030.4
1297740 1030.4
1297750 1030.1
1297760 1029.9
1297770 1029.5
1297780 1029.5
1297790 1029.1
1297800 1028.8
1297810 1028.8
1297820 1028.5
1297830 1028.2
1297840 1028.2
1297850 1027.9
1297860 1027.6
1297870 1027.6
1297880 1027.3
1297890 1026.6
1297900 1026.6
1297910 1025.5
1297920 1024.4
1297930 1024.4
1297940 1023.7
1297950 1022.0
1297960 1022.0
1297970 1021.0
1297980 1021.0
1297990 1021.0
1298000 1022.5
1298010 1024.7
1298020 1024.7
1298030 1027.1
1298040 1029.0
1298050 1029.0
1298060 1030.0
1298070 1030.0
1298080 1029.7
1298090 1029.7
1298100 1030.5
1298110 1029.6
1298120 1029.6
1298130 1033.0
1298140 1033.8
1298150 1033.8
1298160 1033.8
1298170 1031.7
1298180 1031.7
1298190 1030.9
1298200 1029.9
1298210 1029.9
1298220 1027.9
1298230 1028.4
1298240 1028.4
1298250 1031.0
1298260 1034.2
1298270 1034.2
1298280 1037.0
1298290 1038.9
1298300 1038.9
1298310 1041.3
1298320 1042.5
1298330 1042.5
1298340 1044.1
1298350 1046.4
1298360 1046.4
1298370 1047.2
1298380 1048.5
1298390 1051.1
1298400 1051.1
1298410 1053.4
1298420 1055.8
1298430 1055.8
1298440 1058.3
1298450 1060.5
1298460 1060.5
1298470 1062.8
1298480 1064.9
1298490 1064.9
1298500 1067.2
1298510 1069.1
1298520 1069.1
1298530 1070.8
1298540 1072.8
1298550 1072.8
1298560 1075.6
1298570 1078.9
1298580 1078.9
1298590 1082.5
1298600 1084.6
1298610 1084.6
1298620 1087.5
1298630 1092.0
1298640 1092.0
1298650 1094.7
1298660 1096.4
1298670 1096.4
1298680 1097.7
1298690 1098.1
1298700 1098.7
1298710 1098.7
1298720 1098.6
1298730 1098.4
1298740 1098.4
1298750 1099.1
1298760 1098.7
1298770 1098.7
1298780 1097.7
1298790 1096.3
1298800 1096.3
1298810 1102.5
1298820 1103.1
1298830 1103.1
1298840 1105.6
1298850 1109.0
1298860 1109.0
1298870 1111.6
1298880 1113.4
1298890 1113.4
1298900 1114.7
1298910 1116.0
1298920 1116.0
1298930 1117.4
1298940 1119.1
1298950 1119.1
1298960 1120.3
1298970 1120.5
1298980 1120.5
1298990 1120.7
1299000 1120.2
1299010 1121.2
1299020 1121.2
1299030 1122.6
1299040 1125.2
1299050 1125.2
1299060 1127.2
1299070 1128.8
1299080 1128.8
1299090 1130.4
1299100 1132.9
1299110 1132.9
1299120 1135.4
1299130 1138.6
1299140 1138.6
1299150 1140.4
1299160 1141.0
1299170 1141.0
1299180 1141.5
1299190 1141.6
1299200 1141.6
1299210 1143.7
1299220 1145.3
1299230 1145.3
1299240 1145.5
1299250 1144.6
1299260 1144.6
1299270 1144.0
1299280 1142.7
1299290 1142.7
1299300 1140.2
1299310 1138.5
1299320 1137.0
1299330 1137.0
1299340 1136.0
1299350 1135.7
1299360 1135.7
1299370 1135.5
1299380 1133.9
1299390 1133.9
1299400 1134.7
1299410 1136.9
1299420 1136.9
1299430 1137.9
1299440 1138.0
1299450 1138.0
1299460 1137.5
1299470 1138.3
1299480 1138.3
1299490 1139.1
1299500 1145.6
1299510 1145.6
1299520 1145.1
1299530 1145.0
1299540 1145.0
1299550 1144.9
1299560 1142.0
1299570 1142.0
1299580 1137.1
1299590 1129.6
1299600 1129.6
1299610 1122.2
1299620 1114.5
1299630 1114.5
1299640 1107.1
1299650 1103.6
1299660 1101.1
1299670 1101.1
1299680 1097.3
1299690 1093.2
1299700 1093.2
1299710 1089.3
1299720 1086.2
1299730 1086.2
1299740 1080.0
1299750 1073.5
1299760 1073.5
1299770 1068.8
1299780 1067.6
1299790 1067.6
1299800 1071.0
1299810 1071.0
1299820 1071.0
1299830 1067.9
1299840 1063.2
1299850 1063.2
1299860 1057.8
1299870 1051.9
1299880 1051.9
1299890 1046.8
1299900 1042.8
1299910 1042.8
1299920 1038.7
1299930 1034.7
1299940 1034.7
1299950 1031.1
1299960 1027.9
1299970 1025.8
1299980 1025.8
1299990 1023.1
