1280000 1735.1
1280010 1742.0
1280020 1742.0
1280030 1780.4
1280040 1809.5
1280050 1809.5
1280060 1815.4
1280070 1819.3
1280080 1819.3
1280090 1822.2
1280100 1824.8
1280110 1824.8
1280120 1828.6
1280130 1832.3
1280140 1834.5
1280150 1834.5
1280160 1836.3
1280170 1837.9
1280180 1837.9
1280190 1840.9
1280200 1844.5
1280210 1837.3
1280220 1840.6
1280230 1844.9
1280240 1844.9
1280250 1849.6
1280260 1855.1
1280270 1855.1
1280280 1861.1
1280290 1867.4
1280300 1867.4
1280310 1873.8
1280320 1881.2
1280330 1881.2
1280340 1894.2
1280350 1911.7
1280360 1911.7
1280370 1925.5
1280380 1935.1
1280390 1935.1
1280400 1946.2
1280410 1958.9
1280420 1958.9
1280430 1968.0
1280440 1971.6
1280450 1980.8
1280460 1980.8
1280470 2000.1
1280480 2022.2
1280490 2022.2
1280500 2033.2
1280510 2041.4
1280520 2041.4
1280530 2049.4
1280540 2056.1
1280550 2056.1
1280560 2062.9
1280570 2070.1
1280580 2070.1
1280590 2077.1
1280600 2084.1
1280610 2084.1
1280620 2091.0
1280630 2097.6
1280640 2097.6
1280650 2103.9
1280660 2110.1
1280670 2110.1
1280680 2116.0
1280690 2121.1
1280700 2121.1
1280710 2123.2
1280720 2126.0
1280730 2126.0
1280740 2126.3
1280750 2129.4
1280760 2129.4
1280770 2133.9
1280780 2138.6
1280790 2144.3
1280800 2144.3
1280810 2151.8
1280820 2161.7
1280830 2161.7
1280840 2174.7
1280850 2184.6
1280860 2184.6
1280870 2195.0
1280880 2205.7
1280890 2205.7
1280900 2214.9
1280910 2222.3
1280920 2222.3
1280930 2228.3
1280940 2233.1
1280950 2233.1
1280960 2237.2
1280970 2241.5
1280980 2241.5
1280990 2243.0
1281000 2246.6
1281010 2246.6
1281020 2250.9
1281030 2252.2
1281040 2252.2
1281050 2256.1
1281060 2262.4
1281070 2262.4
1281080 2268.8
1281090 2275.3
1281100 2283.2
1281110 2283.2
1281120 2291.6
1281130 2297.8
1281140 2297.8
1281150 2302.5
1281160 2308.0
1281170 2308.0
1281180 2315.3
1281190 2327.3
1281200 2327.3
1281210 2332.7
1281220 2331.3
1281230 2331.3
1281240 2316.8
1281250 2293.9
1281260 2293.9
1281270 2274.1
1281280 2260.7
1281290 2260.7
1281300 2242.4
1281310 2220.8
1281320 2220.8
1281330 2207.0
1281340 2197.3
1281350 2197.3
1281360 2188.9
1281370 2174.3
1281380 2174.3
1281390 2159.6
1281400 2150.7
1281410 2143.2
1281420 2143.2
1281430 2137.0
1281440 2131.7
1281450 2131.7
1281460 2126.1
1281470 2125.4
1281480 2125.4
1281490 2119.0
1281500 2113.5
1281510 2113.5
1281520 2109.3
1281530 2105.0
1281540 2105.0
1281550 2101.2
1281560 2100.7
1281570 2100.7
1281580 2101.1
1281590 2100.7
1281600 2100.7
1281610 2101.2
1281620 2104.1
1281630 2104.1
1281640 2107.1
1281650 2109.7
1281660 2109.7
1281670 2113.0
1281680 2119.4
1281690 2119.4
1281700 2131.7
1281710 2143.1
1281720 2158.5
1281730 2158.5
1281740 2176.6
1281750 2191.0
1281760 2191.0
1281770 2201.1
1281780 2215.5
1281790 2215.5
1281800 2235.3
1281810 2249.6
1281820 2249.6
1281830 2261.3
1281840 2271.8
1281850 2271.8
1281860 2283.0
1281870 2295.8
1281880 2295.8
1281890 2304.4
1281900 2317.7
1281910 2317.7
1281920 2328.4
1281930 2338.6
1281940 2338.6
1281950 2348.0
1281960 2355.1
1281970 2355.1
1281980 2362.7
1281990 2371.1
1282000 2371.1
1282010 2377.2
1282020 2375.1
1282030 2375.4
1282040 2375.4
1282050 2376.5
1282060 2376.2
1282070 2376.2
1282080 2375.6
1282090 2376.7
1282100 2380.4
1282110 2383.8
1282120 2392.3
1282130 2392.3
1282140 2396.6
1282150 2397.5
1282160 2397.5
1282170 2404.8
1282180 2402.8
1282190 2402.8
1282200 2399.9
1282210 2400.4
1282220 2400.4
1282230 2402.5
1282240 2405.1
1282250 2405.1
1282260 2404.1
1282270 2411.0
1282280 2411.0
1282290 2420.5
1282300 2422.0
1282310 2422.0
1282320 2411.3
1282330 2399.2
1282340 2399.2
1282350 2385.7
1282360 2366.6
1282370 2351.8
1282380 2351.8
1282390 2339.5
1282400 2327.5
1282410 2327.5
1282420 2313.5
1282430 2294.6
1282440 2294.6
1282450 2282.6
1282460 2288.6
1282470 2288.6
1282480 2309.7
1282490 2320.5
1282500 2320.5
1282510 2305.9
1282520 2280.8
1282530 2280.8
1282540 2254.0
1282550 2234.6
1282560 2234.6
1282570 2220.3
1282580 2213.5
1282590 2213.5
1282600 2215.4
1282610 2216.8
1282620 2216.8
1282630 2212.1
1282640 2197.7
1282650 2197.7
1282660 2178.3
1282670 2162.4
1282680 2155.4
1282690 2155.4
1282700 2145.4
1282710 2119.8
1282720 2119.8
1282730 2123.9
1282740 2108.7
1282750 2108.7
1282760 2094.7
1282770 2075.8
1282780 2075.8
1282790 2056.0
1282800 2038.7
1282810 2038.7
1282820 2022.7
1282830 2006.6
1282840 2006.6
1282850 1994.6
1282860 1988.6
1282870 1988.6
1282880 1972.4
1282890 1961.0
1282900 1961.0
1282910 1955.5
1282920 1948.9
1282930 1948.9
1282940 1947.4
1282950 1948.0
1282960 1948.0
1282970 1946.7
1282980 1944.6
1282990 1936.2
1283000 1936.2
1283010 1933.9
1283020 1933.2
1283030 1933.2
1283040 1929.4
1283050 1924.3
1283060 1924.3
1283070 1918.2
1283080 1912.0
1283090 1912.0
1283100 1905.6
1283110 1900.7
1283120 1900.7
1283130 1890.9
1283140 1880.7
1283150 1880.7
1283160 1876.4
1283170 1871.4
1283180 1871.4
1283190 1861.4
1283200 1852.1
1283210 1852.1
1283220 1844.2
1283230 1837.0
1283240 1837.0
1283250 1832.3
1283260 1827.6
1283270 1827.6
1283280 1822.0
1283290 1816.0
1283300 1810.1
1283310 1810.1
1283320 1802.7
1283330 1789.3
1283340 1789.3
1283350 1773.9
1283360 1756.7
1283370 1756.7
1283380 1739.9
1283390 1727.6
1283400 1727.6
1283410 1714.2
1283420 1704.1
1283430 1704.1
1283440 1692.4
1283450 1676.7
1283460 1676.7
1283470 1661.1
1283480 1648.9
1283490 1648.9
1283500 1639.3
1283510 1631.8
1283520 1631.8
1283530 1622.0
1283540 1617.3
1283550 1617.3
1283560 1608.7
1283570 1595.1
1283580 1595.1
1283590 1580.1
1283600 1556.7
1283610 1540.1
1283620 1540.1
1283630 1539.5
1283640 1534.7
1283650 1534.7
1283660 1533.2
1283670 1533.8
1283680 1533.8
1283690 1531.8
1283700 1525.1
1283710 1525.1
1283720 1524.4
1283730 1526.2
1283740 1526.2
1283750 1521.6
1283760 1513.1
1283770 1513.1
1283780 1507.1
1283790 1494.2
1283800 1494.2
1283810 1483.3
1283820 1479.5
1283830 1479.5
1283840 1487.4
1283850 1488.0
1283860 1488.0
1283870 1485.6
1283880 1481.5
1283890 1481.5
1283900 1477.8
1283910 1446.9
1283920 1350.6
1283930 1350.6
1283940 1305.1
1283950 1280.7
1283960 1280.7
1283970 1265.0
1283980 1256.4
1283990 1256.4
1284000 1247.4
1284010 1240.6
1284020 1240.6
1284030 1233.8
1284040 1226.6
1284050 1226.6
1284060 1219.6
1284070 1213.0
1284080 1213.0
1284090 1206.5
1284100 1200.3
1284110 1200.3
1284120 1194.9
1284130 1189.3
1284140 1189.3
1284150 1184.2
1284160 1179.6
1284170 1179.6
1284180 1174.6
1284190 1169.4
1284200 1169.4
1284210 1164.5
1284220 1159.8
1284230 1154.7
1284240 1154.7
1284250 1149.3
1284260 1143.4
1284270 1143.4
1284280 1137.6
1284290 1132.5
1284300 1132.5
1284310 1127.9
1284320 1122.8
1284330 1122.8
1284340 1118.1
1284350 1114.7
1284360 1114.7
1284370 1111.9
1284380 1108.6
1284390 1108.6
1284400 1105.9
1284410 1104.9
1284420 1104.9
1284430 1104.6
1284440 1105.0
1284450 1105.0
1284460 1107.6
1284470 1112.8
1284480 1112.8
1284490 1119.3
1284500 1127.0
1284510 1127.0
1284520 1132.6
1284530 1137.0
1284540 1137.0
1284550 1140.4
1284560 1143.6
1284570 1146.7
1284580 1146.7
1284590 1149.2
1284600 1151.8
1284610 1151.8
1284620 1154.1
1284630 1156.4
1284640 1157.8
1284650 1160.6
1284660 1162.5
1284670 1162.5
1284680 1164.0
1284690 1166.6
1284700 1166.6
1284710 1169.4
1284720 1173.4
1284730 1173.4
1284740 1179.3
1284750 1185.6
1284760 1185.6
1284770 1191.4
1284780 1197.6
1284790 1197.6
1284800 1203.8
1284810 1209.9
1284820 1209.9
1284830 1215.9
1284840 1221.5
1284850 1221.5
1284860 1226.8
1284870 1231.1
1284880 1233.2
1284890 1233.2
1284900 1235.1
1284910 1238.7
1284920 1238.7
1284930 1242.8
1284940 1245.3
1284950 1245.3
1284960 1248.0
1284970 1251.5
1284980 1251.5
1284990 1255.7
1285000 1260.3
1285010 1260.3
1285020 1265.2
1285030 1270.4
1285040 1270.4
1285050 1276.0
1285060 1281.5
1285070 1281.5
1285080 1287.1
1285090 1292.9
1285100 1292.9
1285110 1298.5
1285120 1305.0
1285130 1305.0
1285140 1312.5
1285150 1319.9
1285160 1319.9
1285170 1323.0
1285180 1324.2
1285190 1324.4
1285200 1324.4
1285210 1325.9
1285220 1328.9
1285230 1328.9
1285240 1329.0
1285250 1331.5
1285260 1331.5
1285270 1336.9
1285280 1347.9
1285290 1347.9
1285300 1354.2
1285310 1361.2
1285320 1361.2
1285330 1367.4
1285340 1373.7
1285350 1373.7
1285360 1381.0
1285370 1388.6
1285380 1388.6
1285390 1397.3
1285400 1412.1
1285410 1412.1
1285420 1435.6
1285430 1459.1
1285440 1459.1
1285450 1484.6
1285460 1514.3
1285470 1514.3
1285480 1534.8
1285490 1552.2
1285500 1566.8
1285510 1566.8
1285520 1579.0
1285530 1587.7
1285540 1587.7
1285550 1594.3
1285560 1599.3
1285570 1599.3
1285580 1605.2
1285590 1611.0
1285600 1611.0
1285610 1616.5
1285620 1622.6
1285630 1622.6
1285640 1629.0
1285650 1635.4
1285660 1635.4
1285670 1643.3
1285680 1651.6
1285690 1651.6
1285700 1662.8
1285710 1671.5
1285720 1671.5
1285730 1677.9
1285740 1684.6
1285750 1684.6
1285760 1690.4
1285770 1694.8
1285780 1694.8
1285790 1695.0
1285800 1697.5
1285810 1701.4
1285820 1701.4
1285830 1707.0
1285840 1713.3
1285850 1713.3
1285860 1722.0
1285870 1731.0
1285880 1731.0
1285890 1738.3
1285900 1744.9
1285910 1744.9
1285920 1754.8
1285930 1759.9
1285940 1759.9
1285950 1764.6
1285960 1767.6
1285970 1767.6
1285980 1769.2
1285990 1770.4
1286000 1770.4
1286010 1772.9
1286020 1778.7
1286030 1778.7
1286040 1786.6
1286050 1793.4
1286060 1793.4
1286070 1799.3
1286080 1805.2
1286090 1805.2
1286100 1811.0
1286110 1815.7
1286120 1817.5
1286130 1817.5
1286140 1818.8
1286150 1819.9
1286160 1819.9
1286170 1824.7
1286180 1831.5
1286190 1831.5
1286200 1837.3
1286210 1842.2
1286220 1842.2
1286230 1845.8
1286240 1853.2
1286250 1853.2
1286260 1861.6
1286270 1869.4
1286280 1869.4
1286290 1879.8
1286300 1890.4
1286310 1890.4
1286320 1897.6
1286330 1907.6
1286340 1907.6
1286350 1920.5
1286360 1931.1
1286370 1931.1
1286380 1938.7
1286390 1946.5
1286400 1946.5
1286410 1954.6
1286420 1961.6
1286430 1967.5
1286440 1967.5
1286450 1972.2
1286460 1974.5
1286470 1974.5
1286480 1976.3
1286490 1978.6
1286500 1978.6
1286510 1980.3
1286520 1981.4
1286530 1981.4
1286540 1982.3
1286550 1984.0
1286560 1990.4
1286570 1991.3
1286580 1988.4
1286590 1988.4
1286600 1971.5
1286610 1932.3
1286620 1932.3
1286630 1879.8
1286640 1869.2
1286650 1869.2
1286660 1863.6
1286670 1855.5
1286680 1855.5
1286690 1842.4
1286700 1836.1
1286710 1836.1
1286720 1836.4
1286730 1837.9
1286740 1837.9
1286750 1841.6
1286760 1840.4
1286770 1835.1
1286780 1835.1
1286790 1822.7
1286800 1818.1
1286810 1818.1
1286820 1811.6
1286830 1797.4
1286840 1797.4
1286850 1796.2
1286860 1797.8
1286870 1797.8
1286880 1796.6
1286890 1791.7
1286900 1791.7
1286910 1782.7
1286920 1771.8
1286930 1771.8
1286940 1759.5
1286950 1745.3
1286960 1745.3
1286970 1725.7
1286980 1711.1
1286990 1711.1
1287000 1696.2
1287010 1644.8
1287020 1644.8
1287030 1602.3
1287040 1581.0
1287050 1581.0
1287060 1536.8
1287070 1499.0
1287080 1487.3
1287090 1487.3
1287100 1479.2
1287110 1468.5
1287120 1468.5
1287130 1460.7
1287140 1453.4
1287150 1453.4
1287160 1446.4
1287170 1440.4
1287180 1440.4
1287190 1435.9
1287200 1438.2
1287210 1447.4
1287220 1451.0
1287230 1436.1
1287240 1436.1
1287250 1425.1
1287260 1425.5
1287270 1425.5
1287280 1426.2
1287290 1416.3
1287300 1416.3
1287310 1409.4
1287320 1402.1
1287330 1402.1
1287340 1394.1
1287350 1386.5
1287360 1386.5
1287370 1378.7
1287380 1370.7
1287390 1362.6
1287400 1362.6
1287410 1354.2
1287420 1345.0
1287430 1345.0
1287440 1337.2
1287450 1330.4
1287460 1330.4
1287470 1323.0
1287480 1315.3
1287490 1315.3
1287500 1307.1
1287510 1300.1
1287520 1300.1
1287530 1295.8
1287540 1291.8
1287550 1291.8
1287560 1286.7
1287570 1281.3
1287580 1281.3
1287590 1276.8
1287600 1270.4
1287610 1270.4
1287620 1261.8
1287630 1253.1
1287640 1253.1
1287650 1244.8
1287660 1237.3
1287670 1237.3
1287680 1230.9
1287690 1225.8
1287700 1219.0
1287710 1219.0
1287720 1212.6
1287730 1207.3
1287740 1207.3
1287750 1202.6
1287760 1198.6
1287770 1198.6
1287780 1194.8
1287790 1190.9
1287800 1190.9
1287810 1187.7
1287820 1184.6
1287830 1184.6
1287840 1180.8
1287850 1177.9
1287860 1180.0
1287870 1179.8
1287880 1178.7
1287890 1178.7
1287900 1178.9
1287910 1178.3
1287920 1178.3
1287930 1177.3
1287940 1176.3
1287950 1176.3
1287960 1173.4
1287970 1173.3
1287980 1173.3
1287990 1173.1
1288000 1171.7
1288010 1170.1
1288020 1170.1
1288030 1168.3
1288040 1166.9
1288050 1166.9
1288060 1166.8
1288070 1166.3
1288080 1166.3
1288090 1165.4
1288100 1164.0
1288110 1164.0
1288120 1162.2
1288130 1160.2
1288140 1160.2
1288150 1158.4
1288160 1156.9
1288170 1156.9
1288180 1155.9
1288190 1154.1
1288200 1154.1
1288210 1151.1
1288220 1148.7
1288230 1148.7
1288240 1146.9
1288250 1146.0
1288260 1146.0
1288270 1145.0
1288280 1143.8
1288290 1143.8
1288300 1142.8
1288310 1141.8
1288320 1140.2
1288330 1140.2
1288340 1138.3
1288350 1136.5
1288360 1136.5
1288370 1134.7
1288380 1133.0
1288390 1133.0
1288400 1131.4
1288410 1129.9
1288420 1129.9
1288430 1128.4
1288440 1126.9
1288450 1126.9
1288460 1125.4
1288470 1123.8
1288480 1123.8
1288490 1122.3
1288500 1121.1
1288510 1121.2
1288520 1119.8
1288530 1118.8
1288540 1118.8
1288550 1117.8
1288560 1116.4
1288570 1116.4
1288580 1115.1
1288590 1113.8
1288600 1113.8
1288610 1112.4
1288620 1111.1
1288630 1111.1
1288640 1110.5
1288650 1109.6
1288660 1108.3
1288670 1108.3
1288680 1107.0
1288690 1106.1
1288700 1106.1
1288710 1103.6
1288720 1096.6
1288730 1096.6
1288740 1092.6
1288750 1095.8
1288760 1095.8
1288770 1102.7
1288780 1110.5
1288790 1110.5
1288800 1116.4
1288810 1117.1
1288820 1117.1
1288830 1116.9
1288840 1117.2
1288850 1117.2
1288860 1119.2
1288870 1122.7
1288880 1122.7
1288890 1124.8
1288900 1126.8
1288910 1126.8
1288920 1128.2
1288930 1129.2
1288940 1129.2
1288950 1132.1
1288960 1136.0
1288970 1139.4
1288980 1139.4
1288990 1141.1
1289000 1141.9
1289010 1141.9
1289020 1142.2
1289030 1142.2
1289040 1142.2
1289050 1142.5
1289060 1143.9
1289070 1143.9
1289080 1148.1
1289090 1150.7
1289100 1150.7
1289110 1150.4
1289120 1151.5
1289130 1151.5
1289140 1153.5
1289150 1155.5
1289160 1155.2
1289170 1157.4
1289180 1159.7
1289190 1159.7
1289200 1161.9
1289210 1164.1
1289220 1164.1
1289230 1166.1
1289240 1168.4
1289250 1168.4
1289260 1170.8
1289270 1173.1
1289280 1175.2
1289290 1175.2
1289300 1177.2
1289310 1179.3
1289320 1179.3
1289330 1181.2
1289340 1182.9
1289350 1182.9
1289360 1184.2
1289370 1186.7
1289380 1186.7
1289390 1190.3
1289400 1194.7
1289410 1194.7
1289420 1199.6
1289430 1204.1
1289440 1204.1
1289450 1207.4
1289460 1209.5
1289470 1209.5
1289480 1210.9
1289490 1212.3
1289500 1212.3
1289510 1214.8
1289520 1218.0
1289530 1218.0
1289540 1221.9
1289550 1226.7
1289560 1226.7
1289570 1232.0
1289580 1237.3
1289590 1243.0
1289600 1243.0
1289610 1248.0
1289620 1250.4
1289630 1250.4
1289640 1252.3
1289650 1255.8
1289660 1255.8
1289670 1259.5
1289680 1263.5
1289690 1263.5
1289700 1268.6
1289710 1273.9
1289720 1273.9
1289730 1279.7
1289740 1285.9
1289750 1285.9
1289760 1292.1
1289770 1299.1
1289780 1299.1
1289790 1306.4
1289800 1313.4
1289810 1313.4
1289820 1320.0
1289830 1326.7
1289840 1326.7
1289850 1332.8
1289860 1338.1
1289870 1338.1
1289880 1342.3
1289890 1346.7
1289900 1352.6
1289910 1352.6
1289920 1359.1
1289930 1365.8
1289940 1365.8
1289950 1372.6
1289960 1379.2
1289970 1379.2
1289980 1385.2
1289990 1390.7
1290000 1390.7
1290010 1395.6
1290020 1400.1
1290030 1400.1
1290040 1404.3
1290050 1407.6
1290060 1407.6
1290070 1410.0
1290080 1411.5
1290090 1411.5
1290100 1411.9
1290110 1411.4
1290120 1411.4
1290130 1410.0
1290140 1407.0
1290150 1407.0
1290160 1401.2
1290170 1393.1
1290180 1393.1
1290190 1387.1
1290200 1383.6
1290210 1381.3
1290220 1381.3
1290230 1378.5
1290240 1373.5
1290250 1373.5
1290260 1367.8
1290270 1364.0
1290280 1364.0
1290290 1360.7
1290300 1358.0
1290310 1358.0
1290320 1355.3
1290330 1351.7
1290340 1351.7
1290350 1348.2
1290360 1345.5
1290370 1345.5
1290380 1343.9
1290390 1339.8
1290400 1339.8
1290410 1337.8
1290420 1335.5
1290430 1335.5
1290440 1332.6
1290450 1332.0
1290460 1332.0
1290470 1339.0
1290480 1341.6
1290490 1341.6
1290500 1343.9
1290510 1347.4
1290520 1352.4
1290530 1352.4
1290540 1358.2
1290550 1365.3
1290560 1365.3
1290570 1372.4
1290580 1377.8
1290590 1377.8
1290600 1378.0
1290610 1376.8
1290620 1376.8
1290630 1375.9
1290640 1374.6
1290650 1374.6
1290660 1372.8
1290670 1371.4
1290680 1371.4
1290690 1370.0
1290700 1369.2
1290710 1369.2
1290720 1368.4
1290730 1367.1
1290740 1367.1
1290750 1367.3
1290760 1367.9
1290770 1367.9
1290780 1368.2
1290790 1367.7
1290800 1367.7
1290810 1367.0
1290820 1367.8
1290830 1367.8
1290840 1369.3
1290850 1368.8
1290860 1363.9
1290870 1363.9
1290880 1358.1
1290890 1353.3
1290900 1353.3
1290910 1349.5
1290920 1345.7
1290930 1345.7
1290940 1345.9
1290950 1346.9
1290960 1346.9
1290970 1344.5
1290980 1341.0
1290990 1341.0
1291000 1336.9
1291010 1335.6
1291020 1335.6
1291030 1335.5
1291040 1335.2
1291050 1335.2
1291060 1335.4
1291070 1335.1
1291080 1335.1
1291090 1336.3
1291100 1342.0
1291110 1342.0
1291120 1350.6
1291130 1353.2
1291140 1353.2
1291150 1350.0
1291160 1351.1
1291170 1350.1
1291180 1350.1
1291190 1344.7
1291200 1345.5
1291210 1345.5
1291220 1350.0
1291230 1350.0
1291240 1350.0
1291250 1345.9
1291260 1343.2
1291270 1343.2
1291280 1341.1
1291290 1339.9
1291300 1339.9
1291310 1347.6
1291320 1359.8
1291330 1359.8
1291340 1369.7
1291350 1386.9
1291360 1386.9
1291370 1402.6
1291380 1404.4
1291390 1404.4
1291400 1407.1
1291410 1411.6
1291420 1411.6
1291430 1416.7
1291440 1422.4
1291450 1422.4
1291460 1430.6
1291470 1439.3
1291480 1442.5
1291490 1442.5
1291500 1445.1
1291510 1448.4
1291520 1448.4
1291530 1452.0
1291540 1455.4
1291550 1455.4
1291560 1458.4
1291570 1461.3
1291580 1461.3
1291590 1464.4
1291600 1467.5
1291610 1467.5
1291620 1470.8
1291630 1474.0
1291640 1474.0
1291650 1477.0
1291660 1479.8
1291670 1479.8
1291680 1482.6
1291690 1485.1
1291700 1485.1
1291710 1486.9
1291720 1485.7
1291730 1485.7
1291740 1486.9
1291750 1491.4
1291760 1491.4
1291770 1494.8
1291780 1499.6
1291790 1504.7
1291800 1504.7
1291810 1506.7
1291820 1508.9
1291830 1508.9
1291840 1512.4
1291850 1516.4
1291860 1516.4
1291870 1520.6
1291880 1524.9
1291890 1524.9
1291900 1529.6
1291910 1535.3
1291920 1535.3
1291930 1540.4
1291940 1545.5
1291950 1545.5
1291960 1551.2
1291970 1557.2
1291980 1557.2
1291990 1563.4
1292000 1569.4
1292010 1569.4
1292020 1572.8
1292030 1577.8
1292040 1577.8
1292050 1584.9
1292060 1590.1
1292070 1590.1
1292080 1594.9
1292090 1600.2
1292100 1605.8
1292110 1605.8
1292120 1610.8
1292130 1615.0
1292140 1615.0
1292150 1619.8
1292160 1623.5
1292170 1623.5
1292180 1626.1
1292190 1627.3
1292200 1627.3
1292210 1627.5
1292220 1625.2
1292230 1625.2
1292240 1625.1
1292250 1625.7
1292260 1625.7
1292270 1628.2
1292280 1628.4
1292290 1628.4
1292300 1637.8
1292310 1640.5
1292320 1640.5
1292330 1639.7
1292340 1635.9
1292350 1635.9
1292360 1631.8
1292370 1630.1
1292380 1630.1
1292390 1627.8
1292400 1630.1
1292410 1633.3
1292420 1633.3
1292430 1635.4
1292440 1638.0
1292450 1638.0
1292460 1638.9
1292470 1642.8
1292480 1642.8
1292490 1646.9
1292500 1650.4
1292510 1650.4
1292520 1653.1
1292530 1655.0
1292540 1655.0
1292550 1656.6
1292560 1659.7
1292570 1659.7
1292580 1664.5
1292590 1668.0
1292600 1668.0
1292610 1670.8
1292620 1675.1
1292630 1675.1
1292640 1679.4
1292650 1684.6
1292660 1684.6
1292670 1690.7
1292680 1696.4
1292690 1696.4
1292700 1702.0
1292710 1707.7
1292720 1713.1
1292730 1713.1
1292740 1718.7
1292750 1724.8
1292760 1724.8
1292770 1731.5
1292780 1738.1
1292790 1738.1
1292800 1744.3
1292810 1750.2
1292820 1750.2
1292830 1756.8
1292840 1765.2
1292850 1765.2
1292860 1812.4
1292870 1872.4
1292880 1872.4
1292890 1891.0
1292900 1904.1
1292910 1904.1
1292920 1915.4
1292930 1927.9
1292940 1927.9
1292950 1939.5
1292960 1950.0
1292970 1950.0
1292980 1958.8
1292990 1964.9
1293000 1964.9
1293010 1969.6
1293020 1974.3
1293030 1974.3
1293040 1978.8
1293050 1982.8
1293060 1987.1
1293070 1987.1
1293080 1991.5
1293090 1995.5
1293100 1995.5
1293110 1999.6
1293120 2010.7
1293130 2010.7
1293140 2014.9
1293150 2019.3
1293160 2019.3
1293170 2023.5
1293180 2027.2
1293190 2027.2
1293200 2031.8
1293210 2037.1
1293220 2037.1
1293230 2045.0
1293240 2055.4
1293250 2055.4
1293260 2061.0
1293270 2065.1
1293280 2065.1
1293290 2069.4
1293300 2072.5
1293310 2072.5
1293320 2077.1
1293330 2085.6
1293340 2085.6
1293350 2093.1
1293360 2096.6
1293370 2097.0
1293380 2097.0
1293390 2092.4
1293400 2084.4
1293410 2084.4
1293420 2072.4
1293430 2056.1
1293440 2056.1
1293450 2046.4
1293460 2038.8
1293470 2038.8
1293480 2031.1
1293490 2022.9
1293500 2022.9
1293510 2014.5
1293520 2006.4
1293530 2006.4
1293540 1997.8
1293550 1988.6
1293560 1988.6
1293570 1979.3
1293580 1970.6
1293590 1970.6
1293600 1961.3
1293610 1948.3
1293620 1948.3
1293630 1936.9
1293640 1929.1
1293650 1929.1
1293660 1921.7
1293670 1913.3
1293680 1904.9
1293690 1904.9
1293700 1895.8
1293710 1889.8
1293720 1889.8
1293730 1885.6
1293740 1881.4
1293750 1881.4
1293760 1874.9
1293770 1866.7
1293780 1866.7
1293790 1865.3
1293800 1859.0
1293810 1859.0
1293820 1853.6
1293830 1847.7
1293840 1847.7
1293850 1841.6
1293860 1835.5
1293870 1835.5
1293880 1831.4
1293890 1826.8
1293900 1826.8
1293910 1821.8
1293920 1819.4
1293930 1819.4
1293940 1817.9
1293950 1817.4
1293960 1817.4
1293970 1817.6
1293980 1817.4
1293990 1816.8
1294000 1816.8
1294010 1816.5
1294020 1816.7
1294030 1816.7
1294040 1817.2
1294050 1817.6
1294060 1817.6
1294070 1818.3
1294080 1818.7
1294090 1818.7
1294100 1820.0
1294110 1822.5
1294120 1822.5
1294130 1826.2
1294140 1830.0
1294150 1830.0
1294160 1833.3
1294170 1836.6
1294180 1836.6
1294190 1839.6
1294200 1843.0
1294210 1843.0
1294220 1847.0
1294230 1851.1
1294240 1851.1
1294250 1855.9
1294260 1861.7
1294270 1861.7
1294280 1867.1
1294290 1873.8
1294300 1887.9
1294310 1887.9
1294320 1907.3
1294330 1915.8
1294340 1915.8
1294350 1920.4
1294360 1926.4
1294370 1926.4
1294380 1935.6
1294390 1945.2
1294400 1945.2
1294410 1956.4
1294420 1967.8
1294430 1967.8
1294440 1979.8
1294450 1993.0
1294460 1988.9
1294470 1999.6
1294480 2010.4
1294490 2010.4
1294500 2020.4
1294510 2028.8
1294520 2028.8
1294530 2035.3
1294540 2042.6
1294550 2042.6
1294560 2051.4
1294570 2058.4
1294580 2058.4
1294590 2067.3
1294600 2076.5
1294610 2084.8
1294620 2084.8
1294630 2094.9
1294640 2101.4
1294650 2101.4
1294660 2100.6
1294670 2110.5
1294680 2110.5
1294690 2123.4
1294700 2132.7
1294710 2132.7
1294720 2135.8
1294730 2131.7
1294740 2131.7
1294750 2127.6
1294760 2123.0
1294770 2123.0
1294780 2120.7
1294790 2114.1
1294800 2114.1
1294810 2100.9
1294820 2098.5
1294830 2098.5
1294840 2099.1
1294850 2100.3
1294860 2100.3
1294870 2089.3
1294880 2088.4
1294890 2088.4
1294900 2084.7
1294910 2078.5
1294920 2078.5
1294930 2074.8
1294940 2068.5
1294950 2062.9
1294960 2062.9
1294970 2058.0
1294980 2053.6
1294990 2053.6
1295000 2048.3
1295010 2043.1
1295020 2043.1
1295030 2038.9
1295040 2034.3
1295050 2034.3
1295060 2029.1
1295070 2023.9
1295080 2023.9
1295090 2020.5
1295100 2019.0
1295110 2019.0
1295120 2016.6
1295130 2006.7
1295140 2006.7
1295150 2005.6
1295160 2007.4
1295170 2007.4
1295180 2009.4
1295190 2007.4
1295200 2007.4
1295210 2005.0
1295220 2003.7
1295230 2003.7
1295240 2000.0
1295250 1995.4
1295260 1991.6
1295270 1991.6
1295280 1988.6
1295290 1984.1
1295300 1984.1
1295310 1977.5
1295320 1971.3
1295330 1971.3
1295340 1967.7
1295350 1961.9
1295360 1961.9
1295370 1955.2
1295380 1948.8
1295390 1948.8
1295400 1944.1
1295410 1943.9
1295420 1943.9
1295430 1944.8
1295440 1943.9
1295450 1943.9
1295460 1934.4
1295470 1924.2
1295480 1924.2
1295490 1913.2
1295500 1900.6
1295510 1900.6
1295520 1890.8
1295530 1882.4
1295540 1882.4
1295550 1874.6
1295560 1867.9
1295570 1862.8
1295580 1862.8
1295590 1859.7
1295600 1856.6
1295610 1856.6
1295620 1851.8
1295630 1844.4
1295640 1844.4
1295650 1837.6
1295660 1835.5
1295670 1835.5
1295680 1834.3
1295690 1830.4
1295700 1830.4
1295710 1822.3
1295720 1812.2
1295730 1812.2
1295740 1801.4
1295750 1789.7
1295760 1789.7
1295770 1776.3
1295780 1764.8
1295790 1764.8
1295800 1752.2
1295810 1731.8
1295820 1731.8
1295830 1711.0
1295840 1692.9
1295850 1692.9
1295860 1675.6
1295870 1656.8
1295880 1641.6
1295890 1641.6
1295900 1630.4
1295910 1616.6
1295920 1616.6
1295930 1608.8
1295940 1601.0
1295950 1601.0
1295960 1589.6
1295970 1578.9
1295980 1578.9
1295990 1570.6
1296000 1566.6
1296010 1566.6
1296020 1560.9
1296030 1548.5
1296040 1548.5
1296050 1540.1
1296060 1523.3
1296070 1523.3
1296080 1511.4
1296090 1499.5
1296100 1499.5
1296110 1493.8
1296120 1488.3
1296130 1488.3
1296140 1482.1
1296150 1476.0
1296160 1476.0
1296170 1469.6
1296180 1463.1
1296190 1456.9
1296200 1456.9
1296210 1450.9
1296220 1448.1
1296230 1448.1
1296240 1447.0
1296250 1443.8
1296260 1443.8
1296270 1439.5
1296280 1434.4
1296290 1434.4
1296300 1429.7
1296310 1425.5
1296320 1425.5
1296330 1421.2
1296340 1417.3
1296350 1417.3
1296360 1413.2
1296370 1408.5
1296380 1408.5
1296390 1403.6
1296400 1399.1
1296410 1399.1
1296420 1395.3
1296430 1391.6
1296440 1391.6
1296450 1387.3
1296460 1382.8
1296470 1382.8
1296480 1374.1
1296490 1369.6
1296500 1365.2
1296510 1365.2
1296520 1361.0
1296530 1357.0
1296540 1357.0
1296550 1353.3
1296560 1349.9
1296570 1349.9
1296580 1346.5
1296590 1342.9
1296600 1342.9
1296610 1338.4
1296620 1332.7
1296630 1332.7
1296640 1326.7
1296650 1321.6
1296660 1321.6
1296670 1316.8
1296680 1312.0
1296690 1312.0
1296700 1306.8
1296710 1301.6
1296720 1301.6
1296730 1296.4
1296740 1291.4
1296750 1291.4
1296760 1286.1
1296770 1281.5
1296780 1281.5
1296790 1278.3
1296800 1275.1
1296810 1270.1
1296820 1270.1
1296830 1263.7
1296840 1257.5
1296850 1257.5
1296860 1252.3
1296870 1247.6
1296880 1247.6
1296890 1243.2
1296900 1239.0
1296910 1239.0
1296920 1234.7
1296930 1230.4
1296940 1230.4
1296950 1226.5
1296960 1222.3
1296970 1222.3
1296980 1218.2
1296990 1214.1
1297000 1214.1
1297010 1210.0
1297020 1206.5
1297030 1206.5
1297040 1203.7
1297050 1200.7
1297060 1200.7
1297070 1197.5
1297080 1194.1
1297090 1194.1
1297100 1191.6
1297110 1189.4
1297120 1189.4
1297130 1186.0
1297140 1182.5
1297150 1179.4
1297160 1177.8
1297170 1174.8
1297180 1171.0
1297190 1171.0
1297200 1166.9
1297210 1163.2
1297220 1163.2
1297230 1160.0
1297240 1157.4
1297250 1157.4
1297260 1154.6
1297270 1151.9
1297280 1151.9
1297290 1148.8
1297300 1145.5
1297310 1145.5
1297320 1142.3
1297330 1139.6
1297340 1139.6
1297350 1136.9
1297360 1134.4
1297370 1134.4
1297380 1131.7
1297390 1128.9
1297400 1128.9
1297410 1126.2
1297420 1123.5
1297430 1123.5
1297440 1120.7
1297450 1118.1
1297460 1116.1
1297470 1116.1
1297480 1116.3
1297490 1116.2
1297500 1116.2
1297510 1113.7
1297520 1110.8
1297530 1110.8
1297540 1108.1
1297550 1106.5
1297560 1106.5
1297570 1105.0
1297580 1103.5
1297590 1103.5
1297600 1101.7
1297610 1100.1
1297620 1100.1
1297630 1098.7
1297640 1097.6
1297650 1097.6
1297660 1096.1
1297670 1094.5
1297680 1094.5
1297690 1093.0
1297700 1091.4
1297710 1091.4
1297720 1089.7
1297730 1087.7
1297740 1087.7
1297750 1085.6
1297760 1083.7
1297770 1082.0
1297780 1082.0
1297790 1080.2
1297800 1078.3
1297810 1078.3
1297820 1076.4
1297830 1074.4
1297840 1074.4
1297850 1072.9
1297860 1071.0
1297870 1071.0
1297880 1069.4
1297890 1067.5
1297900 1067.5
1297910 1065.6
1297920 1063.8
1297930 1063.8
1297940 1062.2
1297950 1060.7
1297960 1060.7
1297970 1058.8
1297980 1057.1
1297990 1057.1
1298000 1055.4
1298010 1053.8
1298020 1053.8
1298030 1052.1
1298040 1050.4
1298050 1050.4
1298060 1048.9
1298070 1047.4
1298080 1045.8
1298090 1045.8
1298100 1044.4
1298110 1042.9
1298120 1042.9
1298130 1041.8
1298140 1040.5
1298150 1040.5
1298160 1038.9
1298170 1037.6
1298180 1037.6
1298190 1036.5
1298200 1035.5
1298210 1035.5
1298220 1034.2
1298230 1033.0
1298240 1033.0
1298250 1031.9
1298260 1030.6
1298270 1030.6
1298280 1029.3
1298290 1027.9
1298300 1027.9
1298310 1026.5
1298320 1025.0
1298330 1025.0
1298340 1023.8
1298350 1022.7
1298360 1022.7
1298370 1021.5
1298380 1020.4
1298390 1019.2
1298400 1019.2
1298410 1018.1
1298420 1017.1
1298430 1017.1
1298440 1016.0
1298450 1015.0
1298460 1015.0
1298470 1014.2
1298480 1013.4
1298490 1013.4
1298500 1012.7
1298510 1012.0
1298520 1012.0
1298530 1011.2
1298540 1010.5
1298550 1010.5
1298560 1009.9
1298570 1009.4
1298580 1009.4
1298590 1009.0
1298600 1008.8
1298610 1008.8
1298620 1008.4
1298630 1008.0
1298640 1008.0
1298650 1007.5
1298660 1007.2
1298670 1007.2
1298680 1006.8
1298690 1006.2
1298700 1005.9
1298710 1005.9
1298720 1005.6
1298730 1005.4
1298740 1005.4
1298750 1005.3
1298760 1005.1
1298770 1005.1
1298780 1004.8
1298790 1004.7
1298800 1004.7
1298810 1004.3
1298820 1004.0
1298830 1004.0
1298840 1003.8
1298850 1003.3
1298860 1003.3
1298870 1001.7
1298880 1000.3
1298890 1000.3
1298900 999.2
1298910 999.1
1298920 999.1
1298930 999.7
1298940 1002.0
1298950 1002.0
1298960 1001.9
1298970 1001.9
1298980 1001.9
1298990 1001.7
1299000 1001.4
1299010 1001.2
1299020 1001.2
1299030 1001.1
1299040 1001.0
1299050 1001.0
1299060 1000.9
1299070 1000.7
1299080 1000.7
1299090 1000.5
1299100 1000.4
1299110 1000.4
1299120 1000.2
1299130 1000.1
1299140 1000.1
1299150 999.9
1299160 999.8
1299170 999.8
1299180 999.5
1299190 999.2
1299200 999.2
1299210 999.0
1299220 998.9
1299230 998.9
1299240 998.6
1299250 998.4
1299260 998.4
1299270 998.0
1299280 997.9
1299290 997.9
1299300 997.6
1299310 997.3
1299320 997.3
1299330 997.2
1299340 996.9
1299350 996.7
1299360 996.7
1299370 996.4
1299380 996.2
1299390 996.2
1299400 996.0
1299410 995.8
1299420 995.8
1299430 995.6
1299440 995.3
1299450 995.3
1299460 995.7
1299470 996.7
1299480 996.7
1299490 997.6
1299500 997.7
1299510 997.7
1299520 997.5
1299530 998.1
1299540 998.1
1299550 999.5
1299560 1001.2
1299570 1001.2
1299580 1003.2
1299590 1005.8
1299600 1005.8
1299610 1008.0
1299620 1009.7
1299630 1009.7
1299640 1012.7
1299650 1014.8
1299660 1017.5
1299670 1017.5
1299680 1020.8
1299690 1024.5
1299700 1024.5
1299710 1027.8
1299720 1030.2
1299730 1030.2
1299740 1031.1
1299750 1031.0
1299760 1031.0
1299770 1030.1
1299780 1030.0
1299790 1030.0
1299800 1030.7
1299810 1030.8
1299820 1030.8
1299830 1030.7
1299840 1032.0
1299850 1032.0
1299860 1035.6
1299870 1040.5
1299880 1040.5
1299890 1044.3
1299900 1045.7
1299910 1038.3
1299920 1039.1
1299930 1037.7
1299940 1037.7
1299950 1034.7
1299960 1026.9
1299970 1018.5
1299980 1018.5
1299990 1011.0
