1280000 1669.8
1280010 1679.3
1280020 1679.3
1280030 1687.8
1280040 1695.9
1280050 1695.9
1280060 1701.1
1280070 1706.7
1280080 1706.7
1280090 1723.9
1280100 1746.0
1280110 1746.0
1280120 1758.3
1280130 1766.1
1280140 1766.1
1280150 1778.0
1280160 1787.2
1280170 1787.2
1280180 1794.0
1280190 1799.1
1280200 1799.1
1280210 1803.2
1280220 1806.2
1280230 1806.2
1280240 1809.3
1280250 1810.0
1280260 1810.0
1280270 1809.1
1280280 1814.3
1280290 1814.3
1280300 1821.9
1280310 1828.3
1280320 1828.3
1280330 1833.5
1280340 1837.9
1280350 1847.1
1280360 1847.1
1280370 1857.0
1280380 1866.9
1280390 1863.0
1280400 1869.2
1280410 1876.8
1280420 1876.8
1280430 1885.4
1280440 1893.7
1280450 1893.7
1280460 1901.9
1280470 1910.7
1280480 1910.7
1280490 1916.8
1280500 1926.3
1280510 1926.3
1280520 1938.5
1280530 1946.3
1280540 1946.3
1280550 1953.5
1280560 1960.8
1280570 1960.8
1280580 1969.2
1280590 1979.2
1280600 1979.2
1280610 1988.9
1280620 1997.2
1280630 1997.2
1280640 2004.3
1280650 2011.4
1280660 2019.8
1280670 2019.8
1280680 2028.2
1280690 2035.2
1280700 2035.2
1280710 2043.6
1280720 2052.1
1280730 2052.1
1280740 2059.4
1280750 2067.2
1280760 2067.2
1280770 2075.9
1280780 2084.4
1280790 2084.4
1280800 2092.3
1280810 2099.6
1280820 2099.6
1280830 2107.3
1280840 2118.3
1280850 2118.3
1280860 2131.1
1280870 2139.9
1280880 2139.9
1280890 2147.2
1280900 2154.0
1280910 2154.0
1280920 2162.4
1280930 2171.9
1280940 2171.9
1280950 2180.5
1280960 2188.4
1280970 2195.7
1280980 2195.7
1280990 2204.9
1281000 2215.0
1281010 2215.0
1281020 2222.4
1281030 2231.1
1281040 2231.1
1281050 2241.3
1281060 2252.6
1281070 2252.6
1281080 2261.6
1281090 2267.9
1281100 2267.9
1281110 2276.7
1281120 2278.0
1281130 2278.0
1281140 2261.1
1281150 2230.0
1281160 2230.0
1281170 2204.0
1281180 2190.1
1281190 2190.1
1281200 2194.7
1281210 2195.9
1281220 2195.9
1281230 2189.9
1281240 2174.1
1281250 2174.1
1281260 2162.9
1281270 2160.3
1281280 2159.3
1281290 2159.3
1281300 2141.4
1281310 2100.8
1281320 2100.8
1281330 2083.2
1281340 2070.5
1281350 2070.5
1281360 2047.4
1281370 2022.7
1281380 2022.7
1281390 2009.2
1281400 1994.1
1281410 1994.1
1281420 1988.0
1281430 1990.6
1281440 1990.6
1281450 1987.7
1281460 1973.5
1281470 1973.5
1281480 1945.2
1281490 1921.4
1281500 1921.4
1281510 1906.2
1281520 1890.3
1281530 1890.3
1281540 1879.5
1281550 1871.9
1281560 1871.9
1281570 1864.1
1281580 1853.9
1281590 1853.9
1281600 1844.4
1281610 1835.9
1281620 1825.5
1281630 1825.5
1281640 1813.1
1281650 1812.7
1281660 1812.7
1281670 1798.6
1281680 1784.1
1281690 1784.1
1281700 1766.0
1281710 1727.2
1281720 1727.2
1281730 1706.3
1281740 1702.0
1281750 1702.0
1281760 1699.0
1281770 1695.7
1281780 1695.7
1281790 1693.2
1281800 1690.6
1281810 1690.6
1281820 1690.3
1281830 1691.4
1281840 1691.4
1281850 1691.9
1281860 1692.4
1281870 1692.4
1281880 1693.0
1281890 1693.6
1281900 1693.6
1281910 1694.5
1281920 1694.3
1281930 1694.5
1281940 1694.5
1281950 1695.5
1281960 1695.9
1281970 1695.9
1281980 1695.5
1281990 1694.1
1282000 1694.1
1282010 1694.0
1282020 1694.2
1282030 1694.2
1282040 1696.0
1282050 1698.2
1282060 1698.2
1282070 1698.6
1282080 1696.8
1282090 1696.8
1282100 1694.2
1282110 1694.5
1282120 1694.5
1282130 1696.7
1282140 1699.6
1282150 1699.6
1282160 1702.4
1282170 1699.7
1282180 1699.7
1282190 1694.8
1282200 1690.9
1282210 1690.9
1282220 1692.0
1282230 1696.3
1282240 1699.0
1282250 1699.0
1282260 1700.7
1282270 1702.0
1282280 1708.1
1282290 1711.2
1282300 1710.8
1282310 1710.8
1282320 1710.7
1282330 1712.2
1282340 1712.2
1282350 1714.8
1282360 1721.3
1282370 1721.3
1282380 1738.9
1282390 1755.3
1282400 1755.3
1282410 1772.2
1282420 1784.4
1282430 1784.4
1282440 1794.5
1282450 1803.7
1282460 1803.7
1282470 1814.6
1282480 1824.0
1282490 1824.0
1282500 1834.3
1282510 1845.9
1282520 1845.9
1282530 1855.6
1282540 1862.1
1282550 1869.4
1282560 1869.4
1282570 1880.0
1282580 1891.2
1282590 1891.2
1282600 1899.8
1282610 1907.2
1282620 1907.2
1282630 1917.2
1282640 1926.5
1282650 1926.5
1282660 1933.1
1282670 1940.7
1282680 1940.7
1282690 1948.7
1282700 1957.3
1282710 1957.3
1282720 1965.8
1282730 1973.1
1282740 1973.1
1282750 1979.3
1282760 1986.9
1282770 1986.9
1282780 1995.4
1282790 2003.9
1282800 2003.9
1282810 2011.6
1282820 2019.9
1282830 2019.9
1282840 2027.5
1282850 2037.7
1282860 2037.7
1282870 2052.7
1282880 2063.9
1282890 2091.0
1282900 2091.0
1282910 2107.6
1282920 2101.2
1282930 2101.2
1282940 2100.7
1282950 2104.0
1282960 2104.0
1282970 2108.2
1282980 2103.2
1282990 2103.2
1283000 2091.5
1283010 2079.1
1283020 2079.1
1283030 2068.6
1283040 2060.4
1283050 2060.4
1283060 2054.0
1283070 2047.3
1283080 2047.3
1283090 2042.2
1283100 2034.1
1283110 2034.1
1283120 2025.4
1283130 2018.8
1283140 2018.8
1283150 2014.2
1283160 2005.9
1283170 2005.9
1283180 1993.5
1283190 1984.2
1283200 1977.9
1283210 1977.9
1283220 1972.3
1283230 1963.8
1283240 1963.8
1283250 1956.0
1283260 1947.5
1283270 1947.5
1283280 1941.7
1283290 1935.0
1283300 1935.0
1283310 1930.9
1283320 1935.9
1283330 1935.9
1283340 1941.0
1283350 1938.9
1283360 1938.9
1283370 1929.8
1283380 1930.1
1283390 1930.1
1283400 1933.3
1283410 1926.8
1283420 1926.8
1283430 1917.6
1283440 1905.5
1283450 1905.5
1283460 1891.8
1283470 1881.7
1283480 1881.7
1283490 1874.9
1283500 1869.2
1283510 1863.7
1283520 1863.7
1283530 1857.3
1283540 1846.9
1283550 1845.3
1283560 1837.5
1283570 1832.3
1283580 1832.3
1283590 1819.9
1283600 1795.6
1283610 1795.6
1283620 1783.0
1283630 1775.9
1283640 1775.9
1283650 1769.0
1283660 1761.3
1283670 1761.3
1283680 1753.8
1283690 1745.1
1283700 1745.1
1283710 1735.8
1283720 1720.3
1283730 1720.3
1283740 1706.8
1283750 1695.5
1283760 1695.5
1283770 1678.6
1283780 1662.6
1283790 1662.6
1283800 1653.2
1283810 1646.1
1283820 1638.9
1283830 1638.9
1283840 1631.9
1283850 1625.7
1283860 1625.7
1283870 1618.3
1283880 1607.1
1283890 1607.1
1283900 1598.0
1283910 1586.3
1283920 1586.3
1283930 1575.2
1283940 1564.2
1283950 1564.2
1283960 1553.7
1283970 1541.1
1283980 1541.1
1283990 1529.7
1284000 1521.5
1284010 1521.5
1284020 1516.8
1284030 1510.7
1284040 1510.7
1284050 1504.1
1284060 1491.1
1284070 1491.1
1284080 1471.9
1284090 1436.4
1284100 1436.4
1284110 1404.5
1284120 1390.5
1284130 1390.5
1284140 1381.6
1284150 1379.5
1284160 1367.8
1284170 1367.8
1284180 1331.7
1284190 1311.9
1284200 1311.9
1284210 1305.4
1284220 1295.7
1284230 1295.7
1284240 1279.9
1284250 1262.0
1284260 1262.0
1284270 1240.6
1284280 1226.5
1284290 1226.5
1284300 1219.2
1284310 1212.5
1284320 1212.5
1284330 1206.0
1284340 1199.7
1284350 1199.7
1284360 1193.5
1284370 1187.1
1284380 1187.1
1284390 1180.6
1284400 1174.4
1284410 1174.4
1284420 1168.3
1284430 1161.9
1284440 1161.9
1284450 1155.7
1284460 1149.6
1284470 1143.4
1284480 1143.4
1284490 1137.4
1284500 1131.8
1284510 1131.8
1284520 1126.6
1284530 1121.7
1284540 1121.7
1284550 1117.5
1284560 1114.8
1284570 1114.8
1284580 1112.1
1284590 1109.5
1284600 1109.5
1284610 1103.8
1284620 1094.9
1284630 1094.9
1284640 1085.9
1284650 1077.8
1284660 1077.8
1284670 1070.5
1284680 1064.6
1284690 1064.6
1284700 1062.8
1284710 1064.1
1284720 1064.1
1284730 1067.0
1284740 1067.6
1284750 1067.6
1284760 1067.6
1284770 1069.5
1284780 1072.9
1284790 1072.9
1284800 1077.2
1284810 1082.7
1284820 1087.9
1284830 1091.6
1284840 1092.5
1284850 1092.5
1284860 1093.6
1284870 1095.3
1284880 1095.3
1284890 1096.8
1284900 1098.1
1284910 1098.1
1284920 1102.2
1284930 1106.9
1284940 1106.9
1284950 1110.2
1284960 1112.8
1284970 1112.8
1284980 1116.0
1284990 1119.6
1285000 1119.6
1285010 1122.6
1285020 1125.3
1285030 1125.3
1285040 1127.9
1285050 1130.5
1285060 1130.5
1285070 1132.6
1285080 1134.4
1285090 1135.9
1285100 1135.9
1285110 1136.1
1285120 1137.8
1285130 1137.8
1285140 1139.4
1285150 1140.4
1285160 1140.4
1285170 1140.9
1285180 1142.0
1285190 1142.0
1285200 1142.9
1285210 1143.4
1285220 1143.4
1285230 1147.6
1285240 1154.8
1285250 1154.8
1285260 1161.9
1285270 1166.6
1285280 1166.6
1285290 1170.0
1285300 1173.3
1285310 1173.3
1285320 1175.5
1285330 1178.3
1285340 1178.3
1285350 1183.2
1285360 1188.7
1285370 1188.7
1285380 1193.1
1285390 1197.2
1285400 1197.2
1285410 1201.4
1285420 1203.9
1285430 1203.0
1285440 1203.0
1285450 1202.9
1285460 1210.2
1285470 1210.2
1285480 1213.6
1285490 1217.8
1285500 1217.8
1285510 1222.6
1285520 1226.5
1285530 1226.5
1285540 1231.8
1285550 1237.5
1285560 1237.5
1285570 1244.7
1285580 1252.1
1285590 1252.1
1285600 1259.0
1285610 1266.5
1285620 1266.5
1285630 1273.3
1285640 1280.2
1285650 1280.2
1285660 1287.6
1285670 1294.6
1285680 1294.6
1285690 1301.2
1285700 1308.8
1285710 1308.8
1285720 1317.4
1285730 1325.4
1285740 1332.6
1285750 1332.6
1285760 1339.6
1285770 1346.9
1285780 1346.9
1285790 1353.1
1285800 1360.2
1285810 1360.2
1285820 1367.3
1285830 1374.7
1285840 1374.7
1285850 1382.4
1285860 1389.0
1285870 1389.0
1285880 1396.4
1285890 1397.6
1285900 1397.6
1285910 1399.2
1285920 1407.6
1285930 1407.6
1285940 1412.1
1285950 1408.9
1285960 1408.9
1285970 1414.9
1285980 1416.6
1285990 1416.6
1286000 1398.1
1286010 1403.6
1286020 1403.6
1286030 1412.3
1286040 1418.0
1286050 1404.1
1286060 1404.1
1286070 1397.6
1286080 1410.0
1286090 1410.0
1286100 1422.7
1286110 1468.9
1286120 1468.9
1286130 1472.2
1286140 1472.0
1286150 1472.0
1286160 1458.9
1286170 1443.0
1286180 1443.0
1286190 1430.3
1286200 1406.5
1286210 1406.5
1286220 1363.7
1286230 1348.7
1286240 1348.7
1286250 1328.0
1286260 1309.9
1286270 1309.9
1286280 1307.9
1286290 1307.7
1286300 1307.7
1286310 1307.2
1286320 1306.3
1286330 1306.3
1286340 1303.6
1286350 1301.1
1286360 1299.8
1286370 1299.8
1286380 1298.4
1286390 1297.3
1286400 1297.3
1286410 1295.3
1286420 1293.0
1286430 1293.0
1286440 1290.3
1286450 1288.4
1286460 1288.4
1286470 1286.3
1286480 1283.7
1286490 1283.7
1286500 1281.2
1286510 1279.1
1286520 1279.1
1286530 1276.5
1286540 1273.8
1286550 1273.8
1286560 1271.3
1286570 1269.6
1286580 1269.6
1286590 1267.3
1286600 1264.9
1286610 1264.9
1286620 1261.2
1286630 1257.2
1286640 1257.2
1286650 1253.4
1286660 1249.7
1286670 1246.6
1286680 1246.6
1286690 1242.7
1286700 1238.8
1286710 1238.8
1286720 1234.6
1286730 1229.8
1286740 1229.8
1286750 1230.2
1286760 1225.4
1286770 1225.4
1286780 1221.1
1286790 1216.8
1286800 1216.8
1286810 1212.7
1286820 1208.7
1286830 1208.7
1286840 1204.8
1286850 1200.7
1286860 1200.7
1286870 1195.2
1286880 1187.9
1286890 1187.9
1286900 1184.7
1286910 1184.7
1286920 1184.7
1286930 1184.6
1286940 1184.0
1286950 1184.0
1286960 1183.9
1286970 1183.1
1286980 1183.1
1286990 1181.2
1287000 1180.5
1287010 1178.5
1287020 1178.5
1287030 1176.4
1287040 1174.3
1287050 1174.3
1287060 1172.2
1287070 1169.4
1287080 1169.4
1287090 1167.2
1287100 1165.4
1287110 1165.4
1287120 1163.7
1287130 1160.4
1287140 1160.4
1287150 1158.4
1287160 1155.3
1287170 1155.3
1287180 1152.7
1287190 1150.3
1287200 1150.3
1287210 1146.9
1287220 1142.8
1287230 1142.8
1287240 1139.3
1287250 1136.0
1287260 1136.0
1287270 1132.7
1287280 1129.6
1287290 1129.6
1287300 1127.3
1287310 1124.6
1287320 1122.1
1287330 1122.1
1287340 1119.3
1287350 1115.8
1287360 1115.8
1287370 1112.9
1287380 1109.6
1287390 1109.6
1287400 1109.2
1287410 1107.4
1287420 1107.4
1287430 1105.5
1287440 1103.5
1287450 1103.5
1287460 1101.5
1287470 1098.9
1287480 1098.9
1287490 1096.4
1287500 1093.9
1287510 1093.9
1287520 1091.5
1287530 1089.6
1287540 1089.6
1287550 1087.9
1287560 1087.0
1287570 1087.0
1287580 1086.7
1287590 1086.7
1287600 1086.7
1287610 1086.0
1287620 1085.5
1287630 1084.1
1287640 1084.1
1287650 1083.0
1287660 1082.5
1287670 1082.5
1287680 1082.7
1287690 1082.5
1287700 1082.5
1287710 1081.3
1287720 1079.8
1287730 1079.8
1287740 1078.8
1287750 1077.7
1287760 1077.7
1287770 1076.4
1287780 1075.4
1287790 1075.4
1287800 1074.5
1287810 1073.0
1287820 1073.0
1287830 1072.3
1287840 1071.1
1287850 1071.1
1287860 1070.3
1287870 1068.2
1287880 1068.2
1287890 1066.0
1287900 1064.7
1287910 1064.7
1287920 1063.3
1287930 1062.5
1287940 1062.2
1287950 1062.2
1287960 1062.2
1287970 1061.6
1287980 1061.6
1287990 1061.5
1288000 1061.7
1288010 1061.7
1288020 1061.3
1288030 1061.5
1288040 1061.5
1288050 1062.1
1288060 1062.2
1288070 1062.2
1288080 1063.0
1288090 1063.9
1288100 1063.9
1288110 1065.6
1288120 1070.4
1288130 1070.4
1288140 1072.7
1288150 1072.8
1288160 1072.8
1288170 1073.2
1288180 1073.8
1288190 1073.8
1288200 1074.5
1288210 1075.1
1288220 1075.1
1288230 1075.5
1288240 1076.0
1288250 1076.0
1288260 1076.5
1288270 1077.0
1288280 1077.8
1288290 1077.8
1288300 1078.8
1288310 1079.7
1288320 1079.7
1288330 1080.5
1288340 1083.7
1288350 1083.7
1288360 1085.7
1288370 1087.4
1288380 1087.4
1288390 1089.2
1288400 1091.1
1288410 1091.1
1288420 1092.9
1288430 1095.3
1288440 1095.3
1288450 1098.1
1288460 1100.6
1288470 1100.6
1288480 1104.0
1288490 1105.8
1288500 1105.8
1288510 1105.2
1288520 1108.6
1288530 1108.6
1288540 1113.2
1288550 1119.4
1288560 1119.4
1288570 1123.2
1288580 1126.1
1288590 1128.4
1288600 1128.4
1288610 1130.6
1288620 1133.1
1288630 1133.1
1288640 1135.6
1288650 1139.0
1288660 1139.0
1288670 1144.0
1288680 1149.3
1288690 1149.3
1288700 1152.2
1288710 1154.9
1288720 1154.9
1288730 1159.0
1288740 1163.9
1288750 1163.9
1288760 1169.6
1288770 1175.0
1288780 1175.0
1288790 1178.9
1288800 1181.7
1288810 1181.7
1288820 1185.4
1288830 1189.5
1288840 1189.5
1288850 1192.8
1288860 1194.6
1288870 1194.6
1288880 1195.0
1288890 1195.0
1288900 1194.7
1288910 1194.7
1288920 1194.0
1288930 1193.3
1288940 1193.3
1288950 1192.2
1288960 1190.2
1288970 1190.2
1288980 1188.7
1288990 1189.2
1289000 1189.2
1289010 1191.5
1289020 1195.5
1289030 1195.5
1289040 1200.3
1289050 1205.6
1289060 1205.6
1289070 1210.5
1289080 1214.5
1289090 1214.5
1289100 1217.4
1289110 1220.1
1289120 1220.1
1289130 1223.0
1289140 1225.6
1289150 1225.6
1289160 1228.3
1289170 1231.3
1289180 1231.3
1289190 1234.6
1289200 1238.3
1289210 1242.7
1289220 1242.7
1289230 1247.2
1289240 1250.8
1289250 1250.8
1289260 1253.5
1289270 1255.3
1289280 1255.3
1289290 1256.1
1289300 1255.6
1289310 1255.6
1289320 1253.0
1289330 1249.0
1289340 1249.0
1289350 1238.9
1289360 1235.4
1289370 1235.4
1289380 1231.5
1289390 1230.1
1289400 1230.1
1289410 1230.6
1289420 1233.3
1289430 1233.3
1289440 1237.7
1289450 1242.6
1289460 1242.6
1289470 1247.9
1289480 1253.3
1289490 1253.3
1289500 1258.8
1289510 1263.0
1289520 1263.0
1289530 1267.5
1289540 1272.3
1289550 1277.2
1289560 1277.2
1289570 1281.8
1289580 1287.4
1289590 1287.4
1289600 1293.2
1289610 1298.7
1289620 1298.7
1289630 1303.0
1289640 1306.5
1289650 1306.5
1289660 1310.6
1289670 1314.9
1289680 1314.9
1289690 1319.4
1289700 1324.4
1289710 1324.4
1289720 1329.5
1289730 1333.4
1289740 1333.4
1289750 1335.2
1289760 1337.6
1289770 1337.6
1289780 1339.8
1289790 1342.1
1289800 1342.1
1289810 1345.6
1289820 1349.1
1289830 1349.1
1289840 1351.7
1289850 1354.5
1289860 1358.0
1289870 1358.0
1289880 1362.1
1289890 1364.7
1289900 1364.7
1289910 1365.8
1289920 1368.5
1289930 1368.5
1289940 1373.9
1289950 1381.7
1289960 1381.7
1289970 1389.5
1289980 1396.9
1289990 1396.9
1290000 1405.5
1290010 1414.4
1290020 1414.4
1290030 1420.6
1290040 1425.3
1290050 1425.3
1290060 1429.1
1290070 1432.9
1290080 1432.9
1290090 1437.2
1290100 1441.1
1290110 1441.1
1290120 1445.4
1290130 1450.3
1290140 1450.3
1290150 1456.2
1290160 1463.1
1290170 1467.9
1290180 1467.9
1290190 1468.3
1290200 1467.5
1290210 1467.5
1290220 1464.0
1290230 1457.5
1290240 1457.5
1290250 1455.8
1290260 1458.8
1290270 1458.8
1290280 1460.3
1290290 1460.3
1290300 1460.3
1290310 1456.3
1290320 1450.7
1290330 1450.7
1290340 1450.2
1290350 1449.0
1290360 1449.0
1290370 1444.5
1290380 1441.1
1290390 1441.1
1290400 1437.0
1290410 1432.5
1290420 1432.5
1290430 1433.1
1290440 1434.4
1290450 1434.4
1290460 1433.6
1290470 1432.4
1290480 1430.5
1290490 1430.5
1290500 1427.9
1290510 1425.2
1290520 1425.2
1290530 1423.0
1290540 1423.9
1290550 1423.9
1290560 1422.8
1290570 1420.5
1290580 1420.5
1290590 1417.4
1290600 1414.9
1290610 1414.9
1290620 1413.3
1290630 1410.5
1290640 1410.5
1290650 1406.6
1290660 1397.7
1290670 1397.7
1290680 1390.0
1290690 1380.9
1290700 1380.9
1290710 1373.4
1290720 1371.3
1290730 1371.3
1290740 1376.7
1290750 1381.8
1290760 1381.8
1290770 1379.1
1290780 1372.6
1290790 1372.6
1290800 1366.7
1290810 1361.1
1290820 1355.5
1290830 1355.5
1290840 1349.3
1290850 1342.6
1290860 1342.6
1290870 1335.3
1290880 1329.8
1290890 1329.8
1290900 1325.3
1290910 1323.0
1290920 1323.0
1290930 1327.8
1290940 1330.4
1290950 1330.4
1290960 1327.4
1290970 1320.6
1290980 1320.6
1290990 1312.4
1291000 1305.5
1291010 1305.5
1291020 1301.6
1291030 1300.0
1291040 1300.0
1291050 1298.6
1291060 1299.3
1291070 1299.3
1291080 1302.4
1291090 1308.3
1291100 1308.3
1291110 1314.5
1291120 1316.4
1291130 1314.3
1291140 1314.3
1291150 1313.0
1291160 1311.6
1291170 1311.6
1291180 1311.5
1291190 1310.5
1291200 1310.5
1291210 1307.9
1291220 1309.1
1291230 1309.1
1291240 1312.4
1291250 1317.9
1291260 1317.9
1291270 1325.5
1291280 1337.5
1291290 1337.5
1291300 1350.0
1291310 1354.6
1291320 1345.4
1291330 1340.4
1291340 1333.7
1291350 1333.7
1291360 1330.5
1291370 1326.1
1291380 1326.1
1291390 1321.4
1291400 1324.9
1291410 1324.9
1291420 1332.9
1291430 1340.1
1291440 1347.6
1291450 1347.6
1291460 1356.0
1291470 1364.6
1291480 1364.6
1291490 1372.1
1291500 1373.1
1291510 1373.1
1291520 1377.8
1291530 1382.2
1291540 1382.2
1291550 1385.9
1291560 1389.0
1291570 1389.0
1291580 1391.4
1291590 1393.0
1291600 1393.0
1291610 1391.3
1291620 1386.0
1291630 1386.0
1291640 1381.1
1291650 1384.4
1291660 1384.4
1291670 1386.2
1291680 1379.2
1291690 1379.2
1291700 1378.6
1291710 1386.8
1291720 1386.8
1291730 1396.3
1291740 1403.0
1291750 1405.5
1291760 1405.5
1291770 1407.2
1291780 1411.8
1291790 1411.8
1291800 1416.6
1291810 1419.0
1291820 1419.0
1291830 1423.4
1291840 1429.9
1291850 1429.9
1291860 1435.2
1291870 1439.2
1291880 1439.2
1291890 1442.0
1291900 1443.5
1291910 1443.5
1291920 1443.2
1291930 1442.5
1291940 1442.5
1291950 1442.1
1291960 1441.0
1291970 1441.0
1291980 1442.7
1291990 1447.4
1292000 1447.4
1292010 1448.2
1292020 1446.5
1292030 1446.5
1292040 1446.2
1292050 1444.9
1292060 1444.9
1292070 1442.6
1292080 1444.3
1292090 1446.5
1292100 1446.5
1292110 1451.5
1292120 1460.6
1292130 1460.6
1292140 1468.1
1292150 1475.7
1292160 1475.7
1292170 1482.1
1292180 1486.2
1292190 1486.2
1292200 1488.9
1292210 1491.4
1292220 1491.4
1292230 1491.7
1292240 1495.3
1292250 1495.3
1292260 1500.2
1292270 1503.9
1292280 1503.9
1292290 1506.9
1292300 1510.0
1292310 1510.0
1292320 1510.7
1292330 1514.3
1292340 1514.3
1292350 1519.4
1292360 1523.4
1292370 1523.4
1292380 1527.1
1292390 1530.9
1292400 1535.9
1292410 1535.9
1292420 1539.8
1292430 1543.8
1292440 1543.8
1292450 1546.7
1292460 1550.4
1292470 1550.4
1292480 1555.5
1292490 1560.5
1292500 1560.5
1292510 1565.3
1292520 1570.3
1292530 1570.3
1292540 1575.1
1292550 1579.0
1292560 1579.0
1292570 1581.8
1292580 1584.0
1292590 1584.0
1292600 1585.6
1292610 1586.8
1292620 1586.8
1292630 1586.5
1292640 1582.5
1292650 1588.0
1292660 1584.6
1292670 1581.2
1292680 1581.2
1292690 1576.0
1292700 1572.6
1292710 1570.2
1292720 1570.2
1292730 1568.5
1292740 1564.8
1292750 1564.8
1292760 1559.5
1292770 1554.3
1292780 1554.3
1292790 1553.7
1292800 1552.8
1292810 1552.8
1292820 1556.6
1292830 1563.9
1292840 1563.9
1292850 1572.1
1292860 1577.9
1292870 1577.9
1292880 1583.7
1292890 1589.8
1292900 1589.8
1292910 1595.7
1292920 1602.4
1292930 1602.4
1292940 1609.1
1292950 1615.4
1292960 1615.4
1292970 1621.3
1292980 1627.2
1292990 1627.2
1293000 1633.0
1293010 1637.8
1293020 1642.0
1293030 1642.0
1293040 1645.9
1293050 1649.2
1293060 1649.2
1293070 1652.0
1293080 1654.2
1293090 1654.2
1293100 1656.0
1293110 1657.5
1293120 1657.5
1293130 1659.5
1293140 1660.8
1293150 1660.8
1293160 1662.0
1293170 1662.3
1293180 1662.3
1293190 1660.6
1293200 1658.3
1293210 1658.3
1293220 1657.9
1293230 1660.0
1293240 1660.0
1293250 1661.3
1293260 1654.2
1293270 1654.2
1293280 1648.5
1293290 1654.7
1293300 1654.7
1293310 1661.0
1293320 1670.5
1293330 1673.3
1293340 1673.3
1293350 1677.5
1293360 1682.7
1293370 1682.7
1293380 1688.8
1293390 1694.4
1293400 1694.4
1293410 1699.0
1293420 1703.1
1293430 1703.1
1293440 1707.2
1293450 1710.1
1293460 1710.1
1293470 1712.4
1293480 1713.2
1293490 1713.2
1293500 1714.6
1293510 1717.1
1293520 1717.1
1293530 1718.8
1293540 1718.9
1293550 1718.9
1293560 1718.7
1293570 1718.4
1293580 1718.4
1293590 1717.7
1293600 1716.3
1293610 1716.3
1293620 1714.2
1293630 1708.9
1293640 1708.9
1293650 1701.4
1293660 1693.0
1293670 1684.5
1293680 1684.5
1293690 1676.4
1293700 1668.6
1293710 1668.6
1293720 1661.3
1293730 1654.8
1293740 1654.8
1293750 1648.4
1293760 1642.2
1293770 1642.2
1293780 1636.6
1293790 1630.5
1293800 1630.5
1293810 1624.6
1293820 1618.7
1293830 1618.7
1293840 1613.0
1293850 1607.7
1293860 1607.7
1293870 1603.0
1293880 1598.7
1293890 1598.7
1293900 1594.5
1293910 1590.7
1293920 1590.7
1293930 1587.2
1293940 1584.1
1293950 1584.1
1293960 1581.7
1293970 1579.9
1293980 1576.8
1293990 1576.8
1294000 1573.9
1294010 1569.9
1294020 1569.9
1294030 1563.8
1294040 1556.6
1294050 1556.6
1294060 1549.0
1294070 1541.9
1294080 1541.9
1294090 1535.4
1294100 1529.8
1294110 1529.8
1294120 1524.5
1294130 1519.4
1294140 1519.4
1294150 1514.7
1294160 1510.0
1294170 1510.0
1294180 1505.1
1294190 1498.9
1294200 1498.9
1294210 1492.3
1294220 1486.4
1294230 1486.4
1294240 1480.6
1294250 1477.5
1294260 1477.5
1294270 1477.6
1294280 1477.6
1294290 1472.0
1294300 1472.0
1294310 1465.9
1294320 1462.2
1294330 1462.2
1294340 1460.7
1294350 1459.4
1294360 1459.4
1294370 1457.4
1294380 1456.2
1294390 1456.2
1294400 1456.2
1294410 1457.7
1294420 1457.7
1294430 1454.8
1294440 1457.3
1294450 1457.3
1294460 1466.4
1294470 1470.0
1294480 1470.0
1294490 1468.5
1294500 1472.7
1294510 1472.7
1294520 1477.7
1294530 1483.9
1294540 1483.9
1294550 1487.5
1294560 1490.2
1294570 1490.2
1294580 1493.7
1294590 1497.2
1294600 1500.3
1294610 1500.3
1294620 1502.0
1294630 1504.5
1294640 1504.5
1294650 1507.1
1294660 1515.0
1294670 1515.0
1294680 1519.2
1294690 1524.3
1294700 1524.3
1294710 1524.5
1294720 1523.2
1294730 1523.2
1294740 1523.7
1294750 1528.2
1294760 1528.2
1294770 1528.5
1294780 1528.7
1294790 1528.7
1294800 1536.8
1294810 1544.0
1294820 1544.0
1294830 1543.0
1294840 1541.2
1294850 1541.2
1294860 1544.1
1294870 1549.2
1294880 1549.2
1294890 1555.3
1294900 1559.7
1294910 1559.7
1294920 1566.9
1294930 1578.0
1294940 1588.8
1294950 1588.8
1294960 1595.7
1294970 1602.5
1294980 1602.5
1294990 1609.8
1295000 1620.8
1295010 1620.8
1295020 1632.0
1295030 1636.3
1295040 1636.3
1295050 1640.8
1295060 1643.1
1295070 1643.1
1295080 1644.2
1295090 1646.5
1295100 1646.5
1295110 1649.2
1295120 1651.2
1295130 1651.2
1295140 1650.8
1295150 1651.2
1295160 1651.2
1295170 1659.2
1295180 1667.7
1295190 1667.7
1295200 1667.7
1295210 1670.6
1295220 1670.6
1295230 1676.8
1295240 1683.3
1295250 1689.4
1295260 1689.4
1295270 1693.2
1295280 1695.2
1295290 1695.2
1295300 1695.7
1295310 1694.6
1295320 1694.6
1295330 1701.6
1295340 1700.9
1295350 1700.9
1295360 1700.6
1295370 1702.4
1295380 1702.4
1295390 1703.3
1295400 1703.9
1295410 1703.9
1295420 1705.4
1295430 1707.8
1295440 1707.8
1295450 1707.9
1295460 1709.6
1295470 1709.6
1295480 1709.5
1295490 1712.5
1295500 1712.5
1295510 1714.7
1295520 1715.9
1295530 1715.9
1295540 1720.1
1295550 1721.3
1295560 1718.3
1295570 1718.3
1295580 1719.5
1295590 1718.4
1295600 1718.4
1295610 1722.6
1295620 1730.0
1295630 1730.0
1295640 1736.5
1295650 1739.6
1295660 1739.6
1295670 1741.9
1295680 1743.3
1295690 1743.3
1295700 1739.1
1295710 1730.7
1295720 1730.7
1295730 1722.5
1295740 1713.8
1295750 1713.8
1295760 1705.9
1295770 1701.8
1295780 1701.8
1295790 1695.1
1295800 1682.3
1295810 1682.3
1295820 1674.6
1295830 1672.2
1295840 1672.2
1295850 1669.7
1295860 1661.8
1295870 1654.1
1295880 1654.1
1295890 1650.0
1295900 1650.5
1295910 1650.5
1295920 1644.2
1295930 1638.3
1295940 1638.3
1295950 1630.7
1295960 1621.0
1295970 1621.0
1295980 1613.4
1295990 1607.1
1296000 1613.3
1296010 1607.7
1296020 1602.1
1296030 1602.1
1296040 1595.4
1296050 1590.3
1296060 1590.3
1296070 1586.4
1296080 1582.9
1296090 1582.9
1296100 1578.8
1296110 1573.6
1296120 1573.6
1296130 1571.5
1296140 1567.9
1296150 1567.9
1296160 1565.6
1296170 1563.2
1296180 1563.2
1296190 1560.3
1296200 1557.3
1296210 1553.8
1296220 1553.8
1296230 1549.8
1296240 1545.8
1296250 1545.8
1296260 1542.5
1296270 1538.9
1296280 1538.9
1296290 1535.4
1296300 1529.9
1296310 1529.9
1296320 1525.6
1296330 1524.7
1296340 1524.7
1296350 1522.6
1296360 1518.8
1296370 1518.8
1296380 1515.6
1296390 1512.9
1296400 1512.9
1296410 1510.5
1296420 1509.1
1296430 1509.1
1296440 1508.7
1296450 1508.2
1296460 1508.2
1296470 1507.3
1296480 1506.7
1296490 1506.7
1296500 1506.5
1296510 1505.9
1296520 1504.9
1296530 1504.9
1296540 1502.9
1296550 1501.7
1296560 1501.7
1296570 1502.1
1296580 1504.1
1296590 1504.1
1296600 1506.4
1296610 1509.5
1296620 1509.5
1296630 1513.3
1296640 1516.9
1296650 1516.9
1296660 1519.7
1296670 1519.6
1296680 1517.8
1296690 1519.9
1296700 1522.8
1296710 1522.8
1296720 1524.7
1296730 1525.7
1296740 1525.7
1296750 1526.3
1296760 1526.6
1296770 1526.6
1296780 1526.8
1296790 1526.9
1296800 1526.9
1296810 1526.6
1296820 1526.1
1296830 1524.9
1296840 1524.9
1296850 1523.3
1296860 1520.7
1296870 1520.7
1296880 1516.5
1296890 1512.3
1296900 1512.3
1296910 1510.9
1296920 1511.6
1296930 1511.6
1296940 1513.2
1296950 1514.5
1296960 1514.5
1296970 1515.4
1296980 1515.9
1296990 1515.9
1297000 1515.7
1297010 1514.8
1297020 1514.8
1297030 1514.0
1297040 1513.5
1297050 1513.5
1297060 1512.7
1297070 1512.1
1297080 1512.1
1297090 1511.7
1297100 1511.6
1297110 1511.6
1297120 1512.0
1297130 1513.0
1297140 1513.8
1297150 1513.8
1297160 1514.1
1297170 1514.3
1297180 1514.3
1297190 1513.8
1297200 1513.3
1297210 1513.3
1297220 1513.0
1297230 1513.2
1297240 1513.2
1297250 1513.1
1297260 1513.1
1297270 1513.1
1297280 1513.0
1297290 1513.2
1297300 1513.2
1297310 1514.0
1297320 1514.0
1297330 1514.0
1297340 1514.0
1297350 1514.6
1297360 1508.2
1297370 1508.9
1297380 1508.7
1297390 1508.7
1297400 1508.2
1297410 1508.6
1297420 1508.6
1297430 1509.5
1297440 1509.4
1297450 1509.4
1297460 1510.6
1297470 1515.7
1297480 1518.1
1297490 1518.1
1297500 1517.1
1297510 1514.3
1297520 1514.3
1297530 1510.6
1297540 1506.7
1297550 1506.7
1297560 1504.0
1297570 1501.1
1297580 1501.1
1297590 1500.0
1297600 1500.1
1297610 1500.1
1297620 1499.2
1297630 1497.5
1297640 1497.5
1297650 1494.9
1297660 1491.6
1297670 1491.6
1297680 1487.7
1297690 1483.4
1297700 1483.4
1297710 1479.5
1297720 1476.3
1297730 1476.3
1297740 1473.4
1297750 1470.3
1297760 1470.3
1297770 1466.8
1297780 1463.2
1297790 1459.6
1297800 1459.6
1297810 1456.1
1297820 1452.7
1297830 1452.7
1297840 1449.6
1297850 1446.1
1297860 1446.1
1297870 1443.1
1297880 1441.1
1297890 1441.1
1297900 1438.3
1297910 1435.3
1297920 1435.3
1297930 1432.1
1297940 1428.1
1297950 1428.1
1297960 1423.8
1297970 1419.4
1297980 1419.4
1297990 1415.0
1298000 1409.9
1298010 1409.9
1298020 1404.8
1298030 1402.5
1298040 1402.5
1298050 1399.1
1298060 1394.1
1298070 1394.1
1298080 1389.7
1298090 1384.7
1298100 1379.5
1298110 1379.5
1298120 1374.1
1298130 1368.6
1298140 1368.6
1298150 1363.1
1298160 1357.6
1298170 1357.6
1298180 1352.0
1298190 1346.7
1298200 1346.7
1298210 1340.6
1298220 1335.2
1298230 1335.2
1298240 1328.8
1298250 1321.9
1298260 1321.9
1298270 1315.4
1298280 1308.5
1298290 1308.5
1298300 1301.2
1298310 1293.6
1298320 1293.6
1298330 1288.7
1298340 1281.1
1298350 1281.1
1298360 1274.1
1298370 1267.9
1298380 1267.9
1298390 1262.0
1298400 1256.0
1298410 1250.0
1298420 1250.0
1298430 1243.9
1298440 1238.1
1298450 1238.1
1298460 1231.9
1298470 1225.6
1298480 1225.6
1298490 1219.2
1298500 1212.2
1298510 1212.2
1298520 1205.5
1298530 1198.4
1298540 1198.4
1298550 1191.7
1298560 1184.8
1298570 1184.8
1298580 1178.2
1298590 1171.5
1298600 1171.5
1298610 1164.9
1298620 1158.2
1298630 1158.2
1298640 1151.7
1298650 1145.5
1298660 1145.5
1298670 1139.2
1298680 1133.1
1298690 1133.1
1298700 1127.3
1298710 1121.6
1298720 1116.8
1298730 1118.2
1298740 1112.9
1298750 1107.3
1298760 1107.3
1298770 1100.7
1298780 1091.9
1298790 1091.9
1298800 1083.3
1298810 1075.4
1298820 1075.4
1298830 1067.8
1298840 1060.9
1298850 1060.9
1298860 1053.7
1298870 1047.0
1298880 1047.0
1298890 1040.5
1298900 1034.9
1298910 1034.9
1298920 1029.4
1298930 1024.3
1298940 1024.3
1298950 1019.4
1298960 1014.9
1298970 1014.9
1298980 1010.7
1298990 1006.7
1299000 1006.7
1299010 1002.6
1299020 998.3
1299030 998.3
1299040 994.0
1299050 989.9
1299060 986.7
1299070 986.7
1299080 983.6
1299090 982.1
1299100 982.1
1299110 982.1
1299120 981.9
1299130 981.9
1299140 981.8
1299150 981.6
1299160 981.6
1299170 981.5
1299180 981.2
1299190 981.2
1299200 980.9
1299210 980.5
1299220 980.5
1299230 980.2
1299240 980.2
1299250 980.2
1299260 980.2
1299270 980.0
1299280 980.0
1299290 979.8
1299300 979.4
1299310 979.4
1299320 979.1
1299330 979.0
1299340 979.0
1299350 978.9
1299360 978.7
1299370 978.4
1299380 978.4
1299390 978.1
1299400 977.7
1299410 977.7
1299420 977.4
1299430 977.1
1299440 977.1
1299450 976.9
1299460 976.6
1299470 976.6
1299480 976.5
1299490 976.4
1299500 976.4
1299510 976.2
1299520 976.0
1299530 976.0
1299540 975.8
1299550 975.6
1299560 975.6
1299570 975.3
1299580 975.1
1299590 975.1
1299600 974.9
1299610 974.7
1299620 974.7
1299630 974.6
1299640 974.4
1299650 974.4
1299660 974.3
1299670 974.2
1299680 974.0
1299690 974.0
1299700 973.9
1299710 973.9
1299720 973.9
1299730 973.8
1299740 973.6
1299750 973.6
1299760 973.4
1299770 973.1
1299780 973.1
1299790 972.8
1299800 972.6
1299810 972.6
1299820 972.4
1299830 972.2
1299840 972.2
1299850 972.1
1299860 971.9
1299870 971.9
1299880 971.8
1299890 971.6
1299900 971.6
1299910 971.6
1299920 971.9
1299930 971.9
1299940 972.0
1299950 971.8
1299960 971.8
1299970 971.7
1299980 971.3
1299990 971.0
