1280000 1617.2
1280010 1631.9
1280020 1642.7
1280030 1642.7
1280040 1649.5
1280050 1654.3
1280060 1654.3
1280070 1661.6
1280080 1667.1
1280090 1667.1
1280100 1672.6
1280110 1683.2
1280120 1683.2
1280130 1688.5
1280140 1695.0
1280150 1695.0
1280160 1700.8
1280170 1707.5
1280180 1707.5
1280190 1713.1
1280200 1719.5
1280210 1719.5
1280220 1728.3
1280230 1738.6
1280240 1738.6
1280250 1751.5
1280260 1759.6
1280270 1765.4
1280280 1765.4
1280290 1771.4
1280300 1778.7
1280310 1778.7
1280320 1791.3
1280330 1800.9
1280340 1800.9
1280350 1811.6
1280360 1823.6
1280370 1823.6
1280380 1834.1
1280390 1843.2
1280400 1843.2
1280410 1853.9
1280420 1864.4
1280430 1864.4
1280440 1876.9
1280450 1888.7
1280460 1888.7
1280470 1897.7
1280480 1904.4
1280490 1904.4
1280500 1905.4
1280510 1903.5
1280520 1903.5
1280530 1901.3
1280540 1906.3
1280550 1906.3
1280560 1914.8
1280570 1925.1
1280580 1934.6
1280590 1934.6
1280600 1945.9
1280610 1960.2
1280620 1960.2
1280630 1974.2
1280640 1981.4
1280650 1981.4
1280660 1985.8
1280670 1991.1
1280680 1991.1
1280690 1996.0
1280700 2001.6
1280710 2001.6
1280720 2010.7
1280730 2020.4
1280740 2017.7
1280750 2027.9
1280760 2037.0
1280770 2037.0
1280780 2045.5
1280790 2053.4
1280800 2053.4
1280810 2061.8
1280820 2072.1
1280830 2072.1
1280840 2081.7
1280850 2091.1
1280860 2091.1
1280870 2100.1
1280880 2110.1
1280890 2119.6
1280900 2119.6
1280910 2129.2
1280920 2140.3
1280930 2140.3
1280940 2152.9
1280950 2161.3
1280960 2161.3
1280970 2168.8
1280980 2179.6
1280990 2179.6
1281000 2193.1
1281010 2192.8
1281020 2192.8
1281030 2171.9
1281040 2156.7
1281050 2156.7
1281060 2148.6
1281070 2139.6
1281080 2139.6
1281090 2131.5
1281100 2115.9
1281110 2115.9
1281120 2101.1
1281130 2084.0
1281140 2084.0
1281150 2066.2
1281160 2050.5
1281170 2050.5
1281180 2039.5
1281190 2026.0
1281200 2015.4
1281210 2015.4
1281220 2001.7
1281230 1985.6
1281240 1985.6
1281250 1971.6
1281260 1961.0
1281270 1961.0
1281280 1955.1
1281290 1948.5
1281300 1948.5
1281310 1931.7
1281320 1919.0
1281330 1919.0
1281340 1908.1
1281350 1895.7
1281360 1895.7
1281370 1888.5
1281380 1875.8
1281390 1875.8
1281400 1867.2
1281410 1857.7
1281420 1857.7
1281430 1848.1
1281440 1839.3
1281450 1839.3
1281460 1826.0
1281470 1812.7
1281480 1812.7
1281490 1801.5
1281500 1793.9
1281510 1793.9
1281520 1785.1
1281530 1777.2
1281540 1770.6
1281550 1770.6
1281560 1763.2
1281570 1750.4
1281580 1750.4
1281590 1725.2
1281600 1695.5
1281610 1695.5
1281620 1663.8
1281630 1641.8
1281640 1641.8
1281650 1627.5
1281660 1621.4
1281670 1621.4
1281680 1616.5
1281690 1611.6
1281700 1611.6
1281710 1607.5
1281720 1604.5
1281730 1604.5
1281740 1602.3
1281750 1600.1
1281760 1600.1
1281770 1599.8
1281780 1601.4
1281790 1601.4
1281800 1602.3
1281810 1602.0
1281820 1602.0
1281830 1601.0
1281840 1601.8
1281850 1604.1
1281860 1604.1
1281870 1606.7
1281880 1608.8
1281890 1608.8
1281900 1609.9
1281910 1611.1
1281920 1611.1
1281930 1613.1
1281940 1614.6
1281950 1614.6
1281960 1612.0
1281970 1608.1
1281980 1608.1
1281990 1607.2
1282000 1612.4
1282010 1612.4
1282020 1611.8
1282030 1608.7
1282040 1608.7
1282050 1606.7
1282060 1606.8
1282070 1606.8
1282080 1607.7
1282090 1606.6
1282100 1606.6
1282110 1605.8
1282120 1605.4
1282130 1605.4
1282140 1605.8
1282150 1605.7
1282160 1604.9
1282170 1604.9
1282180 1603.8
1282190 1598.9
1282200 1598.9
1282210 1592.2
1282220 1586.7
1282230 1586.7
1282240 1583.5
1282250 1579.5
1282260 1579.5
1282270 1576.5
1282280 1578.2
1282290 1578.2
1282300 1585.5
1282310 1597.7
1282320 1597.7
1282330 1609.1
1282340 1626.8
1282350 1626.8
1282360 1644.2
1282370 1658.8
1282380 1658.8
1282390 1669.0
1282400 1678.9
1282410 1678.9
1282420 1693.9
1282430 1713.2
1282440 1713.2
1282450 1731.6
1282460 1745.3
1282470 1745.3
1282480 1759.0
1282490 1772.0
1282500 1784.6
1282510 1784.6
1282520 1798.6
1282530 1816.3
1282540 1816.3
1282550 1833.5
1282560 1844.9
1282570 1844.9
1282580 1844.8
1282590 1836.2
1282600 1836.2
1282610 1827.0
1282620 1830.9
1282630 1845.3
1282640 1854.3
1282650 1883.2
1282660 1883.2
1282670 1905.3
1282680 1935.6
1282690 1935.6
1282700 1944.8
1282710 1939.7
1282720 1939.7
1282730 1946.1
1282740 1955.1
1282750 1955.1
1282760 1965.3
1282770 1982.1
1282780 1982.1
1282790 2001.0
1282800 2020.7
1282810 2041.1
1282820 2041.1
1282830 2047.2
1282840 2050.5
1282850 2050.5
1282860 2065.0
1282870 2077.6
1282880 2077.6
1282890 2082.5
1282900 2085.8
1282910 2085.8
1282920 2092.4
1282930 2101.5
1282940 2101.5
1282950 2110.2
1282960 2114.8
1282970 2114.8
1282980 2104.2
1282990 2094.0
1283000 2094.0
1283010 2083.0
1283020 2076.1
1283030 2076.1
1283040 2071.1
1283050 2056.6
1283060 2056.6
1283070 2034.6
1283080 2016.5
1283090 2016.5
1283100 2003.6
1283110 1991.4
1283120 1985.9
1283130 1985.9
1283140 1983.9
1283150 1979.3
1283160 1979.3
1283170 1975.0
1283180 1962.6
1283190 1962.6
1283200 1965.8
1283210 1970.6
1283220 1970.6
1283230 1957.5
1283240 1954.7
1283250 1954.7
1283260 1953.9
1283270 1943.9
1283280 1943.9
1283290 1926.5
1283300 1893.2
1283310 1893.2
1283320 1859.8
1283330 1846.5
1283340 1846.5
1283350 1840.1
1283360 1831.4
1283370 1831.4
1283380 1820.9
1283390 1814.4
1283400 1814.4
1283410 1799.6
1283420 1789.2
1283430 1779.0
1283440 1779.0
1283450 1764.8
1283460 1762.8
1283470 1762.8
1283480 1765.0
1283490 1759.6
1283500 1759.6
1283510 1751.8
1283520 1742.9
1283530 1742.9
1283540 1730.7
1283550 1721.6
1283560 1721.6
1283570 1713.9
1283580 1701.1
1283590 1701.1
1283600 1685.9
1283610 1662.6
1283620 1662.6
1283630 1643.1
1283640 1633.0
1283650 1633.0
1283660 1623.2
1283670 1614.3
1283680 1614.3
1283690 1605.6
1283700 1595.6
1283710 1595.6
1283720 1587.8
1283730 1582.8
1283740 1582.8
1283750 1578.3
1283760 1571.4
1283770 1559.4
1283780 1559.4
1283790 1549.8
1283800 1541.6
1283810 1541.6
1283820 1534.6
1283830 1531.3
1283840 1531.3
1283850 1526.0
1283860 1518.0
1283870 1518.0
1283880 1510.5
1283890 1503.2
1283900 1507.7
1283910 1502.5
1283920 1496.9
1283930 1496.9
1283940 1490.9
1283950 1484.0
1283960 1484.0
1283970 1474.0
1283980 1464.1
1283990 1464.1
1284000 1455.2
1284010 1446.5
1284020 1446.5
1284030 1437.0
1284040 1430.6
1284050 1430.6
1284060 1424.9
1284070 1418.1
1284080 1411.1
1284090 1411.1
1284100 1405.4
1284110 1398.3
1284120 1398.3
1284130 1385.7
1284140 1370.6
1284150 1370.6
1284160 1359.9
1284170 1350.6
1284180 1350.6
1284190 1341.8
1284200 1327.4
1284210 1327.4
1284220 1308.8
1284230 1286.7
1284240 1286.7
1284250 1273.3
1284260 1262.7
1284270 1262.7
1284280 1249.8
1284290 1228.6
1284300 1228.6
1284310 1217.8
1284320 1210.8
1284330 1210.8
1284340 1203.5
1284350 1195.7
1284360 1195.7
1284370 1188.5
1284380 1182.2
1284390 1176.8
1284400 1176.8
1284410 1171.9
1284420 1166.9
1284430 1166.9
1284440 1162.5
1284450 1157.8
1284460 1157.8
1284470 1153.4
1284480 1148.9
1284490 1148.9
1284500 1144.3
1284510 1139.8
1284520 1139.8
1284530 1135.1
1284540 1128.8
1284550 1128.8
1284560 1124.3
1284570 1119.9
1284580 1119.9
1284590 1116.3
1284600 1113.0
1284610 1113.0
1284620 1110.3
1284630 1107.3
1284640 1107.3
1284650 1105.0
1284660 1101.5
1284670 1101.5
1284680 1093.5
1284690 1085.6
1284700 1079.6
1284710 1079.6
1284720 1074.2
1284730 1068.3
1284740 1068.3
1284750 1062.9
1284760 1059.7
1284770 1059.7
1284780 1057.6
1284790 1055.1
1284800 1055.1
1284810 1058.9
1284820 1064.4
1284830 1064.4
1284840 1071.1
1284850 1078.0
1284860 1078.0
1284870 1084.7
1284880 1089.1
1284890 1089.1
1284900 1090.9
1284910 1092.1
1284920 1092.1
1284930 1092.7
1284940 1095.0
1284950 1095.0
1284960 1097.0
1284970 1098.6
1284980 1098.6
1284990 1100.2
1285000 1101.4
1285010 1101.4
1285020 1102.5
1285030 1103.1
1285040 1103.9
1285050 1103.9
1285060 1103.1
1285070 1102.0
1285080 1102.0
1285090 1103.6
1285100 1104.6
1285110 1104.6
1285120 1105.4
1285130 1106.1
1285140 1106.1
1285150 1108.1
1285160 1110.4
1285170 1110.4
1285180 1114.3
1285190 1116.4
1285200 1116.4
1285210 1118.7
1285220 1121.0
1285230 1121.0
1285240 1123.2
1285250 1125.5
1285260 1125.5
1285270 1127.9
1285280 1131.1
1285290 1131.1
1285300 1133.3
1285310 1134.6
1285320 1134.6
1285330 1135.9
1285340 1137.3
1285350 1141.0
1285360 1141.0
1285370 1146.1
1285380 1150.1
1285390 1150.1
1285400 1151.2
1285410 1152.1
1285420 1152.1
1285430 1154.3
1285440 1157.7
1285450 1157.7
1285460 1161.7
1285470 1165.9
1285480 1165.9
1285490 1170.6
1285500 1174.9
1285510 1174.9
1285520 1178.0
1285530 1180.6
1285540 1180.6
1285550 1183.8
1285560 1187.6
1285570 1187.6
1285580 1191.5
1285590 1195.2
1285600 1195.2
1285610 1198.5
1285620 1202.0
1285630 1202.0
1285640 1205.0
1285650 1207.1
1285660 1206.9
1285670 1206.9
1285680 1206.9
1285690 1208.8
1285700 1208.8
1285710 1211.7
1285720 1213.1
1285730 1213.1
1285740 1214.2
1285750 1216.3
1285760 1216.3
1285770 1217.6
1285780 1219.6
1285790 1219.6
1285800 1222.0
1285810 1223.4
1285820 1229.8
1285830 1231.0
1285840 1231.7
1285850 1231.7
1285860 1232.0
1285870 1231.9
1285880 1231.9
1285890 1231.4
1285900 1230.2
1285910 1230.2
1285920 1226.7
1285930 1226.2
1285940 1226.2
1285950 1225.1
1285960 1222.8
1285970 1221.9
1285980 1221.9
1285990 1220.5
1286000 1218.5
1286010 1218.5
1286020 1215.0
1286030 1210.2
1286040 1210.2
1286050 1207.6
1286060 1202.1
1286070 1202.1
1286080 1202.7
1286090 1206.4
1286100 1206.4
1286110 1207.9
1286120 1205.6
1286130 1205.6
1286140 1203.2
1286150 1200.6
1286160 1200.6
1286170 1198.2
1286180 1197.1
1286190 1197.1
1286200 1195.7
1286210 1195.1
1286220 1195.1
1286230 1193.7
1286240 1192.1
1286250 1192.1
1286260 1192.5
1286270 1192.6
1286280 1192.6
1286290 1192.3
1286300 1192.0
1286310 1191.8
1286320 1191.8
1286330 1192.0
1286340 1191.7
1286350 1191.7
1286360 1190.5
1286370 1188.5
1286380 1188.5
1286390 1187.2
1286400 1185.9
1286410 1185.9
1286420 1184.7
1286430 1184.8
1286440 1184.8
1286450 1183.5
1286460 1186.6
1286470 1186.6
1286480 1185.7
1286490 1184.2
1286500 1184.2
1286510 1182.6
1286520 1181.5
1286530 1181.5
1286540 1180.6
1286550 1179.3
1286560 1179.3
1286570 1177.6
1286580 1175.6
1286590 1175.6
1286600 1174.2
1286610 1172.7
1286620 1170.3
1286630 1170.3
1286640 1167.5
1286650 1164.4
1286660 1164.4
1286670 1162.2
1286680 1160.4
1286690 1160.4
1286700 1159.0
1286710 1157.3
1286720 1157.3
1286730 1154.5
1286740 1151.4
1286750 1151.4
1286760 1148.2
1286770 1144.6
1286780 1144.6
1286790 1141.1
1286800 1137.4
1286810 1137.4
1286820 1134.0
1286830 1130.9
1286840 1130.9
1286850 1128.0
1286860 1124.8
1286870 1124.8
1286880 1122.2
1286890 1120.7
1286900 1120.7
1286910 1119.9
1286920 1119.3
1286930 1119.7
1286940 1119.7
1286950 1119.2
1286960 1118.5
1286970 1118.5
1286980 1117.7
1286990 1116.2
1287000 1116.2
1287010 1114.3
1287020 1113.5
1287030 1113.5
1287040 1112.5
1287050 1111.9
1287060 1111.9
1287070 1111.1
1287080 1109.0
1287090 1109.0
1287100 1107.2
1287110 1108.1
1287120 1108.1
1287130 1106.7
1287140 1106.3
1287150 1106.3
1287160 1106.2
1287170 1102.4
1287180 1102.4
1287190 1099.4
1287200 1097.2
1287210 1097.2
1287220 1096.2
1287230 1096.0
1287240 1094.6
1287250 1094.6
1287260 1092.7
1287270 1089.4
1287280 1089.4
1287290 1087.5
1287300 1085.7
1287310 1085.7
1287320 1083.8
1287330 1082.1
1287340 1082.1
1287350 1080.6
1287360 1078.4
1287370 1078.4
1287380 1076.6
1287390 1074.4
1287400 1074.4
1287410 1072.1
1287420 1069.0
1287430 1069.0
1287440 1063.6
1287450 1060.7
1287460 1060.7
1287470 1058.7
1287480 1055.9
1287490 1055.9
1287500 1054.1
1287510 1052.5
1287520 1052.5
1287530 1052.4
1287540 1052.9
1287550 1052.9
1287560 1053.2
1287570 1053.3
1287580 1053.1
1287590 1053.1
1287600 1053.2
1287610 1053.6
1287620 1053.6
1287630 1053.9
1287640 1054.0
1287650 1054.0
1287660 1054.2
1287670 1054.4
1287680 1054.4
1287690 1054.5
1287700 1054.8
1287710 1054.8
1287720 1055.1
1287730 1056.1
1287740 1056.1
1287750 1058.7
1287760 1056.9
1287770 1056.9
1287780 1058.7
1287790 1062.7
1287800 1062.7
1287810 1068.5
1287820 1071.9
1287830 1071.9
1287840 1075.8
1287850 1080.9
1287860 1080.9
1287870 1088.2
1287880 1090.3
1287890 1094.2
1287900 1094.2
1287910 1098.4
1287920 1102.2
1287930 1102.2
1287940 1106.7
1287950 1112.5
1287960 1112.5
1287970 1115.8
1287980 1116.7
1287990 1116.7
1288000 1117.4
1288010 1118.2
1288020 1118.2
1288030 1119.2
1288040 1120.5
1288050 1120.5
1288060 1123.1
1288070 1126.7
1288080 1126.7
1288090 1129.6
1288100 1128.8
1288110 1128.8
1288120 1127.2
1288130 1127.8
1288140 1127.8
1288150 1130.2
1288160 1132.4
1288170 1132.4
1288180 1133.3
1288190 1133.7
1288200 1133.8
1288210 1133.8
1288220 1133.9
1288230 1134.0
1288240 1134.0
1288250 1134.6
1288260 1136.1
1288270 1136.1
1288280 1137.9
1288290 1139.9
1288300 1139.9
1288310 1142.2
1288320 1144.4
1288330 1144.4
1288340 1146.7
1288350 1149.5
1288360 1149.5
1288370 1152.4
1288380 1154.7
1288390 1154.7
1288400 1155.6
1288410 1155.3
1288420 1155.3
1288430 1154.6
1288440 1155.7
1288450 1155.7
1288460 1157.9
1288470 1161.2
1288480 1161.2
1288490 1164.6
1288500 1167.7
1288510 1167.7
1288520 1170.4
1288530 1172.1
1288540 1173.1
1288550 1173.1
1288560 1174.6
1288570 1176.6
1288580 1176.6
1288590 1179.3
1288600 1181.6
1288610 1181.6
1288620 1183.6
1288630 1185.0
1288640 1185.0
1288650 1184.9
1288660 1181.9
1288670 1181.9
1288680 1182.4
1288690 1190.0
1288700 1190.0
1288710 1193.2
1288720 1193.2
1288730 1193.2
1288740 1194.2
1288750 1196.5
1288760 1196.5
1288770 1199.7
1288780 1202.6
1288790 1202.6
1288800 1205.3
1288810 1208.2
1288820 1208.2
1288830 1210.8
1288840 1212.6
1288850 1214.2
1288860 1214.2
1288870 1216.0
1288880 1217.6
1288890 1217.6
1288900 1221.1
1288910 1225.2
1288920 1225.2
1288930 1229.0
1288940 1231.9
1288950 1231.9
1288960 1235.6
1288970 1239.1
1288980 1239.1
1288990 1242.7
1289000 1247.9
1289010 1247.9
1289020 1253.6
1289030 1259.2
1289040 1259.2
1289050 1264.7
1289060 1263.8
1289070 1263.8
1289080 1266.1
1289090 1267.7
1289100 1267.7
1289110 1274.3
1289120 1280.1
1289130 1280.1
1289140 1285.2
1289150 1290.3
1289160 1295.2
1289170 1295.2
1289180 1299.6
1289190 1304.0
1289200 1304.0
1289210 1308.8
1289220 1313.9
1289230 1313.9
1289240 1319.1
1289250 1324.3
1289260 1324.3
1289270 1329.4
1289280 1333.4
1289290 1333.4
1289300 1329.5
1289310 1320.4
1289320 1320.4
1289330 1318.1
1289340 1327.5
1289350 1327.5
1289360 1333.1
1289370 1337.1
1289380 1337.1
1289390 1341.0
1289400 1343.5
1289410 1343.5
1289420 1342.8
1289430 1340.3
1289440 1340.3
1289450 1336.3
1289460 1331.4
1289470 1333.1
1289480 1333.1
1289490 1339.0
1289500 1339.3
1289510 1339.3
1289520 1340.1
1289530 1340.0
1289540 1340.0
1289550 1339.1
1289560 1336.3
1289570 1336.3
1289580 1333.2
1289590 1328.2
1289600 1328.2
1289610 1323.5
1289620 1324.4
1289630 1324.4
1289640 1325.8
1289650 1326.6
1289660 1326.6
1289670 1321.8
1289680 1314.2
1289690 1314.2
1289700 1312.3
1289710 1306.2
1289720 1306.2
1289730 1303.8
1289740 1298.7
1289750 1298.7
1289760 1294.4
1289770 1293.3
1289780 1293.3
1289790 1292.9
1289800 1291.1
1289810 1294.0
1289820 1294.0
1289830 1303.4
1289840 1313.1
1289850 1313.1
1289860 1329.9
1289870 1343.2
1289880 1343.2
1289890 1353.7
1289900 1361.2
1289910 1361.2
1289920 1366.7
1289930 1372.1
1289940 1372.1
1289950 1378.8
1289960 1384.8
1289970 1384.8
1289980 1389.4
1289990 1392.9
1290000 1392.9
1290010 1396.0
1290020 1402.3
1290030 1402.3
1290040 1408.3
1290050 1410.0
1290060 1410.0
1290070 1409.1
1290080 1409.8
1290090 1409.8
1290100 1417.4
1290110 1422.8
1290120 1429.8
1290130 1429.8
1290140 1436.1
1290150 1440.4
1290160 1440.4
1290170 1444.7
1290180 1448.9
1290190 1448.9
1290200 1454.0
1290210 1460.4
1290220 1460.4
1290230 1466.4
1290240 1471.9
1290250 1471.9
1290260 1477.8
1290270 1484.1
1290280 1484.1
1290290 1490.3
1290300 1496.2
1290310 1496.2
1290320 1501.1
1290330 1505.6
1290340 1505.6
1290350 1510.4
1290360 1515.8
1290370 1517.8
1290380 1521.3
1290390 1523.6
1290400 1523.6
1290410 1525.3
1290420 1527.4
1290430 1530.2
1290440 1530.2
1290450 1533.7
1290460 1537.7
1290470 1537.7
1290480 1539.2
1290490 1538.8
1290500 1538.8
1290510 1536.1
1290520 1526.9
1290530 1526.9
1290540 1517.1
1290550 1511.7
1290560 1511.7
1290570 1506.9
1290580 1502.9
1290590 1502.9
1290600 1500.4
1290610 1496.2
1290620 1496.2
1290630 1492.6
1290640 1491.6
1290650 1491.6
1290660 1489.7
1290670 1488.0
1290680 1488.0
1290690 1486.5
1290700 1484.9
1290710 1484.9
1290720 1480.6
1290730 1478.6
1290740 1475.2
1290750 1475.2
1290760 1471.5
1290770 1468.9
1290780 1468.9
1290790 1466.3
1290800 1463.1
1290810 1463.1
1290820 1459.7
1290830 1455.8
1290840 1455.8
1290850 1451.9
1290860 1447.5
1290870 1447.5
1290880 1442.6
1290890 1437.1
1290900 1437.1
1290910 1431.0
1290920 1424.1
1290930 1424.1
1290940 1416.0
1290950 1407.5
1290960 1407.5
1290970 1402.1
1290980 1397.1
1290990 1397.1
1291000 1391.8
1291010 1384.9
1291020 1384.9
1291030 1372.9
1291040 1364.9
1291050 1364.9
1291060 1359.6
1291070 1366.9
1291080 1371.3
1291090 1371.3
1291100 1375.3
1291110 1378.8
1291120 1378.8
1291130 1382.0
1291140 1384.5
1291150 1384.5
1291160 1384.3
1291170 1384.1
1291180 1384.1
1291190 1383.6
1291200 1382.2
1291210 1382.2
1291220 1380.7
1291230 1377.5
1291240 1377.5
1291250 1374.1
1291260 1369.6
1291270 1369.6
1291280 1365.7
1291290 1361.9
1291300 1361.9
1291310 1360.3
1291320 1364.2
1291330 1364.2
1291340 1372.4
1291350 1381.1
1291360 1381.1
1291370 1391.9
1291380 1399.0
1291390 1405.8
1291400 1405.8
1291410 1412.8
1291420 1421.3
1291430 1421.3
1291440 1427.2
1291450 1428.5
1291460 1428.5
1291470 1427.9
1291480 1427.3
1291490 1427.3
1291500 1427.6
1291510 1426.6
1291520 1426.6
1291530 1423.4
1291540 1419.3
1291550 1419.3
1291560 1421.1
1291570 1424.8
1291580 1424.8
1291590 1424.4
1291600 1425.1
1291610 1425.1
1291620 1423.9
1291630 1419.9
1291640 1419.9
1291650 1414.0
1291660 1410.3
1291670 1410.3
1291680 1411.2
1291690 1408.9
1291700 1417.3
1291710 1417.3
1291720 1421.9
1291730 1420.3
1291740 1420.3
1291750 1418.4
1291760 1414.0
1291770 1414.0
1291780 1409.4
1291790 1408.3
1291800 1408.3
1291810 1412.9
1291820 1414.0
1291830 1414.0
1291840 1414.8
1291850 1415.0
1291860 1415.0
1291870 1413.0
1291880 1412.2
1291890 1412.2
1291900 1413.6
1291910 1412.8
1291920 1412.8
1291930 1411.9
1291940 1410.9
1291950 1410.9
1291960 1409.4
1291970 1407.5
1291980 1407.5
1291990 1406.8
1292000 1405.7
1292010 1403.8
1292020 1403.8
1292030 1405.8
1292040 1405.0
1292050 1405.0
1292060 1405.5
1292070 1408.1
1292080 1408.1
1292090 1410.9
1292100 1413.1
1292110 1413.1
1292120 1415.4
1292130 1418.8
1292140 1418.8
1292150 1422.6
1292160 1424.9
1292170 1424.9
1292180 1425.8
1292190 1428.1
1292200 1428.1
1292210 1429.5
1292220 1432.6
1292230 1432.6
1292240 1436.7
1292250 1441.7
1292260 1441.7
1292270 1446.8
1292280 1452.1
1292290 1452.1
1292300 1456.7
1292310 1460.7
1292320 1460.7
1292330 1464.2
1292340 1465.4
1292350 1472.9
1292360 1472.9
1292370 1474.6
1292380 1477.5
1292390 1477.5
1292400 1481.9
1292410 1485.5
1292420 1485.5
1292430 1488.9
1292440 1491.6
1292450 1491.6
1292460 1492.7
1292470 1494.4
1292480 1494.4
1292490 1495.7
1292500 1495.5
1292510 1495.5
1292520 1495.5
1292530 1496.2
1292540 1496.2
1292550 1497.1
1292560 1496.5
1292570 1496.5
1292580 1494.5
1292590 1492.6
1292600 1492.6
1292610 1494.5
1292620 1494.0
1292630 1494.0
1292640 1493.6
1292650 1493.4
1292660 1493.3
1292670 1493.3
1292680 1491.3
1292690 1488.2
1292700 1488.2
1292710 1487.1
1292720 1490.2
1292730 1490.2
1292740 1493.5
1292750 1496.3
1292760 1496.3
1292770 1498.8
1292780 1503.7
1292790 1503.7
1292800 1509.8
1292810 1514.4
1292820 1514.4
1292830 1517.5
1292840 1522.0
1292850 1522.0
1292860 1528.2
1292870 1534.0
1292880 1534.0
1292890 1539.5
1292900 1544.7
1292910 1544.7
1292920 1549.9
1292930 1555.0
1292940 1555.0
1292950 1560.1
1292960 1565.2
1292970 1570.3
1292980 1570.3
1292990 1575.5
1293000 1580.6
1293010 1580.6
1293020 1581.4
1293030 1586.3
1293040 1586.3
1293050 1591.3
1293060 1596.3
1293070 1596.3
1293080 1601.7
1293090 1606.8
1293100 1606.8
1293110 1611.7
1293120 1616.6
1293130 1616.6
1293140 1620.9
1293150 1625.9
1293160 1625.9
1293170 1630.8
1293180 1635.3
1293190 1635.3
1293200 1640.0
1293210 1644.6
1293220 1644.6
1293230 1648.7
1293240 1652.6
1293250 1652.6
1293260 1656.1
1293270 1659.4
1293280 1662.7
1293290 1662.7
1293300 1666.3
1293310 1670.3
1293320 1670.3
1293330 1674.1
1293340 1677.5
1293350 1677.5
1293360 1681.0
1293370 1684.5
1293380 1684.5
1293390 1687.8
1293400 1691.5
1293410 1691.5
1293420 1695.0
1293430 1698.3
1293440 1698.3
1293450 1702.2
1293460 1706.4
1293470 1706.4
1293480 1709.9
1293490 1713.3
1293500 1713.3
1293510 1716.5
1293520 1719.0
1293530 1719.0
1293540 1722.3
1293550 1726.3
1293560 1726.3
1293570 1730.2
1293580 1732.6
1293590 1732.6
1293600 1733.7
1293610 1732.0
1293620 1726.7
1293630 1726.7
1293640 1719.4
1293650 1711.6
1293660 1711.6
1293670 1703.9
1293680 1696.1
1293690 1694.5
1293700 1686.6
1293710 1679.8
1293720 1679.8
1293730 1673.9
1293740 1668.6
1293750 1668.6
1293760 1663.4
1293770 1658.4
1293780 1658.4
1293790 1653.0
1293800 1649.4
1293810 1649.4
1293820 1644.6
1293830 1647.2
1293840 1647.2
1293850 1649.2
1293860 1643.9
1293870 1643.9
1293880 1635.7
1293890 1627.2
1293900 1627.2
1293910 1611.4
1293920 1595.9
1293930 1584.6
1293940 1584.6
1293950 1576.1
1293960 1565.9
1293970 1565.9
1293980 1558.1
1293990 1552.0
1294000 1552.0
1294010 1549.0
1294020 1549.3
1294030 1549.3
1294040 1547.9
1294050 1535.7
1294060 1535.7
1294070 1527.6
1294080 1518.3
1294090 1518.3
1294100 1507.5
1294110 1500.9
1294120 1500.9
1294130 1498.3
1294140 1488.5
1294150 1488.5
1294160 1481.8
1294170 1487.8
1294180 1487.8
1294190 1489.0
1294200 1486.2
1294210 1486.2
1294220 1482.3
1294230 1478.7
1294240 1474.0
1294250 1474.0
1294260 1468.8
1294270 1461.5
1294280 1461.5
1294290 1456.5
1294300 1452.1
1294310 1452.1
1294320 1446.5
1294330 1441.7
1294340 1441.7
1294350 1443.7
1294360 1440.8
1294370 1440.8
1294380 1437.1
1294390 1432.9
1294400 1432.9
1294410 1429.0
1294420 1424.9
1294430 1424.9
1294440 1421.8
1294450 1419.9
1294460 1419.9
1294470 1418.5
1294480 1411.6
1294490 1411.6
1294500 1400.7
1294510 1398.5
1294520 1398.5
1294530 1408.3
1294540 1416.1
1294550 1421.1
1294560 1421.1
1294570 1424.3
1294580 1426.8
1294590 1426.8
1294600 1429.4
1294610 1431.9
1294620 1431.9
1294630 1433.9
1294640 1433.1
1294650 1433.1
1294660 1427.0
1294670 1424.5
1294680 1424.5
1294690 1421.0
1294700 1422.1
1294710 1422.1
1294720 1431.2
1294730 1436.4
1294740 1436.4
1294750 1440.1
1294760 1445.1
1294770 1445.1
1294780 1450.0
1294790 1453.0
1294800 1453.0
1294810 1457.6
1294820 1463.9
1294830 1463.9
1294840 1469.8
1294850 1475.0
1294860 1475.0
1294870 1479.0
1294880 1482.1
1294890 1485.3
1294900 1485.3
1294910 1484.4
1294920 1484.6
1294930 1484.6
1294940 1489.3
1294950 1492.7
1294960 1492.7
1294970 1497.9
1294980 1506.0
1294990 1506.0
1295000 1513.9
1295010 1522.2
1295020 1522.2
1295030 1530.3
1295040 1536.4
1295050 1536.4
1295060 1543.6
1295070 1550.9
1295080 1550.9
1295090 1557.9
1295100 1563.9
1295110 1563.9
1295120 1568.6
1295130 1572.5
1295140 1572.5
1295150 1575.5
1295160 1575.6
1295170 1575.6
1295180 1572.8
1295190 1567.6
1295200 1564.7
1295210 1564.7
1295220 1562.8
1295230 1557.4
1295240 1557.4
1295250 1556.7
1295260 1561.5
1295270 1561.5
1295280 1561.8
1295290 1555.4
1295300 1555.4
1295310 1554.1
1295320 1552.4
1295330 1552.4
1295340 1549.4
1295350 1550.6
1295360 1550.6
1295370 1547.8
1295380 1549.8
1295390 1549.8
1295400 1552.7
1295410 1555.5
1295420 1555.5
1295430 1556.0
1295440 1560.5
1295450 1560.5
1295460 1566.7
1295470 1572.1
1295480 1572.1
1295490 1570.4
1295500 1572.1
1295510 1581.5
1295520 1581.5
1295530 1586.0
1295540 1588.8
1295550 1588.8
1295560 1591.3
1295570 1592.4
1295580 1592.4
1295590 1593.1
1295600 1592.4
1295610 1592.4
1295620 1591.6
1295630 1589.8
1295640 1589.8
1295650 1586.1
1295660 1584.3
1295670 1584.3
1295680 1585.4
1295690 1586.5
1295700 1590.7
1295710 1592.7
1295720 1595.6
1295730 1595.6
1295740 1598.7
1295750 1600.2
1295760 1600.2
1295770 1602.3
1295780 1605.7
1295790 1605.7
1295800 1610.3
1295810 1614.7
1295820 1615.5
1295830 1615.5
1295840 1616.3
1295850 1618.3
1295860 1618.3
1295870 1619.4
1295880 1621.5
1295890 1621.5
1295900 1620.2
1295910 1619.7
1295920 1619.7
1295930 1617.2
1295940 1610.0
1295950 1610.0
1295960 1602.4
1295970 1596.2
1295980 1596.2
1295990 1591.0
1296000 1587.5
1296010 1587.5
1296020 1585.9
1296030 1585.0
1296040 1585.0
1296050 1583.0
1296060 1581.0
1296070 1581.0
1296080 1577.9
1296090 1575.1
1296100 1575.1
1296110 1573.4
1296120 1571.9
1296130 1571.9
1296140 1570.9
1296150 1569.3
1296160 1567.6
1296170 1567.6
1296180 1565.8
1296190 1565.1
1296200 1565.1
1296210 1564.0
1296220 1562.9
1296230 1562.9
1296240 1562.6
1296250 1562.3
1296260 1562.3
1296270 1562.3
1296280 1562.5
1296290 1562.5
1296300 1562.5
1296310 1562.2
1296320 1562.2
1296330 1562.0
1296340 1561.4
1296350 1561.4
1296360 1560.4
1296370 1559.5
1296380 1552.9
1296390 1552.3
1296400 1551.6
1296410 1551.6
1296420 1550.7
1296430 1549.6
1296440 1549.6
1296450 1548.4
1296460 1547.4
1296470 1545.9
1296480 1545.9
1296490 1543.3
1296500 1540.0
1296510 1540.0
1296520 1533.9
1296530 1527.2
1296540 1527.2
1296550 1520.7
1296560 1514.3
1296570 1514.3
1296580 1507.1
1296590 1500.0
1296600 1500.0
1296610 1492.8
1296620 1485.5
1296630 1485.5
1296640 1478.4
1296650 1470.6
1296660 1470.6
1296670 1459.8
1296680 1447.7
1296690 1447.7
1296700 1438.1
1296710 1430.5
1296720 1430.5
1296730 1421.8
1296740 1418.4
1296750 1418.4
1296760 1418.5
1296770 1419.5
1296780 1419.6
1296790 1419.6
1296800 1419.2
1296810 1419.5
1296820 1419.5
1296830 1421.0
1296840 1423.3
1296850 1423.3
1296860 1425.6
1296870 1428.6
1296880 1428.6
1296890 1431.2
1296900 1433.6
1296910 1433.6
1296920 1436.8
1296930 1441.2
1296940 1441.2
1296950 1447.0
1296960 1453.5
1296970 1453.5
1296980 1459.2
1296990 1463.7
1297000 1463.7
1297010 1468.3
1297020 1472.4
1297030 1472.4
1297040 1475.8
1297050 1479.0
1297060 1485.6
1297070 1488.4
1297080 1490.8
1297090 1493.3
1297100 1493.3
1297110 1495.0
1297120 1495.7
1297130 1495.7
1297140 1496.3
1297150 1496.4
1297160 1496.4
1297170 1496.5
1297180 1497.4
1297190 1497.4
1297200 1500.2
1297210 1503.6
1297220 1503.6
1297230 1506.2
1297240 1508.3
1297250 1508.3
1297260 1509.2
1297270 1509.8
1297280 1509.8
1297290 1509.6
1297300 1508.3
1297310 1508.3
1297320 1506.5
1297330 1504.9
1297340 1504.9
1297350 1504.1
1297360 1504.1
1297370 1504.1
1297380 1504.2
1297390 1503.7
1297400 1503.7
1297410 1501.9
1297420 1498.6
1297430 1495.3
1297440 1495.3
1297450 1492.4
1297460 1490.4
1297470 1490.4
1297480 1489.2
1297490 1488.7
1297500 1488.7
1297510 1488.5
1297520 1488.4
1297530 1488.4
1297540 1486.5
1297550 1480.6
1297560 1480.6
1297570 1472.5
1297580 1464.7
1297590 1464.7
1297600 1458.7
1297610 1454.0
1297620 1454.0
1297630 1449.9
1297640 1445.7
1297650 1445.7
1297660 1441.9
1297670 1438.5
1297680 1438.5
1297690 1434.5
1297700 1429.6
1297710 1429.6
1297720 1424.5
1297730 1420.2
1297740 1425.0
1297750 1425.0
1297760 1424.4
1297770 1423.3
1297780 1423.3
1297790 1421.1
1297800 1419.5
1297810 1419.5
1297820 1418.3
1297830 1416.2
1297840 1416.2
1297850 1413.5
1297860 1410.1
1297870 1410.1
1297880 1406.4
1297890 1402.4
1297900 1402.4
1297910 1398.0
1297920 1392.8
1297930 1392.8
1297940 1387.3
1297950 1382.1
1297960 1382.1
1297970 1377.0
1297980 1373.3
1297990 1373.3
1298000 1368.7
1298010 1363.2
1298020 1363.2
1298030 1357.3
1298040 1352.1
1298050 1346.9
1298060 1346.9
1298070 1341.9
1298080 1336.4
1298090 1336.4
1298100 1330.6
1298110 1324.5
1298120 1324.5
1298130 1318.3
1298140 1313.9
1298150 1313.9
1298160 1309.4
1298170 1303.2
1298180 1303.2
1298190 1297.1
1298200 1291.3
1298210 1291.3
1298220 1285.8
1298230 1280.9
1298240 1280.9
1298250 1277.1
1298260 1272.2
1298270 1272.2
1298280 1265.3
1298290 1259.0
1298300 1259.0
1298310 1253.9
1298320 1249.6
1298330 1249.6
1298340 1245.6
1298350 1242.2
1298360 1242.2
1298370 1237.9
1298380 1232.7
1298390 1228.1
1298400 1228.1
1298410 1224.1
1298420 1215.0
1298430 1215.0
1298440 1212.5
1298450 1208.0
1298460 1208.0
1298470 1200.5
1298480 1193.9
1298490 1193.9
1298500 1188.5
1298510 1185.0
1298520 1185.0
1298530 1182.9
1298540 1177.9
1298550 1177.9
1298560 1172.2
1298570 1166.4
1298580 1166.4
1298590 1161.9
1298600 1156.9
1298610 1156.9
1298620 1149.6
1298630 1137.5
1298640 1137.5
1298650 1126.4
1298660 1117.4
1298670 1117.4
1298680 1109.0
1298690 1101.2
1298700 1094.0
1298710 1094.0
1298720 1087.6
1298730 1081.4
1298740 1081.4
1298750 1075.3
1298760 1069.3
1298770 1069.3
1298780 1063.8
1298790 1058.5
1298800 1058.5
1298810 1053.4
1298820 1048.4
1298830 1048.4
1298840 1043.7
1298850 1039.1
1298860 1039.1
1298870 1034.4
1298880 1030.0
1298890 1030.0
1298900 1025.7
1298910 1021.2
1298920 1021.2
1298930 1017.1
1298940 1012.8
1298950 1012.8
1298960 1009.2
1298970 1005.9
1298980 1005.9
1298990 1003.2
1299000 1002.2
1299010 1000.1
1299020 1000.1
1299030 998.1
1299040 995.8
1299050 995.8
1299060 993.8
1299070 991.2
1299080 991.2
1299090 988.7
1299100 986.4
1299110 987.0
1299120 985.3
1299130 984.7
1299140 984.7
1299150 984.5
1299160 984.3
1299170 984.3
1299180 984.1
1299190 983.7
1299200 983.7
1299210 983.3
1299220 982.9
1299230 982.9
1299240 982.6
1299250 982.2
1299260 982.2
1299270 981.7
1299280 981.3
1299290 981.3
1299300 981.0
1299310 980.8
1299320 980.5
1299330 980.5
1299340 980.1
1299350 979.7
1299360 979.7
1299370 979.4
1299380 979.4
1299390 979.4
1299400 979.5
1299410 979.5
1299420 979.5
1299430 979.6
1299440 979.5
1299450 979.5
1299460 979.5
1299470 979.2
1299480 979.2
1299490 978.9
1299500 978.6
1299510 978.6
1299520 978.2
1299530 978.0
1299540 978.0
1299550 977.8
1299560 977.6
1299570 977.6
1299580 977.4
1299590 977.3
1299600 977.3
1299610 977.1
1299620 976.8
1299630 976.8
1299640 976.8
1299650 976.6
1299660 976.5
1299670 976.5
1299680 976.2
1299690 976.0
1299700 976.0
1299710 975.7
1299720 975.3
1299730 975.3
1299740 975.2
1299750 975.1
1299760 975.1
1299770 975.0
1299780 974.9
1299790 974.9
1299800 974.4
1299810 974.4
1299820 974.4
1299830 974.0
1299840 973.8
1299850 973.8
1299860 974.0
1299870 973.7
1299880 973.7
1299890 973.3
1299900 972.9
1299910 972.9
1299920 972.7
1299930 972.4
1299940 972.4
1299950 972.3
1299960 972.2
1299970 972.1
1299980 972.1
1299990 971.5
