1280000 1294.1
1280010 1294.1
1280020 1298.4
1280030 1303.1
1280040 1303.1
1280050 1308.4
1280060 1314.2
1280070 1314.2
1280080 1320.2
1280090 1327.0
1280100 1327.0
1280110 1333.3
1280120 1340.5
1280130 1345.9
1280140 1345.9
1280150 1349.2
1280160 1354.4
1280170 1354.4
1280180 1357.8
1280190 1362.5
1280200 1362.5
1280210 1369.3
1280220 1376.7
1280230 1376.7
1280240 1383.4
1280250 1390.8
1280260 1390.8
1280270 1403.3
1280280 1418.5
1280290 1418.5
1280300 1433.6
1280310 1450.3
1280320 1450.3
1280330 1461.0
1280340 1461.1
1280350 1461.1
1280360 1467.1
1280370 1474.4
1280380 1498.1
1280390 1509.6
1280400 1510.8
1280410 1510.8
1280420 1521.3
1280430 1524.5
1280440 1524.5
1280450 1529.8
1280460 1545.0
1280470 1561.4
1280480 1561.4
1280490 1576.3
1280500 1600.2
1280510 1600.2
1280520 1616.7
1280530 1632.1
1280540 1632.1
1280550 1646.8
1280560 1664.7
1280570 1664.7
1280580 1676.3
1280590 1689.4
1280600 1689.4
1280610 1700.2
1280620 1702.0
1280630 1702.0
1280640 1704.3
1280650 1708.8
1280660 1708.8
1280670 1715.0
1280680 1712.5
1280690 1712.5
1280700 1701.1
1280710 1687.5
1280720 1687.5
1280730 1683.9
1280740 1697.1
1280750 1697.1
1280760 1722.4
1280770 1742.0
1280780 1760.8
1280790 1760.8
1280800 1773.2
1280810 1781.0
1280820 1781.0
1280830 1774.6
1280840 1759.6
1280850 1759.6
1280860 1752.9
1280870 1746.2
1280880 1746.2
1280890 1739.9
1280900 1733.3
1280910 1733.3
1280920 1733.8
1280930 1730.0
1280940 1730.0
1280950 1726.0
1280960 1722.4
1280970 1722.4
1280980 1729.0
1280990 1733.8
1281000 1733.8
1281010 1740.1
1281020 1732.8
1281030 1732.8
1281040 1730.4
1281050 1727.0
1281060 1727.0
1281070 1725.2
1281080 1718.4
1281090 1718.4
1281100 1711.5
1281110 1699.6
1281120 1685.7
1281130 1685.7
1281140 1666.7
1281150 1630.6
1281160 1630.6
1281170 1618.6
1281180 1612.2
1281190 1612.2
1281200 1606.7
1281210 1599.5
1281220 1599.5
1281230 1590.2
1281240 1578.4
1281250 1578.4
1281260 1566.4
1281270 1555.0
1281280 1555.0
1281290 1543.2
1281300 1532.9
1281310 1532.9
1281320 1522.4
1281330 1513.4
1281340 1513.4
1281350 1505.0
1281360 1497.9
1281370 1497.9
1281380 1490.3
1281390 1482.6
1281400 1482.6
1281410 1475.3
1281420 1468.6
1281430 1463.0
1281440 1463.0
1281450 1455.9
1281460 1449.8
1281470 1449.8
1281480 1443.9
1281490 1437.1
1281500 1437.1
1281510 1431.0
1281520 1425.2
1281530 1425.2
1281540 1419.5
1281550 1414.1
1281560 1414.1
1281570 1408.6
1281580 1403.4
1281590 1403.4
1281600 1398.1
1281610 1392.7
1281620 1392.7
1281630 1393.0
1281640 1386.8
1281650 1386.8
1281660 1381.2
1281670 1374.0
1281680 1374.0
1281690 1366.0
1281700 1360.4
1281710 1360.4
1281720 1357.8
1281730 1353.7
1281740 1347.0
1281750 1347.0
1281760 1338.8
1281770 1331.5
1281780 1331.5
1281790 1325.2
1281800 1318.9
1281810 1318.9
1281820 1311.2
1281830 1302.9
1281840 1302.9
1281850 1296.3
1281860 1290.5
1281870 1290.5
1281880 1282.8
1281890 1273.9
1281900 1273.9
1281910 1266.6
1281920 1260.3
1281930 1260.3
1281940 1254.5
1281950 1248.4
1281960 1248.4
1281970 1242.3
1281980 1236.0
1281990 1236.0
1282000 1230.2
1282010 1224.7
1282020 1224.7
1282030 1219.4
1282040 1214.4
1282050 1214.4
1282060 1209.6
1282070 1204.8
1282080 1200.2
1282090 1200.2
1282100 1195.6
1282110 1190.3
1282120 1190.3
1282130 1188.4
1282140 1190.4
1282150 1190.4
1282160 1191.6
1282170 1190.6
1282180 1190.6
1282190 1189.7
1282200 1188.9
1282210 1188.9
1282220 1187.9
1282230 1187.9
1282240 1187.9
1282250 1187.5
1282260 1184.8
1282270 1189.3
1282280 1188.6
1282290 1186.7
1282300 1186.7
1282310 1184.6
1282320 1188.5
1282330 1188.5
1282340 1192.6
1282350 1196.9
1282360 1196.9
1282370 1201.8
1282380 1206.7
1282390 1211.0
1282400 1211.0
1282410 1217.0
1282420 1224.2
1282430 1224.2
1282440 1230.0
1282450 1235.4
1282460 1235.4
1282470 1241.5
1282480 1249.1
1282490 1249.1
1282500 1255.6
1282510 1262.9
1282520 1262.9
1282530 1270.7
1282540 1278.4
1282550 1278.4
1282560 1285.8
1282570 1293.8
1282580 1293.8
1282590 1302.9
1282600 1314.1
1282610 1314.1
1282620 1327.8
1282630 1341.1
1282640 1341.1
1282650 1354.3
1282660 1365.3
1282670 1365.3
1282680 1373.0
1282690 1380.9
1282700 1389.3
1282710 1389.3
1282720 1394.5
1282730 1393.0
1282740 1393.0
1282750 1394.9
1282760 1395.2
1282770 1395.2
1282780 1391.3
1282790 1384.4
1282800 1384.4
1282810 1379.6
1282820 1381.0
1282830 1381.0
1282840 1387.7
1282850 1392.3
1282860 1392.3
1282870 1397.5
1282880 1403.8
1282890 1403.8
1282900 1420.3
1282910 1421.5
1282920 1421.5
1282930 1423.3
1282940 1429.2
1282950 1429.2
1282960 1436.8
1282970 1442.0
1282980 1442.0
1282990 1445.9
1283000 1452.1
1283010 1452.1
1283020 1459.9
1283030 1467.5
1283040 1475.0
1283050 1475.0
1283060 1482.8
1283070 1494.6
1283080 1494.6
1283090 1506.1
1283100 1524.3
1283110 1524.3
1283120 1533.7
1283130 1538.7
1283140 1538.7
1283150 1541.8
1283160 1543.1
1283170 1543.1
1283180 1543.2
1283190 1543.0
1283200 1543.0
1283210 1541.1
1283220 1540.2
1283230 1540.2
1283240 1539.8
1283250 1539.3
1283260 1539.3
1283270 1540.8
1283280 1539.9
1283290 1539.9
1283300 1536.7
1283310 1532.6
1283320 1532.6
1283330 1528.1
1283340 1523.8
1283350 1518.8
1283360 1518.8
1283370 1513.2
1283380 1507.5
1283390 1507.5
1283400 1501.6
1283410 1496.6
1283420 1496.6
1283430 1492.4
1283440 1487.2
1283450 1487.2
1283460 1482.8
1283470 1478.5
1283480 1478.5
1283490 1474.1
1283500 1469.7
1283510 1469.7
1283520 1465.2
1283530 1466.2
1283540 1466.2
1283550 1460.2
1283560 1453.1
1283570 1453.1
1283580 1446.2
1283590 1439.4
1283600 1439.4
1283610 1433.6
1283620 1429.0
1283630 1429.0
1283640 1425.0
1283650 1420.3
1283660 1415.1
1283670 1415.1
1283680 1410.4
1283690 1405.2
1283700 1405.2
1283710 1400.1
1283720 1394.9
1283730 1394.9
1283740 1389.8
1283750 1384.8
1283760 1384.8
1283770 1379.2
1283780 1373.3
1283790 1373.3
1283800 1367.5
1283810 1360.9
1283820 1360.9
1283830 1351.8
1283840 1337.2
1283850 1337.2
1283860 1319.8
1283870 1306.5
1283880 1306.5
1283890 1295.5
1283900 1284.2
1283910 1284.2
1283920 1271.0
1283930 1262.3
1283940 1262.3
1283950 1254.1
1283960 1245.4
1283970 1245.4
1283980 1235.8
1283990 1228.6
1284000 1221.9
1284010 1221.9
1284020 1214.8
1284030 1208.1
1284040 1208.1
1284050 1200.9
1284060 1194.4
1284070 1194.4
1284080 1188.5
1284090 1183.1
1284100 1183.1
1284110 1177.9
1284120 1172.9
1284130 1172.9
1284140 1168.6
1284150 1164.4
1284160 1164.4
1284170 1162.6
1284180 1157.5
1284190 1157.5
1284200 1152.3
1284210 1147.0
1284220 1147.0
1284230 1141.6
1284240 1136.1
1284250 1136.1
1284260 1131.4
1284270 1127.4
1284280 1127.4
1284290 1123.7
1284300 1119.9
1284310 1115.8
1284320 1115.8
1284330 1113.3
1284340 1112.6
1284350 1112.6
1284360 1111.9
1284370 1111.2
1284380 1111.2
1284390 1109.9
1284400 1107.8
1284410 1107.8
1284420 1104.7
1284430 1099.7
1284440 1099.7
1284450 1093.6
1284460 1089.3
1284470 1089.3
1284480 1086.0
1284490 1084.2
1284500 1084.2
1284510 1083.5
1284520 1081.1
1284530 1081.1
1284540 1077.0
1284550 1072.6
1284560 1072.6
1284570 1068.9
1284580 1067.1
1284590 1067.1
1284600 1065.0
1284610 1063.5
1284620 1061.6
1284630 1061.6
1284640 1059.2
1284650 1056.9
1284660 1056.9
1284670 1054.9
1284680 1053.3
1284690 1053.3
1284700 1052.3
1284710 1051.2
1284720 1051.2
1284730 1049.6
1284740 1048.7
1284750 1048.7
1284760 1047.4
1284770 1044.4
1284780 1044.4
1284790 1040.3
1284800 1037.9
1284810 1041.1
1284820 1040.0
1284830 1038.6
1284840 1038.6
1284850 1036.3
1284860 1036.0
1284870 1036.0
1284880 1033.6
1284890 1030.2
1284900 1030.2
1284910 1027.4
1284920 1026.1
1284930 1026.1
1284940 1025.4
1284950 1024.5
1284960 1024.1
1284970 1024.1
1284980 1021.6
1284990 1018.5
1285000 1018.5
1285010 1016.0
1285020 1013.1
1285030 1013.1
1285040 1012.5
1285050 1013.3
1285060 1013.3
1285070 1014.4
1285080 1016.9
1285090 1016.9
1285100 1018.6
1285110 1017.2
1285120 1017.2
1285130 1016.9
1285140 1018.0
1285150 1018.0
1285160 1019.2
1285170 1019.6
1285180 1019.6
1285190 1017.9
1285200 1016.5
1285210 1016.5
1285220 1015.9
1285230 1014.1
1285240 1014.1
1285250 1013.0
1285260 1012.2
1285270 1011.9
1285280 1011.9
1285290 1012.3
1285300 1012.6
1285310 1012.6
1285320 1012.9
1285330 1013.3
1285340 1013.3
1285350 1013.5
1285360 1013.6
1285370 1013.6
1285380 1013.8
1285390 1014.0
1285400 1014.0
1285410 1014.4
1285420 1015.2
1285430 1015.2
1285440 1015.7
1285450 1014.9
1285460 1014.9
1285470 1015.5
1285480 1016.5
1285490 1016.5
1285500 1017.6
1285510 1018.5
1285520 1018.5
1285530 1019.7
1285540 1020.7
1285550 1020.7
1285560 1021.7
1285570 1022.5
1285580 1023.4
1285590 1023.4
1285600 1024.0
1285610 1024.4
1285620 1024.4
1285630 1024.6
1285640 1024.4
1285650 1024.4
1285660 1025.4
1285670 1025.4
1285680 1025.4
1285690 1025.3
1285700 1025.2
1285710 1025.2
1285720 1025.0
1285730 1025.5
1285740 1025.5
1285750 1028.2
1285760 1032.3
1285770 1032.3
1285780 1036.6
1285790 1040.7
1285800 1040.7
1285810 1042.5
1285820 1043.9
1285830 1043.9
1285840 1045.5
1285850 1046.9
1285860 1046.9
1285870 1048.4
1285880 1050.5
1285890 1050.5
1285900 1052.7
1285910 1054.9
1285920 1056.8
1285930 1056.8
1285940 1058.7
1285950 1060.9
1285960 1060.9
1285970 1062.8
1285980 1066.0
1285990 1066.0
1286000 1070.8
1286010 1076.4
1286020 1076.4
1286030 1081.8
1286040 1084.7
1286050 1084.7
1286060 1085.1
1286070 1085.1
1286080 1085.1
1286090 1085.3
1286100 1085.4
1286110 1085.4
1286120 1085.6
1286130 1085.9
1286140 1085.9
1286150 1086.7
1286160 1087.5
1286170 1087.5
1286180 1088.7
1286190 1090.3
1286200 1090.3
1286210 1090.9
1286220 1087.9
1286230 1084.0
1286240 1084.0
1286250 1081.2
1286260 1080.4
1286270 1080.4
1286280 1081.3
1286290 1082.1
1286300 1082.1
1286310 1082.6
1286320 1083.5
1286330 1083.5
1286340 1084.2
1286350 1084.3
1286360 1084.3
1286370 1083.6
1286380 1080.1
1286390 1080.1
1286400 1075.5
1286410 1073.3
1286420 1073.3
1286430 1072.2
1286440 1071.8
1286450 1071.8
1286460 1070.1
1286470 1067.8
1286480 1067.8
1286490 1066.7
1286500 1068.0
1286510 1068.0
1286520 1069.3
1286530 1070.4
1286540 1070.2
1286550 1070.2
1286560 1069.5
1286570 1073.4
1286580 1073.4
1286590 1078.9
1286600 1086.2
1286610 1086.2
1286620 1091.1
1286630 1092.9
1286640 1092.9
1286650 1097.4
1286660 1103.7
1286670 1103.7
1286680 1112.6
1286690 1122.0
1286700 1122.0
1286710 1128.5
1286720 1133.8
1286730 1133.8
1286740 1133.2
1286750 1132.2
1286760 1132.2
1286770 1132.7
1286780 1134.6
1286790 1134.6
1286800 1135.0
1286810 1136.1
1286820 1136.1
1286830 1137.7
1286840 1140.2
1286850 1140.2
1286860 1143.5
1286870 1145.3
1286880 1146.9
1286890 1146.9
1286900 1147.7
1286910 1148.4
1286920 1148.4
1286930 1149.1
1286940 1149.2
1286950 1149.2
1286960 1149.6
1286970 1150.5
1286980 1150.5
1286990 1151.6
1287000 1151.7
1287010 1151.7
1287020 1151.8
1287030 1152.7
1287040 1152.7
1287050 1153.0
1287060 1153.1
1287070 1153.1
1287080 1154.0
1287090 1155.2
1287100 1155.2
1287110 1155.8
1287120 1156.3
1287130 1156.3
1287140 1156.9
1287150 1157.5
1287160 1157.5
1287170 1158.8
1287180 1159.7
1287190 1160.5
1287200 1160.5
1287210 1161.5
1287220 1162.7
1287230 1162.7
1287240 1164.0
1287250 1165.7
1287260 1165.7
1287270 1167.9
1287280 1170.2
1287290 1170.2
1287300 1172.6
1287310 1175.6
1287320 1175.6
1287330 1178.1
1287340 1180.8
1287350 1180.8
1287360 1182.4
1287370 1180.4
1287380 1174.2
1287390 1173.0
1287400 1173.7
1287410 1173.7
1287420 1176.9
1287430 1181.4
1287440 1181.4
1287450 1183.7
1287460 1182.9
1287470 1182.9
1287480 1184.1
1287490 1187.2
1287500 1190.3
1287510 1190.3
1287520 1192.6
1287530 1193.1
1287540 1193.1
1287550 1193.6
1287560 1194.3
1287570 1194.3
1287580 1195.3
1287590 1196.5
1287600 1196.5
1287610 1197.6
1287620 1199.0
1287630 1199.0
1287640 1201.2
1287650 1200.5
1287660 1200.5
1287670 1194.6
1287680 1187.5
1287690 1187.5
1287700 1180.7
1287710 1184.4
1287720 1184.4
1287730 1190.8
1287740 1197.6
1287750 1197.6
1287760 1204.1
1287770 1209.3
1287780 1209.3
1287790 1214.5
1287800 1217.9
1287810 1217.9
1287820 1221.0
1287830 1223.3
1287840 1224.9
1287850 1224.9
1287860 1226.1
1287870 1226.8
1287880 1226.8
1287890 1227.3
1287900 1227.5
1287910 1227.5
1287920 1228.1
1287930 1229.6
1287940 1229.6
1287950 1231.6
1287960 1233.4
1287970 1233.4
1287980 1234.0
1287990 1230.7
1288000 1230.7
1288010 1228.5
1288020 1228.9
1288030 1218.8
1288040 1219.1
1288050 1220.0
1288060 1220.0
1288070 1213.9
1288080 1206.3
1288090 1206.3
1288100 1208.1
1288110 1218.6
1288120 1218.6
1288130 1228.6
1288140 1232.8
1288150 1236.8
1288160 1236.8
1288170 1242.0
1288180 1248.5
1288190 1248.5
1288200 1254.6
1288210 1262.1
1288220 1262.1
1288230 1265.7
1288240 1278.2
1288250 1278.2
1288260 1289.9
1288270 1298.9
1288280 1298.9
1288290 1307.0
1288300 1314.7
1288310 1314.7
1288320 1322.2
1288330 1329.7
1288340 1329.7
1288350 1337.4
1288360 1346.0
1288370 1346.0
1288380 1352.1
1288390 1358.3
1288400 1358.3
1288410 1367.0
1288420 1377.6
1288430 1377.6
1288440 1387.2
1288450 1398.0
1288460 1410.1
1288470 1410.1
1288480 1416.6
1288490 1422.7
1288500 1422.7
1288510 1429.0
1288520 1437.3
1288530 1437.3
1288540 1446.4
1288550 1455.2
1288560 1455.2
1288570 1462.7
1288580 1469.2
1288590 1469.2
1288600 1476.4
1288610 1483.5
1288620 1483.5
1288630 1491.2
1288640 1498.7
1288650 1498.7
1288660 1504.8
1288670 1510.5
1288680 1509.8
1288690 1516.4
1288700 1524.2
1288710 1524.2
1288720 1532.1
1288730 1538.8
1288740 1538.8
1288750 1543.6
1288760 1548.7
1288770 1548.7
1288780 1551.5
1288790 1552.5
1288800 1559.2
1288810 1559.2
1288820 1567.3
1288830 1572.9
1288840 1572.9
1288850 1576.8
1288860 1581.7
1288870 1581.7
1288880 1587.1
1288890 1593.7
1288900 1593.7
1288910 1600.6
1288920 1606.9
1288930 1606.9
1288940 1610.8
1288950 1614.8
1288960 1614.8
1288970 1619.5
1288980 1625.6
1288990 1625.6
1289000 1632.4
1289010 1638.4
1289020 1638.4
1289030 1642.9
1289040 1647.0
1289050 1647.0
1289060 1651.2
1289070 1655.5
1289080 1655.5
1289090 1659.6
1289100 1660.8
1289110 1660.3
1289120 1660.3
1289130 1659.5
1289140 1658.5
1289150 1658.5
1289160 1659.2
1289170 1660.2
1289180 1660.2
1289190 1662.2
1289200 1663.5
1289210 1663.5
1289220 1661.3
1289230 1657.0
1289240 1657.0
1289250 1651.0
1289260 1644.8
1289270 1644.8
1289280 1641.0
1289290 1640.9
1289300 1640.9
1289310 1644.3
1289320 1649.8
1289330 1649.8
1289340 1646.7
1289350 1654.4
1289360 1654.4
1289370 1661.5
1289380 1662.4
1289390 1662.4
1289400 1657.0
1289410 1652.9
1289420 1659.0
1289430 1659.0
1289440 1662.0
1289450 1660.8
1289460 1660.8
1289470 1663.4
1289480 1665.7
1289490 1665.7
1289500 1665.9
1289510 1671.0
1289520 1671.0
1289530 1678.0
1289540 1683.8
1289550 1683.8
1289560 1686.2
1289570 1686.9
1289580 1686.9
1289590 1688.7
1289600 1690.3
1289610 1690.3
1289620 1691.7
1289630 1692.1
1289640 1692.1
1289650 1690.3
1289660 1688.2
1289670 1688.2
1289680 1683.1
1289690 1677.2
1289700 1677.2
1289710 1672.1
1289720 1665.4
1289730 1665.4
1289740 1659.1
1289750 1652.3
1289760 1642.7
1289770 1642.7
1289780 1635.4
1289790 1632.0
1289800 1632.0
1289810 1630.6
1289820 1627.4
1289830 1627.4
1289840 1623.3
1289850 1619.0
1289860 1619.0
1289870 1614.4
1289880 1608.9
1289890 1608.9
1289900 1603.6
1289910 1599.7
1289920 1599.7
1289930 1594.2
1289940 1594.1
1289950 1594.1
1289960 1601.9
1289970 1611.7
1289980 1611.7
1289990 1617.3
1290000 1621.7
1290010 1621.7
1290020 1624.5
1290030 1626.7
1290040 1626.7
1290050 1628.3
1290060 1628.2
1290070 1627.3
1290080 1627.3
1290090 1626.0
1290100 1624.4
1290110 1624.4
1290120 1622.0
1290130 1618.7
1290140 1618.7
1290150 1616.1
1290160 1616.6
1290170 1616.6
1290180 1615.7
1290190 1614.1
1290200 1614.1
1290210 1613.3
1290220 1612.8
1290230 1612.8
1290240 1611.6
1290250 1607.4
1290260 1607.4
1290270 1604.4
1290280 1608.0
1290290 1608.0
1290300 1611.1
1290310 1611.6
1290320 1611.6
1290330 1613.7
1290340 1616.0
1290350 1616.0
1290360 1617.7
1290370 1620.1
1290380 1623.2
1290390 1623.2
1290400 1623.8
1290410 1620.8
1290420 1620.8
1290430 1621.2
1290440 1628.8
1290450 1628.8
1290460 1637.2
1290470 1644.1
1290480 1644.1
1290490 1652.1
1290500 1658.9
1290510 1658.9
1290520 1665.9
1290530 1672.0
1290540 1672.0
1290550 1678.1
1290560 1684.5
1290570 1684.5
1290580 1690.9
1290590 1696.9
1290600 1696.9
1290610 1703.7
1290620 1709.4
1290630 1709.4
1290640 1715.4
1290650 1722.8
1290660 1722.8
1290670 1726.2
1290680 1727.0
1290690 1727.0
1290700 1724.6
1290710 1721.3
1290720 1715.0
1290730 1715.0
1290740 1709.0
1290750 1702.5
1290760 1702.5
1290770 1694.9
1290780 1682.8
1290790 1682.8
1290800 1670.3
1290810 1663.6
1290820 1663.6
1290830 1657.4
1290840 1653.2
1290850 1653.2
1290860 1654.9
1290870 1656.5
1290880 1656.5
1290890 1654.9
1290900 1652.2
1290910 1652.2
1290920 1652.1
1290930 1655.9
1290940 1655.9
1290950 1661.9
1290960 1670.4
1290970 1670.4
1290980 1679.6
1290990 1682.7
1291000 1682.7
1291010 1681.4
1291020 1680.6
1291030 1677.8
1291040 1677.8
1291050 1675.9
1291060 1675.0
1291070 1675.0
1291080 1672.3
1291090 1672.3
1291100 1672.3
1291110 1680.8
1291120 1692.6
1291130 1692.6
1291140 1699.8
1291150 1704.0
1291160 1704.0
1291170 1705.0
1291180 1706.1
1291190 1706.1
1291200 1704.1
1291210 1699.6
1291220 1699.6
1291230 1698.2
1291240 1696.6
1291250 1696.6
1291260 1692.7
1291270 1694.9
1291280 1694.9
1291290 1696.7
1291300 1699.1
1291310 1696.1
1291320 1703.5
1291330 1709.3
1291340 1715.6
1291350 1715.6
1291360 1722.3
1291370 1728.3
1291380 1728.3
1291390 1734.3
1291400 1739.5
1291410 1739.5
1291420 1744.1
1291430 1746.0
1291440 1746.0
1291450 1745.9
1291460 1745.5
1291470 1745.5
1291480 1745.0
1291490 1749.4
1291500 1749.4
1291510 1755.8
1291520 1761.5
1291530 1761.5
1291540 1766.7
1291550 1772.0
1291560 1772.0
1291570 1777.4
1291580 1781.3
1291590 1781.3
1291600 1785.0
1291610 1788.2
1291620 1788.2
1291630 1789.6
1291640 1788.8
1291650 1788.8
1291660 1792.3
1291670 1794.4
1291680 1795.2
1291690 1795.2
1291700 1794.7
1291710 1793.5
1291720 1793.5
1291730 1792.1
1291740 1790.3
1291750 1790.3
1291760 1788.2
1291770 1786.6
1291780 1786.6
1291790 1784.7
1291800 1781.2
1291810 1781.2
1291820 1775.1
1291830 1772.7
1291840 1772.7
1291850 1774.2
1291860 1774.9
1291870 1774.9
1291880 1773.4
1291890 1778.2
1291900 1778.2
1291910 1781.9
1291920 1783.2
1291930 1783.2
1291940 1784.3
1291950 1784.5
1291960 1784.5
1291970 1776.4
1291980 1772.9
1291990 1768.9
1292000 1768.9
1292010 1768.1
1292020 1765.5
1292030 1765.5
1292040 1762.6
1292050 1763.8
1292060 1763.8
1292070 1763.9
1292080 1764.6
1292090 1764.6
1292100 1765.6
1292110 1763.8
1292120 1763.8
1292130 1758.6
1292140 1752.9
1292150 1752.9
1292160 1750.4
1292170 1748.6
1292180 1748.6
1292190 1744.9
1292200 1741.8
1292210 1741.8
1292220 1741.2
1292230 1742.6
1292240 1742.6
1292250 1743.6
1292260 1745.0
1292270 1745.0
1292280 1745.4
1292290 1744.8
1292300 1743.6
1292310 1743.6
1292320 1741.3
1292330 1738.5
1292340 1738.5
1292350 1736.4
1292360 1736.3
1292370 1736.3
1292380 1736.8
1292390 1737.7
1292400 1737.7
1292410 1738.6
1292420 1739.8
1292430 1739.8
1292440 1741.7
1292450 1744.0
1292460 1744.0
1292470 1745.2
1292480 1746.3
1292490 1746.3
1292500 1747.8
1292510 1749.1
1292520 1749.1
1292530 1749.8
1292540 1749.9
1292550 1749.9
1292560 1749.0
1292570 1747.8
1292580 1747.8
1292590 1744.7
1292600 1739.8
1292610 1739.8
1292620 1735.2
1292630 1730.7
1292640 1722.5
1292650 1722.5
1292660 1718.3
1292670 1714.6
1292680 1714.6
1292690 1711.2
1292700 1707.7
1292710 1707.7
1292720 1704.4
1292730 1700.9
1292740 1700.9
1292750 1697.2
1292760 1692.4
1292770 1692.4
1292780 1687.7
1292790 1684.6
1292800 1684.6
1292810 1682.1
1292820 1679.3
1292830 1679.3
1292840 1676.5
1292850 1674.6
1292860 1674.6
1292870 1672.0
1292880 1670.2
1292890 1670.2
1292900 1672.7
1292910 1674.0
1292920 1674.0
1292930 1675.2
1292940 1677.9
1292950 1681.2
1292960 1681.2
1292970 1683.9
1292980 1685.7
1292990 1685.7
1293000 1686.6
1293010 1687.2
1293020 1687.2
1293030 1687.2
1293040 1686.7
1293050 1686.7
1293060 1685.9
1293070 1685.2
1293080 1685.2
1293090 1684.9
1293100 1684.1
1293110 1684.1
1293120 1682.8
1293130 1682.2
1293140 1682.2
1293150 1682.4
1293160 1681.8
1293170 1681.8
1293180 1680.0
1293190 1680.5
1293200 1680.5
1293210 1680.9
1293220 1677.8
1293230 1677.8
1293240 1676.4
1293250 1677.3
1293260 1677.2
1293270 1677.2
1293280 1676.3
1293290 1674.9
1293300 1673.7
1293310 1671.7
1293320 1669.5
1293330 1669.5
1293340 1666.6
1293350 1662.9
1293360 1662.9
1293370 1659.2
1293380 1656.4
1293390 1656.4
1293400 1654.0
1293410 1651.3
1293420 1651.3
1293430 1648.1
1293440 1645.7
1293450 1645.7
1293460 1644.1
1293470 1641.8
1293480 1641.8
1293490 1639.0
1293500 1636.4
1293510 1636.4
1293520 1633.0
1293530 1629.6
1293540 1629.6
1293550 1626.9
1293560 1624.2
1293570 1624.2
1293580 1621.4
1293590 1616.5
1293600 1610.9
1293610 1610.9
1293620 1604.5
1293630 1600.8
1293640 1600.8
1293650 1598.0
1293660 1595.3
1293670 1595.3
1293680 1592.7
1293690 1590.0
1293700 1590.0
1293710 1587.6
1293720 1584.2
1293730 1584.2
1293740 1580.7
1293750 1576.8
1293760 1576.8
1293770 1572.9
1293780 1566.6
1293790 1566.6
1293800 1551.3
1293810 1541.3
1293820 1541.3
1293830 1530.5
1293840 1514.9
1293850 1514.9
1293860 1504.4
1293870 1497.7
1293880 1497.7
1293890 1489.3
1293900 1480.5
1293910 1473.5
1293920 1473.5
1293930 1466.3
1293940 1458.1
1293950 1458.1
1293960 1450.5
1293970 1441.0
1293980 1441.0
1293990 1433.9
1294000 1427.3
1294010 1427.3
1294020 1422.4
1294030 1416.7
1294040 1416.7
1294050 1410.3
1294060 1404.3
1294070 1404.3
1294080 1397.7
1294090 1392.1
1294100 1392.1
1294110 1385.7
1294120 1378.4
1294130 1378.4
1294140 1370.0
1294150 1360.7
1294160 1360.7
1294170 1352.0
1294180 1345.7
1294190 1345.7
1294200 1337.2
1294210 1329.6
1294220 1323.2
1294230 1323.2
1294240 1317.8
1294250 1313.3
1294260 1313.3
1294270 1308.4
1294280 1303.6
1294290 1303.6
1294300 1295.6
1294310 1288.0
1294320 1288.0
1294330 1281.4
1294340 1277.3
1294350 1277.3
1294360 1274.5
1294370 1272.2
1294380 1272.2
1294390 1269.5
1294400 1267.0
1294410 1267.0
1294420 1265.2
1294430 1263.2
1294440 1263.2
1294450 1259.6
1294460 1256.9
1294470 1256.9
1294480 1255.1
1294490 1252.9
1294500 1252.9
1294510 1250.6
1294520 1248.4
1294530 1248.4
1294540 1245.8
1294550 1243.5
1294560 1240.9
1294570 1240.9
1294580 1238.4
1294590 1235.7
1294600 1235.7
1294610 1233.2
1294620 1230.9
1294630 1230.9
1294640 1228.9
1294650 1226.1
1294660 1226.1
1294670 1221.1
1294680 1216.6
1294690 1216.6
1294700 1214.6
1294710 1214.3
1294720 1214.3
1294730 1214.6
1294740 1214.3
1294750 1214.3
1294760 1214.6
1294770 1214.6
1294780 1214.6
1294790 1215.3
1294800 1216.2
1294810 1216.2
1294820 1216.2
1294830 1216.0
1294840 1216.0
1294850 1215.7
1294860 1215.3
1294870 1214.4
1294880 1214.4
1294890 1213.7
1294900 1213.8
1294910 1213.8
1294920 1213.2
1294930 1214.3
1294940 1214.3
1294950 1215.7
1294960 1217.4
1294970 1217.4
1294980 1219.5
1294990 1221.5
1295000 1221.5
1295010 1222.6
1295020 1224.6
1295030 1224.6
1295040 1227.2
1295050 1229.1
1295060 1229.1
1295070 1231.3
1295080 1236.7
1295090 1236.7
1295100 1240.5
1295110 1242.4
1295120 1242.4
1295130 1247.3
1295140 1255.5
1295150 1255.5
1295160 1261.7
1295170 1264.9
1295180 1269.2
1295190 1269.2
1295200 1275.0
1295210 1281.4
1295220 1281.4
1295230 1287.6
1295240 1292.8
1295250 1292.8
1295260 1296.4
1295270 1297.3
1295280 1297.3
1295290 1304.7
1295300 1312.8
1295310 1312.8
1295320 1324.9
1295330 1329.8
1295340 1329.8
1295350 1332.4
1295360 1335.9
1295370 1335.9
1295380 1336.4
1295390 1336.9
1295400 1336.9
1295410 1347.2
1295420 1356.6
1295430 1356.6
1295440 1359.6
1295450 1363.1
1295460 1363.1
1295470 1362.9
1295480 1355.2
1295490 1355.2
1295500 1351.9
1295510 1353.2
1295520 1356.4
1295530 1356.4
1295540 1359.2
1295550 1357.1
1295560 1357.1
1295570 1361.3
1295580 1368.9
1295590 1368.9
1295600 1378.8
1295610 1387.8
1295620 1387.8
1295630 1388.6
1295640 1390.9
1295650 1390.9
1295660 1398.6
1295670 1405.9
1295680 1405.9
1295690 1408.3
1295700 1403.5
1295710 1403.5
1295720 1400.8
1295730 1400.2
1295740 1400.2
1295750 1401.3
1295760 1406.4
1295770 1406.4
1295780 1410.9
1295790 1417.9
1295800 1417.9
1295810 1424.6
1295820 1431.6
1295830 1437.5
1295840 1437.5
1295850 1441.5
1295860 1447.2
1295870 1447.2
1295880 1455.3
1295890 1463.4
1295900 1463.4
1295910 1469.2
1295920 1474.2
1295930 1474.2
1295940 1479.6
1295950 1486.6
1295960 1486.6
1295970 1496.7
1295980 1507.2
1295990 1509.8
1296000 1515.3
1296010 1521.9
1296020 1521.9
1296030 1529.2
1296040 1535.0
1296050 1535.0
1296060 1540.3
1296070 1545.0
1296080 1545.0
1296090 1545.3
1296100 1542.6
1296110 1542.6
1296120 1539.3
1296130 1536.6
1296140 1534.6
1296150 1534.6
1296160 1532.1
1296170 1529.4
1296180 1529.4
1296190 1526.7
1296200 1523.4
1296210 1523.4
1296220 1520.1
1296230 1516.5
1296240 1516.5
1296250 1510.8
1296260 1505.4
1296270 1505.4
1296280 1500.0
1296290 1494.8
1296300 1494.8
1296310 1491.2
1296320 1488.9
1296330 1488.9
1296340 1486.4
1296350 1484.0
1296360 1484.0
1296370 1482.0
1296380 1480.4
1296390 1480.4
1296400 1478.9
1296410 1476.6
1296420 1476.6
1296430 1474.1
1296440 1471.6
1296450 1471.6
1296460 1468.5
1296470 1464.7
1296480 1461.5
1296490 1461.5
1296500 1458.1
1296510 1452.1
1296520 1452.1
1296530 1441.9
1296540 1431.1
1296550 1431.1
1296560 1423.1
1296570 1416.4
1296580 1416.4
1296590 1410.3
1296600 1406.7
1296610 1406.7
1296620 1404.7
1296630 1404.4
1296640 1404.4
1296650 1403.7
1296660 1402.4
1296670 1393.3
1296680 1394.6
1296690 1395.4
1296700 1395.4
1296710 1395.7
1296720 1394.7
1296730 1394.7
1296740 1394.0
1296750 1393.6
1296760 1393.6
1296770 1391.9
1296780 1390.1
1296790 1387.8
1296800 1387.8
1296810 1383.9
1296820 1381.0
1296830 1381.0
1296840 1379.1
1296850 1374.5
1296860 1374.5
1296870 1365.9
1296880 1358.0
1296890 1358.0
1296900 1354.0
1296910 1342.7
1296920 1342.7
1296930 1325.3
1296940 1314.8
1296950 1314.8
1296960 1306.7
1296970 1298.7
1296980 1298.7
1296990 1289.6
1297000 1279.1
1297010 1279.1
1297020 1274.9
1297030 1273.3
1297040 1273.3
1297050 1269.5
1297060 1264.3
1297070 1264.3
1297080 1258.6
1297090 1253.1
1297100 1247.3
1297110 1247.3
1297120 1238.0
1297130 1227.0
1297140 1227.0
1297150 1219.2
1297160 1212.2
1297170 1212.2
1297180 1203.6
1297190 1194.5
1297200 1194.5
1297210 1186.4
1297220 1176.5
1297230 1176.5
1297240 1171.6
1297250 1165.0
1297260 1165.0
1297270 1156.6
1297280 1144.1
1297290 1144.1
1297300 1131.0
1297310 1118.4
1297320 1118.4
1297330 1110.7
1297340 1111.3
1297350 1121.8
1297360 1118.2
1297370 1117.4
1297380 1117.4
1297390 1120.5
1297400 1122.8
1297410 1122.8
1297420 1121.6
1297430 1117.8
1297440 1115.5
1297450 1115.5
1297460 1121.1
1297470 1129.5
1297480 1129.5
1297490 1136.0
1297500 1139.3
1297510 1139.3
1297520 1141.0
1297530 1141.8
1297540 1141.8
1297550 1141.7
1297560 1143.2
1297570 1143.2
1297580 1146.7
1297590 1150.0
1297600 1150.0
1297610 1153.7
1297620 1157.1
1297630 1157.1
1297640 1160.6
1297650 1163.0
1297660 1163.0
1297670 1163.7
1297680 1163.8
1297690 1163.8
1297700 1163.5
1297710 1162.8
1297720 1162.8
1297730 1162.2
1297740 1161.7
1297750 1161.1
1297760 1161.1
1297770 1160.6
1297780 1160.1
1297790 1160.1
1297800 1158.7
1297810 1156.9
1297820 1156.9
1297830 1155.2
1297840 1153.5
1297850 1153.5
1297860 1151.6
1297870 1149.9
1297880 1149.9
1297890 1148.7
1297900 1147.2
1297910 1147.2
1297920 1145.6
1297930 1143.6
1297940 1143.6
1297950 1141.4
1297960 1138.9
1297970 1138.9
1297980 1136.1
1297990 1133.3
1298000 1133.3
1298010 1130.3
1298020 1126.5
1298030 1128.0
1298040 1123.0
1298050 1117.2
1298060 1110.6
1298070 1110.6
1298080 1103.8
1298090 1097.3
1298100 1097.3
1298110 1090.5
1298120 1083.2
1298130 1083.2
1298140 1076.3
1298150 1069.7
1298160 1069.7
1298170 1063.2
1298180 1058.1
1298190 1058.1
1298200 1053.9
1298210 1049.4
1298220 1049.4
1298230 1045.3
1298240 1042.1
1298250 1042.1
1298260 1039.5
1298270 1037.3
1298280 1037.3
1298290 1035.1
1298300 1033.4
1298310 1033.4
1298320 1031.1
1298330 1028.3
1298340 1028.3
1298350 1025.5
1298360 1023.4
1298370 1023.4
1298380 1019.9
1298390 1016.5
1298400 1015.3
1298410 1015.3
1298420 1014.9
1298430 1014.6
1298440 1014.6
1298450 1014.2
1298460 1013.1
1298470 1013.1
1298480 1012.8
1298490 1013.5
1298500 1013.5
1298510 1013.8
1298520 1013.6
1298530 1013.6
1298540 1015.3
1298550 1018.2
1298560 1018.2
1298570 1021.6
1298580 1025.0
1298590 1025.0
1298600 1028.5
1298610 1030.8
1298620 1030.8
1298630 1032.7
1298640 1034.8
1298650 1034.8
1298660 1037.3
1298670 1039.0
1298680 1039.0
1298690 1039.4
1298700 1040.3
1298710 1042.1
1298720 1040.9
1298730 1042.3
1298740 1043.1
1298750 1043.1
1298760 1043.5
1298770 1043.8
1298780 1043.8
1298790 1044.1
1298800 1044.5
1298810 1044.5
1298820 1045.4
1298830 1045.4
1298840 1045.4
1298850 1045.7
1298860 1046.8
1298870 1046.8
1298880 1047.5
1298890 1047.7
1298900 1047.7
1298910 1047.5
1298920 1048.0
1298930 1048.0
1298940 1048.8
1298950 1049.0
1298960 1049.0
1298970 1048.1
1298980 1046.8
1298990 1046.8
1299000 1046.2
1299010 1047.4
1299020 1047.0
1299030 1047.0
1299040 1046.4
1299050 1046.2
1299060 1046.2
1299070 1045.7
1299080 1048.2
1299090 1048.2
1299100 1051.7
1299110 1054.8
1299120 1054.8
1299130 1058.2
1299140 1061.2
1299150 1061.2
1299160 1063.1
1299170 1065.0
1299180 1065.0
1299190 1066.9
1299200 1069.5
1299210 1069.5
1299220 1072.6
1299230 1075.5
1299240 1075.5
1299250 1078.1
1299260 1081.2
1299270 1081.2
1299280 1085.9
1299290 1090.5
1299300 1090.5
1299310 1094.8
1299320 1095.9
1299330 1095.9
1299340 1095.7
1299350 1097.8
1299360 1101.0
1299370 1101.0
1299380 1107.4
1299390 1115.3
1299400 1115.3
1299410 1124.4
1299420 1132.7
1299430 1132.7
1299440 1144.8
1299450 1158.5
1299460 1158.5
1299470 1167.7
1299480 1174.3
1299490 1174.3
1299500 1179.8
1299510 1184.2
1299520 1184.2
1299530 1186.6
1299540 1192.3
1299550 1192.3
1299560 1206.5
1299570 1217.6
1299580 1217.6
1299590 1223.6
1299600 1228.1
1299610 1228.1
1299620 1233.8
1299630 1240.6
1299640 1240.6
1299650 1248.4
1299660 1254.7
1299670 1264.1
1299680 1264.1
1299690 1273.2
1299700 1281.3
1299710 1281.3
1299720 1289.8
1299730 1298.6
1299740 1298.6
1299750 1305.9
1299760 1316.4
1299770 1316.4
1299780 1326.0
1299790 1330.7
1299800 1330.7
1299810 1332.3
1299820 1339.8
1299830 1339.8
1299840 1348.0
1299850 1353.0
1299860 1353.0
1299870 1357.7
1299880 1362.0
1299890 1362.0
1299900 1365.9
1299910 1370.1
1299920 1370.1
1299930 1374.5
1299940 1378.5
1299950 1378.5
1299960 1382.7
1299970 1387.8
1299980 1393.1
1299990 1393.1
