1280000 1509.3
1280010 1516.2
1280020 1516.2
1280030 1526.9
1280040 1532.2
1280050 1532.2
1280060 1541.1
1280070 1546.0
1280080 1546.0
1280090 1553.6
1280100 1554.9
1280110 1554.9
1280120 1562.7
1280130 1570.8
1280140 1570.8
1280150 1575.5
1280160 1586.3
1280170 1586.3
1280180 1596.4
1280190 1598.9
1280200 1598.9
1280210 1609.6
1280220 1620.5
1280230 1620.5
1280240 1630.4
1280250 1635.8
1280260 1643.8
1280270 1643.8
1280280 1653.2
1280290 1659.8
1280300 1659.8
1280310 1661.6
1280320 1676.1
1280330 1674.6
1280340 1689.9
1280350 1700.6
1280360 1700.6
1280370 1706.4
1280380 1721.9
1280390 1721.9
1280400 1742.4
1280410 1756.4
1280420 1756.4
1280430 1763.3
1280440 1769.7
1280450 1769.7
1280460 1778.8
1280470 1790.7
1280480 1790.7
1280490 1807.4
1280500 1818.3
1280510 1818.3
1280520 1827.2
1280530 1838.0
1280540 1838.0
1280550 1847.7
1280560 1854.5
1280570 1867.0
1280580 1867.0
1280590 1888.5
1280600 1911.0
1280610 1911.0
1280620 1928.4
1280630 1937.8
1280640 1937.8
1280650 1946.2
1280660 1945.5
1280670 1945.5
1280680 1953.6
1280690 1975.6
1280700 1975.6
1280710 2005.2
1280720 2007.6
1280730 2007.6
1280740 2001.5
1280750 2015.2
1280760 2015.2
1280770 2028.6
1280780 2022.0
1280790 2022.0
1280800 2014.3
1280810 2020.1
1280820 2020.1
1280830 2030.3
1280840 2034.6
1280850 2034.6
1280860 2035.2
1280870 2035.4
1280880 2035.7
1280890 2035.7
1280900 2036.2
1280910 2034.4
1280920 2034.4
1280930 2032.3
1280940 2032.1
1280950 2032.1
1280960 2035.1
1280970 2038.8
1280980 2038.8
1280990 2037.4
1281000 2030.2
1281010 2030.2
1281020 2027.1
1281030 2020.9
1281040 2020.9
1281050 2010.6
1281060 2004.5
1281070 2004.5
1281080 1983.9
1281090 1967.3
1281100 1967.3
1281110 1949.1
1281120 1924.9
1281130 1924.9
1281140 1907.1
1281150 1894.9
1281160 1894.9
1281170 1883.8
1281180 1877.1
1281190 1877.1
1281200 1872.9
1281210 1854.5
1281220 1846.1
1281230 1846.1
1281240 1837.3
1281250 1828.9
1281260 1828.9
1281270 1818.1
1281280 1802.6
1281290 1802.6
1281300 1785.2
1281310 1772.7
1281320 1772.7
1281330 1760.1
1281340 1751.2
1281350 1751.2
1281360 1746.7
1281370 1740.4
1281380 1740.4
1281390 1730.8
1281400 1718.9
1281410 1718.9
1281420 1708.3
1281430 1697.8
1281440 1697.8
1281450 1689.6
1281460 1684.8
1281470 1684.8
1281480 1677.8
1281490 1669.3
1281500 1669.3
1281510 1657.7
1281520 1646.9
1281530 1640.3
1281540 1640.3
1281550 1636.7
1281560 1632.9
1281570 1632.9
1281580 1625.6
1281590 1630.0
1281600 1630.0
1281610 1617.0
1281620 1591.5
1281630 1591.5
1281640 1570.6
1281650 1542.1
1281660 1542.1
1281670 1519.1
1281680 1502.0
1281690 1502.0
1281700 1483.3
1281710 1462.7
1281720 1462.7
1281730 1448.9
1281740 1436.2
1281750 1436.2
1281760 1428.4
1281770 1422.0
1281780 1422.0
1281790 1418.8
1281800 1422.3
1281810 1422.3
1281820 1426.1
1281830 1429.0
1281840 1429.1
1281850 1429.1
1281860 1428.1
1281870 1425.8
1281880 1425.8
1281890 1422.2
1281900 1418.7
1281910 1418.7
1281920 1415.3
1281930 1412.8
1281940 1412.8
1281950 1411.7
1281960 1413.5
1281970 1413.5
1281980 1415.4
1281990 1418.7
1282000 1418.7
1282010 1420.9
1282020 1428.7
1282030 1428.7
1282040 1435.3
1282050 1437.0
1282060 1437.0
1282070 1436.4
1282080 1437.0
1282090 1437.0
1282100 1437.1
1282110 1436.2
1282120 1436.2
1282130 1433.4
1282140 1428.2
1282150 1428.2
1282160 1427.0
1282170 1425.9
1282180 1422.8
1282190 1422.8
1282200 1418.4
1282210 1414.4
1282220 1418.4
1282230 1415.7
1282240 1411.9
1282250 1411.9
1282260 1404.6
1282270 1398.5
1282280 1398.5
1282290 1395.2
1282300 1394.2
1282310 1394.2
1282320 1397.5
1282330 1403.6
1282340 1403.6
1282350 1415.0
1282360 1426.7
1282370 1426.7
1282380 1437.8
1282390 1453.3
1282400 1453.3
1282410 1468.2
1282420 1491.1
1282430 1491.1
1282440 1514.7
1282450 1524.7
1282460 1524.7
1282470 1522.4
1282480 1519.6
1282490 1517.7
1282500 1517.7
1282510 1515.0
1282520 1510.6
1282530 1510.6
1282540 1517.7
1282550 1550.2
1282560 1550.2
1282570 1568.2
1282580 1593.8
1282590 1593.8
1282600 1617.3
1282610 1638.7
1282620 1638.7
1282630 1668.4
1282640 1683.5
1282650 1683.5
1282660 1697.7
1282670 1712.5
1282680 1712.5
1282690 1725.8
1282700 1738.9
1282710 1738.9
1282720 1750.3
1282730 1758.6
1282740 1758.6
1282750 1764.7
1282760 1769.9
1282770 1769.9
1282780 1776.6
1282790 1785.1
1282800 1795.7
1282810 1795.7
1282820 1803.7
1282830 1809.8
1282840 1809.8
1282850 1830.6
1282860 1839.8
1282870 1839.8
1282880 1845.0
1282890 1844.3
1282900 1844.3
1282910 1846.5
1282920 1850.0
1282930 1850.0
1282940 1851.2
1282950 1850.5
1282960 1850.5
1282970 1836.7
1282980 1834.7
1282990 1834.7
1283000 1838.4
1283010 1840.6
1283020 1840.6
1283030 1860.7
1283040 1878.2
1283050 1878.2
1283060 1888.6
1283070 1902.0
1283080 1902.0
1283090 1912.7
1283100 1916.8
1283110 1916.8
1283120 1910.9
1283130 1901.3
1283140 1893.8
1283150 1893.8
1283160 1880.6
1283170 1870.6
1283180 1870.6
1283190 1860.0
1283200 1844.6
1283210 1844.6
1283220 1826.7
1283230 1815.9
1283240 1815.9
1283250 1808.9
1283260 1805.7
1283270 1805.7
1283280 1803.5
1283290 1794.3
1283300 1794.3
1283310 1779.5
1283320 1769.2
1283330 1769.2
1283340 1757.4
1283350 1740.6
1283360 1740.6
1283370 1725.5
1283380 1710.7
1283390 1710.7
1283400 1696.8
1283410 1682.8
1283420 1682.8
1283430 1667.9
1283440 1655.8
1283450 1651.9
1283460 1651.9
1283470 1646.4
1283480 1637.6
1283490 1637.1
1283500 1626.7
1283510 1618.9
1283520 1618.9
1283530 1611.4
1283540 1602.3
1283550 1602.3
1283560 1593.4
1283570 1583.6
1283580 1583.6
1283590 1572.5
1283600 1562.2
1283610 1562.2
1283620 1552.6
1283630 1543.5
1283640 1543.5
1283650 1532.2
1283660 1520.0
1283670 1520.0
1283680 1511.6
1283690 1504.8
1283700 1504.8
1283710 1500.9
1283720 1495.5
1283730 1495.5
1283740 1490.1
1283750 1484.9
1283760 1477.9
1283770 1477.9
1283780 1470.9
1283790 1463.3
1283800 1463.3
1283810 1456.3
1283820 1451.2
1283830 1451.2
1283840 1445.3
1283850 1437.8
1283860 1437.8
1283870 1431.0
1283880 1423.6
1283890 1423.6
1283900 1415.1
1283910 1407.0
1283920 1407.0
1283930 1400.2
1283940 1393.7
1283950 1393.7
1283960 1387.0
1283970 1379.5
1283980 1379.5
1283990 1372.0
1284000 1363.7
1284010 1363.7
1284020 1354.8
1284030 1346.4
1284040 1346.4
1284050 1339.6
1284060 1331.6
1284070 1331.6
1284080 1318.9
1284090 1298.0
1284100 1278.3
1284110 1278.3
1284120 1271.6
1284130 1264.5
1284140 1264.5
1284150 1257.3
1284160 1249.9
1284170 1249.9
1284180 1243.1
1284190 1236.5
1284200 1236.5
1284210 1230.2
1284220 1224.6
1284230 1224.6
1284240 1219.8
1284250 1215.7
1284260 1215.7
1284270 1212.0
1284280 1208.1
1284290 1208.1
1284300 1204.0
1284310 1200.0
1284320 1200.0
1284330 1196.1
1284340 1193.0
1284350 1193.0
1284360 1190.0
1284370 1186.1
1284380 1186.1
1284390 1182.0
1284400 1178.4
1284410 1174.8
1284420 1174.8
1284430 1171.7
1284440 1167.8
1284450 1167.8
1284460 1163.9
1284470 1159.6
1284480 1159.6
1284490 1155.7
1284500 1151.5
1284510 1151.5
1284520 1147.7
1284530 1144.0
1284540 1144.0
1284550 1140.3
1284560 1136.7
1284570 1136.7
1284580 1133.2
1284590 1129.8
1284600 1129.8
1284610 1126.3
1284620 1122.7
1284630 1122.7
1284640 1118.4
1284650 1113.6
1284660 1113.6
1284670 1108.7
1284680 1103.7
1284690 1103.7
1284700 1099.2
1284710 1094.7
1284720 1090.5
1284730 1090.5
1284740 1086.5
1284750 1083.9
1284760 1085.3
1284770 1084.5
1284780 1084.0
1284790 1084.0
1284800 1082.7
1284810 1079.0
1284820 1079.0
1284830 1072.8
1284840 1068.1
1284850 1068.1
1284860 1065.5
1284870 1063.1
1284880 1063.1
1284890 1053.9
1284900 1041.4
1284910 1041.4
1284920 1028.9
1284930 1027.0
1284940 1027.0
1284950 1032.4
1284960 1036.1
1284970 1036.1
1284980 1040.0
1284990 1047.2
1285000 1047.2
1285010 1054.5
1285020 1061.3
1285030 1068.6
1285040 1068.6
1285050 1076.5
1285060 1082.6
1285070 1082.6
1285080 1083.9
1285090 1084.2
1285100 1084.2
1285110 1084.9
1285120 1085.2
1285130 1085.2
1285140 1085.6
1285150 1086.1
1285160 1086.1
1285170 1086.4
1285180 1086.8
1285190 1086.8
1285200 1087.1
1285210 1087.2
1285220 1087.2
1285230 1087.5
1285240 1087.3
1285250 1087.3
1285260 1087.0
1285270 1086.9
1285280 1086.9
1285290 1087.0
1285300 1087.6
1285310 1087.6
1285320 1087.9
1285330 1088.0
1285340 1088.0
1285350 1088.9
1285360 1090.2
1285370 1091.0
1285380 1091.0
1285390 1089.5
1285400 1084.9
1285410 1084.9
1285420 1086.6
1285430 1091.2
1285440 1091.2
1285450 1094.1
1285460 1096.1
1285470 1096.1
1285480 1099.7
1285490 1105.8
1285500 1105.8
1285510 1110.5
1285520 1114.3
1285530 1114.3
1285540 1118.9
1285550 1122.2
1285560 1122.2
1285570 1123.9
1285580 1123.2
1285590 1123.2
1285600 1119.1
1285610 1115.0
1285620 1115.0
1285630 1112.5
1285640 1112.7
1285650 1112.7
1285660 1114.9
1285670 1115.1
1285680 1114.1
1285690 1114.1
1285700 1112.0
1285710 1109.5
1285720 1109.5
1285730 1106.6
1285740 1103.5
1285750 1103.5
1285760 1102.8
1285770 1102.2
1285780 1102.2
1285790 1101.2
1285800 1098.2
1285810 1098.2
1285820 1095.2
1285830 1094.9
1285840 1094.9
1285850 1096.4
1285860 1099.6
1285870 1099.6
1285880 1103.0
1285890 1106.0
1285900 1106.0
1285910 1107.7
1285920 1106.4
1285930 1106.4
1285940 1104.0
1285950 1101.3
1285960 1101.3
1285970 1098.2
1285980 1095.7
1285990 1094.8
1286000 1094.8
1286010 1094.5
1286020 1095.1
1286030 1095.1
1286040 1100.9
1286050 1099.5
1286060 1099.5
1286070 1098.5
1286080 1098.6
1286090 1098.6
1286100 1097.4
1286110 1096.6
1286120 1096.6
1286130 1097.0
1286140 1095.0
1286150 1095.0
1286160 1092.6
1286170 1091.3
1286180 1091.3
1286190 1090.0
1286200 1088.4
1286210 1088.4
1286220 1085.5
1286230 1083.5
1286240 1083.5
1286250 1077.3
1286260 1075.2
1286270 1075.2
1286280 1078.3
1286290 1077.1
1286300 1077.1
1286310 1075.2
1286320 1072.4
1286330 1068.5
1286340 1068.5
1286350 1064.9
1286360 1060.8
1286370 1060.8
1286380 1058.1
1286390 1056.7
1286400 1056.7
1286410 1057.9
1286420 1058.4
1286430 1058.4
1286440 1057.2
1286450 1055.6
1286460 1055.6
1286470 1052.3
1286480 1051.2
1286490 1051.2
1286500 1053.9
1286510 1055.8
1286520 1055.8
1286530 1057.1
1286540 1057.3
1286550 1057.3
1286560 1056.4
1286570 1055.5
1286580 1055.5
1286590 1054.3
1286600 1052.4
1286610 1052.4
1286620 1051.0
1286630 1048.7
1286640 1047.1
1286650 1047.1
1286660 1044.9
1286670 1044.3
1286680 1044.3
1286690 1048.9
1286700 1047.0
1286710 1047.0
1286720 1046.0
1286730 1044.7
1286740 1044.7
1286750 1043.2
1286760 1042.0
1286770 1042.0
1286780 1040.3
1286790 1039.0
1286800 1039.0
1286810 1038.9
1286820 1038.9
1286830 1038.9
1286840 1039.5
1286850 1039.9
1286860 1039.9
1286870 1040.2
1286880 1040.5
1286890 1040.5
1286900 1040.9
1286910 1041.2
1286920 1041.2
1286930 1041.6
1286940 1042.0
1286950 1042.3
1286960 1042.3
1286970 1042.6
1286980 1042.9
1286990 1042.9
1287000 1042.7
1287010 1042.2
1287020 1042.2
1287030 1041.2
1287040 1041.4
1287050 1041.4
1287060 1042.1
1287070 1042.3
1287080 1042.3
1287090 1042.4
1287100 1042.6
1287110 1042.6
1287120 1043.5
1287130 1047.4
1287140 1047.4
1287150 1050.5
1287160 1051.0
1287170 1051.0
1287180 1050.0
1287190 1048.2
1287200 1048.2
1287210 1048.3
1287220 1049.6
1287230 1049.6
1287240 1050.2
1287250 1050.9
1287260 1052.2
1287270 1052.2
1287280 1053.3
1287290 1054.4
1287300 1054.4
1287310 1055.3
1287320 1056.8
1287330 1056.8
1287340 1053.6
1287350 1057.3
1287360 1057.3
1287370 1062.1
1287380 1063.4
1287390 1063.4
1287400 1064.1
1287410 1061.9
1287420 1061.9
1287430 1059.1
1287440 1058.4
1287450 1058.4
1287460 1057.4
1287470 1057.1
1287480 1057.1
1287490 1060.1
1287500 1065.0
1287510 1065.0
1287520 1071.1
1287530 1073.4
1287540 1073.4
1287550 1074.5
1287560 1075.3
1287570 1075.3
1287580 1077.4
1287590 1080.2
1287600 1081.5
1287610 1081.5
1287620 1083.3
1287630 1086.5
1287640 1086.5
1287650 1089.6
1287660 1091.9
1287670 1091.9
1287680 1093.1
1287690 1094.7
1287700 1094.7
1287710 1096.5
1287720 1098.9
1287730 1098.9
1287740 1102.2
1287750 1106.9
1287760 1106.9
1287770 1112.8
1287780 1118.8
1287790 1118.8
1287800 1125.3
1287810 1132.1
1287820 1132.1
1287830 1138.9
1287840 1145.9
1287850 1145.9
1287860 1150.9
1287870 1152.1
1287880 1152.1
1287890 1154.0
1287900 1156.3
1287910 1158.2
1287920 1158.2
1287930 1159.7
1287940 1161.6
1287950 1161.6
1287960 1163.2
1287970 1163.9
1287980 1160.9
1287990 1160.5
1288000 1160.5
1288010 1160.5
1288020 1160.9
1288030 1161.1
1288040 1161.1
1288050 1160.7
1288060 1163.7
1288070 1163.7
1288080 1165.3
1288090 1167.1
1288100 1167.1
1288110 1169.7
1288120 1172.5
1288130 1172.5
1288140 1176.2
1288150 1181.6
1288160 1181.6
1288170 1183.5
1288180 1184.8
1288190 1184.8
1288200 1186.1
1288210 1187.3
1288220 1189.1
1288230 1189.1
1288240 1191.7
1288250 1194.1
1288260 1194.1
1288270 1195.5
1288280 1196.7
1288290 1196.7
1288300 1199.5
1288310 1203.5
1288320 1203.5
1288330 1207.3
1288340 1210.2
1288350 1210.2
1288360 1211.8
1288370 1215.1
1288380 1215.1
1288390 1218.6
1288400 1222.0
1288410 1222.0
1288420 1225.6
1288430 1228.7
1288440 1228.7
1288450 1232.4
1288460 1236.1
1288470 1236.1
1288480 1239.2
1288490 1242.9
1288500 1242.9
1288510 1245.9
1288520 1248.7
1288530 1248.7
1288540 1250.7
1288550 1253.2
1288560 1254.9
1288570 1254.9
1288580 1262.0
1288590 1269.8
1288600 1269.8
1288610 1275.6
1288620 1280.6
1288630 1280.6
1288640 1282.3
1288650 1289.2
1288660 1289.2
1288670 1294.9
1288680 1301.7
1288690 1301.7
1288700 1309.4
1288710 1316.1
1288720 1316.1
1288730 1324.9
1288740 1328.1
1288750 1328.1
1288760 1329.1
1288770 1334.7
1288780 1334.7
1288790 1341.0
1288800 1348.6
1288810 1348.6
1288820 1354.5
1288830 1368.3
1288840 1368.3
1288850 1377.6
1288860 1372.7
1288870 1375.1
1288880 1375.1
1288890 1372.0
1288900 1368.8
1288910 1368.8
1288920 1373.6
1288930 1374.6
1288940 1374.6
1288950 1382.6
1288960 1396.6
1288970 1396.6
1288980 1407.8
1288990 1418.7
1289000 1418.7
1289010 1426.9
1289020 1430.2
1289030 1430.2
1289040 1428.9
1289050 1430.9
1289060 1430.9
1289070 1437.7
1289080 1439.5
1289090 1439.5
1289100 1446.1
1289110 1451.7
1289120 1451.7
1289130 1459.3
1289140 1474.3
1289150 1474.3
1289160 1485.3
1289170 1492.3
1289180 1499.1
1289190 1499.1
1289200 1506.2
1289210 1510.4
1289220 1510.4
1289230 1511.7
1289240 1510.9
1289250 1510.9
1289260 1508.0
1289270 1504.4
1289280 1504.4
1289290 1496.7
1289300 1492.7
1289310 1492.7
1289320 1488.4
1289330 1483.5
1289340 1483.5
1289350 1477.8
1289360 1473.9
1289370 1473.9
1289380 1471.7
1289390 1472.2
1289400 1472.2
1289410 1478.2
1289420 1485.2
1289430 1485.2
1289440 1492.1
1289450 1499.1
1289460 1499.1
1289470 1505.3
1289480 1510.3
1289490 1510.3
1289500 1515.4
1289510 1522.8
1289520 1528.6
1289530 1528.6
1289540 1532.0
1289550 1533.3
1289560 1533.3
1289570 1537.0
1289580 1538.7
1289590 1538.7
1289600 1537.5
1289610 1536.5
1289620 1536.5
1289630 1537.7
1289640 1540.7
1289650 1540.7
1289660 1541.7
1289670 1542.0
1289680 1542.0
1289690 1542.8
1289700 1541.4
1289710 1541.4
1289720 1538.6
1289730 1536.8
1289740 1536.8
1289750 1534.1
1289760 1531.4
1289770 1531.4
1289780 1527.0
1289790 1521.9
1289800 1521.9
1289810 1516.3
1289820 1509.4
1289830 1501.9
1289840 1501.9
1289850 1495.9
1289860 1491.3
1289870 1491.3
1289880 1486.0
1289890 1476.7
1289900 1476.7
1289910 1466.5
1289920 1460.6
1289930 1460.6
1289940 1450.1
1289950 1445.1
1289960 1445.1
1289970 1447.6
1289980 1457.5
1289990 1457.5
1290000 1464.7
1290010 1471.3
1290020 1471.3
1290030 1475.3
1290040 1480.7
1290050 1480.7
1290060 1487.7
1290070 1497.2
1290080 1497.2
1290090 1509.8
1290100 1512.5
1290110 1512.5
1290120 1516.9
1290130 1527.1
1290140 1538.8
1290150 1538.8
1290160 1547.4
1290170 1555.0
1290180 1555.0
1290190 1562.0
1290200 1569.3
1290210 1569.3
1290220 1576.4
1290230 1583.6
1290240 1583.6
1290250 1590.2
1290260 1595.4
1290270 1595.4
1290280 1599.3
1290290 1602.1
1290300 1602.1
1290310 1604.2
1290320 1606.0
1290330 1606.0
1290340 1607.6
1290350 1609.4
1290360 1609.4
1290370 1610.6
1290380 1610.5
1290390 1610.5
1290400 1610.6
1290410 1612.4
1290420 1612.4
1290430 1614.0
1290440 1615.5
1290450 1617.0
1290460 1617.0
1290470 1617.8
1290480 1619.3
1290490 1619.3
1290500 1622.3
1290510 1624.4
1290520 1624.4
1290530 1626.8
1290540 1630.3
1290550 1630.3
1290560 1632.0
1290570 1632.5
1290580 1632.5
1290590 1632.5
1290600 1628.7
1290610 1628.7
1290620 1628.2
1290630 1626.6
1290640 1626.6
1290650 1624.0
1290660 1619.9
1290670 1619.9
1290680 1614.5
1290690 1609.5
1290700 1609.5
1290710 1603.0
1290720 1597.1
1290730 1597.1
1290740 1592.5
1290750 1587.9
1290760 1587.9
1290770 1581.7
1290780 1571.0
1290790 1560.7
1290800 1560.7
1290810 1552.0
1290820 1545.1
1290830 1545.1
1290840 1540.0
1290850 1537.4
1290860 1537.4
1290870 1530.3
1290880 1520.9
1290890 1520.9
1290900 1515.3
1290910 1514.8
1290920 1514.8
1290930 1515.1
1290940 1515.3
1290950 1515.3
1290960 1511.0
1290970 1504.5
1290980 1504.5
1290990 1498.8
1291000 1493.1
1291010 1493.1
1291020 1488.3
1291030 1484.7
1291040 1484.7
1291050 1479.8
1291060 1473.5
1291070 1473.5
1291080 1466.7
1291090 1459.6
1291100 1451.9
1291110 1451.9
1291120 1446.5
1291130 1448.8
1291140 1448.8
1291150 1453.8
1291160 1457.9
1291170 1457.9
1291180 1466.2
1291190 1487.0
1291200 1487.0
1291210 1506.3
1291220 1524.4
1291230 1524.4
1291240 1536.6
1291250 1548.4
1291260 1548.5
1291270 1556.9
1291280 1562.4
1291290 1562.4
1291300 1564.6
1291310 1564.0
1291320 1564.0
1291330 1562.2
1291340 1558.4
1291350 1558.4
1291360 1552.4
1291370 1546.7
1291380 1546.7
1291390 1544.4
1291400 1543.8
1291410 1550.4
1291420 1550.4
1291430 1561.1
1291440 1570.9
1291450 1570.9
1291460 1573.7
1291470 1573.9
1291480 1573.9
1291490 1577.5
1291500 1581.6
1291510 1581.6
1291520 1585.7
1291530 1588.6
1291540 1588.6
1291550 1589.2
1291560 1589.8
1291570 1589.8
1291580 1588.7
1291590 1589.6
1291600 1589.6
1291610 1589.3
1291620 1586.5
1291630 1586.5
1291640 1582.0
1291650 1581.2
1291660 1581.2
1291670 1584.2
1291680 1585.8
1291690 1585.8
1291700 1585.3
1291710 1584.9
1291720 1584.9
1291730 1584.7
1291740 1583.2
1291750 1581.2
1291760 1581.2
1291770 1581.2
1291780 1580.6
1291790 1580.6
1291800 1579.1
1291810 1577.7
1291820 1577.7
1291830 1575.9
1291840 1574.3
1291850 1574.3
1291860 1570.1
1291870 1565.0
1291880 1565.0
1291890 1561.7
1291900 1557.5
1291910 1557.5
1291920 1546.5
1291930 1540.2
1291940 1540.2
1291950 1533.0
1291960 1533.6
1291970 1533.6
1291980 1539.8
1291990 1543.6
1292000 1543.6
1292010 1545.5
1292020 1547.8
1292030 1547.8
1292040 1551.3
1292050 1554.3
1292060 1556.3
1292070 1556.3
1292080 1557.1
1292090 1556.8
1292100 1556.8
1292110 1556.0
1292120 1554.9
1292130 1554.9
1292140 1553.5
1292150 1551.4
1292160 1551.4
1292170 1549.1
1292180 1546.5
1292190 1546.5
1292200 1544.2
1292210 1541.1
1292220 1541.1
1292230 1535.7
1292240 1529.0
1292250 1529.0
1292260 1526.6
1292270 1525.1
1292280 1525.1
1292290 1522.6
1292300 1524.2
1292310 1524.2
1292320 1527.3
1292330 1532.4
1292340 1532.4
1292350 1536.2
1292360 1539.7
1292370 1542.9
1292380 1542.9
1292390 1545.7
1292400 1547.4
1292410 1547.4
1292420 1548.3
1292430 1547.8
1292440 1547.8
1292450 1547.4
1292460 1546.5
1292470 1546.5
1292480 1543.8
1292490 1537.2
1292500 1537.2
1292510 1529.4
1292520 1530.5
1292530 1530.5
1292540 1534.4
1292550 1538.9
1292560 1538.9
1292570 1542.7
1292580 1544.5
1292590 1539.1
1292600 1540.5
1292610 1542.0
1292620 1542.0
1292630 1542.3
1292640 1542.4
1292650 1542.4
1292660 1543.0
1292670 1543.1
1292680 1542.1
1292690 1542.1
1292700 1543.4
1292710 1543.8
1292720 1543.8
1292730 1541.5
1292740 1538.5
1292750 1538.5
1292760 1532.9
1292770 1535.3
1292780 1535.3
1292790 1543.9
1292800 1551.1
1292810 1551.1
1292820 1555.2
1292830 1556.6
1292840 1556.6
1292850 1557.4
1292860 1557.9
1292870 1557.9
1292880 1558.1
1292890 1558.3
1292900 1558.3
1292910 1559.9
1292920 1561.8
1292930 1561.8
1292940 1563.1
1292950 1564.4
1292960 1564.4
1292970 1566.6
1292980 1569.1
1292990 1569.1
1293000 1571.2
1293010 1573.8
1293020 1575.4
1293030 1575.4
1293040 1576.2
1293050 1579.3
1293060 1579.3
1293070 1584.6
1293080 1590.7
1293090 1590.7
1293100 1596.4
1293110 1601.8
1293120 1601.8
1293130 1606.4
1293140 1610.5
1293150 1610.5
1293160 1613.9
1293170 1617.1
1293180 1617.1
1293190 1619.9
1293200 1622.8
1293210 1622.8
1293220 1625.7
1293230 1628.1
1293240 1628.1
1293250 1628.3
1293260 1630.9
1293270 1630.9
1293280 1633.5
1293290 1635.2
1293300 1635.2
1293310 1637.0
1293320 1638.9
1293330 1641.0
1293340 1641.0
1293350 1642.9
1293360 1644.0
1293370 1644.0
1293380 1644.3
1293390 1645.1
1293400 1645.1
1293410 1647.6
1293420 1650.1
1293430 1650.1
1293440 1651.9
1293450 1646.6
1293460 1646.6
1293470 1634.3
1293480 1626.8
1293490 1626.8
1293500 1617.7
1293510 1606.3
1293520 1606.3
1293530 1595.1
1293540 1589.2
1293550 1589.2
1293560 1585.8
1293570 1577.5
1293580 1577.5
1293590 1569.8
1293600 1560.1
1293610 1560.1
1293620 1551.4
1293630 1544.4
1293640 1537.9
1293650 1537.9
1293660 1532.9
1293670 1527.4
1293680 1527.4
1293690 1525.2
1293700 1523.9
1293710 1523.9
1293720 1529.0
1293730 1535.2
1293740 1535.2
1293750 1533.1
1293760 1547.5
1293770 1547.5
1293780 1567.9
1293790 1568.0
1293800 1568.0
1293810 1574.5
1293820 1574.8
1293830 1574.8
1293840 1565.8
1293850 1563.8
1293860 1563.8
1293870 1567.5
1293880 1566.9
1293890 1566.9
1293900 1558.6
1293910 1545.4
1293920 1555.6
1293930 1543.5
1293940 1543.8
1293950 1543.8
1293960 1542.9
1293970 1536.4
1293980 1529.8
1293990 1529.8
1294000 1524.7
1294010 1527.8
1294020 1527.8
1294030 1524.9
1294040 1508.1
1294050 1508.1
1294060 1488.0
1294070 1473.2
1294080 1473.2
1294090 1464.1
1294100 1456.1
1294110 1456.1
1294120 1447.4
1294130 1443.6
1294140 1443.6
1294150 1441.3
1294160 1433.0
1294170 1433.0
1294180 1430.2
1294190 1430.7
1294200 1430.7
1294210 1424.6
1294220 1420.3
1294230 1420.3
1294240 1414.3
1294250 1406.7
1294260 1406.7
1294270 1397.9
1294280 1389.9
1294290 1384.8
1294300 1384.8
1294310 1379.1
1294320 1372.4
1294330 1372.4
1294340 1365.7
1294350 1359.0
1294360 1359.0
1294370 1352.4
1294380 1346.1
1294390 1346.1
1294400 1340.1
1294410 1334.3
1294420 1334.3
1294430 1329.3
1294440 1324.1
1294450 1324.1
1294460 1319.0
1294470 1314.6
1294480 1314.6
1294490 1310.3
1294500 1305.6
1294510 1305.6
1294520 1299.9
1294530 1295.3
1294540 1295.3
1294550 1290.4
1294560 1284.2
1294570 1284.2
1294580 1289.5
1294590 1300.7
1294600 1305.1
1294610 1305.1
1294620 1308.6
1294630 1311.1
1294640 1311.1
1294650 1311.9
1294660 1312.0
1294670 1312.0
1294680 1307.6
1294690 1304.9
1294700 1304.9
1294710 1305.1
1294720 1304.3
1294730 1304.3
1294740 1302.9
1294750 1301.0
1294760 1301.0
1294770 1304.6
1294780 1311.8
1294790 1311.8
1294800 1320.6
1294810 1325.9
1294820 1325.9
1294830 1326.8
1294840 1328.6
1294850 1328.6
1294860 1332.2
1294870 1335.5
1294880 1335.5
1294890 1339.6
1294900 1344.9
1294910 1350.8
1294920 1350.8
1294930 1357.1
1294940 1363.1
1294950 1363.1
1294960 1368.8
1294970 1370.2
1294980 1370.2
1294990 1364.5
1295000 1362.1
1295010 1362.1
1295020 1362.3
1295030 1363.1
1295040 1363.1
1295050 1365.1
1295060 1369.7
1295070 1369.7
1295080 1375.3
1295090 1381.3
1295100 1381.3
1295110 1387.2
1295120 1391.9
1295130 1391.9
1295140 1397.9
1295150 1404.3
1295160 1404.3
1295170 1412.9
1295180 1418.2
1295190 1418.2
1295200 1421.5
1295210 1430.9
1295220 1430.9
1295230 1440.4
1295240 1446.2
1295250 1451.1
1295260 1447.0
1295270 1452.2
1295280 1459.0
1295290 1459.0
1295300 1465.1
1295310 1471.2
1295320 1471.2
1295330 1476.8
1295340 1481.6
1295350 1481.6
1295360 1486.6
1295370 1492.3
1295380 1492.3
1295390 1498.2
1295400 1503.5
1295410 1503.5
1295420 1508.9
1295430 1514.0
1295440 1514.0
1295450 1519.1
1295460 1524.6
1295470 1524.6
1295480 1531.8
1295490 1538.1
1295500 1538.1
1295510 1544.1
1295520 1550.0
1295530 1550.0
1295540 1555.7
1295550 1561.1
1295560 1566.6
1295570 1566.6
1295580 1572.0
1295590 1577.6
1295600 1577.6
1295610 1583.1
1295620 1588.4
1295630 1588.4
1295640 1593.7
1295650 1599.0
1295660 1599.0
1295670 1604.3
1295680 1609.3
1295690 1609.3
1295700 1614.2
1295710 1619.1
1295720 1619.1
1295730 1623.8
1295740 1628.3
1295750 1628.3
1295760 1632.8
1295770 1636.9
1295780 1636.9
1295790 1640.7
1295800 1644.2
1295810 1644.2
1295820 1647.4
1295830 1650.3
1295840 1650.3
1295850 1652.9
1295860 1654.8
1295870 1656.4
1295880 1656.4
1295890 1657.7
1295900 1658.7
1295910 1658.7
1295920 1659.0
1295930 1658.6
1295940 1660.4
1295950 1660.2
1295960 1659.3
1295970 1659.3
1295980 1656.0
1295990 1649.7
1296000 1649.7
1296010 1641.0
1296020 1631.1
1296030 1631.1
1296040 1623.1
1296050 1616.2
1296060 1616.2
1296070 1609.6
1296080 1603.4
1296090 1603.4
1296100 1597.5
1296110 1591.6
1296120 1591.6
1296130 1585.1
1296140 1578.4
1296150 1578.4
1296160 1570.6
1296170 1563.8
1296180 1563.8
1296190 1558.5
1296200 1553.8
1296210 1548.4
1296220 1548.4
1296230 1542.9
1296240 1538.4
1296250 1538.4
1296260 1532.8
1296270 1527.5
1296280 1527.5
1296290 1522.4
1296300 1517.8
1296310 1517.8
1296320 1513.0
1296330 1507.5
1296340 1507.5
1296350 1501.6
1296360 1495.5
1296370 1495.5
1296380 1490.4
1296390 1486.4
1296400 1486.4
1296410 1482.0
1296420 1477.2
1296430 1477.2
1296440 1472.0
1296450 1466.9
1296460 1466.9
1296470 1461.1
1296480 1454.5
1296490 1454.5
1296500 1447.2
1296510 1439.7
1296520 1433.2
1296530 1433.2
1296540 1427.9
1296550 1422.6
1296560 1422.6
1296570 1418.7
1296580 1416.0
1296590 1416.0
1296600 1413.8
1296610 1411.9
1296620 1418.9
1296630 1416.9
1296640 1414.5
1296650 1414.5
1296660 1411.3
1296670 1407.7
1296680 1407.7
1296690 1403.2
1296700 1399.8
1296710 1399.8
1296720 1394.2
1296730 1388.4
1296740 1388.4
1296750 1382.5
1296760 1374.4
1296770 1374.4
1296780 1365.8
1296790 1357.6
1296800 1357.6
1296810 1349.8
1296820 1342.0
1296830 1334.6
1296840 1334.6
1296850 1327.8
1296860 1321.1
1296870 1321.1
1296880 1315.7
1296890 1310.2
1296900 1310.2
1296910 1304.7
1296920 1299.2
1296930 1299.2
1296940 1293.7
1296950 1287.1
1296960 1287.1
1296970 1279.7
1296980 1276.1
1296990 1276.1
1297000 1279.1
1297010 1285.6
1297020 1285.6
1297030 1288.1
1297040 1285.1
1297050 1285.1
1297060 1279.7
1297070 1282.9
1297080 1282.9
1297090 1289.9
1297100 1294.9
1297110 1294.9
1297120 1299.2
1297130 1303.5
1297140 1306.7
1297150 1306.7
1297160 1311.8
1297170 1317.7
1297180 1317.7
1297190 1322.6
1297200 1327.7
1297210 1327.7
1297220 1332.4
1297230 1336.4
1297240 1336.4
1297250 1339.0
1297260 1338.6
1297270 1338.6
1297280 1334.0
1297290 1327.6
1297300 1333.1
1297310 1327.1
1297320 1322.2
1297330 1322.2
1297340 1315.9
1297350 1308.7
1297360 1308.7
1297370 1310.5
1297380 1313.0
1297390 1313.0
1297400 1309.2
1297410 1302.9
1297420 1302.9
1297430 1304.3
1297440 1311.2
1297450 1311.2
1297460 1319.4
1297470 1326.6
1297480 1334.1
1297490 1334.1
1297500 1341.5
1297510 1348.0
1297520 1348.0
1297530 1354.2
1297540 1360.0
1297550 1360.0
1297560 1365.1
1297570 1369.1
1297580 1369.1
1297590 1371.9
1297600 1372.9
1297610 1372.9
1297620 1371.9
1297630 1369.0
1297640 1369.0
1297650 1363.8
1297660 1356.8
1297670 1356.8
1297680 1348.8
1297690 1340.6
1297700 1340.6
1297710 1331.9
1297720 1323.4
1297730 1323.4
1297740 1315.1
1297750 1306.7
1297760 1306.7
1297770 1298.6
1297780 1291.1
1297790 1281.9
1297800 1281.9
1297810 1274.4
1297820 1268.7
1297830 1268.7
1297840 1262.3
1297850 1255.6
1297860 1255.6
1297870 1248.8
1297880 1241.8
1297890 1241.8
1297900 1236.9
1297910 1229.8
1297920 1229.8
1297930 1221.9
1297940 1213.7
1297950 1213.7
1297960 1206.8
1297970 1199.8
1297980 1204.3
1297990 1202.0
1298000 1202.4
1298010 1202.4
1298020 1204.7
1298030 1203.7
1298040 1203.7
1298050 1201.5
1298060 1202.8
1298070 1202.8
1298080 1203.5
1298090 1202.9
1298100 1200.7
1298110 1200.7
1298120 1198.7
1298130 1197.4
1298140 1197.4
1298150 1196.6
1298160 1196.1
1298170 1196.1
1298180 1196.1
1298190 1197.0
1298200 1197.0
1298210 1197.4
1298220 1197.7
1298230 1197.7
1298240 1197.6
1298250 1196.6
1298260 1196.6
1298270 1194.2
1298280 1190.7
1298290 1190.7
1298300 1186.8
1298310 1182.2
1298320 1182.2
1298330 1176.8
1298340 1171.7
1298350 1171.7
1298360 1166.5
1298370 1160.4
1298380 1160.4
1298390 1154.1
1298400 1147.6
1298410 1147.6
1298420 1141.2
1298430 1134.8
1298440 1128.0
1298450 1128.0
1298460 1121.4
1298470 1114.6
1298480 1114.6
1298490 1108.3
1298500 1101.8
1298510 1101.8
1298520 1095.4
1298530 1088.1
1298540 1088.1
1298550 1081.1
1298560 1075.0
1298570 1075.0
1298580 1069.2
1298590 1063.4
1298600 1063.4
1298610 1057.8
1298620 1051.5
1298630 1051.5
1298640 1044.8
1298650 1038.8
1298660 1038.8
1298670 1036.0
1298680 1031.7
1298690 1031.7
1298700 1027.3
1298710 1023.0
1298720 1023.0
1298730 1019.0
1298740 1015.3
1298750 1011.8
1298760 1011.8
1298770 1008.1
1298780 1004.7
1298790 1004.7
1298800 1001.6
1298810 999.3
1298820 999.3
1298830 999.0
1298840 998.5
1298850 998.5
1298860 997.9
1298870 997.5
1298880 997.5
1298890 997.2
1298900 996.8
1298910 996.8
1298920 996.5
1298930 996.1
1298940 996.1
1298950 995.6
1298960 995.2
1298970 995.2
1298980 994.9
1298990 994.7
1299000 994.7
1299010 994.4
1299020 994.1
1299030 994.1
1299040 993.8
1299050 993.6
1299060 993.4
1299070 993.4
1299080 993.1
1299090 992.8
1299100 992.8
1299110 992.6
1299120 992.6
1299130 992.6
1299140 992.5
1299150 992.5
1299160 992.5
1299170 992.4
1299180 992.0
1299190 992.0
1299200 991.7
1299210 991.6
1299220 991.6
1299230 991.5
1299240 991.3
1299250 991.3
1299260 991.4
1299270 990.9
1299280 990.9
1299290 990.7
1299300 990.9
1299310 990.9
1299320 990.3
1299330 990.8
1299340 990.8
1299350 991.1
1299360 990.4
1299370 990.4
1299380 988.9
1299390 987.1
1299400 986.1
1299410 986.1
1299420 987.7
1299430 991.2
1299440 991.2
1299450 995.4
1299460 999.8
1299470 999.8
1299480 1004.4
1299490 1008.9
1299500 1008.9
1299510 1013.5
1299520 1017.6
1299530 1017.6
1299540 1022.1
1299550 1026.6
1299560 1026.6
1299570 1031.1
1299580 1035.4
1299590 1035.4
1299600 1040.1
1299610 1044.4
1299620 1044.4
1299630 1048.7
1299640 1053.4
1299650 1053.4
1299660 1058.4
1299670 1063.4
1299680 1063.4
1299690 1067.7
1299700 1071.3
1299710 1075.1
1299720 1075.1
1299730 1079.1
1299740 1083.4
1299750 1083.4
1299760 1088.2
1299770 1093.9
1299780 1093.9
1299790 1099.6
1299800 1104.8
1299810 1104.8
1299820 1108.7
1299830 1111.2
1299840 1111.2
1299850 1113.3
1299860 1115.5
1299870 1115.5
1299880 1118.1
1299890 1121.5
1299900 1121.5
1299910 1123.4
1299920 1123.7
1299930 1123.7
1299940 1122.4
1299950 1121.0
1299960 1121.0
1299970 1121.2
1299980 1125.6
1299990 1125.6
