1280000 1549.0
1280010 1549.0
1280020 1551.9
1280030 1556.6
1280040 1556.6
1280050 1562.4
1280060 1570.3
1280070 1583.4
1280080 1583.4
1280090 1599.8
1280100 1609.3
1280110 1609.3
1280120 1614.4
1280130 1619.2
1280140 1619.2
1280150 1623.8
1280160 1629.7
1280170 1629.7
1280180 1631.0
1280190 1635.0
1280200 1635.0
1280210 1643.0
1280220 1652.2
1280230 1652.2
1280240 1660.9
1280250 1669.4
1280260 1669.4
1280270 1681.2
1280280 1691.5
1280290 1697.0
1280300 1703.8
1280310 1708.9
1280320 1708.9
1280330 1715.8
1280340 1725.8
1280350 1725.8
1280360 1738.4
1280370 1749.5
1280380 1760.0
1280390 1760.0
1280400 1769.0
1280410 1774.9
1280420 1774.9
1280430 1782.2
1280440 1792.4
1280450 1792.4
1280460 1802.1
1280470 1810.1
1280480 1810.1
1280490 1825.5
1280500 1843.9
1280510 1843.9
1280520 1859.9
1280530 1867.4
1280540 1867.4
1280550 1876.5
1280560 1892.7
1280570 1892.7
1280580 1915.6
1280590 1927.1
1280600 1927.1
1280610 1934.8
1280620 1947.2
1280630 1947.2
1280640 1957.1
1280650 1965.0
1280660 1965.0
1280670 1975.8
1280680 1987.7
1280690 1987.7
1280700 1996.4
1280710 2005.2
1280720 2017.4
1280730 2017.4
1280740 2038.6
1280750 2055.9
1280760 2055.9
1280770 2066.8
1280780 2076.1
1280790 2076.1
1280800 2089.3
1280810 2101.2
1280820 2101.2
1280830 2106.0
1280840 2105.0
1280850 2105.0
1280860 2103.0
1280870 2099.1
1280880 2099.1
1280890 2098.2
1280900 2098.5
1280910 2111.2
1280920 2110.0
1280930 2110.0
1280940 2110.0
1280950 2110.2
1280960 2106.3
1280970 2106.3
1280980 2102.3
1280990 2099.2
1281000 2099.2
1281010 2103.7
1281020 2090.3
1281030 2074.9
1281040 2074.9
1281050 2070.2
1281060 2056.7
1281070 2056.7
1281080 2032.5
1281090 2018.4
1281100 2018.4
1281110 2006.5
1281120 1980.2
1281130 1980.2
1281140 1962.1
1281150 1950.3
1281160 1950.3
1281170 1933.9
1281180 1917.0
1281190 1917.0
1281200 1905.0
1281210 1896.3
1281220 1896.3
1281230 1880.9
1281240 1865.7
1281250 1865.7
1281260 1854.5
1281270 1843.1
1281280 1843.1
1281290 1830.3
1281300 1813.0
1281310 1813.0
1281320 1797.8
1281330 1787.4
1281340 1777.7
1281350 1777.7
1281360 1767.3
1281370 1759.5
1281380 1759.5
1281390 1748.1
1281400 1735.7
1281410 1735.7
1281420 1725.9
1281430 1717.9
1281440 1717.9
1281450 1711.3
1281460 1705.1
1281470 1705.1
1281480 1698.9
1281490 1692.3
1281500 1692.3
1281510 1685.4
1281520 1678.5
1281530 1678.5
1281540 1667.1
1281550 1660.1
1281560 1660.1
1281570 1650.4
1281580 1638.4
1281590 1638.4
1281600 1620.9
1281610 1574.3
1281620 1574.3
1281630 1535.9
1281640 1520.3
1281650 1520.3
1281660 1511.1
1281670 1501.8
1281680 1495.9
1281690 1495.9
1281700 1492.3
1281710 1488.7
1281720 1488.7
1281730 1483.7
1281740 1480.0
1281750 1480.0
1281760 1481.0
1281770 1484.9
1281780 1484.9
1281790 1487.0
1281800 1487.5
1281810 1487.5
1281820 1489.2
1281830 1490.4
1281840 1490.4
1281850 1491.1
1281860 1491.3
1281870 1491.3
1281880 1490.7
1281890 1490.4
1281900 1490.4
1281910 1491.3
1281920 1492.8
1281930 1492.8
1281940 1493.9
1281950 1493.9
1281960 1493.9
1281970 1490.7
1281980 1487.6
1281990 1484.4
1282000 1484.4
1282010 1482.9
1282020 1483.3
1282030 1483.3
1282040 1482.3
1282050 1481.5
1282060 1481.5
1282070 1479.9
1282080 1477.9
1282090 1477.9
1282100 1476.0
1282110 1474.1
1282120 1474.1
1282130 1471.2
1282140 1467.6
1282150 1467.6
1282160 1464.4
1282170 1463.6
1282180 1463.6
1282190 1459.1
1282200 1453.7
1282210 1453.7
1282220 1448.1
1282230 1447.5
1282240 1447.5
1282250 1449.7
1282260 1450.5
1282270 1450.5
1282280 1450.0
1282290 1451.0
1282300 1451.2
1282310 1451.2
1282320 1447.9
1282330 1454.0
1282340 1454.0
1282350 1466.1
1282360 1481.2
1282370 1481.2
1282380 1500.2
1282390 1516.1
1282400 1516.1
1282410 1530.5
1282420 1553.0
1282430 1553.0
1282440 1577.9
1282450 1589.0
1282460 1589.0
1282470 1591.4
1282480 1589.0
1282490 1589.0
1282500 1584.0
1282510 1580.9
1282520 1580.9
1282530 1578.9
1282540 1577.2
1282550 1577.2
1282560 1579.9
1282570 1582.4
1282580 1582.4
1282590 1591.9
1282600 1603.8
1282610 1603.8
1282620 1618.4
1282630 1639.8
1282640 1677.2
1282650 1677.2
1282660 1691.8
1282670 1690.1
1282680 1690.1
1282690 1695.0
1282700 1701.3
1282710 1701.3
1282720 1710.3
1282730 1718.4
1282740 1718.4
1282750 1731.4
1282760 1740.4
1282770 1740.4
1282780 1750.4
1282790 1759.5
1282800 1779.2
1282810 1793.0
1282820 1798.3
1282830 1798.3
1282840 1818.4
1282850 1835.0
1282860 1835.0
1282870 1849.7
1282880 1858.8
1282890 1858.8
1282900 1859.1
1282910 1866.5
1282920 1866.5
1282930 1878.1
1282940 1895.0
1282950 1909.4
1282960 1909.4
1282970 1921.1
1282980 1925.9
1282990 1925.9
1283000 1928.5
1283010 1934.3
1283020 1934.3
1283030 1952.9
1283040 1963.9
1283050 1963.9
1283060 1957.6
1283070 1950.0
1283080 1950.0
1283090 1939.7
1283100 1927.5
1283110 1927.5
1283120 1912.6
1283130 1899.3
1283140 1899.3
1283150 1886.8
1283160 1875.5
1283170 1875.5
1283180 1866.1
1283190 1859.0
1283200 1859.0
1283210 1851.8
1283220 1844.8
1283230 1844.8
1283240 1842.5
1283250 1842.3
1283260 1835.2
1283270 1835.2
1283280 1817.6
1283290 1800.1
1283300 1800.1
1283310 1786.5
1283320 1773.5
1283330 1773.5
1283340 1759.5
1283350 1747.7
1283360 1747.7
1283370 1738.2
1283380 1729.7
1283390 1729.7
1283400 1721.1
1283410 1706.5
1283420 1706.5
1283430 1694.2
1283440 1687.6
1283450 1687.6
1283460 1677.6
1283470 1669.2
1283480 1669.2
1283490 1661.7
1283500 1651.9
1283510 1651.9
1283520 1640.4
1283530 1630.5
1283540 1630.5
1283550 1621.1
1283560 1608.4
1283570 1599.5
1283580 1599.5
1283590 1592.9
1283600 1584.6
1283610 1584.6
1283620 1576.4
1283630 1567.8
1283640 1567.8
1283650 1557.7
1283660 1551.8
1283670 1551.8
1283680 1546.1
1283690 1539.1
1283700 1539.1
1283710 1530.3
1283720 1520.1
1283730 1520.1
1283740 1512.9
1283750 1505.5
1283760 1505.5
1283770 1497.6
1283780 1489.6
1283790 1489.6
1283800 1480.2
1283810 1472.4
1283820 1472.4
1283830 1465.4
1283840 1459.4
1283850 1459.4
1283860 1453.4
1283870 1446.7
1283880 1446.7
1283890 1438.1
1283900 1429.1
1283910 1423.2
1283920 1423.2
1283930 1416.0
1283940 1409.8
1283950 1409.8
1283960 1404.2
1283970 1400.1
1283980 1400.1
1283990 1394.9
1284000 1385.5
1284010 1385.5
1284020 1369.6
1284030 1352.2
1284040 1352.2
1284050 1337.9
1284060 1326.1
1284070 1327.7
1284080 1312.8
1284090 1301.4
1284100 1301.4
1284110 1290.1
1284120 1280.0
1284130 1280.0
1284140 1270.8
1284150 1265.0
1284160 1265.0
1284170 1260.0
1284180 1255.2
1284190 1255.2
1284200 1250.5
1284210 1245.9
1284220 1241.8
1284230 1241.8
1284240 1237.8
1284250 1233.6
1284260 1233.6
1284270 1229.2
1284280 1224.5
1284290 1224.5
1284300 1219.7
1284310 1215.2
1284320 1215.2
1284330 1210.8
1284340 1206.4
1284350 1206.4
1284360 1201.7
1284370 1197.0
1284380 1197.0
1284390 1192.4
1284400 1187.9
1284410 1187.9
1284420 1183.7
1284430 1179.7
1284440 1179.7
1284450 1175.5
1284460 1171.0
1284470 1171.0
1284480 1166.5
1284490 1162.3
1284500 1162.3
1284510 1158.1
1284520 1153.5
1284530 1149.3
1284540 1149.3
1284550 1145.0
1284560 1140.9
1284570 1140.9
1284580 1136.9
1284590 1132.8
1284600 1132.8
1284610 1128.2
1284620 1123.6
1284630 1123.6
1284640 1118.9
1284650 1114.5
1284660 1114.5
1284670 1110.2
1284680 1106.1
1284690 1106.1
1284700 1102.3
1284710 1098.4
1284720 1098.4
1284730 1095.2
1284740 1092.0
1284750 1092.0
1284760 1088.7
1284770 1088.0
1284780 1088.0
1284790 1083.7
1284800 1078.7
1284810 1078.7
1284820 1076.9
1284830 1076.0
1284840 1076.0
1284850 1071.8
1284860 1066.1
1284870 1047.9
1284880 1047.9
1284890 1049.5
1284900 1061.5
1284910 1061.5
1284920 1062.1
1284930 1064.5
1284940 1064.5
1284950 1066.7
1284960 1063.0
1284970 1063.0
1284980 1061.1
1284990 1062.2
1285000 1062.2
1285010 1066.2
1285020 1071.4
1285030 1071.4
1285040 1078.3
1285050 1083.6
1285060 1083.6
1285070 1084.5
1285080 1084.5
1285090 1084.5
1285100 1085.3
1285110 1085.6
1285120 1085.6
1285130 1086.4
1285140 1087.1
1285150 1087.1
1285160 1087.6
1285170 1088.4
1285180 1089.2
1285190 1089.2
1285200 1089.9
1285210 1090.3
1285220 1090.3
1285230 1090.5
1285240 1090.6
1285250 1090.6
1285260 1090.5
1285270 1090.8
1285280 1090.8
1285290 1091.5
1285300 1092.5
1285310 1092.5
1285320 1093.3
1285330 1091.0
1285340 1091.0
1285350 1093.1
1285360 1094.2
1285370 1094.2
1285380 1094.8
1285390 1096.8
1285400 1096.8
1285410 1097.2
1285420 1101.9
1285430 1101.9
1285440 1105.5
1285450 1109.8
1285460 1109.8
1285470 1115.0
1285480 1119.0
1285490 1124.1
1285500 1124.1
1285510 1129.7
1285520 1134.3
1285530 1134.3
1285540 1135.1
1285550 1133.1
1285560 1133.1
1285570 1129.3
1285580 1124.1
1285590 1124.1
1285600 1120.3
1285610 1118.9
1285620 1118.9
1285630 1118.8
1285640 1119.4
1285650 1119.4
1285660 1120.2
1285670 1120.6
1285680 1120.6
1285690 1121.4
1285700 1123.5
1285710 1123.5
1285720 1124.2
1285730 1124.1
1285740 1124.1
1285750 1122.6
1285760 1120.6
1285770 1120.6
1285780 1119.7
1285790 1119.7
1285800 1117.8
1285810 1117.8
1285820 1116.0
1285830 1116.4
1285840 1116.4
1285850 1117.0
1285860 1116.2
1285870 1116.2
1285880 1117.7
1285890 1119.3
1285900 1119.3
1285910 1120.5
1285920 1122.0
1285930 1122.0
1285940 1123.7
1285950 1123.6
1285960 1123.6
1285970 1120.7
1285980 1117.7
1285990 1117.7
1286000 1118.4
1286010 1119.6
1286020 1119.6
1286030 1118.9
1286040 1115.7
1286050 1115.7
1286060 1114.1
1286070 1112.1
1286080 1112.1
1286090 1110.4
1286100 1109.8
1286110 1109.8
1286120 1109.2
1286130 1107.9
1286140 1106.1
1286150 1106.1
1286160 1104.3
1286170 1105.1
1286180 1105.1
1286190 1105.8
1286200 1104.5
1286210 1104.5
1286220 1100.5
1286230 1096.5
1286240 1096.5
1286250 1096.8
1286260 1096.1
1286270 1096.1
1286280 1094.5
1286290 1093.6
1286300 1093.6
1286310 1092.4
1286320 1091.7
1286330 1091.7
1286340 1092.1
1286350 1091.9
1286360 1091.9
1286370 1091.0
1286380 1090.2
1286390 1090.2
1286400 1088.9
1286410 1087.2
1286420 1087.2
1286430 1084.8
1286440 1082.7
1286450 1082.7
1286460 1082.7
1286470 1082.7
1286480 1079.7
1286490 1079.7
1286500 1078.1
1286510 1078.4
1286520 1078.4
1286530 1079.2
1286540 1077.9
1286550 1077.9
1286560 1077.6
1286570 1078.6
1286580 1078.6
1286590 1078.2
1286600 1077.8
1286610 1077.8
1286620 1076.7
1286630 1076.1
1286640 1080.5
1286650 1079.4
1286660 1077.9
1286670 1077.9
1286680 1075.7
1286690 1074.3
1286700 1074.3
1286710 1074.5
1286720 1076.0
1286730 1076.0
1286740 1073.8
1286750 1071.3
1286760 1068.8
1286770 1068.8
1286780 1067.1
1286790 1065.8
1286800 1065.8
1286810 1065.0
1286820 1063.9
1286830 1063.9
1286840 1061.5
1286850 1057.4
1286860 1057.4
1286870 1055.9
1286880 1056.7
1286890 1056.7
1286900 1057.3
1286910 1058.0
1286920 1058.0
1286930 1057.8
1286940 1057.7
1286950 1057.7
1286960 1058.1
1286970 1058.1
1286980 1058.1
1286990 1057.8
1287000 1057.3
1287010 1057.3
1287020 1055.3
1287030 1051.3
1287040 1051.3
1287050 1048.0
1287060 1047.4
1287070 1047.4
1287080 1047.6
1287090 1047.5
1287100 1045.4
1287110 1045.4
1287120 1044.5
1287130 1044.5
1287140 1044.5
1287150 1044.5
1287160 1044.6
1287170 1044.6
1287180 1044.5
1287190 1044.7
1287200 1044.7
1287210 1045.0
1287220 1045.2
1287230 1045.2
1287240 1045.4
1287250 1045.7
1287260 1045.7
1287270 1045.9
1287280 1046.2
1287290 1046.4
1287300 1046.4
1287310 1046.4
1287320 1046.4
1287330 1048.0
1287340 1049.1
1287350 1049.1
1287360 1049.9
1287370 1049.9
1287380 1049.9
1287390 1050.7
1287400 1052.8
1287410 1055.6
1287420 1055.6
1287430 1058.6
1287440 1063.6
1287450 1063.6
1287460 1066.9
1287470 1068.1
1287480 1068.1
1287490 1068.8
1287500 1070.4
1287510 1070.4
1287520 1071.5
1287530 1072.3
1287540 1072.3
1287550 1074.6
1287560 1077.2
1287570 1077.2
1287580 1079.0
1287590 1081.0
1287600 1081.0
1287610 1082.9
1287620 1084.3
1287630 1084.3
1287640 1086.3
1287650 1087.8
1287660 1087.8
1287670 1089.9
1287680 1092.7
1287690 1092.7
1287700 1096.1
1287710 1100.3
1287720 1105.3
1287730 1105.3
1287740 1111.1
1287750 1117.6
1287760 1117.6
1287770 1123.7
1287780 1128.5
1287790 1128.5
1287800 1132.3
1287810 1135.3
1287820 1135.3
1287830 1136.5
1287840 1137.7
1287850 1137.7
1287860 1139.0
1287870 1140.3
1287880 1140.3
1287890 1141.4
1287900 1143.1
1287910 1143.1
1287920 1144.1
1287930 1145.2
1287940 1142.6
1287950 1143.4
1287960 1144.1
1287970 1144.1
1287980 1144.2
1287990 1142.9
1288000 1142.9
1288010 1142.1
1288020 1140.6
1288030 1139.5
1288040 1139.5
1288050 1140.0
1288060 1142.0
1288070 1142.0
1288080 1146.0
1288090 1150.6
1288100 1150.6
1288110 1153.4
1288120 1155.7
1288130 1155.7
1288140 1158.8
1288150 1161.7
1288160 1161.7
1288170 1164.6
1288180 1167.5
1288190 1167.5
1288200 1169.4
1288210 1170.8
1288220 1170.8
1288230 1172.4
1288240 1174.8
1288250 1174.8
1288260 1177.8
1288270 1180.7
1288280 1180.7
1288290 1182.6
1288300 1184.6
1288310 1184.6
1288320 1186.5
1288330 1187.2
1288340 1187.2
1288350 1188.5
1288360 1190.8
1288370 1193.5
1288380 1193.5
1288390 1196.4
1288400 1200.2
1288410 1200.2
1288420 1203.9
1288430 1207.1
1288440 1207.1
1288450 1208.2
1288460 1209.3
1288470 1209.3
1288480 1210.3
1288490 1211.2
1288500 1211.2
1288510 1215.8
1288520 1222.9
1288530 1222.9
1288540 1227.9
1288550 1230.6
1288560 1230.6
1288570 1234.3
1288580 1238.1
1288590 1232.6
1288600 1236.7
1288610 1240.6
1288620 1240.6
1288630 1244.4
1288640 1248.6
1288650 1248.6
1288660 1253.1
1288670 1257.9
1288680 1262.2
1288690 1262.2
1288700 1264.5
1288710 1267.2
1288720 1267.2
1288730 1270.9
1288740 1274.5
1288750 1274.5
1288760 1278.7
1288770 1284.5
1288780 1284.5
1288790 1291.1
1288800 1296.3
1288810 1296.3
1288820 1299.8
1288830 1302.2
1288840 1302.2
1288850 1304.2
1288860 1304.3
1288870 1304.3
1288880 1300.6
1288890 1301.2
1288900 1301.2
1288910 1311.0
1288920 1317.0
1288930 1317.0
1288940 1330.9
1288950 1339.4
1288960 1339.4
1288970 1339.9
1288980 1343.3
1288990 1355.1
1289000 1355.1
1289010 1371.1
1289020 1381.9
1289030 1381.9
1289040 1387.7
1289050 1388.3
1289060 1388.3
1289070 1388.4
1289080 1392.7
1289090 1392.7
1289100 1396.2
1289110 1405.9
1289120 1405.9
1289130 1425.0
1289140 1437.6
1289150 1437.6
1289160 1450.4
1289170 1464.0
1289180 1464.0
1289190 1470.2
1289200 1474.5
1289210 1474.5
1289220 1478.2
1289230 1480.3
1289240 1473.8
1289250 1474.2
1289260 1474.8
1289270 1474.8
1289280 1472.4
1289290 1469.0
1289300 1469.0
1289310 1467.0
1289320 1462.2
1289330 1457.9
1289340 1457.9
1289350 1454.7
1289360 1449.8
1289370 1449.8
1289380 1456.0
1289390 1462.6
1289400 1462.6
1289410 1468.9
1289420 1472.9
1289430 1472.9
1289440 1476.4
1289450 1480.9
1289460 1480.9
1289470 1485.0
1289480 1487.7
1289490 1487.7
1289500 1489.3
1289510 1491.2
1289520 1491.2
1289530 1492.5
1289540 1493.7
1289550 1493.7
1289560 1495.7
1289570 1497.0
1289580 1497.0
1289590 1497.3
1289600 1498.3
1289610 1498.3
1289620 1499.4
1289630 1498.7
1289640 1496.0
1289650 1496.0
1289660 1493.7
1289670 1492.8
1289680 1492.8
1289690 1492.0
1289700 1492.7
1289710 1492.7
1289720 1493.0
1289730 1490.4
1289740 1490.4
1289750 1482.0
1289760 1475.2
1289770 1475.2
1289780 1473.6
1289790 1474.1
1289800 1474.1
1289810 1472.8
1289820 1472.3
1289830 1472.3
1289840 1470.7
1289850 1466.5
1289860 1466.5
1289870 1463.1
1289880 1459.0
1289890 1453.6
1289900 1448.8
1289910 1444.6
1289920 1444.6
1289930 1440.5
1289940 1436.4
1289950 1433.3
1289960 1433.3
1289970 1429.7
1289980 1427.8
1289990 1427.8
1290000 1434.2
1290010 1441.5
1290020 1441.5
1290030 1448.7
1290040 1456.8
1290050 1456.8
1290060 1465.0
1290070 1473.0
1290080 1473.0
1290090 1482.7
1290100 1492.3
1290110 1492.3
1290120 1502.9
1290130 1511.8
1290140 1511.8
1290150 1519.4
1290160 1527.9
1290170 1527.9
1290180 1537.1
1290190 1546.5
1290200 1546.5
1290210 1556.8
1290220 1561.8
1290230 1561.8
1290240 1564.4
1290250 1565.8
1290260 1566.0
1290270 1566.0
1290280 1565.8
1290290 1566.3
1290300 1566.3
1290310 1568.0
1290320 1569.8
1290330 1569.8
1290340 1571.8
1290350 1572.6
1290360 1572.6
1290370 1572.2
1290380 1572.4
1290390 1572.4
1290400 1576.6
1290410 1583.6
1290420 1583.6
1290430 1590.2
1290440 1595.7
1290450 1595.7
1290460 1600.0
1290470 1602.7
1290480 1602.7
1290490 1604.8
1290500 1606.7
1290510 1606.7
1290520 1608.3
1290530 1609.4
1290540 1609.4
1290550 1607.6
1290560 1609.3
1290570 1609.3
1290580 1609.0
1290590 1607.5
1290600 1604.7
1290610 1604.7
1290620 1600.3
1290630 1594.9
1290640 1594.9
1290650 1592.2
1290660 1591.8
1290670 1591.8
1290680 1589.9
1290690 1586.3
1290700 1586.3
1290710 1583.5
1290720 1580.4
1290730 1580.4
1290740 1576.5
1290750 1571.9
1290760 1571.9
1290770 1566.3
1290780 1560.1
1290790 1560.1
1290800 1554.0
1290810 1547.3
1290820 1547.3
1290830 1538.6
1290840 1530.5
1290850 1530.5
1290860 1522.9
1290870 1515.6
1290880 1515.6
1290890 1510.4
1290900 1505.9
1290910 1500.5
1290920 1500.5
1290930 1494.5
1290940 1487.7
1290950 1487.7
1290960 1479.2
1290970 1470.5
1290980 1470.5
1290990 1462.0
1291000 1454.2
1291010 1454.2
1291020 1449.6
1291030 1444.7
1291040 1444.7
1291050 1437.9
1291060 1433.9
1291070 1433.9
1291080 1434.2
1291090 1434.3
1291100 1434.3
1291110 1439.9
1291120 1448.3
1291130 1448.3
1291140 1462.5
1291150 1475.5
1291160 1475.5
1291170 1483.9
1291180 1491.9
1291190 1491.9
1291200 1499.0
1291210 1509.0
1291220 1525.8
1291230 1525.8
1291240 1532.5
1291250 1533.3
1291260 1533.3
1291270 1533.3
1291280 1531.1
1291290 1531.1
1291300 1527.8
1291310 1525.2
1291320 1525.2
1291330 1521.7
1291340 1516.0
1291350 1516.0
1291360 1509.6
1291370 1502.7
1291380 1502.7
1291390 1503.2
1291400 1510.1
1291410 1510.1
1291420 1519.3
1291430 1525.4
1291440 1525.4
1291450 1530.2
1291460 1533.7
1291470 1533.7
1291480 1538.0
1291490 1541.7
1291500 1541.7
1291510 1544.9
1291520 1546.1
1291530 1546.1
1291540 1548.8
1291550 1550.3
1291560 1549.3
1291570 1549.3
1291580 1546.4
1291590 1546.4
1291600 1546.4
1291610 1546.4
1291620 1545.6
1291630 1545.6
1291640 1544.8
1291650 1542.6
1291660 1542.6
1291670 1544.7
1291680 1543.8
1291690 1543.8
1291700 1544.0
1291710 1545.7
1291720 1545.7
1291730 1546.1
1291740 1542.0
1291750 1542.0
1291760 1538.6
1291770 1540.5
1291780 1540.5
1291790 1541.1
1291800 1541.5
1291810 1541.5
1291820 1541.0
1291830 1539.7
1291840 1539.7
1291850 1538.8
1291860 1537.2
1291870 1529.4
1291880 1529.4
1291890 1525.7
1291900 1521.1
1291910 1521.1
1291920 1516.1
1291930 1511.6
1291940 1511.6
1291950 1505.4
1291960 1497.5
1291970 1497.5
1291980 1497.9
1291990 1502.2
1292000 1502.2
1292010 1507.3
1292020 1511.0
1292030 1511.0
1292040 1514.0
1292050 1517.8
1292060 1517.8
1292070 1519.3
1292080 1519.5
1292090 1519.5
1292100 1519.3
1292110 1518.9
1292120 1518.9
1292130 1518.2
1292140 1516.7
1292150 1516.7
1292160 1515.1
1292170 1513.9
1292180 1512.7
1292190 1512.7
1292200 1510.0
1292210 1506.8
1292220 1506.8
1292230 1504.1
1292240 1500.2
1292250 1500.2
1292260 1494.3
1292270 1486.0
1292280 1486.0
1292290 1480.9
1292300 1484.7
1292310 1484.7
1292320 1493.3
1292330 1501.7
1292340 1501.7
1292350 1506.0
1292360 1509.3
1292370 1509.3
1292380 1511.0
1292390 1511.5
1292400 1511.5
1292410 1511.3
1292420 1511.0
1292430 1511.0
1292440 1509.6
1292450 1509.1
1292460 1509.1
1292470 1509.7
1292480 1509.7
1292490 1508.8
1292500 1508.8
1292510 1505.6
1292520 1501.2
1292530 1501.2
1292540 1499.6
1292550 1503.4
1292560 1503.4
1292570 1503.0
1292580 1501.5
1292590 1501.5
1292600 1499.1
1292610 1498.1
1292620 1498.1
1292630 1498.3
1292640 1499.4
1292650 1499.4
1292660 1500.9
1292670 1502.1
1292680 1502.1
1292690 1503.1
1292700 1505.3
1292710 1505.3
1292720 1508.7
1292730 1509.7
1292740 1509.7
1292750 1511.6
1292760 1514.5
1292770 1514.5
1292780 1518.0
1292790 1525.0
1292800 1525.0
1292810 1531.7
1292820 1537.0
1292830 1541.2
1292840 1541.2
1292850 1545.0
1292860 1549.6
1292870 1549.6
1292880 1554.7
1292890 1559.1
1292900 1559.1
1292910 1563.5
1292920 1567.5
1292930 1567.5
1292940 1571.1
1292950 1573.9
1292960 1573.9
1292970 1576.8
1292980 1578.6
1292990 1578.6
1293000 1575.2
1293010 1571.6
1293020 1571.6
1293030 1576.0
1293040 1581.1
1293050 1581.1
1293060 1584.4
1293070 1587.5
1293080 1587.5
1293090 1590.8
1293100 1594.5
1293110 1594.5
1293120 1597.5
1293130 1599.3
1293140 1599.3
1293150 1599.3
1293160 1599.2
1293170 1600.7
1293180 1600.7
1293190 1602.3
1293200 1603.4
1293210 1603.4
1293220 1605.4
1293230 1607.1
1293240 1607.1
1293250 1609.7
1293260 1611.4
1293270 1611.4
1293280 1615.8
1293290 1619.6
1293300 1619.6
1293310 1622.8
1293320 1626.8
1293330 1626.8
1293340 1630.7
1293350 1633.6
1293360 1633.6
1293370 1636.3
1293380 1639.3
1293390 1639.3
1293400 1641.5
1293410 1644.0
1293420 1644.0
1293430 1646.9
1293440 1651.6
1293450 1655.0
1293460 1655.0
1293470 1653.2
1293480 1641.3
1293490 1641.3
1293500 1628.6
1293510 1623.6
1293520 1623.6
1293530 1620.8
1293540 1623.3
1293550 1623.3
1293560 1633.3
1293570 1637.7
1293580 1637.7
1293590 1632.9
1293600 1624.8
1293610 1624.8
1293620 1613.8
1293630 1610.0
1293640 1610.0
1293650 1611.6
1293660 1616.3
1293670 1616.3
1293680 1621.7
1293690 1622.2
1293700 1622.2
1293710 1624.2
1293720 1627.9
1293730 1627.9
1293740 1627.1
1293750 1628.4
1293760 1628.4
1293770 1635.9
1293780 1632.1
1293790 1629.6
1293800 1629.6
1293810 1636.5
1293820 1640.1
1293830 1640.1
1293840 1636.0
1293850 1640.9
1293860 1640.9
1293870 1649.0
1293880 1642.8
1293890 1642.8
1293900 1635.6
1293910 1623.9
1293920 1623.9
1293930 1613.9
1293940 1604.5
1293950 1604.5
1293960 1595.3
1293970 1585.2
1293980 1585.2
1293990 1575.5
1294000 1563.4
1294010 1563.4
1294020 1552.9
1294030 1545.7
1294040 1545.7
1294050 1546.7
1294060 1544.0
1294070 1544.0
1294080 1539.1
1294090 1533.2
1294100 1523.6
1294110 1523.6
1294120 1513.6
1294130 1502.5
1294140 1502.5
1294150 1490.8
1294160 1480.6
1294170 1480.6
1294180 1471.1
1294190 1461.0
1294200 1461.0
1294210 1451.0
1294220 1440.1
1294230 1440.1
1294240 1428.6
1294250 1419.2
1294260 1419.2
1294270 1412.1
1294280 1406.1
1294290 1406.1
1294300 1400.0
1294310 1394.0
1294320 1394.0
1294330 1388.5
1294340 1383.0
1294350 1383.0
1294360 1377.6
1294370 1372.5
1294380 1372.5
1294390 1367.3
1294400 1361.8
1294410 1355.2
1294420 1355.2
1294430 1347.5
1294440 1339.3
1294450 1339.3
1294460 1333.5
1294470 1334.6
1294480 1334.6
1294490 1333.6
1294500 1328.0
1294510 1328.0
1294520 1320.6
1294530 1310.8
1294540 1313.3
1294550 1318.1
1294560 1323.6
1294570 1323.6
1294580 1326.5
1294590 1328.2
1294600 1328.2
1294610 1330.1
1294620 1332.3
1294630 1332.3
1294640 1333.6
1294650 1336.2
1294660 1336.2
1294670 1336.5
1294680 1332.0
1294690 1332.0
1294700 1324.5
1294710 1319.6
1294720 1318.3
1294730 1318.3
1294740 1319.9
1294750 1322.2
1294760 1322.2
1294770 1327.5
1294780 1334.2
1294790 1334.2
1294800 1342.1
1294810 1347.7
1294820 1347.7
1294830 1349.4
1294840 1351.0
1294850 1351.0
1294860 1353.0
1294870 1355.9
1294880 1355.9
1294890 1359.1
1294900 1362.2
1294910 1362.2
1294920 1365.9
1294930 1370.5
1294940 1370.5
1294950 1375.8
1294960 1381.7
1294970 1381.7
1294980 1387.7
1294990 1394.1
1295000 1394.1
1295010 1400.3
1295020 1403.0
1295030 1403.0
1295040 1403.0
1295050 1403.2
1295060 1405.2
1295070 1405.2
1295080 1406.0
1295090 1406.5
1295100 1406.5
1295110 1408.0
1295120 1410.3
1295130 1410.3
1295140 1416.0
1295150 1417.6
1295160 1417.6
1295170 1416.0
1295180 1416.8
1295190 1416.8
1295200 1422.8
1295210 1432.8
1295220 1432.8
1295230 1442.4
1295240 1449.4
1295250 1449.4
1295260 1454.6
1295270 1459.3
1295280 1459.3
1295290 1463.3
1295300 1465.9
1295310 1465.9
1295320 1467.9
1295330 1470.9
1295340 1470.9
1295350 1474.0
1295360 1477.6
1295370 1482.1
1295380 1482.1
1295390 1487.1
1295400 1491.7
1295410 1491.7
1295420 1496.4
1295430 1501.9
1295440 1501.9
1295450 1508.3
1295460 1514.5
1295470 1514.5
1295480 1520.0
1295490 1525.6
1295500 1525.6
1295510 1531.2
1295520 1536.5
1295530 1536.5
1295540 1541.4
1295550 1547.1
1295560 1547.1
1295570 1553.0
1295580 1558.2
1295590 1558.2
1295600 1563.2
1295610 1568.1
1295620 1568.1
1295630 1573.0
1295640 1577.4
1295650 1577.4
1295660 1582.1
1295670 1587.3
1295680 1592.5
1295690 1592.5
1295700 1597.6
1295710 1602.7
1295720 1602.7
1295730 1607.8
1295740 1612.2
1295750 1612.2
1295760 1616.9
1295770 1622.6
1295780 1622.6
1295790 1627.9
1295800 1632.7
1295810 1632.7
1295820 1637.7
1295830 1642.2
1295840 1642.2
1295850 1646.5
1295860 1650.7
1295870 1650.7
1295880 1654.5
1295890 1655.9
1295900 1655.9
1295910 1658.6
1295920 1660.7
1295930 1660.7
1295940 1662.1
1295950 1662.7
1295960 1662.7
1295970 1662.4
1295980 1661.1
1295990 1661.1
1296000 1659.1
1296010 1656.5
1296020 1653.3
1296030 1653.3
1296040 1650.1
1296050 1644.9
1296060 1644.9
1296070 1638.3
1296080 1631.4
1296090 1631.4
1296100 1625.4
1296110 1618.8
1296120 1618.8
1296130 1612.9
1296140 1607.7
1296150 1607.7
1296160 1602.4
1296170 1597.2
1296180 1597.2
1296190 1592.0
1296200 1587.0
1296210 1587.0
1296220 1582.5
1296230 1578.5
1296240 1578.5
1296250 1573.9
1296260 1568.3
1296270 1568.3
1296280 1562.4
1296290 1555.4
1296300 1555.4
1296310 1547.9
1296320 1541.1
1296330 1533.1
1296340 1533.1
1296350 1525.3
1296360 1517.6
1296370 1517.6
1296380 1511.1
1296390 1506.5
1296400 1506.5
1296410 1502.6
1296420 1498.3
1296430 1498.3
1296440 1493.1
1296450 1486.8
1296460 1486.8
1296470 1479.9
1296480 1473.1
1296490 1473.1
1296500 1468.9
1296510 1467.4
1296520 1467.4
1296530 1466.2
1296540 1464.6
1296550 1464.6
1296560 1462.1
1296570 1463.6
1296580 1463.6
1296590 1457.6
1296600 1450.0
1296610 1450.0
1296620 1441.6
1296630 1433.9
1296640 1425.8
1296650 1425.8
1296660 1418.0
1296670 1409.4
1296680 1409.4
1296690 1402.7
1296700 1395.0
1296710 1395.0
1296720 1387.1
1296730 1380.3
1296740 1380.3
1296750 1375.2
1296760 1369.7
1296770 1369.7
1296780 1363.7
1296790 1357.6
1296800 1357.6
1296810 1352.0
1296820 1346.2
1296830 1346.2
1296840 1340.7
1296850 1336.2
1296860 1336.2
1296870 1330.6
1296880 1323.0
1296890 1323.0
1296900 1316.1
1296910 1308.6
1296920 1308.6
1296930 1300.2
1296940 1299.0
1296950 1305.7
1296960 1305.7
1296970 1307.3
1296980 1309.2
1296990 1309.2
1297000 1311.9
1297010 1316.6
1297020 1316.6
1297030 1321.2
1297040 1319.0
1297050 1319.0
1297060 1314.9
1297070 1316.1
1297080 1316.1
1297090 1317.4
1297100 1324.9
1297110 1324.9
1297120 1332.0
1297130 1338.4
1297140 1338.4
1297150 1345.0
1297160 1351.8
1297170 1351.8
1297180 1358.7
1297190 1364.6
1297200 1364.6
1297210 1368.7
1297220 1371.7
1297230 1371.7
1297240 1373.5
1297250 1379.1
1297260 1379.1
1297270 1376.3
1297280 1369.4
1297290 1361.5
1297300 1361.5
1297310 1353.4
1297320 1353.0
1297330 1353.0
1297340 1356.8
1297350 1359.2
1297360 1359.2
1297370 1359.2
1297380 1354.2
1297390 1354.2
1297400 1346.4
1297410 1342.8
1297420 1342.8
1297430 1343.7
1297440 1343.4
1297450 1343.4
1297460 1341.7
1297470 1347.6
1297480 1347.6
1297490 1355.3
1297500 1362.1
1297510 1362.1
1297520 1368.1
1297530 1374.4
1297540 1374.4
1297550 1380.8
1297560 1387.0
1297570 1387.0
1297580 1391.9
1297590 1394.2
1297600 1394.0
1297610 1394.0
1297620 1391.6
1297630 1387.4
1297640 1387.4
1297650 1380.2
1297660 1371.4
1297670 1371.4
1297680 1364.8
1297690 1358.9
1297700 1358.9
1297710 1353.0
1297720 1347.6
1297730 1347.6
1297740 1340.8
1297750 1332.7
1297760 1332.7
1297770 1324.1
1297780 1315.6
1297790 1315.6
1297800 1307.0
1297810 1299.0
1297820 1299.0
1297830 1291.7
1297840 1284.5
1297850 1284.5
1297860 1277.4
1297870 1270.7
1297880 1270.7
1297890 1268.4
1297900 1266.4
1297910 1261.2
1297920 1261.2
1297930 1255.6
1297940 1245.2
1297950 1245.2
1297960 1244.4
1297970 1246.5
1297980 1246.5
1297990 1250.6
1298000 1254.2
1298010 1254.2
1298020 1256.4
1298030 1257.1
1298040 1257.1
1298050 1257.2
1298060 1255.2
1298070 1255.2
1298080 1251.8
1298090 1249.5
1298100 1249.5
1298110 1247.6
1298120 1246.4
1298130 1246.4
1298140 1245.1
1298150 1244.6
1298160 1244.6
1298170 1243.7
1298180 1243.0
1298190 1243.0
1298200 1242.1
1298210 1240.3
1298220 1240.3
1298230 1237.7
1298240 1234.3
1298250 1229.3
1298260 1229.3
1298270 1223.5
1298280 1217.2
1298290 1217.2
1298300 1210.7
1298310 1204.2
1298320 1204.2
1298330 1197.9
1298340 1191.3
1298350 1191.3
1298360 1185.0
1298370 1178.5
1298380 1178.5
1298390 1171.9
1298400 1165.5
1298410 1165.5
1298420 1158.7
1298430 1152.2
1298440 1152.2
1298450 1145.5
1298460 1138.9
1298470 1138.9
1298480 1132.5
1298490 1126.2
1298500 1126.2
1298510 1120.0
1298520 1114.1
1298530 1114.1
1298540 1107.7
1298550 1101.2
1298560 1094.0
1298570 1094.0
1298580 1086.0
1298590 1078.5
1298600 1078.5
1298610 1073.5
1298620 1075.0
1298630 1075.0
1298640 1072.0
1298650 1069.1
1298660 1069.1
1298670 1065.5
1298680 1059.2
1298690 1059.2
1298700 1051.7
1298710 1045.5
1298720 1045.5
1298730 1039.8
1298740 1034.1
1298750 1034.1
1298760 1028.6
1298770 1023.1
1298780 1023.1
1298790 1017.4
1298800 1011.9
1298810 1011.9
1298820 1006.9
1298830 1002.5
1298840 1002.5
1298850 998.8
1298860 997.0
1298870 996.9
1298880 996.9
1298890 996.4
1298900 995.7
1298910 995.7
1298920 994.9
1298930 994.4
1298940 994.4
1298950 994.0
1298960 993.6
1298970 993.6
1298980 993.2
1298990 992.9
1299000 992.9
1299010 992.7
1299020 992.5
1299030 992.5
1299040 992.3
1299050 992.0
1299060 992.0
1299070 991.3
1299080 991.0
1299090 991.0
1299100 990.7
1299110 990.5
1299120 990.5
1299130 990.6
1299140 990.5
1299150 990.5
1299160 990.2
1299170 989.8
1299180 989.6
1299190 989.6
1299200 989.2
1299210 988.9
1299220 988.9
1299230 988.7
1299240 988.5
1299250 988.5
1299260 988.3
1299270 988.1
1299280 988.1
1299290 988.0
1299300 987.5
1299310 987.5
1299320 987.4
1299330 987.4
1299340 987.4
1299350 987.5
1299360 988.0
1299370 988.0
1299380 988.2
1299390 988.1
1299400 988.1
1299410 987.8
1299420 987.5
1299430 987.5
1299440 987.1
1299450 985.3
1299460 985.3
1299470 984.2
1299480 984.3
1299490 984.3
1299500 988.0
1299510 994.2
1299520 998.4
1299530 998.4
1299540 1002.4
1299550 1005.9
1299560 1005.9
1299570 1009.9
1299580 1014.4
1299590 1014.4
1299600 1018.4
1299610 1021.3
1299620 1021.3
1299630 1024.5
1299640 1027.7
1299650 1027.7
1299660 1030.4
1299670 1032.6
1299680 1032.6
1299690 1035.6
1299700 1039.0
1299710 1039.0
1299720 1042.8
1299730 1047.1
1299740 1047.1
1299750 1051.6
1299760 1056.4
1299770 1056.4
1299780 1060.5
1299790 1064.0
1299800 1064.0
1299810 1067.8
1299820 1071.4
1299830 1074.6
1299840 1074.6
1299850 1077.3
1299860 1079.4
1299870 1079.4
1299880 1081.0
1299890 1082.1
1299900 1082.1
1299910 1083.7
1299920 1085.7
1299930 1085.7
1299940 1086.7
1299950 1086.4
1299960 1086.4
1299970 1083.8
1299980 1083.9
1299990 1077.6
