1280000 1163.1
1280010 1168.9
1280020 1168.9
1280030 1173.5
1280040 1177.2
1280050 1177.2
1280060 1182.2
1280070 1187.6
1280080 1187.6
1280090 1192.7
1280100 1198.5
1280110 1198.5
1280120 1203.9
1280130 1207.6
1280140 1207.6
1280150 1211.1
1280160 1215.0
1280170 1215.0
1280180 1218.8
1280190 1222.7
1280200 1222.7
1280210 1226.3
1280220 1229.5
1280230 1229.5
1280240 1232.4
1280250 1235.5
1280260 1235.5
1280270 1238.6
1280280 1241.6
1280290 1241.6
1280300 1245.2
1280310 1250.3
1280320 1255.8
1280330 1255.8
1280340 1260.9
1280350 1265.6
1280360 1265.6
1280370 1269.9
1280380 1273.2
1280390 1273.2
1280400 1276.0
1280410 1278.9
1280420 1278.9
1280430 1282.7
1280440 1286.7
1280450 1286.7
1280460 1290.5
1280470 1292.7
1280480 1292.7
1280490 1292.2
1280500 1291.2
1280510 1291.2
1280520 1291.5
1280530 1293.9
1280540 1293.9
1280550 1300.2
1280560 1302.3
1280570 1302.3
1280580 1305.8
1280590 1310.5
1280600 1310.5
1280610 1317.0
1280620 1323.3
1280630 1327.7
1280640 1327.7
1280650 1328.6
1280660 1329.9
1280670 1329.9
1280680 1334.1
1280690 1338.9
1280700 1338.9
1280710 1344.2
1280720 1350.2
1280730 1350.2
1280740 1356.3
1280750 1362.7
1280760 1362.7
1280770 1368.9
1280780 1375.2
1280790 1375.2
1280800 1381.7
1280810 1388.0
1280820 1388.0
1280830 1394.1
1280840 1400.0
1280850 1400.0
1280860 1405.8
1280870 1411.4
1280880 1411.4
1280890 1416.9
1280900 1422.1
1280910 1422.1
1280920 1426.5
1280930 1429.1
1280940 1432.3
1280950 1432.3
1280960 1437.7
1280970 1443.5
1280980 1443.5
1280990 1448.9
1281000 1452.9
1281010 1452.9
1281020 1453.7
1281030 1456.2
1281040 1456.2
1281050 1457.6
1281060 1455.1
1281070 1455.1
1281080 1450.4
1281090 1443.6
1281100 1443.6
1281110 1438.8
1281120 1438.0
1281130 1438.0
1281140 1438.2
1281150 1440.7
1281160 1440.7
1281170 1438.6
1281180 1445.8
1281190 1445.8
1281200 1444.6
1281210 1441.0
1281220 1441.0
1281230 1440.5
1281240 1440.8
1281250 1440.8
1281260 1436.8
1281270 1430.1
1281280 1430.0
1281290 1430.0
1281300 1429.7
1281310 1424.0
1281320 1424.0
1281330 1414.3
1281340 1413.3
1281350 1413.3
1281360 1413.4
1281370 1415.8
1281380 1415.8
1281390 1423.1
1281400 1428.1
1281410 1428.1
1281420 1430.3
1281430 1427.5
1281440 1427.5
1281450 1428.8
1281460 1430.3
1281470 1430.3
1281480 1429.2
1281490 1428.1
1281500 1428.1
1281510 1425.6
1281520 1421.6
1281530 1421.6
1281540 1417.6
1281550 1414.4
1281560 1414.4
1281570 1412.7
1281580 1410.6
1281590 1407.9
1281600 1407.9
1281610 1404.0
1281620 1400.1
1281630 1400.1
1281640 1397.6
1281650 1394.7
1281660 1394.7
1281670 1392.7
1281680 1390.6
1281690 1390.6
1281700 1387.0
1281710 1382.4
1281720 1382.4
1281730 1377.3
1281740 1371.3
1281750 1371.3
1281760 1365.0
1281770 1356.1
1281780 1356.1
1281790 1339.2
1281800 1327.9
1281810 1320.4
1281820 1309.8
1281830 1302.3
1281840 1302.3
1281850 1294.9
1281860 1287.3
1281870 1287.3
1281880 1280.5
1281890 1273.7
1281900 1273.7
1281910 1264.2
1281920 1253.6
1281930 1244.2
1281940 1244.2
1281950 1235.9
1281960 1227.6
1281970 1227.6
1281980 1219.3
1281990 1211.9
1282000 1211.9
1282010 1205.8
1282020 1200.2
1282030 1200.2
1282040 1194.8
1282050 1189.3
1282060 1189.3
1282070 1183.8
1282080 1178.5
1282090 1178.5
1282100 1173.4
1282110 1168.2
1282120 1168.2
1282130 1162.8
1282140 1157.3
1282150 1157.3
1282160 1152.2
1282170 1147.6
1282180 1147.6
1282190 1143.4
1282200 1139.0
1282210 1139.0
1282220 1134.8
1282230 1130.3
1282240 1125.9
1282250 1125.9
1282260 1120.8
1282270 1113.2
1282280 1113.2
1282290 1109.3
1282300 1112.2
1282310 1112.2
1282320 1117.4
1282330 1119.4
1282340 1119.4
1282350 1120.8
1282360 1122.3
1282370 1122.3
1282380 1124.4
1282390 1126.4
1282400 1126.4
1282410 1128.0
1282420 1129.8
1282430 1129.8
1282440 1134.0
1282450 1136.4
1282460 1136.4
1282470 1139.8
1282480 1144.0
1282490 1144.0
1282500 1148.8
1282510 1154.1
1282520 1154.1
1282530 1159.5
1282540 1163.6
1282550 1166.7
1282560 1166.7
1282570 1171.0
1282580 1176.4
1282590 1176.4
1282600 1181.1
1282610 1183.5
1282620 1183.5
1282630 1184.6
1282640 1185.5
1282650 1185.5
1282660 1186.7
1282670 1187.4
1282680 1187.4
1282690 1188.4
1282700 1185.1
1282710 1185.1
1282720 1178.9
1282730 1174.2
1282740 1174.2
1282750 1174.1
1282760 1177.7
1282770 1177.7
1282780 1182.4
1282790 1186.6
1282800 1186.6
1282810 1191.2
1282820 1197.1
1282830 1197.1
1282840 1203.1
1282850 1208.9
1282860 1208.9
1282870 1216.5
1282880 1221.2
1282890 1221.7
1282900 1221.7
1282910 1217.5
1282920 1213.7
1282930 1213.7
1282940 1209.2
1282950 1208.5
1282960 1208.5
1282970 1207.3
1282980 1205.6
1282990 1205.6
1283000 1201.5
1283010 1198.1
1283020 1198.1
1283030 1196.2
1283040 1194.5
1283050 1194.5
1283060 1193.1
1283070 1199.0
1283080 1199.0
1283090 1197.8
1283100 1197.3
1283110 1197.3
1283120 1196.4
1283130 1195.8
1283140 1195.8
1283150 1194.0
1283160 1191.1
1283170 1191.1
1283180 1189.3
1283190 1188.6
1283200 1187.3
1283210 1187.3
1283220 1185.5
1283230 1181.8
1283240 1181.8
1283250 1178.1
1283260 1175.2
1283270 1175.2
1283280 1170.5
1283290 1169.4
1283300 1169.4
1283310 1171.5
1283320 1176.7
1283330 1176.7
1283340 1180.8
1283350 1180.6
1283360 1180.6
1283370 1179.0
1283380 1177.1
1283390 1177.1
1283400 1174.7
1283410 1172.0
1283420 1172.0
1283430 1169.4
1283440 1167.5
1283450 1167.5
1283460 1165.7
1283470 1164.2
1283480 1164.2
1283490 1162.2
1283500 1160.0
1283510 1160.0
1283520 1157.7
1283530 1155.3
1283540 1152.7
1283550 1152.7
1283560 1150.6
1283570 1149.4
1283580 1149.4
1283590 1147.9
1283600 1146.4
1283610 1146.4
1283620 1143.4
1283630 1139.8
1283640 1139.8
1283650 1136.1
1283660 1130.3
1283670 1130.3
1283680 1123.5
1283690 1117.8
1283700 1117.8
1283710 1118.3
1283720 1114.9
1283730 1114.9
1283740 1111.0
1283750 1105.9
1283760 1105.9
1283770 1100.3
1283780 1095.4
1283790 1095.4
1283800 1093.0
1283810 1088.9
1283820 1088.9
1283830 1084.3
1283840 1078.7
1283850 1071.6
1283860 1071.6
1283870 1066.7
1283880 1064.4
1283890 1064.4
1283900 1061.7
1283910 1057.7
1283920 1057.7
1283930 1053.7
1283940 1049.7
1283950 1049.7
1283960 1047.3
1283970 1045.7
1283980 1045.7
1283990 1040.7
1284000 1037.0
1284010 1037.0
1284020 1035.2
1284030 1031.6
1284040 1031.6
1284050 1027.3
1284060 1022.0
1284070 1022.0
1284080 1016.7
1284090 1012.5
1284100 1012.5
1284110 1007.0
1284120 1001.2
1284130 1001.2
1284140 999.1
1284150 999.1
1284160 999.2
1284170 999.2
1284180 999.0
1284190 997.7
1284200 997.7
1284210 997.8
1284220 998.0
1284230 998.0
1284240 997.9
1284250 997.9
1284260 997.9
1284270 998.0
1284280 998.2
1284290 998.2
1284300 998.4
1284310 998.3
1284320 998.3
1284330 998.6
1284340 999.0
1284350 999.0
1284360 999.4
1284370 1001.0
1284380 1001.0
1284390 1006.0
1284400 1012.1
1284410 1012.1
1284420 1015.3
1284430 1018.0
1284440 1018.0
1284450 1020.6
1284460 1023.3
1284470 1023.3
1284480 1026.1
1284490 1030.0
1284500 1035.8
1284510 1035.8
1284520 1042.3
1284530 1049.2
1284540 1049.2
1284550 1055.5
1284560 1060.7
1284570 1060.7
1284580 1064.9
1284590 1067.5
1284600 1067.5
1284610 1070.3
1284620 1073.4
1284630 1073.4
1284640 1075.8
1284650 1078.7
1284660 1078.7
1284670 1081.4
1284680 1082.1
1284690 1082.1
1284700 1081.7
1284710 1081.8
1284720 1081.8
1284730 1081.4
1284740 1080.4
1284750 1080.4
1284760 1081.5
1284770 1084.0
1284780 1084.0
1284790 1086.5
1284800 1088.4
1284810 1090.9
1284820 1090.9
1284830 1093.3
1284840 1095.4
1284850 1095.4
1284860 1097.5
1284870 1100.2
1284880 1100.2
1284890 1102.4
1284900 1103.6
1284910 1103.6
1284920 1104.2
1284930 1104.5
1284940 1104.5
1284950 1104.7
1284960 1104.9
1284970 1104.9
1284980 1105.4
1284990 1105.8
1285000 1105.8
1285010 1105.3
1285020 1101.8
1285030 1101.8
1285040 1097.2
1285050 1094.2
1285060 1094.2
1285070 1094.3
1285080 1094.4
1285090 1094.4
1285100 1094.2
1285110 1095.4
1285120 1095.4
1285130 1098.3
1285140 1102.1
1285150 1106.6
1285160 1106.6
1285170 1111.4
1285180 1114.9
1285190 1114.9
1285200 1117.1
1285210 1119.5
1285220 1119.5
1285230 1122.1
1285240 1125.2
1285250 1125.2
1285260 1127.8
1285270 1131.3
1285280 1131.3
1285290 1133.6
1285300 1134.4
1285310 1134.4
1285320 1135.5
1285330 1136.6
1285340 1136.6
1285350 1137.6
1285360 1138.5
1285370 1138.5
1285380 1139.2
1285390 1139.5
1285400 1139.5
1285410 1139.0
1285420 1139.4
1285430 1139.4
1285440 1139.3
1285450 1136.7
1285460 1130.6
1285470 1130.6
1285480 1131.5
1285490 1138.0
1285500 1138.0
1285510 1143.4
1285520 1148.7
1285530 1148.7
1285540 1152.7
1285550 1155.8
1285560 1155.8
1285570 1157.0
1285580 1158.0
1285590 1158.0
1285600 1159.4
1285610 1161.0
1285620 1161.0
1285630 1161.8
1285640 1165.0
1285650 1165.0
1285660 1167.2
1285670 1169.5
1285680 1169.5
1285690 1170.6
1285700 1171.6
1285710 1171.6
1285720 1173.9
1285730 1177.4
1285740 1177.4
1285750 1181.0
1285760 1185.3
1285770 1190.6
1285780 1190.6
1285790 1195.0
1285800 1199.0
1285810 1199.0
1285820 1200.5
1285830 1200.1
1285840 1200.1
1285850 1200.2
1285860 1200.9
1285870 1200.9
1285880 1201.9
1285890 1203.0
1285900 1203.0
1285910 1204.0
1285920 1203.7
1285930 1203.7
1285940 1200.1
1285950 1198.2
1285960 1198.2
1285970 1197.4
1285980 1197.4
1285990 1197.4
1286000 1197.6
1286010 1196.3
1286020 1196.3
1286030 1197.3
1286040 1200.8
1286050 1200.8
1286060 1205.0
1286070 1207.1
1286080 1207.1
1286090 1209.0
1286100 1210.7
1286110 1211.7
1286120 1211.7
1286130 1213.3
1286140 1216.6
1286150 1216.6
1286160 1220.4
1286170 1223.8
1286180 1223.8
1286190 1226.8
1286200 1229.4
1286210 1229.4
1286220 1231.8
1286230 1234.5
1286240 1234.5
1286250 1237.7
1286260 1240.1
1286270 1236.7
1286280 1239.3
1286290 1241.8
1286300 1241.8
1286310 1244.2
1286320 1246.6
1286330 1246.6
1286340 1249.2
1286350 1252.0
1286360 1252.0
1286370 1255.1
1286380 1257.9
1286390 1257.9
1286400 1259.1
1286410 1262.6
1286420 1266.4
1286430 1266.4
1286440 1269.2
1286450 1271.5
1286460 1271.5
1286470 1274.5
1286480 1278.2
1286490 1278.2
1286500 1281.5
1286510 1285.0
1286520 1285.0
1286530 1288.3
1286540 1292.2
1286550 1292.2
1286560 1295.4
1286570 1297.8
1286580 1297.8
1286590 1299.4
1286600 1303.0
1286610 1303.0
1286620 1306.0
1286630 1308.9
1286640 1308.9
1286650 1311.4
1286660 1314.7
1286670 1314.7
1286680 1317.8
1286690 1321.6
1286700 1321.6
1286710 1326.1
1286720 1331.3
1286730 1331.3
1286740 1338.9
1286750 1343.7
1286760 1340.4
1286770 1340.4
1286780 1337.2
1286790 1335.9
1286800 1335.9
1286810 1335.0
1286820 1333.2
1286830 1333.2
1286840 1330.5
1286850 1326.8
1286860 1326.8
1286870 1321.0
1286880 1311.0
1286890 1311.0
1286900 1294.6
1286910 1272.6
1286920 1272.6
1286930 1278.0
1286940 1280.3
1286950 1280.3
1286960 1282.3
1286970 1288.2
1286980 1288.2
1286990 1292.1
1287000 1290.6
1287010 1290.6
1287020 1290.2
1287030 1285.5
1287040 1285.5
1287050 1275.3
1287060 1267.6
1287070 1269.4
1287080 1269.4
1287090 1270.2
1287100 1259.9
1287110 1259.9
1287120 1255.0
1287130 1265.4
1287140 1265.4
1287150 1274.5
1287160 1279.2
1287170 1279.2
1287180 1283.7
1287190 1288.7
1287200 1288.7
1287210 1293.6
1287220 1300.7
1287230 1300.7
1287240 1310.9
1287250 1320.9
1287260 1320.9
1287270 1328.8
1287280 1336.0
1287290 1336.0
1287300 1344.6
1287310 1351.1
1287320 1351.1
1287330 1352.7
1287340 1352.6
1287350 1352.6
1287360 1347.5
1287370 1344.8
1287380 1347.5
1287390 1347.5
1287400 1353.9
1287410 1362.1
1287420 1362.1
1287430 1370.3
1287440 1379.3
1287450 1379.3
1287460 1388.4
1287470 1397.0
1287480 1397.0
1287490 1405.4
1287500 1413.4
1287510 1413.4
1287520 1422.2
1287530 1429.6
1287540 1429.6
1287550 1433.7
1287560 1442.8
1287570 1442.8
1287580 1447.9
1287590 1454.2
1287600 1454.2
1287610 1460.8
1287620 1467.2
1287630 1467.2
1287640 1472.4
1287650 1476.9
1287660 1476.9
1287670 1481.4
1287680 1486.7
1287690 1486.7
1287700 1491.8
1287710 1496.9
1287720 1502.1
1287730 1502.1
1287740 1507.4
1287750 1512.4
1287760 1512.4
1287770 1518.2
1287780 1524.9
1287790 1524.9
1287800 1532.2
1287810 1541.1
1287820 1541.1
1287830 1546.9
1287840 1554.6
1287850 1554.6
1287860 1559.9
1287870 1562.9
1287880 1562.9
1287890 1565.1
1287900 1567.5
1287910 1567.5
1287920 1570.5
1287930 1572.6
1287940 1572.6
1287950 1572.6
1287960 1572.1
1287970 1572.1
1287980 1571.6
1287990 1571.2
1288000 1571.2
1288010 1570.0
1288020 1567.9
1288030 1565.2
1288040 1565.2
1288050 1562.9
1288060 1560.2
1288070 1560.2
1288080 1557.1
1288090 1554.1
1288100 1554.1
1288110 1551.3
1288120 1548.0
1288130 1548.0
1288140 1543.0
1288150 1537.4
1288160 1537.4
1288170 1530.9
1288180 1524.3
1288190 1524.3
1288200 1516.0
1288210 1504.2
1288220 1504.2
1288230 1494.3
1288240 1492.4
1288250 1492.4
1288260 1506.0
1288270 1520.7
1288280 1520.7
1288290 1524.2
1288300 1523.8
1288310 1523.8
1288320 1521.4
1288330 1517.5
1288340 1517.5
1288350 1515.9
1288360 1515.0
1288370 1511.7
1288380 1511.7
1288390 1503.3
1288400 1504.4
1288410 1504.4
1288420 1508.1
1288430 1504.0
1288440 1504.0
1288450 1503.2
1288460 1503.1
1288470 1503.1
1288480 1503.4
1288490 1508.8
1288500 1508.8
1288510 1513.9
1288520 1517.9
1288530 1517.9
1288540 1516.2
1288550 1517.2
1288560 1517.2
1288570 1528.7
1288580 1540.1
1288590 1540.1
1288600 1558.6
1288610 1575.7
1288620 1575.7
1288630 1585.3
1288640 1591.6
1288650 1591.6
1288660 1596.7
1288670 1601.2
1288680 1602.0
1288690 1602.0
1288700 1597.0
1288710 1590.0
1288720 1590.0
1288730 1585.6
1288740 1581.4
1288750 1581.4
1288760 1580.1
1288770 1581.1
1288780 1581.1
1288790 1587.9
1288800 1597.8
1288810 1597.8
1288820 1606.0
1288830 1619.4
1288840 1619.4
1288850 1633.3
1288860 1651.7
1288870 1651.7
1288880 1662.9
1288890 1669.1
1288900 1669.1
1288910 1675.0
1288920 1677.0
1288930 1677.0
1288940 1674.1
1288950 1673.1
1288960 1673.1
1288970 1678.0
1288980 1675.5
1288990 1667.8
1289000 1667.8
1289010 1673.0
1289020 1684.1
1289030 1684.1
1289040 1684.6
1289050 1686.1
1289060 1686.1
1289070 1694.3
1289080 1700.7
1289090 1700.7
1289100 1705.7
1289110 1711.5
1289120 1711.5
1289130 1717.9
1289140 1724.9
1289150 1724.9
1289160 1733.8
1289170 1742.6
1289180 1742.6
1289190 1752.0
1289200 1759.4
1289210 1759.4
1289220 1767.2
1289230 1776.7
1289240 1776.7
1289250 1786.0
1289260 1795.3
1289270 1795.3
1289280 1803.0
1289290 1809.8
1289300 1809.8
1289310 1814.7
1289320 1818.3
1289330 1822.3
1289340 1822.3
1289350 1828.3
1289360 1834.9
1289370 1834.9
1289380 1840.2
1289390 1846.2
1289400 1846.2
1289410 1853.7
1289420 1861.4
1289430 1861.4
1289440 1868.0
1289450 1876.1
1289460 1876.1
1289470 1885.2
1289480 1892.9
1289490 1892.9
1289500 1899.4
1289510 1903.4
1289520 1896.7
1289530 1896.3
1289540 1895.2
1289550 1895.2
1289560 1893.9
1289570 1893.2
1289580 1893.2
1289590 1894.0
1289600 1893.4
1289610 1893.4
1289620 1891.0
1289630 1887.3
1289640 1882.6
1289650 1882.6
1289660 1878.3
1289670 1874.9
1289680 1874.9
1289690 1873.3
1289700 1873.7
1289710 1873.7
1289720 1874.2
1289730 1873.4
1289740 1873.4
1289750 1871.8
1289760 1869.2
1289770 1869.2
1289780 1867.5
1289790 1866.5
1289800 1866.5
1289810 1867.4
1289820 1868.9
1289830 1868.9
1289840 1869.8
1289850 1870.3
1289860 1870.3
1289870 1870.6
1289880 1871.8
1289890 1871.8
1289900 1873.5
1289910 1874.6
1289920 1874.6
1289930 1875.6
1289940 1876.9
1289950 1876.9
1289960 1878.5
1289970 1879.6
1289980 1880.7
1289990 1880.7
1290000 1882.4
1290010 1883.3
1290020 1883.3
1290030 1883.6
1290040 1879.4
1290050 1879.4
1290060 1872.8
1290070 1867.4
1290080 1867.4
1290090 1862.5
1290100 1858.6
1290110 1858.6
1290120 1856.4
1290130 1855.0
1290140 1855.0
1290150 1854.4
1290160 1855.0
1290170 1857.1
1290180 1858.7
1290190 1859.0
1290200 1859.0
1290210 1856.4
1290220 1853.1
1290230 1853.1
1290240 1851.1
1290250 1849.4
1290260 1849.4
1290270 1846.4
1290280 1842.7
1290290 1838.0
1290300 1838.0
1290310 1832.7
1290320 1828.4
1290330 1828.4
1290340 1822.6
1290350 1821.5
1290360 1821.5
1290370 1820.8
1290380 1819.5
1290390 1819.5
1290400 1817.6
1290410 1814.2
1290420 1814.2
1290430 1811.0
1290440 1808.5
1290450 1808.5
1290460 1807.2
1290470 1804.2
1290480 1804.2
1290490 1801.4
1290500 1799.2
1290510 1799.2
1290520 1796.2
1290530 1795.6
1290540 1795.6
1290550 1796.4
1290560 1795.8
1290570 1795.8
1290580 1793.6
1290590 1789.3
1290600 1787.0
1290610 1787.0
1290620 1787.4
1290630 1787.5
1290640 1787.5
1290650 1786.3
1290660 1787.1
1290670 1787.1
1290680 1792.1
1290690 1796.6
1290700 1796.6
1290710 1797.9
1290720 1797.5
1290730 1797.5
1290740 1797.2
1290750 1797.4
1290760 1797.4
1290770 1797.7
1290780 1797.7
1290790 1797.7
1290800 1797.8
1290810 1798.3
1290820 1798.3
1290830 1807.5
1290840 1807.4
1290850 1807.4
1290860 1807.8
1290870 1806.6
1290880 1806.6
1290890 1802.8
1290900 1801.8
1290910 1801.8
1290920 1802.8
1290930 1797.6
1290940 1788.6
1290950 1788.6
1290960 1781.4
1290970 1774.0
1290980 1774.0
1290990 1770.6
1291000 1768.8
1291010 1768.8
1291020 1767.3
1291030 1765.5
1291040 1765.5
1291050 1763.0
1291060 1760.3
1291070 1760.3
1291080 1761.4
1291090 1760.8
1291100 1760.8
1291110 1758.9
1291120 1763.8
1291130 1763.8
1291140 1766.7
1291150 1769.4
1291160 1769.4
1291170 1778.6
1291180 1782.3
1291190 1782.3
1291200 1776.0
1291210 1772.7
1291220 1772.7
1291230 1775.0
1291240 1779.0
1291250 1784.4
1291260 1784.4
1291270 1788.4
1291280 1791.1
1291290 1791.1
1291300 1794.5
1291310 1798.0
1291320 1798.0
1291330 1802.3
1291340 1805.4
1291350 1805.4
1291360 1806.7
1291370 1809.6
1291380 1809.6
1291390 1813.7
1291400 1816.8
1291410 1816.8
1291420 1819.9
1291430 1822.3
1291440 1822.3
1291450 1824.9
1291460 1826.9
1291470 1826.9
1291480 1829.8
1291490 1840.1
1291500 1840.1
1291510 1843.4
1291520 1846.6
1291530 1846.6
1291540 1849.6
1291550 1852.3
1291560 1854.3
1291570 1854.3
1291580 1857.2
1291590 1861.7
1291600 1861.7
1291610 1867.3
1291620 1870.1
1291630 1870.1
1291640 1870.0
1291650 1869.2
1291660 1869.2
1291670 1869.4
1291680 1869.5
1291690 1869.5
1291700 1869.7
1291710 1868.5
1291720 1868.5
1291730 1865.4
1291740 1864.8
1291750 1864.8
1291760 1864.2
1291770 1862.5
1291780 1862.5
1291790 1859.2
1291800 1856.7
1291810 1856.7
1291820 1854.3
1291830 1851.7
1291840 1851.7
1291850 1848.9
1291860 1846.6
1291870 1846.6
1291880 1844.1
1291890 1841.8
1291900 1839.2
1291910 1839.2
1291920 1836.7
1291930 1833.6
1291940 1833.6
1291950 1831.4
1291960 1829.5
1291970 1829.5
1291980 1828.3
1291990 1828.4
1292000 1828.4
1292010 1829.3
1292020 1831.7
1292030 1831.7
1292040 1835.3
1292050 1838.6
1292060 1838.6
1292070 1841.8
1292080 1843.9
1292090 1843.9
1292100 1845.0
1292110 1845.2
1292120 1845.2
1292130 1846.6
1292140 1847.1
1292150 1847.4
1292160 1847.1
1292170 1845.5
1292180 1845.5
1292190 1845.5
1292200 1844.9
1292210 1845.7
1292220 1845.7
1292230 1846.0
1292240 1847.3
1292250 1847.3
1292260 1848.8
1292270 1849.8
1292280 1849.8
1292290 1850.7
1292300 1851.4
1292310 1851.4
1292320 1851.4
1292330 1852.6
1292340 1852.6
1292350 1853.0
1292360 1852.7
1292370 1852.7
1292380 1852.0
1292390 1851.2
1292400 1851.2
1292410 1850.4
1292420 1851.3
1292430 1851.3
1292440 1851.6
1292450 1851.7
1292460 1851.7
1292470 1848.6
1292480 1844.8
1292490 1844.8
1292500 1842.9
1292510 1842.0
1292520 1842.0
1292530 1840.6
1292540 1839.6
1292550 1838.3
1292560 1838.3
1292570 1836.2
1292580 1835.0
1292590 1835.0
1292600 1833.7
1292610 1833.8
1292620 1833.8
1292630 1831.8
1292640 1828.9
1292650 1828.9
1292660 1826.9
1292670 1824.0
1292680 1824.0
1292690 1822.1
1292700 1820.1
1292710 1820.1
1292720 1816.2
1292730 1813.8
1292740 1813.8
1292750 1811.7
1292760 1810.2
1292770 1810.2
1292780 1809.9
1292790 1808.4
1292800 1808.4
1292810 1808.1
1292820 1805.9
1292830 1805.9
1292840 1804.8
1292850 1803.7
1292860 1802.9
1292870 1802.9
1292880 1801.8
1292890 1802.2
1292900 1802.2
1292910 1800.6
1292920 1798.2
1292930 1798.2
1292940 1793.0
1292950 1787.2
1292960 1787.2
1292970 1781.7
1292980 1776.5
1292990 1776.5
1293000 1771.6
1293010 1767.1
1293020 1767.1
1293030 1763.9
1293040 1761.6
1293050 1761.6
1293060 1758.8
1293070 1753.8
1293080 1753.8
1293090 1748.4
1293100 1743.5
1293110 1743.5
1293120 1739.3
1293130 1735.5
1293140 1735.5
1293150 1732.0
1293160 1727.5
1293170 1723.4
1293180 1723.4
1293190 1721.7
1293200 1717.3
1293210 1717.3
1293220 1711.9
1293230 1706.0
1293240 1706.0
1293250 1698.4
1293260 1692.9
1293270 1692.9
1293280 1688.6
1293290 1694.4
1293300 1694.4
1293310 1695.8
1293320 1696.3
1293330 1696.3
1293340 1695.1
1293350 1692.6
1293360 1692.6
1293370 1689.2
1293380 1683.2
1293390 1683.2
1293400 1672.9
1293410 1661.7
1293420 1661.7
1293430 1649.6
1293440 1639.3
1293450 1639.3
1293460 1630.4
1293470 1612.0
1293480 1612.0
1293490 1608.6
1293500 1592.3
1293510 1584.2
1293520 1584.2
1293530 1576.7
1293540 1569.5
1293550 1569.5
1293560 1563.0
1293570 1556.9
1293580 1556.9
1293590 1552.6
1293600 1551.6
1293610 1551.6
1293620 1547.7
1293630 1545.7
1293640 1545.7
1293650 1541.8
1293660 1542.6
1293670 1542.6
1293680 1542.5
1293690 1542.9
1293700 1542.9
1293710 1539.1
1293720 1538.1
1293730 1538.1
1293740 1537.0
1293750 1523.5
1293760 1523.5
1293770 1508.3
1293780 1498.7
1293790 1498.7
1293800 1493.0
1293810 1489.1
1293820 1482.8
1293830 1482.8
1293840 1475.4
1293850 1468.2
1293860 1468.2
1293870 1461.2
1293880 1452.3
1293890 1452.3
1293900 1445.6
1293910 1444.1
1293920 1444.1
1293930 1446.4
1293940 1448.4
1293950 1448.4
1293960 1454.8
1293970 1459.9
1293980 1459.9
1293990 1461.9
1294000 1458.3
1294010 1458.3
1294020 1456.7
1294030 1458.5
1294040 1458.5
1294050 1460.4
1294060 1456.5
1294070 1456.5
1294080 1448.9
1294090 1443.9
1294100 1443.9
1294110 1437.5
1294120 1430.6
1294130 1430.6
1294140 1431.6
1294150 1433.2
1294160 1420.2
1294170 1420.2
1294180 1417.2
1294190 1421.5
1294200 1421.5
1294210 1431.6
1294220 1431.5
1294230 1431.5
1294240 1428.8
1294250 1433.9
1294260 1433.9
1294270 1439.5
1294280 1445.9
1294290 1445.9
1294300 1443.1
1294310 1447.6
1294320 1447.6
1294330 1453.8
1294340 1455.0
1294350 1455.0
1294360 1454.3
1294370 1451.2
1294380 1451.2
1294390 1445.7
1294400 1437.9
1294410 1437.9
1294420 1433.1
1294430 1431.1
1294440 1431.1
1294450 1427.9
1294460 1421.8
1294470 1415.8
1294480 1415.8
1294490 1412.2
1294500 1408.2
1294510 1408.2
1294520 1403.7
1294530 1401.6
1294540 1401.6
1294550 1402.1
1294560 1403.7
1294570 1403.7
1294580 1402.3
1294590 1400.0
1294600 1400.0
1294610 1396.5
1294620 1392.4
1294630 1392.4
1294640 1389.3
1294650 1385.7
1294660 1385.7
1294670 1382.6
1294680 1377.6
1294690 1377.6
1294700 1369.7
1294710 1360.6
1294720 1360.6
1294730 1351.6
1294740 1345.3
1294750 1345.3
1294760 1342.6
1294770 1339.0
1294780 1334.3
1294790 1334.3
1294800 1332.1
1294810 1333.2
1294820 1333.2
1294830 1317.0
1294840 1311.2
1294850 1311.2
1294860 1303.1
1294870 1292.4
1294880 1292.4
1294890 1285.5
1294900 1280.3
1294910 1280.3
1294920 1274.4
1294930 1269.4
1294940 1269.4
1294950 1264.9
1294960 1259.3
1294970 1259.3
1294980 1252.1
1294990 1248.1
1295000 1248.1
1295010 1239.7
1295020 1229.2
1295030 1229.2
1295040 1221.1
1295050 1214.1
1295060 1214.1
1295070 1206.9
1295080 1200.7
1295090 1200.7
1295100 1194.9
1295110 1188.9
1295120 1182.7
1295130 1182.7
1295140 1176.5
1295150 1170.6
1295160 1170.6
1295170 1165.1
1295180 1160.6
1295190 1160.6
1295200 1158.1
1295210 1157.0
1295220 1157.0
1295230 1156.4
1295240 1155.3
1295250 1155.3
1295260 1154.7
1295270 1154.4
1295280 1154.4
1295290 1154.4
1295300 1154.2
1295310 1154.2
1295320 1154.0
1295330 1153.9
1295340 1153.9
1295350 1154.0
1295360 1154.2
1295370 1154.2
1295380 1154.0
1295390 1153.6
1295400 1153.6
1295410 1153.5
1295420 1153.3
1295430 1153.2
1295440 1153.2
1295450 1153.2
1295460 1153.1
1295470 1153.1
1295480 1153.4
1295490 1152.6
1295500 1152.5
1295510 1151.4
1295520 1150.6
1295530 1150.6
1295540 1150.0
1295550 1149.9
1295560 1149.9
1295570 1150.1
1295580 1149.6
1295590 1149.6
1295600 1149.5
1295610 1149.4
1295620 1149.4
1295630 1148.8
1295640 1148.2
1295650 1148.2
1295660 1147.5
1295670 1146.6
1295680 1146.6
1295690 1146.6
1295700 1147.7
1295710 1147.7
1295720 1149.5
1295730 1151.9
1295740 1154.0
1295750 1154.0
1295760 1154.7
1295770 1156.6
1295780 1156.6
1295790 1161.1
1295800 1164.9
1295810 1164.9
1295820 1169.4
1295830 1174.5
1295840 1174.5
1295850 1179.6
1295860 1184.1
1295870 1184.1
1295880 1187.4
1295890 1191.4
1295900 1191.4
1295910 1196.6
1295920 1200.1
1295930 1200.1
1295940 1200.3
1295950 1195.8
1295960 1195.8
1295970 1188.8
1295980 1186.7
1295990 1186.7
1296000 1201.6
1296010 1206.7
1296020 1206.7
1296030 1202.6
1296040 1205.6
1296050 1205.6
1296060 1208.5
1296070 1212.8
1296080 1222.3
1296090 1222.3
1296100 1240.7
1296110 1258.9
1296120 1258.9
1296130 1269.4
1296140 1276.3
1296150 1276.3
1296160 1285.5
1296170 1294.8
1296180 1292.1
1296190 1301.7
1296200 1310.5
1296210 1310.5
1296220 1317.8
1296230 1323.8
1296240 1323.8
1296250 1329.4
1296260 1334.8
1296270 1334.8
1296280 1338.8
1296290 1339.0
1296300 1339.0
1296310 1334.2
1296320 1327.8
1296330 1327.8
1296340 1320.9
1296350 1315.6
1296360 1315.6
1296370 1323.1
1296380 1331.0
1296390 1335.8
1296400 1335.8
1296410 1341.3
1296420 1346.2
1296430 1346.2
1296440 1358.4
1296450 1366.6
1296460 1366.6
1296470 1373.1
1296480 1379.0
1296490 1379.0
1296500 1379.9
1296510 1373.2
1296520 1373.2
1296530 1367.7
1296540 1366.4
1296550 1366.4
1296560 1364.8
1296570 1361.4
1296580 1361.4
1296590 1352.8
1296600 1342.3
1296610 1342.3
1296620 1330.9
1296630 1319.3
1296640 1319.3
1296650 1311.9
1296660 1306.5
1296670 1306.5
1296680 1307.7
1296690 1309.4
1296700 1309.4
1296710 1310.2
1296720 1307.0
1296730 1298.4
1296740 1298.4
1296750 1285.4
1296760 1271.3
1296770 1271.3
1296780 1263.4
1296790 1266.6
1296800 1266.6
1296810 1274.8
1296820 1277.7
1296830 1277.7
1296840 1278.9
1296850 1279.3
1296860 1288.1
1296870 1287.6
1296880 1280.3
1296890 1280.3
1296900 1272.1
1296910 1267.0
1296920 1267.0
1296930 1265.1
1296940 1262.3
1296950 1262.3
1296960 1255.2
1296970 1247.0
1296980 1247.0
1296990 1238.8
1297000 1231.7
1297010 1231.7
1297020 1223.9
1297030 1216.2
1297040 1208.4
1297050 1208.4
1297060 1201.2
1297070 1194.6
1297080 1194.6
1297090 1187.0
1297100 1179.5
1297110 1179.5
1297120 1171.5
1297130 1164.3
1297140 1164.3
1297150 1158.3
1297160 1152.6
1297170 1152.6
1297180 1146.8
1297190 1141.0
1297200 1141.0
1297210 1134.8
1297220 1128.5
1297230 1128.5
1297240 1124.0
1297250 1117.0
1297260 1117.0
1297270 1110.7
1297280 1104.2
1297290 1104.2
1297300 1097.7
1297310 1091.6
1297320 1091.6
1297330 1085.5
1297340 1079.8
1297350 1074.4
1297360 1074.4
1297370 1069.2
1297380 1064.6
1297390 1064.6
1297400 1060.1
1297410 1055.4
1297420 1055.4
1297430 1050.6
1297440 1047.8
1297450 1047.8
1297460 1047.1
1297470 1046.9
1297480 1046.9
1297490 1046.8
1297500 1046.2
1297510 1046.2
1297520 1045.7
1297530 1044.9
1297540 1044.7
1297550 1044.1
1297560 1043.4
1297570 1043.4
1297580 1042.9
1297590 1042.8
1297600 1042.8
1297610 1043.0
1297620 1042.9
1297630 1042.9
1297640 1042.0
1297650 1041.4
1297660 1041.4
1297670 1041.2
1297680 1040.8
1297690 1041.4
1297700 1041.4
1297710 1041.6
1297720 1041.2
1297730 1041.2
1297740 1040.8
1297750 1040.9
1297760 1040.9
1297770 1041.0
1297780 1040.2
1297790 1040.2
1297800 1039.1
1297810 1038.5
1297820 1038.5
1297830 1038.0
1297840 1037.7
1297850 1037.7
1297860 1037.4
1297870 1036.9
1297880 1036.9
1297890 1036.4
1297900 1036.1
1297910 1036.1
1297920 1035.9
1297930 1035.5
1297940 1035.5
1297950 1035.1
1297960 1034.8
1297970 1034.8
1297980 1034.7
1297990 1034.5
1298000 1034.3
1298010 1034.3
1298020 1034.2
1298030 1034.0
1298040 1034.0
1298050 1032.6
1298060 1031.7
1298070 1031.7
1298080 1032.9
1298090 1033.6
1298100 1033.6
1298110 1033.3
1298120 1033.1
1298130 1033.1
1298140 1033.0
1298150 1032.7
1298160 1032.7
1298170 1032.7
1298180 1032.6
1298190 1032.6
1298200 1032.4
1298210 1032.2
1298220 1032.1
1298230 1031.8
1298240 1031.5
1298250 1031.5
1298260 1031.3
1298270 1031.1
1298280 1031.1
1298290 1030.9
1298300 1030.7
1298310 1030.7
1298320 1030.5
1298330 1030.3
1298340 1030.1
1298350 1030.1
1298360 1030.0
1298370 1029.9
1298380 1029.9
1298390 1029.9
1298400 1030.1
1298410 1030.1
1298420 1031.8
1298430 1034.7
1298440 1034.7
1298450 1037.5
1298460 1040.6
1298470 1040.6
1298480 1044.2
1298490 1048.2
1298500 1048.2
1298510 1052.3
1298520 1056.3
1298530 1056.3
1298540 1060.3
1298550 1064.7
1298560 1064.7
1298570 1069.3
1298580 1073.8
1298590 1073.8
1298600 1077.8
1298610 1081.3
1298620 1081.3
1298630 1084.7
1298640 1088.2
1298650 1092.2
1298660 1092.2
1298670 1096.8
1298680 1101.4
1298690 1101.4
1298700 1105.7
1298710 1109.9
1298720 1109.9
1298730 1114.1
1298740 1117.9
1298750 1117.9
1298760 1121.8
1298770 1126.0
1298780 1126.0
1298790 1130.0
1298800 1134.3
1298810 1134.3
1298820 1138.3
1298830 1141.8
1298840 1141.8
1298850 1145.2
1298860 1148.2
1298870 1148.2
1298880 1151.5
1298890 1154.3
1298900 1154.3
1298910 1151.4
1298920 1149.4
1298930 1149.4
1298940 1145.4
1298950 1140.9
1298960 1138.9
1298970 1138.9
1298980 1136.7
1298990 1134.6
1299000 1134.6
1299010 1131.1
1299020 1129.9
1299030 1129.9
1299040 1127.9
1299050 1123.0
1299060 1123.0
1299070 1118.0
1299080 1117.2
1299090 1117.2
1299100 1119.0
1299110 1121.9
1299120 1121.9
1299130 1124.8
1299140 1129.9
1299150 1129.9
1299160 1137.4
1299170 1144.9
1299180 1144.9
1299190 1153.1
1299200 1161.6
1299210 1161.6
1299220 1169.3
1299230 1174.1
1299240 1174.1
1299250 1180.0
1299260 1187.3
1299270 1187.3
1299280 1196.0
1299290 1205.3
1299300 1214.3
1299310 1214.3
1299320 1221.5
1299330 1229.1
1299340 1229.1
1299350 1236.3
1299360 1243.3
1299370 1243.3
1299380 1248.4
1299390 1253.6
1299400 1253.6
1299410 1259.3
1299420 1266.4
1299430 1266.4
1299440 1272.7
1299450 1279.8
1299460 1279.8
1299470 1288.6
1299480 1299.4
1299490 1299.4
1299500 1309.4
1299510 1319.2
1299520 1319.2
1299530 1328.1
1299540 1336.2
1299550 1336.2
1299560 1343.1
1299570 1348.6
1299580 1348.6
1299590 1353.9
1299600 1351.7
1299610 1354.7
1299620 1354.7
1299630 1358.1
1299640 1360.2
1299650 1360.2
1299660 1361.4
1299670 1363.6
1299680 1363.6
1299690 1364.1
1299700 1361.9
1299710 1361.9
1299720 1361.3
1299730 1362.3
1299740 1362.3
1299750 1365.0
1299760 1369.3
1299770 1369.3
1299780 1373.7
1299790 1378.1
1299800 1378.1
1299810 1382.6
1299820 1387.2
1299830 1387.2
1299840 1391.8
1299850 1396.8
1299860 1396.8
1299870 1401.7
1299880 1406.6
1299890 1406.6
1299900 1411.6
1299910 1416.7
1299920 1416.7
1299930 1422.0
1299940 1427.4
1299950 1432.6
1299960 1432.6
1299970 1437.7
1299980 1442.7
1299990 1442.7
