1280000 953.0
1280010 953.0
1280020 953.0
1280030 953.1
1280040 953.1
1280050 953.2
1280060 953.2
1280070 953.2
1280080 953.1
1280090 953.2
1280100 953.2
1280110 953.4
1280120 953.6
1280130 953.6
1280140 953.9
1280150 955.1
1280160 953.9
1280170 954.4
1280180 955.8
1280190 955.8
1280200 958.2
1280210 960.5
1280220 960.5
1280230 962.5
1280240 965.6
1280250 965.6
1280260 968.3
1280270 970.4
1280280 970.4
1280290 972.9
1280300 976.0
1280310 978.5
1280320 978.5
1280330 980.6
1280340 982.1
1280350 982.1
1280360 983.8
1280370 984.2
1280380 984.2
1280390 987.8
1280400 989.8
1280410 989.8
1280420 990.2
1280430 987.9
1280440 987.9
1280450 987.9
1280460 994.0
1280470 994.0
1280480 998.2
1280490 1001.4
1280500 1001.4
1280510 1004.3
1280520 1005.2
1280530 1005.2
1280540 1004.2
1280550 1009.1
1280560 1009.1
1280570 1011.4
1280580 1011.9
1280590 1011.9
1280600 1014.8
1280610 1021.0
1280620 1025.7
1280630 1025.7
1280640 1028.0
1280650 1027.9
1280660 1027.9
1280670 1028.4
1280680 1029.5
1280690 1029.5
1280700 1029.2
1280710 1028.6
1280720 1028.6
1280730 1032.3
1280740 1037.4
1280750 1037.4
1280760 1037.7
1280770 1040.1
1280780 1040.1
1280790 1040.4
1280800 1043.3
1280810 1043.3
1280820 1044.5
1280830 1046.2
1280840 1046.2
1280850 1047.2
1280860 1048.2
1280870 1048.2
1280880 1046.4
1280890 1041.5
1280900 1041.5
1280910 1032.8
1280920 1025.0
1280930 1025.0
1280940 1016.5
1280950 1015.9
1280960 1021.3
1280970 1021.3
1280980 1027.2
1280990 1035.1
1281000 1035.1
1281010 1052.3
1281020 1067.0
1281030 1067.0
1281040 1071.1
1281050 1073.7
1281060 1073.7
1281070 1075.4
1281080 1076.8
1281090 1076.8
1281100 1078.3
1281110 1079.8
1281120 1079.8
1281130 1081.9
1281140 1083.2
1281150 1083.2
1281160 1084.8
1281170 1085.8
1281180 1085.8
1281190 1084.9
1281200 1087.8
1281210 1087.8
1281220 1089.9
1281230 1089.5
1281240 1089.5
1281250 1087.5
1281260 1088.6
1281270 1085.2
1281280 1085.2
1281290 1088.3
1281300 1096.6
1281310 1096.6
1281320 1099.3
1281330 1100.7
1281340 1100.7
1281350 1102.0
1281360 1102.5
1281370 1102.5
1281380 1103.5
1281390 1105.7
1281400 1105.7
1281410 1107.4
1281420 1102.0
1281430 1102.0
1281440 1103.5
1281450 1104.6
1281460 1104.6
1281470 1105.9
1281480 1106.9
1281490 1106.9
1281500 1108.0
1281510 1108.9
1281520 1108.9
1281530 1110.2
1281540 1110.8
1281550 1110.8
1281560 1110.1
1281570 1110.5
1281580 1110.5
1281590 1109.2
1281600 1103.8
1281610 1097.6
1281620 1097.6
1281630 1099.9
1281640 1108.4
1281650 1108.4
1281660 1115.1
1281670 1117.3
1281680 1117.3
1281690 1117.8
1281700 1116.6
1281710 1116.6
1281720 1109.7
1281730 1101.9
1281740 1101.9
1281750 1102.2
1281760 1109.5
1281770 1109.5
1281780 1114.0
1281790 1118.6
1281800 1118.6
1281810 1122.9
1281820 1125.4
1281830 1125.4
1281840 1126.7
1281850 1127.3
1281860 1127.3
1281870 1127.5
1281880 1127.8
1281890 1127.8
1281900 1127.8
1281910 1127.8
1281920 1126.1
1281930 1126.1
1281940 1125.3
1281950 1125.8
1281960 1125.8
1281970 1126.5
1281980 1125.9
1281990 1125.9
1282000 1125.9
1282010 1127.1
1282020 1127.1
1282030 1127.5
1282040 1126.6
1282050 1121.2
1282060 1121.9
1282070 1122.4
1282080 1122.4
1282090 1122.7
1282100 1122.2
1282110 1122.2
1282120 1122.5
1282130 1121.9
1282140 1121.9
1282150 1121.4
1282160 1121.0
1282170 1121.0
1282180 1121.1
1282190 1121.9
1282200 1121.9
1282210 1123.5
1282220 1124.7
1282230 1124.7
1282240 1123.4
1282250 1123.1
1282260 1122.4
1282270 1122.4
1282280 1123.7
1282290 1127.1
1282300 1127.1
1282310 1127.4
1282320 1124.8
1282330 1124.8
1282340 1120.1
1282350 1113.2
1282360 1113.2
1282370 1107.5
1282380 1100.4
1282390 1100.4
1282400 1092.3
1282410 1085.0
1282420 1085.0
1282430 1078.7
1282440 1073.5
1282450 1073.5
1282460 1068.8
1282470 1066.2
1282480 1066.2
1282490 1063.7
1282500 1064.4
1282510 1064.4
1282520 1067.9
1282530 1075.4
1282540 1075.4
1282550 1081.8
1282560 1090.2
1282570 1100.6
1282580 1100.6
1282590 1109.3
1282600 1115.0
1282610 1115.0
1282620 1120.5
1282630 1126.0
1282640 1126.0
1282650 1130.9
1282660 1136.6
1282670 1136.6
1282680 1136.4
1282690 1140.1
1282700 1140.1
1282710 1143.5
1282720 1146.3
1282730 1146.3
1282740 1149.0
1282750 1151.4
1282760 1151.4
1282770 1153.2
1282780 1155.1
1282790 1155.1
1282800 1157.0
1282810 1158.6
1282820 1158.6
1282830 1160.2
1282840 1162.1
1282850 1162.1
1282860 1163.4
1282870 1164.9
1282880 1164.9
1282890 1166.3
1282900 1167.6
1282910 1169.2
1282920 1169.2
1282930 1170.4
1282940 1171.9
1282950 1171.9
1282960 1173.7
1282970 1175.0
1282980 1175.0
1282990 1175.7
1283000 1177.9
1283010 1177.9
1283020 1179.1
1283030 1181.0
1283040 1181.0
1283050 1182.9
1283060 1184.2
1283070 1184.2
1283080 1184.4
1283090 1186.1
1283100 1186.1
1283110 1188.5
1283120 1188.3
1283130 1188.3
1283140 1187.2
1283150 1184.6
1283160 1184.6
1283170 1179.3
1283180 1173.3
1283190 1173.3
1283200 1167.8
1283210 1162.8
1283220 1158.2
1283230 1158.2
1283240 1154.8
1283250 1150.5
1283260 1150.5
1283270 1144.6
1283280 1139.0
1283290 1139.0
1283300 1136.3
1283310 1126.4
1283320 1126.4
1283330 1123.0
1283340 1119.2
1283350 1119.2
1283360 1118.4
1283370 1126.1
1283380 1126.1
1283390 1134.9
1283400 1143.8
1283410 1143.8
1283420 1152.7
1283430 1159.7
1283440 1159.7
1283450 1166.0
1283460 1172.1
1283470 1172.1
1283480 1178.6
1283490 1185.2
1283500 1185.2
1283510 1192.6
1283520 1199.8
1283530 1199.8
1283540 1206.3
1283550 1212.7
1283560 1219.1
1283570 1219.1
1283580 1225.7
1283590 1232.3
1283600 1232.3
1283610 1238.7
1283620 1243.8
1283630 1243.8
1283640 1248.4
1283650 1252.8
1283660 1252.8
1283670 1256.5
1283680 1260.6
1283690 1260.6
1283700 1264.7
1283710 1268.6
1283720 1268.6
1283730 1271.7
1283740 1274.7
1283750 1274.7
1283760 1279.0
1283770 1284.4
1283780 1284.4
1283790 1290.2
1283800 1296.2
1283810 1296.2
1283820 1302.0
1283830 1307.4
1283840 1307.4
1283850 1312.8
1283860 1318.0
1283870 1318.0
1283880 1323.2
1283890 1328.3
1283900 1333.7
1283910 1333.7
1283920 1339.5
1283930 1344.9
1283940 1344.9
1283950 1342.0
1283960 1344.7
1283970 1344.7
1283980 1347.2
1283990 1350.2
1284000 1350.2
1284010 1352.1
1284020 1356.3
1284030 1356.3
1284040 1363.5
1284050 1371.5
1284060 1371.5
1284070 1379.3
1284080 1385.6
1284090 1385.6
1284100 1390.8
1284110 1393.8
1284120 1393.8
1284130 1399.0
1284140 1404.0
1284150 1404.0
1284160 1408.9
1284170 1414.0
1284180 1414.0
1284190 1418.7
1284200 1425.4
1284210 1431.3
1284220 1431.3
1284230 1437.4
1284240 1444.9
1284250 1444.9
1284260 1453.0
1284270 1459.6
1284280 1459.6
1284290 1462.7
1284300 1462.9
1284310 1462.9
1284320 1459.3
1284330 1453.8
1284340 1453.8
1284350 1447.8
1284360 1442.0
1284370 1442.0
1284380 1436.7
1284390 1432.9
1284400 1432.9
1284410 1433.4
1284420 1439.4
1284430 1439.4
1284440 1444.4
1284450 1449.4
1284460 1449.4
1284470 1453.9
1284480 1456.8
1284490 1456.8
1284500 1459.5
1284510 1461.8
1284520 1461.8
1284530 1464.7
1284540 1467.1
1284550 1467.3
1284560 1467.3
1284570 1463.9
1284580 1457.6
1284590 1457.2
1284600 1451.7
1284610 1444.5
1284620 1444.5
1284630 1436.3
1284640 1429.8
1284650 1429.8
1284660 1420.1
1284670 1409.9
1284680 1409.9
1284690 1401.5
1284700 1392.5
1284710 1392.5
1284720 1386.8
1284730 1382.1
1284740 1382.1
1284750 1375.7
1284760 1370.0
1284770 1370.0
1284780 1363.5
1284790 1356.8
1284800 1356.8
1284810 1346.5
1284820 1329.5
1284830 1329.5
1284840 1319.3
1284850 1314.3
1284860 1307.3
1284870 1307.3
1284880 1299.4
1284890 1285.7
1284900 1285.7
1284910 1272.0
1284920 1275.3
1284930 1275.3
1284940 1282.3
1284950 1295.7
1284960 1295.7
1284970 1302.1
1284980 1307.1
1284990 1307.1
1285000 1304.9
1285010 1295.7
1285020 1295.7
1285030 1291.8
1285040 1300.3
1285050 1300.3
1285060 1309.5
1285070 1316.4
1285080 1316.4
1285090 1322.9
1285100 1329.3
1285110 1329.3
1285120 1335.3
1285130 1338.6
1285140 1338.6
1285150 1342.2
1285160 1344.7
1285170 1344.7
1285180 1345.3
1285190 1347.3
1285200 1347.5
1285210 1347.5
1285220 1346.0
1285230 1338.2
1285240 1338.2
1285250 1335.0
1285260 1330.4
1285270 1330.4
1285280 1325.3
1285290 1319.7
1285300 1319.7
1285310 1314.4
1285320 1309.0
1285330 1309.0
1285340 1306.8
1285350 1307.7
1285360 1307.7
1285370 1309.3
1285380 1311.1
1285390 1311.1
1285400 1312.8
1285410 1314.3
1285420 1314.3
1285430 1317.2
1285440 1320.6
1285450 1320.6
1285460 1325.9
1285470 1332.5
1285480 1332.5
1285490 1339.9
1285500 1347.2
1285510 1353.5
1285520 1353.5
1285530 1358.6
1285540 1362.6
1285550 1362.6
1285560 1365.4
1285570 1366.9
1285580 1366.9
1285590 1366.4
1285600 1366.2
1285610 1366.2
1285620 1366.1
1285630 1364.6
1285640 1364.6
1285650 1361.8
1285660 1364.6
1285670 1364.6
1285680 1372.6
1285690 1379.0
1285700 1379.0
1285710 1383.9
1285720 1387.9
1285730 1387.9
1285740 1391.3
1285750 1393.9
1285760 1393.9
1285770 1395.9
1285780 1397.4
1285790 1397.4
1285800 1397.9
1285810 1397.1
1285820 1397.1
1285830 1398.8
1285840 1407.7
1285850 1417.7
1285860 1417.7
1285870 1429.2
1285880 1435.9
1285890 1435.9
1285900 1441.3
1285910 1446.7
1285920 1446.7
1285930 1451.5
1285940 1455.3
1285950 1455.3
1285960 1457.6
1285970 1459.3
1285980 1459.3
1285990 1462.9
1286000 1468.0
1286010 1468.0
1286020 1471.4
1286030 1473.4
1286040 1473.4
1286050 1477.5
1286060 1484.6
1286070 1484.6
1286080 1492.0
1286090 1498.5
1286100 1498.5
1286110 1504.8
1286120 1510.7
1286130 1510.7
1286140 1517.0
1286150 1523.8
1286160 1530.6
1286170 1530.6
1286180 1537.4
1286190 1542.6
1286200 1542.6
1286210 1547.4
1286220 1551.4
1286230 1551.4
1286240 1554.7
1286250 1558.0
1286260 1558.0
1286270 1562.4
1286280 1566.0
1286290 1566.0
1286300 1569.8
1286310 1573.4
1286320 1573.4
1286330 1576.4
1286340 1579.6
1286350 1579.6
1286360 1582.3
1286370 1584.8
1286380 1584.8
1286390 1587.3
1286400 1590.4
1286410 1590.4
1286420 1593.8
1286430 1597.5
1286440 1597.5
1286450 1601.1
1286460 1604.7
1286470 1604.7
1286480 1607.4
1286490 1609.0
1286500 1609.2
1286510 1606.4
1286520 1604.7
1286530 1601.6
1286540 1601.6
1286550 1596.0
1286560 1589.8
1286570 1589.8
1286580 1584.2
1286590 1579.3
1286600 1579.3
1286610 1575.0
1286620 1570.7
1286630 1570.7
1286640 1567.0
1286650 1564.3
1286660 1564.3
1286670 1562.2
1286680 1560.3
1286690 1560.3
1286700 1558.4
1286710 1556.6
1286720 1556.6
1286730 1554.4
1286740 1551.5
1286750 1551.5
1286760 1548.7
1286770 1546.4
1286780 1546.4
1286790 1545.0
1286800 1543.2
1286810 1540.7
1286820 1540.7
1286830 1538.3
1286840 1535.7
1286850 1535.7
1286860 1535.5
1286870 1537.6
1286880 1537.6
1286890 1538.0
1286900 1538.9
1286910 1538.9
1286920 1540.3
1286930 1541.1
1286940 1541.1
1286950 1542.5
1286960 1543.8
1286970 1543.8
1286980 1544.9
1286990 1546.0
1287000 1546.0
1287010 1547.6
1287020 1551.0
1287030 1551.0
1287040 1554.2
1287050 1556.7
1287060 1556.7
1287070 1557.7
1287080 1559.9
1287090 1559.9
1287100 1562.7
1287110 1565.8
1287120 1565.8
1287130 1569.5
1287140 1573.0
1287150 1577.0
1287160 1578.8
1287170 1582.8
1287180 1588.0
1287190 1588.0
1287200 1594.0
1287210 1599.7
1287220 1599.7
1287230 1604.6
1287240 1609.3
1287250 1609.3
1287260 1614.4
1287270 1619.7
1287280 1619.7
1287290 1624.9
1287300 1630.2
1287310 1630.2
1287320 1635.1
1287330 1639.6
1287340 1639.6
1287350 1643.4
1287360 1646.0
1287370 1646.0
1287380 1648.1
1287390 1650.1
1287400 1650.1
1287410 1653.3
1287420 1657.2
1287430 1657.2
1287440 1660.6
1287450 1664.1
1287460 1667.4
1287470 1667.4
1287480 1670.3
1287490 1673.3
1287500 1673.3
1287510 1675.7
1287520 1676.8
1287530 1676.8
1287540 1675.6
1287550 1673.0
1287560 1673.0
1287570 1670.1
1287580 1665.1
1287590 1665.1
1287600 1657.9
1287610 1647.7
1287620 1647.7
1287630 1637.7
1287640 1630.5
1287650 1630.5
1287660 1625.2
1287670 1620.7
1287680 1620.7
1287690 1616.8
1287700 1613.7
1287710 1613.7
1287720 1611.0
1287730 1608.7
1287740 1608.7
1287750 1606.6
1287760 1605.6
1287770 1605.6
1287780 1605.4
1287790 1602.7
1287800 1600.0
1287810 1601.8
1287820 1602.8
1287830 1602.4
1287840 1602.4
1287850 1602.4
1287860 1603.0
1287870 1603.0
1287880 1602.3
1287890 1599.9
1287900 1599.9
1287910 1596.0
1287920 1590.5
1287930 1590.5
1287940 1584.0
1287950 1577.7
1287960 1577.7
1287970 1571.2
1287980 1566.3
1287990 1566.3
1288000 1562.7
1288010 1558.9
1288020 1558.9
1288030 1557.7
1288040 1556.0
1288050 1556.0
1288060 1553.2
1288070 1548.9
1288080 1548.9
1288090 1543.0
1288100 1537.6
1288110 1533.4
1288120 1533.4
1288130 1529.6
1288140 1526.4
1288150 1526.4
1288160 1523.0
1288170 1515.6
1288180 1515.6
1288190 1512.9
1288200 1517.6
1288210 1517.6
1288220 1521.4
1288230 1525.3
1288240 1525.3
1288250 1529.7
1288260 1535.5
1288270 1535.5
1288280 1541.0
1288290 1546.0
1288300 1546.0
1288310 1551.1
1288320 1556.8
1288330 1556.8
1288340 1561.4
1288350 1564.5
1288360 1564.5
1288370 1568.3
1288380 1572.2
1288390 1572.2
1288400 1575.1
1288410 1578.8
1288420 1578.8
1288430 1581.2
1288440 1579.4
1288450 1570.8
1288460 1575.0
1288470 1575.8
1288480 1583.4
1288490 1583.4
1288500 1584.5
1288510 1586.0
1288520 1586.0
1288530 1588.2
1288540 1590.0
1288550 1590.0
1288560 1591.6
1288570 1595.2
1288580 1595.2
1288590 1598.3
1288600 1599.6
1288610 1599.6
1288620 1601.3
1288630 1605.1
1288640 1605.1
1288650 1610.4
1288660 1616.1
1288670 1616.1
1288680 1622.1
1288690 1627.8
1288700 1627.8
1288710 1631.9
1288720 1635.8
1288730 1635.8
1288740 1642.3
1288750 1647.7
1288760 1647.7
1288770 1653.3
1288780 1659.0
1288790 1664.4
1288800 1664.4
1288810 1669.3
1288820 1674.2
1288830 1674.2
1288840 1679.0
1288850 1683.8
1288860 1683.8
1288870 1687.9
1288880 1691.5
1288890 1691.5
1288900 1692.6
1288910 1690.8
1288920 1690.8
1288930 1690.4
1288940 1689.9
1288950 1689.9
1288960 1687.6
1288970 1687.5
1288980 1687.5
1288990 1690.9
1289000 1696.1
1289010 1696.1
1289020 1697.8
1289030 1699.4
1289040 1699.4
1289050 1703.9
1289060 1707.4
1289070 1707.4
1289080 1712.3
1289090 1716.8
1289100 1722.0
1289110 1724.2
1289120 1728.4
1289130 1733.0
1289140 1733.0
1289150 1738.0
1289160 1743.7
1289170 1743.7
1289180 1750.9
1289190 1755.1
1289200 1755.1
1289210 1753.3
1289220 1741.5
1289230 1741.5
1289240 1729.6
1289250 1726.6
1289260 1726.6
1289270 1719.8
1289280 1716.0
1289290 1716.0
1289300 1709.5
1289310 1700.0
1289320 1700.0
1289330 1698.8
1289340 1696.2
1289350 1696.2
1289360 1704.2
1289370 1718.0
1289380 1718.0
1289390 1717.2
1289400 1713.2
1289410 1713.2
1289420 1707.7
1289430 1699.3
1289440 1690.4
1289450 1690.4
1289460 1682.3
1289470 1672.6
1289480 1672.6
1289490 1658.3
1289500 1642.1
1289510 1642.1
1289520 1632.9
1289530 1631.0
1289540 1631.0
1289550 1628.8
1289560 1626.2
1289570 1626.2
1289580 1625.1
1289590 1621.0
1289600 1621.0
1289610 1615.7
1289620 1607.1
1289630 1607.1
1289640 1595.9
1289650 1581.8
1289660 1581.8
1289670 1574.5
1289680 1567.8
1289690 1567.8
1289700 1558.8
1289710 1547.7
1289720 1547.7
1289730 1537.2
1289740 1531.8
1289750 1529.9
1289760 1529.9
1289770 1504.6
1289780 1500.9
1289790 1500.9
1289800 1503.5
1289810 1508.3
1289820 1508.3
1289830 1504.9
1289840 1507.5
1289850 1507.5
1289860 1510.6
1289870 1505.8
1289880 1505.8
1289890 1503.6
1289900 1495.7
1289910 1495.7
1289920 1480.2
1289930 1464.2
1289940 1464.2
1289950 1448.2
1289960 1429.7
1289970 1429.7
1289980 1437.2
1289990 1435.7
1290000 1435.7
1290010 1432.2
1290020 1424.4
1290030 1424.4
1290040 1405.9
1290050 1389.3
1290060 1389.3
1290070 1373.4
1290080 1363.2
1290090 1352.3
1290100 1352.3
1290110 1347.8
1290120 1345.6
1290130 1345.6
1290140 1349.3
1290150 1347.4
1290160 1347.4
1290170 1337.9
1290180 1329.4
1290190 1329.4
1290200 1324.4
1290210 1319.6
1290220 1319.6
1290230 1316.8
1290240 1312.6
1290250 1312.6
1290260 1311.5
1290270 1306.6
1290280 1306.6
1290290 1300.9
1290300 1295.9
1290310 1295.9
1290320 1287.5
1290330 1279.7
1290340 1279.7
1290350 1272.6
1290360 1266.3
1290370 1266.3
1290380 1255.9
1290390 1247.2
1290400 1244.3
1290410 1244.3
1290420 1235.5
1290430 1233.3
1290440 1233.3
1290450 1231.3
1290460 1229.8
1290470 1229.8
1290480 1228.5
1290490 1227.5
1290500 1227.5
1290510 1225.4
1290520 1223.1
1290530 1223.1
1290540 1221.8
1290550 1220.9
1290560 1220.9
1290570 1220.8
1290580 1220.7
1290590 1220.7
1290600 1220.3
1290610 1219.5
1290620 1219.5
1290630 1218.6
1290640 1217.8
1290650 1217.8
1290660 1214.6
1290670 1214.5
1290680 1214.5
1290690 1217.7
1290700 1219.7
1290710 1219.7
1290720 1220.2
1290730 1217.0
1290740 1215.1
1290750 1215.1
1290760 1223.3
1290770 1231.2
1290780 1231.2
1290790 1231.0
1290800 1234.1
1290810 1234.1
1290820 1242.8
1290830 1252.5
1290840 1252.5
1290850 1258.4
1290860 1260.0
1290870 1260.0
1290880 1263.5
1290890 1268.1
1290900 1268.1
1290910 1270.8
1290920 1274.1
1290930 1274.1
1290940 1287.1
1290950 1297.1
1290960 1297.1
1290970 1302.9
1290980 1308.7
1290990 1308.7
1291000 1311.3
1291010 1315.2
1291020 1315.2
1291030 1322.5
1291040 1329.9
1291050 1335.4
1291060 1335.4
1291070 1344.0
1291080 1343.6
1291090 1343.6
1291100 1352.4
1291110 1356.9
1291120 1356.9
1291130 1362.6
1291140 1366.7
1291150 1366.7
1291160 1371.0
1291170 1375.6
1291180 1375.6
1291190 1378.9
1291200 1381.8
1291210 1381.8
1291220 1383.9
1291230 1385.4
1291240 1385.4
1291250 1386.4
1291260 1388.5
1291270 1388.5
1291280 1391.9
1291290 1392.9
1291300 1392.9
1291310 1392.0
1291320 1387.3
1291330 1387.3
1291340 1382.4
1291350 1381.5
1291360 1381.5
1291370 1380.2
1291380 1386.7
1291390 1387.9
1291400 1387.9
1291410 1388.5
1291420 1396.0
1291430 1396.0
1291440 1406.6
1291450 1409.7
1291460 1409.7
1291470 1404.0
1291480 1398.7
1291490 1398.7
1291500 1404.2
1291510 1413.3
1291520 1413.3
1291530 1415.1
1291540 1424.9
1291550 1424.9
1291560 1426.8
1291570 1423.9
1291580 1423.9
1291590 1422.2
1291600 1427.4
1291610 1427.4
1291620 1439.0
1291630 1443.4
1291640 1443.4
1291650 1454.6
1291660 1462.3
1291670 1462.3
1291680 1470.5
1291690 1478.0
1291700 1492.3
1291710 1492.3
1291720 1505.6
1291730 1516.6
1291740 1513.7
1291750 1526.9
1291760 1537.1
1291770 1537.1
1291780 1542.2
1291790 1543.7
1291800 1543.7
1291810 1549.7
1291820 1556.8
1291830 1556.8
1291840 1550.1
1291850 1544.9
1291860 1544.9
1291870 1540.9
1291880 1536.8
1291890 1536.8
1291900 1539.1
1291910 1540.0
1291920 1540.0
1291930 1548.1
1291940 1558.4
1291950 1558.4
1291960 1564.9
1291970 1575.8
1291980 1575.8
1291990 1610.2
1292000 1636.3
1292010 1636.3
1292020 1644.2
1292030 1648.3
1292040 1650.7
1292050 1650.7
1292060 1649.6
1292070 1648.2
1292080 1648.2
1292090 1644.7
1292100 1645.4
1292110 1645.4
1292120 1647.1
1292130 1651.1
1292140 1651.1
1292150 1660.3
1292160 1670.1
1292170 1670.1
1292180 1683.3
1292190 1701.2
1292200 1701.2
1292210 1714.0
1292220 1721.8
1292230 1721.8
1292240 1727.9
1292250 1739.1
1292260 1739.1
1292270 1747.9
1292280 1753.6
1292290 1753.6
1292300 1760.2
1292310 1765.0
1292320 1765.0
1292330 1772.2
1292340 1780.6
1292350 1791.6
1292360 1791.6
1292370 1803.4
1292380 1809.2
1292390 1809.2
1292400 1817.5
1292410 1826.3
1292420 1826.3
1292430 1836.3
1292440 1847.0
1292450 1847.0
1292460 1857.0
1292470 1866.2
1292480 1866.2
1292490 1876.1
1292500 1886.7
1292510 1886.7
1292520 1895.9
1292530 1902.7
1292540 1902.7
1292550 1909.7
1292560 1916.0
1292570 1916.0
1292580 1923.9
1292590 1931.9
1292600 1931.9
1292610 1940.8
1292620 1949.9
1292630 1949.9
1292640 1960.0
1292650 1965.3
1292660 1965.3
1292670 1957.4
1292680 1947.8
1292690 1939.0
1292700 1939.0
1292710 1931.3
1292720 1924.0
1292730 1924.0
1292740 1914.8
1292750 1904.2
1292760 1904.2
1292770 1897.0
1292780 1889.3
1292790 1889.3
1292800 1883.0
1292810 1875.0
1292820 1875.0
1292830 1863.8
1292840 1852.0
1292850 1852.0
1292860 1840.4
1292870 1832.6
1292880 1832.6
1292890 1825.4
1292900 1816.8
1292910 1816.8
1292920 1809.4
1292930 1805.2
1292940 1805.2
1292950 1801.3
1292960 1797.2
1292970 1797.2
1292980 1793.9
1292990 1796.1
1293000 1802.4
1293010 1802.4
1293020 1810.0
1293030 1823.1
1293040 1823.1
1293050 1831.0
1293060 1839.4
1293070 1833.5
1293080 1832.0
1293090 1830.8
1293100 1830.8
1293110 1831.6
1293120 1831.0
1293130 1831.0
1293140 1827.2
1293150 1820.9
1293160 1820.9
1293170 1813.2
1293180 1804.7
1293190 1804.7
1293200 1794.2
1293210 1777.5
1293220 1777.5
1293230 1759.4
1293240 1747.3
1293250 1747.3
1293260 1746.5
1293270 1742.4
1293280 1742.4
1293290 1738.8
1293300 1727.0
1293310 1727.0
1293320 1714.3
1293330 1705.3
1293340 1703.0
1293350 1703.0
1293360 1707.8
1293370 1711.5
1293380 1711.5
1293390 1706.1
1293400 1697.9
1293410 1697.9
1293420 1689.6
1293430 1684.0
1293440 1684.0
1293450 1674.9
1293460 1681.2
1293470 1681.2
1293480 1691.2
1293490 1694.1
1293500 1694.1
1293510 1688.5
1293520 1685.4
1293530 1685.4
1293540 1681.6
1293550 1680.5
1293560 1680.5
1293570 1680.3
1293580 1685.8
1293590 1685.8
1293600 1691.9
1293610 1697.7
1293620 1697.7
1293630 1703.8
1293640 1707.3
1293650 1707.8
1293660 1707.8
1293670 1706.8
1293680 1705.0
1293690 1705.0
1293700 1704.3
1293710 1707.5
1293720 1707.5
1293730 1710.4
1293740 1708.8
1293750 1708.8
1293760 1711.0
1293770 1712.0
1293780 1712.0
1293790 1713.1
1293800 1713.8
1293810 1713.8
1293820 1713.5
1293830 1712.4
1293840 1712.4
1293850 1710.0
1293860 1706.2
1293870 1706.2
1293880 1701.7
1293890 1696.0
1293900 1696.0
1293910 1682.6
1293920 1672.9
1293930 1672.9
1293940 1666.8
1293950 1664.9
1293960 1664.9
1293970 1658.1
1293980 1651.9
1293990 1646.7
1294000 1646.7
1294010 1644.2
1294020 1643.2
1294030 1643.2
1294040 1637.3
1294050 1629.1
1294060 1629.1
1294070 1630.9
1294080 1638.4
1294090 1638.4
1294100 1637.7
1294110 1633.7
1294120 1633.7
1294130 1627.4
1294140 1623.5
1294150 1623.5
1294160 1627.3
1294170 1632.0
1294180 1632.0
1294190 1635.3
1294200 1633.0
1294210 1633.0
1294220 1629.2
1294230 1625.7
1294240 1625.7
1294250 1622.6
1294260 1616.0
1294270 1616.0
1294280 1607.9
1294290 1598.7
1294300 1588.8
1294310 1588.8
1294320 1586.0
1294330 1582.2
1294340 1582.2
1294350 1576.7
1294360 1568.3
1294370 1568.3
1294380 1558.2
1294390 1553.2
1294400 1553.2
1294410 1540.0
1294420 1532.8
1294430 1532.8
1294440 1532.4
1294450 1540.0
1294460 1540.0
1294470 1549.0
1294480 1557.6
1294490 1557.6
1294500 1563.4
1294510 1569.4
1294520 1569.4
1294530 1576.4
1294540 1582.4
1294550 1582.4
1294560 1587.1
1294570 1592.5
1294580 1592.5
1294590 1596.9
1294600 1600.3
1294610 1600.3
1294620 1603.3
1294630 1603.7
1294640 1604.0
1294650 1604.0
1294660 1605.1
1294670 1606.4
1294680 1606.4
1294690 1606.0
1294700 1604.2
1294710 1604.2
1294720 1602.6
1294730 1600.8
1294740 1600.8
1294750 1598.3
1294760 1597.2
1294770 1597.2
1294780 1598.2
1294790 1600.7
1294800 1600.7
1294810 1603.4
1294820 1605.7
1294830 1605.7
1294840 1607.6
1294850 1609.1
1294860 1609.1
1294870 1610.0
1294880 1612.3
1294890 1612.3
1294900 1614.5
1294910 1616.4
1294920 1616.4
1294930 1617.9
1294940 1618.6
1294950 1618.6
1294960 1618.5
1294970 1617.7
1294980 1617.3
1294990 1617.3
1295000 1617.9
1295010 1616.4
1295020 1616.4
1295030 1615.6
1295040 1613.8
1295050 1613.8
1295060 1611.3
1295070 1608.2
1295080 1603.0
1295090 1600.7
1295100 1603.3
1295110 1603.3
1295120 1605.0
1295130 1607.7
1295140 1607.7
1295150 1611.1
1295160 1614.6
1295170 1614.6
1295180 1618.0
1295190 1621.1
1295200 1621.1
1295210 1623.8
1295220 1626.2
1295230 1626.2
1295240 1628.2
1295250 1630.3
1295260 1630.3
1295270 1632.9
1295280 1635.4
1295290 1636.9
1295300 1636.9
1295310 1636.8
1295320 1635.7
1295330 1635.7
1295340 1633.6
1295350 1630.5
1295360 1630.5
1295370 1626.3
1295380 1621.6
1295390 1621.6
1295400 1615.7
1295410 1609.4
1295420 1609.4
1295430 1603.8
1295440 1597.6
1295450 1597.6
1295460 1591.4
1295470 1585.2
1295480 1585.2
1295490 1578.9
1295500 1571.4
1295510 1571.4
1295520 1565.3
1295530 1559.5
1295540 1559.5
1295550 1554.4
1295560 1549.7
1295570 1549.7
1295580 1544.6
1295590 1539.0
1295600 1539.0
1295610 1534.9
1295620 1532.9
1295630 1530.7
1295640 1530.7
1295650 1527.8
1295660 1523.1
1295670 1523.1
1295680 1516.9
1295690 1511.4
1295700 1511.4
1295710 1507.3
1295720 1503.1
1295730 1503.1
1295740 1498.1
1295750 1491.5
1295760 1486.8
1295770 1480.1
1295780 1470.6
1295790 1470.6
1295800 1462.2
1295810 1459.8
1295820 1459.8
1295830 1456.8
1295840 1454.7
1295850 1454.7
1295860 1453.0
1295870 1450.6
1295880 1450.6
1295890 1447.1
1295900 1441.9
1295910 1441.9
1295920 1439.7
1295930 1438.1
1295940 1433.8
1295950 1433.8
1295960 1428.4
1295970 1419.2
1295980 1419.2
1295990 1411.0
1296000 1405.1
1296010 1405.1
1296020 1400.2
1296030 1395.2
1296040 1395.2
1296050 1390.9
1296060 1386.4
1296070 1386.4
1296080 1382.0
1296090 1378.9
1296100 1378.9
1296110 1376.3
1296120 1374.0
1296130 1374.0
1296140 1371.0
1296150 1368.0
1296160 1368.0
1296170 1364.9
1296180 1361.3
1296190 1361.3
1296200 1357.6
1296210 1354.1
1296220 1354.1
1296230 1352.1
1296240 1350.7
1296250 1350.7
1296260 1351.5
1296270 1352.9
1296280 1354.1
1296290 1354.1
1296300 1355.2
1296310 1355.6
1296320 1355.6
1296330 1356.3
1296340 1357.7
1296350 1357.7
1296360 1359.0
1296370 1360.3
1296380 1360.3
1296390 1361.4
1296400 1362.2
1296410 1362.2
1296420 1363.0
1296430 1363.6
1296440 1355.2
1296450 1356.0
1296460 1357.2
1296470 1357.2
1296480 1358.6
1296490 1359.3
1296500 1359.3
1296510 1359.4
1296520 1358.9
1296530 1358.9
1296540 1357.4
1296550 1355.2
1296560 1355.2
1296570 1352.2
1296580 1348.9
1296590 1344.7
1296600 1344.7
1296610 1339.6
1296620 1334.6
1296630 1334.6
1296640 1331.8
1296650 1331.5
1296660 1331.5
1296670 1331.7
1296680 1332.6
1296690 1332.6
1296700 1333.0
1296710 1332.2
1296720 1332.2
1296730 1329.0
1296740 1322.1
1296750 1322.1
1296760 1312.2
1296770 1301.0
1296780 1301.0
1296790 1289.6
1296800 1277.6
1296810 1277.6
1296820 1265.8
1296830 1256.2
1296840 1256.2
1296850 1248.0
1296860 1238.7
1296870 1238.7
1296880 1229.5
1296890 1228.7
1296900 1228.7
1296910 1233.1
1296920 1229.6
1296930 1220.6
1296940 1220.6
1296950 1215.3
1296960 1215.3
1296970 1215.3
1296980 1215.2
1296990 1215.0
1297000 1215.0
1297010 1224.1
1297020 1233.2
1297030 1233.2
1297040 1241.9
1297050 1249.0
1297060 1249.0
1297070 1255.9
1297080 1263.0
1297090 1263.0
1297100 1270.4
1297110 1277.9
1297120 1276.0
1297130 1283.4
1297140 1290.7
1297150 1290.7
1297160 1297.7
1297170 1303.8
1297180 1303.8
1297190 1308.7
1297200 1311.5
1297210 1311.5
1297220 1311.2
1297230 1307.2
1297240 1308.2
1297250 1308.2
1297260 1311.0
1297270 1316.6
1297280 1316.6
1297290 1326.8
1297300 1338.1
1297310 1338.1
1297320 1348.9
1297330 1357.1
1297340 1357.1
1297350 1363.9
1297360 1371.7
1297370 1371.7
1297380 1378.1
1297390 1384.2
1297400 1384.2
1297410 1390.5
1297420 1397.2
1297430 1397.2
1297440 1403.9
1297450 1410.2
1297460 1410.2
1297470 1415.7
1297480 1421.5
1297490 1421.5
1297500 1426.1
1297510 1431.4
1297520 1431.4
1297530 1439.2
1297540 1447.4
1297550 1447.4
1297560 1454.0
1297570 1458.3
1297580 1460.7
1297590 1460.7
1297600 1462.1
1297610 1461.8
1297620 1461.8
1297630 1458.8
1297640 1458.7
1297650 1458.7
1297660 1461.8
1297670 1465.5
1297680 1465.5
1297690 1470.7
1297700 1474.9
1297710 1474.9
1297720 1479.8
1297730 1485.0
1297740 1485.0
1297750 1489.6
1297760 1494.9
1297770 1494.9
1297780 1500.2
1297790 1502.9
1297800 1496.5
1297810 1496.6
1297820 1495.5
1297830 1495.5
1297840 1492.6
1297850 1488.9
1297860 1488.9
1297870 1486.2
1297880 1483.3
1297890 1479.9
1297900 1479.9
1297910 1476.3
1297920 1472.5
1297930 1472.5
1297940 1468.2
1297950 1466.9
1297960 1466.9
1297970 1466.1
1297980 1463.7
1297990 1463.7
1298000 1461.6
1298010 1457.7
1298020 1457.7
1298030 1454.0
1298040 1454.8
1298050 1454.8
1298060 1452.0
1298070 1449.3
1298080 1449.3
1298090 1449.3
1298100 1449.8
1298110 1449.8
1298120 1452.0
1298130 1456.9
1298140 1456.9
1298150 1461.6
1298160 1467.5
1298170 1467.5
1298180 1474.0
1298190 1479.9
1298200 1479.9
1298210 1483.5
1298220 1483.6
1298230 1484.6
1298240 1484.6
1298250 1484.9
1298260 1481.2
1298270 1481.2
1298280 1477.2
1298290 1473.9
1298300 1473.9
1298310 1469.1
1298320 1463.8
1298330 1463.8
1298340 1458.3
1298350 1453.2
1298360 1453.2
1298370 1452.4
1298380 1452.3
1298390 1452.3
1298400 1451.6
1298410 1448.9
1298420 1448.9
1298430 1446.4
1298440 1448.9
1298450 1448.9
1298460 1449.6
1298470 1444.9
1298480 1438.2
1298490 1439.8
1298500 1447.3
1298510 1447.3
1298520 1451.8
1298530 1454.7
1298540 1458.1
1298550 1458.1
1298560 1462.0
1298570 1465.6
1298580 1465.6
1298590 1469.6
1298600 1474.1
1298610 1474.1
1298620 1477.7
1298630 1481.7
1298640 1481.7
1298650 1483.1
1298660 1481.2
1298670 1481.2
1298680 1481.9
1298690 1488.9
1298700 1488.9
1298710 1497.1
1298720 1505.1
1298730 1505.1
1298740 1512.1
1298750 1517.5
1298760 1517.5
1298770 1522.7
1298780 1527.9
1298790 1527.9
1298800 1533.5
1298810 1539.9
1298820 1539.9
1298830 1546.3
1298840 1552.9
1298850 1552.9
1298860 1559.9
1298870 1566.4
1298880 1571.7
1298890 1571.7
1298900 1577.7
1298910 1584.2
1298920 1584.2
1298930 1590.4
1298940 1596.6
1298950 1596.6
1298960 1602.4
1298970 1608.3
1298980 1608.3
1298990 1614.1
1299000 1619.9
1299010 1619.9
1299020 1625.7
1299030 1630.4
1299040 1630.4
1299050 1635.0
1299060 1640.0
1299070 1640.0
1299080 1645.6
1299090 1650.9
1299100 1650.9
1299110 1656.3
1299120 1661.9
1299130 1661.9
1299140 1668.0
1299150 1674.3
1299160 1674.3
1299170 1676.6
1299180 1681.7
1299190 1685.4
1299200 1685.4
1299210 1688.8
1299220 1692.2
1299230 1692.2
1299240 1696.3
1299250 1701.0
1299260 1701.0
1299270 1706.3
1299280 1711.5
1299290 1711.5
1299300 1717.0
1299310 1722.3
1299320 1722.3
1299330 1727.5
1299340 1733.1
1299350 1733.1
1299360 1739.0
1299370 1743.8
1299380 1743.8
1299390 1749.9
1299400 1754.7
1299410 1754.7
1299420 1756.7
1299430 1756.9
1299440 1756.9
1299450 1762.7
1299460 1769.5
1299470 1769.5
1299480 1777.1
1299490 1786.1
1299500 1786.1
1299510 1789.6
1299520 1789.7
1299530 1791.6
1299540 1791.6
1299550 1798.8
1299560 1807.1
1299570 1807.1
1299580 1815.4
1299590 1823.4
1299600 1823.4
1299610 1833.7
1299620 1844.6
1299630 1844.6
1299640 1853.2
1299650 1860.6
1299660 1860.6
1299670 1867.8
1299680 1875.6
1299690 1875.6
1299700 1883.5
1299710 1891.1
1299720 1891.1
1299730 1898.2
1299740 1902.6
1299750 1902.6
1299760 1900.1
1299770 1895.4
1299780 1895.4
1299790 1890.2
1299800 1885.3
1299810 1885.3
1299820 1881.0
1299830 1878.0
1299840 1875.5
1299850 1875.5
1299860 1866.0
1299870 1863.4
1299880 1863.4
1299890 1862.7
1299900 1862.1
1299910 1862.1
1299920 1859.6
1299930 1859.0
1299940 1859.0
1299950 1862.3
1299960 1867.9
1299970 1867.9
1299980 1868.4
1299990 1874.7
