1280000 1113.2
1280010 1102.9
1280020 1102.9
1280030 1107.1
1280040 1115.8
1280050 1115.8
1280060 1137.9
1280070 1170.0
1280080 1170.0
1280090 1192.7
1280100 1198.7
1280110 1198.7
1280120 1203.7
1280130 1208.8
1280140 1208.8
1280150 1215.0
1280160 1223.6
1280170 1230.9
1280180 1230.9
1280190 1236.3
1280200 1241.5
1280210 1236.1
1280220 1240.9
1280230 1244.7
1280240 1244.7
1280250 1247.3
1280260 1248.9
1280270 1248.9
1280280 1251.0
1280290 1254.6
1280300 1254.6
1280310 1258.3
1280320 1261.1
1280330 1261.1
1280340 1264.0
1280350 1267.6
1280360 1267.6
1280370 1270.7
1280380 1273.9
1280390 1273.9
1280400 1277.8
1280410 1282.2
1280420 1282.2
1280430 1286.2
1280440 1289.5
1280450 1289.5
1280460 1292.1
1280470 1294.3
1280480 1295.9
1280490 1295.9
1280500 1298.0
1280510 1300.7
1280520 1300.7
1280530 1303.6
1280540 1305.9
1280550 1305.9
1280560 1307.8
1280570 1309.6
1280580 1309.6
1280590 1310.8
1280600 1311.2
1280610 1311.2
1280620 1309.8
1280630 1305.0
1280640 1305.0
1280650 1299.6
1280660 1294.0
1280670 1294.0
1280680 1293.7
1280690 1303.3
1280700 1303.3
1280710 1309.3
1280720 1315.1
1280730 1315.1
1280740 1321.0
1280750 1326.5
1280760 1326.5
1280770 1331.2
1280780 1334.6
1280790 1334.6
1280800 1337.4
1280810 1340.2
1280820 1343.3
1280830 1343.3
1280840 1342.3
1280850 1345.7
1280860 1345.7
1280870 1347.5
1280880 1349.2
1280890 1349.2
1280900 1350.6
1280910 1351.5
1280920 1351.5
1280930 1353.6
1280940 1356.9
1280950 1356.9
1280960 1360.4
1280970 1364.3
1280980 1364.3
1280990 1365.1
1281000 1365.3
1281010 1365.3
1281020 1362.4
1281030 1357.6
1281040 1357.6
1281050 1352.1
1281060 1345.7
1281070 1345.7
1281080 1339.6
1281090 1334.4
1281100 1334.4
1281110 1331.3
1281120 1326.6
1281130 1326.6
1281140 1320.3
1281150 1314.1
1281160 1309.6
1281170 1309.6
1281180 1305.5
1281190 1299.1
1281200 1299.1
1281210 1290.4
1281220 1288.1
1281230 1288.1
1281240 1288.0
1281250 1288.6
1281260 1288.6
1281270 1290.1
1281280 1293.4
1281290 1293.4
1281300 1293.2
1281310 1295.3
1281320 1295.3
1281330 1303.0
1281340 1311.8
1281350 1311.8
1281360 1320.3
1281370 1326.2
1281380 1326.2
1281390 1331.5
1281400 1339.3
1281410 1339.3
1281420 1347.8
1281430 1359.5
1281440 1359.5
1281450 1376.9
1281460 1385.2
1281470 1400.8
1281480 1400.8
1281490 1409.4
1281500 1417.7
1281510 1417.7
1281520 1426.4
1281530 1433.2
1281540 1433.2
1281550 1439.3
1281560 1444.8
1281570 1444.8
1281580 1449.9
1281590 1453.7
1281600 1453.7
1281610 1457.7
1281620 1462.3
1281630 1462.3
1281640 1466.6
1281650 1470.8
1281660 1470.8
1281670 1474.4
1281680 1477.7
1281690 1477.7
1281700 1480.5
1281710 1482.4
1281720 1482.4
1281730 1484.3
1281740 1486.3
1281750 1486.3
1281760 1488.0
1281770 1488.4
1281780 1488.4
1281790 1488.6
1281800 1487.8
1281810 1485.8
1281820 1485.8
1281830 1480.9
1281840 1477.6
1281850 1477.6
1281860 1478.2
1281870 1478.1
1281880 1478.1
1281890 1477.2
1281900 1475.3
1281910 1475.3
1281920 1470.1
1281930 1467.8
1281940 1467.8
1281950 1469.4
1281960 1468.2
1281970 1468.2
1281980 1466.8
1281990 1465.7
1282000 1465.7
1282010 1464.6
1282020 1462.9
1282030 1462.9
1282040 1460.9
1282050 1458.4
1282060 1458.4
1282070 1455.8
1282080 1453.3
1282090 1453.3
1282100 1444.7
1282110 1440.7
1282120 1440.7
1282130 1436.9
1282140 1432.8
1282150 1428.3
1282160 1428.3
1282170 1423.1
1282180 1416.9
1282190 1416.9
1282200 1412.3
1282210 1408.9
1282220 1408.9
1282230 1405.6
1282240 1402.4
1282250 1402.4
1282260 1400.0
1282270 1397.4
1282280 1397.4
1282290 1394.6
1282300 1391.7
1282310 1391.7
1282320 1387.7
1282330 1381.8
1282340 1381.8
1282350 1375.7
1282360 1369.7
1282370 1369.7
1282380 1369.0
1282390 1371.1
1282400 1371.1
1282410 1376.8
1282420 1383.1
1282430 1383.1
1282440 1387.7
1282450 1391.7
1282460 1395.7
1282470 1395.7
1282480 1399.1
1282490 1401.2
1282500 1401.2
1282510 1402.8
1282520 1403.6
1282530 1403.6
1282540 1402.8
1282550 1401.1
1282560 1401.1
1282570 1398.9
1282580 1396.2
1282590 1396.2
1282600 1389.9
1282610 1380.6
1282620 1380.6
1282630 1372.3
1282640 1364.1
1282650 1364.1
1282660 1357.9
1282670 1353.9
1282680 1353.9
1282690 1351.5
1282700 1351.1
1282710 1351.1
1282720 1351.0
1282730 1337.2
1282740 1337.2
1282750 1333.7
1282760 1330.3
1282770 1330.3
1282780 1325.9
1282790 1320.3
1282800 1315.1
1282810 1315.1
1282820 1311.3
1282830 1307.4
1282840 1307.4
1282850 1304.5
1282860 1304.2
1282870 1304.2
1282880 1297.7
1282890 1298.4
1282900 1298.4
1282910 1308.6
1282920 1325.0
1282930 1325.0
1282940 1345.5
1282950 1360.7
1282960 1360.7
1282970 1368.8
1282980 1377.0
1282990 1377.0
1283000 1385.3
1283010 1392.7
1283020 1392.7
1283030 1399.5
1283040 1404.7
1283050 1404.7
1283060 1406.2
1283070 1407.4
1283080 1407.4
1283090 1409.4
1283100 1411.7
1283110 1415.9
1283120 1415.9
1283130 1421.3
1283140 1424.8
1283150 1424.8
1283160 1426.2
1283170 1428.2
1283180 1428.2
1283190 1431.8
1283200 1438.2
1283210 1438.2
1283220 1446.6
1283230 1456.0
1283240 1456.0
1283250 1465.2
1283260 1474.0
1283270 1474.0
1283280 1483.1
1283290 1491.6
1283300 1491.6
1283310 1499.2
1283320 1507.1
1283330 1507.1
1283340 1513.4
1283350 1517.6
1283360 1512.7
1283370 1515.9
1283380 1519.9
1283390 1519.9
1283400 1523.6
1283410 1526.5
1283420 1526.5
1283430 1529.3
1283440 1532.3
1283450 1535.1
1283460 1535.1
1283470 1537.8
1283480 1540.4
1283490 1540.4
1283500 1542.1
1283510 1542.9
1283520 1542.9
1283530 1543.1
1283540 1542.8
1283550 1542.8
1283560 1541.3
1283570 1537.9
1283580 1537.9
1283590 1532.3
1283600 1526.8
1283610 1526.8
1283620 1519.5
1283630 1506.7
1283640 1506.7
1283650 1496.0
1283660 1488.2
1283670 1488.2
1283680 1479.3
1283690 1471.5
1283700 1471.5
1283710 1475.6
1283720 1482.4
1283730 1482.4
1283740 1481.9
1283750 1479.6
1283760 1479.6
1283770 1475.6
1283780 1473.5
1283790 1469.5
1283800 1469.5
1283810 1465.7
1283820 1463.8
1283830 1463.8
1283840 1461.8
1283850 1457.4
1283860 1457.4
1283870 1450.1
1283880 1442.1
1283890 1442.1
1283900 1431.4
1283910 1428.6
1283920 1428.6
1283930 1434.2
1283940 1437.8
1283950 1437.8
1283960 1439.6
1283970 1438.9
1283980 1438.9
1283990 1440.3
1284000 1432.8
1284010 1432.8
1284020 1430.9
1284030 1422.1
1284040 1422.1
1284050 1419.9
1284060 1427.9
1284070 1427.9
1284080 1439.2
1284090 1448.7
1284100 1454.5
1284110 1454.5
1284120 1460.4
1284130 1466.9
1284140 1466.9
1284150 1478.4
1284160 1487.0
1284170 1487.0
1284180 1491.8
1284190 1497.4
1284200 1497.4
1284210 1504.9
1284220 1511.0
1284230 1511.0
1284240 1518.2
1284250 1527.3
1284260 1527.3
1284270 1535.5
1284280 1542.4
1284290 1542.4
1284300 1546.6
1284310 1549.1
1284320 1549.1
1284330 1550.8
1284340 1552.3
1284350 1552.3
1284360 1553.9
1284370 1554.8
1284380 1554.8
1284390 1555.9
1284400 1561.1
1284410 1561.1
1284420 1568.9
1284430 1577.3
1284440 1586.6
1284450 1586.6
1284460 1593.2
1284470 1598.2
1284480 1598.2
1284490 1603.4
1284500 1608.9
1284510 1608.9
1284520 1614.3
1284530 1619.8
1284540 1619.8
1284550 1625.6
1284560 1631.3
1284570 1631.3
1284580 1636.6
1284590 1642.3
1284600 1642.3
1284610 1646.1
1284620 1647.8
1284630 1647.8
1284640 1641.1
1284650 1636.3
1284660 1636.3
1284670 1630.6
1284680 1624.5
1284690 1624.5
1284700 1617.0
1284710 1608.8
1284720 1608.8
1284730 1603.2
1284740 1600.7
1284750 1600.7
1284760 1598.0
1284770 1593.6
1284780 1590.1
1284790 1590.1
1284800 1585.4
1284810 1586.4
1284820 1586.4
1284830 1586.7
1284840 1583.6
1284850 1583.6
1284860 1578.7
1284870 1576.5
1284880 1576.5
1284890 1578.9
1284900 1581.4
1284910 1581.4
1284920 1578.2
1284930 1575.3
1284940 1575.3
1284950 1573.3
1284960 1574.5
1284970 1574.5
1284980 1572.4
1284990 1567.7
1285000 1567.7
1285010 1562.4
1285020 1557.0
1285030 1557.0
1285040 1555.0
1285050 1554.5
1285060 1554.5
1285070 1554.1
1285080 1554.5
1285090 1552.6
1285100 1552.6
1285110 1549.2
1285120 1546.4
1285130 1546.4
1285140 1543.0
1285150 1538.5
1285160 1538.5
1285170 1533.6
1285180 1527.7
1285190 1527.7
1285200 1520.6
1285210 1516.4
1285220 1516.4
1285230 1517.6
1285240 1522.2
1285250 1522.2
1285260 1532.6
1285270 1541.3
1285280 1534.6
1285290 1547.7
1285300 1555.1
1285310 1555.1
1285320 1561.7
1285330 1567.4
1285340 1567.4
1285350 1573.9
1285360 1580.7
1285370 1580.7
1285380 1586.8
1285390 1592.2
1285400 1592.2
1285410 1597.4
1285420 1602.6
1285430 1608.4
1285440 1608.4
1285450 1614.0
1285460 1620.2
1285470 1620.2
1285480 1626.1
1285490 1633.0
1285500 1633.0
1285510 1638.9
1285520 1640.5
1285530 1640.5
1285540 1640.3
1285550 1639.4
1285560 1639.4
1285570 1638.5
1285580 1637.3
1285590 1637.3
1285600 1636.6
1285610 1634.8
1285620 1634.8
1285630 1632.5
1285640 1629.9
1285650 1629.9
1285660 1626.5
1285670 1623.9
1285680 1623.9
1285690 1621.8
1285700 1619.4
1285710 1619.4
1285720 1617.1
1285730 1613.3
1285740 1610.4
1285750 1610.4
1285760 1608.1
1285770 1614.0
1285780 1614.0
1285790 1620.2
1285800 1621.2
1285810 1621.2
1285820 1620.5
1285830 1619.0
1285840 1619.0
1285850 1617.9
1285860 1615.7
1285870 1615.7
1285880 1614.0
1285890 1616.2
1285900 1616.2
1285910 1615.1
1285920 1605.5
1285930 1605.5
1285940 1606.2
1285950 1605.7
1285960 1605.7
1285970 1611.6
1285980 1617.4
1285990 1617.4
1286000 1620.5
1286010 1621.5
1286020 1621.5
1286030 1622.5
1286040 1623.2
1286050 1623.2
1286060 1624.0
1286070 1625.1
1286080 1626.9
1286090 1626.9
1286100 1627.9
1286110 1630.0
1286120 1630.0
1286130 1631.3
1286140 1632.2
1286150 1632.2
1286160 1632.0
1286170 1630.6
1286180 1630.6
1286190 1627.2
1286200 1623.2
1286210 1623.2
1286220 1619.3
1286230 1615.0
1286240 1615.0
1286250 1611.3
1286260 1609.1
1286270 1609.1
1286280 1606.9
1286290 1605.2
1286300 1605.2
1286310 1603.1
1286320 1600.0
1286330 1600.0
1286340 1596.7
1286350 1593.4
1286360 1593.4
1286370 1590.7
1286380 1588.6
1286390 1588.6
1286400 1586.0
1286410 1582.8
1286420 1579.3
1286430 1579.3
1286440 1575.9
1286450 1572.8
1286460 1572.8
1286470 1569.3
1286480 1566.2
1286490 1566.2
1286500 1564.1
1286510 1562.0
1286520 1562.0
1286530 1559.8
1286540 1556.6
1286550 1556.6
1286560 1553.8
1286570 1550.7
1286580 1550.7
1286590 1549.2
1286600 1548.0
1286610 1548.0
1286620 1545.0
1286630 1541.2
1286640 1541.2
1286650 1538.0
1286660 1534.6
1286670 1534.6
1286680 1531.3
1286690 1529.0
1286700 1529.0
1286710 1525.8
1286720 1522.8
1286730 1520.3
1286740 1520.3
1286750 1519.2
1286760 1515.8
1286770 1515.8
1286780 1510.6
1286790 1506.4
1286800 1506.4
1286810 1501.7
1286820 1495.3
1286830 1495.3
1286840 1489.0
1286850 1483.5
1286860 1483.5
1286870 1478.7
1286880 1473.3
1286890 1473.3
1286900 1469.6
1286910 1464.7
1286920 1464.7
1286930 1457.9
1286940 1450.8
1286950 1450.8
1286960 1443.7
1286970 1436.5
1286980 1436.5
1286990 1429.4
1287000 1422.5
1287010 1422.5
1287020 1415.6
1287030 1408.6
1287040 1408.6
1287050 1401.7
1287060 1395.1
1287070 1389.1
1287080 1389.1
1287090 1383.2
1287100 1378.4
1287110 1378.4
1287120 1374.5
1287130 1369.4
1287140 1369.4
1287150 1365.5
1287160 1362.9
1287170 1362.9
1287180 1360.1
1287190 1357.1
1287200 1357.1
1287210 1351.9
1287220 1348.2
1287230 1348.2
1287240 1344.5
1287250 1341.0
1287260 1341.0
1287270 1337.3
1287280 1333.5
1287290 1333.5
1287300 1329.2
1287310 1325.6
1287320 1325.6
1287330 1327.2
1287340 1329.0
1287350 1329.0
1287360 1330.1
1287370 1331.4
1287380 1332.6
1287390 1332.6
1287400 1332.9
1287410 1334.2
1287420 1334.2
1287430 1336.3
1287440 1337.9
1287450 1337.9
1287460 1339.3
1287470 1341.1
1287480 1341.1
1287490 1342.9
1287500 1344.7
1287510 1344.7
1287520 1346.8
1287530 1349.1
1287540 1349.1
1287550 1351.3
1287560 1354.7
1287570 1354.7
1287580 1358.5
1287590 1362.0
1287600 1362.0
1287610 1365.2
1287620 1368.2
1287630 1368.2
1287640 1370.5
1287650 1372.0
1287660 1372.0
1287670 1369.6
1287680 1363.2
1287690 1363.2
1287700 1355.9
1287710 1348.7
1287720 1341.0
1287730 1341.0
1287740 1332.3
1287750 1324.0
1287760 1324.0
1287770 1316.7
1287780 1310.2
1287790 1310.2
1287800 1304.1
1287810 1297.7
1287820 1297.7
1287830 1292.2
1287840 1288.7
1287850 1288.7
1287860 1288.7
1287870 1283.8
1287880 1283.8
1287890 1284.7
1287900 1291.7
1287910 1291.7
1287920 1298.4
1287930 1306.9
1287940 1306.9
1287950 1316.3
1287960 1324.9
1287970 1324.9
1287980 1332.9
1287990 1340.8
1288000 1340.8
1288010 1348.3
1288020 1355.4
1288030 1355.4
1288040 1362.8
1288050 1370.1
1288060 1376.9
1288070 1376.9
1288080 1382.7
1288090 1386.3
1288100 1386.3
1288110 1389.7
1288120 1393.8
1288130 1393.8
1288140 1398.4
1288150 1406.4
1288160 1406.4
1288170 1423.1
1288180 1437.1
1288190 1437.1
1288200 1450.3
1288210 1458.8
1288220 1458.8
1288230 1465.5
1288240 1473.3
1288250 1473.3
1288260 1480.6
1288270 1487.2
1288280 1487.2
1288290 1494.4
1288300 1502.1
1288310 1502.1
1288320 1509.8
1288330 1516.7
1288340 1516.7
1288350 1521.1
1288360 1525.4
1288370 1530.2
1288380 1530.2
1288390 1531.7
1288400 1532.7
1288410 1532.7
1288420 1534.8
1288430 1536.4
1288440 1536.4
1288450 1531.5
1288460 1537.8
1288470 1537.8
1288480 1548.3
1288490 1556.7
1288500 1556.7
1288510 1573.5
1288520 1577.7
1288530 1577.7
1288540 1580.5
1288550 1582.1
1288560 1582.1
1288570 1592.5
1288580 1603.0
1288590 1603.0
1288600 1609.5
1288610 1614.5
1288620 1614.5
1288630 1615.0
1288640 1609.8
1288650 1609.8
1288660 1609.4
1288670 1616.1
1288680 1616.1
1288690 1625.0
1288700 1630.9
1288710 1637.9
1288720 1637.9
1288730 1640.3
1288740 1650.4
1288750 1650.4
1288760 1658.6
1288770 1664.1
1288780 1664.1
1288790 1668.7
1288800 1672.2
1288810 1672.2
1288820 1675.3
1288830 1683.3
1288840 1683.3
1288850 1698.0
1288860 1708.3
1288870 1708.3
1288880 1716.2
1288890 1725.8
1288900 1725.8
1288910 1733.3
1288920 1743.2
1288930 1743.2
1288940 1753.1
1288950 1761.5
1288960 1761.5
1288970 1769.6
1288980 1775.5
1288990 1775.5
1289000 1781.7
1289010 1787.9
1289020 1794.5
1289030 1794.5
1289040 1801.3
1289050 1807.9
1289060 1807.9
1289070 1814.9
1289080 1820.4
1289090 1820.4
1289100 1825.7
1289110 1828.3
1289120 1828.3
1289130 1824.3
1289140 1819.6
1289150 1819.6
1289160 1822.5
1289170 1818.5
1289180 1818.5
1289190 1809.9
1289200 1801.7
1289210 1801.7
1289220 1794.4
1289230 1786.5
1289240 1786.5
1289250 1780.8
1289260 1774.6
1289270 1774.6
1289280 1771.3
1289290 1765.3
1289300 1765.3
1289310 1760.8
1289320 1756.8
1289330 1756.8
1289340 1752.6
1289350 1743.5
1289360 1733.1
1289370 1733.1
1289380 1721.8
1289390 1712.8
1289400 1712.8
1289410 1704.5
1289420 1696.5
1289430 1696.5
1289440 1689.2
1289450 1682.2
1289460 1682.2
1289470 1675.0
1289480 1665.6
1289490 1665.6
1289500 1655.7
1289510 1648.9
1289520 1648.9
1289530 1642.7
1289540 1636.8
1289550 1636.8
1289560 1630.1
1289570 1622.2
1289580 1622.2
1289590 1615.8
1289600 1610.1
1289610 1610.1
1289620 1600.7
1289630 1590.3
1289640 1590.3
1289650 1579.6
1289660 1572.6
1289670 1572.6
1289680 1567.5
1289690 1559.5
1289700 1550.4
1289710 1550.4
1289720 1545.0
1289730 1538.1
1289740 1538.1
1289750 1535.8
1289760 1533.5
1289770 1533.5
1289780 1525.6
1289790 1518.2
1289800 1518.2
1289810 1512.6
1289820 1505.8
1289830 1505.8
1289840 1501.2
1289850 1495.3
1289860 1495.3
1289870 1489.8
1289880 1485.3
1289890 1485.3
1289900 1475.3
1289910 1457.4
1289920 1457.4
1289930 1448.5
1289940 1435.6
1289950 1435.6
1289960 1423.6
1289970 1414.7
1289980 1414.7
1289990 1401.5
1290000 1383.0
1290010 1360.5
1290020 1360.5
1290030 1339.6
1290040 1324.8
1290050 1324.8
1290060 1316.9
1290070 1311.4
1290080 1311.4
1290090 1307.9
1290100 1305.0
1290110 1305.0
1290120 1301.2
1290130 1297.4
1290140 1297.4
1290150 1293.3
1290160 1288.8
1290170 1288.8
1290180 1284.3
1290190 1280.8
1290200 1280.8
1290210 1275.9
1290220 1271.2
1290230 1271.2
1290240 1266.6
1290250 1261.7
1290260 1261.7
1290270 1257.2
1290280 1252.7
1290290 1252.7
1290300 1247.9
1290310 1243.4
1290320 1243.4
1290330 1238.5
1290340 1233.4
1290350 1227.6
1290360 1227.6
1290370 1221.9
1290380 1217.0
1290390 1217.0
1290400 1212.0
1290410 1206.9
1290420 1206.9
1290430 1202.3
1290440 1199.2
1290450 1199.2
1290460 1196.2
1290470 1196.9
1290480 1196.9
1290490 1190.8
1290500 1183.6
1290510 1183.6
1290520 1181.8
1290530 1185.7
1290540 1185.7
1290550 1191.1
1290560 1197.8
1290570 1197.8
1290580 1204.4
1290590 1205.2
1290600 1205.2
1290610 1205.3
1290620 1209.4
1290630 1209.4
1290640 1216.0
1290650 1223.1
1290660 1230.1
1290670 1230.1
1290680 1237.1
1290690 1244.7
1290700 1244.7
1290710 1252.4
1290720 1261.3
1290730 1261.3
1290740 1269.3
1290750 1276.6
1290760 1276.6
1290770 1283.4
1290780 1290.1
1290790 1290.1
1290800 1298.3
1290810 1306.4
1290820 1306.4
1290830 1314.6
1290840 1322.3
1290850 1322.3
1290860 1330.5
1290870 1338.9
1290880 1338.9
1290890 1347.1
1290900 1354.7
1290910 1354.7
1290920 1360.0
1290930 1365.2
1290940 1365.2
1290950 1376.8
1290960 1386.4
1290970 1386.4
1290980 1404.8
1290990 1423.2
1291000 1444.3
1291010 1444.3
1291020 1456.3
1291030 1466.0
1291040 1466.0
1291050 1475.0
1291060 1483.6
1291070 1483.6
1291080 1492.1
1291090 1499.7
1291100 1499.7
1291110 1507.2
1291120 1514.5
1291130 1515.9
1291140 1526.0
1291150 1531.7
1291160 1531.7
1291170 1534.3
1291180 1535.6
1291190 1535.6
1291200 1536.7
1291210 1539.7
1291220 1539.7
1291230 1544.5
1291240 1549.0
1291250 1549.0
1291260 1553.0
1291270 1556.4
1291280 1556.4
1291290 1559.1
1291300 1563.3
1291310 1563.3
1291320 1562.1
1291330 1561.7
1291340 1564.4
1291350 1564.4
1291360 1566.9
1291370 1573.0
1291380 1573.0
1291390 1579.5
1291400 1589.7
1291410 1589.7
1291420 1602.2
1291430 1610.2
1291440 1610.2
1291450 1617.7
1291460 1625.3
1291470 1625.3
1291480 1632.4
1291490 1637.5
1291500 1637.5
1291510 1641.0
1291520 1645.9
1291530 1645.9
1291540 1649.9
1291550 1648.3
1291560 1648.3
1291570 1644.0
1291580 1642.9
1291590 1642.9
1291600 1649.7
1291610 1655.9
1291620 1655.9
1291630 1659.6
1291640 1672.5
1291650 1679.3
1291660 1679.3
1291670 1681.2
1291680 1689.6
1291690 1689.6
1291700 1698.8
1291710 1705.6
1291720 1705.6
1291730 1711.4
1291740 1718.9
1291750 1718.9
1291760 1726.7
1291770 1735.3
1291780 1735.3
1291790 1742.9
1291800 1758.7
1291810 1758.7
1291820 1762.9
1291830 1765.9
1291840 1765.9
1291850 1775.0
1291860 1787.8
1291870 1787.8
1291880 1796.6
1291890 1802.9
1291900 1802.9
1291910 1807.2
1291920 1810.3
1291930 1810.3
1291940 1814.2
1291950 1819.2
1291960 1819.2
1291970 1823.2
1291980 1825.6
1291990 1826.3
1292000 1826.3
1292010 1826.1
1292020 1828.8
1292030 1828.8
1292040 1838.3
1292050 1841.5
1292060 1841.5
1292070 1844.0
1292080 1848.6
1292090 1848.6
1292100 1854.9
1292110 1862.9
1292120 1862.9
1292130 1870.9
1292140 1881.3
1292150 1881.3
1292160 1890.5
1292170 1896.3
1292180 1896.3
1292190 1898.2
1292200 1886.4
1292210 1886.4
1292220 1875.5
1292230 1869.8
1292240 1869.8
1292250 1864.7
1292260 1861.1
1292270 1861.1
1292280 1860.2
1292290 1857.3
1292300 1857.3
1292310 1853.8
1292320 1850.5
1292330 1846.9
1292340 1846.9
1292350 1843.0
1292360 1839.3
1292370 1839.3
1292380 1835.6
1292390 1831.9
1292400 1831.9
1292410 1828.4
1292420 1825.9
1292430 1825.9
1292440 1824.5
1292450 1822.1
1292460 1824.2
1292470 1822.3
1292480 1821.6
1292490 1821.6
1292500 1821.6
1292510 1821.1
1292520 1821.1
1292530 1819.9
1292540 1819.7
1292550 1819.7
1292560 1818.9
1292570 1817.0
1292580 1817.0
1292590 1815.1
1292600 1814.5
1292610 1814.5
1292620 1814.4
1292630 1813.7
1292640 1813.2
1292650 1813.2
1292660 1813.3
1292670 1813.8
1292680 1813.8
1292690 1813.8
1292700 1813.5
1292710 1813.5
1292720 1812.5
1292730 1811.8
1292740 1811.8
1292750 1811.3
1292760 1810.2
1292770 1810.2
1292780 1809.6
1292790 1809.8
1292800 1809.8
1292810 1811.5
1292820 1814.9
1292830 1814.9
1292840 1819.4
1292850 1824.5
1292860 1824.5
1292870 1829.8
1292880 1835.3
1292890 1835.3
1292900 1840.7
1292910 1846.2
1292920 1846.2
1292930 1852.3
1292940 1858.7
1292950 1858.7
1292960 1865.1
1292970 1871.6
1292980 1878.2
1292990 1878.2
1293000 1884.9
1293010 1891.3
1293020 1891.3
1293030 1897.4
1293040 1903.6
1293050 1903.6
1293060 1910.0
1293070 1916.4
1293080 1916.4
1293090 1923.8
1293100 1935.7
1293110 1935.7
1293120 1951.4
1293130 1959.4
1293140 1959.4
1293150 1975.5
1293160 1986.2
1293170 1986.2
1293180 1994.3
1293190 2000.5
1293200 2000.5
1293210 2004.6
1293220 2009.4
1293230 2009.4
1293240 2015.7
1293250 2020.8
1293260 2020.8
1293270 2014.4
1293280 2007.0
1293290 2000.5
1293300 2000.5
1293310 1992.8
1293320 1985.6
1293330 1985.6
1293340 1979.3
1293350 1973.1
1293360 1973.1
1293370 1967.0
1293380 1964.6
1293390 1964.6
1293400 1961.0
1293410 1954.7
1293420 1954.7
1293430 1948.0
1293440 1941.5
1293450 1941.5
1293460 1934.0
1293470 1927.5
1293480 1927.5
1293490 1918.2
1293500 1905.8
1293510 1905.8
1293520 1895.1
1293530 1885.5
1293540 1885.5
1293550 1877.3
1293560 1869.9
1293570 1869.9
1293580 1862.8
1293590 1855.7
1293600 1855.7
1293610 1848.5
1293620 1841.3
1293630 1834.3
1293640 1834.3
1293650 1827.3
1293660 1820.1
1293670 1820.1
1293680 1812.9
1293690 1805.8
1293700 1805.8
1293710 1798.7
1293720 1791.7
1293730 1791.7
1293740 1784.6
1293750 1777.5
1293760 1777.5
1293770 1770.9
1293780 1764.5
1293790 1764.7
1293800 1758.0
1293810 1751.6
1293820 1751.6
1293830 1745.8
1293840 1741.7
1293850 1741.7
1293860 1741.1
1293870 1741.1
1293880 1741.1
1293890 1741.4
1293900 1742.1
1293910 1742.1
1293920 1742.0
1293930 1742.2
1293940 1742.2
1293950 1741.4
1293960 1738.6
1293970 1735.5
1293980 1735.5
1293990 1731.3
1294000 1725.5
1294010 1725.5
1294020 1720.8
1294030 1716.1
1294040 1716.1
1294050 1710.0
1294060 1704.1
1294070 1704.1
1294080 1700.8
1294090 1699.7
1294100 1699.7
1294110 1697.0
1294120 1695.3
1294130 1695.3
1294140 1693.6
1294150 1692.7
1294160 1692.7
1294170 1693.4
1294180 1695.9
1294190 1695.9
1294200 1696.0
1294210 1694.7
1294220 1694.7
1294230 1692.2
1294240 1688.7
1294250 1688.7
1294260 1684.8
1294270 1681.3
1294280 1679.6
1294290 1679.6
1294300 1678.4
1294310 1678.2
1294320 1678.2
1294330 1677.9
1294340 1677.6
1294350 1677.6
1294360 1677.6
1294370 1676.7
1294380 1676.7
1294390 1677.1
1294400 1677.1
1294410 1677.1
1294420 1675.0
1294430 1673.6
1294440 1673.6
1294450 1672.5
1294460 1674.4
1294470 1674.4
1294480 1673.8
1294490 1673.0
1294500 1673.0
1294510 1670.9
1294520 1666.5
1294530 1666.5
1294540 1662.2
1294550 1660.3
1294560 1660.3
1294570 1660.2
1294580 1659.5
1294590 1659.5
1294600 1657.2
1294610 1655.0
1294620 1652.4
1294630 1652.4
1294640 1648.5
1294650 1644.4
1294660 1644.4
1294670 1642.3
1294680 1641.3
1294690 1641.3
1294700 1641.8
1294710 1642.6
1294720 1642.6
1294730 1642.6
1294740 1641.7
1294750 1641.7
1294760 1640.4
1294770 1638.7
1294780 1638.7
1294790 1635.8
1294800 1634.2
1294810 1634.2
1294820 1634.3
1294830 1634.3
1294840 1634.3
1294850 1634.4
1294860 1635.1
1294870 1635.1
1294880 1635.2
1294890 1634.0
1294900 1634.0
1294910 1635.1
1294920 1637.9
1294930 1639.7
1294940 1639.7
1294950 1639.3
1294960 1637.3
1294970 1637.3
1294980 1635.0
1294990 1633.3
1295000 1633.3
1295010 1632.1
1295020 1631.3
1295030 1631.3
1295040 1632.0
1295050 1631.4
1295060 1631.4
1295070 1630.9
1295080 1630.5
1295090 1630.5
1295100 1628.3
1295110 1625.3
1295120 1625.3
1295130 1622.4
1295140 1624.5
1295150 1624.5
1295160 1622.5
1295170 1620.3
1295180 1620.3
1295190 1619.2
1295200 1620.0
1295210 1620.0
1295220 1619.3
1295230 1618.7
1295240 1618.7
1295250 1619.6
1295260 1622.0
1295270 1624.1
1295280 1624.1
1295290 1624.6
1295300 1624.5
1295310 1624.5
1295320 1623.3
1295330 1620.8
1295340 1620.8
1295350 1617.5
1295360 1615.1
1295370 1615.1
1295380 1612.2
1295390 1609.5
1295400 1609.5
1295410 1607.0
1295420 1604.3
1295430 1604.3
1295440 1602.0
1295450 1599.9
1295460 1599.9
1295470 1597.4
1295480 1595.8
1295490 1595.8
1295500 1594.2
1295510 1592.3
1295520 1592.3
1295530 1589.2
1295540 1587.8
1295550 1587.8
1295560 1589.0
1295570 1588.6
1295580 1588.6
1295590 1587.3
1295600 1584.2
1295610 1582.2
1295620 1582.2
1295630 1579.0
1295640 1574.1
1295650 1574.1
1295660 1567.8
1295670 1565.2
1295680 1565.2
1295690 1563.1
1295700 1561.3
1295710 1561.3
1295720 1559.4
1295730 1556.7
1295740 1556.7
1295750 1554.0
1295760 1552.2
1295770 1552.2
1295780 1550.4
1295790 1548.5
1295800 1548.5
1295810 1551.9
1295820 1549.7
1295830 1549.7
1295840 1547.3
1295850 1545.5
1295860 1545.5
1295870 1544.3
1295880 1542.9
1295890 1542.9
1295900 1541.4
1295910 1540.3
1295920 1539.3
1295930 1539.3
1295940 1538.2
1295950 1537.3
1295960 1537.3
1295970 1537.0
1295980 1537.1
1295990 1537.1
1296000 1537.8
1296010 1538.8
1296020 1538.8
1296030 1540.3
1296040 1541.9
1296050 1541.9
1296060 1543.4
1296070 1544.8
1296080 1544.8
1296090 1546.5
1296100 1548.2
1296110 1548.2
1296120 1549.6
1296130 1550.6
1296140 1550.6
1296150 1551.0
1296160 1551.0
1296170 1551.0
1296180 1552.2
1296190 1554.0
1296200 1554.0
1296210 1555.5
1296220 1557.4
1296230 1557.4
1296240 1559.4
1296250 1561.4
1296260 1563.3
1296270 1563.3
1296280 1565.3
1296290 1566.9
1296300 1566.9
1296310 1568.3
1296320 1569.8
1296330 1569.8
1296340 1571.2
1296350 1572.3
1296360 1572.3
1296370 1572.7
1296380 1572.5
1296390 1572.5
1296400 1572.2
1296410 1572.8
1296420 1572.8
1296430 1573.7
1296440 1574.2
1296450 1574.2
1296460 1574.2
1296470 1573.8
1296480 1573.8
1296490 1571.1
1296500 1571.7
1296510 1571.7
1296520 1572.5
1296530 1574.2
1296540 1574.2
1296550 1574.9
1296560 1575.3
1296570 1578.2
1296580 1578.2
1296590 1580.1
1296600 1581.5
1296610 1581.5
1296620 1584.1
1296630 1586.2
1296640 1586.2
1296650 1588.2
1296660 1590.6
1296670 1590.6
1296680 1592.2
1296690 1593.6
1296700 1593.6
1296710 1595.3
1296720 1597.0
1296730 1597.0
1296740 1598.1
1296750 1598.2
1296760 1598.2
1296770 1597.4
1296780 1595.6
1296790 1595.6
1296800 1593.0
1296810 1589.0
1296820 1589.0
1296830 1585.3
1296840 1582.6
1296850 1582.6
1296860 1579.7
1296870 1576.9
1296880 1576.9
1296890 1574.4
1296900 1571.9
1296910 1569.2
1296920 1569.2
1296930 1567.7
1296940 1566.6
1296950 1566.6
1296960 1564.9
1296970 1563.1
1296980 1563.1
1296990 1562.0
1297000 1558.8
1297010 1558.8
1297020 1552.1
1297030 1553.4
1297040 1553.4
1297050 1559.3
1297060 1563.3
1297070 1563.3
1297080 1565.8
1297090 1567.4
1297100 1567.4
1297110 1569.1
1297120 1572.1
1297130 1572.1
1297140 1575.2
1297150 1578.0
1297160 1578.0
1297170 1578.0
1297180 1582.7
1297190 1582.7
1297200 1587.1
1297210 1590.3
1297220 1590.3
1297230 1593.1
1297240 1597.7
1297250 1603.3
1297260 1603.3
1297270 1609.5
1297280 1615.8
1297290 1615.8
1297300 1621.7
1297310 1628.0
1297320 1628.0
1297330 1634.7
1297340 1641.8
1297350 1641.8
1297360 1649.6
1297370 1658.5
1297380 1658.5
1297390 1667.5
1297400 1674.4
1297410 1674.4
1297420 1681.3
1297430 1688.9
1297440 1688.9
1297450 1697.1
1297460 1703.5
1297470 1703.5
1297480 1709.5
1297490 1715.6
1297500 1715.6
1297510 1723.2
1297520 1730.3
1297530 1730.3
1297540 1737.4
1297550 1745.2
1297560 1752.6
1297570 1752.6
1297580 1758.2
1297590 1763.8
1297600 1763.8
1297610 1768.7
1297620 1773.3
1297630 1773.3
1297640 1778.0
1297650 1781.9
1297660 1781.9
1297670 1785.4
1297680 1789.5
1297690 1789.5
1297700 1792.9
1297710 1795.9
1297720 1795.9
1297730 1797.5
1297740 1797.9
1297750 1797.9
1297760 1796.6
1297770 1793.7
1297780 1793.7
1297790 1789.1
1297800 1783.0
1297810 1783.0
1297820 1777.5
1297830 1773.2
1297840 1773.2
1297850 1768.7
1297860 1763.0
1297870 1763.0
1297880 1757.8
1297890 1753.6
1297900 1749.8
1297910 1749.8
1297920 1746.1
1297930 1741.7
1297940 1741.7
1297950 1737.2
1297960 1732.8
1297970 1732.8
1297980 1729.1
1297990 1725.6
1298000 1725.6
1298010 1722.5
1298020 1719.4
1298030 1719.4
1298040 1716.0
1298050 1712.7
1298060 1712.7
1298070 1709.7
1298080 1706.9
1298090 1706.9
1298100 1704.5
1298110 1702.4
1298120 1702.4
1298130 1699.6
1298140 1696.5
1298150 1696.5
1298160 1693.4
1298170 1690.4
1298180 1690.4
1298190 1687.0
1298200 1682.5
1298210 1678.8
1298220 1678.8
1298230 1675.6
1298240 1673.1
1298250 1673.1
1298260 1670.7
1298270 1667.9
1298280 1667.9
1298290 1664.6
1298300 1661.2
1298310 1661.2
1298320 1658.1
1298330 1655.3
1298340 1655.3
1298350 1652.4
1298360 1649.8
1298370 1649.8
1298380 1648.1
1298390 1647.1
1298400 1647.1
1298410 1646.3
1298420 1645.8
1298430 1645.8
1298440 1645.7
1298450 1644.2
1298460 1644.2
1298470 1641.7
1298480 1640.3
1298490 1640.3
1298500 1638.7
1298510 1637.3
1298520 1637.3
1298530 1636.4
1298540 1640.8
1298550 1639.9
1298560 1639.9
1298570 1640.0
1298580 1639.6
1298590 1639.6
1298600 1639.1
1298610 1634.6
1298620 1634.6
1298630 1632.4
1298640 1630.5
1298650 1630.5
1298660 1627.1
1298670 1620.6
1298680 1620.6
1298690 1617.0
1298700 1615.3
1298710 1615.3
1298720 1613.2
1298730 1612.7
1298740 1612.7
1298750 1610.1
1298760 1605.6
1298770 1605.6
1298780 1603.5
1298790 1599.2
1298800 1599.2
1298810 1596.0
1298820 1593.9
1298830 1593.9
1298840 1591.9
1298850 1590.9
1298860 1590.9
1298870 1590.3
1298880 1590.6
1298890 1589.6
1298900 1589.6
1298910 1590.0
1298920 1591.8
1298930 1591.8
1298940 1593.3
1298950 1594.0
1298960 1594.0
1298970 1595.3
1298980 1596.7
1298990 1596.7
1299000 1597.6
1299010 1599.1
1299020 1599.1
1299030 1601.5
1299040 1604.3
1299050 1604.3
1299060 1607.3
1299070 1609.8
1299080 1609.8
1299090 1611.6
1299100 1611.1
1299110 1611.1
1299120 1609.8
1299130 1607.4
1299140 1607.4
1299150 1605.2
1299160 1603.7
1299170 1603.7
1299180 1602.9
1299190 1603.9
1299200 1606.2
1299210 1606.2
1299220 1608.0
1299230 1611.4
1299240 1611.4
1299250 1614.1
1299260 1617.9
1299270 1617.9
1299280 1622.3
1299290 1627.9
1299300 1627.9
1299310 1633.9
1299320 1638.5
1299330 1638.5
1299340 1641.9
1299350 1645.1
1299360 1645.1
1299370 1648.2
1299380 1652.8
1299390 1652.8
1299400 1658.6
1299410 1665.1
1299420 1665.1
1299430 1671.8
1299440 1677.0
1299450 1677.0
1299460 1679.3
1299470 1682.3
1299480 1682.3
1299490 1686.4
1299500 1691.4
1299510 1691.4
1299520 1699.3
1299530 1705.8
1299540 1709.7
1299550 1709.7
1299560 1714.9
1299570 1716.9
1299580 1716.9
1299590 1721.0
1299600 1726.5
1299610 1726.5
1299620 1732.4
1299630 1737.3
1299640 1737.3
1299650 1744.3
1299660 1751.9
1299670 1751.9
1299680 1758.4
1299690 1765.3
1299700 1765.3
1299710 1771.8
1299720 1778.0
1299730 1778.0
1299740 1787.3
1299750 1798.7
1299760 1798.7
1299770 1799.4
1299780 1794.0
1299790 1794.0
1299800 1788.3
1299810 1782.7
1299820 1782.7
1299830 1778.9
1299840 1775.7
1299850 1775.0
1299860 1775.0
1299870 1776.0
1299880 1777.1
1299890 1777.1
1299900 1778.7
1299910 1780.1
1299920 1786.2
1299930 1787.7
1299940 1789.3
1299950 1789.3
1299960 1790.7
1299970 1792.3
1299980 1792.3
1299990 1793.7
