1280000 1443.6
1280010 1443.6
1280020 1443.2
1280030 1440.7
1280040 1440.7
1280050 1437.5
1280060 1434.2
1280070 1434.2
1280080 1430.7
1280090 1428.3
1280100 1428.3
1280110 1427.3
1280120 1424.2
1280130 1424.2
1280140 1427.0
1280150 1435.1
1280160 1435.1
1280170 1443.2
1280180 1451.2
1280190 1451.2
1280200 1459.1
1280210 1468.2
1280220 1468.2
1280230 1477.5
1280240 1485.4
1280250 1485.4
1280260 1491.9
1280270 1497.1
1280280 1501.8
1280290 1501.8
1280300 1505.9
1280310 1509.5
1280320 1509.5
1280330 1511.8
1280340 1512.7
1280350 1512.7
1280360 1513.3
1280370 1513.9
1280380 1513.9
1280390 1514.4
1280400 1514.6
1280410 1514.6
1280420 1514.3
1280430 1513.5
1280440 1513.5
1280450 1512.5
1280460 1510.5
1280470 1510.5
1280480 1508.0
1280490 1497.6
1280500 1497.6
1280510 1490.4
1280520 1482.7
1280530 1482.7
1280540 1475.4
1280550 1469.2
1280560 1469.2
1280570 1470.0
1280580 1470.4
1280590 1470.4
1280600 1477.8
1280610 1487.4
1280620 1495.0
1280630 1495.0
1280640 1502.1
1280650 1509.1
1280660 1509.1
1280670 1514.8
1280680 1517.5
1280690 1517.5
1280700 1520.0
1280710 1519.2
1280720 1519.2
1280730 1519.4
1280740 1524.2
1280750 1524.2
1280760 1529.3
1280770 1528.1
1280780 1528.1
1280790 1521.9
1280800 1516.0
1280810 1516.0
1280820 1516.7
1280830 1520.2
1280840 1520.2
1280850 1528.9
1280860 1545.1
1280870 1545.1
1280880 1556.2
1280890 1562.4
1280900 1562.4
1280910 1568.1
1280920 1574.7
1280930 1574.7
1280940 1580.1
1280950 1585.8
1280960 1592.5
1280970 1592.5
1280980 1598.8
1280990 1604.6
1281000 1604.6
1281010 1609.8
1281020 1614.8
1281030 1614.8
1281040 1619.5
1281050 1620.9
1281060 1620.9
1281070 1622.8
1281080 1628.5
1281090 1628.5
1281100 1636.5
1281110 1646.6
1281120 1645.9
1281130 1654.1
1281140 1662.3
1281150 1662.3
1281160 1669.5
1281170 1676.6
1281180 1676.6
1281190 1683.9
1281200 1691.9
1281210 1691.9
1281220 1699.4
1281230 1706.6
1281240 1706.6
1281250 1713.9
1281260 1719.6
1281270 1722.9
1281280 1722.9
1281290 1726.3
1281300 1728.7
1281310 1728.7
1281320 1729.8
1281330 1729.7
1281340 1729.7
1281350 1727.6
1281360 1723.8
1281370 1723.8
1281380 1717.7
1281390 1712.3
1281400 1712.3
1281410 1709.0
1281420 1703.8
1281430 1703.8
1281440 1699.5
1281450 1699.4
1281460 1699.4
1281470 1697.8
1281480 1693.9
1281490 1693.9
1281500 1687.8
1281510 1682.3
1281520 1682.3
1281530 1684.0
1281540 1690.9
1281550 1690.9
1281560 1697.7
1281570 1702.6
1281580 1702.6
1281590 1707.2
1281600 1711.6
1281610 1715.4
1281620 1715.4
1281630 1719.5
1281640 1723.9
1281650 1723.9
1281660 1728.2
1281670 1732.3
1281680 1732.3
1281690 1736.5
1281700 1740.7
1281710 1740.7
1281720 1744.6
1281730 1748.8
1281740 1748.8
1281750 1748.0
1281760 1751.9
1281770 1751.9
1281780 1755.1
1281790 1757.7
1281800 1757.7
1281810 1759.5
1281820 1760.9
1281830 1760.9
1281840 1761.4
1281850 1760.6
1281860 1760.6
1281870 1757.6
1281880 1753.4
1281890 1753.4
1281900 1749.3
1281910 1751.0
1281920 1751.0
1281930 1751.8
1281940 1753.1
1281950 1757.4
1281960 1757.4
1281970 1762.1
1281980 1766.9
1281990 1766.9
1282000 1771.2
1282010 1775.2
1282020 1775.2
1282030 1779.3
1282040 1783.2
1282050 1783.2
1282060 1787.2
1282070 1790.9
1282080 1790.9
1282090 1793.9
1282100 1796.0
1282110 1796.0
1282120 1797.0
1282130 1797.3
1282140 1797.3
1282150 1796.8
1282160 1795.8
1282170 1795.8
1282180 1793.7
1282190 1790.4
1282200 1790.4
1282210 1785.4
1282220 1778.3
1282230 1778.3
1282240 1772.7
1282250 1769.5
1282260 1766.6
1282270 1766.6
1282280 1763.8
1282290 1761.5
1282300 1761.5
1282310 1758.3
1282320 1755.7
1282330 1755.7
1282340 1754.1
1282350 1749.2
1282360 1749.2
1282370 1750.3
1282380 1746.2
1282390 1746.2
1282400 1745.8
1282410 1744.3
1282420 1744.3
1282430 1743.2
1282440 1741.6
1282450 1741.6
1282460 1740.0
1282470 1737.2
1282480 1737.2
1282490 1731.6
1282500 1722.6
1282510 1722.6
1282520 1720.4
1282530 1725.9
1282540 1725.9
1282550 1729.9
1282560 1733.8
1282570 1733.8
1282580 1737.6
1282590 1740.5
1282600 1744.0
1282610 1744.0
1282620 1747.8
1282630 1751.8
1282640 1751.8
1282650 1755.6
1282660 1758.2
1282670 1758.2
1282680 1760.0
1282690 1761.2
1282700 1761.2
1282710 1761.0
1282720 1758.8
1282730 1758.8
1282740 1755.6
1282750 1750.8
1282760 1750.8
1282770 1744.8
1282780 1738.3
1282790 1738.3
1282800 1732.3
1282810 1725.7
1282820 1725.7
1282830 1720.8
1282840 1715.4
1282850 1715.4
1282860 1709.2
1282870 1701.2
1282880 1701.2
1282890 1693.0
1282900 1687.8
1282910 1687.8
1282920 1687.5
1282930 1685.5
1282940 1679.2
1282950 1679.2
1282960 1670.8
1282970 1669.2
1282980 1669.2
1282990 1669.2
1283000 1666.7
1283010 1660.5
1283020 1656.0
1283030 1660.3
1283040 1660.3
1283050 1666.4
1283060 1671.3
1283070 1671.3
1283080 1674.9
1283090 1678.9
1283100 1678.9
1283110 1683.5
1283120 1689.2
1283130 1689.2
1283140 1694.8
1283150 1700.1
1283160 1700.1
1283170 1705.0
1283180 1710.1
1283190 1710.1
1283200 1715.0
1283210 1719.7
1283220 1719.7
1283230 1724.1
1283240 1728.6
1283250 1728.6
1283260 1733.4
1283270 1737.2
1283280 1740.9
1283290 1740.9
1283300 1744.4
1283310 1747.5
1283320 1747.5
1283330 1748.2
1283340 1749.4
1283350 1749.4
1283360 1749.4
1283370 1745.9
1283380 1745.9
1283390 1740.6
1283400 1739.7
1283410 1739.7
1283420 1744.0
1283430 1748.7
1283440 1748.7
1283450 1753.8
1283460 1758.2
1283470 1758.2
1283480 1760.8
1283490 1762.5
1283500 1762.5
1283510 1763.8
1283520 1764.9
1283530 1764.9
1283540 1766.2
1283550 1766.4
1283560 1766.4
1283570 1765.9
1283580 1766.1
1283590 1767.0
1283600 1767.0
1283610 1767.4
1283620 1771.9
1283630 1771.9
1283640 1776.1
1283650 1770.9
1283660 1770.9
1283670 1771.4
1283680 1771.2
1283690 1771.2
1283700 1776.1
1283710 1783.9
1283720 1783.9
1283730 1791.0
1283740 1797.1
1283750 1797.1
1283760 1802.5
1283770 1806.6
1283780 1806.6
1283790 1810.6
1283800 1814.3
1283810 1814.3
1283820 1817.7
1283830 1821.2
1283840 1821.2
1283850 1824.2
1283860 1826.7
1283870 1826.7
1283880 1826.9
1283890 1821.7
1283900 1821.7
1283910 1814.4
1283920 1810.6
1283930 1808.4
1283940 1808.4
1283950 1804.8
1283960 1804.2
1283970 1804.2
1283980 1803.6
1283990 1803.3
1284000 1803.3
1284010 1802.2
1284020 1800.8
1284030 1800.8
1284040 1798.8
1284050 1798.4
1284060 1798.4
1284070 1797.8
1284080 1798.1
1284090 1798.1
1284100 1799.5
1284110 1801.2
1284120 1801.2
1284130 1802.6
1284140 1803.9
1284150 1803.9
1284160 1804.6
1284170 1806.4
1284180 1806.4
1284190 1807.8
1284200 1808.2
1284210 1808.2
1284220 1808.8
1284230 1809.4
1284240 1809.4
1284250 1810.5
1284260 1812.0
1284270 1813.7
1284280 1807.1
1284290 1808.4
1284300 1809.2
1284310 1809.2
1284320 1809.0
1284330 1807.1
1284340 1807.1
1284350 1803.2
1284360 1798.9
1284370 1798.9
1284380 1795.1
1284390 1791.2
1284400 1791.2
1284410 1785.8
1284420 1779.8
1284430 1779.8
1284440 1771.3
1284450 1763.2
1284460 1763.2
1284470 1763.0
1284480 1777.5
1284490 1777.5
1284500 1787.7
1284510 1790.4
1284520 1790.4
1284530 1796.6
1284540 1799.0
1284550 1799.0
1284560 1796.5
1284570 1797.1
1284580 1803.0
1284590 1803.0
1284600 1811.4
1284610 1819.4
1284620 1819.4
1284630 1825.8
1284640 1831.6
1284650 1831.6
1284660 1837.1
1284670 1840.7
1284680 1840.7
1284690 1844.5
1284700 1848.7
1284710 1848.7
1284720 1853.2
1284730 1858.9
1284740 1858.9
1284750 1864.5
1284760 1869.8
1284770 1869.8
1284780 1875.2
1284790 1879.4
1284800 1879.4
1284810 1882.6
1284820 1889.3
1284830 1889.3
1284840 1896.8
1284850 1902.7
1284860 1902.7
1284870 1907.8
1284880 1912.1
1284890 1912.1
1284900 1916.2
1284910 1920.8
1284920 1918.1
1284930 1918.1
1284940 1919.1
1284950 1918.1
1284960 1918.1
1284970 1916.9
1284980 1918.5
1284990 1918.5
1285000 1919.1
1285010 1920.1
1285020 1920.1
1285030 1921.9
1285040 1922.7
1285050 1922.7
1285060 1923.1
1285070 1921.5
1285080 1921.5
1285090 1917.7
1285100 1916.3
1285110 1916.3
1285120 1916.8
1285130 1915.5
1285140 1915.5
1285150 1913.1
1285160 1908.2
1285170 1908.2
1285180 1900.4
1285190 1892.2
1285200 1892.2
1285210 1884.7
1285220 1877.6
1285230 1877.6
1285240 1871.3
1285250 1865.1
1285260 1858.4
1285270 1858.4
1285280 1852.7
1285290 1847.8
1285300 1847.8
1285310 1842.3
1285320 1836.6
1285330 1836.6
1285340 1830.9
1285350 1825.0
1285360 1825.0
1285370 1819.4
1285380 1813.9
1285390 1813.9
1285400 1809.6
1285410 1806.5
1285420 1806.5
1285430 1804.2
1285440 1803.0
1285450 1803.0
1285460 1801.6
1285470 1799.6
1285480 1799.6
1285490 1796.8
1285500 1794.2
1285510 1794.2
1285520 1792.9
1285530 1791.4
1285540 1791.4
1285550 1790.1
1285560 1787.3
1285570 1785.8
1285580 1785.8
1285590 1784.8
1285600 1784.3
1285610 1784.3
1285620 1782.5
1285630 1780.3
1285640 1780.3
1285650 1777.4
1285660 1771.6
1285670 1771.6
1285680 1765.2
1285690 1759.3
1285700 1759.3
1285710 1754.6
1285720 1752.6
1285730 1752.6
1285740 1751.2
1285750 1748.8
1285760 1748.8
1285770 1745.2
1285780 1742.6
1285790 1742.6
1285800 1740.8
1285810 1742.7
1285820 1742.7
1285830 1744.2
1285840 1746.6
1285850 1746.6
1285860 1750.3
1285870 1753.9
1285880 1753.9
1285890 1756.1
1285900 1756.2
1285910 1756.0
1285920 1756.0
1285930 1755.6
1285940 1747.2
1285950 1747.2
1285960 1741.2
1285970 1737.4
1285980 1737.4
1285990 1733.4
1286000 1731.1
1286010 1731.1
1286020 1727.8
1286030 1723.8
1286040 1723.8
1286050 1721.4
1286060 1715.4
1286070 1715.4
1286080 1715.1
1286090 1712.1
1286100 1712.1
1286110 1704.7
1286120 1700.4
1286130 1700.4
1286140 1700.0
1286150 1698.6
1286160 1698.6
1286170 1694.0
1286180 1689.6
1286190 1689.6
1286200 1687.7
1286210 1695.7
1286220 1695.7
1286230 1690.8
1286240 1686.7
1286250 1683.6
1286260 1683.6
1286270 1678.6
1286280 1672.4
1286290 1672.4
1286300 1666.5
1286310 1659.6
1286320 1659.6
1286330 1652.9
1286340 1647.0
1286350 1647.0
1286360 1640.5
1286370 1634.3
1286380 1634.3
1286390 1634.0
1286400 1635.6
1286410 1635.6
1286420 1635.1
1286430 1632.2
1286440 1632.2
1286450 1625.4
1286460 1613.0
1286470 1613.0
1286480 1601.5
1286490 1592.4
1286500 1592.4
1286510 1584.0
1286520 1575.9
1286530 1575.9
1286540 1569.7
1286550 1563.4
1286560 1563.4
1286570 1555.5
1286580 1547.2
1286590 1538.9
1286600 1538.9
1286610 1530.4
1286620 1522.1
1286630 1522.1
1286640 1514.0
1286650 1506.6
1286660 1506.6
1286670 1498.3
1286680 1490.4
1286690 1490.4
1286700 1482.5
1286710 1473.0
1286720 1473.0
1286730 1460.0
1286740 1452.4
1286750 1452.4
1286760 1446.7
1286770 1443.1
1286780 1443.1
1286790 1438.8
1286800 1432.6
1286810 1432.6
1286820 1424.4
1286830 1411.0
1286840 1411.0
1286850 1404.2
1286860 1401.7
1286870 1401.7
1286880 1396.4
1286890 1387.5
1286900 1380.9
1286910 1380.9
1286920 1373.3
1286930 1366.0
1286940 1366.0
1286950 1364.1
1286960 1360.1
1286970 1360.1
1286980 1355.3
1286990 1350.1
1287000 1350.1
1287010 1344.5
1287020 1338.7
1287030 1338.7
1287040 1332.8
1287050 1326.9
1287060 1326.9
1287070 1320.3
1287080 1313.5
1287090 1313.5
1287100 1308.2
1287110 1303.5
1287120 1303.5
1287130 1298.0
1287140 1292.6
1287150 1292.6
1287160 1289.2
1287170 1283.7
1287180 1283.7
1287190 1277.6
1287200 1272.5
1287210 1272.5
1287220 1268.7
1287230 1264.6
1287240 1260.3
1287250 1260.3
1287260 1256.2
1287270 1252.5
1287280 1252.5
1287290 1249.3
1287300 1247.0
1287310 1247.0
1287320 1245.3
1287330 1243.7
1287340 1243.7
1287350 1242.1
1287360 1240.5
1287370 1240.5
1287380 1239.0
1287390 1236.8
1287400 1236.8
1287410 1233.5
1287420 1228.9
1287430 1228.9
1287440 1223.3
1287450 1217.1
1287460 1217.1
1287470 1208.0
1287480 1198.1
1287490 1198.1
1287500 1208.8
1287510 1221.8
1287520 1221.8
1287530 1230.9
1287540 1239.2
1287550 1239.2
1287560 1247.6
1287570 1255.9
1287580 1262.5
1287590 1262.5
1287600 1268.2
1287610 1273.0
1287620 1273.0
1287630 1277.6
1287640 1282.7
1287650 1282.7
1287660 1288.0
1287670 1291.9
1287680 1291.9
1287690 1294.2
1287700 1300.6
1287710 1300.6
1287720 1307.3
1287730 1312.8
1287740 1312.8
1287750 1318.2
1287760 1323.4
1287770 1323.4
1287780 1328.4
1287790 1333.5
1287800 1333.5
1287810 1338.7
1287820 1343.6
1287830 1343.6
1287840 1348.3
1287850 1353.1
1287860 1353.1
1287870 1356.9
1287880 1360.5
1287890 1365.8
1287900 1365.8
1287910 1371.8
1287920 1377.5
1287930 1377.5
1287940 1384.2
1287950 1391.0
1287960 1391.0
1287970 1396.9
1287980 1403.6
1287990 1403.6
1288000 1408.2
1288010 1412.9
1288020 1412.9
1288030 1416.5
1288040 1419.7
1288050 1419.7
1288060 1424.9
1288070 1435.1
1288080 1435.1
1288090 1445.9
1288100 1455.9
1288110 1455.9
1288120 1462.3
1288130 1468.2
1288140 1468.2
1288150 1477.0
1288160 1493.0
1288170 1493.0
1288180 1510.2
1288190 1525.1
1288200 1525.1
1288210 1534.2
1288220 1543.4
1288230 1550.2
1288240 1550.2
1288250 1555.9
1288260 1561.6
1288270 1561.6
1288280 1569.2
1288290 1577.3
1288300 1577.3
1288310 1584.3
1288320 1590.6
1288330 1590.6
1288340 1596.7
1288350 1602.1
1288360 1602.1
1288370 1607.2
1288380 1612.4
1288390 1612.4
1288400 1617.0
1288410 1622.0
1288420 1622.0
1288430 1627.0
1288440 1632.0
1288450 1632.0
1288460 1637.4
1288470 1642.8
1288480 1642.8
1288490 1648.7
1288500 1655.5
1288510 1655.5
1288520 1661.5
1288530 1667.5
1288540 1667.5
1288550 1672.8
1288560 1675.2
1288570 1678.6
1288580 1678.6
1288590 1684.1
1288600 1690.1
1288610 1690.1
1288620 1695.9
1288630 1701.5
1288640 1701.5
1288650 1703.8
1288660 1706.3
1288670 1706.3
1288680 1709.2
1288690 1713.3
1288700 1713.3
1288710 1718.5
1288720 1722.9
1288730 1722.9
1288740 1727.9
1288750 1731.9
1288760 1731.9
1288770 1736.4
1288780 1741.1
1288790 1741.1
1288800 1750.7
1288810 1752.0
1288820 1752.0
1288830 1749.8
1288840 1745.4
1288850 1745.4
1288860 1740.2
1288870 1733.5
1288880 1727.8
1288890 1727.8
1288900 1722.4
1288910 1716.5
1288920 1716.5
1288930 1709.7
1288940 1702.8
1288950 1702.8
1288960 1698.4
1288970 1692.5
1288980 1692.5
1288990 1688.4
1289000 1684.3
1289010 1684.3
1289020 1680.7
1289030 1677.4
1289040 1677.4
1289050 1672.5
1289060 1666.8
1289070 1666.8
1289080 1661.3
1289090 1655.5
1289100 1655.5
1289110 1648.0
1289120 1639.4
1289130 1639.4
1289140 1631.3
1289150 1623.8
1289160 1623.8
1289170 1618.7
1289180 1613.3
1289190 1613.3
1289200 1608.0
1289210 1605.1
1289220 1604.5
1289230 1604.5
1289240 1599.5
1289250 1592.3
1289260 1592.3
1289270 1585.9
1289280 1578.8
1289290 1578.8
1289300 1574.3
1289310 1569.2
1289320 1569.2
1289330 1564.0
1289340 1559.4
1289350 1559.4
1289360 1555.9
1289370 1552.2
1289380 1552.2
1289390 1548.0
1289400 1541.1
1289410 1541.1
1289420 1532.5
1289430 1527.4
1289440 1527.4
1289450 1521.2
1289460 1520.3
1289470 1520.3
1289480 1513.9
1289490 1508.0
1289500 1508.0
1289510 1500.2
1289520 1493.0
1289530 1493.0
1289540 1485.1
1289550 1477.1
1289560 1466.5
1289570 1466.5
1289580 1457.1
1289590 1445.6
1289600 1445.6
1289610 1432.4
1289620 1420.0
1289630 1420.0
1289640 1408.4
1289650 1398.6
1289660 1398.6
1289670 1389.9
1289680 1383.8
1289690 1383.8
1289700 1377.5
1289710 1371.4
1289720 1371.4
1289730 1366.0
1289740 1360.2
1289750 1360.2
1289760 1355.1
1289770 1349.1
1289780 1349.1
1289790 1341.5
1289800 1335.9
1289810 1335.9
1289820 1328.2
1289830 1320.4
1289840 1320.4
1289850 1311.9
1289860 1305.8
1289870 1300.6
1289880 1300.6
1289890 1293.0
1289900 1284.1
1289910 1284.1
1289920 1278.1
1289930 1270.4
1289940 1270.4
1289950 1262.2
1289960 1253.0
1289970 1253.0
1289980 1244.1
1289990 1235.2
1290000 1235.2
1290010 1226.6
1290020 1218.6
1290030 1218.6
1290040 1211.6
1290050 1206.3
1290060 1206.3
1290070 1200.7
1290080 1195.1
1290090 1195.1
1290100 1189.6
1290110 1185.8
1290120 1185.8
1290130 1180.4
1290140 1175.0
1290150 1175.0
1290160 1169.9
1290170 1165.4
1290180 1165.4
1290190 1161.4
1290200 1157.7
1290210 1153.8
1290220 1153.8
1290230 1148.4
1290240 1142.5
1290250 1142.5
1290260 1136.2
1290270 1133.1
1290280 1133.1
1290290 1132.6
1290300 1134.9
1290310 1134.9
1290320 1139.3
1290330 1144.0
1290340 1144.0
1290350 1147.9
1290360 1149.9
1290370 1149.9
1290380 1150.8
1290390 1152.6
1290400 1152.6
1290410 1154.9
1290420 1156.4
1290430 1156.4
1290440 1161.4
1290450 1167.9
1290460 1167.9
1290470 1173.5
1290480 1176.4
1290490 1176.4
1290500 1184.2
1290510 1193.3
1290520 1193.3
1290530 1201.3
1290540 1208.2
1290550 1214.7
1290560 1214.7
1290570 1220.8
1290580 1227.5
1290590 1227.5
1290600 1234.9
1290610 1241.9
1290620 1241.9
1290630 1248.2
1290640 1255.1
1290650 1255.1
1290660 1262.3
1290670 1268.9
1290680 1268.9
1290690 1275.1
1290700 1281.2
1290710 1281.2
1290720 1287.7
1290730 1294.4
1290740 1294.4
1290750 1301.6
1290760 1308.8
1290770 1312.7
1290780 1320.4
1290790 1331.7
1290800 1331.7
1290810 1340.9
1290820 1346.4
1290830 1346.4
1290840 1351.2
1290850 1356.0
1290860 1357.4
1290870 1357.4
1290880 1355.1
1290890 1353.8
1290900 1353.8
1290910 1357.6
1290920 1361.7
1290930 1361.7
1290940 1366.0
1290950 1370.7
1290960 1370.7
1290970 1379.7
1290980 1392.8
1290990 1392.8
1291000 1403.0
1291010 1411.5
1291020 1411.5
1291030 1417.0
1291040 1424.5
1291050 1424.5
1291060 1436.4
1291070 1466.2
1291080 1466.2
1291090 1492.8
1291100 1502.2
1291110 1502.2
1291120 1507.9
1291130 1514.5
1291140 1514.5
1291150 1522.5
1291160 1534.3
1291170 1534.3
1291180 1543.3
1291190 1555.4
1291200 1562.6
1291210 1562.6
1291220 1566.7
1291230 1570.2
1291240 1570.2
1291250 1576.1
1291260 1585.6
1291270 1585.6
1291280 1601.2
1291290 1606.4
1291300 1606.4
1291310 1608.1
1291320 1616.7
1291330 1616.7
1291340 1626.4
1291350 1635.8
1291360 1635.8
1291370 1645.5
1291380 1654.6
1291390 1654.6
1291400 1661.8
1291410 1669.5
1291420 1669.5
1291430 1680.4
1291440 1691.0
1291450 1691.0
1291460 1702.2
1291470 1715.5
1291480 1715.5
1291490 1725.7
1291500 1732.3
1291510 1732.3
1291520 1738.6
1291530 1744.8
1291540 1751.8
1291550 1751.8
1291560 1757.0
1291570 1762.8
1291580 1762.8
1291590 1772.9
1291600 1783.4
1291610 1783.4
1291620 1792.1
1291630 1800.0
1291640 1800.0
1291650 1807.8
1291660 1815.4
1291670 1815.4
1291680 1823.0
1291690 1830.6
1291700 1830.6
1291710 1837.9
1291720 1844.6
1291730 1844.6
1291740 1850.8
1291750 1854.9
1291760 1854.9
1291770 1849.3
1291780 1839.2
1291790 1839.2
1291800 1829.6
1291810 1821.2
1291820 1821.2
1291830 1816.6
1291840 1810.8
1291850 1810.8
1291860 1809.9
1291870 1808.0
1291880 1799.6
1291890 1799.6
1291900 1789.3
1291910 1781.8
1291920 1781.8
1291930 1775.2
1291940 1767.8
1291950 1767.8
1291960 1762.1
1291970 1758.0
1291980 1758.0
1291990 1751.3
1292000 1743.2
1292010 1743.2
1292020 1735.8
1292030 1739.5
1292040 1739.5
1292050 1737.5
1292060 1733.6
1292070 1733.6
1292080 1727.7
1292090 1729.2
1292100 1729.2
1292110 1723.7
1292120 1716.0
1292130 1716.0
1292140 1706.7
1292150 1699.2
1292160 1699.2
1292170 1692.4
1292180 1686.3
1292190 1679.0
1292200 1679.0
1292210 1673.1
1292220 1670.4
1292230 1670.4
1292240 1669.0
1292250 1665.9
1292260 1665.9
1292270 1662.3
1292280 1660.6
1292290 1660.6
1292300 1660.2
1292310 1655.5
1292320 1655.5
1292330 1651.8
1292340 1649.3
1292350 1649.3
1292360 1646.2
1292370 1643.2
1292380 1643.2
1292390 1639.1
1292400 1635.4
1292410 1635.4
1292420 1630.3
1292430 1627.4
1292440 1627.4
1292450 1626.6
1292460 1622.7
1292470 1622.7
1292480 1622.3
1292490 1623.1
1292500 1623.1
1292510 1627.0
1292520 1621.0
1292530 1610.9
1292540 1610.9
1292550 1599.7
1292560 1596.0
1292570 1596.0
1292580 1591.7
1292590 1586.7
1292600 1586.7
1292610 1578.9
1292620 1571.8
1292630 1571.8
1292640 1563.4
1292650 1555.5
1292660 1555.5
1292670 1552.4
1292680 1550.6
1292690 1550.6
1292700 1550.6
1292710 1551.2
1292720 1551.2
1292730 1552.4
1292740 1552.6
1292750 1552.6
1292760 1564.6
1292770 1564.7
1292780 1564.7
1292790 1564.8
1292800 1563.1
1292810 1563.1
1292820 1559.4
1292830 1555.7
1292840 1555.7
1292850 1551.3
1292860 1547.5
1292870 1549.8
1292880 1549.8
1292890 1554.1
1292900 1557.9
1292910 1557.9
1292920 1561.8
1292930 1566.0
1292940 1566.0
1292950 1570.1
1292960 1574.4
1292970 1574.4
1292980 1578.6
1292990 1582.7
1293000 1582.7
1293010 1587.0
1293020 1591.2
1293030 1591.2
1293040 1596.5
1293050 1601.9
1293060 1601.9
1293070 1607.4
1293080 1612.3
1293090 1612.3
1293100 1616.7
1293110 1621.0
1293120 1621.0
1293130 1625.1
1293140 1630.0
1293150 1630.0
1293160 1635.9
1293170 1643.2
1293180 1648.6
1293190 1648.6
1293200 1655.1
1293210 1660.9
1293220 1660.9
1293230 1665.8
1293240 1672.3
1293250 1672.3
1293260 1680.9
1293270 1694.5
1293280 1694.5
1293290 1708.5
1293300 1719.2
1293310 1719.2
1293320 1726.0
1293330 1730.4
1293340 1730.4
1293350 1731.5
1293360 1730.7
1293370 1730.7
1293380 1729.6
1293390 1727.7
1293400 1727.7
1293410 1723.9
1293420 1713.7
1293430 1713.7
1293440 1710.4
1293450 1706.6
1293460 1706.6
1293470 1703.4
1293480 1701.1
1293490 1701.1
1293500 1697.8
1293510 1695.1
1293520 1690.3
1293530 1690.3
1293540 1684.4
1293550 1673.9
1293560 1673.9
1293570 1657.6
1293580 1649.6
1293590 1649.6
1293600 1648.2
1293610 1648.0
1293620 1648.0
1293630 1644.1
1293640 1639.7
1293650 1639.7
1293660 1635.8
1293670 1631.0
1293680 1631.0
1293690 1626.9
1293700 1623.7
1293710 1623.7
1293720 1618.7
1293730 1612.6
1293740 1612.6
1293750 1606.9
1293760 1603.1
1293770 1603.1
1293780 1598.2
1293790 1593.0
1293800 1593.0
1293810 1589.2
1293820 1585.8
1293830 1585.8
1293840 1581.2
1293850 1579.0
1293860 1577.5
1293870 1577.5
1293880 1573.8
1293890 1570.5
1293900 1570.5
1293910 1567.2
1293920 1563.7
1293930 1563.7
1293940 1559.6
1293950 1555.5
1293960 1555.5
1293970 1551.4
1293980 1547.5
1293990 1547.5
1294000 1543.4
1294010 1539.2
1294020 1539.2
1294030 1534.6
1294040 1530.0
1294050 1530.0
1294060 1525.9
1294070 1521.8
1294080 1521.8
1294090 1516.4
1294100 1512.2
1294110 1512.2
1294120 1508.0
1294130 1504.2
1294140 1504.2
1294150 1500.6
1294160 1497.0
1294170 1493.2
1294180 1493.2
1294190 1488.7
1294200 1484.4
1294210 1484.4
1294220 1481.3
1294230 1478.4
1294240 1478.4
1294250 1475.3
1294260 1471.8
1294270 1471.8
1294280 1468.0
1294290 1464.0
1294300 1464.0
1294310 1459.9
1294320 1459.1
1294330 1459.1
1294340 1461.4
1294350 1461.7
1294360 1461.7
1294370 1459.2
1294380 1456.1
1294390 1456.1
1294400 1452.8
1294410 1449.2
1294420 1449.2
1294430 1445.4
1294440 1441.3
1294450 1441.3
1294460 1436.5
1294470 1433.1
1294480 1433.1
1294490 1433.8
1294500 1434.1
1294510 1429.4
1294520 1429.4
1294530 1428.0
1294540 1425.7
1294550 1425.7
1294560 1425.5
1294570 1433.2
1294580 1433.2
1294590 1440.4
1294600 1446.0
1294610 1446.0
1294620 1451.1
1294630 1455.5
1294640 1455.5
1294650 1459.5
1294660 1463.7
1294670 1463.7
1294680 1468.2
1294690 1472.6
1294700 1472.6
1294710 1476.6
1294720 1481.0
1294730 1481.0
1294740 1485.4
1294750 1489.7
1294760 1488.9
1294770 1492.4
1294780 1494.8
1294790 1494.8
1294800 1496.7
1294810 1497.8
1294820 1497.8
1294830 1499.1
1294840 1501.4
1294850 1504.7
1294860 1504.7
1294870 1508.7
1294880 1512.1
1294890 1512.1
1294900 1515.0
1294910 1518.8
1294920 1518.8
1294930 1522.7
1294940 1526.1
1294950 1526.1
1294960 1530.2
1294970 1535.6
1294980 1535.6
1294990 1541.6
1295000 1547.9
1295010 1547.9
1295020 1554.3
1295030 1560.7
1295040 1560.7
1295050 1566.9
1295060 1572.2
1295070 1572.2
1295080 1577.1
1295090 1581.4
1295100 1581.4
1295110 1585.4
1295120 1589.0
1295130 1589.0
1295140 1591.4
1295150 1592.8
1295160 1593.6
1295170 1593.6
1295180 1595.7
1295190 1599.3
1295200 1599.3
1295210 1602.4
1295220 1605.0
1295230 1605.0
1295240 1608.3
1295250 1611.8
1295260 1611.8
1295270 1615.0
1295280 1618.2
1295290 1618.2
1295300 1621.0
1295310 1624.1
1295320 1624.1
1295330 1628.0
1295340 1632.0
1295350 1632.0
1295360 1635.7
1295370 1639.2
1295380 1639.2
1295390 1642.5
1295400 1645.6
1295410 1645.6
1295420 1649.0
1295430 1653.0
1295440 1648.8
1295450 1653.3
1295460 1657.7
1295470 1657.7
1295480 1661.4
1295490 1664.9
1295500 1668.1
1295510 1668.1
1295520 1670.5
1295530 1673.3
1295540 1673.3
1295550 1676.6
1295560 1679.4
1295570 1679.4
1295580 1681.9
1295590 1684.7
1295600 1684.7
1295610 1687.7
1295620 1690.1
1295630 1690.1
1295640 1690.9
1295650 1691.1
1295660 1691.1
1295670 1691.3
1295680 1691.9
1295690 1691.9
1295700 1693.5
1295710 1695.4
1295720 1695.4
1295730 1697.9
1295740 1701.5
1295750 1701.5
1295760 1705.6
1295770 1708.9
1295780 1708.9
1295790 1712.4
1295800 1715.2
1295810 1715.2
1295820 1716.7
1295830 1717.5
1295840 1716.2
1295850 1716.2
1295860 1713.2
1295870 1710.4
1295880 1710.4
1295890 1708.1
1295900 1705.9
1295910 1705.9
1295920 1703.8
1295930 1700.7
1295940 1700.7
1295950 1697.5
1295960 1694.7
1295970 1694.7
1295980 1691.2
1295990 1686.5
1296000 1686.5
1296010 1682.0
1296020 1678.7
1296030 1678.7
1296040 1676.4
1296050 1675.7
1296060 1675.7
1296070 1675.7
1296080 1675.8
1296090 1675.8
1296100 1676.6
1296110 1684.1
1296120 1684.1
1296130 1687.0
1296140 1691.2
1296150 1695.4
1296160 1695.4
1296170 1698.0
1296180 1700.4
1296190 1700.4
1296200 1703.0
1296210 1706.8
1296220 1706.8
1296230 1709.9
1296240 1712.3
1296250 1712.3
1296260 1714.6
1296270 1715.4
1296280 1715.4
1296290 1716.8
1296300 1719.6
1296310 1719.6
1296320 1723.1
1296330 1727.7
1296340 1727.7
1296350 1732.3
1296360 1735.9
1296370 1735.9
1296380 1739.7
1296390 1743.9
1296400 1743.9
1296410 1747.2
1296420 1749.2
1296430 1749.2
1296440 1750.7
1296450 1750.0
1296460 1750.0
1296470 1745.6
1296480 1740.6
1296490 1736.3
1296500 1736.3
1296510 1728.5
1296520 1718.4
1296530 1718.4
1296540 1709.5
1296550 1702.1
1296560 1702.1
1296570 1690.9
1296580 1680.5
1296590 1680.5
1296600 1673.9
1296610 1667.5
1296620 1667.5
1296630 1661.2
1296640 1656.1
1296650 1656.1
1296660 1653.1
1296670 1650.6
1296680 1650.6
1296690 1647.4
1296700 1645.1
1296710 1645.1
1296720 1643.1
1296730 1641.3
1296740 1641.3
1296750 1640.1
1296760 1640.7
1296770 1640.7
1296780 1640.4
1296790 1645.8
1296800 1645.8
1296810 1647.5
1296820 1650.2
1296830 1655.1
1296840 1655.1
1296850 1659.3
1296860 1660.3
1296870 1660.3
1296880 1658.7
1296890 1657.2
1296900 1657.2
1296910 1657.8
1296920 1659.1
1296930 1659.1
1296940 1660.6
1296950 1662.1
1296960 1662.1
1296970 1664.7
1296980 1668.0
1296990 1668.0
1297000 1671.1
1297010 1675.0
1297020 1675.0
1297030 1679.6
1297040 1683.1
1297050 1683.1
1297060 1686.3
1297070 1689.8
1297080 1689.8
1297090 1693.1
1297100 1696.6
1297110 1696.6
1297120 1699.8
1297130 1702.3
1297140 1702.3
1297150 1707.3
1297160 1713.6
1297170 1719.1
1297180 1719.1
1297190 1723.6
1297200 1727.3
1297210 1727.3
1297220 1730.6
1297230 1735.0
1297240 1735.0
1297250 1740.6
1297260 1745.9
1297270 1745.9
1297280 1751.2
1297290 1757.9
1297300 1757.9
1297310 1765.2
1297320 1772.0
1297330 1772.0
1297340 1779.2
1297350 1786.3
1297360 1786.3
1297370 1792.1
1297380 1795.4
1297390 1795.4
1297400 1798.4
1297410 1801.0
1297420 1801.0
1297430 1802.9
1297440 1803.9
1297450 1803.9
1297460 1805.4
1297470 1807.9
1297480 1812.7
1297490 1812.7
1297500 1816.9
1297510 1821.2
1297520 1821.2
1297530 1826.6
1297540 1833.4
1297550 1833.4
1297560 1840.8
1297570 1848.7
1297580 1848.7
1297590 1857.5
1297600 1866.0
1297610 1866.0
1297620 1874.2
1297630 1882.2
1297640 1882.2
1297650 1890.0
1297660 1897.5
1297670 1897.5
1297680 1904.8
1297690 1912.0
1297700 1912.0
1297710 1919.1
1297720 1926.0
1297730 1926.0
1297740 1932.3
1297750 1938.5
1297760 1938.5
1297770 1939.2
1297780 1933.3
1297790 1933.3
1297800 1926.8
1297810 1901.4
1297820 1871.1
1297830 1871.1
1297840 1851.7
1297850 1832.2
1297860 1832.2
1297870 1808.6
1297880 1784.7
1297890 1784.7
1297900 1768.4
1297910 1759.3
1297920 1759.3
1297930 1754.3
1297940 1749.5
1297950 1749.5
1297960 1740.1
1297970 1730.8
1297980 1730.8
1297990 1723.6
1298000 1716.0
1298010 1716.0
1298020 1706.8
1298030 1697.9
1298040 1697.9
1298050 1692.1
1298060 1687.3
1298070 1687.3
1298080 1680.4
1298090 1674.7
1298100 1674.7
1298110 1669.9
1298120 1664.7
1298130 1664.7
1298140 1659.6
1298150 1653.8
1298160 1649.2
1298170 1649.2
1298180 1643.4
1298190 1637.9
1298200 1637.9
1298210 1631.8
1298220 1625.7
1298230 1625.7
1298240 1619.6
1298250 1613.7
1298260 1613.7
1298270 1607.9
1298280 1602.3
1298290 1602.3
1298300 1596.3
1298310 1590.3
1298320 1590.3
1298330 1584.5
1298340 1579.0
1298350 1579.0
1298360 1574.4
1298370 1569.9
1298380 1569.9
1298390 1565.4
1298400 1561.1
1298410 1561.1
1298420 1556.2
1298430 1551.4
1298440 1551.4
1298450 1546.0
1298460 1540.8
1298470 1536.2
1298480 1536.2
1298490 1531.0
1298500 1525.7
1298510 1525.7
1298520 1520.6
1298530 1515.6
1298540 1515.6
1298550 1510.6
1298560 1505.3
1298570 1505.3
1298580 1501.2
1298590 1498.2
1298600 1498.2
1298610 1495.3
1298620 1493.9
1298630 1493.9
1298640 1492.8
1298650 1489.8
1298660 1489.8
1298670 1484.3
1298680 1479.3
1298690 1479.3
1298700 1475.4
1298710 1469.7
1298720 1469.7
1298730 1466.6
1298740 1472.2
1298750 1472.2
1298760 1476.5
1298770 1476.9
1298780 1476.9
1298790 1478.3
1298800 1480.9
1298810 1485.0
1298820 1485.0
1298830 1490.2
1298840 1497.1
1298850 1497.1
1298860 1502.7
1298870 1509.9
1298880 1509.9
1298890 1516.4
1298900 1522.3
1298910 1522.3
1298920 1528.5
1298930 1535.4
1298940 1535.4
1298950 1541.7
1298960 1547.8
1298970 1547.8
1298980 1553.8
1298990 1563.8
1299000 1563.8
1299010 1575.8
1299020 1584.6
1299030 1584.6
1299040 1589.2
1299050 1595.5
1299060 1595.5
1299070 1603.4
1299080 1611.0
1299090 1611.0
1299100 1620.3
1299110 1629.5
1299120 1629.5
1299130 1638.2
1299140 1644.8
1299150 1651.5
1299160 1651.5
1299170 1658.1
1299180 1668.8
1299190 1668.8
1299200 1672.5
1299210 1684.5
1299220 1684.5
1299230 1682.4
1299240 1665.2
1299250 1665.2
1299260 1640.9
1299270 1630.9
1299280 1630.9
1299290 1626.9
1299300 1624.6
1299310 1624.6
1299320 1623.3
1299330 1624.2
1299340 1624.2
1299350 1626.2
1299360 1627.5
1299370 1627.5
1299380 1628.3
1299390 1629.1
1299400 1629.1
1299410 1628.8
1299420 1628.3
1299430 1628.3
1299440 1629.4
1299450 1631.1
1299460 1632.7
1299470 1632.7
1299480 1633.7
1299490 1634.3
1299500 1634.3
1299510 1635.1
1299520 1636.5
1299530 1638.7
1299540 1641.0
1299550 1642.9
1299560 1642.9
1299570 1644.8
1299580 1647.3
1299590 1647.3
1299600 1649.9
1299610 1651.6
1299620 1651.6
1299630 1652.5
1299640 1652.6
1299650 1652.6
1299660 1652.3
1299670 1652.8
1299680 1652.8
1299690 1654.6
1299700 1657.6
1299710 1657.6
1299720 1662.0
1299730 1666.9
1299740 1666.9
1299750 1671.9
1299760 1676.7
1299770 1676.7
1299780 1680.1
1299790 1682.2
1299800 1685.9
1299810 1685.9
1299820 1691.5
1299830 1696.7
1299840 1696.7
1299850 1700.8
1299860 1705.5
1299870 1705.5
1299880 1710.1
1299890 1715.0
1299900 1715.0
1299910 1719.6
1299920 1724.8
1299930 1724.8
1299940 1730.2
1299950 1735.6
1299960 1735.6
1299970 1740.8
1299980 1746.4
1299990 1746.4
