1280000 1497.2
1280010 1497.2
1280020 1493.9
1280030 1490.4
1280040 1490.4
1280050 1486.6
1280060 1482.3
1280070 1482.3
1280080 1478.2
1280090 1473.6
1280100 1468.5
1280110 1468.5
1280120 1464.2
1280130 1452.3
1280140 1452.3
1280150 1445.9
1280160 1450.2
1280170 1450.2
1280180 1460.0
1280190 1467.6
1280200 1467.6
1280210 1474.9
1280220 1481.9
1280230 1481.9
1280240 1489.3
1280250 1496.9
1280260 1496.9
1280270 1504.1
1280280 1512.0
1280290 1512.0
1280300 1520.1
1280310 1527.2
1280320 1527.2
1280330 1533.1
1280340 1538.7
1280350 1538.7
1280360 1542.9
1280370 1546.0
1280380 1546.0
1280390 1548.8
1280400 1550.7
1280410 1550.7
1280420 1551.0
1280430 1550.2
1280440 1548.1
1280450 1548.1
1280460 1545.1
1280470 1539.9
1280480 1539.9
1280490 1532.4
1280500 1526.2
1280510 1526.2
1280520 1519.9
1280530 1520.6
1280540 1520.6
1280550 1528.5
1280560 1529.9
1280570 1529.9
1280580 1530.7
1280590 1530.6
1280600 1530.6
1280610 1529.4
1280620 1528.4
1280630 1528.4
1280640 1536.7
1280650 1545.0
1280660 1545.0
1280670 1545.8
1280680 1553.0
1280690 1553.0
1280700 1558.0
1280710 1565.1
1280720 1565.1
1280730 1572.3
1280740 1576.5
1280750 1576.5
1280760 1572.1
1280770 1572.5
1280780 1572.1
1280790 1572.1
1280800 1572.2
1280810 1569.8
1280820 1569.8
1280830 1572.5
1280840 1572.0
1280850 1572.0
1280860 1570.9
1280870 1572.6
1280880 1572.6
1280890 1573.2
1280900 1580.2
1280910 1580.2
1280920 1585.6
1280930 1594.4
1280940 1594.4
1280950 1607.1
1280960 1618.2
1280970 1618.2
1280980 1625.3
1280990 1632.2
1281000 1632.2
1281010 1638.7
1281020 1645.7
1281030 1645.7
1281040 1652.7
1281050 1659.2
1281060 1659.2
1281070 1664.9
1281080 1669.6
1281090 1674.8
1281100 1674.8
1281110 1679.7
1281120 1684.4
1281130 1684.4
1281140 1688.3
1281150 1692.9
1281160 1692.9
1281170 1695.5
1281180 1698.4
1281190 1698.4
1281200 1703.2
1281210 1710.0
1281220 1710.0
1281230 1718.0
1281240 1725.6
1281250 1725.6
1281260 1733.8
1281270 1742.2
1281280 1742.2
1281290 1750.2
1281300 1755.7
1281310 1755.7
1281320 1758.5
1281330 1762.1
1281340 1762.1
1281350 1764.6
1281360 1764.1
1281370 1764.1
1281380 1756.2
1281390 1750.3
1281400 1750.3
1281410 1743.8
1281420 1737.1
1281430 1732.3
1281440 1732.3
1281450 1730.2
1281460 1727.6
1281470 1727.6
1281480 1723.6
1281490 1720.2
1281500 1720.2
1281510 1724.0
1281520 1726.8
1281530 1726.8
1281540 1729.6
1281550 1732.4
1281560 1732.4
1281570 1734.6
1281580 1734.9
1281590 1734.9
1281600 1733.2
1281610 1731.2
1281620 1731.2
1281630 1731.1
1281640 1736.3
1281650 1736.3
1281660 1742.9
1281670 1750.0
1281680 1750.0
1281690 1756.5
1281700 1762.5
1281710 1762.5
1281720 1768.2
1281730 1773.7
1281740 1773.7
1281750 1778.9
1281760 1783.7
1281770 1788.1
1281780 1788.1
1281790 1792.1
1281800 1795.6
1281810 1795.6
1281820 1799.4
1281830 1802.2
1281840 1802.2
1281850 1804.4
1281860 1804.9
1281870 1804.9
1281880 1804.6
1281890 1803.0
1281900 1803.0
1281910 1800.3
1281920 1797.7
1281930 1797.7
1281940 1795.7
1281950 1793.9
1281960 1793.9
1281970 1792.9
1281980 1793.3
1281990 1793.3
1282000 1796.3
1282010 1798.1
1282020 1798.1
1282030 1802.8
1282040 1807.4
1282050 1807.4
1282060 1811.3
1282070 1814.5
1282080 1814.5
1282090 1817.0
1282100 1818.9
1282110 1820.1
1282120 1820.1
1282130 1820.5
1282140 1819.8
1282150 1819.8
1282160 1818.2
1282170 1815.5
1282180 1815.5
1282190 1813.6
1282200 1812.4
1282210 1812.4
1282220 1810.8
1282230 1809.2
1282240 1809.2
1282250 1807.4
1282260 1804.6
1282270 1804.6
1282280 1801.4
1282290 1799.4
1282300 1799.4
1282310 1797.0
1282320 1794.3
1282330 1794.3
1282340 1793.1
1282350 1791.8
1282360 1791.8
1282370 1791.9
1282380 1790.0
1282390 1790.0
1282400 1788.4
1282410 1785.3
1282420 1781.0
1282430 1781.0
1282440 1773.3
1282450 1765.3
1282460 1765.3
1282470 1763.6
1282480 1767.5
1282490 1767.5
1282500 1769.5
1282510 1772.4
1282520 1772.4
1282530 1775.1
1282540 1777.1
1282550 1777.1
1282560 1778.5
1282570 1780.6
1282580 1780.6
1282590 1784.5
1282600 1788.0
1282610 1788.0
1282620 1790.4
1282630 1792.7
1282640 1789.2
1282650 1790.6
1282660 1791.3
1282670 1791.3
1282680 1790.9
1282690 1788.1
1282700 1788.1
1282710 1782.9
1282720 1776.9
1282730 1776.9
1282740 1771.1
1282750 1765.7
1282760 1760.9
1282770 1760.9
1282780 1757.3
1282790 1753.2
1282800 1753.2
1282810 1749.5
1282820 1747.6
1282830 1747.6
1282840 1745.1
1282850 1741.4
1282860 1741.4
1282870 1735.3
1282880 1731.9
1282890 1731.9
1282900 1729.6
1282910 1726.1
1282920 1726.1
1282930 1722.7
1282940 1722.1
1282950 1722.1
1282960 1723.1
1282970 1720.8
1282980 1720.8
1282990 1716.9
1283000 1714.4
1283010 1714.4
1283020 1713.7
1283030 1714.1
1283040 1714.1
1283050 1711.6
1283060 1704.5
1283070 1704.5
1283080 1707.5
1283090 1710.6
1283100 1711.1
1283110 1711.1
1283120 1717.4
1283130 1723.2
1283140 1723.2
1283150 1728.2
1283160 1734.0
1283170 1734.0
1283180 1740.0
1283190 1745.5
1283200 1745.5
1283210 1751.0
1283220 1756.1
1283230 1756.1
1283240 1761.3
1283250 1766.3
1283260 1766.3
1283270 1771.3
1283280 1772.5
1283290 1772.5
1283300 1776.5
1283310 1779.9
1283320 1779.9
1283330 1783.0
1283340 1785.1
1283350 1785.1
1283360 1787.0
1283370 1786.9
1283380 1786.9
1283390 1783.6
1283400 1781.8
1283410 1781.8
1283420 1780.6
1283430 1781.2
1283440 1785.5
1283450 1785.5
1283460 1791.1
1283470 1796.4
1283480 1796.4
1283490 1801.0
1283500 1805.6
1283510 1805.6
1283520 1809.9
1283530 1812.2
1283540 1812.2
1283550 1813.9
1283560 1815.6
1283570 1815.6
1283580 1816.5
1283590 1817.7
1283600 1817.7
1283610 1817.8
1283620 1815.8
1283630 1815.8
1283640 1813.1
1283650 1813.5
1283660 1813.5
1283670 1819.0
1283680 1823.7
1283690 1823.7
1283700 1827.2
1283710 1829.6
1283720 1829.6
1283730 1831.0
1283740 1830.6
1283750 1829.6
1283760 1829.6
1283770 1829.6
1283780 1834.7
1283790 1834.7
1283800 1841.0
1283810 1847.1
1283820 1847.1
1283830 1852.8
1283840 1858.1
1283850 1858.1
1283860 1862.7
1283870 1866.2
1283880 1866.2
1283890 1867.4
1283900 1866.5
1283910 1866.5
1283920 1857.5
1283930 1855.1
1283940 1855.1
1283950 1853.4
1283960 1851.9
1283970 1851.9
1283980 1851.4
1283990 1852.1
1284000 1852.1
1284010 1852.1
1284020 1850.5
1284030 1850.5
1284040 1849.0
1284050 1850.9
1284060 1850.9
1284070 1852.8
1284080 1853.4
1284090 1854.9
1284100 1854.9
1284110 1856.9
1284120 1859.1
1284130 1859.1
1284140 1859.9
1284150 1859.0
1284160 1859.0
1284170 1857.9
1284180 1857.6
1284190 1857.6
1284200 1857.1
1284210 1856.7
1284220 1856.7
1284230 1856.1
1284240 1855.3
1284250 1855.3
1284260 1854.8
1284270 1854.2
1284280 1854.2
1284290 1853.0
1284300 1850.0
1284310 1850.0
1284320 1845.6
1284330 1840.8
1284340 1840.8
1284350 1836.3
1284360 1831.1
1284370 1831.1
1284380 1824.7
1284390 1817.7
1284400 1817.7
1284410 1810.2
1284420 1806.3
1284430 1807.5
1284440 1807.5
1284450 1811.7
1284460 1815.3
1284470 1815.3
1284480 1820.8
1284490 1826.5
1284500 1826.5
1284510 1832.8
1284520 1840.1
1284530 1840.1
1284540 1844.7
1284550 1845.3
1284560 1845.3
1284570 1851.1
1284580 1853.1
1284590 1853.1
1284600 1853.7
1284610 1855.2
1284620 1855.2
1284630 1857.8
1284640 1863.8
1284650 1863.8
1284660 1869.1
1284670 1874.1
1284680 1874.1
1284690 1878.3
1284700 1880.9
1284710 1880.9
1284720 1884.5
1284730 1891.5
1284740 1898.6
1284750 1898.6
1284760 1905.8
1284770 1912.8
1284780 1912.8
1284790 1918.4
1284800 1923.2
1284810 1923.2
1284820 1927.9
1284830 1932.7
1284840 1932.7
1284850 1936.5
1284860 1941.2
1284870 1941.2
1284880 1946.3
1284890 1952.0
1284900 1952.0
1284910 1957.8
1284920 1963.5
1284930 1963.5
1284940 1968.5
1284950 1973.1
1284960 1973.1
1284970 1976.9
1284980 1976.7
1284990 1976.7
1285000 1976.1
1285010 1974.3
1285020 1974.3
1285030 1967.2
1285040 1958.6
1285050 1958.6
1285060 1949.5
1285070 1940.8
1285080 1931.3
1285090 1931.3
1285100 1922.3
1285110 1916.3
1285120 1916.3
1285130 1912.4
1285140 1907.8
1285150 1907.8
1285160 1901.9
1285170 1896.0
1285180 1896.0
1285190 1887.2
1285200 1881.5
1285210 1881.5
1285220 1875.5
1285230 1870.4
1285240 1870.4
1285250 1865.9
1285260 1861.7
1285270 1861.7
1285280 1858.6
1285290 1855.0
1285300 1855.0
1285310 1850.3
1285320 1844.7
1285330 1844.7
1285340 1838.5
1285350 1831.9
1285360 1831.9
1285370 1825.2
1285380 1820.3
1285390 1820.3
1285400 1817.3
1285410 1814.0
1285420 1810.5
1285430 1810.5
1285440 1807.3
1285450 1804.4
1285460 1804.4
1285470 1802.4
1285480 1800.2
1285490 1800.2
1285500 1797.1
1285510 1795.6
1285520 1795.6
1285530 1793.7
1285540 1792.7
1285550 1792.7
1285560 1793.0
1285570 1789.8
1285580 1789.8
1285590 1786.2
1285600 1782.4
1285610 1782.4
1285620 1778.6
1285630 1774.0
1285640 1774.0
1285650 1769.8
1285660 1767.2
1285670 1767.2
1285680 1764.5
1285690 1762.1
1285700 1762.1
1285710 1761.2
1285720 1758.7
1285730 1754.5
1285740 1754.5
1285750 1752.3
1285760 1748.5
1285770 1748.5
1285780 1743.2
1285790 1738.4
1285800 1738.4
1285810 1734.3
1285820 1731.7
1285830 1731.7
1285840 1730.5
1285850 1726.4
1285860 1726.4
1285870 1722.0
1285880 1717.4
1285890 1717.4
1285900 1711.9
1285910 1707.0
1285920 1707.0
1285930 1703.1
1285940 1697.7
1285950 1697.7
1285960 1691.0
1285970 1686.2
1285980 1686.2
1285990 1686.0
1286000 1685.1
1286010 1685.1
1286020 1681.6
1286030 1678.4
1286040 1678.4
1286050 1675.6
1286060 1672.3
1286070 1668.9
1286080 1668.9
1286090 1665.2
1286100 1661.0
1286110 1661.0
1286120 1657.6
1286130 1653.0
1286140 1653.0
1286150 1647.4
1286160 1643.4
1286170 1643.4
1286180 1639.0
1286190 1634.9
1286200 1634.9
1286210 1631.1
1286220 1628.0
1286230 1628.0
1286240 1625.7
1286250 1622.7
1286260 1622.7
1286270 1619.3
1286280 1616.9
1286290 1616.9
1286300 1614.5
1286310 1608.7
1286320 1608.7
1286330 1602.5
1286340 1596.7
1286350 1596.7
1286360 1588.9
1286370 1583.5
1286380 1583.5
1286390 1573.0
1286400 1564.4
1286410 1560.7
1286420 1560.7
1286430 1561.7
1286440 1561.3
1286450 1561.3
1286460 1561.4
1286470 1561.3
1286480 1570.7
1286490 1564.0
1286500 1554.6
1286510 1554.6
1286520 1546.6
1286530 1538.7
1286540 1538.7
1286550 1531.2
1286560 1524.2
1286570 1524.2
1286580 1517.8
1286590 1510.6
1286600 1510.6
1286610 1503.5
1286620 1497.2
1286630 1497.2
1286640 1491.1
1286650 1484.6
1286660 1484.6
1286670 1478.0
1286680 1471.1
1286690 1471.1
1286700 1463.5
1286710 1454.1
1286720 1454.1
1286730 1446.7
1286740 1441.3
1286750 1435.1
1286760 1435.1
1286770 1426.1
1286780 1417.6
1286790 1417.6
1286800 1409.3
1286810 1400.1
1286820 1400.1
1286830 1392.0
1286840 1384.1
1286850 1384.1
1286860 1376.3
1286870 1367.6
1286880 1367.6
1286890 1357.7
1286900 1350.2
1286910 1350.2
1286920 1347.9
1286930 1342.8
1286940 1342.8
1286950 1337.7
1286960 1332.6
1286970 1332.6
1286980 1327.3
1286990 1322.4
1287000 1322.4
1287010 1318.0
1287020 1313.8
1287030 1313.8
1287040 1308.5
1287050 1302.3
1287060 1300.5
1287070 1300.5
1287080 1294.3
1287090 1287.7
1287100 1287.7
1287110 1282.0
1287120 1280.8
1287130 1280.8
1287140 1275.6
1287150 1270.3
1287160 1270.3
1287170 1265.0
1287180 1259.7
1287190 1259.7
1287200 1254.1
1287210 1248.8
1287220 1248.8
1287230 1244.4
1287240 1240.8
1287250 1240.8
1287260 1236.8
1287270 1233.1
1287280 1233.1
1287290 1229.1
1287300 1225.5
1287310 1225.5
1287320 1226.4
1287330 1224.6
1287340 1224.6
1287350 1222.6
1287360 1221.3
1287370 1221.3
1287380 1219.4
1287390 1217.1
1287400 1214.0
1287410 1214.0
1287420 1210.2
1287430 1205.9
1287440 1205.9
1287450 1196.6
1287460 1187.8
1287470 1187.8
1287480 1194.5
1287490 1204.4
1287500 1204.4
1287510 1213.7
1287520 1223.3
1287530 1223.3
1287540 1229.7
1287550 1233.9
1287560 1233.9
1287570 1237.4
1287580 1240.3
1287590 1240.3
1287600 1242.4
1287610 1244.0
1287620 1244.0
1287630 1245.1
1287640 1248.1
1287650 1248.1
1287660 1252.5
1287670 1256.7
1287680 1256.7
1287690 1260.9
1287700 1265.4
1287710 1265.4
1287720 1269.5
1287730 1273.7
1287740 1277.3
1287750 1277.3
1287760 1283.6
1287770 1298.9
1287780 1298.9
1287790 1301.9
1287800 1304.3
1287810 1304.3
1287820 1308.4
1287830 1314.5
1287840 1314.5
1287850 1320.3
1287860 1325.6
1287870 1325.6
1287880 1329.6
1287890 1331.6
1287900 1331.6
1287910 1335.6
1287920 1341.5
1287930 1341.5
1287940 1347.1
1287950 1352.4
1287960 1352.4
1287970 1359.8
1287980 1367.4
1287990 1367.4
1288000 1375.2
1288010 1382.7
1288020 1382.7
1288030 1389.4
1288040 1395.9
1288050 1403.1
1288060 1403.1
1288070 1410.4
1288080 1417.8
1288090 1417.8
1288100 1425.5
1288110 1431.6
1288120 1431.6
1288130 1437.3
1288140 1444.0
1288150 1444.0
1288160 1450.8
1288170 1460.6
1288180 1460.6
1288190 1475.8
1288200 1489.5
1288210 1489.5
1288220 1502.5
1288230 1511.1
1288240 1511.1
1288250 1517.6
1288260 1522.7
1288270 1522.7
1288280 1530.0
1288290 1536.2
1288300 1536.2
1288310 1542.8
1288320 1549.5
1288330 1549.5
1288340 1558.1
1288350 1562.2
1288360 1562.2
1288370 1563.6
1288380 1567.1
1288390 1572.8
1288400 1572.8
1288410 1578.9
1288420 1589.4
1288430 1589.4
1288440 1595.7
1288450 1601.1
1288460 1601.1
1288470 1605.2
1288480 1610.1
1288490 1610.1
1288500 1616.9
1288510 1623.3
1288520 1623.3
1288530 1629.2
1288540 1634.8
1288550 1634.8
1288560 1639.6
1288570 1643.7
1288580 1643.7
1288590 1646.9
1288600 1649.6
1288610 1649.6
1288620 1652.6
1288630 1655.3
1288640 1655.3
1288650 1659.7
1288660 1664.0
1288670 1664.0
1288680 1668.9
1288690 1672.7
1288700 1672.7
1288710 1676.7
1288720 1682.6
1288730 1688.2
1288740 1688.2
1288750 1693.4
1288760 1698.7
1288770 1698.7
1288780 1703.9
1288790 1706.5
1288800 1706.5
1288810 1707.8
1288820 1705.0
1288830 1705.0
1288840 1701.2
1288850 1697.9
1288860 1697.9
1288870 1694.3
1288880 1689.4
1288890 1689.4
1288900 1684.3
1288910 1680.4
1288920 1680.4
1288930 1675.8
1288940 1670.3
1288950 1670.3
1288960 1665.1
1288970 1659.1
1288980 1659.1
1288990 1653.3
1289000 1646.9
1289010 1646.9
1289020 1640.6
1289030 1634.6
1289040 1627.5
1289050 1627.5
1289060 1620.6
1289070 1615.6
1289080 1622.6
1289090 1618.9
1289100 1614.2
1289110 1614.2
1289120 1609.3
1289130 1603.4
1289140 1603.4
1289150 1596.9
1289160 1589.8
1289170 1589.8
1289180 1583.6
1289190 1576.9
1289200 1576.9
1289210 1568.5
1289220 1560.0
1289230 1560.0
1289240 1552.3
1289250 1544.1
1289260 1544.1
1289270 1537.1
1289280 1530.9
1289290 1530.9
1289300 1525.4
1289310 1519.7
1289320 1519.7
1289330 1514.9
1289340 1509.6
1289350 1509.6
1289360 1503.7
1289370 1497.0
1289380 1491.7
1289390 1491.7
1289400 1485.7
1289410 1479.8
1289420 1479.8
1289430 1474.2
1289440 1467.3
1289450 1467.3
1289460 1461.9
1289470 1456.8
1289480 1456.8
1289490 1451.5
1289500 1445.2
1289510 1445.2
1289520 1438.3
1289530 1431.1
1289540 1431.1
1289550 1422.9
1289560 1415.8
1289570 1415.8
1289580 1411.3
1289590 1405.3
1289600 1405.3
1289610 1400.3
1289620 1396.6
1289630 1396.6
1289640 1393.6
1289650 1389.9
1289660 1389.9
1289670 1385.0
1289680 1380.4
1289690 1380.4
1289700 1374.7
1289710 1372.4
1289720 1371.5
1289730 1364.1
1289740 1364.4
1289750 1366.8
1289760 1366.8
1289770 1366.3
1289780 1360.4
1289790 1360.4
1289800 1351.9
1289810 1341.6
1289820 1341.6
1289830 1331.0
1289840 1320.3
1289850 1320.3
1289860 1310.3
1289870 1301.5
1289880 1301.5
1289890 1294.3
1289900 1287.9
1289910 1287.9
1289920 1281.0
1289930 1273.7
1289940 1273.7
1289950 1266.9
1289960 1259.5
1289970 1259.5
1289980 1251.2
1289990 1243.2
1290000 1243.2
1290010 1236.0
1290020 1228.7
1290030 1228.7
1290040 1221.1
1290050 1213.7
1290060 1207.0
1290070 1207.0
1290080 1201.1
1290090 1195.7
1290100 1195.7
1290110 1190.3
1290120 1185.0
1290130 1185.0
1290140 1179.9
1290150 1175.1
1290160 1175.1
1290170 1170.6
1290180 1165.9
1290190 1165.9
1290200 1161.7
1290210 1157.6
1290220 1157.6
1290230 1153.7
1290240 1149.6
1290250 1149.6
1290260 1143.3
1290270 1135.3
1290280 1135.3
1290290 1129.6
1290300 1127.6
1290310 1127.6
1290320 1129.6
1290330 1131.7
1290340 1131.7
1290350 1133.0
1290360 1134.9
1290370 1137.5
1290380 1137.5
1290390 1142.2
1290400 1146.1
1290410 1146.1
1290420 1151.1
1290430 1157.5
1290440 1157.5
1290450 1164.1
1290460 1171.6
1290470 1171.6
1290480 1179.6
1290490 1187.3
1290500 1187.3
1290510 1193.8
1290520 1200.1
1290530 1200.1
1290540 1207.4
1290550 1215.4
1290560 1215.4
1290570 1223.1
1290580 1230.1
1290590 1230.1
1290600 1236.1
1290610 1242.7
1290620 1242.7
1290630 1249.9
1290640 1256.1
1290650 1256.1
1290660 1261.8
1290670 1267.4
1290680 1267.4
1290690 1274.7
1290700 1283.3
1290710 1290.4
1290720 1290.4
1290730 1297.3
1290740 1304.6
1290750 1304.6
1290760 1310.5
1290770 1316.8
1290780 1316.8
1290790 1324.2
1290800 1331.3
1290810 1331.3
1290820 1337.8
1290830 1344.7
1290840 1344.7
1290850 1350.4
1290860 1356.3
1290870 1356.3
1290880 1364.2
1290890 1373.7
1290900 1373.7
1290910 1384.3
1290920 1396.1
1290930 1396.1
1290940 1403.5
1290950 1407.4
1290960 1407.4
1290970 1409.6
1290980 1411.7
1290990 1411.7
1291000 1414.5
1291010 1419.9
1291020 1419.9
1291030 1427.3
1291040 1433.1
1291050 1434.8
1291060 1434.8
1291070 1444.1
1291080 1452.2
1291090 1452.2
1291100 1459.9
1291110 1468.8
1291120 1468.8
1291130 1478.9
1291140 1488.9
1291150 1488.9
1291160 1498.6
1291170 1505.6
1291180 1505.6
1291190 1513.1
1291200 1522.1
1291210 1522.1
1291220 1531.2
1291230 1541.2
1291240 1541.2
1291250 1550.4
1291260 1558.6
1291270 1558.6
1291280 1565.1
1291290 1572.7
1291300 1572.7
1291310 1579.6
1291320 1587.3
1291330 1587.3
1291340 1595.6
1291350 1604.1
1291360 1611.4
1291370 1611.4
1291380 1618.3
1291390 1625.3
1291400 1625.3
1291410 1632.3
1291420 1640.9
1291430 1640.9
1291440 1648.6
1291450 1656.0
1291460 1656.0
1291470 1664.5
1291480 1672.8
1291490 1672.8
1291500 1680.6
1291510 1688.4
1291520 1688.4
1291530 1694.2
1291540 1700.7
1291550 1700.7
1291560 1707.1
1291570 1713.4
1291580 1713.4
1291590 1721.5
1291600 1731.5
1291610 1731.5
1291620 1744.8
1291630 1761.0
1291640 1761.0
1291650 1779.5
1291660 1798.1
1291670 1798.1
1291680 1807.4
1291690 1814.7
1291700 1817.8
1291710 1825.1
1291720 1825.7
1291730 1814.2
1291740 1814.2
1291750 1804.5
1291760 1796.2
1291770 1796.2
1291780 1787.4
1291790 1778.3
1291800 1778.3
1291810 1768.9
1291820 1759.8
1291830 1759.8
1291840 1745.6
1291850 1737.6
1291860 1737.6
1291870 1729.4
1291880 1724.0
1291890 1724.0
1291900 1718.3
1291910 1706.5
1291920 1706.5
1291930 1694.3
1291940 1683.0
1291950 1683.0
1291960 1675.4
1291970 1669.7
1291980 1669.7
1291990 1667.8
1292000 1661.7
1292010 1661.7
1292020 1654.0
1292030 1646.3
1292040 1642.1
1292050 1642.1
1292060 1639.3
1292070 1639.5
1292080 1639.5
1292090 1640.4
1292100 1638.7
1292110 1638.7
1292120 1635.7
1292130 1634.6
1292140 1634.6
1292150 1633.7
1292160 1631.2
1292170 1631.2
1292180 1627.7
1292190 1624.9
1292200 1624.9
1292210 1622.2
1292220 1618.9
1292230 1618.9
1292240 1615.9
1292250 1613.1
1292260 1613.1
1292270 1609.1
1292280 1605.2
1292290 1605.2
1292300 1602.1
1292310 1599.0
1292320 1599.0
1292330 1595.4
1292340 1592.8
1292350 1591.6
1292360 1591.6
1292370 1596.0
1292380 1593.6
1292390 1593.6
1292400 1590.4
1292410 1585.1
1292420 1585.1
1292430 1578.9
1292440 1572.2
1292450 1572.2
1292460 1566.0
1292470 1561.8
1292480 1561.8
1292490 1558.2
1292500 1554.3
1292510 1554.3
1292520 1549.4
1292530 1543.9
1292540 1543.9
1292550 1538.7
1292560 1533.9
1292570 1533.9
1292580 1529.3
1292590 1525.1
1292600 1525.1
1292610 1521.0
1292620 1517.4
1292630 1517.4
1292640 1515.0
1292650 1513.3
1292660 1513.3
1292670 1512.7
1292680 1513.3
1292690 1514.0
1292700 1514.0
1292710 1515.7
1292720 1518.3
1292730 1518.3
1292740 1520.3
1292750 1522.2
1292760 1522.2
1292770 1524.5
1292780 1527.2
1292790 1527.2
1292800 1530.5
1292810 1534.3
1292820 1534.3
1292830 1538.2
1292840 1543.2
1292850 1543.2
1292860 1548.5
1292870 1553.5
1292880 1553.5
1292890 1558.7
1292900 1563.7
1292910 1563.7
1292920 1568.8
1292930 1574.1
1292940 1574.1
1292950 1579.5
1292960 1584.6
1292970 1584.6
1292980 1590.0
1292990 1595.5
1293000 1595.5
1293010 1601.6
1293020 1607.9
1293030 1614.0
1293040 1611.5
1293050 1617.9
1293060 1623.9
1293070 1623.9
1293080 1629.0
1293090 1636.0
1293100 1636.0
1293110 1642.7
1293120 1647.6
1293130 1647.6
1293140 1651.7
1293150 1659.5
1293160 1659.5
1293170 1668.3
1293180 1676.6
1293190 1676.6
1293200 1685.5
1293210 1694.1
1293220 1694.1
1293230 1701.6
1293240 1707.7
1293250 1707.7
1293260 1713.5
1293270 1720.2
1293280 1720.2
1293290 1728.6
1293300 1738.6
1293310 1738.6
1293320 1748.2
1293330 1757.2
1293340 1757.2
1293350 1765.6
1293360 1773.1
1293370 1777.7
1293380 1777.7
1293390 1775.1
1293400 1769.0
1293410 1769.0
1293420 1763.5
1293430 1759.1
1293440 1759.1
1293450 1753.9
1293460 1747.7
1293470 1747.7
1293480 1740.5
1293490 1732.7
1293500 1732.7
1293510 1725.6
1293520 1719.6
1293530 1719.6
1293540 1714.0
1293550 1708.6
1293560 1708.6
1293570 1704.2
1293580 1699.5
1293590 1699.5
1293600 1693.7
1293610 1685.7
1293620 1685.7
1293630 1676.6
1293640 1668.8
1293650 1668.8
1293660 1662.8
1293670 1657.9
1293680 1653.3
1293690 1653.3
1293700 1648.2
1293710 1639.5
1293720 1639.5
1293730 1633.9
1293740 1628.2
1293750 1628.2
1293760 1624.1
1293770 1621.7
1293780 1621.7
1293790 1618.6
1293800 1615.4
1293810 1615.4
1293820 1611.6
1293830 1606.5
1293840 1606.5
1293850 1601.4
1293860 1598.4
1293870 1598.4
1293880 1593.9
1293890 1590.1
1293900 1590.1
1293910 1586.4
1293920 1582.3
1293930 1582.3
1293940 1577.4
1293950 1572.7
1293960 1572.7
1293970 1569.0
1293980 1566.1
1293990 1566.1
1294000 1563.4
1294010 1559.4
1294020 1554.8
1294030 1554.8
1294040 1549.5
1294050 1543.9
1294060 1543.9
1294070 1538.2
1294080 1532.5
1294090 1532.5
1294100 1527.6
1294110 1524.2
1294120 1524.2
1294130 1520.0
1294140 1515.8
1294150 1515.8
1294160 1511.4
1294170 1507.5
1294180 1507.5
1294190 1503.3
1294200 1498.8
1294210 1498.8
1294220 1494.4
1294230 1489.8
1294240 1489.8
1294250 1485.6
1294260 1480.8
1294270 1480.8
1294280 1476.5
1294290 1472.3
1294300 1472.3
1294310 1468.0
1294320 1463.8
1294330 1463.8
1294340 1459.7
1294350 1455.5
1294360 1451.4
1294370 1451.4
1294380 1447.9
1294390 1444.3
1294400 1444.3
1294410 1440.6
1294420 1437.0
1294430 1437.0
1294440 1432.8
1294450 1427.5
1294460 1427.5
1294470 1424.7
1294480 1424.3
1294490 1424.3
1294500 1422.6
1294510 1416.1
1294520 1416.1
1294530 1410.2
1294540 1417.2
1294550 1417.2
1294560 1422.9
1294570 1426.3
1294580 1426.3
1294590 1429.9
1294600 1432.7
1294610 1432.7
1294620 1435.0
1294630 1438.8
1294640 1438.8
1294650 1443.2
1294660 1448.1
1294670 1453.5
1294680 1453.5
1294690 1460.0
1294700 1467.3
1294710 1467.3
1294720 1473.9
1294730 1479.2
1294740 1479.2
1294750 1484.3
1294760 1489.9
1294770 1489.9
1294780 1495.3
1294790 1500.7
1294800 1500.7
1294810 1505.6
1294820 1510.7
1294830 1510.7
1294840 1516.1
1294850 1521.9
1294860 1521.9
1294870 1528.0
1294880 1534.5
1294890 1534.5
1294900 1540.5
1294910 1546.3
1294920 1546.3
1294930 1551.5
1294940 1556.4
1294950 1556.4
1294960 1560.8
1294970 1565.3
1294980 1565.3
1294990 1570.3
1295000 1575.8
1295010 1581.4
1295020 1581.4
1295030 1584.5
1295040 1585.4
1295050 1588.5
1295060 1590.6
1295070 1593.0
1295080 1593.0
1295090 1594.7
1295100 1595.5
1295110 1595.5
1295120 1596.2
1295130 1598.1
1295140 1598.1
1295150 1601.4
1295160 1605.1
1295170 1605.1
1295180 1608.6
1295190 1612.1
1295200 1612.1
1295210 1615.4
1295220 1619.1
1295230 1619.1
1295240 1623.1
1295250 1626.5
1295260 1626.5
1295270 1629.1
1295280 1632.1
1295290 1632.1
1295300 1636.0
1295310 1639.8
1295320 1639.8
1295330 1642.4
1295340 1643.5
1295350 1644.5
1295360 1644.5
1295370 1646.8
1295380 1649.6
1295390 1649.6
1295400 1651.8
1295410 1651.7
1295420 1651.7
1295430 1650.1
1295440 1649.2
1295450 1649.2
1295460 1649.0
1295470 1649.2
1295480 1649.2
1295490 1650.5
1295500 1651.5
1295510 1651.5
1295520 1650.4
1295530 1648.2
1295540 1648.2
1295550 1646.4
1295560 1645.4
1295570 1645.4
1295580 1645.7
1295590 1647.1
1295600 1647.1
1295610 1648.1
1295620 1648.7
1295630 1648.7
1295640 1648.4
1295650 1647.0
1295660 1645.9
1295670 1645.9
1295680 1644.8
1295690 1644.6
1295700 1644.6
1295710 1645.0
1295720 1653.1
1295730 1653.1
1295740 1655.1
1295750 1658.1
1295760 1658.1
1295770 1661.1
1295780 1663.8
1295790 1663.8
1295800 1667.1
1295810 1671.1
1295820 1671.1
1295830 1675.3
1295840 1678.2
1295850 1678.2
1295860 1679.5
1295870 1680.2
1295880 1680.2
1295890 1680.9
1295900 1681.6
1295910 1681.6
1295920 1681.3
1295930 1679.8
1295940 1679.8
1295950 1677.3
1295960 1673.9
1295970 1673.9
1295980 1671.1
1295990 1666.3
1296000 1660.5
1296010 1660.5
1296020 1654.4
1296030 1648.9
1296040 1648.9
1296050 1644.5
1296060 1641.4
1296070 1641.4
1296080 1639.4
1296090 1636.8
1296100 1636.8
1296110 1634.8
1296120 1634.9
1296130 1634.9
1296140 1635.3
1296150 1635.8
1296160 1635.8
1296170 1637.4
1296180 1640.4
1296190 1640.4
1296200 1644.0
1296210 1648.1
1296220 1648.1
1296230 1652.7
1296240 1657.9
1296250 1657.9
1296260 1665.5
1296270 1673.8
1296280 1673.8
1296290 1679.5
1296300 1683.9
1296310 1683.9
1296320 1689.6
1296330 1695.7
1296340 1701.4
1296350 1701.4
1296360 1706.6
1296370 1709.9
1296380 1709.9
1296390 1709.5
1296400 1713.9
1296410 1713.9
1296420 1712.3
1296430 1708.5
1296440 1708.5
1296450 1703.5
1296460 1698.6
1296470 1698.6
1296480 1692.0
1296490 1685.4
1296500 1685.4
1296510 1678.2
1296520 1671.1
1296530 1671.1
1296540 1665.7
1296550 1660.2
1296560 1660.2
1296570 1655.4
1296580 1649.8
1296590 1649.8
1296600 1642.8
1296610 1634.5
1296620 1634.5
1296630 1629.0
1296640 1624.9
1296650 1624.9
1296660 1620.8
1296670 1617.2
1296680 1613.9
1296690 1613.9
1296700 1611.6
1296710 1610.2
1296720 1610.2
1296730 1608.9
1296740 1607.6
1296750 1607.6
1296760 1607.0
1296770 1608.6
1296780 1608.6
1296790 1612.6
1296800 1618.6
1296810 1618.6
1296820 1623.2
1296830 1625.6
1296840 1625.6
1296850 1626.9
1296860 1626.0
1296870 1626.0
1296880 1625.9
1296890 1629.6
1296900 1629.6
1296910 1632.8
1296920 1636.2
1296930 1636.2
1296940 1640.1
1296950 1645.0
1296960 1645.0
1296970 1650.4
1296980 1656.4
1296990 1662.4
1297000 1662.4
1297010 1667.1
1297020 1670.3
1297030 1670.3
1297040 1673.3
1297050 1676.9
1297060 1676.9
1297070 1680.2
1297080 1685.1
1297090 1685.1
1297100 1689.2
1297110 1693.2
1297120 1693.2
1297130 1697.8
1297140 1702.3
1297150 1702.3
1297160 1706.9
1297170 1711.8
1297180 1711.8
1297190 1716.2
1297200 1721.3
1297210 1721.3
1297220 1727.1
1297230 1733.6
1297240 1733.6
1297250 1740.2
1297260 1747.1
1297270 1747.1
1297280 1753.7
1297290 1759.7
1297300 1759.7
1297310 1766.7
1297320 1773.7
1297330 1778.5
1297340 1778.5
1297350 1782.3
1297360 1786.1
1297370 1786.1
1297380 1790.5
1297390 1794.4
1297400 1794.4
1297410 1797.6
1297420 1802.6
1297430 1802.6
1297440 1807.4
1297450 1811.5
1297460 1811.5
1297470 1816.3
1297480 1821.5
1297490 1821.5
1297500 1826.7
1297510 1832.5
1297520 1832.5
1297530 1838.2
1297540 1844.4
1297550 1844.4
1297560 1851.2
1297570 1859.4
1297580 1859.4
1297590 1867.7
1297600 1876.1
1297610 1876.1
1297620 1884.0
1297630 1891.2
1297640 1891.2
1297650 1898.6
1297660 1906.2
1297670 1913.1
1297680 1913.1
1297690 1919.9
1297700 1921.7
1297710 1921.7
1297720 1916.3
1297730 1913.0
1297740 1913.0
1297750 1905.9
1297760 1903.4
1297770 1903.4
1297780 1896.0
1297790 1888.8
1297800 1888.8
1297810 1880.7
1297820 1874.4
1297830 1874.4
1297840 1869.2
1297850 1864.2
1297860 1864.2
1297870 1858.3
1297880 1851.7
1297890 1851.7
1297900 1841.5
1297910 1812.4
1297920 1812.4
1297930 1780.2
1297940 1755.9
1297950 1755.9
1297960 1739.2
1297970 1723.0
1297980 1711.9
1297990 1711.9
1298000 1701.3
1298010 1692.0
1298020 1692.0
1298030 1683.3
1298040 1673.7
1298050 1673.7
1298060 1664.7
1298070 1658.6
1298080 1658.6
1298090 1654.4
1298100 1648.7
1298110 1648.7
1298120 1641.9
1298130 1637.6
1298140 1637.6
1298150 1632.5
1298160 1627.4
1298170 1627.4
1298180 1621.1
1298190 1613.5
1298200 1613.5
1298210 1605.7
1298220 1598.0
1298230 1598.0
1298240 1592.4
1298250 1589.4
1298260 1589.4
1298270 1586.5
1298280 1582.3
1298290 1582.3
1298300 1577.4
1298310 1571.5
1298320 1566.0
1298330 1566.0
1298340 1560.5
1298350 1554.9
1298360 1554.9
1298370 1549.1
1298380 1543.3
1298390 1543.3
1298400 1537.9
1298410 1532.6
1298420 1532.6
1298430 1527.4
1298440 1522.5
1298450 1525.3
1298460 1520.3
1298470 1515.6
1298480 1515.6
1298490 1511.0
1298500 1506.0
1298510 1506.0
1298520 1501.9
1298530 1497.9
1298540 1497.9
1298550 1494.1
1298560 1490.7
1298570 1490.7
1298580 1488.3
1298590 1487.2
1298600 1487.2
1298610 1485.1
1298620 1481.0
1298630 1481.0
1298640 1478.3
1298650 1477.4
1298660 1476.7
1298670 1476.7
1298680 1476.0
1298690 1469.3
1298700 1469.3
1298710 1460.0
1298720 1458.1
1298730 1458.1
1298740 1462.2
1298750 1466.8
1298760 1466.8
1298770 1471.5
1298780 1476.5
1298790 1476.5
1298800 1481.4
1298810 1486.8
1298820 1486.8
1298830 1492.6
1298840 1497.9
1298850 1497.9
1298860 1502.8
1298870 1508.4
1298880 1508.4
1298890 1515.1
1298900 1524.1
1298910 1524.1
1298920 1541.3
1298930 1556.8
1298940 1556.8
1298950 1565.7
1298960 1572.6
1298970 1578.8
1298980 1578.8
1298990 1586.1
1299000 1595.4
1299010 1595.4
1299020 1610.3
1299030 1628.9
1299040 1628.9
1299050 1655.2
1299060 1680.5
1299070 1680.5
1299080 1694.1
1299090 1700.9
1299100 1700.9
1299110 1703.4
1299120 1701.1
1299130 1701.6
1299140 1694.9
1299150 1688.6
1299160 1688.6
1299170 1675.0
1299180 1656.6
1299190 1656.6
1299200 1644.7
1299210 1632.1
1299220 1632.1
1299230 1624.0
1299240 1619.9
1299250 1619.9
1299260 1615.9
1299270 1612.1
1299280 1612.1
1299290 1610.3
1299300 1607.9
1299310 1605.5
1299320 1605.5
1299330 1605.0
1299340 1605.8
1299350 1605.8
1299360 1608.6
1299370 1611.2
1299380 1611.2
1299390 1613.0
1299400 1614.4
1299410 1614.4
1299420 1616.1
1299430 1618.1
1299440 1618.1
1299450 1619.9
1299460 1621.9
1299470 1621.9
1299480 1624.4
1299490 1626.6
1299500 1626.6
1299510 1629.2
1299520 1630.7
1299530 1630.7
1299540 1632.0
1299550 1633.1
1299560 1633.1
1299570 1633.3
1299580 1633.2
1299590 1633.2
1299600 1631.8
1299610 1633.1
1299620 1633.1
1299630 1638.4
1299640 1642.1
1299650 1645.4
1299660 1645.4
1299670 1649.4
1299680 1653.9
1299690 1653.9
1299700 1658.8
1299710 1663.6
1299720 1663.6
1299730 1668.2
1299740 1672.9
1299750 1672.9
1299760 1677.6
1299770 1681.7
1299780 1681.7
1299790 1687.1
1299800 1693.5
1299810 1693.5
1299820 1699.7
1299830 1704.0
1299840 1704.0
1299850 1708.6
1299860 1713.8
1299870 1713.8
1299880 1719.1
1299890 1724.4
1299900 1724.4
1299910 1730.1
1299920 1736.2
1299930 1736.2
1299940 1742.3
1299950 1747.7
1299960 1753.5
1299970 1753.5
1299980 1759.7
1299990 1766.0
