1280000 1670.3
1280010 1669.0
1280020 1669.0
1280030 1667.3
1280040 1665.1
1280050 1665.1
1280060 1663.1
1280070 1662.4
1280080 1662.4
1280090 1663.0
1280100 1664.8
1280110 1666.1
1280120 1666.1
1280130 1664.6
1280140 1665.5
1280150 1665.5
1280160 1667.8
1280170 1670.7
1280180 1670.7
1280190 1673.2
1280200 1675.7
1280210 1675.7
1280220 1679.7
1280230 1682.5
1280240 1682.5
1280250 1685.4
1280260 1689.2
1280270 1689.2
1280280 1691.5
1280290 1694.8
1280300 1694.8
1280310 1699.9
1280320 1709.1
1280330 1709.1
1280340 1718.6
1280350 1725.7
1280360 1725.7
1280370 1731.7
1280380 1737.9
1280390 1737.9
1280400 1743.8
1280410 1749.7
1280420 1749.7
1280430 1754.4
1280440 1757.6
1280450 1760.7
1280460 1760.7
1280470 1764.0
1280480 1766.7
1280490 1766.7
1280500 1769.3
1280510 1772.0
1280520 1772.0
1280530 1774.8
1280540 1776.3
1280550 1776.3
1280560 1778.5
1280570 1780.4
1280580 1780.4
1280590 1782.5
1280600 1784.8
1280610 1784.8
1280620 1788.1
1280630 1794.0
1280640 1794.0
1280650 1799.2
1280660 1804.4
1280670 1804.4
1280680 1808.8
1280690 1813.4
1280700 1813.4
1280710 1818.9
1280720 1823.1
1280730 1823.1
1280740 1829.1
1280750 1832.7
1280760 1832.7
1280770 1839.4
1280780 1845.7
1280790 1852.5
1280800 1852.5
1280810 1858.8
1280820 1865.2
1280830 1865.2
1280840 1871.6
1280850 1877.8
1280860 1877.8
1280870 1883.9
1280880 1889.8
1280890 1889.8
1280900 1894.7
1280910 1899.2
1280920 1899.2
1280930 1902.1
1280940 1902.3
1280950 1902.3
1280960 1896.1
1280970 1886.1
1280980 1886.1
1280990 1878.6
1281000 1871.7
1281010 1871.7
1281020 1863.7
1281030 1856.1
1281040 1856.1
1281050 1846.8
1281060 1835.7
1281070 1835.7
1281080 1824.7
1281090 1813.4
1281100 1813.4
1281110 1802.6
1281120 1796.6
1281130 1791.8
1281140 1791.8
1281150 1786.9
1281160 1782.4
1281170 1782.4
1281180 1777.6
1281190 1772.5
1281200 1772.5
1281210 1768.1
1281220 1763.4
1281230 1763.4
1281240 1759.8
1281250 1757.3
1281260 1757.3
1281270 1754.4
1281280 1751.2
1281290 1751.2
1281300 1747.8
1281310 1744.3
1281320 1744.3
1281330 1740.7
1281340 1737.4
1281350 1737.4
1281360 1734.6
1281370 1731.3
1281380 1736.9
1281390 1733.7
1281400 1730.5
1281410 1730.5
1281420 1727.9
1281430 1725.9
1281440 1724.2
1281450 1724.2
1281460 1723.6
1281470 1723.6
1281480 1723.6
1281490 1723.6
1281500 1723.5
1281510 1723.5
1281520 1722.3
1281530 1721.6
1281540 1721.6
1281550 1721.3
1281560 1720.3
1281570 1720.3
1281580 1719.7
1281590 1719.7
1281600 1719.7
1281610 1719.5
1281620 1718.5
1281630 1718.5
1281640 1717.6
1281650 1717.4
1281660 1717.4
1281670 1716.6
1281680 1716.7
1281690 1716.7
1281700 1717.7
1281710 1718.4
1281720 1718.4
1281730 1718.8
1281740 1718.5
1281750 1718.5
1281760 1719.2
1281770 1720.8
1281780 1721.7
1281790 1721.7
1281800 1723.0
1281810 1723.0
1281820 1723.0
1281830 1724.2
1281840 1728.4
1281850 1728.4
1281860 1731.9
1281870 1735.5
1281880 1735.5
1281890 1740.2
1281900 1744.5
1281910 1744.5
1281920 1747.9
1281930 1750.4
1281940 1750.4
1281950 1753.7
1281960 1757.0
1281970 1757.0
1281980 1759.1
1281990 1761.2
1282000 1761.2
1282010 1770.6
1282020 1775.5
1282030 1775.5
1282040 1780.2
1282050 1785.0
1282060 1785.0
1282070 1789.0
1282080 1792.6
1282090 1792.6
1282100 1796.0
1282110 1798.5
1282120 1801.3
1282130 1801.3
1282140 1804.6
1282150 1809.6
1282160 1809.6
1282170 1818.5
1282180 1828.1
1282190 1828.1
1282200 1832.7
1282210 1832.8
1282220 1832.8
1282230 1835.3
1282240 1840.9
1282250 1840.9
1282260 1850.0
1282270 1861.1
1282280 1861.1
1282290 1867.7
1282300 1877.0
1282310 1877.0
1282320 1885.5
1282330 1894.9
1282340 1894.9
1282350 1903.2
1282360 1911.2
1282370 1911.2
1282380 1918.4
1282390 1922.1
1282400 1922.1
1282410 1916.7
1282420 1908.7
1282430 1908.7
1282440 1899.1
1282450 1890.4
1282460 1882.4
1282470 1882.4
1282480 1875.3
1282490 1866.8
1282500 1866.8
1282510 1858.8
1282520 1851.3
1282530 1851.3
1282540 1842.8
1282550 1834.8
1282560 1834.8
1282570 1828.2
1282580 1821.9
1282590 1821.9
1282600 1816.5
1282610 1811.0
1282620 1811.0
1282630 1804.1
1282640 1806.1
1282650 1806.1
1282660 1801.0
1282670 1794.8
1282680 1794.8
1282690 1786.9
1282700 1779.2
1282710 1779.2
1282720 1772.7
1282730 1769.7
1282740 1769.7
1282750 1765.4
1282760 1756.9
1282770 1756.9
1282780 1747.2
1282790 1739.9
1282800 1734.2
1282810 1734.2
1282820 1731.7
1282830 1731.5
1282840 1731.5
1282850 1731.7
1282860 1732.2
1282870 1732.2
1282880 1731.8
1282890 1730.3
1282900 1730.3
1282910 1730.1
1282920 1728.9
1282930 1728.9
1282940 1727.4
1282950 1725.3
1282960 1725.3
1282970 1722.6
1282980 1721.1
1282990 1721.1
1283000 1721.9
1283010 1724.4
1283020 1724.4
1283030 1728.9
1283040 1733.4
1283050 1733.4
1283060 1736.6
1283070 1740.1
1283080 1740.1
1283090 1744.3
1283100 1748.1
1283110 1754.5
1283120 1754.5
1283130 1761.6
1283140 1768.6
1283150 1768.6
1283160 1775.0
1283170 1780.6
1283180 1780.6
1283190 1786.2
1283200 1792.5
1283210 1792.5
1283220 1799.2
1283230 1807.6
1283240 1807.6
1283250 1816.5
1283260 1825.0
1283270 1825.0
1283280 1841.6
1283290 1850.3
1283300 1850.3
1283310 1852.7
1283320 1859.1
1283330 1859.1
1283340 1868.6
1283350 1874.6
1283360 1874.6
1283370 1880.4
1283380 1885.4
1283390 1885.4
1283400 1891.3
1283410 1895.7
1283420 1895.7
1283430 1900.5
1283440 1906.7
1283450 1912.9
1283460 1912.9
1283470 1916.5
1283480 1910.1
1283490 1910.1
1283500 1900.0
1283510 1889.0
1283520 1889.0
1283530 1876.1
1283540 1865.3
1283550 1865.3
1283560 1864.5
1283570 1868.0
1283580 1868.0
1283590 1863.3
1283600 1852.5
1283610 1852.5
1283620 1847.8
1283630 1855.9
1283640 1855.9
1283650 1866.4
1283660 1865.3
1283670 1865.3
1283680 1860.4
1283690 1854.4
1283700 1854.4
1283710 1845.3
1283720 1834.6
1283730 1834.6
1283740 1827.3
1283750 1821.1
1283760 1821.1
1283770 1814.6
1283780 1807.4
1283790 1797.6
1283800 1797.6
1283810 1786.6
1283820 1775.7
1283830 1775.7
1283840 1766.9
1283850 1759.7
1283860 1759.7
1283870 1753.8
1283880 1747.3
1283890 1747.3
1283900 1740.0
1283910 1740.0
1283920 1740.0
1283930 1735.4
1283940 1730.3
1283950 1730.3
1283960 1723.2
1283970 1715.2
1283980 1715.2
1283990 1707.0
1284000 1698.0
1284010 1698.0
1284020 1688.2
1284030 1678.8
1284040 1678.8
1284050 1670.2
1284060 1665.3
1284070 1665.3
1284080 1662.1
1284090 1658.1
1284100 1658.1
1284110 1654.8
1284120 1653.0
1284130 1651.1
1284140 1651.1
1284150 1649.7
1284160 1647.3
1284170 1647.3
1284180 1644.7
1284190 1640.8
1284200 1640.8
1284210 1637.0
1284220 1634.1
1284230 1634.1
1284240 1631.2
1284250 1629.4
1284260 1629.4
1284270 1628.6
1284280 1628.8
1284290 1628.8
1284300 1628.3
1284310 1628.1
1284320 1628.1
1284330 1627.0
1284340 1625.9
1284350 1625.9
1284360 1627.3
1284370 1628.5
1284380 1628.5
1284390 1630.2
1284400 1632.3
1284410 1632.3
1284420 1634.9
1284430 1637.5
1284440 1637.5
1284450 1640.2
1284460 1641.2
1284470 1643.0
1284480 1643.0
1284490 1643.6
1284500 1643.2
1284510 1643.2
1284520 1642.2
1284530 1644.3
1284540 1644.3
1284550 1653.6
1284560 1656.0
1284570 1656.0
1284580 1657.9
1284590 1659.7
1284600 1659.7
1284610 1663.1
1284620 1668.7
1284630 1668.7
1284640 1674.1
1284650 1679.1
1284660 1679.1
1284670 1683.2
1284680 1687.3
1284690 1687.3
1284700 1690.9
1284710 1694.0
1284720 1694.0
1284730 1695.9
1284740 1696.9
1284750 1696.9
1284760 1697.7
1284770 1698.9
1284780 1700.7
1284790 1700.7
1284800 1703.1
1284810 1707.9
1284820 1707.9
1284830 1713.0
1284840 1716.9
1284850 1716.9
1284860 1720.2
1284870 1724.3
1284880 1724.3
1284890 1729.4
1284900 1734.0
1284910 1734.0
1284920 1737.9
1284930 1742.3
1284940 1742.3
1284950 1749.3
1284960 1756.3
1284970 1756.3
1284980 1763.8
1284990 1771.3
1285000 1771.3
1285010 1779.0
1285020 1787.1
1285030 1787.1
1285040 1793.6
1285050 1797.5
1285060 1797.5
1285070 1804.2
1285080 1810.9
1285090 1810.9
1285100 1815.9
1285110 1811.7
1285120 1804.7
1285130 1804.7
1285140 1797.0
1285150 1788.8
1285160 1788.8
1285170 1779.5
1285180 1772.5
1285190 1778.8
1285200 1770.1
1285210 1762.4
1285220 1762.4
1285230 1755.5
1285240 1749.2
1285250 1749.2
1285260 1744.2
1285270 1740.3
1285280 1740.3
1285290 1735.4
1285300 1729.2
1285310 1729.2
1285320 1724.5
1285330 1721.1
1285340 1721.1
1285350 1715.2
1285360 1708.7
1285370 1708.7
1285380 1703.8
1285390 1699.7
1285400 1699.7
1285410 1693.8
1285420 1687.3
1285430 1687.3
1285440 1680.8
1285450 1673.8
1285460 1666.8
1285470 1666.8
1285480 1660.0
1285490 1653.1
1285500 1653.1
1285510 1646.1
1285520 1639.1
1285530 1639.1
1285540 1632.3
1285550 1625.5
1285560 1625.5
1285570 1618.5
1285580 1611.8
1285590 1611.8
1285600 1605.6
1285610 1599.7
1285620 1599.7
1285630 1593.6
1285640 1587.9
1285650 1587.9
1285660 1582.7
1285670 1577.2
1285680 1577.2
1285690 1572.6
1285700 1568.3
1285710 1568.3
1285720 1563.7
1285730 1560.1
1285740 1560.1
1285750 1556.7
1285760 1554.1
1285770 1554.1
1285780 1551.8
1285790 1550.3
1285800 1548.5
1285810 1548.5
1285820 1545.6
1285830 1541.0
1285840 1541.0
1285850 1537.0
1285860 1533.7
1285870 1533.7
1285880 1531.3
1285890 1529.3
1285900 1529.3
1285910 1527.3
1285920 1524.6
1285930 1524.6
1285940 1521.7
1285950 1517.8
1285960 1517.8
1285970 1514.0
1285980 1510.6
1285990 1510.6
1286000 1507.2
1286010 1504.9
1286020 1504.9
1286030 1503.3
1286040 1501.8
1286050 1501.8
1286060 1500.0
1286070 1497.8
1286080 1497.8
1286090 1497.1
1286100 1496.7
1286110 1492.5
1286120 1492.5
1286130 1486.4
1286140 1480.8
1286150 1480.8
1286160 1476.4
1286170 1472.3
1286180 1472.3
1286190 1468.2
1286200 1463.4
1286210 1463.4
1286220 1458.1
1286230 1452.6
1286240 1452.6
1286250 1446.7
1286260 1440.8
1286270 1440.8
1286280 1434.5
1286290 1428.4
1286300 1428.4
1286310 1421.0
1286320 1415.9
1286330 1415.9
1286340 1413.6
1286350 1411.8
1286360 1411.8
1286370 1411.1
1286380 1410.5
1286390 1410.5
1286400 1410.1
1286410 1408.0
1286420 1408.0
1286430 1404.7
1286440 1401.3
1286450 1397.6
1286460 1397.6
1286470 1393.4
1286480 1395.0
1286490 1395.0
1286500 1391.1
1286510 1387.1
1286520 1387.1
1286530 1382.7
1286540 1379.1
1286550 1379.1
1286560 1373.3
1286570 1367.9
1286580 1367.9
1286590 1363.2
1286600 1358.4
1286610 1358.4
1286620 1353.0
1286630 1348.2
1286640 1348.2
1286650 1344.5
1286660 1340.6
1286670 1340.6
1286680 1337.0
1286690 1334.6
1286700 1334.6
1286710 1331.2
1286720 1326.4
1286730 1326.4
1286740 1322.3
1286750 1318.8
1286760 1318.8
1286770 1315.4
1286780 1311.9
1286790 1308.2
1286800 1308.2
1286810 1304.4
1286820 1300.8
1286830 1300.8
1286840 1297.7
1286850 1295.9
1286860 1295.9
1286870 1293.9
1286880 1290.5
1286890 1290.5
1286900 1287.1
1286910 1284.3
1286920 1284.3
1286930 1280.6
1286940 1276.7
1286950 1276.7
1286960 1273.3
1286970 1270.8
1286980 1270.8
1286990 1268.1
1287000 1263.3
1287010 1263.3
1287020 1253.6
1287030 1245.8
1287040 1245.8
1287050 1238.6
1287060 1232.0
1287070 1232.0
1287080 1226.2
1287090 1222.4
1287100 1222.4
1287110 1220.0
1287120 1218.5
1287130 1213.7
1287140 1213.7
1287150 1208.6
1287160 1203.8
1287170 1203.8
1287180 1198.0
1287190 1192.1
1287200 1192.1
1287210 1188.1
1287220 1183.6
1287230 1183.6
1287240 1179.1
1287250 1174.6
1287260 1174.6
1287270 1169.0
1287280 1162.9
1287290 1162.9
1287300 1157.4
1287310 1151.8
1287320 1151.8
1287330 1146.5
1287340 1140.9
1287350 1140.9
1287360 1133.3
1287370 1125.2
1287380 1125.2
1287390 1121.4
1287400 1118.5
1287410 1118.5
1287420 1117.1
1287430 1123.6
1287440 1123.6
1287450 1129.3
1287460 1131.7
1287470 1133.2
1287480 1133.2
1287490 1133.6
1287500 1132.4
1287510 1132.4
1287520 1135.4
1287530 1141.9
1287540 1141.9
1287550 1148.0
1287560 1154.1
1287570 1154.1
1287580 1160.6
1287590 1169.3
1287600 1169.3
1287610 1179.5
1287620 1187.7
1287630 1187.7
1287640 1195.0
1287650 1202.8
1287660 1202.8
1287670 1209.8
1287680 1216.9
1287690 1216.9
1287700 1223.6
1287710 1230.3
1287720 1230.3
1287730 1237.0
1287740 1244.1
1287750 1244.1
1287760 1251.4
1287770 1258.5
1287780 1265.1
1287790 1265.1
1287800 1271.6
1287810 1277.6
1287820 1277.6
1287830 1283.8
1287840 1289.4
1287850 1289.4
1287860 1294.7
1287870 1299.6
1287880 1299.6
1287890 1305.1
1287900 1310.3
1287910 1310.3
1287920 1315.1
1287930 1321.0
1287940 1321.0
1287950 1327.1
1287960 1332.8
1287970 1332.8
1287980 1338.0
1287990 1344.7
1288000 1344.7
1288010 1351.5
1288020 1358.1
1288030 1358.1
1288040 1364.5
1288050 1369.9
1288060 1369.9
1288070 1375.4
1288080 1381.3
1288090 1381.3
1288100 1386.7
1288110 1390.1
1288120 1395.1
1288130 1395.1
1288140 1400.9
1288150 1406.4
1288160 1406.4
1288170 1411.6
1288180 1416.3
1288190 1416.3
1288200 1420.9
1288210 1425.7
1288220 1425.7
1288230 1430.5
1288240 1435.8
1288250 1435.8
1288260 1441.1
1288270 1446.4
1288280 1446.4
1288290 1451.8
1288300 1457.1
1288310 1457.1
1288320 1462.3
1288330 1468.1
1288340 1468.1
1288350 1474.4
1288360 1481.0
1288370 1481.0
1288380 1486.3
1288390 1491.4
1288400 1491.4
1288410 1498.0
1288420 1500.7
1288430 1500.7
1288440 1506.0
1288450 1510.6
1288460 1514.8
1288470 1514.8
1288480 1519.2
1288490 1524.5
1288500 1524.5
1288510 1530.1
1288520 1534.8
1288530 1534.8
1288540 1539.7
1288550 1545.2
1288560 1545.2
1288570 1551.2
1288580 1557.4
1288590 1557.4
1288600 1563.4
1288610 1569.3
1288620 1569.3
1288630 1574.9
1288640 1579.7
1288650 1579.7
1288660 1584.5
1288670 1590.1
1288680 1590.1
1288690 1596.0
1288700 1602.1
1288710 1602.1
1288720 1608.4
1288730 1614.9
1288740 1614.9
1288750 1621.4
1288760 1627.9
1288770 1627.9
1288780 1634.4
1288790 1641.0
1288800 1647.4
1288810 1647.4
1288820 1653.6
1288830 1660.0
1288840 1660.0
1288850 1666.1
1288860 1672.1
1288870 1672.1
1288880 1677.6
1288890 1681.7
1288900 1681.7
1288910 1684.1
1288920 1685.3
1288930 1685.3
1288940 1684.4
1288950 1681.2
1288960 1681.2
1288970 1677.6
1288980 1674.7
1288990 1674.7
1289000 1671.8
1289010 1669.0
1289020 1669.0
1289030 1665.9
1289040 1661.9
1289050 1661.9
1289060 1656.7
1289070 1647.4
1289080 1647.4
1289090 1643.9
1289100 1643.3
1289110 1643.4
1289120 1643.4
1289130 1643.1
1289140 1642.1
1289150 1642.1
1289160 1639.4
1289170 1635.5
1289180 1635.5
1289190 1631.1
1289200 1626.6
1289210 1626.6
1289220 1623.2
1289230 1620.8
1289240 1620.8
1289250 1618.0
1289260 1614.9
1289270 1614.9
1289280 1610.6
1289290 1605.3
1289300 1605.3
1289310 1599.5
1289320 1593.3
1289330 1593.3
1289340 1585.9
1289350 1577.5
1289360 1577.5
1289370 1570.1
1289380 1564.0
1289390 1564.0
1289400 1558.4
1289410 1553.4
1289420 1553.4
1289430 1547.3
1289440 1539.8
1289450 1532.0
1289460 1532.0
1289470 1523.3
1289480 1513.7
1289490 1513.7
1289500 1503.3
1289510 1493.1
1289520 1493.1
1289530 1484.1
1289540 1475.7
1289550 1475.7
1289560 1467.2
1289570 1458.6
1289580 1458.6
1289590 1450.1
1289600 1441.8
1289610 1441.8
1289620 1433.4
1289630 1424.9
1289640 1424.9
1289650 1416.1
1289660 1407.4
1289670 1407.4
1289680 1400.0
1289690 1392.3
1289700 1392.3
1289710 1384.5
1289720 1377.5
1289730 1376.0
1289740 1364.3
1289750 1355.7
1289760 1355.7
1289770 1349.4
1289780 1343.7
1289790 1338.4
1289800 1338.4
1289810 1332.4
1289820 1324.9
1289830 1324.9
1289840 1317.2
1289850 1309.2
1289860 1309.2
1289870 1301.1
1289880 1293.2
1289890 1293.2
1289900 1285.9
1289910 1278.0
1289920 1278.0
1289930 1269.6
1289940 1261.6
1289950 1261.6
1289960 1253.7
1289970 1245.5
1289980 1245.5
1289990 1238.0
1290000 1230.1
1290010 1230.1
1290020 1220.3
1290030 1211.1
1290040 1211.1
1290050 1199.4
1290060 1188.1
1290070 1188.1
1290080 1178.1
1290090 1170.5
1290100 1170.5
1290110 1162.0
1290120 1154.1
1290130 1147.8
1290140 1147.8
1290150 1143.5
1290160 1140.6
1290170 1140.6
1290180 1138.1
1290190 1134.8
1290200 1134.8
1290210 1131.6
1290220 1128.9
1290230 1128.9
1290240 1123.6
1290250 1116.4
1290260 1116.4
1290270 1107.6
1290280 1093.6
1290290 1093.6
1290300 1083.9
1290310 1083.0
1290320 1083.0
1290330 1092.5
1290340 1105.4
1290350 1105.4
1290360 1116.0
1290370 1121.5
1290380 1125.8
1290390 1129.3
1290400 1132.3
1290410 1132.3
1290420 1135.3
1290430 1138.2
1290440 1138.2
1290450 1141.8
1290460 1146.2
1290470 1151.1
1290480 1151.1
1290490 1155.7
1290500 1161.0
1290510 1161.0
1290520 1165.7
1290530 1170.1
1290540 1170.1
1290550 1174.6
1290560 1179.9
1290570 1179.9
1290580 1185.3
1290590 1190.5
1290600 1190.5
1290610 1193.2
1290620 1193.4
1290630 1193.4
1290640 1195.0
1290650 1200.3
1290660 1200.3
1290670 1209.7
1290680 1218.3
1290690 1218.3
1290700 1226.0
1290710 1234.0
1290720 1234.0
1290730 1242.0
1290740 1248.4
1290750 1248.4
1290760 1255.0
1290770 1262.0
1290780 1269.4
1290790 1269.4
1290800 1277.4
1290810 1285.8
1290820 1285.8
1290830 1294.4
1290840 1303.0
1290850 1303.0
1290860 1312.4
1290870 1323.0
1290880 1323.0
1290890 1333.9
1290900 1342.5
1290910 1342.5
1290920 1349.1
1290930 1353.0
1290940 1353.0
1290950 1359.0
1290960 1369.3
1290970 1369.3
1290980 1380.1
1290990 1386.9
1291000 1386.9
1291010 1393.2
1291020 1399.5
1291030 1399.5
1291040 1403.8
1291050 1409.9
1291060 1409.9
1291070 1416.3
1291080 1423.2
1291090 1423.2
1291100 1430.3
1291110 1437.2
1291120 1443.6
1291130 1443.6
1291140 1450.8
1291150 1458.3
1291160 1458.3
1291170 1465.5
1291180 1472.9
1291190 1472.9
1291200 1480.1
1291210 1486.7
1291220 1486.7
1291230 1493.7
1291240 1501.2
1291250 1501.2
1291260 1507.6
1291270 1510.4
1291280 1510.4
1291290 1511.0
1291300 1510.0
1291310 1510.0
1291320 1512.6
1291330 1515.9
1291340 1515.9
1291350 1519.7
1291360 1522.7
1291370 1522.7
1291380 1525.3
1291390 1531.4
1291400 1531.4
1291410 1540.6
1291420 1549.0
1291430 1549.0
1291440 1556.4
1291450 1561.7
1291460 1565.7
1291470 1565.7
1291480 1568.0
1291490 1572.9
1291500 1572.9
1291510 1578.0
1291520 1581.6
1291530 1581.6
1291540 1586.8
1291550 1591.3
1291560 1591.3
1291570 1593.3
1291580 1597.3
1291590 1597.3
1291600 1604.8
1291610 1613.5
1291620 1613.5
1291630 1622.1
1291640 1629.8
1291650 1629.8
1291660 1636.1
1291670 1641.6
1291680 1641.6
1291690 1646.8
1291700 1659.3
1291710 1659.3
1291720 1664.0
1291730 1669.6
1291740 1669.6
1291750 1676.1
1291760 1683.0
1291770 1683.0
1291780 1689.8
1291790 1696.6
1291800 1703.1
1291810 1703.1
1291820 1709.4
1291830 1712.8
1291840 1712.8
1291850 1707.8
1291860 1700.1
1291870 1700.1
1291880 1690.4
1291890 1680.9
1291900 1680.9
1291910 1672.1
1291920 1663.8
1291930 1663.8
1291940 1654.7
1291950 1646.0
1291960 1646.0
1291970 1637.4
1291980 1628.8
1291990 1628.8
1292000 1622.1
1292010 1618.2
1292020 1618.2
1292030 1614.8
1292040 1611.2
1292050 1611.2
1292060 1607.7
1292070 1603.3
1292080 1603.3
1292090 1597.0
1292100 1589.4
1292110 1580.8
1292120 1580.8
1292130 1571.8
1292140 1563.6
1292150 1563.6
1292160 1553.0
1292170 1541.1
1292180 1541.1
1292190 1529.3
1292200 1515.7
1292210 1515.7
1292220 1505.3
1292230 1497.1
1292240 1497.1
1292250 1490.0
1292260 1480.0
1292270 1480.0
1292280 1458.7
1292290 1437.1
1292300 1437.1
1292310 1421.0
1292320 1412.8
1292330 1412.8
1292340 1405.1
1292350 1397.6
1292360 1397.6
1292370 1393.4
1292380 1386.0
1292390 1386.0
1292400 1379.1
1292410 1372.1
1292420 1372.1
1292430 1365.9
1292440 1360.2
1292450 1354.2
1292460 1354.2
1292470 1347.6
1292480 1340.1
1292490 1340.1
1292500 1332.5
1292510 1325.3
1292520 1325.3
1292530 1318.5
1292540 1310.0
1292550 1310.0
1292560 1305.2
1292570 1309.0
1292580 1309.0
1292590 1310.6
1292600 1310.3
1292610 1310.3
1292620 1310.6
1292630 1311.5
1292640 1311.5
1292650 1314.1
1292660 1318.0
1292670 1318.0
1292680 1321.3
1292690 1323.6
1292700 1323.6
1292710 1322.6
1292720 1322.5
1292730 1322.5
1292740 1327.4
1292750 1329.9
1292760 1329.9
1292770 1332.4
1292780 1334.9
1292790 1338.0
1292800 1338.0
1292810 1341.2
1292820 1339.0
1292830 1339.0
1292840 1336.7
1292850 1341.9
1292860 1341.9
1292870 1348.0
1292880 1350.8
1292890 1350.8
1292900 1353.9
1292910 1357.3
1292920 1357.3
1292930 1357.2
1292940 1360.5
1292950 1360.5
1292960 1369.1
1292970 1379.3
1292980 1379.3
1292990 1389.1
1293000 1399.6
1293010 1399.6
1293020 1408.6
1293030 1426.4
1293040 1426.4
1293050 1434.6
1293060 1441.7
1293070 1441.7
1293080 1448.9
1293090 1456.8
1293100 1456.8
1293110 1465.4
1293120 1472.8
1293130 1478.8
1293140 1478.8
1293150 1483.1
1293160 1487.0
1293170 1487.0
1293180 1495.4
1293190 1504.8
1293200 1504.8
1293210 1513.7
1293220 1521.1
1293230 1521.1
1293240 1529.1
1293250 1536.8
1293260 1536.8
1293270 1545.0
1293280 1555.4
1293290 1555.4
1293300 1565.8
1293310 1572.2
1293320 1572.2
1293330 1575.9
1293340 1577.1
1293350 1577.1
1293360 1578.8
1293370 1582.6
1293380 1582.6
1293390 1588.4
1293400 1596.5
1293410 1596.5
1293420 1604.3
1293430 1611.8
1293440 1617.7
1293450 1617.7
1293460 1623.3
1293470 1628.1
1293480 1628.1
1293490 1631.2
1293500 1632.7
1293510 1632.7
1293520 1635.2
1293530 1637.3
1293540 1637.3
1293550 1638.8
1293560 1641.3
1293570 1641.3
1293580 1644.8
1293590 1647.6
1293600 1647.6
1293610 1649.0
1293620 1648.5
1293630 1648.5
1293640 1644.5
1293650 1638.7
1293660 1638.7
1293670 1634.7
1293680 1632.3
1293690 1632.3
1293700 1635.6
1293710 1631.8
1293720 1631.8
1293730 1626.7
1293740 1624.2
1293750 1624.2
1293760 1622.7
1293770 1618.5
1293780 1613.2
1293790 1613.2
1293800 1610.7
1293810 1609.9
1293820 1609.9
1293830 1607.4
1293840 1602.7
1293850 1602.7
1293860 1598.5
1293870 1594.8
1293880 1594.8
1293890 1592.0
1293900 1591.1
1293910 1591.1
1293920 1591.6
1293930 1591.4
1293940 1591.4
1293950 1591.1
1293960 1591.3
1293970 1591.3
1293980 1589.1
1293990 1585.6
1294000 1585.6
1294010 1579.3
1294020 1574.6
1294030 1574.6
1294040 1569.0
1294050 1563.6
1294060 1563.6
1294070 1557.7
1294080 1548.1
1294090 1548.1
1294100 1538.5
1294110 1523.1
1294120 1504.1
1294130 1504.1
1294140 1491.8
1294150 1484.1
1294160 1484.1
1294170 1476.6
1294180 1469.2
1294190 1469.2
1294200 1462.2
1294210 1454.4
1294220 1454.4
1294230 1447.6
1294240 1441.8
1294250 1441.8
1294260 1436.1
1294270 1429.0
1294280 1429.0
1294290 1421.9
1294300 1414.9
1294310 1414.9
1294320 1408.4
1294330 1402.3
1294340 1402.3
1294350 1395.8
1294360 1389.2
1294370 1393.9
1294380 1388.5
1294390 1383.3
1294400 1383.3
1294410 1377.9
1294420 1372.2
1294430 1372.2
1294440 1366.3
1294450 1359.8
1294460 1352.0
1294470 1352.0
1294480 1342.5
1294490 1333.5
1294500 1333.5
1294510 1324.5
1294520 1316.7
1294530 1316.7
1294540 1309.5
1294550 1302.9
1294560 1302.9
1294570 1295.9
1294580 1289.3
1294590 1289.3
1294600 1283.2
1294610 1277.8
1294620 1277.8
1294630 1273.5
1294640 1269.3
1294650 1269.3
1294660 1265.1
1294670 1260.8
1294680 1260.8
1294690 1256.6
1294700 1252.9
1294710 1252.9
1294720 1249.5
1294730 1245.6
1294740 1245.6
1294750 1242.3
1294760 1240.0
1294770 1240.0
1294780 1238.4
1294790 1235.3
1294800 1228.4
1294810 1228.4
1294820 1221.1
1294830 1214.7
1294840 1214.7
1294850 1207.9
1294860 1200.4
1294870 1200.4
1294880 1190.7
1294890 1181.9
1294900 1181.9
1294910 1181.7
1294920 1185.1
1294930 1185.1
1294940 1193.4
1294950 1200.2
1294960 1200.2
1294970 1206.0
1294980 1212.7
1294990 1212.7
1295000 1218.1
1295010 1220.8
1295020 1220.8
1295030 1225.0
1295040 1234.5
1295050 1234.5
1295060 1241.4
1295070 1249.6
1295080 1249.6
1295090 1258.0
1295100 1264.8
1295110 1271.6
1295120 1271.6
1295130 1279.9
1295140 1288.6
1295150 1288.6
1295160 1297.5
1295170 1306.4
1295180 1306.4
1295190 1314.9
1295200 1323.8
1295210 1323.8
1295220 1332.7
1295230 1342.5
1295240 1342.5
1295250 1353.4
1295260 1364.1
1295270 1364.1
1295280 1374.1
1295290 1383.8
1295300 1383.8
1295310 1394.0
1295320 1401.8
1295330 1401.8
1295340 1405.2
1295350 1406.3
1295360 1406.3
1295370 1407.8
1295380 1410.6
1295390 1410.6
1295400 1414.0
1295410 1417.4
1295420 1417.4
1295430 1420.9
1295440 1424.9
1295450 1428.4
1295460 1428.4
1295470 1430.5
1295480 1432.6
1295490 1432.6
1295500 1434.4
1295510 1434.9
1295520 1434.9
1295530 1432.8
1295540 1429.2
1295550 1429.2
1295560 1424.4
1295570 1418.0
1295580 1418.0
1295590 1411.5
1295600 1406.2
1295610 1406.2
1295620 1400.9
1295630 1396.4
1295640 1396.4
1295650 1391.8
1295660 1387.8
1295670 1387.8
1295680 1384.3
1295690 1381.0
1295700 1381.0
1295710 1377.2
1295720 1377.6
1295730 1377.6
1295740 1373.9
1295750 1371.2
1295760 1371.2
1295770 1369.3
1295780 1367.3
1295790 1365.3
1295800 1365.3
1295810 1362.8
1295820 1360.6
1295830 1360.6
1295840 1359.2
1295850 1355.9
1295860 1355.9
1295870 1350.0
1295880 1349.6
1295890 1349.6
1295900 1349.9
1295910 1348.0
1295920 1348.0
1295930 1345.8
1295940 1344.0
1295950 1344.0
1295960 1346.4
1295970 1348.4
1295980 1348.4
1295990 1348.0
1296000 1344.9
1296010 1344.9
1296020 1342.6
1296030 1339.2
1296040 1339.2
1296050 1336.2
1296060 1332.6
1296070 1332.6
1296080 1330.4
1296090 1327.1
1296100 1327.1
1296110 1324.5
1296120 1325.9
1296130 1332.8
1296140 1332.8
1296150 1340.9
1296160 1349.7
1296170 1349.7
1296180 1357.2
1296190 1358.9
1296200 1358.9
1296210 1359.0
1296220 1359.1
1296230 1359.1
1296240 1359.3
1296250 1359.2
1296260 1359.2
1296270 1358.4
1296280 1357.1
1296290 1357.1
1296300 1355.6
1296310 1353.6
1296320 1353.6
1296330 1350.5
1296340 1346.8
1296350 1346.8
1296360 1347.5
1296370 1353.9
1296380 1353.9
1296390 1357.7
1296400 1358.5
1296410 1358.5
1296420 1363.9
1296430 1369.2
1296440 1376.9
1296450 1376.9
1296460 1384.5
1296470 1390.9
1296480 1390.9
1296490 1396.5
1296500 1402.1
1296510 1402.1
1296520 1408.1
1296530 1414.1
1296540 1414.1
1296550 1419.6
1296560 1424.4
1296570 1424.4
1296580 1429.5
1296590 1436.1
1296600 1436.1
1296610 1442.6
1296620 1449.5
1296630 1449.5
1296640 1456.5
1296650 1464.1
1296660 1464.1
1296670 1471.8
1296680 1478.8
1296690 1478.8
1296700 1485.4
1296710 1492.7
1296720 1492.7
1296730 1499.6
1296740 1505.7
1296750 1505.7
1296760 1511.0
1296770 1517.0
1296780 1524.7
1296790 1524.7
1296800 1533.0
1296810 1540.6
1296820 1540.6
1296830 1548.3
1296840 1556.8
1296850 1556.8
1296860 1565.1
1296870 1572.3
1296880 1572.3
1296890 1578.9
1296900 1584.8
1296910 1584.8
1296920 1591.2
1296930 1599.8
1296940 1599.8
1296950 1606.9
1296960 1613.4
1296970 1613.4
1296980 1619.7
1296990 1626.6
1297000 1626.6
1297010 1633.8
1297020 1640.1
1297030 1640.1
1297040 1646.7
1297050 1655.8
1297060 1655.8
1297070 1666.2
1297080 1676.7
1297090 1676.7
1297100 1687.4
1297110 1702.7
1297120 1713.7
1297130 1713.7
1297140 1718.6
1297150 1723.7
1297160 1723.7
1297170 1729.3
1297180 1736.5
1297190 1736.5
1297200 1744.2
1297210 1752.3
1297220 1752.3
1297230 1761.6
1297240 1770.4
1297250 1770.4
1297260 1778.6
1297270 1786.5
1297280 1786.5
1297290 1794.9
1297300 1802.8
1297310 1802.8
1297320 1811.2
1297330 1820.1
1297340 1820.1
1297350 1829.2
1297360 1837.9
1297370 1837.9
1297380 1846.3
1297390 1854.4
1297400 1854.4
1297410 1863.0
1297420 1871.3
1297430 1871.3
1297440 1879.4
1297450 1886.8
1297460 1889.5
1297470 1889.5
1297480 1879.3
1297490 1873.3
1297500 1873.3
1297510 1868.6
1297520 1860.0
1297530 1860.0
1297540 1838.3
1297550 1819.2
1297560 1819.2
1297570 1807.7
1297580 1799.0
1297590 1799.0
1297600 1784.8
1297610 1751.6
1297620 1751.6
1297630 1735.6
1297640 1728.2
1297650 1728.2
1297660 1721.9
1297670 1717.3
1297680 1717.3
1297690 1709.7
1297700 1702.4
1297710 1702.4
1297720 1692.5
1297730 1678.2
1297740 1678.2
1297750 1661.2
1297760 1658.9
1297770 1656.9
1297780 1656.9
1297790 1653.3
1297800 1651.1
1297810 1651.1
1297820 1649.0
1297830 1651.4
1297840 1651.4
1297850 1645.6
1297860 1641.1
1297870 1641.1
1297880 1631.7
1297890 1614.3
1297900 1614.3
1297910 1596.2
1297920 1580.8
1297930 1580.8
1297940 1570.6
1297950 1562.6
1297960 1562.6
1297970 1553.2
1297980 1543.5
1297990 1543.5
1298000 1537.5
1298010 1523.2
1298020 1523.2
1298030 1505.8
1298040 1489.9
1298050 1489.9
1298060 1470.9
1298070 1445.1
1298080 1445.1
1298090 1430.7
1298100 1414.6
1298110 1400.9
1298120 1400.9
1298130 1392.1
1298140 1388.9
1298150 1388.9
1298160 1385.0
1298170 1381.3
1298180 1381.3
1298190 1379.3
1298200 1376.5
1298210 1376.5
1298220 1373.6
1298230 1371.0
1298240 1371.0
1298250 1367.7
1298260 1363.6
1298270 1363.6
1298280 1358.6
1298290 1353.5
1298300 1353.5
1298310 1349.5
1298320 1345.7
1298330 1345.7
1298340 1340.7
1298350 1336.5
1298360 1336.5
1298370 1327.5
1298380 1318.7
1298390 1318.7
1298400 1317.7
1298410 1313.7
1298420 1313.7
1298430 1308.5
1298440 1309.6
1298450 1304.9
1298460 1304.9
1298470 1303.0
1298480 1306.4
1298490 1306.4
1298500 1315.8
1298510 1325.8
1298520 1325.8
1298530 1336.5
1298540 1346.7
1298550 1346.7
1298560 1358.4
1298570 1372.6
1298580 1372.6
1298590 1383.8
1298600 1394.8
1298610 1394.8
1298620 1408.4
1298630 1423.4
1298640 1423.4
1298650 1443.8
1298660 1455.1
1298670 1455.1
1298680 1463.9
1298690 1477.0
1298700 1477.0
1298710 1487.7
1298720 1500.1
1298730 1500.1
1298740 1511.7
1298750 1520.1
1298760 1520.1
1298770 1523.5
1298780 1521.0
1298790 1516.9
1298800 1516.9
1298810 1514.0
1298820 1511.0
1298830 1511.0
1298840 1508.7
1298850 1506.4
1298860 1506.4
1298870 1502.7
1298880 1498.2
1298890 1498.2
1298900 1490.0
1298910 1478.6
1298920 1478.6
1298930 1470.2
1298940 1463.5
1298950 1463.5
1298960 1457.7
1298970 1452.2
1298980 1452.2
1298990 1447.7
1299000 1444.7
1299010 1444.7
1299020 1442.7
1299030 1441.6
1299040 1441.6
1299050 1440.5
1299060 1440.0
1299070 1440.0
1299080 1440.7
1299090 1440.5
1299100 1438.4
1299110 1438.4
1299120 1437.9
1299130 1441.4
1299140 1441.4
1299150 1442.8
1299160 1448.6
1299170 1448.6
1299180 1454.0
1299190 1459.6
1299200 1459.6
1299210 1465.9
1299220 1471.9
1299230 1471.9
1299240 1478.1
1299250 1484.1
1299260 1484.1
1299270 1489.7
1299280 1495.5
1299290 1495.5
1299300 1501.4
1299310 1506.8
1299320 1506.8
1299330 1511.2
1299340 1514.6
1299350 1514.6
1299360 1520.5
1299370 1529.3
1299380 1529.3
1299390 1538.5
1299400 1547.0
1299410 1547.0
1299420 1553.7
1299430 1561.0
1299440 1568.5
1299450 1568.5
1299460 1575.8
1299470 1582.3
1299480 1582.3
1299490 1588.5
1299500 1596.2
1299510 1596.2
1299520 1603.2
1299530 1608.9
1299540 1608.9
1299550 1615.8
1299560 1622.5
1299570 1622.5
1299580 1630.2
1299590 1637.5
1299600 1637.5
1299610 1642.6
1299620 1648.8
1299630 1648.8
1299640 1656.3
1299650 1664.4
1299660 1664.4
1299670 1671.7
1299680 1678.8
1299690 1678.8
1299700 1685.1
1299710 1693.0
1299720 1693.0
1299730 1701.3
1299740 1709.1
1299750 1709.1
1299760 1715.8
1299770 1722.5
1299780 1731.2
1299790 1731.2
1299800 1738.1
1299810 1745.4
1299820 1743.8
1299830 1751.0
1299840 1758.7
1299850 1758.7
1299860 1766.7
1299870 1775.8
1299880 1775.8
1299890 1785.4
1299900 1794.8
1299910 1794.8
1299920 1804.1
1299930 1811.4
1299940 1811.4
1299950 1817.6
1299960 1824.0
1299970 1824.0
1299980 1831.8
1299990 1840.3
