1280000 1352.6
1280010 1358.8
1280020 1364.2
1280030 1364.2
1280040 1365.4
1280050 1375.3
1280060 1375.3
1280070 1375.7
1280080 1376.1
1280090 1376.1
1280100 1377.6
1280110 1371.4
1280120 1371.4
1280130 1364.6
1280140 1361.7
1280150 1361.7
1280160 1366.3
1280170 1373.3
1280180 1373.3
1280190 1380.8
1280200 1387.9
1280210 1387.9
1280220 1395.4
1280230 1403.4
1280240 1403.4
1280250 1412.0
1280260 1421.6
1280270 1421.6
1280280 1431.2
1280290 1440.0
1280300 1440.0
1280310 1447.9
1280320 1455.2
1280330 1463.4
1280340 1463.4
1280350 1471.7
1280360 1480.0
1280370 1480.0
1280380 1487.1
1280390 1492.7
1280400 1492.7
1280410 1499.5
1280420 1506.4
1280430 1506.4
1280440 1513.4
1280450 1521.1
1280460 1521.1
1280470 1528.4
1280480 1530.8
1280490 1530.8
1280500 1532.6
1280510 1535.5
1280520 1535.5
1280530 1537.7
1280540 1539.6
1280550 1539.6
1280560 1542.6
1280570 1545.7
1280580 1545.7
1280590 1548.4
1280600 1550.0
1280610 1550.0
1280620 1551.9
1280630 1555.1
1280640 1557.7
1280650 1557.7
1280660 1559.9
1280670 1566.5
1280680 1566.5
1280690 1568.5
1280700 1570.4
1280710 1570.4
1280720 1572.4
1280730 1574.4
1280740 1574.4
1280750 1576.4
1280760 1578.5
1280770 1578.5
1280780 1580.2
1280790 1581.4
1280800 1581.4
1280810 1581.8
1280820 1581.8
1280830 1581.8
1280840 1581.8
1280850 1581.4
1280860 1581.4
1280870 1577.5
1280880 1569.3
1280890 1569.3
1280900 1562.6
1280910 1556.9
1280920 1556.9
1280930 1551.5
1280940 1547.2
1280950 1547.2
1280960 1543.5
1280970 1540.8
1280980 1538.8
1280990 1538.8
1281000 1537.2
1281010 1535.1
1281020 1535.1
1281030 1532.9
1281040 1531.0
1281050 1531.0
1281060 1529.6
1281070 1528.7
1281080 1528.7
1281090 1528.0
1281100 1526.4
1281110 1526.4
1281120 1523.5
1281130 1520.1
1281140 1520.1
1281150 1516.4
1281160 1512.6
1281170 1512.6
1281180 1508.9
1281190 1505.2
1281200 1505.2
1281210 1500.6
1281220 1496.9
1281230 1496.9
1281240 1494.8
1281250 1493.2
1281260 1493.2
1281270 1492.0
1281280 1491.1
1281290 1491.1
1281300 1490.5
1281310 1489.3
1281320 1487.7
1281330 1487.7
1281340 1486.1
1281350 1485.1
1281360 1485.1
1281370 1484.5
1281380 1483.8
1281390 1483.8
1281400 1483.0
1281410 1482.3
1281420 1482.3
1281430 1481.1
1281440 1479.8
1281450 1479.8
1281460 1477.7
1281470 1475.9
1281480 1475.9
1281490 1474.6
1281500 1471.0
1281510 1471.0
1281520 1466.9
1281530 1462.9
1281540 1462.9
1281550 1458.4
1281560 1454.6
1281570 1454.6
1281580 1453.9
1281590 1452.1
1281600 1452.1
1281610 1450.8
1281620 1449.6
1281630 1449.6
1281640 1447.4
1281650 1442.9
1281660 1449.1
1281670 1449.1
1281680 1449.2
1281690 1445.4
1281700 1445.4
1281710 1446.8
1281720 1448.3
1281730 1448.3
1281740 1447.4
1281750 1446.5
1281760 1446.5
1281770 1445.1
1281780 1443.3
1281790 1443.3
1281800 1441.0
1281810 1438.2
1281820 1438.2
1281830 1436.3
1281840 1433.9
1281850 1433.9
1281860 1430.7
1281870 1429.3
1281880 1429.3
1281890 1427.4
1281900 1423.9
1281910 1423.9
1281920 1420.2
1281930 1416.9
1281940 1416.9
1281950 1413.1
1281960 1409.4
1281970 1409.4
1281980 1405.6
1281990 1401.7
1282000 1398.1
1282010 1398.1
1282020 1394.7
1282030 1390.9
1282040 1390.9
1282050 1387.2
1282060 1383.8
1282070 1383.8
1282080 1380.1
1282090 1376.0
1282100 1376.0
1282110 1370.9
1282120 1365.7
1282130 1365.7
1282140 1360.8
1282150 1355.6
1282160 1355.6
1282170 1350.0
1282180 1344.9
1282190 1344.9
1282200 1341.3
1282210 1338.7
1282220 1338.7
1282230 1335.7
1282240 1331.8
1282250 1331.8
1282260 1327.6
1282270 1323.5
1282280 1323.5
1282290 1320.2
1282300 1317.2
1282310 1317.2
1282320 1314.4
1282330 1311.8
1282340 1309.6
1282350 1309.6
1282360 1307.4
1282370 1305.1
1282380 1305.1
1282390 1302.7
1282400 1300.2
1282410 1300.2
1282420 1297.5
1282430 1294.5
1282440 1294.5
1282450 1291.1
1282460 1287.3
1282470 1287.3
1282480 1279.9
1282490 1273.5
1282500 1273.5
1282510 1273.8
1282520 1274.0
1282530 1274.0
1282540 1275.1
1282550 1276.9
1282560 1286.5
1282570 1285.6
1282580 1286.8
1282590 1286.8
1282600 1289.0
1282610 1289.3
1282620 1289.3
1282630 1288.1
1282640 1288.8
1282650 1288.8
1282660 1287.9
1282670 1285.2
1282680 1284.9
1282690 1284.9
1282700 1285.3
1282710 1288.7
1282720 1288.7
1282730 1292.4
1282740 1293.7
1282750 1293.7
1282760 1292.3
1282770 1288.0
1282780 1288.0
1282790 1286.9
1282800 1289.6
1282810 1289.6
1282820 1293.2
1282830 1295.6
1282840 1295.6
1282850 1293.6
1282860 1293.6
1282870 1293.6
1282880 1297.3
1282890 1297.6
1282900 1297.6
1282910 1294.2
1282920 1291.7
1282930 1291.7
1282940 1291.4
1282950 1294.1
1282960 1294.1
1282970 1294.0
1282980 1296.1
1282990 1296.1
1283000 1295.1
1283010 1297.8
1283020 1297.9
1283030 1297.9
1283040 1294.3
1283050 1288.7
1283060 1288.7
1283070 1288.8
1283080 1291.8
1283090 1291.8
1283100 1293.8
1283110 1292.8
1283120 1292.8
1283130 1291.0
1283140 1288.6
1283150 1288.6
1283160 1281.0
1283170 1271.4
1283180 1271.4
1283190 1268.3
1283200 1277.2
1283210 1277.2
1283220 1285.0
1283230 1290.1
1283240 1290.1
1283250 1292.5
1283260 1291.3
1283270 1291.3
1283280 1291.4
1283290 1293.2
1283300 1293.2
1283310 1294.6
1283320 1297.6
1283330 1297.6
1283340 1303.1
1283350 1309.9
1283360 1315.4
1283370 1315.4
1283380 1320.3
1283390 1325.2
1283400 1325.2
1283410 1329.7
1283420 1333.3
1283430 1333.3
1283440 1336.0
1283450 1338.3
1283460 1338.3
1283470 1341.6
1283480 1343.6
1283490 1343.6
1283500 1342.6
1283510 1340.4
1283520 1340.4
1283530 1341.1
1283540 1345.0
1283550 1345.0
1283560 1350.0
1283570 1355.6
1283580 1355.6
1283590 1359.4
1283600 1358.1
1283610 1358.1
1283620 1356.3
1283630 1355.3
1283640 1355.3
1283650 1357.4
1283660 1360.7
1283670 1360.7
1283680 1364.2
1283690 1367.7
1283700 1371.1
1283710 1371.1
1283720 1374.0
1283730 1376.8
1283740 1376.8
1283750 1379.8
1283760 1383.6
1283770 1383.6
1283780 1385.7
1283790 1387.8
1283800 1387.8
1283810 1390.6
1283820 1393.0
1283830 1391.4
1283840 1393.6
1283850 1395.3
1283860 1395.3
1283870 1396.6
1283880 1397.9
1283890 1397.9
1283900 1398.9
1283910 1399.6
1283920 1399.6
1283930 1399.9
1283940 1399.8
1283950 1399.8
1283960 1399.3
1283970 1398.2
1283980 1398.2
1283990 1396.9
1284000 1395.0
1284010 1395.0
1284020 1392.4
1284030 1389.9
1284040 1386.8
1284050 1386.8
1284060 1384.0
1284070 1380.9
1284080 1380.9
1284090 1377.4
1284100 1374.0
1284110 1374.0
1284120 1370.5
1284130 1367.6
1284140 1367.6
1284150 1364.4
1284160 1362.6
1284170 1362.6
1284180 1362.0
1284190 1361.9
1284200 1361.9
1284210 1360.0
1284220 1355.7
1284230 1355.7
1284240 1351.3
1284250 1346.5
1284260 1346.5
1284270 1341.2
1284280 1335.0
1284290 1335.0
1284300 1331.5
1284310 1329.6
1284320 1329.6
1284330 1326.7
1284340 1321.9
1284350 1321.9
1284360 1316.8
1284370 1312.4
1284380 1308.2
1284390 1308.2
1284400 1303.4
1284410 1298.1
1284420 1298.1
1284430 1291.7
1284440 1282.7
1284450 1282.7
1284460 1275.1
1284470 1282.5
1284480 1282.5
1284490 1286.3
1284500 1287.3
1284510 1287.3
1284520 1283.0
1284530 1278.2
1284540 1278.2
1284550 1275.0
1284560 1274.5
1284570 1274.5
1284580 1272.7
1284590 1266.9
1284600 1266.9
1284610 1260.6
1284620 1254.5
1284630 1254.5
1284640 1248.2
1284650 1241.9
1284660 1241.9
1284670 1236.4
1284680 1233.3
1284690 1233.3
1284700 1231.5
1284710 1228.9
1284720 1224.9
1284730 1224.9
1284740 1220.7
1284750 1216.3
1284760 1216.3
1284770 1212.5
1284780 1215.6
1284790 1215.6
1284800 1218.4
1284810 1223.2
1284820 1223.2
1284830 1229.9
1284840 1235.4
1284850 1235.4
1284860 1239.7
1284870 1242.1
1284880 1242.1
1284890 1247.6
1284900 1252.1
1284910 1252.1
1284920 1255.0
1284930 1259.5
1284940 1259.5
1284950 1263.0
1284960 1267.0
1284970 1267.0
1284980 1271.7
1284990 1279.0
1285000 1279.0
1285010 1286.8
1285020 1293.6
1285030 1293.6
1285040 1299.4
1285050 1305.0
1285060 1310.4
1285070 1310.4
1285080 1315.3
1285090 1319.8
1285100 1319.8
1285110 1323.5
1285120 1327.8
1285130 1327.8
1285140 1332.0
1285150 1336.1
1285160 1336.1
1285170 1340.1
1285180 1343.6
1285190 1343.6
1285200 1346.9
1285210 1349.0
1285220 1349.0
1285230 1350.8
1285240 1352.9
1285250 1352.9
1285260 1355.6
1285270 1358.4
1285280 1358.4
1285290 1359.4
1285300 1360.5
1285310 1360.5
1285320 1362.8
1285330 1364.6
1285340 1364.6
1285350 1364.6
1285360 1364.6
1285370 1364.6
1285380 1364.8
1285390 1364.0
1285400 1365.8
1285410 1365.8
1285420 1367.9
1285430 1368.1
1285440 1368.1
1285450 1366.4
1285460 1368.8
1285470 1368.8
1285480 1368.6
1285490 1369.7
1285500 1369.7
1285510 1371.5
1285520 1374.1
1285530 1374.1
1285540 1376.5
1285550 1378.7
1285560 1378.7
1285570 1379.7
1285580 1381.4
1285590 1381.4
1285600 1383.5
1285610 1384.4
1285620 1384.4
1285630 1386.3
1285640 1388.7
1285650 1388.7
1285660 1390.1
1285670 1390.4
1285680 1390.4
1285690 1391.5
1285700 1394.4
1285710 1394.4
1285720 1397.0
1285730 1398.1
1285740 1399.2
1285750 1402.6
1285760 1403.6
1285770 1404.3
1285780 1404.3
1285790 1404.7
1285800 1404.9
1285810 1404.9
1285820 1405.1
1285830 1404.7
1285840 1404.7
1285850 1404.3
1285860 1403.4
1285870 1403.4
1285880 1402.9
1285890 1402.5
1285900 1402.5
1285910 1401.7
1285920 1400.1
1285930 1400.1
1285940 1397.6
1285950 1393.8
1285960 1393.8
1285970 1388.0
1285980 1381.6
1285990 1381.6
1286000 1374.6
1286010 1368.2
1286020 1368.2
1286030 1364.5
1286040 1358.6
1286050 1358.6
1286060 1360.8
1286070 1356.6
1286080 1349.1
1286090 1349.1
1286100 1345.6
1286110 1347.3
1286120 1347.3
1286130 1347.8
1286140 1348.5
1286150 1348.5
1286160 1349.1
1286170 1347.9
1286180 1347.9
1286190 1344.9
1286200 1340.5
1286210 1340.5
1286220 1336.5
1286230 1331.8
1286240 1331.8
1286250 1326.4
1286260 1321.7
1286270 1321.7
1286280 1318.1
1286290 1313.7
1286300 1313.7
1286310 1309.6
1286320 1304.9
1286330 1304.9
1286340 1299.9
1286350 1294.7
1286360 1294.7
1286370 1289.6
1286380 1287.1
1286390 1287.1
1286400 1295.4
1286410 1291.0
1286420 1287.1
1286430 1287.1
1286440 1286.0
1286450 1285.3
1286460 1285.3
1286470 1278.6
1286480 1276.2
1286490 1276.2
1286500 1280.4
1286510 1281.7
1286520 1281.7
1286530 1282.2
1286540 1280.6
1286550 1280.6
1286560 1276.0
1286570 1270.6
1286580 1270.6
1286590 1265.0
1286600 1259.9
1286610 1259.9
1286620 1254.3
1286630 1248.7
1286640 1248.7
1286650 1243.8
1286660 1239.3
1286670 1239.3
1286680 1234.6
1286690 1230.9
1286700 1230.9
1286710 1228.5
1286720 1226.4
1286730 1226.4
1286740 1223.2
1286750 1220.2
1286760 1216.5
1286770 1216.5
1286780 1213.7
1286790 1211.8
1286800 1211.8
1286810 1210.2
1286820 1207.2
1286830 1207.2
1286840 1203.2
1286850 1197.9
1286860 1197.9
1286870 1191.0
1286880 1184.0
1286890 1184.0
1286900 1179.6
1286910 1178.6
1286920 1178.6
1286930 1179.4
1286940 1178.4
1286950 1178.4
1286960 1176.0
1286970 1172.4
1286980 1172.4
1286990 1170.1
1287000 1166.8
1287010 1166.8
1287020 1162.7
1287030 1158.1
1287040 1164.7
1287050 1158.5
1287060 1152.0
1287070 1152.0
1287080 1146.4
1287090 1139.7
1287100 1133.4
1287110 1133.4
1287120 1129.2
1287130 1125.6
1287140 1125.6
1287150 1122.2
1287160 1120.4
1287170 1120.4
1287180 1119.1
1287190 1117.9
1287200 1117.9
1287210 1117.2
1287220 1117.7
1287230 1117.7
1287240 1118.0
1287250 1118.7
1287260 1118.7
1287270 1117.8
1287280 1115.6
1287290 1115.6
1287300 1113.4
1287310 1111.1
1287320 1111.1
1287330 1108.3
1287340 1106.1
1287350 1106.1
1287360 1104.2
1287370 1102.1
1287380 1102.1
1287390 1099.8
1287400 1097.5
1287410 1097.5
1287420 1095.2
1287430 1093.1
1287440 1090.8
1287450 1090.8
1287460 1088.6
1287470 1086.5
1287480 1086.5
1287490 1084.2
1287500 1080.9
1287510 1080.9
1287520 1073.8
1287530 1065.5
1287540 1065.5
1287550 1058.1
1287560 1051.6
1287570 1051.6
1287580 1045.7
1287590 1040.8
1287600 1040.8
1287610 1037.7
1287620 1036.5
1287630 1036.5
1287640 1035.8
1287650 1034.1
1287660 1034.1
1287670 1033.4
1287680 1032.7
1287690 1033.2
1287700 1035.6
1287710 1038.3
1287720 1038.3
1287730 1039.9
1287740 1043.5
1287750 1043.5
1287760 1048.3
1287770 1054.4
1287780 1060.3
1287790 1060.3
1287800 1065.4
1287810 1070.3
1287820 1070.3
1287830 1074.5
1287840 1077.9
1287850 1077.9
1287860 1080.7
1287870 1084.1
1287880 1084.1
1287890 1087.8
1287900 1090.8
1287910 1090.8
1287920 1093.3
1287930 1090.9
1287940 1090.9
1287950 1085.0
1287960 1081.2
1287970 1081.2
1287980 1078.7
1287990 1079.9
1288000 1079.9
1288010 1084.6
1288020 1091.9
1288030 1091.9
1288040 1097.8
1288050 1102.9
1288060 1102.9
1288070 1107.7
1288080 1112.0
1288090 1112.0
1288100 1115.2
1288110 1117.4
1288120 1118.6
1288130 1118.6
1288140 1120.1
1288150 1122.7
1288160 1122.7
1288170 1125.6
1288180 1129.3
1288190 1129.3
1288200 1133.1
1288210 1135.1
1288220 1135.1
1288230 1135.7
1288240 1135.6
1288250 1135.6
1288260 1135.8
1288270 1136.8
1288280 1136.8
1288290 1137.8
1288300 1142.2
1288310 1142.2
1288320 1147.6
1288330 1153.5
1288340 1152.1
1288350 1158.3
1288360 1162.1
1288370 1162.1
1288380 1159.8
1288390 1155.7
1288400 1155.7
1288410 1159.6
1288420 1163.6
1288430 1163.6
1288440 1165.2
1288450 1168.5
1288460 1173.3
1288470 1173.3
1288480 1178.0
1288490 1180.2
1288500 1180.2
1288510 1181.3
1288520 1179.4
1288530 1179.4
1288540 1179.2
1288550 1176.7
1288560 1176.7
1288570 1174.8
1288580 1175.8
1288590 1175.8
1288600 1174.8
1288610 1167.7
1288620 1167.7
1288630 1172.3
1288640 1180.8
1288650 1180.8
1288660 1183.5
1288670 1181.8
1288680 1181.8
1288690 1177.9
1288700 1178.4
1288710 1178.4
1288720 1177.5
1288730 1173.8
1288740 1173.8
1288750 1170.4
1288760 1173.0
1288770 1178.4
1288780 1178.4
1288790 1179.9
1288800 1177.0
1288810 1177.0
1288820 1173.7
1288830 1174.5
1288840 1174.5
1288850 1178.6
1288860 1184.1
1288870 1184.1
1288880 1189.2
1288890 1193.9
1288900 1193.9
1288910 1198.5
1288920 1202.7
1288930 1202.7
1288940 1208.1
1288950 1215.1
1288960 1215.1
1288970 1223.0
1288980 1228.8
1288990 1228.0
1289000 1232.5
1289010 1236.7
1289020 1236.7
1289030 1239.1
1289040 1239.6
1289050 1239.6
1289060 1239.7
1289070 1241.0
1289080 1241.0
1289090 1239.5
1289100 1235.4
1289110 1231.6
1289120 1231.6
1289130 1230.4
1289140 1235.7
1289150 1235.7
1289160 1244.7
1289170 1252.6
1289180 1252.6
1289190 1256.8
1289200 1258.2
1289210 1258.2
1289220 1258.8
1289230 1259.2
1289240 1259.2
1289250 1260.2
1289260 1261.7
1289270 1261.7
1289280 1263.9
1289290 1266.7
1289300 1266.7
1289310 1269.6
1289320 1272.1
1289330 1272.1
1289340 1273.4
1289350 1276.3
1289360 1276.3
1289370 1279.9
1289380 1283.3
1289390 1283.3
1289400 1286.0
1289410 1288.2
1289420 1288.2
1289430 1290.2
1289440 1291.5
1289450 1292.0
1289460 1292.0
1289470 1292.1
1289480 1292.2
1289490 1292.2
1289500 1292.8
1289510 1293.1
1289520 1293.1
1289530 1292.8
1289540 1292.4
1289550 1292.4
1289560 1292.0
1289570 1292.3
1289580 1292.3
1289590 1292.6
1289600 1289.9
1289610 1289.9
1289620 1285.0
1289630 1278.5
1289640 1278.5
1289650 1270.3
1289660 1264.7
1289670 1264.7
1289680 1259.3
1289690 1253.7
1289700 1253.7
1289710 1248.9
1289720 1245.4
1289730 1245.4
1289740 1241.9
1289750 1238.7
1289760 1238.7
1289770 1235.5
1289780 1232.3
1289790 1229.2
1289800 1229.2
1289810 1226.4
1289820 1223.9
1289830 1223.9
1289840 1221.5
1289850 1219.1
1289860 1219.1
1289870 1216.9
1289880 1214.7
1289890 1214.7
1289900 1212.2
1289910 1208.9
1289920 1208.9
1289930 1205.6
1289940 1203.0
1289950 1203.0
1289960 1199.7
1289970 1194.9
1289980 1194.9
1289990 1191.4
1290000 1188.3
1290010 1188.3
1290020 1185.9
1290030 1183.9
1290040 1183.9
1290050 1182.2
1290060 1181.0
1290070 1181.0
1290080 1179.8
1290090 1176.0
1290100 1176.0
1290110 1172.6
1290120 1170.9
1290130 1169.6
1290140 1169.6
1290150 1170.6
1290160 1170.5
1290170 1170.5
1290180 1172.4
1290190 1174.9
1290200 1174.9
1290210 1175.9
1290220 1176.3
1290230 1176.3
1290240 1175.9
1290250 1176.5
1290260 1176.5
1290270 1176.4
1290280 1175.3
1290290 1175.3
1290300 1171.7
1290310 1166.4
1290320 1166.4
1290330 1164.6
1290340 1161.8
1290350 1161.8
1290360 1161.3
1290370 1159.7
1290380 1159.7
1290390 1159.3
1290400 1158.1
1290410 1158.1
1290420 1157.9
1290430 1160.9
1290440 1160.9
1290450 1163.7
1290460 1164.6
1290470 1163.8
1290480 1163.8
1290490 1161.4
1290500 1158.8
1290510 1158.8
1290520 1157.5
1290530 1155.0
1290540 1155.0
1290550 1152.4
1290560 1150.6
1290570 1150.6
1290580 1151.0
1290590 1153.3
1290600 1153.3
1290610 1155.7
1290620 1155.6
1290630 1155.6
1290640 1153.6
1290650 1152.0
1290660 1152.0
1290670 1151.0
1290680 1149.1
1290690 1149.1
1290700 1150.2
1290710 1149.9
1290720 1149.9
1290730 1148.8
1290740 1149.5
1290750 1149.5
1290760 1149.7
1290770 1149.7
1290780 1149.7
1290790 1150.0
1290800 1150.4
1290810 1150.3
1290820 1150.3
1290830 1149.6
1290840 1147.5
1290850 1147.5
1290860 1144.1
1290870 1139.3
1290880 1139.3
1290890 1134.0
1290900 1128.2
1290910 1128.2
1290920 1124.6
1290930 1124.0
1290940 1124.0
1290950 1119.4
1290960 1110.9
1290970 1110.9
1290980 1105.2
1290990 1104.1
1291000 1104.1
1291010 1102.7
1291020 1102.0
1291030 1102.0
1291040 1099.1
1291050 1096.6
1291060 1096.6
1291070 1093.6
1291080 1089.3
1291090 1089.3
1291100 1086.5
1291110 1085.9
1291120 1085.9
1291130 1084.7
1291140 1083.0
1291150 1080.9
1291160 1080.9
1291170 1078.7
1291180 1075.3
1291190 1075.3
1291200 1068.9
1291210 1063.1
1291220 1063.1
1291230 1059.3
1291240 1056.5
1291250 1056.5
1291260 1050.8
1291270 1045.1
1291280 1045.1
1291290 1042.3
1291300 1039.0
1291310 1039.0
1291320 1036.0
1291330 1033.3
1291340 1033.3
1291350 1029.6
1291360 1027.9
1291370 1027.9
1291380 1026.6
1291390 1024.8
1291400 1024.8
1291410 1023.3
1291420 1021.3
1291430 1021.3
1291440 1018.8
1291450 1017.0
1291460 1017.0
1291470 1015.3
1291480 1017.5
1291490 1025.8
1291500 1025.8
1291510 1033.6
1291520 1037.6
1291530 1037.6
1291540 1041.8
1291550 1044.5
1291560 1044.5
1291570 1046.5
1291580 1047.0
1291590 1047.0
1291600 1048.4
1291610 1052.6
1291620 1056.4
1291630 1060.8
1291640 1060.5
1291650 1060.5
1291660 1055.9
1291670 1046.9
1291680 1046.9
1291690 1047.0
1291700 1052.1
1291710 1052.1
1291720 1056.6
1291730 1065.1
1291740 1065.1
1291750 1071.8
1291760 1072.8
1291770 1072.8
1291780 1075.1
1291790 1081.4
1291800 1081.4
1291810 1084.7
1291820 1082.9
1291830 1083.8
1291840 1083.8
1291850 1083.7
1291860 1085.2
1291870 1085.2
1291880 1085.2
1291890 1084.5
1291900 1084.5
1291910 1084.2
1291920 1084.2
1291930 1084.2
1291940 1083.5
1291950 1083.8
1291960 1083.8
1291970 1084.9
1291980 1086.1
1291990 1086.1
1292000 1087.0
1292010 1088.0
1292020 1088.0
1292030 1088.1
1292040 1088.7
1292050 1088.7
1292060 1089.5
1292070 1089.6
1292080 1089.6
1292090 1089.2
1292100 1089.2
1292110 1089.2
1292120 1089.2
1292130 1087.7
1292140 1087.7
1292150 1085.6
1292160 1084.5
1292170 1083.3
1292180 1083.3
1292190 1081.8
1292200 1080.3
1292210 1080.3
1292220 1076.4
1292230 1071.1
1292240 1071.1
1292250 1066.0
1292260 1062.0
1292270 1062.0
1292280 1057.4
1292290 1054.9
1292300 1054.9
1292310 1047.6
1292320 1042.4
1292330 1042.4
1292340 1042.6
1292350 1049.7
1292360 1049.7
1292370 1056.9
1292380 1062.8
1292390 1062.8
1292400 1068.2
1292410 1072.7
1292420 1072.7
1292430 1077.6
1292440 1082.6
1292450 1082.6
1292460 1087.4
1292470 1092.5
1292480 1092.5
1292490 1096.9
1292500 1103.6
1292510 1108.7
1292520 1108.7
1292530 1112.6
1292540 1116.5
1292550 1116.5
1292560 1119.8
1292570 1123.2
1292580 1123.2
1292590 1127.8
1292600 1132.2
1292610 1132.2
1292620 1136.3
1292630 1140.2
1292640 1140.2
1292650 1143.8
1292660 1147.6
1292670 1147.6
1292680 1151.7
1292690 1154.9
1292700 1154.9
1292710 1156.5
1292720 1156.6
1292730 1156.6
1292740 1155.3
1292750 1153.0
1292760 1153.0
1292770 1149.7
1292780 1146.5
1292790 1146.5
1292800 1143.3
1292810 1140.3
1292820 1140.3
1292830 1138.5
1292840 1136.5
1292850 1134.5
1292860 1134.5
1292870 1132.1
1292880 1129.7
1292890 1129.7
1292900 1127.2
1292910 1124.4
1292920 1124.4
1292930 1121.9
1292940 1120.3
1292950 1122.7
1292960 1120.5
1292970 1118.5
1292980 1118.5
1292990 1116.6
1293000 1115.0
1293010 1115.0
1293020 1113.1
1293030 1110.0
1293040 1110.0
1293050 1106.4
1293060 1104.7
1293070 1104.7
1293080 1103.4
1293090 1100.3
1293100 1100.3
1293110 1096.4
1293120 1091.8
1293130 1091.8
1293140 1086.9
1293150 1083.3
1293160 1083.3
1293170 1082.0
1293180 1081.8
1293190 1081.3
1293200 1081.3
1293210 1080.5
1293220 1079.4
1293230 1079.4
1293240 1078.6
1293250 1078.3
1293260 1078.3
1293270 1078.0
1293280 1075.5
1293290 1075.5
1293300 1075.6
1293310 1078.7
1293320 1078.7
1293330 1079.7
1293340 1080.3
1293350 1080.3
1293360 1080.3
1293370 1080.4
1293380 1080.4
1293390 1080.0
1293400 1078.8
1293410 1078.8
1293420 1076.9
1293430 1073.3
1293440 1073.3
1293450 1069.3
1293460 1074.9
1293470 1074.9
1293480 1078.6
1293490 1078.8
1293500 1078.8
1293510 1078.7
1293520 1077.5
1293530 1074.5
1293540 1074.5
1293550 1072.4
1293560 1071.2
1293570 1071.2
1293580 1068.4
1293590 1065.6
1293600 1065.6
1293610 1066.7
1293620 1074.6
1293630 1074.6
1293640 1071.1
1293650 1063.5
1293660 1063.5
1293670 1063.7
1293680 1070.0
1293690 1070.0
1293700 1069.7
1293710 1066.4
1293720 1066.4
1293730 1066.6
1293740 1067.7
1293750 1067.7
1293760 1065.2
1293770 1055.6
1293780 1055.6
1293790 1045.9
1293800 1046.2
1293810 1046.2
1293820 1051.6
1293830 1059.7
1293840 1059.7
1293850 1063.7
1293860 1064.1
1293870 1064.6
1293880 1064.6
1293890 1065.5
1293900 1066.5
1293910 1066.5
1293920 1067.2
1293930 1067.9
1293940 1067.9
1293950 1071.9
1293960 1075.8
1293970 1075.8
1293980 1077.0
1293990 1081.4
1294000 1081.4
1294010 1089.8
1294020 1096.0
1294030 1096.0
1294040 1100.3
1294050 1102.4
1294060 1102.4
1294070 1103.3
1294080 1104.8
1294090 1104.8
1294100 1106.2
1294110 1107.5
1294120 1107.5
1294130 1108.8
1294140 1110.2
1294150 1110.2
1294160 1111.5
1294170 1113.1
1294180 1113.1
1294190 1114.8
1294200 1116.5
1294210 1118.1
1294220 1118.1
1294230 1119.5
1294240 1121.1
1294250 1121.1
1294260 1122.9
1294270 1124.4
1294280 1124.4
1294290 1121.8
1294300 1121.7
1294310 1121.7
1294320 1121.7
1294330 1122.4
1294340 1122.4
1294350 1124.0
1294360 1128.7
1294370 1128.7
1294380 1134.1
1294390 1136.2
1294400 1136.2
1294410 1135.7
1294420 1135.2
1294430 1135.2
1294440 1135.6
1294450 1136.7
1294460 1136.7
1294470 1138.0
1294480 1139.4
1294490 1139.4
1294500 1141.1
1294510 1142.8
1294520 1142.8
1294530 1144.9
1294540 1146.4
1294550 1147.9
1294560 1147.9
1294570 1150.2
1294580 1153.5
1294590 1153.5
1294600 1158.5
1294610 1164.0
1294620 1164.0
1294630 1168.0
1294640 1171.5
1294650 1171.5
1294660 1175.4
1294670 1179.3
1294680 1179.3
1294690 1182.9
1294700 1186.2
1294710 1186.2
1294720 1189.6
1294730 1192.7
1294740 1192.7
1294750 1195.7
1294760 1198.7
1294770 1198.7
1294780 1201.7
1294790 1204.3
1294800 1204.3
1294810 1206.4
1294820 1208.1
1294830 1208.1
1294840 1209.4
1294850 1211.0
1294860 1212.3
1294870 1212.3
1294880 1211.5
1294890 1211.5
1294900 1211.5
1294910 1211.3
1294920 1210.7
1294930 1210.7
1294940 1211.0
1294950 1213.1
1294960 1213.3
1294970 1218.2
1294980 1223.0
1294990 1223.0
1295000 1227.4
1295010 1231.5
1295020 1231.5
1295030 1236.3
1295040 1241.8
1295050 1241.8
1295060 1248.5
1295070 1255.0
1295080 1255.0
1295090 1260.8
1295100 1266.5
1295110 1266.5
1295120 1271.9
1295130 1277.1
1295140 1277.1
1295150 1282.0
1295160 1286.1
1295170 1286.1
1295180 1289.6
1295190 1293.5
1295200 1297.4
1295210 1297.4
1295220 1301.1
1295230 1304.9
1295240 1304.9
1295250 1309.2
1295260 1313.4
1295270 1313.4
1295280 1317.6
1295290 1322.0
1295300 1322.0
1295310 1326.3
1295320 1330.6
1295330 1330.6
1295340 1335.0
1295350 1339.1
1295360 1339.1
1295370 1343.5
1295380 1348.1
1295390 1348.1
1295400 1352.5
1295410 1356.8
1295420 1356.8
1295430 1360.7
1295440 1364.4
1295450 1364.4
1295460 1368.4
1295470 1372.7
1295480 1372.7
1295490 1377.2
1295500 1381.3
1295510 1381.3
1295520 1384.9
1295530 1388.1
1295540 1391.6
1295550 1391.6
1295560 1395.0
1295570 1398.5
1295580 1398.5
1295590 1401.9
1295600 1405.4
1295610 1405.4
1295620 1408.8
1295630 1412.2
1295640 1409.3
1295650 1411.3
1295660 1413.3
1295670 1413.3
1295680 1416.2
1295690 1420.0
1295700 1420.0
1295710 1424.0
1295720 1428.1
1295730 1428.1
1295740 1432.5
1295750 1436.6
1295760 1436.6
1295770 1440.9
1295780 1445.5
1295790 1445.5
1295800 1449.9
1295810 1454.3
1295820 1454.3
1295830 1459.0
1295840 1463.1
1295850 1463.1
1295860 1466.6
1295870 1469.5
1295880 1472.7
1295890 1472.7
1295900 1476.5
1295910 1480.3
1295920 1480.3
1295930 1484.5
1295940 1488.8
1295950 1488.8
1295960 1493.3
1295970 1498.0
1295980 1498.0
1295990 1502.8
1296000 1508.3
1296010 1508.3
1296020 1513.7
1296030 1519.0
1296040 1519.0
1296050 1524.7
1296060 1530.2
1296070 1530.2
1296080 1535.5
1296090 1541.0
1296100 1541.0
1296110 1546.4
1296120 1551.6
1296130 1551.6
1296140 1556.6
1296150 1561.7
1296160 1561.7
1296170 1567.0
1296180 1572.6
1296190 1572.6
1296200 1576.6
1296210 1582.2
1296220 1587.3
1296230 1587.3
1296240 1592.6
1296250 1597.8
1296260 1597.8
1296270 1603.3
1296280 1608.4
1296290 1608.4
1296300 1614.1
1296310 1619.9
1296320 1616.4
1296330 1622.5
1296340 1628.8
1296350 1628.8
1296360 1635.6
1296370 1642.6
1296380 1642.6
1296390 1649.6
1296400 1656.6
1296410 1656.6
1296420 1663.3
1296430 1669.4
1296440 1669.4
1296450 1675.6
1296460 1682.9
1296470 1682.9
1296480 1689.9
1296490 1695.9
1296500 1695.9
1296510 1702.5
1296520 1709.7
1296530 1709.7
1296540 1716.5
1296550 1723.9
1296560 1731.2
1296570 1731.2
1296580 1738.3
1296590 1746.0
1296600 1746.0
1296610 1752.6
1296620 1759.1
1296630 1759.1
1296640 1766.3
1296650 1772.6
1296660 1772.6
1296670 1779.7
1296680 1788.0
1296690 1788.0
1296700 1796.3
1296710 1804.5
1296720 1804.5
1296730 1813.2
1296740 1822.1
1296750 1822.1
1296760 1830.4
1296770 1838.3
1296780 1838.3
1296790 1845.7
1296800 1853.5
1296810 1853.5
1296820 1860.9
1296830 1867.1
1296840 1867.1
1296850 1865.7
1296860 1858.0
1296870 1858.0
1296880 1844.2
1296890 1828.6
1296900 1817.3
1296910 1817.3
1296920 1805.9
1296930 1793.1
1296940 1793.1
1296950 1780.5
1296960 1764.9
1296970 1764.9
1296980 1754.4
1296990 1744.4
1297000 1744.6
1297010 1733.2
1297020 1717.6
1297030 1717.6
1297040 1698.8
1297050 1685.3
1297060 1685.3
1297070 1676.9
1297080 1669.4
1297090 1669.4
1297100 1663.0
1297110 1656.8
1297120 1656.8
1297130 1652.1
1297140 1642.5
1297150 1642.5
1297160 1633.7
1297170 1628.4
1297180 1628.4
1297190 1622.2
1297200 1615.7
1297210 1615.7
1297220 1608.3
1297230 1601.8
1297240 1597.2
1297250 1597.2
1297260 1593.0
1297270 1588.1
1297280 1588.1
1297290 1583.0
1297300 1578.1
1297310 1578.1
1297320 1575.3
1297330 1572.0
1297340 1572.0
1297350 1568.2
1297360 1564.9
1297370 1564.9
1297380 1560.8
1297390 1556.8
1297400 1556.8
1297410 1553.5
1297420 1550.7
1297430 1550.7
1297440 1546.9
1297450 1542.6
1297460 1542.6
1297470 1539.6
1297480 1537.0
1297490 1537.0
1297500 1533.6
1297510 1530.6
1297520 1530.6
1297530 1528.7
1297540 1527.5
1297550 1527.5
1297560 1525.9
1297570 1524.6
1297580 1523.4
1297590 1523.4
1297600 1522.6
1297610 1521.3
1297620 1521.3
1297630 1519.2
1297640 1516.7
1297650 1516.7
1297660 1514.1
1297670 1510.3
1297680 1505.2
1297690 1501.4
1297700 1497.3
1297710 1497.3
1297720 1492.8
1297730 1487.0
1297740 1487.0
1297750 1480.1
1297760 1470.9
1297770 1470.9
1297780 1462.8
1297790 1454.5
1297800 1454.5
1297810 1446.1
1297820 1437.8
1297830 1437.8
1297840 1430.9
1297850 1424.3
1297860 1424.3
1297870 1417.0
1297880 1409.5
1297890 1409.5
1297900 1401.8
1297910 1393.8
1297920 1385.9
1297930 1385.9
1297940 1378.7
1297950 1372.3
1297960 1372.3
1297970 1366.7
1297980 1363.0
1297990 1363.0
1298000 1359.3
1298010 1357.7
1298020 1357.7
1298030 1355.8
1298040 1354.1
1298050 1354.1
1298060 1353.2
1298070 1350.9
1298080 1350.9
1298090 1348.5
1298100 1346.4
1298110 1346.4
1298120 1344.6
1298130 1342.8
1298140 1342.8
1298150 1340.2
1298160 1337.4
1298170 1337.4
1298180 1335.0
1298190 1334.9
1298200 1334.9
1298210 1336.6
1298220 1338.6
1298230 1338.6
1298240 1338.0
1298250 1336.1
1298260 1334.8
1298270 1334.8
1298280 1333.7
1298290 1332.0
1298300 1332.0
1298310 1330.4
1298320 1328.9
1298330 1328.9
1298340 1324.5
1298350 1316.0
1298360 1313.3
1298370 1305.2
1298380 1297.1
1298390 1297.1
1298400 1287.9
1298410 1279.8
1298420 1279.8
1298430 1272.3
1298440 1264.9
1298450 1264.9
1298460 1258.9
1298470 1252.4
1298480 1252.4
1298490 1245.2
1298500 1237.5
1298510 1237.5
1298520 1229.8
1298530 1221.4
1298540 1221.4
1298550 1212.9
1298560 1204.5
1298570 1204.5
1298580 1196.1
1298590 1188.2
1298600 1180.6
1298610 1180.6
1298620 1173.8
1298630 1166.9
1298640 1166.9
1298650 1159.6
1298660 1152.1
1298670 1152.1
1298680 1145.1
1298690 1138.1
1298700 1138.1
1298710 1130.8
1298720 1122.7
1298730 1122.7
1298740 1115.0
1298750 1108.3
1298760 1108.3
1298770 1101.8
1298780 1095.7
1298790 1095.7
1298800 1090.0
1298810 1084.2
1298820 1084.2
1298830 1078.6
1298840 1073.5
1298850 1073.5
1298860 1068.7
1298870 1066.3
1298880 1066.3
1298890 1064.8
1298900 1063.5
1298910 1063.5
1298920 1062.5
1298930 1061.3
1298940 1059.8
1298950 1059.8
1298960 1058.3
1298970 1056.4
1298980 1056.4
1298990 1054.4
1299000 1052.8
1299010 1052.8
1299020 1050.8
1299030 1049.5
1299040 1049.5
1299050 1046.9
1299060 1045.4
1299070 1045.4
1299080 1043.8
1299090 1042.7
1299100 1042.7
1299110 1041.6
1299120 1040.1
1299130 1040.1
1299140 1038.4
1299150 1038.2
1299160 1038.2
1299170 1038.6
1299180 1039.3
1299190 1039.3
1299200 1039.3
1299210 1039.4
1299220 1039.4
1299230 1039.6
1299240 1042.3
1299250 1042.3
1299260 1047.1
1299270 1052.4
1299280 1058.4
1299290 1058.4
1299300 1063.7
1299310 1066.2
1299320 1066.2
1299330 1071.9
1299340 1079.3
1299350 1079.3
1299360 1084.7
1299370 1086.3
1299380 1086.3
1299390 1093.1
1299400 1100.4
1299410 1100.4
1299420 1105.6
1299430 1110.3
1299440 1110.3
1299450 1116.7
1299460 1123.4
1299470 1123.4
1299480 1128.4
1299490 1130.2
1299500 1130.2
1299510 1120.1
1299520 1128.5
1299530 1128.5
1299540 1146.1
1299550 1154.0
1299560 1154.0
1299570 1160.4
1299580 1164.8
1299590 1164.8
1299600 1169.8
1299610 1174.3
1299620 1177.9
1299630 1177.9
1299640 1183.1
1299650 1187.9
1299660 1187.9
1299670 1190.4
1299680 1197.5
1299690 1197.5
1299700 1200.3
1299710 1190.5
1299720 1190.5
1299730 1186.3
1299740 1196.9
1299750 1196.9
1299760 1192.8
1299770 1192.8
1299780 1192.8
1299790 1198.4
1299800 1212.3
1299810 1212.3
1299820 1224.1
1299830 1232.6
1299840 1232.6
1299850 1239.0
1299860 1243.6
1299870 1243.6
1299880 1240.9
1299890 1232.4
1299900 1232.4
1299910 1230.3
1299920 1247.4
1299930 1265.5
1299940 1265.5
1299950 1273.7
1299960 1277.5
1299970 1277.5
1299980 1279.4
1299990 1285.6
