1280000 1619.2
1280010 1619.7
1280020 1619.1
1280030 1619.1
1280040 1619.5
1280050 1621.1
1280060 1621.1
1280070 1623.6
1280080 1626.4
1280090 1626.4
1280100 1628.0
1280110 1629.8
1280120 1629.8
1280130 1632.1
1280140 1633.8
1280150 1628.7
1280160 1630.1
1280170 1632.0
1280180 1632.0
1280190 1634.0
1280200 1635.2
1280210 1635.2
1280220 1636.0
1280230 1636.7
1280240 1636.7
1280250 1637.6
1280260 1638.6
1280270 1638.6
1280280 1639.9
1280290 1641.4
1280300 1643.0
1280310 1643.0
1280320 1643.5
1280330 1643.7
1280340 1643.7
1280350 1643.8
1280360 1644.2
1280370 1644.2
1280380 1643.9
1280390 1644.1
1280400 1644.1
1280410 1643.9
1280420 1643.0
1280430 1643.0
1280440 1641.7
1280450 1640.8
1280460 1640.8
1280470 1639.7
1280480 1638.0
1280490 1638.0
1280500 1639.4
1280510 1642.4
1280520 1642.4
1280530 1645.0
1280540 1647.6
1280550 1647.6
1280560 1650.5
1280570 1653.0
1280580 1653.0
1280590 1655.2
1280600 1657.1
1280610 1657.1
1280620 1659.0
1280630 1661.3
1280640 1663.7
1280650 1663.7
1280660 1666.1
1280670 1668.2
1280680 1668.2
1280690 1669.9
1280700 1671.6
1280710 1671.6
1280720 1673.1
1280730 1674.5
1280740 1674.5
1280750 1675.7
1280760 1676.5
1280770 1676.5
1280780 1670.6
1280790 1669.7
1280800 1669.7
1280810 1667.8
1280820 1668.9
1280830 1668.9
1280840 1671.2
1280850 1672.1
1280860 1672.1
1280870 1673.2
1280880 1674.0
1280890 1674.0
1280900 1673.8
1280910 1673.3
1280920 1673.3
1280930 1675.2
1280940 1678.8
1280950 1678.8
1280960 1681.9
1280970 1684.1
1280980 1685.9
1280990 1685.9
1281000 1687.0
1281010 1687.5
1281020 1687.5
1281030 1687.5
1281040 1686.9
1281050 1686.9
1281060 1684.7
1281070 1682.6
1281080 1682.6
1281090 1681.1
1281100 1679.2
1281110 1679.2
1281120 1677.9
1281130 1676.5
1281140 1676.5
1281150 1673.4
1281160 1670.0
1281170 1670.0
1281180 1667.7
1281190 1667.7
1281200 1667.7
1281210 1667.8
1281220 1667.6
1281230 1667.6
1281240 1665.8
1281250 1663.2
1281260 1663.2
1281270 1662.4
1281280 1662.6
1281290 1662.6
1281300 1661.9
1281310 1660.3
1281320 1658.2
1281330 1658.2
1281340 1657.1
1281350 1658.0
1281360 1658.0
1281370 1657.8
1281380 1656.7
1281390 1656.7
1281400 1648.8
1281410 1646.8
1281420 1646.8
1281430 1645.2
1281440 1645.6
1281450 1645.6
1281460 1645.8
1281470 1645.5
1281480 1645.5
1281490 1645.1
1281500 1644.1
1281510 1644.1
1281520 1641.9
1281530 1638.7
1281540 1638.7
1281550 1637.0
1281560 1634.9
1281570 1634.9
1281580 1632.5
1281590 1629.7
1281600 1629.7
1281610 1625.7
1281620 1623.4
1281630 1623.4
1281640 1621.5
1281650 1620.3
1281660 1618.8
1281670 1618.8
1281680 1616.2
1281690 1613.1
1281700 1613.1
1281710 1611.2
1281720 1610.4
1281730 1610.4
1281740 1609.4
1281750 1609.0
1281760 1609.0
1281770 1608.9
1281780 1608.5
1281790 1608.5
1281800 1607.6
1281810 1605.3
1281820 1605.3
1281830 1602.1
1281840 1598.8
1281850 1598.8
1281860 1596.7
1281870 1594.1
1281880 1594.1
1281890 1592.2
1281900 1591.2
1281910 1591.2
1281920 1590.4
1281930 1589.1
1281940 1589.1
1281950 1587.7
1281960 1586.3
1281970 1586.3
1281980 1586.7
1281990 1587.2
1282000 1588.7
1282010 1588.7
1282020 1589.7
1282030 1589.8
1282040 1582.6
1282050 1581.0
1282060 1578.9
1282070 1578.9
1282080 1576.5
1282090 1573.7
1282100 1573.7
1282110 1570.6
1282120 1567.2
1282130 1567.2
1282140 1563.7
1282150 1560.6
1282160 1560.6
1282170 1557.2
1282180 1553.7
1282190 1553.7
1282200 1552.1
1282210 1550.6
1282220 1550.6
1282230 1548.2
1282240 1545.5
1282250 1545.5
1282260 1542.2
1282270 1537.7
1282280 1537.7
1282290 1530.9
1282300 1523.5
1282310 1523.5
1282320 1517.6
1282330 1514.2
1282340 1509.8
1282350 1509.8
1282360 1506.7
1282370 1508.2
1282380 1508.2
1282390 1508.1
1282400 1506.4
1282410 1506.4
1282420 1506.0
1282430 1505.2
1282440 1505.2
1282450 1504.3
1282460 1503.5
1282470 1503.5
1282480 1503.1
1282490 1502.8
1282500 1502.8
1282510 1501.2
1282520 1499.0
1282530 1499.0
1282540 1497.0
1282550 1495.1
1282560 1495.1
1282570 1493.5
1282580 1492.4
1282590 1492.4
1282600 1494.5
1282610 1494.8
1282620 1494.8
1282630 1491.7
1282640 1487.4
1282650 1487.4
1282660 1483.5
1282670 1471.6
1282680 1469.7
1282690 1469.7
1282700 1469.3
1282710 1469.0
1282720 1469.0
1282730 1467.9
1282740 1464.4
1282750 1464.4
1282760 1461.6
1282770 1457.8
1282780 1457.8
1282790 1453.4
1282800 1448.5
1282810 1448.5
1282820 1442.9
1282830 1439.8
1282840 1439.8
1282850 1440.0
1282860 1440.3
1282870 1440.3
1282880 1438.5
1282890 1432.9
1282900 1432.9
1282910 1425.0
1282920 1418.8
1282930 1418.8
1282940 1411.0
1282950 1402.8
1282960 1402.8
1282970 1392.9
1282980 1381.3
1282990 1381.3
1283000 1372.8
1283010 1365.4
1283020 1356.7
1283030 1356.7
1283040 1345.9
1283050 1335.7
1283060 1335.7
1283070 1327.4
1283080 1319.9
1283090 1319.9
1283100 1311.8
1283110 1304.4
1283120 1304.4
1283130 1298.7
1283140 1293.3
1283150 1293.3
1283160 1287.4
1283170 1281.0
1283180 1281.0
1283190 1274.7
1283200 1268.4
1283210 1268.4
1283220 1262.2
1283230 1255.8
1283240 1255.8
1283250 1249.3
1283260 1242.7
1283270 1242.7
1283280 1236.1
1283290 1229.8
1283300 1228.0
1283310 1222.1
1283320 1216.4
1283330 1216.4
1283340 1211.2
1283350 1206.6
1283360 1201.8
1283370 1201.8
1283380 1196.6
1283390 1191.0
1283400 1191.0
1283410 1185.2
1283420 1179.5
1283430 1179.5
1283440 1173.9
1283450 1167.7
1283460 1167.7
1283470 1161.1
1283480 1154.3
1283490 1154.3
1283500 1153.1
1283510 1157.2
1283520 1157.2
1283530 1156.0
1283540 1154.2
1283550 1154.2
1283560 1152.7
1283570 1152.2
1283580 1152.2
1283590 1152.1
1283600 1153.4
1283610 1153.4
1283620 1154.7
1283630 1155.0
1283640 1155.0
1283650 1155.4
1283660 1155.2
1283670 1155.2
1283680 1154.4
1283690 1153.5
1283700 1152.8
1283710 1152.8
1283720 1152.7
1283730 1152.1
1283740 1152.1
1283750 1150.5
1283760 1148.9
1283770 1148.9
1283780 1147.1
1283790 1146.5
1283800 1146.5
1283810 1146.0
1283820 1146.6
1283830 1146.6
1283840 1148.1
1283850 1149.4
1283860 1149.4
1283870 1151.2
1283880 1151.1
1283890 1151.1
1283900 1152.9
1283910 1152.4
1283920 1152.4
1283930 1152.6
1283940 1166.0
1283950 1166.0
1283960 1167.8
1283970 1170.8
1283980 1170.8
1283990 1173.7
1284000 1172.1
1284010 1172.1
1284020 1171.1
1284030 1173.5
1284040 1173.6
1284050 1173.6
1284060 1168.1
1284070 1165.1
1284080 1165.1
1284090 1168.7
1284100 1174.2
1284110 1174.2
1284120 1176.1
1284130 1177.8
1284140 1177.8
1284150 1178.7
1284160 1177.3
1284170 1177.3
1284180 1175.8
1284190 1175.7
1284200 1175.7
1284210 1175.6
1284220 1176.3
1284230 1176.3
1284240 1178.3
1284250 1179.4
1284260 1179.4
1284270 1178.6
1284280 1180.0
1284290 1180.0
1284300 1178.6
1284310 1179.7
1284320 1179.7
1284330 1179.6
1284340 1179.5
1284350 1179.5
1284360 1179.0
1284370 1176.5
1284380 1176.4
1284390 1176.4
1284400 1179.6
1284410 1182.0
1284420 1182.0
1284430 1183.5
1284440 1185.3
1284450 1185.3
1284460 1183.1
1284470 1179.5
1284480 1179.5
1284490 1177.8
1284500 1178.5
1284510 1178.5
1284520 1175.1
1284530 1170.9
1284540 1170.9
1284550 1169.4
1284560 1169.5
1284570 1169.5
1284580 1176.2
1284590 1177.8
1284600 1177.8
1284610 1181.3
1284620 1181.8
1284630 1181.8
1284640 1179.2
1284650 1176.0
1284660 1176.0
1284670 1171.4
1284680 1165.2
1284690 1165.2
1284700 1158.7
1284710 1151.8
1284720 1146.7
1284730 1146.7
1284740 1143.0
1284750 1138.4
1284760 1138.4
1284770 1133.2
1284780 1133.3
1284790 1133.3
1284800 1140.1
1284810 1147.4
1284820 1147.4
1284830 1155.5
1284840 1163.1
1284850 1163.1
1284860 1168.7
1284870 1173.0
1284880 1173.0
1284890 1177.0
1284900 1180.9
1284910 1180.9
1284920 1184.2
1284930 1186.5
1284940 1186.5
1284950 1188.9
1284960 1190.8
1284970 1190.8
1284980 1191.9
1284990 1193.1
1285000 1193.1
1285010 1195.1
1285020 1197.2
1285030 1197.2
1285040 1199.2
1285050 1201.1
1285060 1202.9
1285070 1202.9
1285080 1204.9
1285090 1207.1
1285100 1207.1
1285110 1210.2
1285120 1212.6
1285130 1212.6
1285140 1214.0
1285150 1215.6
1285160 1215.6
1285170 1217.2
1285180 1219.0
1285190 1219.0
1285200 1220.8
1285210 1223.0
1285220 1229.6
1285230 1231.8
1285240 1234.3
1285250 1234.3
1285260 1237.9
1285270 1241.0
1285280 1241.0
1285290 1243.2
1285300 1245.1
1285310 1245.1
1285320 1247.2
1285330 1250.3
1285340 1250.3
1285350 1252.6
1285360 1255.1
1285370 1255.1
1285380 1258.0
1285390 1261.0
1285400 1263.8
1285410 1263.8
1285420 1267.2
1285430 1270.9
1285440 1270.9
1285450 1274.3
1285460 1277.2
1285470 1277.2
1285480 1279.7
1285490 1283.1
1285500 1283.1
1285510 1287.7
1285520 1293.2
1285530 1293.2
1285540 1297.2
1285550 1301.5
1285560 1301.5
1285570 1306.4
1285580 1310.3
1285590 1310.3
1285600 1314.6
1285610 1319.2
1285620 1319.2
1285630 1323.3
1285640 1327.3
1285650 1327.3
1285660 1330.8
1285670 1331.2
1285680 1331.2
1285690 1328.2
1285700 1331.4
1285710 1331.4
1285720 1335.7
1285730 1339.2
1285740 1343.3
1285750 1343.3
1285760 1346.4
1285770 1349.4
1285780 1349.4
1285790 1352.3
1285800 1355.2
1285810 1355.2
1285820 1358.0
1285830 1360.8
1285840 1360.8
1285850 1363.3
1285860 1373.2
1285870 1373.2
1285880 1375.1
1285890 1377.3
1285900 1377.3
1285910 1379.6
1285920 1382.0
1285930 1382.0
1285940 1384.5
1285950 1386.7
1285960 1386.7
1285970 1388.7
1285980 1390.8
1285990 1390.8
1286000 1393.9
1286010 1397.0
1286020 1397.0
1286030 1398.9
1286040 1399.5
1286050 1399.5
1286060 1399.0
1286070 1397.9
1286080 1396.5
1286090 1396.5
1286100 1394.7
1286110 1392.2
1286120 1392.2
1286130 1389.2
1286140 1386.1
1286150 1386.1
1286160 1383.4
1286170 1380.6
1286180 1380.6
1286190 1378.2
1286200 1376.3
1286210 1376.3
1286220 1374.8
1286230 1373.1
1286240 1373.1
1286250 1371.2
1286260 1369.1
1286270 1369.1
1286280 1367.0
1286290 1364.9
1286300 1364.9
1286310 1363.1
1286320 1361.4
1286330 1361.4
1286340 1360.2
1286350 1359.2
1286360 1359.2
1286370 1357.9
1286380 1356.4
1286390 1356.4
1286400 1354.6
1286410 1352.6
1286420 1350.0
1286430 1350.0
1286440 1347.3
1286450 1344.6
1286460 1344.6
1286470 1341.8
1286480 1338.9
1286490 1338.9
1286500 1331.7
1286510 1329.3
1286520 1329.3
1286530 1327.5
1286540 1325.5
1286550 1325.5
1286560 1323.5
1286570 1321.6
1286580 1321.6
1286590 1319.8
1286600 1318.2
1286610 1318.2
1286620 1316.2
1286630 1314.0
1286640 1314.0
1286650 1312.1
1286660 1310.2
1286670 1310.2
1286680 1308.3
1286690 1306.6
1286700 1306.6
1286710 1304.7
1286720 1302.5
1286730 1302.5
1286740 1300.1
1286750 1297.4
1286760 1294.5
1286770 1294.5
1286780 1291.9
1286790 1289.5
1286800 1289.5
1286810 1287.0
1286820 1283.8
1286830 1283.8
1286840 1280.2
1286850 1276.6
1286860 1276.6
1286870 1273.2
1286880 1270.1
1286890 1270.1
1286900 1267.7
1286910 1265.8
1286920 1265.8
1286930 1264.2
1286940 1262.2
1286950 1262.2
1286960 1260.1
1286970 1258.1
1286980 1258.1
1286990 1255.9
1287000 1253.8
1287010 1253.8
1287020 1251.7
1287030 1249.4
1287040 1249.4
1287050 1246.8
1287060 1244.0
1287070 1244.0
1287080 1241.2
1287090 1239.3
1287100 1241.0
1287110 1241.0
1287120 1241.6
1287130 1242.0
1287140 1242.0
1287150 1235.6
1287160 1236.0
1287170 1236.0
1287180 1235.8
1287190 1235.3
1287200 1235.3
1287210 1234.2
1287220 1232.9
1287230 1232.9
1287240 1231.5
1287250 1229.2
1287260 1229.2
1287270 1225.4
1287280 1219.8
1287290 1219.8
1287300 1213.8
1287310 1208.5
1287320 1208.5
1287330 1203.9
1287340 1199.5
1287350 1199.5
1287360 1195.9
1287370 1191.0
1287380 1191.0
1287390 1185.8
1287400 1180.6
1287410 1180.6
1287420 1175.0
1287430 1168.5
1287440 1161.2
1287450 1161.2
1287460 1153.9
1287470 1146.9
1287480 1146.9
1287490 1140.4
1287500 1135.2
1287510 1135.2
1287520 1129.6
1287530 1122.3
1287540 1122.3
1287550 1114.3
1287560 1105.7
1287570 1105.7
1287580 1097.3
1287590 1089.2
1287600 1089.2
1287610 1081.7
1287620 1074.3
1287630 1074.3
1287640 1066.5
1287650 1058.6
1287660 1058.6
1287670 1051.2
1287680 1044.8
1287690 1044.8
1287700 1039.0
1287710 1033.5
1287720 1033.5
1287730 1028.0
1287740 1021.5
1287750 1021.5
1287760 1014.4
1287770 1011.0
1287780 1013.7
1287790 1013.7
1287800 1022.3
1287810 1028.6
1287820 1028.6
1287830 1036.1
1287840 1044.3
1287850 1044.3
1287860 1052.9
1287870 1061.9
1287880 1061.9
1287890 1071.0
1287900 1079.9
1287910 1079.9
1287920 1088.6
1287930 1097.0
1287940 1097.0
1287950 1106.0
1287960 1114.4
1287970 1114.4
1287980 1122.1
1287990 1129.6
1288000 1129.6
1288010 1136.9
1288020 1144.2
1288030 1144.2
1288040 1151.4
1288050 1157.7
1288060 1157.7
1288070 1163.8
1288080 1169.5
1288090 1169.5
1288100 1175.3
1288110 1180.7
1288120 1185.4
1288130 1185.4
1288140 1189.8
1288150 1194.4
1288160 1194.4
1288170 1199.8
1288180 1203.2
1288190 1203.2
1288200 1203.9
1288210 1206.2
1288220 1206.2
1288230 1211.9
1288240 1217.1
1288250 1217.1
1288260 1220.5
1288270 1223.1
1288280 1223.1
1288290 1226.5
1288300 1230.4
1288310 1230.4
1288320 1233.9
1288330 1237.0
1288340 1237.0
1288350 1239.7
1288360 1242.3
1288370 1242.3
1288380 1244.6
1288390 1246.8
1288400 1246.8
1288410 1249.3
1288420 1251.9
1288430 1251.9
1288440 1254.7
1288450 1250.0
1288460 1252.8
1288470 1252.8
1288480 1256.4
1288490 1260.8
1288500 1260.8
1288510 1264.8
1288520 1267.5
1288530 1267.5
1288540 1270.7
1288550 1274.0
1288560 1274.0
1288570 1278.1
1288580 1281.8
1288590 1281.8
1288600 1285.0
1288610 1287.5
1288620 1287.5
1288630 1290.0
1288640 1292.8
1288650 1292.8
1288660 1295.0
1288670 1296.6
1288680 1296.6
1288690 1299.1
1288700 1302.1
1288710 1302.1
1288720 1304.6
1288730 1307.3
1288740 1307.3
1288750 1310.1
1288760 1312.9
1288770 1312.9
1288780 1316.1
1288790 1319.1
1288800 1321.5
1288810 1321.5
1288820 1323.5
1288830 1325.4
1288840 1325.4
1288850 1327.3
1288860 1329.0
1288870 1329.0
1288880 1330.6
1288890 1331.7
1288900 1331.7
1288910 1332.6
1288920 1333.9
1288930 1333.9
1288940 1335.1
1288950 1336.2
1288960 1336.2
1288970 1336.8
1288980 1337.2
1288990 1337.2
1289000 1337.5
1289010 1337.7
1289020 1337.7
1289030 1337.3
1289040 1337.2
1289050 1337.2
1289060 1337.1
1289070 1336.4
1289080 1336.4
1289090 1335.3
1289100 1335.7
1289110 1335.7
1289120 1335.3
1289130 1335.6
1289140 1335.2
1289150 1335.2
1289160 1334.5
1289170 1334.7
1289180 1334.7
1289190 1335.2
1289200 1334.9
1289210 1334.9
1289220 1334.7
1289230 1334.6
1289240 1334.6
1289250 1334.4
1289260 1334.2
1289270 1334.2
1289280 1333.8
1289290 1332.8
1289300 1332.8
1289310 1332.2
1289320 1331.4
1289330 1331.4
1289340 1329.8
1289350 1328.6
1289360 1328.6
1289370 1327.3
1289380 1326.4
1289390 1326.4
1289400 1325.5
1289410 1323.5
1289420 1323.5
1289430 1321.0
1289440 1318.2
1289450 1318.2
1289460 1316.5
1289470 1317.4
1289480 1318.7
1289490 1318.7
1289500 1318.6
1289510 1317.6
1289520 1317.6
1289530 1317.0
1289540 1319.0
1289550 1319.0
1289560 1321.0
1289570 1322.3
1289580 1322.3
1289590 1322.6
1289600 1322.6
1289610 1322.6
1289620 1322.6
1289630 1322.9
1289640 1322.9
1289650 1323.1
1289660 1323.2
1289670 1323.2
1289680 1323.1
1289690 1323.5
1289700 1323.5
1289710 1325.1
1289720 1327.0
1289730 1327.0
1289740 1329.3
1289750 1337.4
1289760 1337.4
1289770 1340.0
1289780 1342.2
1289790 1342.2
1289800 1344.6
1289810 1346.9
1289820 1348.4
1289830 1348.4
1289840 1349.4
1289850 1350.5
1289860 1350.5
1289870 1352.1
1289880 1354.3
1289890 1354.3
1289900 1355.2
1289910 1355.4
1289920 1355.4
1289930 1355.8
1289940 1355.4
1289950 1355.4
1289960 1353.7
1289970 1352.1
1289980 1352.1
1289990 1351.7
1290000 1352.5
1290010 1352.5
1290020 1354.5
1290030 1356.9
1290040 1356.9
1290050 1360.0
1290060 1362.6
1290070 1362.6
1290080 1365.1
1290090 1368.3
1290100 1368.3
1290110 1371.4
1290120 1374.0
1290130 1374.0
1290140 1377.2
1290150 1381.3
1290160 1384.8
1290170 1384.8
1290180 1387.5
1290190 1389.9
1290200 1389.9
1290210 1391.8
1290220 1393.9
1290230 1393.9
1290240 1396.9
1290250 1401.1
1290260 1401.1
1290270 1405.2
1290280 1409.2
1290290 1409.2
1290300 1412.5
1290310 1415.1
1290320 1415.1
1290330 1416.3
1290340 1416.2
1290350 1416.2
1290360 1416.4
1290370 1416.0
1290380 1416.0
1290390 1415.4
1290400 1412.9
1290410 1415.1
1290420 1411.6
1290430 1408.4
1290440 1408.4
1290450 1405.7
1290460 1403.1
1290470 1403.1
1290480 1400.2
1290490 1396.9
1290500 1393.0
1290510 1393.0
1290520 1388.2
1290530 1384.2
1290540 1384.2
1290550 1379.9
1290560 1375.3
1290570 1375.3
1290580 1370.6
1290590 1364.7
1290600 1364.7
1290610 1357.5
1290620 1349.3
1290630 1349.3
1290640 1341.2
1290650 1335.0
1290660 1335.0
1290670 1332.0
1290680 1329.2
1290690 1329.2
1290700 1325.7
1290710 1322.5
1290720 1322.5
1290730 1319.7
1290740 1314.5
1290750 1314.5
1290760 1309.3
1290770 1303.7
1290780 1303.7
1290790 1291.8
1290800 1278.2
1290810 1278.2
1290820 1270.5
1290830 1270.9
1290840 1275.0
1290850 1275.0
1290860 1268.6
1290870 1256.3
1290880 1256.3
1290890 1247.2
1290900 1237.8
1290910 1237.8
1290920 1225.7
1290930 1216.2
1290940 1216.2
1290950 1209.3
1290960 1203.6
1290970 1203.6
1290980 1199.5
1290990 1194.7
1291000 1194.7
1291010 1190.8
1291020 1185.9
1291030 1185.9
1291040 1179.5
1291050 1173.9
1291060 1173.9
1291070 1178.8
1291080 1178.4
1291090 1178.4
1291100 1177.7
1291110 1173.4
1291120 1173.4
1291130 1166.5
1291140 1161.0
1291150 1161.0
1291160 1155.9
1291170 1151.1
1291180 1146.9
1291190 1146.9
1291200 1142.1
1291210 1137.8
1291220 1137.8
1291230 1133.3
1291240 1129.1
1291250 1129.1
1291260 1125.9
1291270 1123.4
1291280 1123.4
1291290 1120.2
1291300 1116.5
1291310 1116.5
1291320 1113.6
1291330 1110.8
1291340 1110.8
1291350 1108.0
1291360 1105.0
1291370 1105.0
1291380 1102.2
1291390 1099.2
1291400 1099.2
1291410 1096.9
1291420 1094.2
1291430 1094.2
1291440 1090.7
1291450 1087.3
1291460 1087.3
1291470 1084.5
1291480 1082.0
1291490 1082.0
1291500 1079.3
1291510 1076.6
1291520 1073.9
1291530 1073.9
1291540 1072.3
1291550 1071.7
1291560 1071.7
1291570 1071.4
1291580 1070.1
1291590 1070.1
1291600 1067.8
1291610 1065.5
1291620 1065.5
1291630 1063.4
1291640 1062.2
1291650 1062.2
1291660 1061.7
1291670 1061.9
1291680 1061.9
1291690 1062.5
1291700 1063.2
1291710 1063.2
1291720 1063.6
1291730 1068.1
1291740 1068.1
1291750 1068.1
1291760 1066.5
1291770 1066.5
1291780 1064.3
1291790 1062.1
1291800 1062.1
1291810 1060.3
1291820 1059.5
1291830 1059.5
1291840 1059.2
1291850 1059.4
1291860 1060.1
1291870 1060.1
1291880 1060.4
1291890 1059.6
1291900 1059.6
1291910 1058.2
1291920 1057.2
1291930 1057.2
1291940 1056.0
1291950 1054.4
1291960 1054.4
1291970 1052.7
1291980 1051.0
1291990 1051.0
1292000 1049.4
1292010 1048.0
1292020 1048.0
1292030 1046.1
1292040 1043.9
1292050 1043.9
1292060 1042.3
1292070 1040.2
1292080 1040.2
1292090 1035.3
1292100 1028.0
1292110 1028.0
1292120 1019.8
1292130 1011.3
1292140 1011.3
1292150 1002.3
1292160 996.1
1292170 996.1
1292180 991.2
1292190 990.3
1292200 995.9
1292210 995.9
1292220 1005.4
1292230 1014.1
1292240 1014.1
1292250 1022.4
1292260 1030.8
1292270 1030.8
1292280 1037.4
1292290 1044.2
1292300 1044.2
1292310 1050.4
1292320 1054.9
1292330 1054.9
1292340 1058.4
1292350 1061.0
1292360 1061.0
1292370 1062.7
1292380 1063.2
1292390 1063.2
1292400 1067.6
1292410 1066.1
1292420 1066.1
1292430 1065.2
1292440 1064.1
1292450 1064.1
1292460 1062.3
1292470 1060.0
1292480 1060.0
1292490 1057.7
1292500 1056.7
1292510 1056.7
1292520 1055.8
1292530 1054.2
1292540 1051.2
1292550 1051.2
1292560 1048.6
1292570 1046.1
1292580 1046.1
1292590 1042.5
1292600 1036.8
1292610 1036.8
1292620 1028.6
1292630 1023.8
1292640 1023.8
1292650 1017.4
1292660 1010.4
1292670 1010.4
1292680 1007.6
1292690 1006.7
1292700 1006.7
1292710 1004.8
1292720 1001.2
1292730 1001.2
1292740 1004.4
1292750 1013.8
1292760 1013.8
1292770 1019.3
1292780 1026.9
1292790 1026.9
1292800 1035.2
1292810 1040.8
1292820 1040.8
1292830 1044.6
1292840 1047.6
1292850 1047.6
1292860 1050.1
1292870 1052.8
1292880 1055.8
1292890 1055.8
1292900 1058.3
1292910 1061.1
1292920 1061.1
1292930 1063.3
1292940 1065.3
1292950 1065.3
1292960 1067.6
1292970 1070.2
1292980 1070.2
1292990 1073.4
1293000 1076.3
1293010 1076.3
1293020 1077.8
1293030 1079.9
1293040 1079.9
1293050 1085.2
1293060 1086.8
1293070 1086.8
1293080 1090.4
1293090 1092.8
1293100 1092.8
1293110 1094.4
1293120 1096.7
1293130 1096.7
1293140 1099.8
1293150 1102.9
1293160 1102.9
1293170 1105.2
1293180 1106.1
1293190 1106.1
1293200 1106.1
1293210 1105.9
1293220 1105.4
1293230 1105.4
1293240 1104.9
1293250 1105.1
1293260 1105.1
1293270 1106.3
1293280 1107.9
1293290 1107.9
1293300 1107.0
1293310 1100.0
1293320 1100.0
1293330 1094.5
1293340 1089.9
1293350 1089.9
1293360 1082.5
1293370 1077.9
1293380 1077.9
1293390 1074.8
1293400 1062.8
1293410 1062.8
1293420 1055.0
1293430 1058.5
1293440 1058.5
1293450 1059.2
1293460 1059.6
1293470 1059.6
1293480 1063.9
1293490 1081.7
1293500 1081.7
1293510 1090.8
1293520 1094.0
1293530 1094.0
1293540 1097.3
1293550 1100.6
1293560 1104.6
1293570 1104.6
1293580 1108.4
1293590 1111.7
1293600 1111.7
1293610 1114.7
1293620 1117.1
1293630 1117.1
1293640 1119.9
1293650 1121.3
1293660 1121.3
1293670 1123.8
1293680 1125.9
1293690 1125.9
1293700 1127.2
1293710 1131.1
1293720 1131.1
1293730 1140.8
1293740 1141.8
1293750 1141.8
1293760 1141.5
1293770 1141.4
1293780 1141.4
1293790 1141.5
1293800 1141.1
1293810 1141.1
1293820 1140.5
1293830 1140.3
1293840 1140.3
1293850 1141.5
1293860 1143.0
1293870 1143.0
1293880 1144.2
1293890 1144.6
1293900 1144.4
1293910 1144.4
1293920 1141.9
1293930 1140.0
1293940 1140.0
1293950 1142.7
1293960 1145.3
1293970 1145.3
1293980 1147.4
1293990 1148.0
1294000 1148.0
1294010 1145.6
1294020 1144.1
1294030 1144.1
1294040 1143.2
1294050 1145.0
1294060 1145.0
1294070 1149.8
1294080 1151.6
1294090 1151.6
1294100 1153.3
1294110 1157.2
1294120 1157.2
1294130 1159.1
1294140 1159.9
1294150 1159.9
1294160 1160.6
1294170 1161.8
1294180 1161.8
1294190 1162.4
1294200 1164.3
1294210 1164.3
1294220 1167.5
1294230 1169.0
1294240 1168.8
1294250 1168.8
1294260 1168.5
1294270 1170.6
1294280 1170.6
1294290 1172.3
1294300 1175.3
1294310 1175.3
1294320 1176.3
1294330 1175.7
1294340 1175.7
1294350 1173.7
1294360 1174.7
1294370 1174.7
1294380 1179.4
1294390 1183.5
1294400 1189.3
1294410 1192.6
1294420 1195.0
1294430 1195.0
1294440 1195.8
1294450 1198.0
1294460 1198.0
1294470 1201.5
1294480 1205.3
1294490 1205.3
1294500 1209.1
1294510 1210.9
1294520 1210.9
1294530 1208.3
1294540 1209.5
1294550 1209.5
1294560 1213.9
1294570 1220.2
1294580 1225.8
1294590 1225.8
1294600 1229.8
1294610 1232.5
1294620 1232.5
1294630 1235.0
1294640 1237.0
1294650 1237.0
1294660 1238.9
1294670 1239.8
1294680 1239.8
1294690 1240.6
1294700 1243.0
1294710 1243.0
1294720 1247.3
1294730 1251.7
1294740 1251.7
1294750 1255.4
1294760 1258.2
1294770 1258.2
1294780 1260.6
1294790 1262.9
1294800 1262.9
1294810 1264.7
1294820 1266.3
1294830 1266.3
1294840 1268.8
1294850 1271.6
1294860 1271.6
1294870 1274.1
1294880 1276.8
1294890 1276.8
1294900 1278.3
1294910 1279.7
1294920 1282.2
1294930 1282.2
1294940 1286.9
1294950 1293.2
1294960 1293.2
1294970 1298.6
1294980 1303.5
1294990 1303.5
1295000 1308.2
1295010 1312.7
1295020 1312.7
1295030 1317.2
1295040 1322.0
1295050 1322.0
1295060 1326.6
1295070 1330.5
1295080 1331.6
1295090 1335.8
1295100 1340.2
1295110 1340.2
1295120 1344.6
1295130 1348.7
1295140 1348.7
1295150 1351.7
1295160 1353.5
1295170 1353.5
1295180 1354.4
1295190 1355.6
1295200 1355.6
1295210 1357.5
1295220 1359.9
1295230 1359.9
1295240 1363.0
1295250 1366.3
1295260 1369.0
1295270 1369.0
1295280 1373.5
1295290 1378.8
1295300 1378.8
1295310 1384.0
1295320 1390.2
1295330 1390.2
1295340 1395.5
1295350 1399.2
1295360 1399.2
1295370 1402.0
1295380 1404.2
1295390 1404.2
1295400 1406.5
1295410 1409.5
1295420 1409.5
1295430 1415.1
1295440 1421.1
1295450 1421.1
1295460 1425.3
1295470 1428.2
1295480 1428.2
1295490 1431.9
1295500 1436.4
1295510 1436.4
1295520 1439.9
1295530 1444.2
1295540 1444.2
1295550 1448.7
1295560 1452.9
1295570 1452.9
1295580 1457.0
1295590 1461.4
1295600 1466.7
1295610 1466.7
1295620 1472.2
1295630 1477.8
1295640 1477.8
1295650 1485.5
1295660 1493.0
1295670 1493.0
1295680 1499.4
1295690 1506.0
1295700 1506.0
1295710 1512.3
1295720 1517.7
1295730 1517.7
1295740 1523.4
1295750 1528.3
1295760 1528.3
1295770 1534.0
1295780 1539.6
1295790 1539.6
1295800 1545.3
1295810 1550.7
1295820 1550.7
1295830 1556.1
1295840 1561.3
1295850 1561.3
1295860 1566.7
1295870 1572.2
1295880 1572.2
1295890 1577.4
1295900 1582.6
1295910 1582.6
1295920 1587.4
1295930 1592.0
1295940 1596.6
1295950 1596.6
1295960 1601.3
1295970 1606.4
1295980 1606.4
1295990 1611.2
1296000 1616.1
1296010 1616.1
1296020 1620.9
1296030 1626.2
1296040 1626.2
1296050 1631.6
1296060 1636.7
1296070 1636.7
1296080 1642.0
1296090 1647.6
1296100 1647.6
1296110 1653.2
1296120 1658.9
1296130 1658.9
1296140 1664.2
1296150 1670.3
1296160 1670.3
1296170 1676.6
1296180 1682.7
1296190 1682.7
1296200 1688.1
1296210 1693.5
1296220 1693.5
1296230 1699.0
1296240 1704.8
1296250 1704.8
1296260 1710.5
1296270 1716.2
1296280 1721.9
1296290 1721.9
1296300 1728.2
1296310 1735.8
1296320 1735.8
1296330 1744.0
1296340 1751.8
1296350 1751.8
1296360 1758.2
1296370 1764.1
1296380 1764.1
1296390 1769.6
1296400 1775.7
1296410 1775.7
1296420 1782.8
1296430 1791.5
1296440 1791.5
1296450 1799.7
1296460 1807.9
1296470 1807.9
1296480 1815.3
1296490 1822.2
1296500 1822.2
1296510 1829.0
1296520 1836.0
1296530 1836.0
1296540 1842.9
1296550 1849.7
1296560 1849.7
1296570 1856.6
1296580 1863.3
1296590 1863.3
1296600 1870.2
1296610 1877.8
1296620 1887.6
1296630 1887.6
1296640 1901.1
1296650 1906.4
1296660 1906.4
1296670 1912.8
1296680 1926.7
1296690 1926.7
1296700 1939.9
1296710 1940.7
1296720 1940.7
1296730 1945.4
1296740 1950.5
1296750 1950.5
1296760 1955.9
1296770 1959.0
1296780 1959.0
1296790 1955.0
1296800 1948.7
1296810 1948.7
1296820 1943.4
1296830 1938.3
1296840 1938.3
1296850 1933.7
1296860 1926.8
1296870 1926.8
1296880 1915.9
1296890 1905.1
1296900 1905.1
1296910 1896.1
1296920 1887.4
1296930 1887.4
1296940 1879.8
1296950 1872.7
1296960 1864.9
1296970 1864.9
1296980 1857.2
1296990 1850.0
1297000 1850.0
1297010 1841.5
1297020 1832.4
1297030 1832.4
1297040 1823.3
1297050 1809.7
1297060 1809.7
1297070 1796.2
1297080 1785.5
1297090 1785.5
1297100 1772.1
1297110 1762.9
1297120 1762.9
1297130 1752.0
1297140 1743.6
1297150 1743.6
1297160 1736.6
1297170 1729.0
1297180 1729.0
1297190 1721.5
1297200 1714.7
1297210 1714.7
1297220 1708.6
1297230 1703.0
1297240 1703.0
1297250 1697.4
1297260 1691.8
1297270 1691.8
1297280 1685.6
1297290 1679.2
1297300 1670.6
1297310 1670.6
1297320 1663.6
1297330 1657.6
1297340 1657.6
1297350 1651.4
1297360 1645.2
1297370 1645.2
1297380 1635.5
1297390 1628.8
1297400 1628.8
1297410 1624.3
1297420 1619.3
1297430 1619.3
1297440 1613.7
1297450 1609.0
1297460 1609.0
1297470 1605.2
1297480 1601.6
1297490 1601.6
1297500 1596.5
1297510 1590.9
1297520 1590.9
1297530 1583.6
1297540 1576.7
1297550 1576.7
1297560 1570.7
1297570 1565.6
1297580 1565.6
1297590 1562.2
1297600 1559.3
1297610 1559.3
1297620 1554.0
1297630 1549.7
1297640 1551.6
1297650 1551.6
1297660 1553.0
1297670 1554.2
1297680 1554.2
1297690 1555.8
1297700 1558.4
1297710 1558.4
1297720 1561.3
1297730 1563.4
1297740 1563.4
1297750 1564.5
1297760 1562.9
1297770 1562.9
1297780 1562.0
1297790 1553.6
1297800 1553.6
1297810 1551.0
1297820 1548.8
1297830 1548.8
1297840 1545.1
1297850 1537.4
1297860 1537.4
1297870 1528.7
1297880 1520.4
1297890 1520.4
1297900 1510.9
1297910 1484.6
1297920 1484.6
1297930 1469.3
1297940 1466.0
1297950 1466.0
1297960 1463.9
1297970 1461.3
1297980 1457.9
1297990 1457.9
1298000 1454.2
1298010 1450.1
1298020 1450.1
1298030 1446.4
1298040 1441.6
1298050 1441.6
1298060 1442.0
1298070 1447.3
1298080 1447.3
1298090 1453.9
1298100 1458.9
1298110 1458.9
1298120 1461.3
1298130 1461.2
1298140 1461.2
1298150 1459.5
1298160 1459.5
1298170 1459.5
1298180 1460.2
1298190 1461.1
1298200 1461.1
1298210 1460.4
1298220 1459.8
1298230 1459.8
1298240 1456.1
1298250 1448.6
1298260 1448.6
1298270 1442.6
1298280 1443.1
1298290 1443.1
1298300 1443.1
1298310 1434.7
1298320 1425.9
1298330 1425.9
1298340 1415.5
1298350 1414.2
1298360 1414.2
1298370 1414.8
1298380 1409.7
1298390 1409.7
1298400 1405.0
1298410 1399.5
1298420 1399.5
1298430 1393.4
1298440 1384.3
1298450 1384.3
1298460 1380.6
1298470 1387.1
1298480 1377.7
1298490 1380.2
1298500 1375.0
1298510 1375.0
1298520 1370.2
1298530 1363.8
1298540 1363.8
1298550 1354.6
1298560 1352.5
1298570 1352.5
1298580 1355.2
1298590 1355.3
1298600 1355.3
1298610 1357.5
1298620 1357.1
1298630 1357.1
1298640 1351.5
1298650 1344.9
1298660 1346.8
1298670 1346.8
1298680 1344.5
1298690 1341.2
1298700 1341.2
1298710 1334.0
1298720 1330.0
1298730 1330.0
1298740 1323.0
1298750 1318.5
1298760 1318.5
1298770 1312.9
1298780 1305.3
1298790 1305.3
1298800 1298.0
1298810 1292.1
1298820 1292.1
1298830 1286.9
1298840 1281.6
1298850 1281.6
1298860 1276.5
1298870 1269.8
1298880 1269.8
1298890 1263.4
1298900 1256.6
1298910 1256.6
1298920 1246.8
1298930 1234.8
1298940 1234.8
1298950 1227.0
1298960 1214.4
1298970 1214.4
1298980 1204.4
1298990 1198.4
1299000 1191.6
1299010 1191.6
1299020 1182.9
1299030 1168.7
1299040 1168.7
1299050 1158.2
1299060 1150.8
1299070 1150.8
1299080 1143.8
1299090 1137.8
1299100 1137.8
1299110 1131.6
1299120 1125.3
1299130 1125.3
1299140 1117.8
1299150 1112.8
1299160 1112.8
1299170 1104.6
1299180 1101.6
1299190 1101.6
1299200 1097.1
1299210 1091.5
1299220 1091.5
1299230 1085.8
1299240 1080.5
1299250 1080.5
1299260 1076.3
1299270 1074.4
1299280 1074.4
1299290 1073.6
1299300 1073.8
1299310 1073.8
1299320 1072.6
1299330 1071.8
1299340 1071.4
1299350 1071.4
1299360 1070.9
1299370 1070.2
1299380 1070.2
1299390 1070.7
1299400 1069.5
1299410 1069.5
1299420 1067.4
1299430 1064.8
1299440 1064.8
1299450 1061.9
1299460 1059.2
1299470 1059.2
1299480 1056.4
1299490 1053.1
1299500 1053.1
1299510 1051.2
1299520 1049.9
1299530 1049.9
1299540 1047.0
1299550 1041.2
1299560 1041.2
1299570 1036.4
1299580 1033.9
1299590 1033.9
1299600 1029.7
1299610 1024.3
1299620 1024.3
1299630 1020.1
1299640 1015.6
1299650 1015.6
1299660 1015.4
1299670 1014.2
1299680 1012.8
1299690 1012.8
1299700 1012.6
1299710 1013.9
1299720 1013.9
1299730 1012.6
1299740 1011.0
1299750 1011.0
1299760 1009.6
1299770 1008.3
1299780 1008.3
1299790 1007.3
1299800 1005.4
1299810 1005.4
1299820 1003.7
1299830 1003.4
1299840 1003.4
1299850 1003.8
1299860 1005.6
1299870 1005.6
1299880 1004.9
1299890 1004.8
1299900 1004.8
1299910 1005.3
1299920 1005.4
1299930 1005.4
1299940 1005.6
1299950 1006.1
1299960 1006.1
1299970 1006.7
1299980 1007.4
1299990 1007.4
