1280000 1738.5
1280010 1738.5
1280020 1738.4
1280030 1738.3
1280040 1738.3
1280050 1738.0
1280060 1738.8
1280070 1738.8
1280080 1739.9
1280090 1741.4
1280100 1741.4
1280110 1743.8
1280120 1746.2
1280130 1746.2
1280140 1748.9
1280150 1751.9
1280160 1754.1
1280170 1754.1
1280180 1754.3
1280190 1753.6
1280200 1753.6
1280210 1755.3
1280220 1757.1
1280230 1757.1
1280240 1758.0
1280250 1758.6
1280260 1758.6
1280270 1758.8
1280280 1760.2
1280290 1760.2
1280300 1761.4
1280310 1762.6
1280320 1762.6
1280330 1762.9
1280340 1762.5
1280350 1762.5
1280360 1762.7
1280370 1762.8
1280380 1762.8
1280390 1762.0
1280400 1761.1
1280410 1761.1
1280420 1760.1
1280430 1758.3
1280440 1758.3
1280450 1755.7
1280460 1755.1
1280470 1755.1
1280480 1754.5
1280490 1754.2
1280500 1748.2
1280510 1748.2
1280520 1747.4
1280530 1749.2
1280540 1749.2
1280550 1751.2
1280560 1752.9
1280570 1752.9
1280580 1753.3
1280590 1754.8
1280600 1754.8
1280610 1756.8
1280620 1759.1
1280630 1759.1
1280640 1760.8
1280650 1762.7
1280660 1762.7
1280670 1764.3
1280680 1765.4
1280690 1765.4
1280700 1766.5
1280710 1767.2
1280720 1767.2
1280730 1768.0
1280740 1769.5
1280750 1769.5
1280760 1771.2
1280770 1772.5
1280780 1772.5
1280790 1773.5
1280800 1773.9
1280810 1773.9
1280820 1774.1
1280830 1774.7
1280840 1774.8
1280850 1774.8
1280860 1774.7
1280870 1774.6
1280880 1774.6
1280890 1774.4
1280900 1773.4
1280910 1773.4
1280920 1773.9
1280930 1774.7
1280940 1774.7
1280950 1775.6
1280960 1775.9
1280970 1775.9
1280980 1775.5
1280990 1776.4
1281000 1776.4
1281010 1777.6
1281020 1777.5
1281030 1777.5
1281040 1776.7
1281050 1776.7
1281060 1776.7
1281070 1776.5
1281080 1776.2
1281090 1776.2
1281100 1775.7
1281110 1774.8
1281120 1774.8
1281130 1770.5
1281140 1769.7
1281150 1769.7
1281160 1768.9
1281170 1768.5
1281180 1768.3
1281190 1768.3
1281200 1768.0
1281210 1767.5
1281220 1767.5
1281230 1767.5
1281240 1766.7
1281250 1766.7
1281260 1765.5
1281270 1764.1
1281280 1764.1
1281290 1763.3
1281300 1762.3
1281310 1762.3
1281320 1761.4
1281330 1760.4
1281340 1760.4
1281350 1759.2
1281360 1758.1
1281370 1758.1
1281380 1757.1
1281390 1755.9
1281400 1755.9
1281410 1754.1
1281420 1752.0
1281430 1752.0
1281440 1750.2
1281450 1749.0
1281460 1749.0
1281470 1747.8
1281480 1746.7
1281490 1746.7
1281500 1745.0
1281510 1744.9
1281520 1745.6
1281530 1745.6
1281540 1745.6
1281550 1745.3
1281560 1745.3
1281570 1744.6
1281580 1743.7
1281590 1743.7
1281600 1743.6
1281610 1743.3
1281620 1743.3
1281630 1742.8
1281640 1742.1
1281650 1742.1
1281660 1741.3
1281670 1740.8
1281680 1740.8
1281690 1740.2
1281700 1739.4
1281710 1739.4
1281720 1738.4
1281730 1737.4
1281740 1737.4
1281750 1736.1
1281760 1728.8
1281770 1728.8
1281780 1727.2
1281790 1726.0
1281800 1726.0
1281810 1725.5
1281820 1725.1
1281830 1725.1
1281840 1724.4
1281850 1723.6
1281860 1723.0
1281870 1723.0
1281880 1722.6
1281890 1722.6
1281900 1722.6
1281910 1722.6
1281920 1722.4
1281930 1722.4
1281940 1721.9
1281950 1721.5
1281960 1721.5
1281970 1720.8
1281980 1719.0
1281990 1719.0
1282000 1716.6
1282010 1714.5
1282020 1714.5
1282030 1711.8
1282040 1709.9
1282050 1709.9
1282060 1707.4
1282070 1704.8
1282080 1704.8
1282090 1702.6
1282100 1700.3
1282110 1700.3
1282120 1697.6
1282130 1695.3
1282140 1695.3
1282150 1693.4
1282160 1691.5
1282170 1691.5
1282180 1690.1
1282190 1689.5
1282200 1690.2
1282210 1690.2
1282220 1691.9
1282230 1693.5
1282240 1693.5
1282250 1694.6
1282260 1695.6
1282270 1695.6
1282280 1695.9
1282290 1695.4
1282300 1695.4
1282310 1693.7
1282320 1691.2
1282330 1691.2
1282340 1687.2
1282350 1684.7
1282360 1684.7
1282370 1683.7
1282380 1681.7
1282390 1672.2
1282400 1670.5
1282410 1669.9
1282420 1669.9
1282430 1669.3
1282440 1668.8
1282450 1668.8
1282460 1668.7
1282470 1668.9
1282480 1668.9
1282490 1668.9
1282500 1668.4
1282510 1668.4
1282520 1666.5
1282530 1664.4
1282540 1664.4
1282550 1663.0
1282560 1660.3
1282570 1653.4
1282580 1653.4
1282590 1644.1
1282600 1634.8
1282610 1634.8
1282620 1625.8
1282630 1617.2
1282640 1617.2
1282650 1608.8
1282660 1599.5
1282670 1599.5
1282680 1590.7
1282690 1582.2
1282700 1582.2
1282710 1574.1
1282720 1565.9
1282730 1565.9
1282740 1555.5
1282750 1543.7
1282760 1543.7
1282770 1535.1
1282780 1527.5
1282790 1527.5
1282800 1515.3
1282810 1495.5
1282820 1495.5
1282830 1485.2
1282840 1477.7
1282850 1477.7
1282860 1470.0
1282870 1461.7
1282880 1461.7
1282890 1451.8
1282900 1442.7
1282910 1434.7
1282920 1434.7
1282930 1427.8
1282940 1423.3
1282950 1423.3
1282960 1419.0
1282970 1413.8
1282980 1413.8
1282990 1407.9
1283000 1401.7
1283010 1401.7
1283020 1387.5
1283030 1384.2
1283040 1384.2
1283050 1379.1
1283060 1371.6
1283070 1371.6
1283080 1363.3
1283090 1355.2
1283100 1355.2
1283110 1347.3
1283120 1338.5
1283130 1338.5
1283140 1328.6
1283150 1318.5
1283160 1318.5
1283170 1309.9
1283180 1301.9
1283190 1301.9
1283200 1294.3
1283210 1286.6
1283220 1286.6
1283230 1280.5
1283240 1276.7
1283250 1274.2
1283260 1274.2
1283270 1270.2
1283280 1264.7
1283290 1264.7
1283300 1259.9
1283310 1255.5
1283320 1255.5
1283330 1252.0
1283340 1249.6
1283350 1249.6
1283360 1248.6
1283370 1247.4
1283380 1247.4
1283390 1245.3
1283400 1242.1
1283410 1242.1
1283420 1238.1
1283430 1235.0
1283440 1235.0
1283450 1231.5
1283460 1227.9
1283470 1227.9
1283480 1224.4
1283490 1220.9
1283500 1220.9
1283510 1217.5
1283520 1214.2
1283530 1214.2
1283540 1210.8
1283550 1206.5
1283560 1206.5
1283570 1199.4
1283580 1193.1
1283590 1187.5
1283600 1187.5
1283610 1182.0
1283620 1178.5
1283630 1178.5
1283640 1176.9
1283650 1178.0
1283660 1174.1
1283670 1175.2
1283680 1176.4
1283690 1176.4
1283700 1177.1
1283710 1178.1
1283720 1178.1
1283730 1179.5
1283740 1181.1
1283750 1181.1
1283760 1183.3
1283770 1186.8
1283780 1186.8
1283790 1189.5
1283800 1189.3
1283810 1189.3
1283820 1187.4
1283830 1186.4
1283840 1186.4
1283850 1185.2
1283860 1183.2
1283870 1183.2
1283880 1178.9
1283890 1176.0
1283900 1176.0
1283910 1176.2
1283920 1177.0
1283930 1172.0
1283940 1172.0
1283950 1164.7
1283960 1159.7
1283970 1159.7
1283980 1160.0
1283990 1161.4
1284000 1161.4
1284010 1160.3
1284020 1157.0
1284030 1157.0
1284040 1152.1
1284050 1150.2
1284060 1150.2
1284070 1149.8
1284080 1148.9
1284090 1148.9
1284100 1147.9
1284110 1146.2
1284120 1146.2
1284130 1143.4
1284140 1142.9
1284150 1142.9
1284160 1144.1
1284170 1146.3
1284180 1146.3
1284190 1144.3
1284200 1136.0
1284210 1136.0
1284220 1130.9
1284230 1129.5
1284240 1129.5
1284250 1128.8
1284260 1128.6
1284270 1130.2
1284280 1130.2
1284290 1126.6
1284300 1128.7
1284310 1128.7
1284320 1131.8
1284330 1130.9
1284340 1130.9
1284350 1124.9
1284360 1121.6
1284370 1121.6
1284380 1120.9
1284390 1122.2
1284400 1122.2
1284410 1123.8
1284420 1123.4
1284430 1123.4
1284440 1122.5
1284450 1120.3
1284460 1120.3
1284470 1118.3
1284480 1116.1
1284490 1116.1
1284500 1113.3
1284510 1110.0
1284520 1110.0
1284530 1107.3
1284540 1105.7
1284550 1105.7
1284560 1104.5
1284570 1103.6
1284580 1103.6
1284590 1101.5
1284600 1100.6
1284610 1099.9
1284620 1099.9
1284630 1099.2
1284640 1098.6
1284650 1098.6
1284660 1098.1
1284670 1097.3
1284680 1097.3
1284690 1096.6
1284700 1095.4
1284710 1095.4
1284720 1094.3
1284730 1094.4
1284740 1094.4
1284750 1094.0
1284760 1093.4
1284770 1093.4
1284780 1092.0
1284790 1091.4
1284800 1091.4
1284810 1091.1
1284820 1090.7
1284830 1090.7
1284840 1090.1
1284850 1089.5
1284860 1089.5
1284870 1089.4
1284880 1089.1
1284890 1089.1
1284900 1088.5
1284910 1087.9
1284920 1087.9
1284930 1087.4
1284940 1089.0
1284950 1093.1
1284960 1093.1
1284970 1095.4
1284980 1095.4
1284990 1095.4
1285000 1096.5
1285010 1099.5
1285020 1099.5
1285030 1102.8
1285040 1102.8
1285050 1102.8
1285060 1100.7
1285070 1099.4
1285080 1099.4
1285090 1095.8
1285100 1096.2
1285110 1096.2
1285120 1096.0
1285130 1096.6
1285140 1096.6
1285150 1099.4
1285160 1101.0
1285170 1101.0
1285180 1100.7
1285190 1100.6
1285200 1100.6
1285210 1101.0
1285220 1103.2
1285230 1103.2
1285240 1105.1
1285250 1105.5
1285260 1105.5
1285270 1107.4
1285280 1110.3
1285290 1112.1
1285300 1112.1
1285310 1113.9
1285320 1116.3
1285330 1116.3
1285340 1118.7
1285350 1121.1
1285360 1121.1
1285370 1123.8
1285380 1126.8
1285390 1126.8
1285400 1129.7
1285410 1133.2
1285420 1133.2
1285430 1137.6
1285440 1140.1
1285450 1140.1
1285460 1140.9
1285470 1140.4
1285480 1140.4
1285490 1140.4
1285500 1139.1
1285510 1139.1
1285520 1139.4
1285530 1142.6
1285540 1142.6
1285550 1145.7
1285560 1148.2
1285570 1156.3
1285580 1158.5
1285590 1159.3
1285600 1159.3
1285610 1159.7
1285620 1162.5
1285630 1165.8
1285640 1165.8
1285650 1169.0
1285660 1172.9
1285670 1172.9
1285680 1176.6
1285690 1178.6
1285700 1178.6
1285710 1182.0
1285720 1186.2
1285730 1186.2
1285740 1190.1
1285750 1192.4
1285760 1192.4
1285770 1193.4
1285780 1194.1
1285790 1194.1
1285800 1195.5
1285810 1197.7
1285820 1197.7
1285830 1200.2
1285840 1202.8
1285850 1202.8
1285860 1206.2
1285870 1209.8
1285880 1209.8
1285890 1212.2
1285900 1212.2
1285910 1212.2
1285920 1215.5
1285930 1219.2
1285940 1219.2
1285950 1222.8
1285960 1226.2
1285970 1229.1
1285980 1229.1
1285990 1231.7
1286000 1233.2
1286010 1233.2
1286020 1236.4
1286030 1240.1
1286040 1240.1
1286050 1243.3
1286060 1246.7
1286070 1246.7
1286080 1249.6
1286090 1253.0
1286100 1253.0
1286110 1258.6
1286120 1263.3
1286130 1263.3
1286140 1268.7
1286150 1272.8
1286160 1272.8
1286170 1275.7
1286180 1279.3
1286190 1279.3
1286200 1282.4
1286210 1284.6
1286220 1294.2
1286230 1294.8
1286240 1295.1
1286250 1295.1
1286260 1299.3
1286270 1304.2
1286280 1304.2
1286290 1309.3
1286300 1314.2
1286310 1318.5
1286320 1318.5
1286330 1321.8
1286340 1324.5
1286350 1324.5
1286360 1324.5
1286370 1321.2
1286380 1321.2
1286390 1318.5
1286400 1321.7
1286410 1321.7
1286420 1325.5
1286430 1330.0
1286440 1330.0
1286450 1335.3
1286460 1341.2
1286470 1341.2
1286480 1344.9
1286490 1346.0
1286500 1346.0
1286510 1345.5
1286520 1343.3
1286530 1343.3
1286540 1338.4
1286550 1332.0
1286560 1332.0
1286570 1327.2
1286580 1324.9
1286590 1324.9
1286600 1324.1
1286610 1324.4
1286620 1324.4
1286630 1325.0
1286640 1323.9
1286650 1321.1
1286660 1321.1
1286670 1318.0
1286680 1313.4
1286690 1313.4
1286700 1307.5
1286710 1301.6
1286720 1301.6
1286730 1299.1
1286740 1301.3
1286750 1301.3
1286760 1306.4
1286770 1310.9
1286780 1310.9
1286790 1314.4
1286800 1315.5
1286810 1315.5
1286820 1317.5
1286830 1316.9
1286840 1316.9
1286850 1313.9
1286860 1319.0
1286870 1319.0
1286880 1315.7
1286890 1315.9
1286900 1315.9
1286910 1318.2
1286920 1320.5
1286930 1320.5
1286940 1323.8
1286950 1327.1
1286960 1327.1
1286970 1329.0
1286980 1328.9
1286990 1327.2
1287000 1327.2
1287010 1325.7
1287020 1324.6
1287030 1324.6
1287040 1323.3
1287050 1321.9
1287060 1321.9
1287070 1322.0
1287080 1322.8
1287090 1322.8
1287100 1322.3
1287110 1319.6
1287120 1319.6
1287130 1315.5
1287140 1311.7
1287150 1311.7
1287160 1308.2
1287170 1304.4
1287180 1304.4
1287190 1300.6
1287200 1298.7
1287210 1298.7
1287220 1298.2
1287230 1298.2
1287240 1298.2
1287250 1297.5
1287260 1295.8
1287270 1295.8
1287280 1292.6
1287290 1287.8
1287300 1287.8
1287310 1282.8
1287320 1277.7
1287330 1271.8
1287340 1271.8
1287350 1266.4
1287360 1260.8
1287370 1260.8
1287380 1254.1
1287390 1247.5
1287400 1247.5
1287410 1241.2
1287420 1235.1
1287430 1235.1
1287440 1228.2
1287450 1221.8
1287460 1221.8
1287470 1214.9
1287480 1208.2
1287490 1208.2
1287500 1202.8
1287510 1193.8
1287520 1193.8
1287530 1187.5
1287540 1181.4
1287550 1181.4
1287560 1174.0
1287570 1162.7
1287580 1162.7
1287590 1150.6
1287600 1139.1
1287610 1139.1
1287620 1128.5
1287630 1118.4
1287640 1118.4
1287650 1109.3
1287660 1100.9
1287670 1092.6
1287680 1092.6
1287690 1084.7
1287700 1076.6
1287710 1076.6
1287720 1067.1
1287730 1058.4
1287740 1058.4
1287750 1050.7
1287760 1043.3
1287770 1043.3
1287780 1036.2
1287790 1028.6
1287800 1028.6
1287810 1021.5
1287820 1015.0
1287830 1015.0
1287840 1007.8
1287850 1003.5
1287860 1003.5
1287870 1003.3
1287880 1011.3
1287890 1011.3
1287900 1017.1
1287910 1023.1
1287920 1023.1
1287930 1030.2
1287940 1037.7
1287950 1037.7
1287960 1047.7
1287970 1057.4
1287980 1057.4
1287990 1065.6
1288000 1073.1
1288010 1080.6
1288020 1080.6
1288030 1088.0
1288040 1094.7
1288050 1094.7
1288060 1102.0
1288070 1109.4
1288080 1109.4
1288090 1117.3
1288100 1124.8
1288110 1124.8
1288120 1132.6
1288130 1140.6
1288140 1140.6
1288150 1148.3
1288160 1159.8
1288170 1159.8
1288180 1166.8
1288190 1173.4
1288200 1173.4
1288210 1180.1
1288220 1187.2
1288230 1187.2
1288240 1195.6
1288250 1203.4
1288260 1203.4
1288270 1209.4
1288280 1214.0
1288290 1214.0
1288300 1218.0
1288310 1222.7
1288320 1222.7
1288330 1225.8
1288340 1226.9
1288350 1226.2
1288360 1226.2
1288370 1226.8
1288380 1228.3
1288390 1228.3
1288400 1228.1
1288410 1225.0
1288420 1225.0
1288430 1221.8
1288440 1220.8
1288450 1220.8
1288460 1221.9
1288470 1223.0
1288480 1223.0
1288490 1225.3
1288500 1229.3
1288510 1229.3
1288520 1235.0
1288530 1239.3
1288540 1239.3
1288550 1243.4
1288560 1246.5
1288570 1246.5
1288580 1248.8
1288590 1250.1
1288600 1250.1
1288610 1250.3
1288620 1250.7
1288630 1250.7
1288640 1249.7
1288650 1247.8
1288660 1247.8
1288670 1245.8
1288680 1244.5
1288690 1243.2
1288700 1243.2
1288710 1242.6
1288720 1242.5
1288730 1242.5
1288740 1241.7
1288750 1240.9
1288760 1240.9
1288770 1240.9
1288780 1241.2
1288790 1241.2
1288800 1241.0
1288810 1248.6
1288820 1248.6
1288830 1248.9
1288840 1249.3
1288850 1249.3
1288860 1250.2
1288870 1251.4
1288880 1251.4
1288890 1252.3
1288900 1252.6
1288910 1252.6
1288920 1252.2
1288930 1251.6
1288940 1251.6
1288950 1250.9
1288960 1249.8
1288970 1249.8
1288980 1247.6
1288990 1244.8
1289000 1244.8
1289010 1243.3
1289020 1242.4
1289030 1242.5
1289040 1242.5
1289050 1242.2
1289060 1241.1
1289070 1241.1
1289080 1239.4
1289090 1238.3
1289100 1238.3
1289110 1238.1
1289120 1237.8
1289130 1237.8
1289140 1237.8
1289150 1238.6
1289160 1238.6
1289170 1239.8
1289180 1240.7
1289190 1240.7
1289200 1240.6
1289210 1239.7
1289220 1239.7
1289230 1238.3
1289240 1236.6
1289250 1236.6
1289260 1234.3
1289270 1232.3
1289280 1232.3
1289290 1231.2
1289300 1230.5
1289310 1230.5
1289320 1229.7
1289330 1228.8
1289340 1228.8
1289350 1227.5
1289360 1225.4
1289370 1221.8
1289380 1221.8
1289390 1217.8
1289400 1214.6
1289410 1214.6
1289420 1212.5
1289430 1210.4
1289440 1210.4
1289450 1208.4
1289460 1213.5
1289470 1213.5
1289480 1212.6
1289490 1211.2
1289500 1211.2
1289510 1209.3
1289520 1206.7
1289530 1206.7
1289540 1203.6
1289550 1201.5
1289560 1201.5
1289570 1199.8
1289580 1200.0
1289590 1200.0
1289600 1199.0
1289610 1198.8
1289620 1198.8
1289630 1201.6
1289640 1203.0
1289650 1203.0
1289660 1203.3
1289670 1203.2
1289680 1203.2
1289690 1204.3
1289700 1204.6
1289710 1207.5
1289720 1207.5
1289730 1209.9
1289740 1208.8
1289750 1208.8
1289760 1212.6
1289770 1215.9
1289780 1215.9
1289790 1217.0
1289800 1218.2
1289810 1218.2
1289820 1215.4
1289830 1212.6
1289840 1212.6
1289850 1214.5
1289860 1216.6
1289870 1216.6
1289880 1217.0
1289890 1218.6
1289900 1218.6
1289910 1220.6
1289920 1221.7
1289930 1221.7
1289940 1222.4
1289950 1224.8
1289960 1224.8
1289970 1227.8
1289980 1231.9
1289990 1231.9
1290000 1235.5
1290010 1237.3
1290020 1237.3
1290030 1239.4
1290040 1244.3
1290050 1247.2
1290060 1247.2
1290070 1248.9
1290080 1252.2
1290090 1252.2
1290100 1254.6
1290110 1255.7
1290120 1263.0
1290130 1262.9
1290140 1263.9
1290150 1263.9
1290160 1264.8
1290170 1266.5
1290180 1266.5
1290190 1268.2
1290200 1269.3
1290210 1269.3
1290220 1270.7
1290230 1273.4
1290240 1273.4
1290250 1276.6
1290260 1278.6
1290270 1278.6
1290280 1280.6
1290290 1283.1
1290300 1283.1
1290310 1285.9
1290320 1288.4
1290330 1288.4
1290340 1291.2
1290350 1293.7
1290360 1293.7
1290370 1295.6
1290380 1297.5
1290390 1299.4
1290400 1299.4
1290410 1300.9
1290420 1302.0
1290430 1302.0
1290440 1302.8
1290450 1302.9
1290460 1302.9
1290470 1298.8
1290480 1292.4
1290490 1292.4
1290500 1286.1
1290510 1281.0
1290520 1281.0
1290530 1275.7
1290540 1269.7
1290550 1269.7
1290560 1263.4
1290570 1257.4
1290580 1257.4
1290590 1251.7
1290600 1245.7
1290610 1245.7
1290620 1236.8
1290630 1227.2
1290640 1227.2
1290650 1218.7
1290660 1210.8
1290670 1210.8
1290680 1203.1
1290690 1196.6
1290700 1196.6
1290710 1191.3
1290720 1186.2
1290730 1181.0
1290740 1181.0
1290750 1175.7
1290760 1170.1
1290770 1170.1
1290780 1167.8
1290790 1161.2
1290800 1161.2
1290810 1155.1
1290820 1148.8
1290830 1148.8
1290840 1142.9
1290850 1137.3
1290860 1137.3
1290870 1132.1
1290880 1127.3
1290890 1127.3
1290900 1122.8
1290910 1118.3
1290920 1118.3
1290930 1113.7
1290940 1108.9
1290950 1108.9
1290960 1104.1
1290970 1099.7
1290980 1099.7
1290990 1095.7
1291000 1091.6
1291010 1091.6
1291020 1086.7
1291030 1081.8
1291040 1081.8
1291050 1077.2
1291060 1072.4
1291070 1066.6
1291080 1066.6
1291090 1061.5
1291100 1057.1
1291110 1057.1
1291120 1057.2
1291130 1057.4
1291140 1057.4
1291150 1054.8
1291160 1050.8
1291170 1050.8
1291180 1047.3
1291190 1045.1
1291200 1045.1
1291210 1043.4
1291220 1041.4
1291230 1041.4
1291240 1038.6
1291250 1035.4
1291260 1035.4
1291270 1033.0
1291280 1032.4
1291290 1032.4
1291300 1031.8
1291310 1028.1
1291320 1028.1
1291330 1024.8
1291340 1022.6
1291350 1022.6
1291360 1020.3
1291370 1018.8
1291380 1018.8
1291390 1017.6
1291400 1015.4
1291410 1011.1
1291420 1011.1
1291430 1010.8
1291440 1015.2
1291450 1015.2
1291460 1018.2
1291470 1018.8
1291480 1018.8
1291490 1019.0
1291500 1016.7
1291510 1016.7
1291520 1011.4
1291530 1006.1
1291540 1006.1
1291550 998.9
1291560 991.8
1291570 991.8
1291580 989.0
1291590 986.9
1291600 986.9
1291610 985.7
1291620 985.4
1291630 985.4
1291640 986.8
1291650 988.1
1291660 988.1
1291670 990.9
1291680 995.3
1291690 995.3
1291700 996.1
1291710 993.1
1291720 993.1
1291730 989.9
1291740 988.3
1291750 987.0
1291760 987.0
1291770 985.6
1291780 985.0
1291790 985.0
1291800 984.7
1291810 983.0
1291820 983.0
1291830 980.5
1291840 980.1
1291850 980.1
1291860 979.9
1291870 980.0
1291880 980.0
1291890 980.5
1291900 981.0
1291910 981.0
1291920 982.3
1291930 986.1
1291940 986.1
1291950 990.4
1291960 993.2
1291970 993.2
1291980 995.4
1291990 996.5
1292000 996.5
1292010 996.3
1292020 997.1
1292030 997.1
1292040 998.5
1292050 1000.9
1292060 1000.9
1292070 1003.1
1292080 1002.8
1292090 1002.3
1292100 995.8
1292110 993.9
1292120 993.2
1292130 993.2
1292140 997.1
1292150 1002.1
1292160 1002.1
1292170 1006.0
1292180 1010.6
1292190 1010.6
1292200 1012.7
1292210 1013.4
1292220 1013.4
1292230 1014.6
1292240 1015.8
1292250 1015.8
1292260 1017.0
1292270 1019.0
1292280 1019.0
1292290 1021.7
1292300 1024.8
1292310 1024.8
1292320 1027.5
1292330 1030.2
1292340 1030.2
1292350 1032.6
1292360 1033.9
1292370 1033.9
1292380 1034.6
1292390 1037.1
1292400 1037.1
1292410 1040.8
1292420 1044.7
1292430 1044.7
1292440 1048.3
1292450 1051.8
1292460 1055.4
1292470 1055.4
1292480 1059.1
1292490 1063.3
1292500 1063.3
1292510 1067.9
1292520 1072.6
1292530 1072.6
1292540 1077.2
1292550 1081.1
1292560 1081.1
1292570 1084.9
1292580 1088.2
1292590 1088.2
1292600 1090.7
1292610 1094.0
1292620 1094.0
1292630 1098.5
1292640 1103.2
1292650 1103.2
1292660 1107.6
1292670 1111.9
1292680 1111.9
1292690 1116.4
1292700 1121.1
1292710 1121.1
1292720 1126.2
1292730 1131.6
1292740 1131.6
1292750 1137.0
1292760 1142.5
1292770 1135.6
1292780 1139.6
1292790 1143.4
1292800 1147.1
1292810 1147.1
1292820 1151.2
1292830 1155.0
1292840 1155.0
1292850 1158.8
1292860 1161.9
1292870 1161.9
1292880 1164.4
1292890 1166.7
1292900 1166.7
1292910 1168.4
1292920 1169.9
1292930 1169.9
1292940 1172.0
1292950 1175.2
1292960 1175.2
1292970 1178.4
1292980 1182.0
1292990 1182.0
1293000 1186.1
1293010 1189.7
1293020 1189.7
1293030 1193.1
1293040 1196.0
1293050 1196.0
1293060 1197.8
1293070 1198.9
1293080 1198.9
1293090 1199.9
1293100 1201.2
1293110 1201.2
1293120 1202.6
1293130 1204.7
1293140 1207.1
1293150 1207.1
1293160 1209.2
1293170 1210.9
1293180 1210.9
1293190 1212.2
1293200 1213.3
1293210 1213.3
1293220 1213.8
1293230 1213.6
1293240 1213.6
1293250 1213.6
1293260 1213.8
1293270 1213.8
1293280 1213.8
1293290 1213.9
1293300 1213.9
1293310 1214.2
1293320 1214.2
1293330 1214.2
1293340 1213.9
1293350 1213.1
1293360 1213.1
1293370 1212.1
1293380 1211.3
1293390 1211.3
1293400 1210.2
1293410 1208.9
1293420 1208.9
1293430 1207.6
1293440 1199.9
1293450 1199.9
1293460 1198.7
1293470 1197.5
1293480 1196.1
1293490 1196.1
1293500 1194.4
1293510 1191.9
1293520 1191.9
1293530 1188.8
1293540 1186.1
1293550 1186.1
1293560 1183.8
1293570 1181.6
1293580 1181.6
1293590 1179.4
1293600 1177.1
1293610 1177.1
1293620 1175.2
1293630 1174.0
1293640 1174.0
1293650 1172.9
1293660 1171.2
1293670 1171.2
1293680 1168.0
1293690 1159.9
1293700 1159.9
1293710 1156.4
1293720 1155.1
1293730 1155.1
1293740 1151.9
1293750 1142.2
1293760 1142.2
1293770 1130.7
1293780 1128.2
1293790 1128.2
1293800 1130.7
1293810 1121.5
1293820 1117.7
1293830 1117.7
1293840 1113.2
1293850 1107.3
1293860 1107.3
1293870 1103.4
1293880 1098.6
1293890 1098.6
1293900 1101.1
1293910 1108.7
1293920 1108.7
1293930 1112.5
1293940 1106.9
1293950 1106.9
1293960 1107.2
1293970 1110.6
1293980 1110.6
1293990 1111.7
1294000 1112.6
1294010 1112.6
1294020 1114.8
1294030 1118.7
1294040 1118.7
1294050 1124.2
1294060 1131.6
1294070 1131.6
1294080 1138.7
1294090 1144.7
1294100 1144.7
1294110 1156.7
1294120 1162.4
1294130 1162.4
1294140 1169.0
1294150 1173.2
1294160 1176.1
1294170 1176.1
1294180 1179.3
1294190 1180.9
1294200 1180.9
1294210 1182.8
1294220 1185.9
1294230 1185.9
1294240 1188.6
1294250 1190.4
1294260 1190.4
1294270 1191.7
1294280 1192.3
1294290 1192.3
1294300 1193.3
1294310 1194.3
1294320 1194.3
1294330 1195.4
1294340 1196.7
1294350 1196.7
1294360 1198.2
1294370 1199.8
1294380 1199.8
1294390 1201.4
1294400 1203.2
1294410 1203.2
1294420 1205.2
1294430 1207.1
1294440 1207.1
1294450 1209.9
1294460 1212.3
1294470 1212.3
1294480 1214.3
1294490 1216.7
1294500 1220.1
1294510 1220.1
1294520 1223.8
1294530 1227.8
1294540 1227.8
1294550 1232.1
1294560 1236.4
1294570 1236.4
1294580 1240.7
1294590 1245.0
1294600 1245.0
1294610 1249.8
1294620 1254.0
1294630 1254.0
1294640 1258.5
1294650 1263.1
1294660 1263.1
1294670 1267.4
1294680 1271.4
1294690 1271.4
1294700 1275.0
1294710 1278.4
1294720 1278.4
1294730 1281.7
1294740 1283.9
1294750 1283.9
1294760 1285.8
1294770 1289.2
1294780 1284.6
1294790 1288.0
1294800 1291.6
1294810 1291.6
1294820 1295.0
1294830 1298.1
1294840 1300.3
1294850 1300.3
1294860 1303.2
1294870 1305.2
1294880 1305.2
1294890 1308.7
1294900 1312.1
1294910 1312.1
1294920 1314.6
1294930 1318.7
1294940 1318.7
1294950 1322.1
1294960 1324.2
1294970 1324.2
1294980 1324.3
1294990 1326.8
1295000 1326.8
1295010 1328.8
1295020 1330.9
1295030 1330.9
1295040 1334.3
1295050 1337.0
1295060 1337.0
1295070 1338.9
1295080 1340.8
1295090 1340.8
1295100 1343.5
1295110 1347.7
1295120 1347.7
1295130 1351.6
1295140 1354.3
1295150 1354.3
1295160 1357.4
1295170 1359.6
1295180 1361.1
1295190 1361.1
1295200 1363.5
1295210 1365.0
1295220 1365.0
1295230 1364.5
1295240 1364.9
1295250 1364.9
1295260 1367.8
1295270 1371.7
1295280 1371.7
1295290 1375.8
1295300 1380.5
1295310 1380.5
1295320 1385.0
1295330 1389.0
1295340 1389.0
1295350 1393.2
1295360 1398.2
1295370 1398.2
1295380 1403.2
1295390 1409.0
1295400 1409.0
1295410 1415.5
1295420 1420.3
1295430 1420.3
1295440 1426.0
1295450 1434.2
1295460 1434.2
1295470 1438.9
1295480 1443.8
1295490 1443.8
1295500 1449.7
1295510 1455.5
1295520 1462.3
1295530 1462.3
1295540 1468.4
1295550 1474.5
1295560 1474.5
1295570 1480.6
1295580 1486.5
1295590 1486.5
1295600 1492.4
1295610 1498.2
1295620 1498.2
1295630 1503.5
1295640 1508.1
1295650 1508.1
1295660 1512.3
1295670 1516.5
1295680 1516.5
1295690 1520.5
1295700 1524.6
1295710 1524.6
1295720 1529.5
1295730 1535.1
1295740 1535.1
1295750 1541.5
1295760 1548.5
1295770 1548.5
1295780 1555.3
1295790 1561.3
1295800 1561.3
1295810 1566.8
1295820 1572.3
1295830 1572.3
1295840 1577.6
1295850 1582.9
1295860 1587.7
1295870 1587.7
1295880 1592.6
1295890 1598.3
1295900 1598.3
1295910 1604.2
1295920 1608.9
1295930 1608.9
1295940 1612.7
1295950 1616.7
1295960 1616.7
1295970 1621.4
1295980 1626.6
1295990 1626.6
1296000 1632.1
1296010 1637.4
1296020 1637.4
1296030 1643.3
1296040 1650.0
1296050 1650.0
1296060 1656.8
1296070 1663.9
1296080 1663.9
1296090 1670.9
1296100 1677.0
1296110 1677.0
1296120 1682.8
1296130 1687.7
1296140 1687.7
1296150 1693.5
1296160 1699.4
1296170 1699.4
1296180 1705.5
1296190 1711.6
1296200 1717.6
1296210 1717.6
1296220 1723.2
1296230 1727.8
1296240 1727.8
1296250 1732.9
1296260 1738.9
1296270 1738.9
1296280 1745.2
1296290 1751.5
1296300 1751.5
1296310 1759.1
1296320 1766.1
1296330 1766.1
1296340 1773.2
1296350 1780.8
1296360 1780.8
1296370 1789.9
1296380 1798.5
1296390 1798.5
1296400 1807.3
1296410 1816.3
1296420 1816.3
1296430 1824.3
1296440 1832.7
1296450 1832.7
1296460 1840.5
1296470 1849.9
1296480 1849.9
1296490 1864.9
1296500 1878.7
1296510 1878.7
1296520 1888.8
1296530 1900.0
1296540 1908.6
1296550 1908.6
1296560 1915.4
1296570 1922.8
1296580 1922.8
1296590 1929.9
1296600 1937.2
1296610 1937.2
1296620 1944.5
1296630 1951.7
1296640 1951.7
1296650 1959.1
1296660 1966.8
1296670 1966.8
1296680 1975.9
1296690 1985.5
1296700 1985.5
1296710 1988.0
1296720 1979.1
1296730 1979.1
1296740 1969.4
1296750 1960.3
1296760 1960.3
1296770 1951.7
1296780 1943.7
1296790 1943.7
1296800 1935.6
1296810 1925.5
1296820 1925.5
1296830 1917.9
1296840 1910.4
1296850 1910.4
1296860 1902.3
1296870 1892.2
1296880 1882.3
1296890 1882.3
1296900 1875.6
1296910 1869.4
1296920 1869.4
1296930 1862.5
1296940 1856.3
1296950 1856.3
1296960 1851.7
1296970 1846.2
1296980 1846.2
1296990 1839.7
1297000 1832.2
1297010 1832.2
1297020 1825.9
1297030 1818.1
1297040 1818.1
1297050 1811.0
1297060 1804.6
1297070 1804.6
1297080 1797.8
1297090 1789.9
1297100 1789.9
1297110 1780.8
1297120 1771.7
1297130 1771.7
1297140 1764.6
1297150 1757.7
1297160 1757.7
1297170 1751.1
1297180 1745.0
1297190 1745.0
1297200 1738.7
1297210 1733.0
1297220 1727.5
1297230 1727.5
1297240 1721.9
1297250 1716.6
1297260 1716.6
1297270 1711.3
1297280 1706.3
1297290 1706.3
1297300 1701.8
1297310 1697.1
1297320 1697.1
1297330 1691.9
1297340 1687.2
1297350 1687.2
1297360 1682.6
1297370 1677.9
1297380 1677.9
1297390 1673.4
1297400 1669.2
1297410 1669.2
1297420 1665.4
1297430 1662.3
1297440 1662.3
1297450 1658.8
1297460 1655.3
1297470 1655.3
1297480 1652.7
1297490 1648.6
1297500 1648.6
1297510 1646.9
1297520 1646.9
1297530 1646.9
1297540 1647.0
1297550 1648.8
1297560 1651.6
1297570 1651.6
1297580 1654.5
1297590 1657.8
1297600 1657.8
1297610 1660.0
1297620 1662.1
1297630 1662.1
1297640 1662.6
1297650 1663.7
1297660 1663.7
1297670 1666.1
1297680 1666.7
1297690 1666.7
1297700 1666.0
1297710 1660.4
1297720 1660.4
1297730 1653.4
1297740 1646.6
1297750 1646.6
1297760 1643.0
1297770 1639.8
1297780 1639.8
1297790 1635.0
1297800 1629.4
1297810 1629.4
1297820 1622.5
1297830 1613.2
1297840 1613.2
1297850 1609.4
1297860 1605.6
1297870 1605.6
1297880 1593.7
1297890 1584.2
1297900 1575.1
1297910 1575.1
1297920 1564.4
1297930 1553.8
1297940 1553.8
1297950 1535.6
1297960 1526.4
1297970 1526.4
1297980 1522.3
1297990 1519.9
1298000 1519.9
1298010 1518.4
1298020 1520.0
1298030 1520.0
1298040 1523.8
1298050 1524.3
1298060 1524.3
1298070 1523.3
1298080 1523.1
1298090 1523.1
1298100 1524.6
1298110 1526.4
1298120 1526.4
1298130 1530.2
1298140 1534.6
1298150 1534.6
1298160 1539.0
1298170 1540.4
1298180 1540.4
1298190 1547.3
1298200 1554.6
1298210 1554.6
1298220 1562.6
1298230 1570.2
1298240 1576.1
1298250 1576.1
1298260 1578.2
1298270 1577.2
1298280 1577.2
1298290 1575.1
1298300 1572.8
1298310 1572.8
1298320 1568.8
1298330 1561.9
1298340 1561.9
1298350 1550.8
1298360 1544.3
1298370 1544.3
1298380 1549.3
1298390 1549.5
1298400 1549.5
1298410 1543.4
1298420 1536.7
1298430 1536.7
1298440 1533.2
1298450 1534.8
1298460 1534.8
1298470 1538.6
1298480 1539.2
1298490 1539.2
1298500 1536.0
1298510 1531.3
1298520 1531.3
1298530 1528.1
1298540 1523.8
1298550 1523.8
1298560 1519.7
1298570 1516.7
1298580 1514.2
1298590 1514.2
1298600 1511.3
1298610 1507.8
1298620 1507.8
1298630 1503.9
1298640 1499.9
1298650 1499.9
1298660 1495.8
1298670 1491.3
1298680 1491.3
1298690 1486.2
1298700 1481.1
1298710 1481.1
1298720 1476.1
1298730 1468.1
1298740 1468.1
1298750 1452.4
1298760 1439.5
1298770 1439.5
1298780 1430.9
1298790 1423.3
1298800 1423.3
1298810 1419.5
1298820 1422.1
1298830 1422.1
1298840 1413.3
1298850 1391.6
1298860 1390.4
1298870 1380.2
1298880 1370.7
1298890 1370.7
1298900 1362.2
1298910 1353.3
1298920 1344.1
1298930 1344.1
1298940 1335.0
1298950 1325.4
1298960 1325.4
1298970 1316.1
1298980 1308.7
1298990 1308.7
1299000 1302.1
1299010 1295.3
1299020 1295.3
1299030 1289.3
1299040 1283.5
1299050 1283.5
1299060 1275.4
1299070 1268.2
1299080 1268.2
1299090 1261.6
1299100 1253.5
1299110 1253.5
1299120 1245.3
1299130 1236.9
1299140 1236.9
1299150 1227.5
1299160 1209.9
1299170 1209.9
1299180 1190.9
1299190 1177.0
1299200 1177.0
1299210 1170.0
1299220 1159.0
1299230 1159.0
1299240 1137.6
1299250 1128.2
1299260 1122.9
1299270 1122.9
1299280 1118.0
1299290 1114.2
1299300 1114.2
1299310 1112.2
1299320 1111.2
1299330 1111.2
1299340 1110.1
1299350 1118.1
1299360 1118.1
1299370 1133.1
1299380 1143.0
1299390 1143.0
1299400 1146.1
1299410 1144.6
1299420 1144.6
1299430 1143.6
1299440 1139.5
1299450 1139.5
1299460 1141.8
1299470 1139.4
1299480 1139.4
1299490 1135.7
1299500 1139.7
1299510 1139.7
1299520 1134.4
1299530 1123.8
1299540 1123.8
1299550 1110.5
1299560 1105.8
1299570 1105.8
1299580 1104.7
1299590 1100.6
1299600 1096.1
1299610 1096.1
1299620 1089.9
1299630 1082.3
1299640 1082.3
1299650 1075.9
1299660 1074.2
1299670 1074.2
1299680 1072.6
1299690 1070.6
1299700 1070.6
1299710 1067.1
1299720 1063.7
1299730 1063.7
1299740 1060.7
1299750 1058.0
1299760 1058.0
1299770 1054.4
1299780 1050.2
1299790 1050.2
1299800 1047.1
1299810 1044.6
1299820 1044.6
1299830 1041.5
1299840 1036.7
1299850 1036.7
1299860 1031.2
1299870 1025.5
1299880 1025.5
1299890 1019.9
1299900 1015.3
1299910 1015.3
1299920 1011.4
1299930 1005.2
1299940 1000.2
1299950 1000.2
1299960 998.3
1299970 997.8
1299980 997.8
1299990 997.9
