1280000 1794.0
1280010 1795.5
1280020 1795.5
1280030 1797.2
1280040 1798.6
1280050 1798.6
1280060 1799.1
1280070 1799.2
1280080 1799.2
1280090 1800.1
1280100 1801.8
1280110 1801.8
1280120 1803.5
1280130 1806.5
1280140 1806.5
1280150 1809.1
1280160 1811.6
1280170 1811.6
1280180 1812.8
1280190 1813.3
1280200 1813.3
1280210 1813.7
1280220 1815.5
1280230 1815.5
1280240 1816.9
1280250 1817.2
1280260 1817.2
1280270 1816.4
1280280 1815.2
1280290 1814.0
1280300 1814.0
1280310 1816.2
1280320 1819.2
1280330 1819.2
1280340 1820.7
1280350 1813.2
1280360 1813.2
1280370 1813.2
1280380 1813.0
1280390 1813.0
1280400 1811.9
1280410 1810.6
1280420 1810.6
1280430 1809.6
1280440 1807.9
1280450 1807.9
1280460 1804.4
1280470 1802.3
1280480 1802.3
1280490 1801.8
1280500 1805.0
1280510 1805.0
1280520 1806.9
1280530 1807.9
1280540 1807.9
1280550 1809.3
1280560 1811.1
1280570 1811.1
1280580 1813.0
1280590 1813.7
1280600 1813.7
1280610 1816.2
1280620 1818.7
1280630 1820.0
1280640 1820.0
1280650 1821.8
1280660 1823.6
1280670 1823.6
1280680 1824.9
1280690 1826.4
1280700 1826.4
1280710 1827.9
1280720 1829.4
1280730 1829.4
1280740 1830.8
1280750 1832.1
1280760 1832.1
1280770 1833.0
1280780 1833.2
1280790 1833.2
1280800 1833.3
1280810 1832.9
1280820 1832.9
1280830 1831.4
1280840 1830.5
1280850 1830.5
1280860 1830.0
1280870 1829.3
1280880 1829.3
1280890 1829.0
1280900 1828.5
1280910 1828.5
1280920 1827.8
1280930 1826.7
1280940 1826.7
1280950 1826.1
1280960 1826.1
1280970 1825.6
1280980 1819.5
1280990 1817.2
1281000 1816.4
1281010 1816.4
1281020 1818.3
1281030 1819.4
1281040 1819.4
1281050 1820.2
1281060 1820.6
1281070 1820.6
1281080 1820.5
1281090 1820.2
1281100 1820.2
1281110 1819.7
1281120 1819.3
1281130 1819.3
1281140 1818.7
1281150 1817.8
1281160 1817.8
1281170 1817.4
1281180 1816.5
1281190 1816.5
1281200 1815.4
1281210 1814.3
1281220 1814.3
1281230 1812.7
1281240 1811.4
1281250 1811.4
1281260 1811.3
1281270 1811.2
1281280 1811.2
1281290 1811.2
1281300 1811.3
1281310 1810.4
1281320 1810.4
1281330 1809.3
1281340 1808.7
1281350 1808.7
1281360 1808.7
1281370 1808.4
1281380 1808.4
1281390 1807.6
1281400 1807.2
1281410 1807.2
1281420 1806.4
1281430 1804.8
1281440 1804.8
1281450 1803.2
1281460 1801.4
1281470 1801.4
1281480 1800.2
1281490 1800.3
1281500 1800.3
1281510 1800.4
1281520 1800.8
1281530 1800.8
1281540 1801.3
1281550 1801.6
1281560 1801.6
1281570 1801.2
1281580 1801.3
1281590 1801.3
1281600 1801.5
1281610 1795.8
1281620 1795.8
1281630 1795.6
1281640 1795.4
1281650 1794.4
1281660 1794.4
1281670 1793.2
1281680 1792.0
1281690 1792.0
1281700 1790.5
1281710 1788.3
1281720 1788.3
1281730 1786.1
1281740 1783.7
1281750 1783.7
1281760 1781.4
1281770 1779.6
1281780 1779.6
1281790 1780.3
1281800 1780.2
1281810 1780.2
1281820 1778.9
1281830 1777.2
1281840 1777.2
1281850 1775.5
1281860 1774.4
1281870 1774.4
1281880 1773.3
1281890 1772.3
1281900 1772.3
1281910 1770.9
1281920 1769.1
1281930 1769.1
1281940 1766.6
1281950 1763.4
1281960 1763.4
1281970 1760.0
1281980 1756.8
1281990 1754.1
1282000 1754.1
1282010 1751.4
1282020 1748.4
1282030 1748.4
1282040 1745.0
1282050 1741.1
1282060 1741.1
1282070 1737.6
1282080 1734.0
1282090 1734.0
1282100 1730.7
1282110 1728.1
1282120 1728.1
1282130 1725.6
1282140 1724.1
1282150 1724.1
1282160 1722.6
1282170 1721.5
1282180 1721.5
1282190 1721.6
1282200 1722.5
1282210 1722.5
1282220 1724.3
1282230 1726.8
1282240 1723.4
1282250 1726.6
1282260 1729.5
1282270 1729.5
1282280 1727.0
1282290 1714.5
1282300 1714.5
1282310 1703.2
1282320 1696.9
1282330 1696.9
1282340 1690.9
1282350 1679.1
1282360 1666.3
1282370 1666.3
1282380 1653.6
1282390 1644.1
1282400 1644.1
1282410 1639.2
1282420 1636.7
1282430 1636.7
1282440 1630.1
1282450 1618.9
1282460 1618.9
1282470 1608.3
1282480 1598.2
1282490 1598.2
1282500 1589.0
1282510 1586.7
1282520 1586.7
1282530 1586.4
1282540 1580.4
1282550 1580.4
1282560 1573.1
1282570 1568.0
1282580 1568.0
1282590 1564.3
1282600 1561.3
1282610 1561.3
1282620 1557.5
1282630 1553.0
1282640 1553.0
1282650 1547.9
1282660 1546.4
1282670 1546.4
1282680 1544.8
1282690 1540.5
1282700 1537.4
1282710 1537.4
1282720 1534.2
1282730 1525.0
1282740 1525.0
1282750 1513.6
1282760 1505.6
1282770 1505.6
1282780 1491.9
1282790 1480.6
1282800 1480.6
1282810 1471.6
1282820 1462.3
1282830 1462.3
1282840 1455.7
1282850 1449.6
1282860 1449.6
1282870 1442.8
1282880 1435.5
1282890 1435.5
1282900 1429.0
1282910 1422.3
1282920 1422.3
1282930 1415.9
1282940 1409.7
1282950 1409.7
1282960 1403.6
1282970 1397.7
1282980 1397.7
1282990 1391.4
1283000 1385.3
1283010 1385.3
1283020 1379.3
1283030 1373.3
1283040 1367.4
1283050 1367.4
1283060 1361.6
1283070 1355.7
1283080 1355.7
1283090 1349.8
1283100 1344.2
1283110 1344.2
1283120 1338.3
1283130 1332.3
1283140 1332.3
1283150 1326.7
1283160 1322.1
1283170 1322.1
1283180 1318.6
1283190 1314.8
1283200 1314.8
1283210 1312.0
1283220 1311.7
1283230 1311.7
1283240 1310.4
1283250 1306.8
1283260 1306.8
1283270 1299.9
1283280 1293.1
1283290 1293.1
1283300 1287.6
1283310 1285.8
1283320 1285.8
1283330 1285.5
1283340 1283.9
1283350 1283.9
1283360 1281.0
1283370 1277.3
1283380 1272.6
1283390 1272.6
1283400 1267.0
1283410 1260.4
1283420 1260.4
1283430 1251.8
1283440 1242.9
1283450 1242.9
1283460 1236.3
1283470 1233.1
1283480 1233.1
1283490 1228.6
1283500 1221.3
1283510 1228.3
1283520 1220.8
1283530 1211.3
1283540 1211.3
1283550 1204.3
1283560 1205.5
1283570 1205.5
1283580 1210.0
1283590 1214.7
1283600 1214.7
1283610 1218.3
1283620 1221.4
1283630 1221.4
1283640 1223.4
1283650 1223.8
1283660 1223.8
1283670 1223.5
1283680 1225.8
1283690 1225.8
1283700 1228.0
1283710 1228.3
1283720 1228.3
1283730 1228.3
1283740 1226.3
1283750 1224.9
1283760 1224.9
1283770 1224.5
1283780 1224.0
1283790 1224.0
1283800 1223.8
1283810 1223.8
1283820 1223.8
1283830 1223.0
1283840 1221.3
1283850 1221.3
1283860 1218.1
1283870 1216.0
1283880 1216.0
1283890 1214.7
1283900 1212.0
1283910 1212.0
1283920 1211.4
1283930 1212.4
1283940 1212.4
1283950 1212.2
1283960 1210.4
1283970 1210.4
1283980 1207.8
1283990 1206.2
1284000 1206.2
1284010 1204.7
1284020 1203.8
1284030 1203.8
1284040 1202.1
1284050 1197.0
1284060 1189.8
1284070 1189.8
1284080 1182.5
1284090 1173.7
1284100 1173.7
1284110 1166.1
1284120 1165.5
1284130 1165.5
1284140 1162.1
1284150 1165.2
1284160 1165.2
1284170 1166.8
1284180 1168.7
1284190 1168.7
1284200 1171.1
1284210 1171.3
1284220 1171.3
1284230 1170.5
1284240 1169.6
1284250 1169.6
1284260 1169.2
1284270 1169.6
1284280 1169.6
1284290 1167.7
1284300 1166.3
1284310 1166.3
1284320 1167.0
1284330 1171.2
1284340 1171.2
1284350 1175.4
1284360 1176.6
1284370 1176.6
1284380 1176.3
1284390 1176.2
1284400 1175.4
1284410 1175.4
1284420 1174.1
1284430 1172.2
1284440 1172.2
1284450 1169.1
1284460 1165.6
1284470 1165.6
1284480 1161.8
1284490 1159.3
1284500 1159.3
1284510 1161.1
1284520 1160.4
1284530 1160.4
1284540 1156.7
1284550 1154.7
1284560 1154.7
1284570 1153.6
1284580 1152.0
1284590 1152.0
1284600 1150.2
1284610 1148.2
1284620 1148.2
1284630 1143.7
1284640 1139.8
1284650 1139.8
1284660 1138.2
1284670 1137.3
1284680 1137.3
1284690 1134.2
1284700 1130.8
1284710 1130.8
1284720 1128.6
1284730 1127.0
1284740 1122.1
1284750 1122.1
1284760 1115.9
1284770 1113.6
1284780 1108.4
1284790 1109.0
1284800 1109.1
1284810 1109.1
1284820 1106.8
1284830 1105.6
1284840 1105.6
1284850 1104.5
1284860 1101.4
1284870 1101.4
1284880 1100.6
1284890 1100.2
1284900 1100.2
1284910 1100.1
1284920 1100.7
1284930 1100.7
1284940 1098.2
1284950 1095.9
1284960 1095.9
1284970 1096.8
1284980 1096.7
1284990 1096.7
1285000 1094.4
1285010 1091.5
1285020 1091.5
1285030 1089.0
1285040 1085.9
1285050 1085.9
1285060 1082.9
1285070 1082.2
1285080 1081.8
1285090 1081.8
1285100 1081.4
1285110 1080.8
1285120 1080.8
1285130 1080.6
1285140 1080.0
1285150 1080.0
1285160 1079.4
1285170 1078.7
1285180 1078.7
1285190 1077.9
1285200 1077.3
1285210 1077.3
1285220 1076.2
1285230 1075.1
1285240 1075.1
1285250 1075.2
1285260 1075.1
1285270 1075.1
1285280 1074.7
1285290 1074.0
1285300 1074.0
1285310 1073.6
1285320 1072.9
1285330 1072.9
1285340 1072.0
1285350 1071.4
1285360 1071.4
1285370 1071.4
1285380 1071.4
1285390 1071.4
1285400 1072.8
1285410 1075.6
1285420 1079.7
1285430 1079.7
1285440 1080.5
1285450 1082.4
1285460 1082.4
1285470 1084.0
1285480 1085.7
1285490 1085.7
1285500 1086.7
1285510 1085.9
1285520 1085.9
1285530 1086.6
1285540 1089.1
1285550 1089.1
1285560 1092.7
1285570 1095.3
1285580 1095.3
1285590 1097.9
1285600 1099.9
1285610 1099.9
1285620 1102.5
1285630 1105.6
1285640 1105.6
1285650 1109.1
1285660 1112.4
1285670 1112.4
1285680 1113.2
1285690 1112.0
1285700 1112.0
1285710 1116.7
1285720 1122.1
1285730 1122.1
1285740 1122.3
1285750 1120.1
1285760 1121.6
1285770 1121.6
1285780 1127.6
1285790 1131.2
1285800 1131.2
1285810 1131.6
1285820 1130.5
1285830 1130.5
1285840 1130.9
1285850 1136.7
1285860 1136.7
1285870 1141.5
1285880 1142.6
1285890 1142.6
1285900 1142.8
1285910 1142.8
1285920 1142.8
1285930 1144.7
1285940 1147.7
1285950 1147.7
1285960 1150.7
1285970 1154.1
1285980 1154.1
1285990 1156.5
1286000 1158.6
1286010 1158.6
1286020 1161.6
1286030 1165.5
1286040 1165.5
1286050 1168.5
1286060 1170.5
1286070 1178.4
1286080 1181.4
1286090 1184.1
1286100 1186.4
1286110 1186.4
1286120 1188.6
1286130 1190.4
1286140 1190.4
1286150 1192.1
1286160 1194.9
1286170 1194.9
1286180 1199.1
1286190 1203.7
1286200 1203.7
1286210 1207.9
1286220 1212.0
1286230 1212.0
1286240 1215.5
1286250 1219.4
1286260 1219.4
1286270 1223.3
1286280 1226.8
1286290 1226.8
1286300 1230.1
1286310 1233.1
1286320 1233.1
1286330 1235.9
1286340 1237.8
1286350 1237.8
1286360 1237.5
1286370 1235.0
1286380 1235.0
1286390 1240.9
1286400 1246.2
1286410 1246.2
1286420 1251.2
1286430 1255.8
1286440 1259.8
1286450 1259.8
1286460 1263.4
1286470 1264.9
1286480 1264.9
1286490 1263.9
1286500 1261.4
1286510 1261.4
1286520 1258.8
1286530 1257.1
1286540 1257.1
1286550 1256.0
1286560 1254.5
1286570 1254.5
1286580 1253.1
1286590 1252.2
1286600 1252.2
1286610 1248.9
1286620 1242.7
1286630 1242.7
1286640 1244.5
1286650 1243.2
1286660 1243.2
1286670 1237.8
1286680 1234.7
1286690 1234.7
1286700 1232.3
1286710 1237.4
1286720 1237.4
1286730 1234.1
1286740 1229.9
1286750 1229.9
1286760 1231.9
1286770 1235.8
1286780 1239.1
1286790 1239.1
1286800 1241.6
1286810 1242.7
1286820 1242.7
1286830 1242.4
1286840 1241.5
1286850 1241.5
1286860 1239.1
1286870 1241.3
1286880 1241.3
1286890 1244.4
1286900 1246.7
1286910 1246.7
1286920 1249.1
1286930 1250.9
1286940 1250.9
1286950 1251.4
1286960 1250.5
1286970 1250.5
1286980 1248.3
1286990 1245.5
1287000 1245.5
1287010 1243.0
1287020 1241.8
1287030 1241.8
1287040 1241.6
1287050 1240.8
1287060 1240.8
1287070 1238.6
1287080 1239.8
1287090 1239.8
1287100 1240.5
1287110 1240.4
1287120 1239.6
1287130 1239.6
1287140 1238.2
1287150 1235.4
1287160 1235.4
1287170 1231.6
1287180 1228.3
1287190 1228.3
1287200 1225.1
1287210 1221.8
1287220 1221.8
1287230 1223.2
1287240 1224.1
1287250 1224.1
1287260 1223.7
1287270 1222.5
1287280 1222.5
1287290 1220.7
1287300 1219.1
1287310 1219.1
1287320 1216.8
1287330 1213.0
1287340 1213.0
1287350 1206.8
1287360 1209.7
1287370 1209.7
1287380 1204.9
1287390 1201.0
1287400 1201.0
1287410 1198.3
1287420 1195.6
1287430 1195.6
1287440 1194.6
1287450 1193.3
1287460 1192.2
1287470 1192.2
1287480 1191.6
1287490 1190.9
1287500 1190.9
1287510 1188.2
1287520 1184.7
1287530 1184.7
1287540 1182.0
1287550 1179.7
1287560 1179.7
1287570 1176.8
1287580 1172.6
1287590 1172.6
1287600 1166.8
1287610 1161.1
1287620 1161.1
1287630 1153.7
1287640 1139.1
1287650 1139.1
1287660 1123.2
1287670 1112.3
1287680 1112.3
1287690 1104.0
1287700 1095.0
1287710 1095.0
1287720 1086.2
1287730 1077.6
1287740 1077.6
1287750 1068.9
1287760 1060.7
1287770 1060.7
1287780 1053.4
1287790 1046.8
1287800 1040.0
1287810 1040.0
1287820 1034.6
1287830 1028.9
1287840 1028.9
1287850 1022.5
1287860 1016.0
1287870 1016.0
1287880 1008.8
1287890 1002.6
1287900 1002.6
1287910 999.3
1287920 999.8
1287930 999.8
1287940 1006.7
1287950 1014.9
1287960 1014.9
1287970 1021.8
1287980 1028.9
1287990 1028.9
1288000 1036.1
1288010 1045.4
1288020 1045.4
1288030 1052.4
1288040 1059.4
1288050 1059.4
1288060 1066.3
1288070 1073.2
1288080 1073.2
1288090 1080.3
1288100 1087.7
1288110 1087.7
1288120 1094.4
1288130 1101.0
1288140 1106.8
1288150 1106.8
1288160 1112.8
1288170 1118.9
1288180 1118.9
1288190 1123.0
1288200 1125.0
1288210 1125.0
1288220 1126.8
1288230 1128.5
1288240 1128.5
1288250 1129.4
1288260 1130.3
1288270 1130.3
1288280 1132.4
1288290 1134.9
1288300 1134.9
1288310 1135.8
1288320 1135.7
1288330 1135.7
1288340 1135.8
1288350 1136.4
1288360 1136.4
1288370 1137.3
1288380 1140.4
1288390 1140.4
1288400 1144.5
1288410 1148.5
1288420 1148.5
1288430 1153.8
1288440 1160.1
1288450 1160.1
1288460 1165.3
1288470 1170.1
1288480 1174.9
1288490 1174.9
1288500 1178.3
1288510 1179.3
1288520 1179.3
1288530 1179.7
1288540 1178.3
1288550 1178.3
1288560 1173.7
1288570 1165.1
1288580 1165.1
1288590 1162.7
1288600 1167.1
1288610 1167.1
1288620 1169.5
1288630 1170.6
1288640 1170.6
1288650 1172.2
1288660 1180.6
1288670 1180.6
1288680 1180.7
1288690 1181.2
1288700 1181.2
1288710 1181.5
1288720 1182.1
1288730 1182.1
1288740 1182.8
1288750 1183.3
1288760 1183.3
1288770 1185.0
1288780 1188.0
1288790 1188.0
1288800 1191.1
1288810 1192.9
1288820 1193.2
1288830 1193.2
1288840 1192.9
1288850 1192.9
1288860 1192.9
1288870 1192.8
1288880 1191.9
1288890 1191.9
1288900 1190.0
1288910 1187.9
1288920 1187.9
1288930 1185.5
1288940 1182.9
1288950 1182.9
1288960 1180.4
1288970 1178.3
1288980 1178.3
1288990 1177.1
1289000 1176.2
1289010 1176.2
1289020 1176.4
1289030 1177.1
1289040 1177.1
1289050 1176.9
1289060 1176.6
1289070 1176.6
1289080 1177.2
1289090 1178.0
1289100 1178.0
1289110 1178.4
1289120 1177.5
1289130 1177.5
1289140 1175.5
1289150 1174.4
1289160 1174.4
1289170 1174.1
1289180 1174.2
1289190 1173.4
1289200 1173.4
1289210 1171.9
1289220 1170.2
1289230 1170.2
1289240 1168.3
1289250 1166.7
1289260 1166.7
1289270 1165.0
1289280 1163.5
1289290 1163.5
1289300 1162.4
1289310 1167.7
1289320 1167.7
1289330 1165.7
1289340 1164.0
1289350 1164.0
1289360 1162.2
1289370 1160.0
1289380 1160.0
1289390 1158.3
1289400 1156.4
1289410 1156.4
1289420 1154.9
1289430 1154.1
1289440 1154.1
1289450 1152.9
1289460 1151.2
1289470 1151.2
1289480 1149.8
1289490 1147.9
1289500 1147.9
1289510 1146.8
1289520 1144.3
1289530 1141.5
1289540 1141.5
1289550 1138.5
1289560 1135.6
1289570 1135.6
1289580 1133.1
1289590 1129.4
1289600 1129.4
1289610 1130.1
1289620 1132.4
1289630 1132.4
1289640 1134.0
1289650 1135.7
1289660 1135.7
1289670 1136.6
1289680 1136.8
1289690 1136.8
1289700 1137.5
1289710 1138.8
1289720 1138.8
1289730 1139.1
1289740 1140.0
1289750 1140.0
1289760 1141.3
1289770 1143.4
1289780 1143.4
1289790 1145.1
1289800 1145.5
1289810 1145.5
1289820 1146.5
1289830 1151.1
1289840 1151.1
1289850 1152.1
1289860 1151.9
1289870 1153.5
1289880 1153.5
1289890 1155.9
1289900 1159.7
1289910 1159.7
1289920 1164.9
1289930 1167.8
1289940 1167.8
1289950 1168.2
1289960 1166.3
1289970 1174.2
1289980 1172.3
1289990 1176.1
1290000 1176.1
1290010 1180.2
1290020 1183.7
1290030 1183.7
1290040 1187.4
1290050 1189.1
1290060 1189.1
1290070 1190.4
1290080 1190.2
1290090 1190.2
1290100 1189.1
1290110 1190.1
1290120 1190.1
1290130 1192.8
1290140 1196.8
1290150 1196.8
1290160 1197.1
1290170 1198.9
1290180 1198.9
1290190 1205.3
1290200 1210.4
1290210 1210.9
1290220 1210.9
1290230 1211.8
1290240 1215.3
1290250 1215.3
1290260 1217.7
1290270 1219.5
1290280 1219.5
1290290 1223.7
1290300 1227.1
1290310 1227.1
1290320 1228.9
1290330 1232.2
1290340 1232.2
1290350 1235.1
1290360 1237.7
1290370 1237.7
1290380 1241.8
1290390 1245.7
1290400 1245.7
1290410 1248.4
1290420 1250.1
1290430 1250.1
1290440 1250.8
1290450 1251.0
1290460 1251.0
1290470 1251.2
1290480 1250.6
1290490 1250.6
1290500 1248.3
1290510 1242.5
1290520 1242.5
1290530 1235.8
1290540 1228.6
1290550 1221.1
1290560 1221.1
1290570 1214.0
1290580 1207.1
1290590 1207.1
1290600 1200.3
1290610 1192.5
1290620 1192.5
1290630 1188.0
1290640 1179.6
1290650 1179.6
1290660 1170.9
1290670 1162.6
1290680 1162.6
1290690 1156.6
1290700 1150.6
1290710 1150.6
1290720 1144.5
1290730 1139.4
1290740 1139.4
1290750 1135.7
1290760 1133.5
1290770 1133.5
1290780 1130.3
1290790 1124.9
1290800 1124.9
1290810 1119.0
1290820 1114.5
1290830 1114.5
1290840 1109.9
1290850 1104.9
1290860 1104.9
1290870 1099.0
1290880 1092.9
1290890 1088.5
1290900 1088.5
1290910 1085.3
1290920 1080.5
1290930 1080.5
1290940 1073.3
1290950 1065.4
1290960 1065.4
1290970 1057.5
1290980 1049.0
1290990 1049.0
1291000 1042.6
1291010 1040.6
1291020 1040.6
1291030 1038.8
1291040 1038.6
1291050 1038.6
1291060 1039.2
1291070 1037.5
1291080 1037.5
1291090 1036.3
1291100 1031.8
1291110 1031.8
1291120 1025.8
1291130 1019.7
1291140 1019.7
1291150 1012.4
1291160 1002.0
1291170 1002.0
1291180 996.6
1291190 998.5
1291200 998.5
1291210 1001.6
1291220 1002.0
1291230 1000.3
1291240 1000.3
1291250 998.8
1291260 997.3
1291270 997.3
1291280 995.0
1291290 999.9
1291300 999.9
1291310 1000.9
1291320 1003.0
1291330 1003.0
1291340 1004.2
1291350 1001.2
1291360 1001.2
1291370 996.8
1291380 991.8
1291390 991.8
1291400 994.2
1291410 999.1
1291420 999.1
1291430 1002.2
1291440 1007.7
1291450 1007.7
1291460 1011.4
1291470 1006.4
1291480 1006.4
1291490 998.5
1291500 990.8
1291510 990.8
1291520 982.6
1291530 975.7
1291540 975.7
1291550 973.8
1291560 973.5
1291570 973.8
1291580 973.8
1291590 973.9
1291600 973.7
1291610 973.7
1291620 973.7
1291630 976.1
1291640 976.1
1291650 980.3
1291660 983.6
1291670 983.6
1291680 986.6
1291690 989.2
1291700 989.2
1291710 991.9
1291720 994.3
1291730 994.3
1291740 995.1
1291750 994.1
1291760 994.1
1291770 992.3
1291780 993.1
1291790 993.1
1291800 994.6
1291810 995.6
1291820 995.6
1291830 1000.7
1291840 1005.4
1291850 1005.4
1291860 1012.9
1291870 1020.1
1291880 1020.1
1291890 1025.3
1291900 1029.3
1291910 1032.1
1291920 1032.1
1291930 1034.7
1291940 1036.4
1291950 1032.0
1291960 1033.4
1291970 1035.0
1291980 1035.0
1291990 1036.6
1292000 1037.6
1292010 1037.6
1292020 1037.8
1292030 1038.6
1292040 1038.6
1292050 1040.2
1292060 1041.3
1292070 1041.3
1292080 1041.3
1292090 1042.1
1292100 1042.1
1292110 1043.6
1292120 1042.7
1292130 1042.7
1292140 1038.8
1292150 1033.1
1292160 1033.1
1292170 1033.3
1292180 1039.2
1292190 1039.2
1292200 1042.7
1292210 1044.7
1292220 1044.7
1292230 1049.4
1292240 1055.4
1292250 1059.1
1292260 1059.1
1292270 1060.5
1292280 1063.6
1292290 1063.6
1292300 1067.2
1292310 1070.9
1292320 1070.9
1292330 1075.0
1292340 1078.7
1292350 1078.7
1292360 1082.6
1292370 1086.8
1292380 1086.8
1292390 1090.9
1292400 1095.0
1292410 1095.0
1292420 1099.0
1292430 1103.3
1292440 1103.3
1292450 1108.1
1292460 1112.8
1292470 1112.8
1292480 1118.5
1292490 1124.7
1292500 1124.7
1292510 1129.2
1292520 1132.6
1292530 1132.6
1292540 1135.6
1292550 1139.1
1292560 1139.1
1292570 1143.1
1292580 1147.3
1292590 1151.5
1292600 1151.5
1292610 1148.3
1292620 1152.2
1292630 1152.2
1292640 1156.8
1292650 1163.9
1292660 1163.9
1292670 1169.7
1292680 1173.8
1292690 1173.8
1292700 1177.6
1292710 1181.4
1292720 1181.4
1292730 1185.5
1292740 1190.1
1292750 1190.1
1292760 1194.8
1292770 1199.5
1292780 1199.5
1292790 1204.0
1292800 1208.6
1292810 1208.6
1292820 1213.2
1292830 1217.7
1292840 1217.7
1292850 1222.7
1292860 1226.9
1292870 1226.9
1292880 1230.3
1292890 1233.0
1292900 1233.0
1292910 1235.0
1292920 1236.7
1292930 1238.1
1292940 1238.1
1292950 1239.8
1292960 1242.0
1292970 1242.0
1292980 1244.2
1292990 1246.3
1293000 1246.3
1293010 1248.3
1293020 1250.4
1293030 1250.4
1293040 1252.4
1293050 1254.5
1293060 1254.5
1293070 1256.2
1293080 1257.8
1293090 1257.8
1293100 1258.9
1293110 1259.9
1293120 1259.9
1293130 1260.9
1293140 1261.9
1293150 1261.9
1293160 1263.4
1293170 1265.0
1293180 1265.0
1293190 1266.6
1293200 1267.6
1293210 1267.6
1293220 1268.4
1293230 1269.3
1293240 1269.3
1293250 1270.3
1293260 1271.2
1293270 1272.0
1293280 1265.2
1293290 1265.8
1293300 1266.2
1293310 1266.2
1293320 1266.2
1293330 1266.1
1293340 1266.1
1293350 1265.9
1293360 1266.1
1293370 1266.1
1293380 1266.6
1293390 1266.8
1293400 1266.8
1293410 1266.1
1293420 1264.8
1293430 1264.8
1293440 1263.0
1293450 1261.1
1293460 1261.1
1293470 1259.3
1293480 1257.0
1293490 1257.0
1293500 1254.5
1293510 1252.1
1293520 1252.1
1293530 1250.4
1293540 1249.6
1293550 1249.6
1293560 1248.7
1293570 1247.7
1293580 1247.7
1293590 1246.8
1293600 1245.8
1293610 1244.3
1293620 1244.3
1293630 1242.6
1293640 1241.2
1293650 1241.2
1293660 1239.0
1293670 1236.0
1293680 1236.0
1293690 1232.4
1293700 1229.4
1293710 1229.4
1293720 1226.5
1293730 1223.4
1293740 1223.4
1293750 1220.3
1293760 1217.4
1293770 1217.4
1293780 1214.7
1293790 1212.1
1293800 1212.1
1293810 1209.5
1293820 1207.4
1293830 1207.4
1293840 1205.3
1293850 1203.1
1293860 1203.1
1293870 1201.1
1293880 1199.7
1293890 1199.7
1293900 1197.6
1293910 1195.6
1293920 1195.6
1293930 1196.2
1293940 1195.7
1293950 1186.4
1293960 1186.4
1293970 1185.4
1293980 1185.8
1293990 1185.8
1294000 1185.5
1294010 1183.7
1294020 1183.7
1294030 1176.1
1294040 1163.3
1294050 1163.3
1294060 1155.6
1294070 1153.6
1294080 1153.6
1294090 1152.6
1294100 1149.0
1294110 1149.0
1294120 1146.4
1294130 1140.0
1294140 1140.0
1294150 1135.1
1294160 1134.7
1294170 1134.7
1294180 1138.9
1294190 1146.8
1294200 1146.8
1294210 1154.2
1294220 1160.9
1294230 1160.9
1294240 1167.5
1294250 1173.8
1294260 1173.8
1294270 1178.7
1294280 1184.2
1294290 1191.0
1294300 1191.0
1294310 1195.6
1294320 1199.7
1294330 1199.7
1294340 1202.2
1294350 1203.8
1294360 1203.8
1294370 1205.5
1294380 1207.6
1294390 1207.6
1294400 1209.6
1294410 1211.4
1294420 1211.4
1294430 1213.0
1294440 1214.7
1294450 1214.7
1294460 1216.4
1294470 1218.2
1294480 1218.2
1294490 1220.6
1294500 1224.4
1294510 1224.4
1294520 1229.3
1294530 1234.5
1294540 1234.5
1294550 1239.8
1294560 1244.2
1294570 1244.2
1294580 1249.4
1294590 1254.2
1294600 1254.2
1294610 1257.4
1294620 1258.2
1294630 1264.0
1294640 1264.0
1294650 1269.7
1294660 1275.3
1294670 1275.3
1294680 1281.1
1294690 1287.0
1294700 1287.0
1294710 1292.5
1294720 1298.1
1294730 1298.1
1294740 1303.7
1294750 1309.4
1294760 1309.4
1294770 1315.1
1294780 1320.4
1294790 1320.4
1294800 1325.6
1294810 1330.2
1294820 1330.2
1294830 1334.4
1294840 1338.2
1294850 1338.2
1294860 1341.6
1294870 1345.1
1294880 1345.1
1294890 1348.7
1294900 1352.2
1294910 1352.2
1294920 1355.6
1294930 1359.0
1294940 1359.0
1294950 1362.1
1294960 1364.9
1294970 1367.5
1294980 1367.5
1294990 1369.9
1295000 1372.3
1295010 1372.3
1295020 1374.5
1295030 1376.8
1295040 1376.8
1295050 1378.9
1295060 1380.9
1295070 1380.9
1295080 1383.0
1295090 1385.4
1295100 1385.4
1295110 1388.2
1295120 1391.4
1295130 1391.4
1295140 1394.7
1295150 1397.8
1295160 1397.8
1295170 1400.5
1295180 1403.2
1295190 1403.2
1295200 1406.1
1295210 1409.3
1295220 1409.3
1295230 1412.2
1295240 1415.4
1295250 1415.4
1295260 1418.9
1295270 1422.6
1295280 1422.6
1295290 1421.3
1295300 1425.1
1295310 1429.8
1295320 1429.8
1295330 1433.9
1295340 1437.7
1295350 1437.7
1295360 1441.4
1295370 1445.1
1295380 1445.1
1295390 1449.3
1295400 1453.9
1295410 1453.9
1295420 1458.4
1295430 1462.4
1295440 1462.4
1295450 1466.8
1295460 1471.9
1295470 1471.9
1295480 1476.9
1295490 1481.6
1295500 1481.6
1295510 1486.6
1295520 1491.5
1295530 1491.5
1295540 1495.9
1295550 1500.4
1295560 1500.4
1295570 1505.5
1295580 1509.7
1295590 1509.7
1295600 1513.9
1295610 1518.6
1295620 1518.6
1295630 1523.1
1295640 1527.7
1295650 1533.0
1295660 1533.0
1295670 1538.0
1295680 1543.1
1295690 1543.1
1295700 1548.6
1295710 1554.0
1295720 1554.0
1295730 1559.3
1295740 1564.6
1295750 1564.6
1295760 1569.7
1295770 1574.7
1295780 1574.7
1295790 1579.4
1295800 1583.9
1295810 1583.9
1295820 1589.1
1295830 1594.2
1295840 1594.2
1295850 1598.9
1295860 1603.7
1295870 1603.7
1295880 1609.2
1295890 1615.3
1295900 1615.3
1295910 1621.2
1295920 1627.6
1295930 1627.6
1295940 1633.8
1295950 1639.5
1295960 1639.5
1295970 1642.4
1295980 1647.6
1295990 1652.0
1296000 1652.0
1296010 1656.7
1296020 1662.2
1296030 1662.2
1296040 1667.4
1296050 1672.6
1296060 1672.6
1296070 1677.6
1296080 1683.9
1296090 1683.9
1296100 1690.1
1296110 1695.3
1296120 1695.3
1296130 1700.9
1296140 1706.6
1296150 1706.6
1296160 1711.7
1296170 1717.1
1296180 1717.1
1296190 1723.1
1296200 1728.1
1296210 1728.1
1296220 1733.6
1296230 1740.5
1296240 1740.5
1296250 1746.7
1296260 1752.6
1296270 1752.6
1296280 1759.0
1296290 1764.8
1296300 1764.8
1296310 1769.9
1296320 1775.5
1296330 1782.1
1296340 1782.1
1296350 1788.6
1296360 1796.1
1296370 1796.1
1296380 1804.5
1296390 1812.2
1296400 1812.2
1296410 1822.1
1296420 1832.5
1296430 1832.5
1296440 1841.4
1296450 1851.3
1296460 1851.3
1296470 1866.7
1296480 1882.7
1296490 1882.7
1296500 1899.4
1296510 1916.0
1296520 1916.0
1296530 1922.5
1296540 1925.8
1296550 1925.8
1296560 1928.7
1296570 1932.7
1296580 1932.7
1296590 1939.6
1296600 1946.8
1296610 1946.8
1296620 1950.2
1296630 1956.8
1296640 1956.8
1296650 1961.5
1296660 1971.6
1296670 1983.8
1296680 1983.8
1296690 1995.0
1296700 2002.6
1296710 2002.6
1296720 2000.2
1296730 1989.0
1296740 1989.0
1296750 1979.0
1296760 1972.2
1296770 1972.2
1296780 1965.7
1296790 1959.3
1296800 1959.3
1296810 1952.9
1296820 1946.3
1296830 1946.3
1296840 1939.5
1296850 1932.9
1296860 1932.9
1296870 1924.9
1296880 1917.4
1296890 1917.4
1296900 1910.5
1296910 1904.0
1296920 1904.0
1296930 1898.6
1296940 1892.7
1296950 1892.7
1296960 1887.3
1296970 1879.8
1296980 1879.8
1296990 1868.6
1297000 1858.6
1297010 1849.5
1297020 1849.5
1297030 1839.0
1297040 1823.5
1297050 1823.5
1297060 1805.7
1297070 1794.1
1297080 1794.1
1297090 1786.2
1297100 1782.5
1297110 1782.5
1297120 1777.4
1297130 1771.7
1297140 1771.7
1297150 1766.7
1297160 1761.1
1297170 1761.1
1297180 1755.4
1297190 1749.6
1297200 1749.6
1297210 1743.3
1297220 1737.5
1297230 1737.5
1297240 1732.6
1297250 1727.4
1297260 1727.4
1297270 1720.9
1297280 1714.3
1297290 1714.3
1297300 1708.8
1297310 1703.9
1297320 1703.9
1297330 1699.3
1297340 1696.1
1297350 1693.4
1297360 1693.4
1297370 1690.6
1297380 1687.9
1297390 1687.9
1297400 1686.7
1297410 1685.1
1297420 1685.1
1297430 1682.6
1297440 1680.9
1297450 1680.9
1297460 1681.6
1297470 1684.6
1297480 1684.6
1297490 1683.3
1297500 1680.0
1297510 1680.0
1297520 1679.5
1297530 1680.3
1297540 1680.3
1297550 1680.4
1297560 1681.6
1297570 1681.6
1297580 1684.8
1297590 1689.0
1297600 1689.0
1297610 1693.8
1297620 1696.3
1297630 1696.3
1297640 1695.5
1297650 1693.4
1297660 1693.4
1297670 1690.0
1297680 1686.1
1297690 1680.3
1297700 1680.3
1297710 1673.1
1297720 1669.2
1297730 1669.2
1297740 1667.2
1297750 1662.2
1297760 1662.2
1297770 1654.2
1297780 1645.2
1297790 1645.2
1297800 1635.2
1297810 1623.3
1297820 1623.3
1297830 1616.3
1297840 1609.7
1297850 1609.7
1297860 1602.5
1297870 1594.1
1297880 1594.1
1297890 1586.4
1297900 1580.5
1297910 1580.5
1297920 1574.7
1297930 1569.7
1297940 1569.7
1297950 1565.5
1297960 1561.3
1297970 1561.3
1297980 1556.7
1297990 1553.1
1298000 1553.1
1298010 1548.6
1298020 1547.2
1298030 1545.3
1298040 1545.3
1298050 1544.8
1298060 1543.3
1298070 1543.3
1298080 1543.4
1298090 1545.7
1298100 1545.7
1298110 1548.8
1298120 1551.0
1298130 1551.0
1298140 1554.1
1298150 1557.4
1298160 1557.4
1298170 1561.5
1298180 1567.2
1298190 1567.2
1298200 1572.5
1298210 1578.9
1298220 1578.9
1298230 1586.9
1298240 1593.7
1298250 1593.7
1298260 1600.4
1298270 1606.1
1298280 1606.1
1298290 1611.0
1298300 1614.1
1298310 1614.1
1298320 1616.8
1298330 1616.0
1298340 1616.0
1298350 1614.1
1298360 1611.2
1298370 1611.2
1298380 1607.1
1298390 1602.7
1298400 1599.0
1298410 1599.0
1298420 1594.4
1298430 1589.3
1298440 1589.3
1298450 1584.4
1298460 1579.3
1298470 1579.3
1298480 1573.3
1298490 1567.4
1298500 1567.4
1298510 1561.8
1298520 1556.9
1298530 1556.9
1298540 1550.8
1298550 1543.6
1298560 1543.6
1298570 1536.5
1298580 1530.0
1298590 1530.0
1298600 1522.3
1298610 1513.2
1298620 1513.2
1298630 1503.0
1298640 1493.4
1298650 1493.4
1298660 1485.1
1298670 1476.5
1298680 1476.5
1298690 1467.1
1298700 1456.7
1298710 1456.7
1298720 1447.7
1298730 1441.1
1298740 1434.7
1298750 1434.7
1298760 1426.0
1298770 1414.9
1298780 1414.9
1298790 1403.2
1298800 1392.2
1298810 1392.2
1298820 1386.8
1298830 1382.2
1298840 1382.2
1298850 1368.9
1298860 1357.1
1298870 1357.1
1298880 1347.1
1298890 1333.9
1298900 1333.9
1298910 1316.5
1298920 1301.8
1298930 1301.8
1298940 1291.1
1298950 1282.3
1298960 1282.3
1298970 1274.7
1298980 1267.9
1298990 1267.9
1299000 1258.1
1299010 1249.6
1299020 1249.6
1299030 1253.4
1299040 1267.5
1299050 1267.5
1299060 1276.2
1299070 1273.8
1299080 1267.5
1299090 1267.5
1299100 1267.3
1299110 1270.8
1299120 1270.8
1299130 1272.3
1299140 1264.5
1299150 1264.5
1299160 1250.4
1299170 1242.1
1299180 1242.1
1299190 1245.1
1299200 1256.2
1299210 1256.2
1299220 1262.2
1299230 1263.1
1299240 1263.1
1299250 1261.5
1299260 1259.0
1299270 1259.0
1299280 1258.1
1299290 1257.4
1299300 1257.4
1299310 1258.8
1299320 1262.2
1299330 1262.2
1299340 1264.5
1299350 1264.5
1299360 1264.5
1299370 1262.7
1299380 1260.5
1299390 1252.0
1299400 1250.0
1299410 1246.2
1299420 1239.6
1299430 1239.6
1299440 1230.2
1299450 1218.1
1299460 1218.1
1299470 1211.0
1299480 1215.0
1299490 1215.0
1299500 1213.1
1299510 1205.8
1299520 1205.8
1299530 1196.6
1299540 1186.2
1299550 1186.2
1299560 1171.1
1299570 1155.8
1299580 1155.8
1299590 1140.0
1299600 1128.0
1299610 1128.0
1299620 1119.4
1299630 1119.3
1299640 1119.3
1299650 1132.4
1299660 1143.9
1299670 1143.9
1299680 1150.0
1299690 1145.1
1299700 1145.1
1299710 1139.0
1299720 1132.0
1299730 1132.0
1299740 1118.5
1299750 1107.1
1299760 1112.4
1299770 1112.4
1299780 1118.7
1299790 1118.6
1299800 1118.6
1299810 1112.5
1299820 1108.3
1299830 1108.3
1299840 1105.2
1299850 1101.0
1299860 1101.0
1299870 1095.0
1299880 1089.2
1299890 1089.2
1299900 1081.4
1299910 1073.8
1299920 1073.8
1299930 1067.2
1299940 1060.0
1299950 1060.0
1299960 1049.0
1299970 1039.2
1299980 1039.2
1299990 1035.9
