1280000 1499.9
1280010 1499.9
1280020 1485.5
1280030 1463.0
1280040 1463.0
1280050 1452.1
1280060 1438.9
1280070 1438.9
1280080 1419.9
1280090 1407.1
1280100 1398.9
1280110 1398.9
1280120 1399.1
1280130 1404.1
1280140 1404.1
1280150 1419.9
1280160 1469.5
1280170 1469.5
1280180 1495.6
1280190 1492.8
1280200 1492.8
1280210 1483.2
1280220 1486.1
1280230 1486.1
1280240 1496.2
1280250 1506.6
1280260 1506.6
1280270 1506.9
1280280 1501.5
1280290 1501.5
1280300 1493.2
1280310 1480.6
1280320 1480.6
1280330 1469.8
1280340 1470.8
1280350 1470.8
1280360 1475.3
1280370 1470.6
1280380 1470.6
1280390 1464.1
1280400 1451.9
1280410 1451.9
1280420 1437.5
1280430 1427.5
1280440 1412.3
1280450 1412.3
1280460 1398.5
1280470 1387.6
1280480 1387.6
1280490 1380.1
1280500 1386.7
1280510 1386.7
1280520 1420.7
1280530 1442.9
1280540 1442.9
1280770 1353.8
1280780 1353.8
1280790 1358.1
1280800 1350.7
1280810 1343.8
1280820 1343.8
1280830 1345.1
1280840 1343.3
1280850 1343.3
1280860 1339.8
1280870 1336.2
1280880 1336.2
1280890 1334.1
1280900 1328.3
1280910 1328.3
1280920 1326.8
1280930 1323.7
1280940 1323.7
1280950 1323.0
1280960 1332.8
1280970 1332.8
1280980 1337.3
1280990 1338.7
1281000 1338.7
1281010 1339.3
1281020 1337.9
1281030 1337.9
1281040 1333.5
1281050 1334.8
1281060 1334.8
1281070 1336.1
1281080 1337.2
1281090 1337.2
1281100 1339.4
1281110 1340.5
1281120 1340.5
1281130 1339.1
1281140 1332.5
1281150 1326.8
1281160 1326.8
1281170 1319.8
1281180 1322.2
1281190 1322.2
1281200 1327.4
1281210 1327.3
1281220 1327.3
1281230 1325.4
1281240 1327.9
1281250 1327.9
1281260 1357.9
1281270 1373.8
1281280 1373.8
1281290 1379.8
1281300 1385.9
1281310 1385.9
1281320 1391.3
1281330 1396.2
1281340 1396.2
1281350 1401.0
1281360 1406.8
1281370 1406.8
1281380 1413.1
1281390 1420.1
1281400 1420.1
1281410 1428.5
1281420 1438.0
1281430 1438.0
1281440 1446.9
1281450 1450.2
1281460 1450.2
1281470 1452.7
1281480 1455.2
1281490 1460.9
1281500 1460.9
1281510 1469.7
1281520 1481.8
1281530 1481.8
1281540 1502.2
1281550 1515.4
1281560 1515.4
1281570 1526.8
1281580 1544.2
1281590 1544.2
1281600 1561.8
1281610 1573.4
1281620 1573.4
1281630 1583.7
1281640 1593.2
1281650 1593.2
1281660 1601.3
1281670 1608.4
1281680 1608.4
1281690 1615.6
1281700 1624.3
1281710 1624.3
1281720 1632.9
1281730 1640.5
1281740 1640.5
1281750 1649.3
1281760 1660.6
1281770 1660.6
1281780 1675.7
1281790 1688.1
1281800 1688.1
1281810 1698.3
1281820 1708.9
1281830 1717.6
1281840 1717.6
1281850 1722.9
1281860 1729.1
1281870 1729.1
1281880 1736.6
1281890 1743.4
1281900 1743.4
1281910 1749.0
1281920 1753.6
1281930 1753.6
1281940 1758.9
1281950 1763.6
1281960 1763.6
1281970 1768.8
1281980 1775.0
1281990 1775.0
1282000 1781.5
1282010 1789.0
1282020 1789.0
1282030 1796.3
1282040 1804.6
1282050 1805.7
1282060 1814.5
1282070 1823.4
1282080 1823.4
1282090 1830.1
1282100 1836.0
1282110 1836.0
1282120 1842.4
1282130 1847.6
1282140 1847.6
1282150 1852.4
1282160 1857.4
1282170 1861.0
1282180 1861.0
1282190 1863.4
1282200 1864.6
1282210 1864.6
1282220 1864.7
1282230 1864.9
1282240 1864.9
1282250 1865.6
1282260 1865.7
1282270 1865.7
1282280 1866.0
1282290 1866.9
1282300 1866.9
1282310 1867.2
1282320 1867.6
1282330 1867.6
1282340 1868.3
1282350 1869.2
1282360 1869.2
1282370 1869.7
1282380 1869.7
1282390 1869.7
1282400 1870.2
1282410 1870.3
1282420 1870.3
1282430 1870.4
1282440 1870.3
1282450 1870.3
1282460 1870.1
1282470 1870.6
1282480 1870.6
1282490 1872.0
1282500 1874.3
1282510 1874.3
1282520 1874.4
1282530 1870.5
1282540 1866.2
1282550 1866.2
1282560 1859.8
1282570 1846.6
1282580 1846.6
1282590 1839.2
1282600 1839.2
1282610 1839.2
1282620 1840.3
1282630 1840.4
1282640 1840.4
1282650 1837.9
1282660 1835.9
1282670 1835.9
1282680 1846.9
1282690 1847.5
1282700 1847.5
1282710 1851.0
1282720 1853.3
1282730 1853.3
1282740 1852.8
1282750 1856.5
1282760 1856.5
1282770 1858.9
1282780 1861.3
1282790 1861.3
1282800 1865.7
1282810 1873.1
1282820 1873.1
1282830 1880.7
1282840 1884.2
1282850 1884.2
1282860 1883.7
1282870 1882.6
1282880 1880.7
1282890 1880.7
1282900 1878.3
1282910 1874.1
1282920 1874.1
1282930 1865.0
1282940 1856.1
1282950 1856.1
1282960 1848.5
1282970 1843.3
1282980 1843.3
1282990 1839.8
1283000 1835.8
1283010 1835.8
1283020 1830.2
1283030 1823.4
1283040 1823.4
1283050 1819.5
1283060 1815.5
1283070 1815.5
1283080 1811.8
1283090 1807.0
1283100 1807.0
1283110 1797.4
1283120 1787.8
1283130 1787.8
1283140 1780.8
1283150 1775.9
1283160 1775.9
1283170 1768.7
1283180 1762.2
1283190 1762.2
1283200 1759.2
1283210 1758.7
1283220 1754.2
1283230 1754.2
1283240 1751.4
1283250 1747.4
1283260 1747.4
1283270 1742.6
1283280 1738.7
1283290 1738.7
1283300 1732.3
1283310 1739.5
1283320 1739.5
1283330 1739.7
1283340 1739.6
1283350 1739.6
1283360 1738.7
1283370 1738.1
1283380 1738.1
1283390 1737.3
1283400 1735.1
1283410 1735.1
1283420 1731.9
1283430 1729.9
1283440 1729.9
1283450 1728.2
1283460 1726.7
1283470 1726.7
1283480 1724.3
1283490 1723.6
1283500 1723.6
1283510 1723.2
1283520 1725.5
1283530 1725.5
1283540 1728.4
1283550 1730.6
1283560 1733.5
1283570 1733.5
1283580 1731.9
1283590 1729.2
1283600 1729.2
1283610 1727.0
1283620 1724.4
1283630 1724.4
1283640 1723.9
1283650 1724.0
1283660 1724.0
1283670 1724.4
1283680 1724.2
1283690 1724.2
1283700 1723.6
1283710 1723.1
1283720 1723.1
1283730 1722.7
1283740 1722.4
1283750 1722.4
1283760 1721.2
1283770 1720.1
1283780 1720.1
1283790 1719.9
1283800 1719.4
1283810 1719.4
1283820 1717.3
1283830 1714.5
1283840 1714.5
1283850 1712.2
1283860 1710.4
1283870 1710.4
1283880 1709.0
1283890 1708.2
1283900 1708.2
1283910 1708.3
1283920 1707.1
1283930 1705.0
1283940 1705.0
1283950 1708.8
1283960 1705.7
1283970 1705.7
1283980 1704.6
1283990 1704.4
1284000 1704.4
1284010 1703.7
1284020 1703.6
1284030 1703.6
1284040 1703.9
1284050 1703.9
1284060 1703.9
1284070 1705.2
1284080 1707.5
1284090 1707.5
1284100 1709.1
1284110 1711.4
1284120 1711.4
1284130 1714.7
1284140 1717.7
1284150 1717.7
1284160 1721.1
1284170 1723.8
1284180 1723.8
1284190 1727.6
1284200 1732.1
1284210 1732.1
1284220 1738.6
1284230 1744.9
1284240 1744.9
1284250 1757.5
1284260 1770.4
1284270 1773.5
1284280 1773.5
1284290 1781.4
1284300 1785.7
1284310 1785.7
1284320 1788.3
1284330 1793.8
1284340 1793.8
1284350 1792.0
1284360 1786.6
1284370 1786.6
1284380 1778.1
1284390 1774.5
1284400 1774.5
1284410 1777.7
1284420 1777.5
1284430 1777.5
1284440 1772.7
1284450 1770.6
1284460 1770.6
1284470 1769.0
1284480 1767.0
1284490 1767.0
1284500 1765.8
1284510 1763.5
1284520 1763.5
1284530 1763.0
1284540 1761.1
1284550 1761.1
1284560 1759.9
1284570 1759.9
1284580 1759.9
1284590 1768.1
1284600 1767.2
1284610 1766.1
1284620 1766.1
1284630 1769.3
1284640 1771.9
1284650 1771.9
1284660 1778.4
1284670 1788.1
1284680 1788.1
1284690 1797.4
1284700 1801.3
1284710 1801.3
1284720 1803.5
1284730 1808.0
1284740 1808.0
1284750 1811.1
1284760 1811.9
1284770 1811.9
1284780 1813.3
1284790 1812.8
1284800 1812.8
1284810 1810.2
1284820 1805.7
1284830 1805.7
1284840 1799.5
1284850 1793.2
1284860 1793.2
1284870 1785.8
1284880 1780.8
1284890 1780.8
1284900 1774.9
1284910 1768.0
1284920 1768.0
1284930 1760.8
1284940 1754.5
1284950 1748.0
1284960 1748.0
1284970 1742.1
1284980 1735.6
1284990 1735.6
1285000 1728.7
1285010 1720.8
1285020 1720.8
1285030 1712.9
1285040 1704.2
1285050 1704.2
1285060 1697.6
1285070 1692.0
1285080 1692.0
1285090 1686.1
1285100 1680.8
1285110 1680.8
1285120 1676.6
1285130 1671.1
1285140 1671.1
1285150 1665.2
1285160 1658.6
1285170 1658.6
1285180 1651.5
1285190 1644.3
1285200 1644.3
1285210 1636.8
1285220 1630.2
1285230 1632.7
1285240 1624.6
1285250 1617.5
1285260 1617.5
1285270 1611.2
1285280 1604.1
1285290 1604.1
1285300 1596.2
1285310 1588.9
1285320 1582.9
1285330 1582.9
1285340 1576.8
1285350 1570.6
1285360 1570.6
1285370 1565.0
1285380 1560.1
1285390 1560.1
1285400 1555.1
1285410 1549.6
1285420 1549.6
1285430 1544.2
1285440 1541.4
1285450 1541.4
1285460 1536.9
1285470 1531.7
1285480 1531.7
1285490 1527.3
1285500 1522.9
1285510 1522.9
1285520 1518.7
1285530 1514.7
1285540 1514.7
1285550 1511.0
1285560 1507.2
1285570 1507.2
1285580 1501.4
1285590 1495.1
1285600 1495.1
1285610 1494.5
1285620 1492.8
1285630 1492.8
1285640 1491.8
1285650 1490.9
1285660 1489.6
1285670 1489.6
1285680 1487.0
1285690 1483.3
1285700 1483.3
1285710 1480.4
1285720 1477.9
1285730 1477.9
1285740 1473.9
1285750 1468.9
1285760 1468.9
1285770 1467.9
1285780 1467.5
1285790 1467.5
1285800 1466.4
1285810 1466.3
1285820 1466.3
1285830 1465.4
1285840 1465.1
1285850 1465.1
1285860 1467.7
1285870 1465.6
1285880 1465.6
1285890 1465.3
1285900 1464.3
1285910 1464.3
1285920 1462.4
1285930 1461.2
1285940 1461.2
1285950 1460.9
1285960 1461.7
1285970 1461.7
1285980 1464.4
1285990 1467.9
1286000 1471.0
1286010 1471.0
1286020 1473.5
1286030 1475.8
1286040 1475.8
1286050 1476.3
1286060 1476.6
1286070 1476.6
1286080 1477.6
1286090 1478.4
1286100 1478.4
1286110 1478.6
1286120 1479.1
1286130 1479.1
1286140 1477.3
1286150 1474.8
1286160 1474.8
1286170 1472.8
1286180 1471.0
1286190 1471.0
1286200 1469.1
1286210 1468.4
1286220 1468.4
1286230 1466.9
1286240 1463.5
1286250 1463.5
1286260 1461.7
1286270 1461.2
1286280 1461.2
1286290 1461.1
1286300 1461.6
1286310 1461.6
1286320 1462.6
1286330 1463.3
1286340 1462.4
1286350 1462.4
1286360 1462.5
1286370 1464.1
1286380 1464.1
1286390 1465.6
1286400 1467.1
1286410 1467.1
1286420 1468.0
1286430 1467.6
1286440 1467.6
1286450 1466.2
1286460 1464.6
1286470 1464.6
1286480 1463.7
1286490 1463.0
1286500 1463.0
1286510 1462.7
1286520 1454.8
1286530 1454.8
1286540 1455.9
1286550 1457.9
1286560 1457.9
1286570 1460.2
1286580 1462.5
1286590 1462.5
1286600 1464.0
1286610 1465.0
1286620 1465.0
1286630 1466.6
1286640 1469.5
1286650 1469.5
1286660 1472.4
1286670 1475.6
1286680 1477.9
1286690 1477.9
1286700 1479.4
1286710 1481.5
1286720 1481.5
1286730 1484.3
1286740 1486.6
1286750 1486.6
1286760 1488.4
1286770 1487.3
1286780 1487.3
1286790 1482.9
1286800 1474.2
1286810 1474.2
1286820 1465.9
1286830 1461.8
1286840 1461.8
1286850 1460.4
1286860 1453.7
1286870 1453.7
1286880 1443.8
1286890 1438.7
1286900 1438.7
1286910 1434.7
1286920 1431.6
1286930 1431.6
1286940 1431.8
1286950 1430.7
1286960 1430.7
1286970 1427.1
1286980 1429.1
1286990 1429.1
1287000 1424.7
1287010 1416.7
1287020 1416.7
1287030 1413.1
1287040 1410.4
1287050 1412.4
1287060 1412.4
1287070 1418.6
1287080 1425.8
1287090 1425.8
1287100 1433.8
1287110 1441.5
1287120 1441.5
1287130 1449.0
1287140 1457.0
1287150 1457.0
1287160 1464.4
1287170 1466.8
1287180 1466.8
1287190 1468.6
1287200 1469.7
1287210 1469.7
1287220 1470.0
1287230 1469.4
1287240 1469.4
1287250 1468.4
1287260 1468.0
1287270 1468.0
1287280 1467.6
1287290 1466.9
1287300 1466.9
1287310 1466.0
1287320 1465.7
1287330 1465.7
1287340 1465.9
1287350 1466.0
1287360 1466.0
1287370 1465.7
1287380 1465.8
1287390 1465.9
1287400 1465.9
1287410 1466.4
1287420 1466.7
1287430 1466.7
1287440 1466.2
1287450 1465.1
1287460 1465.1
1287470 1463.7
1287480 1464.0
1287490 1464.0
1287500 1464.8
1287510 1466.4
1287520 1466.4
1287530 1467.9
1287540 1469.1
1287550 1469.1
1287560 1470.2
1287570 1470.9
1287580 1470.9
1287590 1470.9
1287600 1470.5
1287610 1470.5
1287620 1470.4
1287630 1470.0
1287640 1470.0
1287650 1468.8
1287660 1467.6
1287670 1467.6
1287680 1467.5
1287690 1466.6
1287700 1466.6
1287710 1465.6
1287720 1466.2
1287730 1466.4
1287740 1466.4
1287750 1465.5
1287760 1465.0
1287770 1465.0
1287780 1463.8
1287790 1463.0
1287800 1463.0
1287810 1456.3
1287820 1454.2
1287830 1454.2
1287840 1452.5
1287850 1450.8
1287860 1450.8
1287870 1450.9
1287880 1451.9
1287890 1451.9
1287900 1453.2
1287910 1454.0
1287920 1454.0
1287930 1453.8
1287940 1453.5
1287950 1453.5
1287960 1453.4
1287970 1453.5
1287980 1453.5
1287990 1450.6
1288000 1446.5
1288010 1446.5
1288020 1445.0
1288030 1444.6
1288040 1444.6
1288050 1443.0
1288060 1441.8
1288070 1440.6
1288080 1440.6
1288090 1440.7
1288100 1441.3
1288110 1441.3
1288120 1442.7
1288130 1444.1
1288140 1444.1
1288150 1445.6
1288160 1446.6
1288170 1446.6
1288180 1446.6
1288190 1445.3
1288200 1445.3
1288210 1442.2
1288220 1438.7
1288230 1438.7
1288240 1434.9
1288250 1432.0
1288260 1432.0
1288270 1430.3
1288280 1428.4
1288290 1428.4
1288300 1425.7
1288310 1424.6
1288320 1424.6
1288330 1423.1
1288340 1420.9
1288350 1420.9
1288360 1418.8
1288370 1416.1
1288380 1416.1
1288390 1413.5
1288400 1413.2
1288410 1413.0
1288420 1413.0
1288430 1410.6
1288440 1406.4
1288450 1406.4
1288460 1397.0
1288470 1394.9
1288480 1394.9
1288490 1393.7
1288500 1392.4
1288510 1392.4
1288520 1388.8
1288530 1387.6
1288540 1387.6
1288550 1387.3
1288560 1388.0
1288570 1388.0
1288580 1388.6
1288590 1388.2
1288600 1388.2
1288610 1385.9
1288620 1383.6
1288630 1383.6
1288640 1381.5
1288650 1378.1
1288660 1378.1
1288670 1375.8
1288680 1373.7
1288690 1373.7
1288700 1372.6
1288710 1373.7
1288720 1373.7
1288730 1373.9
1288740 1372.7
1288750 1372.7
1288760 1371.8
1288770 1371.3
1288780 1370.9
1288790 1370.9
1288800 1370.4
1288810 1369.2
1288820 1369.2
1288830 1368.4
1288840 1368.3
1288850 1368.3
1288860 1369.3
1288870 1370.7
1288880 1370.7
1288890 1370.7
1288900 1368.6
1288910 1368.6
1288920 1365.6
1288930 1362.4
1288940 1362.4
1288950 1359.1
1288960 1356.0
1288970 1356.0
1288980 1352.2
1288990 1355.4
1289000 1355.4
1289010 1359.9
1289020 1363.2
1289030 1363.2
1289040 1366.6
1289050 1370.9
1289060 1370.9
1289070 1375.3
1289080 1378.1
1289090 1378.1
1289100 1379.9
1289110 1374.9
1289120 1373.6
1289130 1373.6
1289140 1371.9
1289150 1371.2
1289160 1371.2
1289170 1371.1
1289180 1371.1
1289190 1371.1
1289200 1372.3
1289210 1374.5
1289220 1374.5
1289230 1377.5
1289240 1381.6
1289250 1381.6
1289260 1383.8
1289270 1384.5
1289280 1384.5
1289290 1385.6
1289300 1387.4
1289310 1387.4
1289320 1390.7
1289330 1390.9
1289340 1390.9
1289350 1387.2
1289360 1385.7
1289370 1385.7
1289380 1386.1
1289390 1386.9
1289400 1386.9
1289410 1384.5
1289420 1377.2
1289430 1377.2
1289440 1368.0
1289450 1359.5
1289460 1352.5
1289470 1352.5
1289480 1347.6
1289490 1336.9
1289500 1336.9
1289510 1327.8
1289520 1319.9
1289530 1319.9
1289540 1311.8
1289550 1304.0
1289560 1304.0
1289570 1296.6
1289580 1289.5
1289590 1289.5
1289600 1281.4
1289610 1273.6
1289620 1273.6
1289630 1266.7
1289640 1259.9
1289650 1259.9
1289660 1252.4
1289670 1244.8
1289680 1244.8
1289690 1237.5
1289700 1231.1
1289710 1231.1
1289720 1224.5
1289730 1218.1
1289740 1218.1
1289750 1212.3
1289760 1206.0
1289770 1203.1
1289780 1195.8
1289790 1188.6
1289800 1182.1
1289810 1182.1
1289820 1175.3
1289830 1169.8
1289840 1169.8
1289850 1165.4
1289860 1158.2
1289870 1158.2
1289880 1152.6
1289890 1146.6
1289900 1146.6
1289910 1139.4
1289920 1132.6
1289930 1132.6
1289940 1126.1
1289950 1120.5
1289960 1120.5
1289970 1115.3
1289980 1109.5
1289990 1109.5
1290000 1103.2
1290010 1097.0
1290020 1097.0
1290030 1090.2
1290040 1083.5
1290050 1083.5
1290060 1077.3
1290070 1070.9
1290080 1070.9
1290090 1064.9
1290100 1058.9
1290110 1058.9
1290120 1052.2
1290130 1042.8
1290140 1034.3
1290150 1034.3
1290160 1031.0
1290170 1029.7
1290180 1029.7
1290190 1025.5
1290200 1020.3
1290210 1020.3
1290220 1014.1
1290230 1007.3
1290240 1007.3
1290250 1001.0
1290260 993.8
1290270 993.8
1290280 981.8
1290290 974.6
1290300 974.6
1290310 970.3
1290320 965.8
1290330 965.8
1290340 961.4
1290350 957.5
1290360 957.5
1290370 954.4
1290380 950.1
1290390 950.1
1290400 945.7
1290410 940.9
1290420 940.9
1290430 931.7
1290440 925.9
1290450 925.9
1290460 921.2
1290470 920.5
1290480 920.5
1290490 920.2
1290500 920.4
1290510 920.7
1290520 920.7
1290530 923.8
1290540 928.2
1290550 928.2
1290560 934.4
1290570 940.3
1290580 940.3
1290590 944.0
1290600 950.2
1290610 950.2
1290620 955.0
1290630 958.4
1290640 958.4
1290650 962.4
1290660 967.0
1290670 967.0
1290680 972.0
1290690 977.4
1290700 977.4
1290710 982.7
1290720 987.3
1290730 987.3
1290740 992.4
1290750 997.6
1290760 997.6
1290770 1002.7
1290780 1008.1
1290790 1008.1
1290800 1014.0
1290810 1019.8
1290820 1019.8
1290830 1025.4
1290840 1031.2
1290850 1037.2
1290860 1037.2
1290870 1043.0
1290880 1048.8
1290890 1048.8
1290900 1054.7
1290910 1060.3
1290920 1060.3
1290930 1066.0
1290940 1074.3
1290950 1074.3
1290960 1083.3
1290970 1089.9
1290980 1089.9
1290990 1096.4
1291000 1103.5
1291010 1103.5
1291020 1111.9
1291030 1123.8
1291040 1123.8
1291050 1133.6
1291060 1140.7
1291070 1140.7
1291080 1147.0
1291090 1155.3
1291100 1155.3
1291110 1161.9
1291120 1168.7
1291130 1168.7
1291140 1175.2
1291150 1181.5
1291160 1181.5
1291170 1188.1
1291180 1194.8
1291190 1201.6
1291200 1201.6
1291210 1208.4
1291220 1215.4
1291230 1215.4
1291240 1222.3
1291250 1228.7
1291260 1228.7
1291270 1235.5
1291280 1243.6
1291290 1243.6
1291300 1251.7
1291310 1260.4
1291320 1260.4
1291330 1270.0
1291340 1284.1
1291350 1284.1
1291360 1302.2
1291370 1317.7
1291380 1317.7
1291390 1327.6
1291400 1334.6
1291410 1334.6
1291420 1343.2
1291430 1352.8
1291440 1352.8
1291450 1363.7
1291460 1374.3
1291470 1374.3
1291480 1383.5
1291490 1389.9
1291500 1389.9
1291510 1394.3
1291520 1397.2
1291530 1398.8
1291540 1398.8
1291550 1399.5
1291560 1400.2
1291570 1400.2
1291580 1400.9
1291590 1400.2
1291600 1400.2
1291610 1400.1
1291620 1401.5
1291630 1401.5
1291640 1402.9
1291650 1402.0
1291660 1402.0
1291670 1402.7
1291680 1403.2
1291690 1403.2
1291700 1403.7
1291710 1403.4
1291720 1403.4
1291730 1401.6
1291740 1400.3
1291750 1399.8
1291760 1400.1
1291770 1400.8
1291780 1400.8
1291790 1401.9
1291800 1403.9
1291810 1403.9
1291820 1404.7
1291830 1403.5
1291840 1403.5
1291850 1402.3
1291860 1402.7
1291870 1404.0
1291880 1404.0
1291890 1405.0
1291900 1405.6
1291910 1405.6
1291920 1405.1
1291930 1403.6
1291940 1403.6
1291950 1404.0
1291960 1406.3
1291970 1406.3
1291980 1410.6
1291990 1414.2
1292000 1414.2
1292010 1417.0
1292020 1419.2
1292030 1419.2
1292040 1420.8
1292050 1422.3
1292060 1422.3
1292070 1425.1
1292080 1428.6
1292090 1428.6
1292100 1432.6
1292110 1437.0
1292120 1437.0
1292130 1441.0
1292140 1443.0
1292150 1443.0
1292160 1443.4
1292170 1444.3
1292180 1444.3
1292190 1445.9
1292200 1446.8
1292210 1446.8
1292220 1449.8
1292230 1452.7
1292240 1453.4
1292250 1453.4
1292260 1453.8
1292270 1455.2
1292280 1455.2
1292290 1457.3
1292300 1459.1
1292310 1459.1
1292320 1460.5
1292330 1461.4
1292340 1461.4
1292350 1461.5
1292360 1461.6
1292370 1461.6
1292380 1462.3
1292390 1462.8
1292400 1462.8
1292410 1456.3
1292420 1455.5
1292430 1455.5
1292440 1456.2
1292450 1458.1
1292460 1458.1
1292470 1459.9
1292480 1461.3
1292490 1461.3
1292500 1463.3
1292510 1464.6
1292520 1464.6
1292530 1465.3
1292540 1465.9
1292550 1465.9
1292560 1466.7
1292570 1468.8
1292580 1469.7
1292590 1469.7
1292600 1469.8
1292610 1470.4
1292620 1470.4
1292630 1471.9
1292640 1475.1
1292650 1475.1
1292660 1478.5
1292670 1481.3
1292680 1481.3
1292690 1482.8
1292700 1485.1
1292710 1485.1
1292720 1489.5
1292730 1494.1
1292740 1494.1
1292750 1496.2
1292760 1497.7
1292770 1497.7
1292780 1499.1
1292790 1501.0
1292800 1501.0
1292810 1504.3
1292820 1507.2
1292830 1507.2
1292840 1508.4
1292850 1509.7
1292860 1509.7
1292870 1511.5
1292880 1512.6
1292890 1512.6
1292900 1512.1
1292910 1511.7
1292920 1512.9
1292930 1512.9
1292940 1515.5
1292950 1518.5
1292960 1518.5
1292970 1521.9
1292980 1525.3
1292990 1525.3
1293000 1527.9
1293010 1530.3
1293020 1530.3
1293030 1533.3
1293040 1536.1
1293050 1536.1
1293060 1540.3
1293070 1545.3
1293080 1545.9
1293090 1550.9
1293100 1555.2
1293110 1555.2
1293120 1557.4
1293130 1557.6
1293140 1557.6
1293150 1558.1
1293160 1560.4
1293170 1560.4
1293180 1564.9
1293190 1568.9
1293200 1568.9
1293210 1572.5
1293220 1576.4
1293230 1576.4
1293240 1580.7
1293250 1584.1
1293260 1590.3
1293270 1590.3
1293280 1596.1
1293290 1602.4
1293300 1602.4
1293310 1608.5
1293320 1613.3
1293330 1613.3
1293340 1616.9
1293350 1621.0
1293360 1621.0
1293370 1627.0
1293380 1632.8
1293390 1632.8
1293400 1636.2
1293410 1637.7
1293420 1637.7
1293430 1638.2
1293440 1638.5
1293450 1638.5
1293460 1639.4
1293470 1640.1
1293480 1640.1
1293490 1640.3
1293500 1639.9
1293510 1639.9
1293520 1639.3
1293530 1638.1
1293540 1638.1
1293550 1637.3
1293560 1636.7
1293570 1636.7
1293580 1635.6
1293590 1634.2
1293600 1631.4
1293610 1631.4
1293620 1626.1
1293630 1620.1
1293640 1620.1
1293650 1615.5
1293660 1611.2
1293670 1611.2
1293680 1606.6
1293690 1601.7
1293700 1601.7
1293710 1596.8
1293720 1592.0
1293730 1592.0
1293740 1588.1
1293750 1583.3
1293760 1583.3
1293770 1578.0
1293780 1571.9
1293790 1571.9
1293800 1566.5
1293810 1561.1
1293820 1561.1
1293830 1555.0
1293840 1549.6
1293850 1549.6
1293860 1545.5
1293870 1542.1
1293880 1542.1
1293890 1538.1
1293900 1534.9
1293910 1534.9
1293920 1531.7
1293930 1529.9
1293940 1529.9
1293950 1528.6
1293960 1528.2
1293970 1528.6
1293980 1528.6
1293990 1528.8
1294000 1528.7
1294010 1528.7
1294020 1528.5
1294030 1527.6
1294040 1527.6
1294050 1525.6
1294060 1524.5
1294070 1524.5
1294080 1524.5
1294090 1524.0
1294100 1524.0
1294110 1521.7
1294120 1520.6
1294130 1520.6
1294140 1520.1
1294150 1519.9
1294160 1519.9
1294170 1519.8
1294180 1519.0
1294190 1519.0
1294200 1519.3
1294210 1519.9
1294220 1519.9
1294230 1521.8
1294240 1523.4
1294250 1523.4
1294260 1527.1
1294270 1528.0
1294280 1528.0
1294290 1524.8
1294300 1524.2
1294310 1528.9
1294320 1528.9
1294330 1533.5
1294340 1536.1
1294350 1536.1
1294360 1537.3
1294370 1538.1
1294380 1538.1
1294390 1537.8
1294400 1535.8
1294410 1535.8
1294420 1530.2
1294430 1527.0
1294440 1527.0
1294450 1523.6
1294460 1518.8
1294470 1518.8
1294480 1513.5
1294490 1508.7
1294500 1508.7
1294510 1504.1
1294520 1500.0
1294530 1500.0
1294540 1495.0
1294550 1488.0
1294560 1488.0
1294570 1481.3
1294580 1476.1
1294590 1476.1
1294600 1477.2
1294610 1480.0
1294620 1480.0
1294630 1481.9
1294640 1484.3
1294650 1484.7
1294660 1484.7
1294670 1483.9
1294680 1482.6
1294690 1482.6
1294700 1481.1
1294710 1479.5
1294720 1479.5
1294730 1477.8
1294740 1476.0
1294750 1476.0
1294760 1474.0
1294770 1471.3
1294780 1471.3
1294790 1468.1
1294800 1464.4
1294810 1464.4
1294820 1460.9
1294830 1457.3
1294840 1457.3
1294850 1453.3
1294860 1449.5
1294870 1449.5
1294880 1445.6
1294890 1440.3
1294900 1440.3
1294910 1433.1
1294920 1425.2
1294930 1425.2
1294940 1417.4
1294950 1415.9
1294960 1415.9
1294970 1418.8
1294980 1420.9
1294990 1421.3
1295000 1421.3
1295010 1418.5
1295020 1412.8
1295030 1412.8
1295040 1406.8
1295050 1400.8
1295060 1400.8
1295070 1398.7
1295080 1407.1
1295090 1408.6
1295100 1417.5
1295110 1423.8
1295120 1423.8
1295130 1428.7
1295140 1433.0
1295150 1433.0
1295160 1437.3
1295170 1442.4
1295180 1442.4
1295190 1448.0
1295200 1453.5
1295210 1453.5
1295220 1458.3
1295230 1462.8
1295240 1462.8
1295250 1467.4
1295260 1472.3
1295270 1472.3
1295280 1478.8
1295290 1484.9
1295300 1484.9
1295310 1491.4
1295320 1498.6
1295330 1505.5
1295340 1505.5
1295350 1511.9
1295360 1518.0
1295370 1518.0
1295380 1524.7
1295390 1531.4
1295400 1531.4
1295410 1538.1
1295420 1545.2
1295430 1545.2
1295440 1551.5
1295450 1556.8
1295460 1556.8
1295470 1560.9
1295480 1565.1
1295490 1565.1
1295500 1569.6
1295510 1573.7
1295520 1573.7
1295530 1577.7
1295540 1581.2
1295550 1581.2
1295560 1584.9
1295570 1588.0
1295580 1588.0
1295590 1591.1
1295600 1593.7
1295610 1593.7
1295620 1595.9
1295630 1598.2
1295640 1598.2
1295650 1600.5
1295660 1602.4
1295670 1602.4
1295680 1604.3
1295690 1605.2
1295700 1603.0
1295710 1603.0
1295720 1607.2
1295730 1613.4
1295740 1613.4
1295750 1618.1
1295760 1625.3
1295770 1622.5
1295780 1629.1
1295790 1635.5
1295800 1635.5
1295810 1641.7
1295820 1647.1
1295830 1647.1
1295840 1652.0
1295850 1656.6
1295860 1656.6
1295870 1661.7
1295880 1667.4
1295890 1667.4
1295900 1672.8
1295910 1677.4
1295920 1677.4
1295930 1681.4
1295940 1683.2
1295950 1683.2
1295960 1686.9
1295970 1691.9
1295980 1691.9
1295990 1698.0
1296000 1706.4
1296010 1706.4
1296020 1713.8
1296030 1719.4
1296040 1726.4
1296050 1726.4
1296060 1733.6
1296070 1741.1
1296080 1741.1
1296090 1747.7
1296100 1754.7
1296110 1754.7
1296120 1761.7
1296130 1768.4
1296140 1768.4
1296150 1775.0
1296160 1782.0
1296170 1782.0
1296180 1788.9
1296190 1796.5
1296200 1796.5
1296210 1804.4
1296220 1813.2
1296230 1813.2
1296240 1822.1
1296250 1830.7
1296260 1830.7
1296270 1839.6
1296280 1847.8
1296290 1847.8
1296300 1856.4
1296310 1864.8
1296320 1864.8
1296330 1873.3
1296340 1881.8
1296350 1881.8
1296360 1891.3
1296370 1897.1
1296380 1901.7
1296390 1901.7
1296400 1908.4
1296410 1908.9
1296420 1908.9
1296430 1900.6
1296440 1892.5
1296450 1893.4
1296460 1885.5
1296470 1877.7
1296480 1877.7
1296490 1871.3
1296500 1864.1
1296510 1864.1
1296520 1857.6
1296530 1851.1
1296540 1851.1
1296550 1844.3
1296560 1837.7
1296570 1837.7
1296580 1832.1
1296590 1825.9
1296600 1825.9
1296610 1819.9
1296620 1813.9
1296630 1813.9
1296640 1809.2
1296650 1804.3
1296660 1804.3
1296670 1798.8
1296680 1793.1
1296690 1793.1
1296700 1787.4
1296710 1781.7
1296720 1776.1
1296730 1776.1
1296740 1770.0
1296750 1764.1
1296760 1764.1
1296770 1758.0
1296780 1751.9
1296790 1751.9
1296800 1746.5
1296810 1741.4
1296820 1741.4
1296830 1736.3
1296840 1731.3
1296850 1731.3
1296860 1726.9
1296870 1722.1
1296880 1722.1
1296890 1718.0
1296900 1713.3
1296910 1713.3
1296920 1708.7
1296930 1704.0
1296940 1704.0
1296950 1698.8
1296960 1693.9
1296970 1693.9
1296980 1689.4
1296990 1684.6
1297000 1684.6
1297010 1680.1
1297020 1676.4
1297030 1676.4
1297040 1672.0
1297050 1667.1
1297060 1663.7
1297070 1663.7
1297080 1661.4
1297090 1659.1
1297100 1659.1
1297110 1657.1
1297120 1655.1
1297130 1653.2
1297140 1650.9
1297150 1648.8
1297160 1648.8
1297170 1646.8
1297180 1645.3
1297190 1645.3
1297200 1643.0
1297210 1636.9
1297220 1636.9
1297230 1631.5
1297240 1625.7
1297250 1625.7
1297260 1620.7
1297270 1615.6
1297280 1615.6
1297290 1609.6
1297300 1603.8
1297310 1603.8
1297320 1599.0
1297330 1595.0
1297340 1595.0
1297350 1589.2
1297360 1582.2
1297370 1582.2
1297380 1576.1
1297390 1569.7
1297400 1569.7
1297410 1563.2
1297420 1556.5
1297430 1550.7
1297440 1550.7
1297450 1545.1
1297460 1539.0
1297470 1539.0
1297480 1533.1
1297490 1527.3
1297500 1527.3
1297510 1521.5
1297520 1515.6
1297530 1515.6
1297540 1509.5
1297550 1503.0
1297560 1503.0
1297570 1496.2
1297580 1489.1
1297590 1489.1
1297600 1482.0
1297610 1474.9
1297620 1474.9
1297630 1468.1
1297640 1461.1
1297650 1461.1
1297660 1454.1
1297670 1447.4
1297680 1447.4
1297690 1441.6
1297700 1435.7
1297710 1435.7
1297720 1430.2
1297730 1424.4
1297740 1424.4
1297750 1418.0
1297760 1411.7
1297770 1406.1
1297780 1406.1
1297790 1400.2
1297800 1394.0
1297810 1392.1
1297820 1386.1
1297830 1379.8
1297840 1379.8
1297850 1373.2
1297860 1367.2
1297870 1367.2
1297880 1362.5
1297890 1360.6
1297900 1360.6
1297910 1363.8
1297920 1369.4
1297930 1369.4
1297940 1374.4
1297950 1377.5
1297960 1377.5
1297970 1377.3
1297980 1377.9
1297990 1377.9
1298000 1377.5
1298010 1374.0
1298020 1374.0
1298030 1373.5
1298040 1372.8
1298050 1372.8
1298060 1372.8
1298070 1373.3
1298080 1373.3
1298090 1373.2
1298100 1374.8
1298110 1377.8
1298120 1377.8
1298130 1381.0
1298140 1383.9
1298150 1383.9
1298160 1387.6
1298170 1391.8
1298180 1391.8
1298190 1395.6
1298200 1399.4
1298210 1399.4
1298220 1402.9
1298230 1406.4
1298240 1406.4
1298250 1410.8
1298260 1415.1
1298270 1415.1
1298280 1419.1
1298290 1423.1
1298300 1423.1
1298310 1427.0
1298320 1430.7
1298330 1430.7
1298340 1434.6
1298350 1437.8
1298360 1437.8
1298370 1440.5
1298380 1441.6
1298390 1441.6
1298400 1438.9
1298410 1437.9
1298420 1437.9
1298430 1438.5
1298440 1438.6
1298450 1438.7
1298460 1438.7
1298470 1438.9
1298480 1439.9
1298490 1439.9
1298500 1445.5
1298510 1445.3
1298520 1445.3
1298530 1444.2
1298540 1442.9
1298550 1442.9
1298560 1441.8
1298570 1440.0
1298580 1440.0
1298590 1439.7
1298600 1439.9
1298610 1439.9
1298620 1438.8
1298630 1438.8
1298640 1438.8
1298650 1439.3
1298660 1438.6
1298670 1438.6
1298680 1439.1
1298690 1438.9
1298700 1438.9
1298710 1440.7
1298720 1442.7
1298730 1442.7
1298740 1443.6
1298750 1444.6
1298760 1444.6
1298770 1445.6
1298780 1446.1
1298790 1446.0
1298800 1446.0
1298810 1445.4
1298820 1442.8
1298830 1442.8
1298840 1439.8
1298850 1439.6
1298860 1439.6
1298870 1435.5
1298880 1435.6
1298890 1435.6
1298900 1433.2
1298910 1433.3
1298920 1433.3
1298930 1436.2
1298940 1437.7
1298950 1437.7
1298960 1437.5
1298970 1433.9
1298980 1433.9
1298990 1436.1
1299000 1437.4
1299010 1437.4
1299020 1436.7
1299030 1435.1
1299040 1435.1
1299050 1431.5
1299060 1428.4
1299070 1428.4
1299080 1424.3
1299090 1420.0
1299100 1420.0
1299110 1415.1
1299120 1410.3
1299130 1410.3
1299140 1406.7
1299150 1401.5
1299160 1395.1
1299170 1395.1
1299180 1391.6
1299190 1396.9
1299200 1396.9
1299210 1394.4
1299220 1396.4
1299230 1396.4
1299240 1396.5
1299250 1394.7
1299260 1394.7
1299270 1392.2
1299280 1389.9
1299290 1389.9
1299300 1386.8
1299310 1383.4
1299320 1383.4
1299330 1378.7
1299340 1374.8
1299350 1374.8
1299360 1376.0
1299370 1377.5
1299380 1377.5
1299390 1378.0
1299400 1377.5
1299410 1377.5
1299420 1378.1
1299430 1377.7
1299440 1377.7
1299450 1374.4
1299460 1373.1
1299470 1373.1
1299480 1368.6
1299490 1362.7
1299500 1360.8
1299510 1360.8
1299520 1360.9
1299530 1362.0
1299540 1362.0
1299550 1356.8
1299560 1356.8
1299570 1356.8
1299580 1358.8
1299590 1359.2
1299600 1359.2
1299610 1358.4
1299620 1359.9
1299630 1359.9
1299640 1360.3
1299650 1359.0
1299660 1359.0
1299670 1357.3
1299680 1357.0
1299690 1357.0
1299700 1356.0
1299710 1354.6
1299720 1354.6
1299730 1352.6
1299740 1350.1
1299750 1350.1
1299760 1346.3
1299770 1341.6
1299780 1341.6
1299790 1338.6
1299800 1335.6
1299810 1335.6
1299820 1331.7
1299830 1327.9
1299840 1324.2
1299850 1324.2
1299860 1321.0
1299870 1317.7
1299880 1320.8
1299890 1317.3
1299900 1314.5
1299910 1314.5
1299920 1311.5
1299930 1310.7
1299940 1310.7
1299950 1312.2
1299960 1312.0
1299970 1312.0
1299980 1311.9
1299990 1312.5
