1281130 1216.9
1281140 1216.9
1281150 1221.0
1281160 1226.7
1281170 1226.7
1281180 1231.5
1281190 1236.3
1281200 1236.3
1281210 1243.4
1281220 1251.1
1281230 1251.1
1281240 1257.9
1281250 1270.0
1281260 1270.0
1281270 1281.1
1281280 1289.4
1281290 1289.4
1281300 1297.8
1281310 1308.6
1281320 1308.6
1281330 1321.1
1281340 1335.0
1281350 1335.0
1281360 1350.4
1281370 1364.2
1281380 1376.0
1281390 1376.0
1281400 1387.5
1281410 1398.7
1281420 1398.7
1281430 1410.2
1281440 1421.1
1281450 1421.1
1281460 1430.7
1281470 1441.2
1281480 1441.2
1281490 1450.8
1281500 1463.0
1281510 1463.0
1281520 1475.0
1281530 1487.5
1281540 1486.9
1281550 1495.2
1281560 1502.1
1281570 1502.1
1281580 1507.0
1281590 1510.7
1281600 1510.7
1281610 1519.6
1281620 1525.2
1281630 1525.2
1281640 1533.2
1281650 1545.8
1281660 1545.8
1281670 1558.7
1281680 1568.8
1281690 1568.8
1281700 1576.1
1281710 1581.8
1281720 1581.8
1281730 1585.8
1281740 1594.5
1281750 1603.7
1281760 1603.7
1281770 1612.3
1281780 1619.6
1281790 1619.6
1281800 1626.9
1281810 1631.7
1281820 1631.7
1281830 1635.9
1281840 1643.7
1281850 1643.7
1281860 1652.9
1281870 1661.7
1281880 1661.7
1281890 1672.7
1281900 1685.0
1281910 1685.0
1281920 1694.9
1281930 1706.3
1281940 1706.3
1281950 1719.1
1281960 1727.9
1281970 1727.9
1281980 1735.9
1281990 1743.3
1282000 1743.3
1282010 1750.3
1282020 1756.2
1282030 1756.2
1282040 1765.3
1282050 1775.6
1282060 1775.6
1282070 1784.2
1282080 1792.1
1282090 1799.6
1282100 1799.6
1282110 1807.1
1282120 1815.1
1282130 1815.1
1282140 1823.6
1282150 1833.8
1282160 1833.8
1282170 1842.0
1282180 1850.6
1282190 1850.6
1282200 1856.4
1282210 1862.6
1282220 1862.6
1282230 1866.2
1282240 1862.6
1282250 1862.6
1282260 1857.2
1282270 1853.3
1282280 1853.3
1282290 1849.3
1282300 1843.6
1282310 1843.6
1282320 1839.4
1282330 1835.4
1282340 1835.4
1282350 1830.3
1282360 1824.3
1282370 1824.3
1282380 1817.7
1282390 1814.7
1282400 1814.7
1282410 1811.9
1282420 1803.6
1282430 1792.4
1282440 1792.4
1282450 1766.3
1282460 1754.3
1282470 1754.3
1282480 1749.6
1282490 1746.9
1282500 1746.9
1282510 1741.7
1282520 1737.1
1282530 1737.1
1282540 1733.0
1282550 1729.4
1282560 1729.4
1282570 1724.9
1282580 1720.9
1282590 1720.9
1282600 1717.6
1282610 1714.5
1282620 1714.5
1282630 1711.3
1282640 1707.7
1282650 1707.7
1282660 1704.8
1282670 1702.4
1282680 1702.4
1282690 1700.7
1282700 1700.3
1282710 1700.3
1282720 1700.9
1282730 1701.0
1282740 1701.0
1282750 1700.0
1282760 1698.3
1282770 1698.0
1282780 1698.0
1282790 1695.8
1282800 1692.3
1282810 1698.7
1282820 1696.0
1282830 1694.5
1282840 1694.5
1282850 1692.0
1282860 1692.5
1282870 1692.5
1282880 1692.5
1282890 1691.9
1282900 1691.9
1282910 1691.0
1282920 1682.6
1282930 1682.6
1282940 1675.0
1282950 1670.0
1282960 1670.0
1282970 1667.3
1282980 1665.6
1282990 1665.6
1283000 1663.9
1283010 1661.9
1283020 1661.9
1283030 1659.8
1283040 1657.8
1283050 1657.8
1283060 1655.4
1283070 1653.4
1283080 1653.4
1283090 1651.6
1283100 1649.9
1283110 1649.9
1283120 1648.1
1283130 1646.0
1283140 1644.1
1283150 1644.1
1283160 1642.0
1283170 1639.0
1283180 1639.0
1283190 1636.5
1283200 1635.0
1283210 1635.0
1283220 1634.3
1283230 1634.2
1283240 1634.2
1283250 1634.4
1283260 1634.8
1283270 1634.8
1283280 1634.4
1283290 1633.4
1283300 1633.4
1283310 1632.0
1283320 1631.0
1283330 1631.0
1283340 1630.0
1283350 1628.3
1283360 1628.3
1283370 1627.3
1283380 1627.7
1283390 1627.7
1283400 1628.1
1283410 1627.7
1283420 1627.7
1283430 1626.7
1283440 1630.4
1283450 1630.4
1283460 1631.0
1283470 1630.8
1283480 1629.6
1283490 1629.6
1283500 1628.3
1283510 1627.7
1283520 1627.7
1283530 1625.1
1283540 1623.9
1283550 1623.9
1283560 1623.8
1283570 1624.6
1283580 1624.6
1283590 1625.7
1283600 1626.8
1283610 1626.8
1283620 1627.0
1283630 1626.3
1283640 1626.3
1283650 1626.1
1283660 1626.1
1283670 1626.1
1283680 1627.0
1283690 1627.5
1283700 1627.5
1283710 1628.6
1283720 1628.9
1283730 1628.9
1283740 1628.7
1283750 1627.8
1283760 1627.8
1283770 1627.4
1283780 1627.5
1283790 1627.5
1283800 1626.6
1283810 1626.7
1283820 1626.7
1283830 1626.7
1283840 1626.1
1283850 1626.4
1283860 1626.4
1283870 1624.1
1283880 1623.1
1283890 1623.1
1283900 1621.7
1283910 1621.0
1283920 1621.0
1283930 1620.2
1283940 1618.1
1283950 1618.1
1283960 1617.2
1283970 1616.0
1283980 1616.0
1283990 1613.1
1284000 1613.4
1284010 1613.4
1284020 1614.2
1284030 1615.0
1284040 1615.0
1284050 1615.9
1284060 1616.4
1284070 1616.4
1284080 1624.1
1284090 1627.7
1284100 1627.7
1284110 1629.5
1284120 1628.1
1284130 1628.1
1284140 1627.3
1284150 1628.3
1284160 1630.3
1284170 1630.3
1284180 1632.9
1284190 1634.7
1284200 1634.7
1284210 1638.2
1284220 1642.5
1284230 1642.5
1284240 1647.8
1284250 1654.0
1284260 1654.0
1284270 1660.1
1284280 1665.9
1284290 1665.9
1284300 1669.8
1284310 1671.7
1284320 1671.7
1284330 1671.5
1284340 1668.2
1284350 1668.2
1284360 1663.0
1284370 1660.8
1284380 1660.8
1284390 1658.6
1284400 1654.4
1284410 1654.4
1284420 1648.9
1284430 1645.1
1284440 1645.1
1284450 1647.4
1284460 1649.5
1284470 1649.5
1284480 1646.7
1284490 1644.3
1284500 1644.3
1284510 1643.3
1284520 1642.9
1284530 1642.5
1284540 1642.5
1284550 1642.0
1284560 1641.7
1284570 1641.7
1284580 1642.2
1284590 1641.6
1284600 1641.6
1284610 1640.5
1284620 1640.2
1284630 1640.2
1284640 1640.6
1284650 1641.3
1284660 1641.3
1284670 1641.1
1284680 1640.3
1284690 1640.3
1284700 1640.1
1284710 1641.5
1284720 1647.2
1284730 1649.1
1284740 1651.4
1284750 1651.4
1284760 1652.8
1284770 1653.3
1284780 1653.3
1284790 1654.4
1284800 1656.9
1284810 1656.9
1284820 1660.1
1284830 1664.4
1284840 1664.4
1284850 1668.2
1284860 1671.9
1284870 1676.3
1284880 1676.3
1284890 1681.5
1284900 1685.0
1284910 1685.0
1284920 1684.9
1284930 1684.1
1284940 1684.1
1284950 1682.8
1284960 1681.4
1284970 1681.4
1284980 1679.7
1284990 1678.0
1285000 1678.0
1285010 1676.2
1285020 1675.4
1285030 1675.4
1285040 1675.3
1285050 1676.7
1285060 1676.7
1285070 1677.7
1285080 1679.1
1285090 1679.1
1285100 1678.3
1285110 1676.3
1285120 1676.3
1285130 1675.9
1285140 1676.0
1285150 1676.0
1285160 1675.4
1285170 1673.8
1285180 1673.8
1285190 1672.3
1285200 1667.0
1285210 1659.5
1285220 1659.5
1285230 1653.6
1285240 1648.0
1285250 1648.0
1285260 1640.7
1285270 1634.0
1285280 1634.0
1285290 1628.1
1285300 1622.1
1285310 1622.1
1285320 1615.8
1285330 1610.1
1285340 1610.1
1285350 1605.2
1285360 1598.3
1285370 1598.3
1285380 1594.3
1285390 1589.9
1285400 1589.9
1285410 1586.1
1285420 1585.0
1285430 1585.0
1285440 1585.6
1285450 1584.4
1285460 1584.4
1285470 1581.0
1285480 1578.9
1285490 1578.9
1285500 1577.8
1285510 1576.3
1285520 1576.3
1285530 1574.1
1285540 1571.7
1285550 1570.9
1285560 1570.9
1285570 1571.2
1285580 1572.1
1285590 1572.1
1285600 1572.2
1285610 1570.3
1285620 1570.3
1285630 1568.7
1285640 1567.9
1285650 1567.9
1285660 1567.6
1285670 1567.7
1285680 1567.7
1285690 1567.3
1285700 1567.8
1285710 1567.8
1285720 1569.0
1285730 1571.0
1285740 1571.0
1285750 1572.0
1285760 1574.7
1285770 1574.7
1285780 1577.6
1285790 1579.3
1285800 1579.3
1285810 1579.8
1285820 1580.0
1285830 1580.0
1285840 1579.2
1285850 1576.1
1285860 1576.1
1285870 1574.3
1285880 1573.7
1285890 1573.7
1285900 1572.7
1285910 1571.2
1285920 1570.8
1285930 1570.8
1285940 1569.0
1285950 1565.2
1285960 1565.2
1285970 1562.5
1285980 1560.5
1285990 1560.5
1286000 1556.7
1286010 1562.7
1286020 1562.7
1286030 1567.9
1286040 1573.2
1286050 1573.2
1286060 1576.6
1286070 1577.1
1286080 1577.1
1286090 1573.2
1286100 1567.8
1286110 1567.8
1286120 1563.6
1286130 1563.6
1286140 1563.6
1286150 1564.6
1286160 1564.6
1286170 1564.6
1286180 1562.6
1286190 1560.4
1286200 1560.4
1286210 1558.4
1286220 1557.7
1286230 1557.7
1286240 1555.8
1286250 1553.8
1286260 1554.1
1286270 1554.1
1286280 1556.2
1286290 1556.8
1286300 1556.8
1286310 1555.1
1286320 1554.6
1286330 1554.6
1286340 1555.1
1286350 1555.6
1286360 1555.6
1286370 1556.8
1286380 1554.8
1286390 1554.8
1286400 1549.9
1286410 1546.2
1286420 1546.2
1286430 1548.1
1286440 1552.8
1286450 1552.8
1286460 1556.3
1286470 1558.4
1286480 1558.4
1286490 1559.8
1286500 1559.6
1286510 1559.6
1286520 1560.1
1286530 1562.4
1286540 1562.4
1286550 1560.4
1286560 1556.7
1286570 1556.7
1286580 1554.2
1286590 1551.5
1286600 1551.7
1286610 1551.7
1286620 1552.2
1286630 1552.5
1286640 1552.5
1286650 1549.0
1286660 1551.9
1286670 1551.9
1286680 1554.0
1286690 1554.6
1286700 1554.6
1286710 1555.2
1286720 1556.3
1286730 1556.3
1286740 1558.7
1286750 1561.4
1286760 1561.4
1286770 1562.1
1286780 1560.7
1286790 1560.7
1286800 1559.6
1286810 1558.0
1286820 1558.0
1286830 1556.9
1286840 1555.4
1286850 1555.4
1286860 1552.7
1286870 1550.9
1286880 1550.9
1286890 1548.5
1286900 1545.4
1286910 1545.4
1286920 1541.8
1286930 1539.7
1286940 1539.4
1286950 1539.4
1286960 1539.4
1286970 1541.8
1286980 1541.8
1286990 1543.5
1287000 1544.9
1287010 1544.9
1287020 1546.0
1287030 1546.9
1287040 1546.9
1287050 1546.2
1287060 1543.2
1287070 1543.2
1287080 1542.6
1287090 1543.2
1287100 1543.2
1287110 1544.2
1287120 1544.7
1287130 1544.7
1287140 1544.4
1287150 1544.5
1287160 1544.5
1287170 1543.7
1287180 1541.2
1287190 1541.2
1287200 1542.4
1287210 1545.0
1287220 1545.0
1287230 1544.9
1287240 1548.6
1287250 1548.6
1287260 1551.8
1287270 1553.7
1287280 1553.7
1287290 1553.9
1287300 1557.9
1287310 1562.5
1287320 1562.5
1287330 1566.6
1287340 1570.8
1287350 1570.8
1287360 1574.5
1287370 1576.6
1287380 1576.6
1287390 1577.4
1287400 1578.5
1287410 1578.5
1287420 1580.1
1287430 1580.9
1287440 1580.9
1287450 1581.3
1287460 1582.0
1287470 1582.0
1287480 1583.5
1287490 1584.1
1287500 1584.1
1287510 1583.5
1287520 1582.8
1287530 1582.8
1287540 1582.4
1287550 1583.1
1287560 1583.1
1287570 1582.3
1287580 1580.1
1287590 1580.1
1287600 1575.7
1287610 1573.0
1287620 1573.0
1287630 1574.0
1287640 1574.1
1287650 1574.6
1287660 1574.6
1287670 1575.1
1287680 1575.7
1287690 1575.7
1287700 1575.8
1287710 1574.4
1287720 1574.4
1287730 1575.5
1287740 1577.1
1287750 1577.1
1287760 1579.0
1287770 1579.3
1287780 1579.3
1287790 1578.0
1287800 1575.9
1287810 1575.9
1287820 1573.1
1287830 1569.3
1287840 1569.3
1287850 1567.4
1287860 1567.3
1287870 1567.3
1287880 1569.9
1287890 1571.1
1287900 1571.1
1287910 1568.5
1287920 1567.9
1287930 1567.9
1287940 1561.8
1287950 1561.6
1287960 1561.6
1287970 1560.5
1287980 1559.9
1287990 1558.8
1288000 1558.8
1288010 1557.4
1288020 1554.6
1288030 1554.6
1288040 1549.5
1288050 1543.5
1288060 1543.5
1288070 1537.7
1288080 1534.6
1288090 1534.6
1288100 1533.9
1288110 1532.6
1288120 1532.6
1288130 1531.3
1288140 1530.8
1288150 1530.8
1288160 1530.9
1288170 1531.8
1288180 1531.8
1288190 1532.6
1288200 1531.5
1288210 1531.5
1288220 1529.0
1288230 1525.1
1288240 1525.1
1288250 1524.3
1288260 1523.5
1288270 1523.5
1288280 1518.9
1288290 1513.2
1288300 1513.2
1288310 1509.1
1288320 1506.5
1288330 1504.1
1288340 1504.1
1288350 1503.5
1288360 1504.7
1288370 1504.7
1288380 1505.1
1288390 1505.3
1288400 1505.3
1288410 1505.0
1288420 1501.7
1288430 1501.7
1288440 1497.2
1288450 1494.9
1288460 1494.9
1288470 1491.9
1288480 1487.3
1288490 1487.3
1288500 1485.2
1288510 1485.4
1288520 1485.4
1288530 1486.3
1288540 1483.8
1288550 1483.8
1288560 1480.8
1288570 1479.0
1288580 1479.0
1288590 1472.3
1288600 1472.0
1288610 1472.0
1288620 1472.3
1288630 1472.4
1288640 1472.4
1288650 1471.9
1288660 1471.0
1288670 1471.0
1288680 1471.3
1288690 1472.2
1288700 1474.1
1288710 1474.1
1288720 1476.2
1288730 1476.6
1288740 1476.6
1288750 1477.0
1288760 1477.0
1288770 1477.0
1288780 1476.8
1288790 1479.6
1288800 1479.6
1288810 1482.0
1288820 1483.1
1288830 1483.1
1288840 1481.5
1288850 1479.2
1288860 1479.2
1288870 1478.7
1288880 1477.3
1288890 1477.3
1288900 1474.8
1288910 1472.4
1288920 1472.4
1288930 1468.5
1288940 1465.1
1288950 1465.1
1288960 1464.5
1288970 1465.1
1288980 1465.1
1288990 1466.4
1289000 1467.7
1289010 1467.7
1289020 1469.3
1289030 1471.4
1289040 1473.5
1289050 1473.5
1289060 1476.0
1289070 1478.3
1289080 1478.3
1289090 1480.5
1289100 1484.0
1289110 1484.0
1289120 1487.7
1289130 1490.8
1289140 1490.8
1289150 1492.1
1289160 1490.3
1289170 1490.3
1289180 1487.7
1289190 1485.3
1289200 1485.3
1289210 1482.4
1289220 1478.8
1289230 1478.8
1289240 1475.1
1289250 1469.1
1289260 1469.1
1289270 1467.2
1289280 1464.7
1289290 1464.7
1289300 1461.8
1289310 1457.7
1289320 1457.7
1289330 1450.6
1289340 1438.3
1289350 1438.3
1289360 1429.0
1289370 1420.2
1289380 1411.3
1289390 1411.3
1289400 1402.5
1289410 1393.2
1289420 1393.2
1289430 1384.1
1289440 1377.2
1289450 1377.2
1289460 1370.2
1289470 1363.8
1289480 1363.8
1289490 1358.2
1289500 1351.8
1289510 1351.8
1289520 1345.3
1289530 1339.5
1289540 1339.5
1289550 1333.3
1289560 1325.9
1289570 1325.9
1289580 1313.5
1289590 1302.0
1289600 1302.0
1289610 1291.9
1289620 1282.4
1289630 1282.4
1289640 1273.3
1289650 1264.6
1289660 1264.6
1289670 1256.3
1289680 1247.9
1289690 1247.9
1289700 1240.3
1289710 1235.5
1289720 1231.1
1289730 1231.1
1289740 1226.8
1289750 1223.3
1289760 1223.3
1289770 1218.2
1289780 1215.2
1289790 1215.2
1289800 1212.7
1289810 1208.4
1289820 1208.4
1289830 1204.1
1289840 1199.3
1289850 1199.3
1289860 1193.3
1289870 1188.5
1289880 1188.5
1289890 1186.4
1289900 1175.3
1289910 1175.3
1289920 1172.7
1289930 1168.7
1289940 1168.7
1289950 1164.2
1289960 1161.2
1289970 1161.2
1289980 1159.4
1289990 1153.0
1290000 1153.0
1290010 1145.1
1290020 1138.3
1290030 1138.3
1290040 1131.8
1290050 1125.7
1290060 1125.7
1290070 1120.6
1290080 1115.3
1290090 1110.8
1290100 1110.8
1290110 1105.7
1290120 1099.9
1290130 1099.9
1290140 1092.9
1290150 1085.2
1290160 1085.2
1290170 1077.6
1290180 1070.0
1290190 1070.0
1290200 1063.1
1290210 1056.6
1290220 1056.6
1290230 1049.9
1290240 1042.9
1290250 1042.9
1290260 1036.1
1290270 1029.2
1290280 1029.2
1290290 1021.5
1290300 1013.2
1290310 1013.2
1290320 1005.9
1290330 999.6
1290340 999.6
1290350 993.9
1290360 988.2
1290370 988.2
1290380 982.7
1290390 976.9
1290400 976.9
1290410 972.1
1290420 967.0
1290430 962.4
1290440 962.4
1290450 957.6
1290460 953.1
1290470 953.1
1290480 946.7
1290490 938.2
1290500 938.2
1290510 930.3
1290520 922.8
1290530 922.8
1290540 917.7
1290550 916.7
1290560 916.7
1290570 917.4
1290580 917.3
1290590 917.3
1290600 919.4
1290610 924.3
1290620 924.3
1290630 930.0
1290640 937.0
1290650 937.0
1290660 943.1
1290670 949.1
1290680 949.1
1290690 955.0
1290700 960.5
1290710 960.5
1290720 965.6
1290730 970.1
1290740 970.1
1290750 974.2
1290760 978.3
1290770 982.5
1290780 982.5
1290790 986.9
1290800 991.1
1290810 991.1
1290820 995.2
1290830 999.9
1290840 999.9
1290850 1005.1
1290860 1010.4
1290870 1010.4
1290880 1015.8
1290890 1021.0
1290900 1021.0
1290910 1025.5
1290920 1029.4
1290930 1029.4
1290940 1032.2
1290950 1035.3
1290960 1035.3
1290970 1040.5
1290980 1046.9
1290990 1046.9
1291000 1053.5
1291010 1060.2
1291020 1060.2
1291030 1066.3
1291040 1074.8
1291050 1074.8
1291060 1083.4
1291070 1089.4
1291080 1089.4
1291090 1095.8
1291100 1103.4
1291110 1111.8
1291120 1111.8
1291130 1119.9
1291140 1128.7
1291150 1128.7
1291160 1137.8
1291170 1146.8
1291180 1146.8
1291190 1155.4
1291200 1163.8
1291210 1163.8
1291220 1174.7
1291230 1183.4
1291240 1183.4
1291250 1192.1
1291260 1199.5
1291270 1199.5
1291280 1206.8
1291290 1213.0
1291300 1213.0
1291310 1218.5
1291320 1224.0
1291330 1224.0
1291340 1229.4
1291350 1234.4
1291360 1234.4
1291370 1238.6
1291380 1243.0
1291390 1243.0
1291400 1247.6
1291410 1252.6
1291420 1252.6
1291430 1257.8
1291440 1262.1
1291450 1265.7
1291460 1265.7
1291470 1269.8
1291480 1274.6
1291490 1274.6
1291500 1279.3
1291510 1282.6
1291520 1282.6
1291530 1285.6
1291540 1288.8
1291550 1288.8
1291560 1291.3
1291570 1293.2
1291580 1293.2
1291590 1295.1
1291600 1297.3
1291610 1297.3
1291620 1299.2
1291630 1301.8
1291640 1301.8
1291650 1305.6
1291660 1309.7
1291670 1309.7
1291680 1313.6
1291690 1316.6
1291700 1316.6
1291710 1319.9
1291720 1324.1
1291730 1324.1
1291740 1329.1
1291750 1333.7
1291760 1333.7
1291770 1337.9
1291780 1343.5
1291790 1343.5
1291800 1350.3
1291810 1355.1
1291820 1361.2
1291830 1361.2
1291840 1367.5
1291850 1372.0
1291860 1372.0
1291870 1376.8
1291880 1381.4
1291890 1381.4
1291900 1385.1
1291910 1389.2
1291920 1389.2
1291930 1393.6
1291940 1397.8
1291950 1397.8
1291960 1402.0
1291970 1407.5
1291980 1407.5
1291990 1412.2
1292000 1417.9
1292010 1417.9
1292020 1422.9
1292030 1426.8
1292040 1426.8
1292050 1431.1
1292060 1436.1
1292070 1436.1
1292080 1441.2
1292090 1446.9
1292100 1446.9
1292110 1452.6
1292120 1456.8
1292130 1456.8
1292140 1460.3
1292150 1463.8
1292160 1467.3
1292170 1467.3
1292180 1471.6
1292190 1477.0
1292200 1477.0
1292210 1482.0
1292220 1485.3
1292230 1485.3
1292240 1488.4
1292250 1492.1
1292260 1492.1
1292270 1493.7
1292280 1493.7
1292290 1493.7
1292300 1495.0
1292310 1497.6
1292320 1497.6
1292330 1501.8
1292340 1503.6
1292350 1503.6
1292360 1503.0
1292370 1501.5
1292380 1501.5
1292390 1500.2
1292400 1499.1
1292410 1499.1
1292420 1498.6
1292430 1498.1
1292440 1498.1
1292450 1497.4
1292460 1496.9
1292470 1496.9
1292480 1496.6
1292490 1497.0
1292500 1498.8
1292510 1498.8
1292520 1498.4
1292530 1495.5
1292540 1495.5
1292550 1500.8
1292560 1498.3
1292570 1498.3
1292580 1495.1
1292590 1492.1
1292600 1492.1
1292610 1490.7
1292620 1491.2
1292630 1491.2
1292640 1492.7
1292650 1494.4
1292660 1494.4
1292670 1495.5
1292680 1496.9
1292690 1496.9
1292700 1497.8
1292710 1498.7
1292720 1498.7
1292730 1499.9
1292740 1501.0
1292750 1501.0
1292760 1501.7
1292770 1502.2
1292780 1502.2
1292790 1502.2
1292800 1502.0
1292810 1502.0
1292820 1502.2
1292830 1502.5
1292840 1503.2
1292850 1503.2
1292860 1504.2
1292870 1505.1
1292880 1505.1
1292890 1505.3
1292900 1505.6
1292910 1505.6
1292920 1504.6
1292930 1505.4
1292940 1505.4
1292950 1508.2
1292960 1511.1
1292970 1511.1
1292980 1513.2
1292990 1514.1
1293000 1514.1
1293010 1514.1
1293020 1514.3
1293030 1514.3
1293040 1514.4
1293050 1513.9
1293060 1513.9
1293070 1514.0
1293080 1514.5
1293090 1514.5
1293100 1516.6
1293110 1519.8
1293120 1519.8
1293130 1522.6
1293140 1525.9
1293150 1525.9
1293160 1530.1
1293170 1532.6
1293180 1532.6
1293190 1533.9
1293200 1535.1
1293210 1536.4
1293220 1541.7
1293230 1543.0
1293240 1544.1
1293250 1544.1
1293260 1544.4
1293270 1543.7
1293280 1543.7
1293290 1542.9
1293300 1543.3
1293310 1543.3
1293320 1543.4
1293330 1543.5
1293340 1543.5
1293350 1544.1
1293360 1546.6
1293370 1546.6
1293380 1549.3
1293390 1552.0
1293400 1552.0
1293410 1553.7
1293420 1554.9
1293430 1554.9
1293440 1556.4
1293450 1558.1
1293460 1558.1
1293470 1560.5
1293480 1564.2
1293490 1564.2
1293500 1567.3
1293510 1570.6
1293520 1570.6
1293530 1573.9
1293540 1577.9
1293550 1582.3
1293560 1582.3
1293570 1587.1
1293580 1591.3
1293590 1591.3
1293600 1595.3
1293610 1600.5
1293620 1600.5
1293630 1606.6
1293640 1614.2
1293650 1614.2
1293660 1619.0
1293670 1623.9
1293680 1623.9
1293690 1629.8
1293700 1636.0
1293710 1636.0
1293720 1639.4
1293730 1639.5
1293740 1639.5
1293750 1637.6
1293760 1635.2
1293770 1635.2
1293780 1633.7
1293790 1632.4
1293800 1632.4
1293810 1630.8
1293820 1628.0
1293830 1628.0
1293840 1626.7
1293850 1625.9
1293860 1625.9
1293870 1625.0
1293880 1618.9
1293890 1618.8
1293900 1618.8
1293910 1618.4
1293920 1617.9
1293930 1617.9
1293940 1618.1
1293950 1617.4
1293960 1617.4
1293970 1617.5
1293980 1619.0
1293990 1619.0
1294000 1619.5
1294010 1618.8
1294020 1618.8
1294030 1619.7
1294040 1621.0
1294050 1621.0
1294060 1621.4
1294070 1622.3
1294080 1622.3
1294090 1624.1
1294100 1626.2
1294110 1626.2
1294120 1628.1
1294130 1629.9
1294140 1629.9
1294150 1632.9
1294160 1636.4
1294170 1636.4
1294180 1638.8
1294190 1641.0
1294200 1641.0
1294210 1644.0
1294220 1647.2
1294230 1649.5
1294240 1649.5
1294250 1649.7
1294260 1647.4
1294270 1647.4
1294280 1644.1
1294290 1639.4
1294300 1639.4
1294310 1633.3
1294320 1627.4
1294330 1627.4
1294340 1621.5
1294350 1616.0
1294360 1616.0
1294370 1611.4
1294380 1608.6
1294390 1608.6
1294400 1603.9
1294410 1599.3
1294420 1599.3
1294430 1596.2
1294440 1594.2
1294450 1594.2
1294460 1593.3
1294470 1591.2
1294480 1591.2
1294490 1589.6
1294500 1591.3
1294510 1591.3
1294520 1592.6
1294530 1593.5
1294540 1593.5
1294550 1594.4
1294560 1588.7
1294570 1588.1
1294580 1588.1
1294590 1586.3
1294600 1582.9
1294610 1582.9
1294620 1579.0
1294630 1574.2
1294640 1574.2
1294650 1568.3
1294660 1561.9
1294670 1561.9
1294680 1555.6
1294690 1549.8
1294700 1549.8
1294710 1545.3
1294720 1542.2
1294730 1542.2
1294740 1538.0
1294750 1532.6
1294760 1532.6
1294770 1528.7
1294780 1524.0
1294790 1524.0
1294800 1518.0
1294810 1510.7
1294820 1510.7
1294830 1505.1
1294840 1507.1
1294850 1507.1
1294860 1509.9
1294870 1513.2
1294880 1513.2
1294890 1515.1
1294900 1516.2
1294910 1516.2
1294920 1516.5
1294930 1515.6
1294940 1513.3
1294950 1513.3
1294960 1509.5
1294970 1505.0
1294980 1505.0
1294990 1499.6
1295000 1493.5
1295010 1493.5
1295020 1487.2
1295030 1480.4
1295040 1480.4
1295050 1480.1
1295060 1482.6
1295070 1482.6
1295080 1481.3
1295090 1473.0
1295100 1473.0
1295110 1467.4
1295120 1474.8
1295130 1474.8
1295140 1481.9
1295150 1488.4
1295160 1488.4
1295170 1494.4
1295180 1500.1
1295190 1500.1
1295200 1504.8
1295210 1508.5
1295220 1508.5
1295230 1508.4
1295240 1512.5
1295250 1512.5
1295260 1516.3
1295270 1520.5
1295280 1524.9
1295290 1524.9
1295300 1529.3
1295310 1534.5
1295320 1534.5
1295330 1538.7
1295340 1542.6
1295350 1542.6
1295360 1547.1
1295370 1551.6
1295380 1551.6
1295390 1556.4
1295400 1561.2
1295410 1561.2
1295420 1565.7
1295430 1570.4
1295440 1570.4
1295450 1575.7
1295460 1581.0
1295470 1581.0
1295480 1586.2
1295490 1592.2
1295500 1592.2
1295510 1597.9
1295520 1602.9
1295530 1602.9
1295540 1609.7
1295550 1615.8
1295560 1615.8
1295570 1621.9
1295580 1627.3
1295590 1627.3
1295600 1632.5
1295610 1639.1
1295620 1645.2
1295630 1645.2
1295640 1651.2
1295650 1657.1
1295660 1657.1
1295670 1662.8
1295680 1669.0
1295690 1669.0
1295700 1675.4
1295710 1682.1
1295720 1682.1
1295730 1688.0
1295740 1694.0
1295750 1694.0
1295760 1699.9
1295770 1706.2
1295780 1706.2
1295790 1712.2
1295800 1718.6
1295810 1718.6
1295820 1725.6
1295830 1731.4
1295840 1731.4
1295850 1736.1
1295860 1740.0
1295870 1740.0
1295880 1743.2
1295890 1745.9
1295900 1745.9
1295910 1744.8
1295920 1747.6
1295930 1747.6
1295940 1750.6
1295950 1752.1
1295960 1750.6
1295970 1750.6
1295980 1748.5
1295990 1744.9
1296000 1744.9
1296010 1740.9
1296020 1736.8
1296030 1736.8
1296040 1738.1
1296050 1737.6
1296060 1737.6
1296070 1733.5
1296080 1727.4
1296090 1727.4
1296100 1724.4
1296110 1719.9
1296120 1719.9
1296130 1713.2
1296140 1703.6
1296150 1703.6
1296160 1701.0
1296170 1704.3
1296180 1704.3
1296190 1702.0
1296200 1691.4
1296210 1691.4
1296220 1690.1
1296230 1698.5
1296240 1698.5
1296250 1704.8
1296260 1707.0
1296270 1707.0
1296280 1706.2
1296290 1698.7
1296300 1698.7
1296310 1691.3
1296320 1691.3
1296330 1692.9
1296340 1692.9
1296350 1694.8
1296360 1693.6
1296370 1693.6
1296380 1690.4
1296390 1688.0
1296400 1688.0
1296410 1685.8
1296420 1683.4
1296430 1683.4
1296440 1682.2
1296450 1680.7
1296460 1680.7
1296470 1679.9
1296480 1679.0
1296490 1679.0
1296500 1678.7
1296510 1676.3
1296520 1676.3
1296530 1672.5
1296540 1672.2
1296550 1672.2
1296560 1674.3
1296570 1672.5
1296580 1672.5
1296590 1682.8
1296600 1683.4
1296610 1683.4
1296620 1683.2
1296630 1680.9
1296640 1680.9
1296650 1678.9
1296660 1675.2
1296670 1670.4
1296680 1670.4
1296690 1667.7
1296700 1663.5
1296710 1663.5
1296720 1662.1
1296730 1665.1
1296740 1665.1
1296750 1665.9
1296760 1667.9
1296770 1667.9
1296780 1663.9
1296790 1657.2
1296800 1657.2
1296810 1651.2
1296820 1647.3
1296830 1647.3
1296840 1645.1
1296850 1639.4
1296860 1639.4
1296870 1633.4
1296880 1630.8
1296890 1630.8
1296900 1631.2
1296910 1631.2
1296920 1631.2
1296930 1631.9
1296940 1631.4
1296950 1631.4
1296960 1630.7
1296970 1632.0
1296980 1632.0
1296990 1640.9
1297000 1643.3
1297010 1637.3
1297020 1637.3
1297030 1633.9
1297040 1632.4
1297050 1632.4
1297060 1631.0
1297070 1628.7
1297080 1628.7
1297090 1628.5
1297100 1630.0
1297110 1630.0
1297120 1629.3
1297130 1625.4
1297140 1625.4
1297150 1622.0
1297160 1625.1
1297170 1625.1
1297180 1627.2
1297190 1629.9
1297200 1629.9
1297210 1633.9
1297220 1633.6
1297230 1633.6
1297240 1637.0
1297250 1640.9
1297260 1640.9
1297270 1641.3
1297280 1637.2
1297290 1637.2
1297300 1633.2
1297310 1629.4
1297320 1629.4
1297330 1625.6
1297340 1621.3
1297350 1617.2
1297360 1617.2
1297370 1613.1
1297380 1608.4
1297390 1608.4
1297400 1603.9
1297410 1598.8
1297420 1598.8
1297430 1593.4
1297440 1587.4
1297450 1587.4
1297460 1581.2
1297470 1574.3
1297480 1574.3
1297490 1567.3
1297500 1559.8
1297510 1559.8
1297520 1552.8
1297530 1545.7
1297540 1545.7
1297550 1538.6
1297560 1531.8
1297570 1531.8
1297580 1525.1
1297590 1518.1
1297600 1518.1
1297610 1511.0
1297620 1503.5
1297630 1503.5
1297640 1496.5
1297650 1489.8
1297660 1489.8
1297670 1482.3
1297680 1474.6
1297690 1467.4
1297700 1467.4
1297710 1460.2
1297720 1452.8
1297730 1452.8
1297740 1445.7
1297750 1438.0
1297760 1438.0
1297770 1430.7
1297780 1424.1
1297790 1424.1
1297800 1417.9
1297810 1411.2
1297820 1411.2
1297830 1403.8
1297840 1397.4
1297850 1397.4
1297860 1392.8
1297870 1389.9
1297880 1389.9
1297890 1385.9
1297900 1380.6
1297910 1380.6
1297920 1375.6
1297930 1370.9
1297940 1370.9
1297950 1366.8
1297960 1361.3
1297970 1361.3
1297980 1356.8
1297990 1352.9
1298000 1352.9
1298010 1349.2
1298020 1345.5
1298030 1345.5
1298040 1341.3
1298050 1337.8
1298060 1334.3
1298070 1334.3
1298080 1326.5
1298090 1328.0
1298100 1328.0
1298110 1330.9
1298120 1330.8
1298130 1330.8
1298140 1331.4
1298150 1332.7
1298160 1332.7
1298170 1334.5
1298180 1335.9
1298190 1335.9
1298200 1335.6
1298210 1335.1
1298220 1335.1
1298230 1335.0
1298240 1337.2
1298250 1337.2
1298260 1339.1
1298270 1340.9
1298280 1340.9
1298290 1344.2
1298300 1348.3
1298310 1348.3
1298320 1352.9
1298330 1357.6
1298340 1357.6
1298350 1363.0
1298360 1368.5
1298370 1368.5
1298380 1373.7
1298390 1378.8
1298400 1383.8
1298410 1383.8
1298420 1388.6
1298430 1393.3
1298440 1393.3
1298450 1398.0
1298460 1402.3
1298470 1402.3
1298480 1404.6
1298490 1399.7
1298500 1399.7
1298510 1393.1
1298520 1387.1
1298530 1387.1
1298540 1380.9
1298550 1374.7
1298560 1374.7
1298570 1368.6
1298580 1362.7
1298590 1362.7
1298600 1357.0
1298610 1351.2
1298620 1351.2
1298630 1344.9
1298640 1336.5
1298650 1336.5
1298660 1329.4
1298670 1323.6
1298680 1323.6
1298690 1320.7
1298700 1320.3
1298710 1320.3
1298720 1321.6
1298730 1318.2
1298740 1314.1
1298750 1314.1
1298760 1311.6
1298770 1309.7
1298780 1309.7
1298790 1308.6
1298800 1307.1
1298810 1307.1
1298820 1307.8
1298830 1310.8
1298840 1310.8
1298850 1314.9
1298860 1314.8
1298870 1314.8
1298880 1309.7
1298890 1301.5
1298900 1301.5
1298910 1298.5
1298920 1294.2
1298930 1294.2
1298940 1295.2
1298950 1299.4
1298960 1299.4
1298970 1303.5
1298980 1307.1
1298990 1307.1
1299000 1308.6
1299010 1308.3
1299020 1308.3
1299030 1307.9
1299040 1308.9
1299050 1308.9
1299060 1309.7
1299070 1310.1
1299080 1310.7
1299090 1310.7
1299100 1310.3
1299110 1308.6
1299120 1308.6
1299130 1312.6
1299140 1316.6
1299150 1316.6
1299160 1315.3
1299170 1310.6
1299180 1310.6
1299190 1309.4
1299200 1306.1
1299210 1306.1
1299220 1302.2
1299230 1297.8
1299240 1297.8
1299250 1293.3
1299260 1285.3
1299270 1285.3
1299280 1272.7
1299290 1263.6
1299300 1263.6
1299310 1267.0
1299320 1270.3
1299330 1274.9
1299340 1270.6
1299350 1266.0
1299360 1266.0
1299370 1260.4
1299380 1250.7
1299390 1250.7
1299400 1240.4
1299410 1239.4
1299420 1236.6
1299430 1236.6
1299440 1238.7
1299450 1238.4
1299460 1238.4
1299470 1235.3
1299480 1234.7
1299490 1234.7
1299500 1231.9
1299510 1230.8
1299520 1230.8
1299530 1230.7
1299540 1227.8
1299550 1227.8
1299560 1227.4
1299570 1227.8
1299580 1227.8
1299590 1229.1
1299600 1229.0
1299610 1229.0
1299620 1227.7
1299630 1229.5
1299640 1229.5
1299650 1229.0
1299660 1230.9
1299670 1230.9
1299680 1232.7
1299690 1234.8
1299700 1234.8
1299710 1236.9
1299720 1237.8
1299730 1237.8
1299740 1238.7
1299750 1239.5
1299760 1239.5
1299770 1239.8
1299780 1239.4
1299790 1239.1
1299800 1239.1
1299810 1238.3
1299820 1237.2
1299830 1237.2
1299840 1234.7
1299850 1231.9
1299860 1231.9
1299870 1229.8
1299880 1226.5
1299890 1226.5
1299900 1222.9
1299910 1221.6
1299920 1221.6
1299930 1218.7
1299940 1220.7
1299950 1220.7
1299960 1226.8
1299970 1229.4
1299980 1229.4
1299990 1232.7
