1280000 1761.4
1280010 1761.4
1280020 1761.0
1280030 1761.0
1280040 1761.0
1280050 1762.8
1280060 1764.5
1280070 1758.9
1280080 1759.3
1280090 1758.6
1280100 1758.6
1280110 1758.7
1280120 1759.3
1280130 1760.1
1280140 1760.1
1280150 1761.8
1280160 1765.1
1280170 1765.1
1280180 1768.5
1280190 1770.5
1280200 1770.5
1280210 1773.0
1280220 1775.5
1280230 1775.5
1280240 1777.6
1280250 1778.7
1280260 1778.7
1280270 1779.6
1280280 1780.6
1280290 1780.6
1280300 1781.2
1280310 1781.7
1280320 1781.7
1280330 1782.8
1280340 1783.7
1280350 1783.7
1280360 1784.3
1280370 1785.9
1280380 1785.9
1280390 1788.2
1280400 1790.7
1280410 1790.7
1280420 1794.8
1280430 1799.6
1280440 1799.6
1280450 1803.2
1280460 1806.4
1280470 1809.8
1280480 1809.8
1280490 1812.9
1280500 1815.4
1280510 1815.4
1280520 1816.1
1280530 1811.4
1280540 1811.4
1280550 1805.9
1280560 1800.8
1280570 1800.8
1280580 1795.9
1280590 1789.2
1280600 1789.2
1280610 1779.4
1280620 1770.3
1280630 1770.3
1280640 1765.0
1280650 1758.7
1280660 1758.7
1280670 1751.3
1280680 1745.5
1280690 1738.2
1280700 1732.6
1280710 1726.2
1280720 1726.2
1280730 1719.4
1280740 1712.8
1280750 1712.8
1280760 1706.8
1280770 1697.9
1280780 1697.9
1280790 1687.1
1280800 1678.6
1280810 1672.4
1280820 1672.4
1280830 1666.9
1280840 1658.9
1280850 1658.9
1280860 1644.6
1280870 1629.1
1280880 1629.1
1280890 1618.7
1280900 1610.4
1280910 1610.4
1280920 1604.7
1280930 1601.1
1280940 1601.1
1280950 1598.2
1280960 1597.3
1280970 1597.3
1280980 1596.1
1280990 1594.3
1281000 1594.3
1281010 1593.9
1281020 1593.5
1281030 1593.5
1281040 1593.0
1281050 1591.9
1281060 1591.9
1281070 1590.6
1281080 1589.5
1281090 1589.5
1281100 1587.3
1281110 1584.3
1281120 1584.3
1281130 1583.8
1281140 1585.0
1281150 1586.0
1281160 1586.0
1281170 1587.0
1281180 1590.2
1281190 1590.2
1281200 1592.8
1281210 1592.8
1281220 1592.8
1281230 1590.8
1281240 1589.1
1281250 1589.1
1281260 1591.0
1281270 1593.5
1281280 1593.5
1281290 1593.6
1281300 1592.5
1281310 1592.5
1281320 1594.0
1281330 1595.4
1281340 1595.4
1281350 1596.8
1281360 1599.2
1281370 1599.2
1281380 1602.1
1281390 1605.6
1281400 1605.6
1281410 1609.3
1281420 1613.0
1281430 1613.0
1281440 1616.2
1281450 1618.9
1281460 1618.9
1281470 1621.7
1281480 1624.7
1281490 1627.4
1281500 1627.4
1281510 1630.5
1281520 1633.8
1281530 1633.8
1281540 1636.0
1281550 1637.0
1281560 1637.0
1281570 1636.5
1281580 1636.0
1281590 1636.0
1281600 1636.8
1281610 1637.7
1281620 1637.7
1281630 1638.3
1281640 1639.0
1281650 1639.0
1281660 1639.1
1281670 1638.0
1281680 1638.0
1281690 1636.5
1281700 1635.6
1281710 1635.6
1281720 1635.2
1281730 1634.9
1281740 1634.9
1281750 1634.4
1281760 1634.2
1281770 1634.2
1281780 1635.8
1281790 1638.2
1281800 1638.2
1281810 1641.4
1281820 1644.9
1281830 1644.9
1281840 1647.2
1281850 1649.5
1281860 1651.9
1281870 1651.9
1281880 1653.4
1281890 1654.2
1281900 1654.2
1281910 1655.1
1281920 1657.2
1281930 1657.2
1281940 1659.0
1281950 1653.1
1281960 1653.1
1281970 1653.1
1281980 1654.1
1281990 1654.1
1282000 1655.3
1282010 1655.0
1282020 1655.0
1282030 1655.1
1282040 1654.2
1282050 1654.2
1282060 1653.7
1282070 1654.3
1282080 1654.3
1282090 1656.1
1282100 1657.5
1282110 1657.5
1282120 1659.0
1282130 1659.6
1282140 1659.6
1282150 1660.0
1282160 1659.5
1282170 1659.5
1282180 1659.1
1282190 1659.7
1282200 1661.6
1282210 1661.6
1282220 1663.5
1282230 1663.2
1282240 1663.2
1282250 1661.9
1282260 1662.5
1282270 1662.5
1282280 1664.5
1282290 1666.9
1282300 1666.9
1282310 1669.4
1282320 1672.5
1282330 1672.5
1282340 1675.3
1282350 1678.9
1282360 1678.9
1282370 1682.3
1282380 1685.2
1282390 1685.2
1282400 1688.0
1282410 1690.3
1282420 1690.3
1282430 1692.2
1282440 1693.1
1282450 1693.1
1282460 1692.7
1282470 1694.4
1282480 1694.4
1282490 1696.4
1282500 1698.0
1282510 1698.0
1282520 1699.6
1282530 1700.9
1282540 1702.1
1282550 1702.1
1282560 1703.4
1282570 1705.0
1282580 1698.1
1282590 1699.8
1282600 1702.0
1282610 1702.0
1282620 1703.9
1282630 1706.0
1282640 1706.0
1282650 1708.5
1282660 1710.3
1282670 1710.3
1282680 1712.1
1282690 1713.3
1282700 1713.3
1282710 1714.3
1282720 1715.4
1282730 1715.4
1282740 1716.4
1282750 1717.5
1282760 1717.5
1282770 1718.9
1282780 1719.7
1282790 1719.7
1282800 1721.3
1282810 1723.0
1282820 1723.0
1282830 1724.7
1282840 1725.9
1282850 1725.9
1282860 1727.0
1282870 1728.4
1282880 1729.3
1282890 1729.3
1282900 1730.3
1282910 1731.2
1282920 1731.2
1282930 1732.0
1282940 1732.6
1282950 1732.6
1282960 1732.7
1282970 1733.5
1282980 1733.5
1282990 1734.7
1283000 1737.5
1283010 1737.5
1283020 1740.0
1283030 1739.7
1283040 1739.7
1283050 1738.1
1283060 1738.5
1283070 1738.5
1283080 1739.0
1283090 1738.4
1283100 1738.4
1283110 1737.5
1283120 1736.3
1283130 1736.3
1283140 1735.0
1283150 1732.4
1283160 1732.4
1283170 1727.8
1283180 1714.1
1283190 1714.1
1283200 1701.9
1283210 1694.2
1283220 1686.4
1283230 1686.4
1283240 1681.8
1283250 1677.7
1283260 1677.7
1283270 1675.4
1283280 1672.4
1283290 1672.4
1283300 1668.5
1283310 1664.0
1283320 1664.0
1283330 1660.2
1283340 1656.7
1283350 1656.7
1283360 1652.5
1283370 1648.6
1283380 1648.6
1283390 1645.5
1283400 1641.9
1283410 1641.9
1283420 1638.3
1283430 1635.0
1283440 1635.0
1283450 1632.9
1283460 1632.5
1283470 1632.5
1283480 1631.4
1283490 1630.9
1283500 1630.9
1283510 1631.0
1283520 1631.4
1283530 1631.4
1283540 1631.6
1283550 1632.8
1283560 1635.3
1283570 1635.3
1283580 1637.5
1283590 1638.8
1283600 1638.8
1283610 1640.2
1283620 1643.1
1283630 1643.1
1283640 1645.3
1283650 1647.1
1283660 1647.1
1283670 1649.2
1283680 1651.1
1283690 1651.1
1283700 1652.5
1283710 1653.2
1283720 1653.2
1283730 1653.7
1283740 1653.3
1283750 1653.3
1283760 1653.2
1283770 1652.8
1283780 1652.8
1283790 1652.3
1283800 1652.7
1283810 1652.7
1283820 1654.7
1283830 1657.1
1283840 1657.1
1283850 1652.7
1283860 1655.6
1283870 1655.6
1283880 1658.0
1283890 1660.6
1283900 1660.6
1283910 1662.7
1283920 1664.5
1283930 1665.8
1283940 1665.8
1283950 1666.7
1283960 1667.3
1283970 1667.3
1283980 1668.0
1283990 1668.4
1284000 1668.4
1284010 1668.8
1284020 1668.5
1284030 1668.5
1284040 1668.0
1284050 1667.7
1284060 1667.7
1284070 1667.1
1284080 1666.1
1284090 1666.1
1284100 1664.8
1284110 1663.2
1284120 1663.2
1284130 1660.9
1284140 1658.3
1284150 1658.3
1284160 1654.2
1284170 1650.6
1284180 1650.6
1284190 1649.3
1284200 1648.8
1284210 1648.8
1284220 1646.7
1284230 1643.4
1284240 1643.4
1284250 1642.8
1284260 1643.5
1284270 1644.7
1284280 1644.7
1284290 1646.1
1284300 1647.6
1284310 1647.6
1284320 1648.6
1284330 1649.2
1284340 1649.2
1284350 1649.2
1284360 1649.1
1284370 1649.1
1284380 1648.8
1284390 1648.5
1284400 1648.5
1284410 1648.0
1284420 1647.2
1284430 1647.2
1284440 1646.1
1284450 1644.5
1284460 1644.5
1284470 1643.1
1284480 1641.9
1284490 1637.3
1284500 1636.5
1284510 1635.4
1284520 1635.4
1284530 1634.2
1284540 1632.4
1284550 1632.4
1284560 1629.9
1284570 1626.7
1284580 1626.7
1284590 1623.8
1284600 1620.6
1284610 1616.3
1284620 1616.3
1284630 1611.6
1284640 1605.4
1284650 1605.4
1284660 1598.9
1284670 1591.5
1284680 1591.5
1284690 1582.6
1284700 1576.4
1284710 1576.4
1284720 1575.4
1284730 1575.5
1284740 1575.5
1284750 1575.0
1284760 1574.7
1284770 1574.7
1284780 1574.6
1284790 1574.5
1284800 1574.5
1284810 1574.4
1284820 1574.0
1284830 1574.0
1284840 1573.2
1284850 1572.2
1284860 1572.2
1284870 1570.2
1284880 1566.9
1284890 1566.9
1284900 1563.5
1284910 1560.1
1284920 1560.1
1284930 1556.9
1284940 1554.1
1284950 1551.2
1284960 1551.2
1284970 1548.2
1284980 1545.5
1284990 1545.5
1285000 1542.0
1285010 1538.2
1285020 1538.2
1285030 1534.5
1285040 1530.4
1285050 1530.4
1285060 1528.6
1285070 1528.1
1285080 1528.1
1285090 1526.6
1285100 1525.6
1285110 1525.6
1285120 1524.8
1285130 1516.5
1285140 1516.5
1285150 1514.0
1285160 1511.4
1285170 1511.4
1285180 1506.4
1285190 1501.2
1285200 1501.2
1285210 1496.9
1285220 1491.1
1285230 1491.1
1285240 1483.4
1285250 1476.5
1285260 1476.5
1285270 1471.6
1285280 1466.4
1285290 1461.0
1285300 1461.0
1285310 1455.8
1285320 1451.8
1285330 1451.8
1285340 1447.3
1285350 1442.7
1285360 1442.7
1285370 1437.9
1285380 1432.4
1285390 1432.4
1285400 1426.1
1285410 1418.9
1285420 1418.9
1285430 1411.5
1285440 1404.9
1285450 1404.9
1285460 1399.3
1285470 1392.4
1285480 1392.4
1285490 1384.6
1285500 1377.4
1285510 1377.4
1285520 1370.8
1285530 1363.9
1285540 1363.9
1285550 1355.9
1285560 1349.7
1285570 1349.7
1285580 1350.8
1285590 1350.9
1285600 1350.9
1285610 1350.7
1285620 1350.0
1285630 1348.3
1285640 1348.3
1285650 1346.2
1285660 1343.8
1285670 1343.8
1285680 1340.8
1285690 1337.4
1285700 1337.4
1285710 1334.7
1285720 1332.3
1285730 1332.3
1285740 1327.6
1285750 1324.4
1285760 1324.4
1285770 1315.1
1285780 1311.2
1285790 1311.2
1285800 1307.7
1285810 1304.9
1285820 1304.9
1285830 1302.1
1285840 1299.3
1285850 1299.3
1285860 1296.6
1285870 1293.3
1285880 1293.3
1285890 1290.4
1285900 1288.3
1285910 1288.3
1285920 1286.6
1285930 1285.7
1285940 1285.7
1285950 1284.8
1285960 1283.1
1285970 1283.1
1285980 1280.8
1285990 1278.6
1286000 1276.5
1286010 1276.5
1286020 1274.0
1286030 1271.2
1286040 1271.2
1286050 1267.5
1286060 1261.2
1286070 1261.2
1286080 1254.3
1286090 1247.1
1286100 1247.1
1286110 1240.9
1286120 1235.0
1286130 1235.0
1286140 1227.3
1286150 1219.1
1286160 1219.1
1286170 1220.8
1286180 1223.8
1286190 1223.8
1286200 1225.3
1286210 1227.2
1286220 1227.2
1286230 1228.4
1286240 1231.6
1286250 1231.6
1286260 1235.8
1286270 1240.0
1286280 1240.0
1286290 1243.2
1286300 1245.2
1286310 1245.2
1286320 1246.9
1286330 1248.3
1286340 1250.0
1286350 1250.0
1286360 1251.4
1286370 1252.4
1286380 1252.4
1286390 1253.5
1286400 1253.9
1286410 1253.9
1286420 1247.9
1286430 1247.2
1286440 1247.2
1286450 1246.2
1286460 1245.2
1286470 1245.2
1286480 1244.2
1286490 1244.3
1286500 1244.3
1286510 1244.2
1286520 1243.2
1286530 1243.2
1286540 1242.5
1286550 1241.7
1286560 1241.7
1286570 1239.9
1286580 1238.5
1286590 1238.5
1286600 1237.8
1286610 1237.3
1286620 1237.3
1286630 1236.7
1286640 1235.6
1286650 1235.6
1286660 1233.9
1286670 1232.2
1286680 1231.3
1286690 1231.3
1286700 1230.4
1286710 1229.2
1286720 1229.2
1286730 1228.3
1286740 1227.3
1286750 1227.3
1286760 1226.0
1286770 1224.8
1286780 1224.8
1286790 1223.3
1286800 1221.9
1286810 1221.9
1286820 1220.2
1286830 1217.8
1286840 1217.8
1286850 1215.4
1286860 1212.3
1286870 1212.3
1286880 1207.6
1286890 1202.1
1286900 1202.1
1286910 1197.6
1286920 1194.0
1286930 1194.0
1286940 1192.9
1286950 1192.7
1286960 1192.7
1286970 1193.8
1286980 1196.2
1286990 1196.2
1287000 1197.6
1287010 1200.4
1287020 1202.5
1287030 1202.5
1287040 1203.1
1287050 1203.2
1287060 1198.6
1287070 1198.0
1287080 1197.7
1287090 1197.7
1287100 1198.4
1287110 1199.6
1287120 1199.6
1287130 1199.9
1287140 1199.7
1287150 1199.7
1287160 1199.1
1287170 1198.7
1287180 1198.7
1287190 1198.4
1287200 1196.6
1287210 1196.6
1287220 1193.4
1287230 1191.2
1287240 1191.2
1287250 1189.5
1287260 1188.8
1287270 1188.8
1287280 1187.7
1287290 1186.0
1287300 1186.0
1287310 1184.5
1287320 1183.8
1287330 1183.8
1287340 1182.1
1287350 1182.4
1287360 1187.5
1287370 1187.5
1287380 1192.3
1287390 1193.8
1287400 1193.8
1287410 1193.2
1287420 1190.5
1287430 1190.5
1287440 1187.9
1287450 1186.4
1287460 1186.4
1287470 1186.1
1287480 1186.2
1287490 1186.2
1287500 1187.1
1287510 1187.8
1287520 1187.8
1287530 1188.0
1287540 1188.1
1287550 1188.1
1287560 1188.1
1287570 1188.4
1287580 1188.4
1287590 1188.4
1287600 1188.5
1287610 1188.5
1287620 1186.6
1287630 1185.9
1287640 1185.9
1287650 1185.8
1287660 1185.0
1287670 1185.0
1287680 1184.5
1287690 1184.2
1287700 1181.5
1287710 1174.4
1287720 1173.3
1287730 1174.3
1287740 1174.3
1287750 1175.8
1287760 1176.7
1287770 1176.7
1287780 1178.3
1287790 1180.0
1287800 1180.0
1287810 1181.2
1287820 1180.7
1287830 1180.7
1287840 1180.3
1287850 1181.2
1287860 1181.2
1287870 1183.4
1287880 1183.9
1287890 1183.9
1287900 1183.2
1287910 1182.9
1287920 1182.9
1287930 1183.6
1287940 1182.9
1287950 1182.9
1287960 1183.2
1287970 1184.3
1287980 1184.3
1287990 1185.0
1288000 1185.3
1288010 1185.3
1288020 1186.2
1288030 1186.3
1288040 1186.3
1288050 1186.1
1288060 1185.6
1288070 1185.0
1288080 1185.0
1288090 1185.2
1288100 1185.7
1288110 1185.7
1288120 1186.7
1288130 1188.0
1288140 1188.0
1288150 1188.2
1288160 1187.5
1288170 1187.5
1288180 1187.9
1288190 1190.0
1288200 1190.0
1288210 1192.6
1288220 1194.6
1288230 1194.6
1288240 1195.4
1288250 1195.4
1288260 1195.4
1288270 1195.3
1288280 1197.0
1288290 1197.0
1288300 1198.8
1288310 1199.4
1288320 1199.4
1288330 1198.9
1288340 1197.2
1288350 1197.2
1288360 1188.4
1288370 1187.0
1288380 1187.0
1288390 1184.3
1288400 1181.1
1288410 1180.0
1288420 1180.0
1288430 1179.2
1288440 1177.6
1288450 1177.6
1288460 1176.7
1288470 1175.7
1288480 1175.7
1288490 1172.3
1288500 1166.0
1288510 1166.0
1288520 1158.6
1288530 1154.9
1288540 1154.9
1288550 1153.6
1288560 1152.0
1288570 1152.0
1288580 1149.9
1288590 1146.9
1288600 1146.9
1288610 1145.2
1288620 1146.2
1288630 1146.2
1288640 1146.1
1288650 1144.0
1288660 1144.0
1288670 1141.3
1288680 1137.1
1288690 1137.1
1288700 1135.2
1288710 1135.9
1288720 1135.9
1288730 1136.6
1288740 1136.7
1288750 1136.1
1288760 1136.1
1288770 1134.6
1288780 1132.7
1288790 1132.7
1288800 1133.1
1288810 1134.5
1288820 1134.5
1288830 1134.9
1288840 1135.8
1288850 1135.8
1288860 1136.2
1288870 1136.0
1288880 1136.0
1288890 1134.7
1288900 1133.3
1288910 1133.3
1288920 1132.9
1288930 1131.9
1288940 1131.9
1288950 1128.2
1288960 1126.7
1288970 1126.7
1288980 1133.3
1288990 1135.9
1289000 1135.9
1289010 1137.0
1289020 1131.4
1289030 1131.4
1289040 1131.8
1289050 1133.3
1289060 1133.3
1289070 1134.6
1289080 1135.4
1289090 1136.5
1289100 1136.5
1289110 1138.5
1289120 1139.9
1289130 1139.9
1289140 1141.2
1289150 1142.6
1289160 1142.6
1289170 1144.0
1289180 1145.4
1289190 1145.4
1289200 1146.6
1289210 1147.5
1289220 1147.5
1289230 1148.4
1289240 1149.7
1289250 1149.7
1289260 1152.0
1289270 1154.4
1289280 1154.4
1289290 1156.3
1289300 1157.3
1289310 1157.3
1289320 1158.4
1289330 1159.4
1289340 1159.4
1289350 1161.1
1289360 1163.5
1289370 1163.5
1289380 1166.4
1289390 1168.9
1289400 1168.9
1289410 1171.4
1289420 1173.8
1289430 1176.3
1289440 1176.3
1289450 1178.7
1289460 1180.9
1289470 1180.9
1289480 1183.0
1289490 1184.3
1289500 1184.3
1289510 1185.6
1289520 1187.0
1289530 1187.0
1289540 1188.4
1289550 1189.1
1289560 1189.1
1289570 1189.3
1289580 1189.1
1289590 1189.1
1289600 1188.2
1289610 1186.6
1289620 1186.6
1289630 1184.7
1289640 1183.1
1289650 1183.1
1289660 1181.1
1289670 1173.3
1289680 1173.3
1289690 1170.4
1289700 1167.3
1289710 1167.3
1289720 1163.5
1289730 1158.8
1289740 1158.8
1289750 1154.0
1289760 1149.1
1289770 1142.3
1289780 1142.3
1289790 1132.5
1289800 1123.0
1289810 1123.0
1289820 1114.0
1289830 1105.8
1289840 1105.8
1289850 1098.0
1289860 1089.2
1289870 1089.2
1289880 1081.1
1289890 1073.4
1289900 1073.4
1289910 1065.9
1289920 1058.4
1289930 1058.4
1289940 1050.1
1289950 1041.0
1289960 1041.0
1289970 1033.9
1289980 1030.1
1289990 1030.1
1290000 1027.9
1290010 1026.0
1290020 1026.0
1290030 1023.0
1290040 1018.8
1290050 1018.8
1290060 1013.8
1290070 1008.3
1290080 1008.3
1290090 1003.3
1290100 998.7
1290110 994.1
1290120 994.1
1290130 989.3
1290140 984.4
1290150 984.4
1290160 979.7
1290170 974.9
1290180 974.9
1290190 970.0
1290200 964.6
1290210 964.6
1290220 959.6
1290230 956.2
1290240 956.2
1290250 953.6
1290260 951.9
1290270 951.9
1290280 950.5
1290290 950.5
1290300 950.5
1290310 950.5
1290320 950.5
1290330 950.5
1290340 950.6
1290350 952.3
1290360 952.3
1290370 956.4
1290380 962.6
1290390 962.6
1290400 968.6
1290410 973.2
1290420 973.2
1290430 978.3
1290440 982.5
1290450 982.5
1290460 986.6
1290470 991.1
1290480 996.3
1290490 996.3
1290500 1002.2
1290510 1009.0
1290520 1009.0
1290530 1016.1
1290540 1023.1
1290550 1023.1
1290560 1030.1
1290570 1036.9
1290580 1036.9
1290590 1043.3
1290600 1049.9
1290610 1049.9
1290620 1056.7
1290630 1061.9
1290640 1061.9
1290650 1066.3
1290660 1071.0
1290670 1071.0
1290680 1076.1
1290690 1081.2
1290700 1081.2
1290710 1085.6
1290720 1089.5
1290730 1089.5
1290740 1092.5
1290750 1095.3
1290760 1095.3
1290770 1097.6
1290780 1100.1
1290790 1100.1
1290800 1103.3
1290810 1106.5
1290820 1109.1
1290830 1109.1
1290840 1111.0
1290850 1112.5
1290860 1112.5
1290870 1114.8
1290880 1117.4
1290890 1117.4
1290900 1120.2
1290910 1123.5
1290920 1123.5
1290930 1126.8
1290940 1129.3
1290950 1129.3
1290960 1131.4
1290970 1134.2
1290980 1134.2
1290990 1130.0
1291000 1132.5
1291010 1132.5
1291020 1135.3
1291030 1138.4
1291040 1138.4
1291050 1141.7
1291060 1145.2
1291070 1145.2
1291080 1148.6
1291090 1151.8
1291100 1151.8
1291110 1154.8
1291120 1158.2
1291130 1158.2
1291140 1161.3
1291150 1164.4
1291160 1167.8
1291170 1167.8
1291180 1170.6
1291190 1172.7
1291200 1172.7
1291210 1174.8
1291220 1177.1
1291230 1177.1
1291240 1178.9
1291250 1180.7
1291260 1180.7
1291270 1182.8
1291280 1185.2
1291290 1185.2
1291300 1187.8
1291310 1190.1
1291320 1190.1
1291330 1192.8
1291340 1195.3
1291350 1195.3
1291360 1197.6
1291370 1200.3
1291380 1200.3
1291390 1203.1
1291400 1205.4
1291410 1205.4
1291420 1207.2
1291430 1209.5
1291440 1209.5
1291450 1212.6
1291460 1216.5
1291470 1216.5
1291480 1220.2
1291490 1222.8
1291500 1225.1
1291510 1225.1
1291520 1226.9
1291530 1228.5
1291540 1228.5
1291550 1230.4
1291560 1231.5
1291570 1231.5
1291580 1233.0
1291590 1235.0
1291600 1235.0
1291610 1236.8
1291620 1238.9
1291630 1238.9
1291640 1241.4
1291650 1237.1
1291660 1237.1
1291670 1238.9
1291680 1240.6
1291690 1240.6
1291700 1242.9
1291710 1246.7
1291720 1246.7
1291730 1252.7
1291740 1259.7
1291750 1259.7
1291760 1265.8
1291770 1269.2
1291780 1269.2
1291790 1271.4
1291800 1273.6
1291810 1273.6
1291820 1276.2
1291830 1280.4
1291840 1285.8
1291850 1285.8
1291860 1290.3
1291870 1294.3
1291880 1294.3
1291890 1297.8
1291900 1301.2
1291910 1301.2
1291920 1303.2
1291930 1303.3
1291940 1303.3
1291950 1302.3
1291960 1301.1
1291970 1301.1
1291980 1301.5
1291990 1302.4
1292000 1302.4
1292010 1303.4
1292020 1301.3
1292030 1301.3
1292040 1297.4
1292050 1295.7
1292060 1295.7
1292070 1295.8
1292080 1296.7
1292090 1296.7
1292100 1298.3
1292110 1302.0
1292120 1302.0
1292130 1306.1
1292140 1308.6
1292150 1308.6
1292160 1311.2
1292170 1313.4
1292180 1315.8
1292190 1315.8
1292200 1319.1
1292210 1324.3
1292220 1324.3
1292230 1327.9
1292240 1330.6
1292250 1330.6
1292260 1333.5
1292270 1336.2
1292280 1336.2
1292290 1339.1
1292300 1342.2
1292310 1339.3
1292320 1342.0
1292330 1344.8
1292340 1344.8
1292350 1346.6
1292360 1348.5
1292370 1348.5
1292380 1350.4
1292390 1351.0
1292400 1351.0
1292410 1350.8
1292420 1350.5
1292430 1350.5
1292440 1349.5
1292450 1350.2
1292460 1350.2
1292470 1352.6
1292480 1354.3
1292490 1354.3
1292500 1356.3
1292510 1358.1
1292520 1360.6
1292530 1360.6
1292540 1363.5
1292550 1366.3
1292560 1366.3
1292570 1369.6
1292580 1372.1
1292590 1372.1
1292600 1374.3
1292610 1376.2
1292620 1376.2
1292630 1379.3
1292640 1382.2
1292650 1382.2
1292660 1384.4
1292670 1387.3
1292680 1387.3
1292690 1390.9
1292700 1395.5
1292710 1395.5
1292720 1399.8
1292730 1404.2
1292740 1404.2
1292750 1408.8
1292760 1413.3
1292770 1413.3
1292780 1418.2
1292790 1421.8
1292800 1421.8
1292810 1424.4
1292820 1428.5
1292830 1428.5
1292840 1434.0
1292850 1439.5
1292860 1439.5
1292870 1445.1
1292880 1450.9
1292890 1454.9
1292900 1454.9
1292910 1459.2
1292920 1463.7
1292930 1463.7
1292940 1467.6
1292950 1471.6
1292960 1471.6
1292970 1476.6
1292980 1480.4
1292990 1480.4
1293000 1483.3
1293010 1485.5
1293020 1485.5
1293030 1489.3
1293040 1492.9
1293050 1492.9
1293060 1498.5
1293070 1506.7
1293080 1506.7
1293090 1515.3
1293100 1523.2
1293110 1523.2
1293120 1529.8
1293130 1535.0
1293140 1535.0
1293150 1541.0
1293160 1546.9
1293170 1546.9
1293180 1552.8
1293190 1559.1
1293200 1559.1
1293210 1565.5
1293220 1571.7
1293230 1577.6
1293240 1577.6
1293250 1583.7
1293260 1589.9
1293270 1589.9
1293280 1596.1
1293290 1602.3
1293300 1602.3
1293310 1608.9
1293320 1616.1
1293330 1616.1
1293340 1623.8
1293350 1630.5
1293360 1630.5
1293370 1637.1
1293380 1641.7
1293390 1641.7
1293400 1645.1
1293410 1648.7
1293420 1648.7
1293430 1651.7
1293440 1652.0
1293450 1652.0
1293460 1649.8
1293470 1646.6
1293480 1646.6
1293490 1643.5
1293500 1641.1
1293510 1641.1
1293520 1638.6
1293530 1635.2
1293540 1635.2
1293550 1630.0
1293560 1625.0
1293570 1621.5
1293580 1621.5
1293590 1616.4
1293600 1609.9
1293610 1609.9
1293620 1603.8
1293630 1597.6
1293640 1597.6
1293650 1589.0
1293660 1582.8
1293670 1582.8
1293680 1576.0
1293690 1568.0
1293700 1568.0
1293710 1560.1
1293720 1553.2
1293730 1553.2
1293740 1547.4
1293750 1542.3
1293760 1542.3
1293770 1536.0
1293780 1529.2
1293790 1529.2
1293800 1522.9
1293810 1516.4
1293820 1516.4
1293830 1508.9
1293840 1500.6
1293850 1500.6
1293860 1492.1
1293870 1484.5
1293880 1484.5
1293890 1477.9
1293900 1473.3
1293910 1468.9
1293920 1468.9
1293930 1463.8
1293940 1459.0
1293950 1459.0
1293960 1454.3
1293970 1449.2
1293980 1449.2
1293990 1444.1
1294000 1438.8
1294010 1438.8
1294020 1433.7
1294030 1428.2
1294040 1428.2
1294050 1421.9
1294060 1416.6
1294070 1416.6
1294080 1412.2
1294090 1407.4
1294100 1407.4
1294110 1403.5
1294120 1400.2
1294130 1400.2
1294140 1396.9
1294150 1393.5
1294160 1393.5
1294170 1390.2
1294180 1387.3
1294190 1387.3
1294200 1383.6
1294210 1380.7
1294220 1380.7
1294230 1380.1
1294240 1378.3
1294250 1375.0
1294260 1375.0
1294270 1375.4
1294280 1377.7
1294290 1377.7
1294300 1376.5
1294310 1373.4
1294320 1371.7
1294330 1371.1
1294340 1371.4
1294350 1371.4
1294360 1370.5
1294370 1369.3
1294380 1369.3
1294390 1368.6
1294400 1366.5
1294410 1366.5
1294420 1360.2
1294430 1355.8
1294440 1355.8
1294450 1356.8
1294460 1359.6
1294470 1359.6
1294480 1362.1
1294490 1364.1
1294500 1364.1
1294510 1366.6
1294520 1371.1
1294530 1371.1
1294540 1374.6
1294550 1375.5
1294560 1375.5
1294570 1375.7
1294580 1375.3
1294590 1374.2
1294600 1374.2
1294610 1372.9
1294620 1371.2
1294630 1371.2
1294640 1369.1
1294650 1366.5
1294660 1366.5
1294670 1363.3
1294680 1361.0
1294690 1361.0
1294700 1357.9
1294710 1353.8
1294720 1353.8
1294730 1349.8
1294740 1345.3
1294750 1345.3
1294760 1340.8
1294770 1336.0
1294780 1336.0
1294790 1328.2
1294800 1320.0
1294810 1320.0
1294820 1313.1
1294830 1309.1
1294840 1309.1
1294850 1304.2
1294860 1298.3
1294870 1298.3
1294880 1293.4
1294890 1290.9
1294900 1290.9
1294910 1289.8
1294920 1292.9
1294930 1296.5
1294940 1296.5
1294950 1302.2
1294960 1309.5
1294970 1309.5
1294980 1316.8
1294990 1329.0
1295000 1329.0
1295010 1333.1
1295020 1336.4
1295030 1336.4
1295040 1339.8
1295050 1343.4
1295060 1343.4
1295070 1347.5
1295080 1351.1
1295090 1351.1
1295100 1354.2
1295110 1357.8
1295120 1357.8
1295130 1361.4
1295140 1364.8
1295150 1364.8
1295160 1367.9
1295170 1371.0
1295180 1371.0
1295190 1374.4
1295200 1378.4
1295210 1378.4
1295220 1383.6
1295230 1389.1
1295240 1389.1
1295250 1395.1
1295260 1400.9
1295270 1400.9
1295280 1407.1
1295290 1413.8
1295300 1420.5
1295310 1420.5
1295320 1427.0
1295330 1433.5
1295340 1433.5
1295350 1439.4
1295360 1445.1
1295370 1445.1
1295380 1451.0
1295390 1457.1
1295400 1457.1
1295410 1463.0
1295420 1468.1
1295430 1468.1
1295440 1473.0
1295450 1477.8
1295460 1477.8
1295470 1483.0
1295480 1488.3
1295490 1488.3
1295500 1494.0
1295510 1499.4
1295520 1499.4
1295530 1504.9
1295540 1509.9
1295550 1509.9
1295560 1515.0
1295570 1520.6
1295580 1520.6
1295590 1525.8
1295600 1530.7
1295610 1530.7
1295620 1535.4
1295630 1539.6
1295640 1543.4
1295650 1543.4
1295660 1549.1
1295670 1553.8
1295680 1553.8
1295690 1559.6
1295700 1565.1
1295710 1565.1
1295720 1569.4
1295730 1574.6
1295740 1574.6
1295750 1582.3
1295760 1590.3
1295770 1590.3
1295780 1597.0
1295790 1603.7
1295800 1603.7
1295810 1609.8
1295820 1615.4
1295830 1615.4
1295840 1623.0
1295850 1630.3
1295860 1630.3
1295870 1636.5
1295880 1641.6
1295890 1641.6
1295900 1646.5
1295910 1652.2
1295920 1652.2
1295930 1658.5
1295940 1665.2
1295950 1665.2
1295960 1671.1
1295970 1675.8
1295980 1680.9
1295990 1680.9
1296000 1686.5
1296010 1692.9
1296020 1692.9
1296030 1699.2
1296040 1705.3
1296050 1705.3
1296060 1711.9
1296070 1718.7
1296080 1718.7
1296090 1725.9
1296100 1733.2
1296110 1733.2
1296120 1740.5
1296130 1748.4
1296140 1748.4
1296150 1755.9
1296160 1763.4
1296170 1763.4
1296180 1771.3
1296190 1779.5
1296200 1779.5
1296210 1788.3
1296220 1797.6
1296230 1797.6
1296240 1807.0
1296250 1815.4
1296260 1815.4
1296270 1823.2
1296280 1832.8
1296290 1832.8
1296300 1849.4
1296310 1873.1
1296320 1883.0
1296330 1883.0
1296340 1891.9
1296350 1898.6
1296360 1898.6
1296370 1905.5
1296380 1912.4
1296390 1912.4
1296400 1918.9
1296410 1925.3
1296420 1925.3
1296430 1931.2
1296440 1936.8
1296450 1936.8
1296460 1942.3
1296470 1947.6
1296480 1947.6
1296490 1952.5
1296500 1953.6
1296510 1953.6
1296520 1945.3
1296530 1933.4
1296540 1933.4
1296550 1922.2
1296560 1910.6
1296570 1910.6
1296580 1901.3
1296590 1889.0
1296600 1889.0
1296610 1875.5
1296620 1865.5
1296630 1865.5
1296640 1855.2
1296650 1839.5
1296660 1823.5
1296670 1823.5
1296680 1811.4
1296690 1799.8
1296700 1799.8
1296710 1788.3
1296720 1777.2
1296730 1777.2
1296740 1765.8
1296750 1754.6
1296760 1754.6
1296770 1744.3
1296780 1734.9
1296790 1734.9
1296800 1727.5
1296810 1720.2
1296820 1720.2
1296830 1711.8
1296840 1698.0
1296850 1698.0
1296860 1681.8
1296870 1671.9
1296880 1671.9
1296890 1665.3
1296900 1660.6
1296910 1660.6
1296920 1656.4
1296930 1652.0
1296940 1652.0
1296950 1647.4
1296960 1642.3
1296970 1642.3
1296980 1636.6
1296990 1630.7
1297000 1624.9
1297010 1624.9
1297020 1619.0
1297030 1612.5
1297040 1612.5
1297050 1606.1
1297060 1599.4
1297070 1599.4
1297080 1592.8
1297090 1585.8
1297100 1585.8
1297110 1577.6
1297120 1571.2
1297130 1571.2
1297140 1565.1
1297150 1559.4
1297160 1559.4
1297170 1554.5
1297180 1548.8
1297190 1548.8
1297200 1543.1
1297210 1537.5
1297220 1537.5
1297230 1532.1
1297240 1526.8
1297250 1526.8
1297260 1521.9
1297270 1517.2
1297280 1517.2
1297290 1512.6
1297300 1508.2
1297310 1508.2
1297320 1504.1
1297330 1500.7
1297340 1497.7
1297350 1497.7
1297360 1494.8
1297370 1495.6
1297380 1495.6
1297390 1496.5
1297400 1495.9
1297410 1495.9
1297420 1494.3
1297430 1492.9
1297440 1492.9
1297450 1491.7
1297460 1488.9
1297470 1488.9
1297480 1486.3
1297490 1483.2
1297500 1483.2
1297510 1480.6
1297520 1477.9
1297530 1477.9
1297540 1475.8
1297550 1473.6
1297560 1473.6
1297570 1470.5
1297580 1468.8
1297590 1468.8
1297600 1470.3
1297610 1472.4
1297620 1472.4
1297630 1473.7
1297640 1475.7
1297650 1475.7
1297660 1476.5
1297670 1475.6
1297680 1475.6
1297690 1473.4
1297700 1471.5
1297710 1474.3
1297720 1474.3
1297730 1474.8
1297740 1475.9
1297750 1475.9
1297760 1477.1
1297770 1478.8
1297780 1478.8
1297790 1481.7
1297800 1486.3
1297810 1486.3
1297820 1491.4
1297830 1495.3
1297840 1495.3
1297850 1498.0
1297860 1502.4
1297870 1502.4
1297880 1508.0
1297890 1513.4
1297900 1513.4
1297910 1517.8
1297920 1523.0
1297930 1523.0
1297940 1526.7
1297950 1531.6
1297960 1531.6
1297970 1535.7
1297980 1539.5
1297990 1539.5
1298000 1543.3
1298010 1546.5
1298020 1546.5
1298030 1550.7
1298040 1554.4
1298050 1558.0
1298060 1558.0
1298070 1563.0
1298080 1568.6
1298090 1568.6
1298100 1572.5
1298110 1579.2
1298120 1579.2
1298130 1586.0
1298140 1589.5
1298150 1589.5
1298160 1594.5
1298170 1596.0
1298180 1596.0
1298190 1598.3
1298200 1598.8
1298210 1598.8
1298220 1599.0
1298230 1599.9
1298240 1599.9
1298250 1601.3
1298260 1603.7
1298270 1603.7
1298280 1606.4
1298290 1609.6
1298300 1609.6
1298310 1612.9
1298320 1616.0
1298330 1616.0
1298340 1620.0
1298350 1624.2
1298360 1624.2
1298370 1628.8
1298380 1633.3
1298390 1643.0
1298400 1643.0
1298410 1648.4
1298420 1652.6
1298430 1652.6
1298440 1657.0
1298450 1661.3
1298460 1661.3
1298470 1665.4
1298480 1669.0
1298490 1669.0
1298500 1672.4
1298510 1674.1
1298520 1674.1
1298530 1675.3
1298540 1674.2
1298550 1674.2
1298560 1673.0
1298570 1670.2
1298580 1670.2
1298590 1666.6
1298600 1662.4
1298610 1662.4
1298620 1658.1
1298630 1653.7
1298640 1653.7
1298650 1648.7
1298660 1644.3
1298670 1644.3
1298680 1639.8
1298690 1635.1
1298700 1635.1
1298710 1631.2
1298720 1626.8
1298730 1622.3
1298740 1622.3
1298750 1617.8
1298760 1613.1
1298770 1613.1
1298780 1608.0
1298790 1602.6
1298800 1602.6
1298810 1598.3
1298820 1593.2
1298830 1593.2
1298840 1588.3
1298850 1583.6
1298860 1583.6
1298870 1578.6
1298880 1573.4
1298890 1573.4
1298900 1568.4
1298910 1563.5
1298920 1563.5
1298930 1558.3
1298940 1552.8
1298950 1552.8
1298960 1546.9
1298970 1541.2
1298980 1541.2
1298990 1535.5
1299000 1529.9
1299010 1529.9
1299020 1524.5
1299030 1518.7
1299040 1518.7
1299050 1512.5
1299060 1506.6
1299070 1501.1
1299080 1500.9
1299090 1495.4
1299100 1489.5
1299110 1489.5
1299120 1483.1
1299130 1475.8
1299140 1475.8
1299150 1469.2
1299160 1463.4
1299170 1463.4
1299180 1457.9
1299190 1452.2
1299200 1452.2
1299210 1446.3
1299220 1440.1
1299230 1440.1
1299240 1433.7
1299250 1427.5
1299260 1427.5
1299270 1421.0
1299280 1414.7
1299290 1414.7
1299300 1408.3
1299310 1401.7
1299320 1401.7
1299330 1397.4
1299340 1395.8
1299350 1395.8
1299360 1396.7
1299370 1396.9
1299380 1396.9
1299390 1395.4
1299400 1392.8
1299410 1390.1
1299420 1390.1
1299430 1387.0
1299440 1383.3
1299450 1383.3
1299460 1379.8
1299470 1375.8
1299480 1375.8
1299490 1372.5
1299500 1368.9
1299510 1368.9
1299520 1363.3
1299530 1359.5
1299540 1359.5
1299550 1356.3
1299560 1352.7
1299570 1352.7
1299580 1348.8
1299590 1344.5
1299600 1344.5
1299610 1340.1
1299620 1335.8
1299630 1335.8
1299640 1330.6
1299650 1325.4
1299660 1325.4
1299670 1322.8
1299680 1319.5
1299690 1319.5
1299700 1315.5
1299710 1311.3
1299720 1311.3
1299730 1307.5
1299740 1304.0
1299750 1301.5
1299760 1301.5
1299770 1297.8
1299780 1295.6
1299790 1295.6
1299800 1293.6
1299810 1291.7
1299820 1291.7
1299830 1289.6
1299840 1287.4
1299850 1287.4
1299860 1285.0
1299870 1282.7
1299880 1282.7
1299890 1280.9
1299900 1279.8
1299910 1279.8
1299920 1278.8
1299930 1277.8
1299940 1277.8
1299950 1276.5
1299960 1275.7
1299970 1275.7
1299980 1275.0
1299990 1275.3
