1283340 1328.9
1283350 1328.9
1283360 1329.4
1283370 1331.1
1283380 1331.1
1283390 1333.2
1283400 1335.8
1283410 1335.8
1283420 1338.5
1283430 1340.8
1283440 1340.8
1283450 1342.0
1283460 1340.5
1283470 1340.5
1283480 1338.7
1283490 1341.1
1283500 1341.1
1283510 1350.3
1283520 1352.3
1283530 1353.7
1283540 1353.7
1283550 1355.1
1283560 1356.5
1283570 1356.5
1283580 1358.5
1283590 1360.0
1283600 1360.0
1283610 1361.3
1283620 1363.0
1283630 1363.0
1283640 1365.0
1283650 1366.3
1283660 1366.3
1283670 1370.2
1283680 1373.4
1283690 1373.4
1283700 1376.1
1283710 1378.8
1283720 1378.8
1283730 1379.6
1283740 1378.3
1283750 1378.3
1283760 1375.0
1283770 1370.7
1283780 1370.7
1283790 1365.6
1283800 1360.0
1283810 1360.0
1283820 1354.5
1283830 1349.7
1283840 1349.7
1283850 1345.9
1283860 1342.8
1283870 1340.5
1283880 1340.5
1283890 1339.8
1283900 1341.1
1283910 1341.1
1283920 1343.2
1283930 1344.0
1283940 1344.0
1283950 1343.5
1283960 1343.4
1283970 1343.4
1283980 1345.1
1283990 1347.7
1284000 1347.7
1284010 1350.0
1284020 1353.1
1284030 1353.1
1284040 1356.8
1284050 1361.0
1284060 1361.0
1284070 1365.5
1284080 1370.6
1284090 1370.6
1284100 1375.8
1284110 1381.2
1284120 1381.2
1284130 1387.3
1284140 1393.8
1284150 1395.5
1284160 1401.9
1284170 1407.7
1284180 1407.7
1284190 1412.2
1284200 1415.9
1284210 1420.1
1284220 1420.1
1284230 1425.7
1284240 1432.0
1284250 1432.0
1284260 1437.3
1284270 1442.8
1284280 1442.8
1284290 1447.6
1284300 1449.8
1284310 1449.8
1284320 1449.8
1284330 1449.5
1284340 1449.5
1284350 1449.2
1284360 1447.6
1284370 1447.6
1284380 1446.0
1284390 1444.8
1284400 1444.8
1284410 1443.2
1284420 1442.2
1284430 1442.2
1284440 1440.2
1284450 1437.5
1284460 1437.5
1284470 1433.2
1284480 1428.0
1284490 1428.0
1284500 1423.0
1284510 1418.9
1284520 1418.9
1284530 1415.1
1284540 1411.7
1284550 1411.7
1284560 1408.2
1284570 1404.8
1284580 1401.0
1284590 1401.0
1284600 1396.6
1284610 1390.4
1284620 1390.4
1284630 1382.9
1284640 1375.3
1284650 1375.3
1284660 1369.8
1284670 1366.0
1284680 1366.0
1284690 1362.5
1284700 1359.2
1284710 1359.2
1284720 1355.0
1284730 1349.7
1284740 1349.7
1284750 1344.9
1284760 1340.8
1284770 1340.8
1284780 1337.6
1284790 1340.3
1284800 1340.3
1284810 1338.3
1284820 1334.4
1284830 1334.4
1284840 1329.7
1284850 1326.8
1284860 1326.8
1284870 1324.7
1284880 1324.6
1284890 1324.6
1284900 1325.4
1284910 1326.4
1284920 1325.7
1284930 1325.7
1284940 1324.2
1284950 1324.1
1284960 1324.1
1284970 1324.7
1284980 1324.9
1284990 1324.9
1285000 1323.7
1285010 1322.2
1285020 1322.2
1285030 1320.3
1285040 1317.8
1285050 1317.8
1285060 1316.3
1285070 1316.2
1285080 1316.2
1285090 1315.7
1285100 1314.7
1285110 1314.7
1285120 1313.3
1285130 1312.6
1285140 1312.6
1285150 1313.0
1285160 1312.6
1285170 1312.6
1285180 1312.3
1285190 1311.7
1285200 1311.7
1285210 1312.9
1285220 1314.7
1285230 1314.7
1285240 1316.9
1285250 1318.8
1285260 1320.6
1285270 1320.6
1285280 1322.6
1285290 1324.0
1285300 1324.0
1285310 1324.2
1285320 1323.4
1285330 1323.4
1285340 1322.3
1285350 1322.5
1285360 1322.5
1285370 1326.6
1285380 1330.7
1285390 1330.7
1285400 1332.6
1285410 1335.2
1285420 1335.2
1285430 1337.2
1285440 1339.8
1285450 1339.8
1285460 1342.7
1285470 1345.6
1285480 1345.6
1285490 1347.1
1285500 1347.4
1285510 1347.4
1285520 1347.4
1285530 1348.0
1285540 1348.0
1285550 1349.1
1285560 1350.7
1285570 1350.7
1285580 1352.7
1285590 1355.0
1285600 1355.0
1285610 1356.8
1285620 1358.3
1285630 1359.8
1285640 1359.8
1285650 1361.2
1285660 1361.7
1285670 1361.7
1285680 1361.0
1285690 1360.9
1285700 1360.9
1285710 1361.3
1285720 1361.6
1285730 1361.6
1285740 1362.1
1285750 1362.6
1285760 1362.6
1285770 1363.2
1285780 1364.5
1285790 1364.5
1285800 1366.3
1285810 1368.9
1285820 1368.9
1285830 1372.1
1285840 1374.7
1285850 1374.7
1285860 1377.1
1285870 1379.1
1285880 1379.1
1285890 1381.1
1285900 1382.9
1285910 1382.9
1285920 1385.2
1285930 1387.9
1285940 1387.9
1285950 1390.6
1285960 1392.7
1285970 1393.5
1285980 1393.5
1285990 1394.3
1286000 1396.7
1286010 1396.7
1286020 1400.1
1286030 1403.8
1286040 1403.8
1286050 1407.2
1286060 1409.7
1286070 1406.5
1286080 1409.1
1286090 1411.2
1286100 1411.2
1286110 1412.8
1286120 1414.0
1286130 1414.0
1286140 1414.9
1286150 1416.4
1286160 1416.4
1286170 1418.5
1286180 1420.4
1286190 1420.4
1286200 1421.7
1286210 1421.9
1286220 1421.9
1286230 1421.0
1286240 1420.5
1286250 1420.5
1286260 1420.6
1286270 1421.2
1286280 1421.2
1286290 1421.8
1286300 1422.9
1286310 1424.0
1286320 1424.0
1286330 1424.9
1286340 1425.7
1286350 1425.7
1286360 1426.5
1286370 1427.5
1286380 1427.5
1286390 1428.4
1286400 1429.2
1286410 1429.2
1286420 1429.6
1286430 1429.8
1286440 1429.8
1286450 1430.3
1286460 1430.4
1286470 1430.4
1286480 1430.5
1286490 1430.8
1286500 1430.8
1286510 1431.0
1286520 1431.3
1286530 1431.3
1286540 1431.5
1286550 1431.6
1286560 1431.6
1286570 1431.7
1286580 1431.9
1286590 1431.9
1286600 1432.0
1286610 1432.2
1286620 1432.2
1286630 1432.4
1286640 1432.6
1286650 1432.6
1286660 1432.8
1286670 1433.8
1286680 1436.4
1286690 1436.4
1286700 1438.6
1286710 1438.4
1286720 1439.8
1286730 1439.9
1286740 1440.6
1286750 1440.6
1286760 1442.1
1286770 1443.2
1286780 1443.2
1286790 1444.0
1286800 1444.4
1286810 1444.4
1286820 1445.1
1286830 1445.7
1286840 1445.7
1286850 1445.8
1286860 1444.9
1286870 1444.9
1286880 1442.9
1286890 1440.8
1286900 1440.8
1286910 1438.2
1286920 1434.4
1286930 1434.4
1286940 1431.4
1286950 1431.0
1286960 1431.0
1286970 1431.9
1286980 1432.2
1286990 1432.2
1287000 1431.4
1287010 1428.9
1287020 1425.7
1287030 1425.7
1287040 1423.2
1287050 1420.1
1287060 1420.1
1287070 1418.4
1287080 1416.4
1287090 1416.4
1287100 1413.9
1287110 1411.5
1287120 1411.5
1287130 1409.5
1287140 1408.9
1287150 1408.9
1287160 1407.8
1287170 1405.1
1287180 1405.1
1287190 1403.8
1287200 1403.1
1287210 1403.1
1287220 1403.5
1287230 1403.5
1287240 1403.5
1287250 1403.6
1287260 1402.9
1287270 1402.9
1287280 1403.4
1287290 1403.7
1287300 1403.7
1287310 1403.5
1287320 1404.7
1287330 1404.7
1287340 1406.5
1287350 1407.8
1287360 1408.4
1287370 1420.8
1287380 1425.1
1287390 1424.2
1287400 1424.2
1287410 1426.6
1287420 1429.5
1287430 1429.5
1287440 1428.1
1287450 1427.7
1287460 1427.7
1287470 1431.3
1287480 1434.6
1287490 1434.6
1287500 1433.9
1287510 1430.3
1287520 1430.3
1287530 1427.8
1287540 1425.5
1287550 1425.5
1287560 1424.4
1287570 1424.7
1287580 1424.7
1287590 1425.8
1287600 1429.7
1287610 1429.7
1287620 1432.1
1287630 1431.8
1287640 1431.8
1287650 1431.7
1287660 1432.5
1287670 1432.5
1287680 1433.1
1287690 1435.1
1287700 1435.1
1287710 1437.2
1287720 1437.7
1287730 1437.1
1287740 1437.1
1287750 1434.1
1287760 1431.5
1287770 1431.5
1287780 1429.6
1287790 1427.0
1287800 1427.0
1287810 1423.4
1287820 1420.5
1287830 1420.5
1287840 1418.7
1287850 1416.9
1287860 1416.9
1287870 1414.6
1287880 1412.1
1287890 1412.1
1287900 1409.7
1287910 1407.8
1287920 1407.8
1287930 1405.6
1287940 1402.5
1287950 1402.5
1287960 1399.3
1287970 1396.3
1287980 1396.3
1287990 1392.7
1288000 1389.1
1288010 1389.1
1288020 1391.5
1288030 1389.9
1288040 1389.9
1288050 1388.1
1288060 1385.9
1288070 1383.3
1288080 1383.3
1288090 1381.0
1288100 1379.3
1288110 1379.3
1288120 1377.8
1288130 1375.4
1288140 1375.4
1288150 1373.5
1288160 1371.0
1288170 1371.0
1288180 1367.9
1288190 1364.9
1288200 1364.9
1288210 1361.7
1288220 1357.4
1288230 1357.4
1288240 1356.5
1288250 1356.5
1288260 1356.5
1288270 1358.8
1288280 1360.1
1288290 1360.1
1288300 1361.0
1288310 1362.4
1288320 1362.4
1288330 1363.8
1288340 1365.2
1288350 1365.2
1288360 1366.7
1288370 1368.6
1288380 1368.6
1288390 1370.3
1288400 1371.3
1288410 1373.1
1288420 1373.1
1288430 1374.6
1288440 1375.5
1288450 1375.5
1288460 1377.8
1288470 1378.8
1288480 1378.8
1288490 1379.7
1288500 1381.0
1288510 1381.0
1288520 1381.7
1288530 1383.0
1288540 1383.0
1288550 1381.0
1288560 1378.4
1288570 1378.4
1288580 1376.6
1288590 1374.9
1288600 1374.9
1288610 1373.0
1288620 1366.7
1288630 1366.7
1288640 1367.5
1288650 1367.1
1288660 1367.1
1288670 1373.6
1288680 1371.7
1288690 1371.7
1288700 1370.5
1288710 1364.8
1288720 1364.8
1288730 1363.9
1288740 1363.8
1288750 1363.8
1288760 1365.8
1288770 1367.1
1288780 1366.9
1288790 1366.9
1288800 1364.7
1288810 1362.8
1288820 1362.8
1288830 1361.0
1288840 1358.7
1288850 1358.7
1288860 1355.5
1288870 1353.3
1288880 1353.3
1288890 1350.7
1288900 1348.1
1288910 1348.1
1288920 1346.6
1288930 1344.8
1288940 1344.8
1288950 1343.3
1288960 1341.9
1288970 1341.9
1288980 1341.0
1288990 1340.2
1289000 1340.2
1289010 1338.5
1289020 1337.9
1289030 1337.9
1289040 1337.7
1289050 1336.4
1289060 1336.4
1289070 1334.6
1289080 1332.5
1289090 1332.5
1289100 1329.6
1289110 1326.9
1289120 1325.1
1289130 1325.1
1289140 1322.7
1289150 1320.3
1289160 1320.3
1289170 1317.4
1289180 1312.9
1289190 1312.9
1289200 1308.0
1289210 1304.7
1289220 1304.7
1289230 1303.0
1289240 1300.8
1289250 1300.8
1289260 1298.1
1289270 1294.7
1289280 1294.7
1289290 1291.1
1289300 1288.1
1289310 1288.1
1289320 1291.5
1289330 1289.7
1289340 1289.7
1289350 1288.0
1289360 1286.2
1289370 1286.2
1289380 1283.4
1289390 1280.3
1289400 1280.3
1289410 1277.8
1289420 1274.8
1289430 1274.8
1289440 1271.7
1289450 1269.3
1289460 1267.2
1289470 1267.2
1289480 1265.4
1289490 1263.9
1289500 1263.9
1289510 1262.0
1289520 1260.4
1289530 1260.4
1289540 1259.6
1289550 1259.6
1289560 1259.6
1289570 1259.8
1289580 1259.3
1289590 1259.3
1289600 1257.6
1289610 1254.7
1289620 1254.7
1289630 1250.5
1289640 1244.8
1289650 1244.8
1289660 1240.4
1289670 1237.7
1289680 1237.7
1289690 1235.5
1289700 1233.1
1289710 1233.1
1289720 1230.9
1289730 1228.8
1289740 1228.8
1289750 1226.4
1289760 1224.4
1289770 1224.4
1289780 1222.6
1289790 1220.9
1289800 1220.9
1289810 1219.3
1289820 1217.4
1289830 1215.3
1289840 1215.3
1289850 1211.9
1289860 1208.5
1289870 1208.5
1289880 1204.8
1289890 1201.5
1289900 1201.5
1289910 1198.0
1289920 1191.7
1289930 1191.7
1289940 1188.0
1289950 1185.6
1289960 1185.6
1289970 1182.6
1289980 1178.9
1289990 1178.9
1290000 1174.1
1290010 1170.3
1290020 1170.3
1290030 1167.1
1290040 1158.0
1290050 1158.0
1290060 1149.2
1290070 1140.8
1290080 1140.8
1290090 1132.6
1290100 1124.9
1290110 1124.9
1290120 1117.6
1290130 1111.3
1290140 1111.3
1290150 1105.9
1290160 1099.9
1290170 1093.8
1290180 1093.8
1290190 1088.3
1290200 1082.5
1290210 1082.5
1290220 1076.1
1290230 1070.8
1290240 1070.8
1290250 1065.9
1290260 1062.0
1290270 1062.0
1290280 1060.3
1290290 1056.9
1290300 1056.9
1290310 1048.8
1290320 1042.3
1290330 1042.3
1290340 1034.0
1290350 1021.0
1290360 1021.0
1290370 1010.8
1290380 1001.5
1290390 1001.5
1290400 993.1
1290410 985.5
1290420 985.5
1290430 979.3
1290440 973.4
1290450 973.4
1290460 966.9
1290470 960.5
1290480 960.5
1290490 954.9
1290500 950.0
1290510 945.0
1290520 945.0
1290530 939.9
1290540 934.6
1290550 934.6
1290560 929.1
1290570 923.3
1290580 923.3
1290590 916.9
1290600 910.5
1290610 910.5
1290620 906.0
1290630 904.1
1290640 904.3
1290650 904.5
1290660 907.0
1290670 907.0
1290680 909.9
1290690 912.9
1290700 912.9
1290710 920.1
1290720 927.9
1290730 927.9
1290740 935.3
1290750 942.7
1290760 942.7
1290770 949.7
1290780 955.3
1290790 955.3
1290800 962.2
1290810 970.2
1290820 970.2
1290830 977.4
1290840 985.7
1290850 985.7
1290860 993.9
1290870 1002.7
1290880 1009.9
1290890 1009.9
1290900 1017.8
1290910 1025.7
1290920 1025.7
1290930 1033.1
1290940 1039.9
1290950 1039.9
1290960 1047.4
1290970 1055.3
1290980 1055.3
1290990 1062.9
1291000 1070.3
1291010 1070.3
1291020 1077.5
1291030 1085.4
1291040 1085.4
1291050 1094.0
1291060 1102.7
1291070 1102.7
1291080 1111.3
1291090 1120.3
1291100 1120.3
1291110 1128.1
1291120 1136.7
1291130 1136.7
1291140 1145.4
1291150 1155.0
1291160 1155.0
1291170 1167.8
1291180 1179.7
1291190 1179.7
1291200 1189.4
1291210 1199.7
1291220 1211.3
1291230 1211.3
1291240 1221.4
1291250 1232.3
1291260 1232.3
1291270 1253.0
1291280 1265.7
1291290 1265.7
1291300 1274.6
1291310 1282.6
1291320 1282.6
1291330 1287.6
1291340 1287.8
1291350 1287.8
1291360 1287.3
1291370 1287.4
1291380 1287.4
1291390 1286.4
1291400 1285.7
1291410 1285.7
1291420 1284.7
1291430 1283.8
1291440 1283.8
1291450 1285.6
1291460 1288.3
1291470 1288.3
1291480 1288.0
1291490 1287.9
1291500 1287.9
1291510 1288.7
1291520 1288.7
1291530 1288.7
1291540 1289.4
1291550 1292.3
1291560 1295.7
1291570 1295.7
1291580 1298.3
1291590 1299.9
1291600 1299.9
1291610 1301.1
1291620 1302.2
1291630 1302.2
1291640 1303.6
1291650 1304.9
1291660 1304.9
1291670 1305.9
1291680 1306.4
1291690 1306.4
1291700 1306.7
1291710 1306.5
1291720 1306.5
1291730 1307.2
1291740 1308.3
1291750 1308.3
1291760 1309.2
1291770 1310.3
1291780 1310.3
1291790 1311.4
1291800 1312.1
1291810 1312.1
1291820 1312.0
1291830 1312.4
1291840 1312.4
1291850 1313.1
1291860 1313.7
1291870 1313.7
1291880 1314.7
1291890 1315.9
1291900 1315.9
1291910 1319.0
1291920 1322.8
1291930 1326.3
1291940 1326.3
1291950 1329.7
1291960 1334.2
1291970 1334.2
1291980 1337.9
1291990 1341.3
1292000 1341.3
1292010 1344.2
1292020 1346.3
1292030 1346.3
1292040 1346.9
1292050 1343.4
1292060 1343.4
1292070 1339.7
1292080 1337.4
1292090 1337.4
1292100 1335.1
1292110 1332.7
1292120 1332.7
1292130 1330.2
1292140 1328.7
1292150 1328.7
1292160 1326.7
1292170 1321.3
1292180 1321.3
1292190 1317.6
1292200 1314.0
1292210 1314.0
1292220 1311.0
1292230 1310.2
1292240 1310.2
1292250 1309.1
1292260 1308.4
1292270 1307.9
1292280 1307.9
1292290 1306.5
1292300 1305.9
1292310 1305.9
1292320 1305.4
1292330 1304.5
1292340 1304.5
1292350 1303.8
1292360 1303.4
1292370 1303.4
1292380 1303.0
1292390 1302.2
1292400 1302.2
1292410 1299.2
1292420 1296.3
1292430 1296.3
1292440 1296.7
1292450 1298.0
1292460 1298.0
1292470 1296.8
1292480 1293.2
1292490 1293.2
1292500 1288.9
1292510 1289.4
1292520 1289.4
1292530 1293.7
1292540 1299.2
1292550 1299.2
1292560 1304.5
1292570 1310.5
1292580 1310.5
1292590 1316.3
1292600 1317.7
1292610 1319.1
1292620 1321.9
1292630 1324.0
1292640 1325.2
1292650 1325.2
1292660 1327.1
1292670 1329.2
1292680 1329.2
1292690 1331.1
1292700 1332.7
1292710 1332.7
1292720 1333.9
1292730 1335.7
1292740 1335.7
1292750 1338.1
1292760 1341.0
1292770 1341.0
1292780 1344.1
1292790 1346.2
1292800 1346.2
1292810 1346.7
1292820 1346.0
1292830 1346.0
1292840 1345.3
1292850 1347.1
1292860 1347.1
1292870 1348.6
1292880 1349.5
1292890 1349.5
1292900 1351.0
1292910 1355.1
1292920 1355.1
1292930 1359.0
1292940 1362.7
1292950 1362.7
1292960 1366.6
1292970 1370.7
1292980 1374.1
1292990 1374.1
1293000 1376.8
1293010 1379.1
1293020 1379.1
1293030 1381.2
1293040 1383.1
1293050 1383.1
1293060 1384.8
1293070 1386.4
1293080 1386.4
1293090 1388.2
1293100 1390.1
1293110 1390.1
1293120 1391.6
1293130 1392.5
1293140 1392.5
1293150 1392.9
1293160 1393.1
1293170 1393.1
1293180 1393.8
1293190 1394.5
1293200 1394.5
1293210 1394.0
1293220 1393.0
1293230 1393.0
1293240 1394.1
1293250 1396.1
1293260 1396.1
1293270 1398.5
1293280 1401.9
1293290 1401.9
1293300 1405.8
1293310 1411.3
1293320 1416.0
1293330 1416.0
1293340 1420.0
1293350 1423.3
1293360 1423.3
1293370 1427.5
1293380 1432.8
1293390 1432.8
1293400 1439.7
1293410 1446.6
1293420 1446.6
1293430 1453.0
1293440 1459.3
1293450 1459.3
1293460 1465.8
1293470 1472.2
1293480 1472.2
1293490 1478.2
1293500 1484.0
1293510 1484.0
1293520 1489.1
1293530 1493.6
1293540 1493.6
1293550 1497.9
1293560 1501.8
1293570 1501.8
1293580 1505.2
1293590 1508.6
1293600 1508.6
1293610 1511.9
1293620 1515.2
1293630 1515.2
1293640 1518.4
1293650 1521.2
1293660 1523.1
1293670 1523.1
1293680 1526.3
1293690 1530.4
1293700 1530.4
1293710 1534.4
1293720 1538.4
1293730 1538.4
1293740 1542.9
1293750 1547.1
1293760 1547.1
1293770 1551.0
1293780 1554.7
1293790 1554.7
1293800 1558.1
1293810 1561.6
1293820 1561.6
1293830 1565.6
1293840 1569.8
1293850 1569.8
1293860 1574.0
1293870 1578.3
1293880 1578.3
1293890 1581.9
1293900 1585.7
1293910 1585.7
1293920 1590.9
1293930 1596.2
1293940 1596.2
1293950 1602.2
1293960 1609.9
1293970 1609.9
1293980 1617.9
1293990 1626.0
1294000 1626.0
1294010 1634.1
1294020 1641.6
1294030 1648.5
1294040 1648.5
1294050 1654.8
1294060 1661.8
1294070 1661.8
1294080 1669.2
1294090 1677.4
1294100 1677.4
1294110 1686.4
1294120 1697.0
1294130 1697.0
1294140 1708.2
1294150 1715.3
1294160 1715.3
1294170 1719.7
1294180 1723.2
1294190 1723.2
1294200 1729.3
1294210 1738.2
1294220 1738.2
1294230 1746.6
1294240 1754.2
1294250 1754.2
1294260 1763.0
1294270 1773.2
1294280 1773.2
1294290 1782.5
1294300 1789.0
1294310 1789.0
1294320 1795.2
1294330 1800.7
1294340 1800.7
1294350 1805.3
1294360 1809.4
1294370 1813.0
1294380 1813.0
1294390 1816.5
1294400 1819.9
1294410 1819.9
1294420 1823.3
1294430 1827.0
1294440 1827.0
1294450 1830.7
1294460 1834.3
1294470 1834.3
1294480 1837.9
1294490 1841.9
1294500 1841.9
1294510 1846.1
1294520 1849.3
1294530 1849.3
1294540 1851.6
1294550 1853.4
1294560 1853.4
1294570 1853.4
1294580 1852.4
1294590 1852.4
1294600 1847.9
1294610 1839.4
1294620 1839.4
1294630 1828.5
1294640 1819.7
1294650 1819.7
1294660 1811.1
1294670 1802.8
1294680 1802.8
1294690 1795.3
1294700 1788.2
1294710 1781.3
1294720 1781.3
1294730 1775.2
1294740 1770.2
1294750 1770.2
1294760 1765.2
1294770 1760.8
1294780 1760.8
1294790 1756.6
1294800 1751.6
1294810 1751.6
1294820 1747.0
1294830 1742.5
1294840 1742.5
1294850 1738.0
1294860 1733.4
1294870 1733.4
1294880 1729.3
1294890 1724.8
1294900 1724.8
1294910 1723.0
1294920 1724.6
1294930 1724.6
1294940 1725.7
1294950 1730.5
1294960 1730.5
1294970 1732.8
1294980 1731.4
1294990 1731.4
1295000 1734.7
1295010 1737.0
1295020 1737.0
1295030 1736.2
1295040 1736.8
1295050 1736.8
1295060 1740.4
1295070 1743.1
1295080 1744.5
1295090 1744.5
1295100 1746.1
1295110 1747.7
1295120 1747.7
1295130 1749.7
1295140 1750.4
1295150 1750.4
1295160 1751.5
1295170 1752.3
1295180 1752.3
1295190 1755.1
1295200 1758.0
1295210 1758.0
1295220 1762.5
1295230 1766.5
1295240 1766.5
1295250 1767.4
1295260 1774.0
1295270 1774.0
1295280 1781.8
1295290 1786.6
1295300 1786.6
1295310 1781.2
1295320 1775.1
1295330 1775.1
1295340 1767.9
1295350 1760.0
1295360 1760.0
1295370 1752.2
1295380 1745.3
1295390 1745.3
1295400 1740.4
1295410 1737.6
1295420 1730.5
1295430 1730.5
1295440 1721.3
1295450 1711.9
1295460 1711.9
1295470 1704.2
1295480 1700.6
1295490 1700.6
1295500 1698.2
1295510 1695.2
1295520 1695.2
1295530 1691.6
1295540 1689.4
1295550 1689.4
1295560 1688.1
1295570 1686.5
1295580 1686.5
1295590 1689.1
1295600 1690.1
1295610 1690.1
1295620 1687.1
1295630 1685.4
1295640 1685.4
1295650 1684.6
1295660 1681.4
1295670 1681.4
1295680 1673.6
1295690 1664.7
1295700 1664.7
1295710 1656.9
1295720 1654.9
1295730 1654.9
1295740 1652.2
1295750 1647.0
1295760 1640.1
1295770 1640.1
1295780 1636.2
1295790 1633.7
1295800 1633.7
1295810 1629.5
1295820 1626.3
1295830 1626.3
1295840 1624.8
1295850 1622.9
1295860 1622.9
1295870 1619.6
1295880 1616.0
1295890 1616.0
1295900 1609.3
1295910 1600.3
1295920 1600.3
1295930 1593.0
1295940 1588.1
1295950 1588.1
1295960 1587.1
1295970 1584.6
1295980 1580.6
1295990 1576.6
1296000 1580.2
1296010 1580.2
1296020 1583.3
1296030 1582.2
1296040 1582.2
1296050 1581.1
1296060 1578.1
1296070 1578.1
1296080 1576.9
1296090 1574.8
1296100 1570.9
1296110 1570.9
1296120 1567.6
1296130 1565.4
1296140 1565.4
1296150 1562.4
1296160 1561.5
1296170 1561.5
1296180 1560.9
1296190 1558.6
1296200 1558.6
1296210 1557.3
1296220 1554.7
1296230 1554.7
1296240 1551.9
1296250 1549.3
1296260 1549.3
1296270 1548.6
1296280 1547.5
1296290 1547.5
1296300 1544.3
1296310 1541.2
1296320 1541.2
1296330 1539.7
1296340 1537.8
1296350 1537.8
1296360 1535.6
1296370 1533.0
1296380 1533.0
1296390 1531.7
1296400 1528.8
1296410 1528.8
1296420 1526.3
1296430 1523.3
1296440 1523.3
1296450 1520.2
1296460 1518.4
1296470 1516.4
1296480 1516.4
1296490 1513.9
1296500 1511.1
1296510 1511.1
1296520 1509.2
1296530 1507.0
1296540 1507.0
1296550 1504.5
1296560 1502.4
1296570 1502.4
1296580 1500.4
1296590 1497.9
1296600 1497.9
1296610 1495.2
1296620 1492.2
1296630 1492.2
1296640 1489.2
1296650 1486.3
1296660 1482.0
1296670 1479.5
1296680 1477.1
1296690 1477.1
1296700 1475.0
1296710 1472.8
1296720 1472.8
1296730 1470.2
1296740 1467.1
1296750 1467.1
1296760 1463.4
1296770 1460.6
1296780 1460.6
1296790 1457.6
1296800 1453.7
1296810 1450.2
1296820 1450.2
1296830 1447.1
1296840 1443.9
1296850 1443.9
1296860 1440.4
1296870 1436.8
1296880 1436.8
1296890 1433.3
1296900 1429.7
1296910 1429.7
1296920 1426.5
1296930 1423.4
1296940 1423.4
1296950 1420.5
1296960 1417.6
1296970 1417.6
1296980 1414.2
1296990 1410.9
1297000 1410.9
1297010 1407.5
1297020 1403.9
1297030 1403.9
1297040 1400.5
1297050 1396.9
1297060 1396.9
1297070 1392.9
1297080 1388.9
1297090 1388.9
1297100 1385.0
1297110 1381.3
1297120 1381.3
1297130 1377.3
1297140 1372.8
1297150 1367.6
1297160 1367.6
1297170 1362.6
1297180 1358.3
1297190 1358.3
1297200 1354.0
1297210 1349.7
1297220 1349.7
1297230 1345.5
1297240 1341.7
1297250 1341.7
1297260 1337.7
1297270 1333.6
1297280 1333.6
1297290 1329.6
1297300 1325.7
1297310 1325.7
1297320 1321.9
1297330 1318.0
1297340 1318.0
1297350 1316.6
1297360 1313.2
1297370 1313.2
1297380 1309.8
1297390 1306.5
1297400 1306.5
1297410 1303.1
1297420 1299.9
1297430 1299.9
1297440 1297.3
1297450 1294.1
1297460 1294.1
1297470 1290.9
1297480 1287.4
1297490 1287.4
1297500 1283.4
1297510 1278.8
1297520 1274.0
1297530 1274.0
1297540 1268.4
1297550 1262.6
1297560 1262.6
1297570 1256.6
1297580 1250.7
1297590 1250.7
1297600 1245.5
1297610 1241.1
1297620 1241.1
1297630 1237.5
1297640 1234.4
1297650 1234.4
1297660 1231.5
1297670 1228.9
1297680 1228.9
1297690 1226.6
1297700 1224.1
1297710 1224.1
1297720 1221.4
1297730 1218.9
1297740 1218.9
1297750 1216.9
1297760 1214.2
1297770 1214.2
1297780 1210.6
1297790 1206.3
1297800 1206.3
1297810 1201.8
1297820 1196.8
1297830 1196.8
1297840 1191.9
1297850 1188.2
1297860 1186.0
1297870 1186.0
1297880 1191.8
1297890 1193.0
1297900 1193.0
1297910 1192.5
1297920 1191.0
1297930 1191.0
1297940 1188.4
1297950 1185.4
1297960 1185.4
1297970 1179.5
1297980 1184.6
1297990 1184.6
1298000 1187.1
1298010 1188.3
1298020 1188.3
1298030 1185.0
1298040 1184.2
1298050 1184.2
1298060 1182.8
1298070 1181.0
1298080 1181.0
1298090 1178.5
1298100 1175.9
1298110 1175.9
1298120 1172.3
1298130 1167.5
1298140 1167.5
1298150 1162.1
1298160 1157.9
1298170 1157.9
1298180 1154.3
1298190 1150.6
1298200 1146.8
1298210 1146.8
1298220 1143.8
1298230 1140.9
1298240 1140.9
1298250 1138.7
1298260 1137.0
1298270 1137.0
1298280 1134.6
1298290 1131.9
1298300 1131.9
1298310 1129.1
1298320 1125.8
1298330 1125.8
1298340 1122.4
1298350 1120.0
1298360 1120.0
1298370 1117.9
1298380 1116.0
1298390 1116.0
1298400 1114.1
1298410 1112.0
1298420 1112.0
1298430 1109.5
1298440 1101.7
1298450 1101.7
1298460 1093.8
1298470 1091.9
1298480 1091.9
1298490 1090.7
1298500 1089.9
1298510 1089.9
1298520 1089.5
1298530 1088.2
1298540 1088.2
1298550 1085.2
1298560 1084.1
1298570 1084.0
1298580 1084.0
1298590 1085.6
1298600 1088.2
1298610 1088.2
1298620 1091.1
1298630 1094.8
1298640 1094.8
1298650 1097.3
1298660 1099.2
1298670 1099.2
1298680 1100.3
1298690 1100.5
1298700 1100.5
1298710 1100.4
1298720 1094.9
1298730 1094.9
1298740 1094.5
1298750 1093.6
1298760 1093.6
1298770 1092.9
1298780 1093.6
1298790 1093.6
1298800 1095.2
1298810 1097.0
1298820 1097.0
1298830 1098.8
1298840 1100.4
1298850 1100.4
1298860 1101.2
1298870 1100.0
1298880 1100.0
1298890 1101.1
1298900 1103.3
1298910 1103.7
1298920 1103.7
1298930 1103.3
1298940 1103.1
1298950 1103.1
1298960 1104.0
1298970 1105.2
1298980 1105.2
1298990 1107.0
1299000 1105.5
1299010 1105.5
1299020 1104.6
1299030 1104.2
1299040 1104.2
1299050 1103.8
1299060 1103.2
1299070 1103.2
1299080 1103.9
1299090 1104.4
1299100 1104.4
1299110 1104.4
1299120 1103.2
1299130 1103.2
1299140 1101.7
1299150 1099.9
1299160 1099.9
1299170 1097.5
1299180 1094.9
1299190 1094.9
1299200 1093.7
1299210 1093.0
1299220 1093.0
1299230 1092.0
1299240 1091.0
1299250 1091.7
1299260 1091.7
1299270 1093.0
1299280 1091.2
1299290 1091.2
1299300 1087.7
1299310 1086.1
1299320 1086.1
1299330 1085.2
1299340 1085.1
1299350 1085.1
1299360 1085.1
1299370 1085.0
1299380 1085.0
1299390 1083.7
1299400 1082.0
1299410 1079.3
1299420 1077.6
1299430 1076.1
1299440 1076.1
1299450 1074.7
1299460 1073.0
1299470 1073.0
1299480 1071.5
1299490 1070.3
1299500 1070.3
1299510 1069.9
1299520 1069.7
1299530 1069.7
1299540 1067.9
1299550 1064.4
1299560 1064.4
1299570 1060.3
1299580 1056.2
1299590 1056.2
1299600 1051.4
1299610 1045.4
1299620 1044.1
1299630 1044.1
1299640 1047.6
1299650 1048.9
1299660 1048.9
1299670 1049.2
1299680 1049.9
1299690 1049.9
1299700 1050.2
1299710 1050.3
1299720 1050.3
1299730 1049.8
1299740 1049.6
1299750 1049.6
1299760 1048.5
1299770 1046.3
1299780 1046.3
1299790 1045.7
1299800 1047.6
1299810 1047.6
1299820 1048.3
1299830 1049.0
1299840 1049.0
1299850 1048.0
1299860 1051.0
1299870 1051.0
1299880 1053.0
1299890 1054.5
1299900 1054.5
1299910 1057.1
1299920 1059.8
1299930 1059.8
1299940 1060.4
1299950 1061.7
1299960 1063.7
1299970 1063.7
1299980 1066.4
1299990 1066.0
