1288500 1105.8
1288510 1105.8
1288520 1112.2
1288530 1124.9
1288540 1124.9
1288550 1133.1
1288560 1141.7
1288570 1141.7
1288580 1150.1
1288590 1160.8
1288600 1160.8
1288610 1171.0
1288620 1177.1
1288630 1177.1
1288640 1182.2
1288650 1186.6
1288660 1190.6
1288670 1190.6
1288680 1193.5
1288690 1196.1
1288700 1196.1
1288710 1200.2
1288720 1204.4
1288730 1204.4
1288740 1208.3
1288750 1212.2
1288760 1212.2
1288770 1216.1
1288780 1219.0
1288790 1219.0
1288800 1220.1
1288810 1225.0
1288820 1225.0
1288830 1230.7
1288840 1235.7
1288850 1235.7
1288860 1240.9
1288870 1243.6
1288880 1243.6
1288890 1247.5
1288900 1249.3
1288910 1249.3
1288920 1251.4
1288930 1255.1
1288940 1255.1
1288950 1258.8
1288960 1261.9
1288970 1261.9
1288980 1266.0
1288990 1270.1
1289000 1270.1
1289010 1273.9
1289020 1277.4
1289030 1280.8
1289040 1280.8
1289050 1284.3
1289060 1287.7
1289070 1287.7
1289080 1290.8
1289090 1293.8
1289100 1293.8
1289110 1296.9
1289120 1299.4
1289130 1299.4
1289140 1302.6
1289150 1306.0
1289160 1306.0
1289170 1309.4
1289180 1312.7
1289190 1312.7
1289200 1315.9
1289210 1319.3
1289220 1319.3
1289230 1322.9
1289240 1326.6
1289250 1326.6
1289260 1330.5
1289270 1334.2
1289280 1334.2
1289290 1337.7
1289300 1340.3
1289310 1340.3
1289320 1342.5
1289330 1344.0
1289340 1344.0
1289350 1346.3
1289360 1349.5
1289370 1352.9
1289380 1352.9
1289390 1356.2
1289400 1359.0
1289410 1359.0
1289420 1362.0
1289430 1365.1
1289440 1365.1
1289450 1368.4
1289460 1371.3
1289470 1371.3
1289480 1373.9
1289490 1376.5
1289500 1376.5
1289510 1378.9
1289520 1381.6
1289530 1375.6
1289540 1378.1
1289550 1379.6
1289560 1379.6
1289570 1381.0
1289580 1382.4
1289590 1382.4
1289600 1383.5
1289610 1383.5
1289620 1383.5
1289630 1383.2
1289640 1381.5
1289650 1381.5
1289660 1378.8
1289670 1377.5
1289680 1377.5
1289690 1377.7
1289700 1377.0
1289710 1377.0
1289720 1376.0
1289730 1375.5
1289740 1375.9
1289750 1375.9
1289760 1377.1
1289770 1379.4
1289780 1379.4
1289790 1381.2
1289800 1382.9
1289810 1382.9
1289820 1384.5
1289830 1385.8
1289840 1385.8
1289850 1386.8
1289860 1387.5
1289870 1387.5
1289880 1387.8
1289890 1388.3
1289900 1388.3
1289910 1387.7
1289920 1388.0
1289930 1388.0
1289940 1389.6
1289950 1392.2
1289960 1392.2
1289970 1394.2
1289980 1396.1
1289990 1396.1
1290000 1397.1
1290010 1397.6
1290020 1397.6
1290030 1399.4
1290040 1402.6
1290050 1402.6
1290060 1405.3
1290070 1407.0
1290080 1408.2
1290090 1408.2
1290100 1409.4
1290110 1410.0
1290120 1410.0
1290130 1409.9
1290140 1410.0
1290150 1410.0
1290160 1409.8
1290170 1409.6
1290180 1405.4
1290190 1404.1
1290200 1402.3
1290210 1402.3
1290220 1400.7
1290230 1400.1
1290240 1400.1
1290250 1401.0
1290260 1401.3
1290270 1401.3
1290280 1401.2
1290290 1401.2
1290300 1401.2
1290310 1401.2
1290320 1401.2
1290330 1401.2
1290340 1400.9
1290350 1400.7
1290360 1400.7
1290370 1400.2
1290380 1399.7
1290390 1399.7
1290400 1399.6
1290410 1399.2
1290420 1399.2
1290430 1397.4
1290440 1397.4
1290450 1399.2
1290460 1399.2
1290470 1401.3
1290480 1401.9
1290490 1401.9
1290500 1399.4
1290510 1396.6
1290520 1396.6
1290530 1394.2
1290540 1393.1
1290550 1393.1
1290560 1390.8
1290570 1387.1
1290580 1387.1
1290590 1382.7
1290600 1378.6
1290610 1378.6
1290620 1375.7
1290630 1369.7
1290640 1369.7
1290650 1362.9
1290660 1356.6
1290670 1356.6
1290680 1349.8
1290690 1342.4
1290700 1342.4
1290710 1333.8
1290720 1328.2
1290730 1328.2
1290740 1326.6
1290750 1326.0
1290760 1326.0
1290770 1327.5
1290780 1328.6
1290790 1328.6
1290800 1326.4
1290810 1321.6
1290820 1316.6
1290830 1316.6
1290840 1308.1
1290850 1306.8
1290860 1306.8
1290870 1307.5
1290880 1310.9
1290890 1310.9
1290900 1312.6
1290910 1313.1
1290920 1313.1
1290930 1313.7
1290940 1314.1
1290950 1314.1
1290960 1313.1
1290970 1311.4
1290980 1311.4
1290990 1310.7
1291000 1310.2
1291010 1310.2
1291020 1309.4
1291030 1308.5
1291040 1308.5
1291050 1308.0
1291060 1308.0
1291070 1308.0
1291080 1308.3
1291090 1309.1
1291100 1309.1
1291110 1310.3
1291120 1312.0
1291130 1312.0
1291140 1313.5
1291150 1314.9
1291160 1315.8
1291170 1315.8
1291180 1316.7
1291190 1317.8
1291200 1317.8
1291210 1318.3
1291220 1319.9
1291230 1319.9
1291240 1321.7
1291250 1323.5
1291260 1323.5
1291270 1325.9
1291280 1328.2
1291290 1328.2
1291300 1330.0
1291310 1330.6
1291320 1330.6
1291330 1331.1
1291340 1331.6
1291350 1331.6
1291360 1331.9
1291370 1331.5
1291380 1331.5
1291390 1331.0
1291400 1329.8
1291410 1329.8
1291420 1328.9
1291430 1330.5
1291440 1330.5
1291450 1332.5
1291460 1333.0
1291470 1333.0
1291480 1332.6
1291490 1331.7
1291500 1332.4
1291510 1332.8
1291520 1332.8
1291530 1332.6
1291540 1332.6
1291550 1332.1
1291560 1331.3
1291570 1331.3
1291580 1330.2
1291590 1329.4
1291600 1329.4
1291610 1328.1
1291620 1327.0
1291630 1327.0
1291640 1328.5
1291650 1328.7
1291660 1328.7
1291670 1328.3
1291680 1327.8
1291690 1327.8
1291700 1327.5
1291710 1327.3
1291720 1327.3
1291730 1327.2
1291740 1327.0
1291750 1327.0
1291760 1326.7
1291770 1326.1
1291780 1326.1
1291790 1325.6
1291800 1324.8
1291810 1324.8
1291820 1324.0
1291830 1323.2
1291840 1323.2
1291850 1322.3
1291860 1320.6
1291870 1320.7
1291880 1320.7
1291890 1322.0
1291900 1322.3
1291910 1322.3
1291920 1321.9
1291930 1321.4
1291940 1321.4
1291950 1321.3
1291960 1321.5
1291970 1321.5
1291980 1321.0
1291990 1320.1
1292000 1320.1
1292010 1319.8
1292020 1320.5
1292030 1320.5
1292040 1320.8
1292050 1320.7
1292060 1320.7
1292070 1319.6
1292080 1317.3
1292090 1317.3
1292100 1314.0
1292110 1309.8
1292120 1309.8
1292130 1305.8
1292140 1303.1
1292150 1303.1
1292160 1301.1
1292170 1295.7
1292180 1295.7
1292190 1294.1
1292200 1291.0
1292210 1291.0
1292220 1285.3
1292230 1281.1
1292240 1278.5
1292250 1278.5
1292260 1276.2
1292270 1273.3
1292280 1273.3
1292290 1270.0
1292300 1266.2
1292310 1266.2
1292320 1267.9
1292330 1270.3
1292340 1270.3
1292350 1271.1
1292360 1270.8
1292370 1270.8
1292380 1267.2
1292390 1264.4
1292400 1264.4
1292410 1268.5
1292420 1272.3
1292430 1272.3
1292440 1275.7
1292450 1279.7
1292460 1279.7
1292470 1285.0
1292480 1288.2
1292490 1288.2
1292500 1288.4
1292510 1288.2
1292520 1288.2
1292530 1289.8
1292540 1294.9
1292550 1294.9
1292560 1301.2
1292570 1307.5
1292580 1313.0
1292590 1313.0
1292600 1319.0
1292610 1327.7
1292620 1327.7
1292630 1337.1
1292640 1344.7
1292650 1344.7
1292660 1350.7
1292670 1356.9
1292680 1356.9
1292690 1362.8
1292700 1367.2
1292710 1367.2
1292720 1372.2
1292730 1377.3
1292740 1377.3
1292750 1382.7
1292760 1388.6
1292770 1388.6
1292780 1394.5
1292790 1400.9
1292800 1400.9
1292810 1407.3
1292820 1413.5
1292830 1414.6
1292840 1420.4
1292850 1422.4
1292860 1422.4
1292870 1427.6
1292880 1434.9
1292890 1434.9
1292900 1440.7
1292910 1447.0
1292920 1447.0
1292930 1453.8
1292940 1460.3
1292950 1466.8
1292960 1466.8
1292970 1473.8
1292980 1480.8
1292990 1480.8
1293000 1488.7
1293010 1495.7
1293020 1495.7
1293030 1501.8
1293040 1507.3
1293050 1507.3
1293060 1513.3
1293070 1519.3
1293080 1519.3
1293090 1524.8
1293100 1530.0
1293110 1530.0
1293120 1535.3
1293130 1540.7
1293140 1540.7
1293150 1546.2
1293160 1551.7
1293170 1551.7
1293180 1557.8
1293190 1564.4
1293200 1564.4
1293210 1571.0
1293220 1578.0
1293230 1578.0
1293240 1584.9
1293250 1590.9
1293260 1590.9
1293270 1596.2
1293280 1601.1
1293290 1601.1
1293300 1605.6
1293310 1609.9
1293320 1614.1
1293330 1614.1
1293340 1617.5
1293350 1619.9
1293360 1619.9
1293370 1621.9
1293380 1625.2
1293390 1625.2
1293400 1625.7
1293410 1618.6
1293420 1618.6
1293430 1614.2
1293440 1618.3
1293450 1618.3
1293460 1626.0
1293470 1634.3
1293480 1634.3
1293490 1637.4
1293500 1630.0
1293510 1630.0
1293520 1631.0
1293530 1633.7
1293540 1633.7
1293550 1637.1
1293560 1639.7
1293570 1639.7
1293580 1640.9
1293590 1641.2
1293600 1641.2
1293610 1643.3
1293620 1644.1
1293630 1644.1
1293640 1642.0
1293650 1642.2
1293660 1643.2
1293670 1643.2
1293680 1642.9
1293690 1646.0
1293700 1646.0
1293710 1649.9
1293720 1654.7
1293730 1654.7
1293740 1657.5
1293750 1660.5
1293760 1660.5
1293770 1663.6
1293780 1665.0
1293790 1665.0
1293800 1665.5
1293810 1665.1
1293820 1665.1
1293830 1662.5
1293840 1657.6
1293850 1657.6
1293860 1651.6
1293870 1651.2
1293880 1651.2
1293890 1653.7
1293900 1655.1
1293910 1655.1
1293920 1655.8
1293930 1656.7
1293940 1656.7
1293950 1655.5
1293960 1657.1
1293970 1657.1
1293980 1662.7
1293990 1668.9
1294000 1668.9
1294010 1676.9
1294020 1684.7
1294030 1691.8
1294040 1691.8
1294050 1699.1
1294060 1705.8
1294070 1705.8
1294080 1710.8
1294090 1713.8
1294100 1713.8
1294110 1711.6
1294120 1704.1
1294130 1704.1
1294140 1697.3
1294150 1694.3
1294160 1694.3
1294170 1686.9
1294180 1683.9
1294190 1683.9
1294200 1680.9
1294210 1678.0
1294220 1678.0
1294230 1676.2
1294240 1675.4
1294250 1675.4
1294260 1671.6
1294270 1664.2
1294280 1664.2
1294290 1658.5
1294300 1654.9
1294310 1654.9
1294320 1650.6
1294330 1644.9
1294340 1644.9
1294350 1639.4
1294360 1635.9
1294370 1633.1
1294380 1633.1
1294390 1635.2
1294400 1633.8
1294410 1633.8
1294420 1631.2
1294430 1636.1
1294440 1636.1
1294450 1640.4
1294460 1640.0
1294470 1640.0
1294480 1639.2
1294490 1638.6
1294500 1638.6
1294510 1638.1
1294520 1637.2
1294530 1637.2
1294540 1637.3
1294550 1640.2
1294560 1640.2
1294570 1642.7
1294580 1648.0
1294590 1648.0
1294600 1653.7
1294610 1655.6
1294620 1655.6
1294630 1648.6
1294640 1641.6
1294650 1641.6
1294660 1635.1
1294670 1628.0
1294680 1628.0
1294690 1623.6
1294700 1621.8
1294710 1621.8
1294720 1617.1
1294730 1613.9
1294740 1616.8
1294750 1616.8
1294760 1623.1
1294770 1631.0
1294780 1631.0
1294790 1639.8
1294800 1646.8
1294810 1646.8
1294820 1653.1
1294830 1658.6
1294840 1658.6
1294850 1659.2
1294860 1665.2
1294870 1665.2
1294880 1671.9
1294890 1678.7
1294900 1678.7
1294910 1685.2
1294920 1691.4
1294930 1691.4
1294940 1695.4
1294950 1699.6
1294960 1699.6
1294970 1704.9
1294980 1711.0
1294990 1711.0
1295000 1718.2
1295010 1725.2
1295020 1725.2
1295030 1733.7
1295040 1745.3
1295050 1745.3
1295060 1759.6
1295070 1780.8
1295080 1798.5
1295090 1798.5
1295100 1803.5
1295110 1808.1
1295120 1808.1
1295130 1811.7
1295140 1812.8
1295150 1812.8
1295160 1811.8
1295170 1810.7
1295180 1810.7
1295190 1809.6
1295200 1809.5
1295210 1809.5
1295220 1809.3
1295230 1809.7
1295240 1809.7
1295250 1810.5
1295260 1810.9
1295270 1810.9
1295280 1811.5
1295290 1811.9
1295300 1811.9
1295310 1811.7
1295320 1810.9
1295330 1810.9
1295340 1809.7
1295350 1808.2
1295360 1808.2
1295370 1806.3
1295380 1804.5
1295390 1804.5
1295400 1803.3
1295410 1802.6
1295420 1802.6
1295430 1801.9
1295440 1800.8
1295450 1799.0
1295460 1799.0
1295470 1789.8
1295480 1774.9
1295490 1774.9
1295500 1767.4
1295510 1760.6
1295520 1758.9
1295530 1752.8
1295540 1746.8
1295550 1746.8
1295560 1740.3
1295570 1733.2
1295580 1733.2
1295590 1727.0
1295600 1724.1
1295610 1724.1
1295620 1721.2
1295630 1717.2
1295640 1717.2
1295650 1713.7
1295660 1711.1
1295670 1711.1
1295680 1708.3
1295690 1705.6
1295700 1705.6
1295710 1700.7
1295720 1693.1
1295730 1693.1
1295740 1685.7
1295750 1679.2
1295760 1679.2
1295770 1673.3
1295780 1668.2
1295790 1668.2
1295800 1663.2
1295810 1659.1
1295820 1655.6
1295830 1655.6
1295840 1653.7
1295850 1652.4
1295860 1652.4
1295870 1651.1
1295880 1648.7
1295890 1648.7
1295900 1645.0
1295910 1640.8
1295920 1640.8
1295930 1637.2
1295940 1633.3
1295950 1633.3
1295960 1629.2
1295970 1626.1
1295980 1626.1
1295990 1622.8
1296000 1620.2
1296010 1620.2
1296020 1618.2
1296030 1616.9
1296040 1616.9
1296050 1616.3
1296060 1616.5
1296070 1616.5
1296080 1616.4
1296090 1616.0
1296100 1616.0
1296110 1615.2
1296120 1615.1
1296130 1615.1
1296140 1616.4
1296150 1616.6
1296160 1615.6
1296170 1615.6
1296180 1614.8
1296190 1615.5
1296200 1617.6
1296210 1618.2
1296220 1616.4
1296230 1616.4
1296240 1612.9
1296250 1609.1
1296260 1609.1
1296270 1605.0
1296280 1601.3
1296290 1601.3
1296300 1597.0
1296310 1592.7
1296320 1592.7
1296330 1589.2
1296340 1586.1
1296350 1586.1
1296360 1583.0
1296370 1579.0
1296380 1579.0
1296390 1575.8
1296400 1573.1
1296410 1573.1
1296420 1569.1
1296430 1562.8
1296440 1562.8
1296450 1557.5
1296460 1552.2
1296470 1552.2
1296480 1546.7
1296490 1540.5
1296500 1540.5
1296510 1534.8
1296520 1529.4
1296530 1523.1
1296540 1523.1
1296550 1514.9
1296560 1506.2
1296570 1506.2
1296580 1496.6
1296590 1486.8
1296600 1486.8
1296610 1477.7
1296620 1469.9
1296630 1469.9
1296640 1463.3
1296650 1458.3
1296660 1458.3
1296670 1453.0
1296680 1448.3
1296690 1448.3
1296700 1443.0
1296710 1437.2
1296720 1437.2
1296730 1428.5
1296740 1418.1
1296750 1418.1
1296760 1417.8
1296770 1426.3
1296780 1426.3
1296790 1426.9
1296800 1425.9
1296810 1425.9
1296820 1423.3
1296830 1423.1
1296840 1423.1
1296850 1426.5
1296860 1428.5
1296870 1430.8
1296880 1432.8
1296890 1435.2
1296900 1437.7
1296910 1437.7
1296920 1441.9
1296930 1447.0
1296940 1447.0
1296950 1450.9
1296960 1453.1
1296970 1453.1
1296980 1455.3
1296990 1458.4
1297000 1458.4
1297010 1460.5
1297020 1460.0
1297030 1460.0
1297040 1461.1
1297050 1464.9
1297060 1464.9
1297070 1467.8
1297080 1470.1
1297090 1470.1
1297100 1472.5
1297110 1475.6
1297120 1475.6
1297130 1478.6
1297140 1480.6
1297150 1480.6
1297160 1483.4
1297170 1486.6
1297180 1486.6
1297190 1490.0
1297200 1494.2
1297210 1494.2
1297220 1498.5
1297230 1503.3
1297240 1507.3
1297250 1507.3
1297260 1511.7
1297270 1518.1
1297280 1518.1
1297290 1524.5
1297300 1530.5
1297310 1530.5
1297320 1536.7
1297330 1542.2
1297340 1542.2
1297350 1546.8
1297360 1552.2
1297370 1552.2
1297380 1558.5
1297390 1564.1
1297400 1564.1
1297410 1571.3
1297420 1578.6
1297430 1578.6
1297440 1585.7
1297450 1592.7
1297460 1592.7
1297470 1600.2
1297480 1606.8
1297490 1606.8
1297500 1611.7
1297510 1614.3
1297520 1614.3
1297530 1614.7
1297540 1613.8
1297550 1613.8
1297560 1611.9
1297570 1608.8
1297580 1608.8
1297590 1605.3
1297600 1601.5
1297610 1597.2
1297620 1597.2
1297630 1592.7
1297640 1587.6
1297650 1587.6
1297660 1582.5
1297670 1575.9
1297680 1575.9
1297690 1569.2
1297700 1563.5
1297710 1563.5
1297720 1558.2
1297730 1553.1
1297740 1553.1
1297750 1547.5
1297760 1541.0
1297770 1541.0
1297780 1534.8
1297790 1528.1
1297800 1528.1
1297810 1521.9
1297820 1516.8
1297830 1516.8
1297840 1511.4
1297850 1506.2
1297860 1506.2
1297870 1500.8
1297880 1494.9
1297890 1494.9
1297900 1489.9
1297910 1486.6
1297920 1486.6
1297930 1482.7
1297940 1479.2
1297950 1475.8
1297960 1475.8
1297970 1471.4
1297980 1467.1
1297990 1467.1
1298000 1462.7
1298010 1458.2
1298020 1458.2
1298030 1453.7
1298040 1449.3
1298050 1449.3
1298060 1445.7
1298070 1442.2
1298080 1442.2
1298090 1438.8
1298100 1434.4
1298110 1434.4
1298120 1429.9
1298130 1425.3
1298140 1425.3
1298150 1420.5
1298160 1415.3
1298170 1415.3
1298180 1409.4
1298190 1403.7
1298200 1403.7
1298210 1399.7
1298220 1395.3
1298230 1395.3
1298240 1390.7
1298250 1383.7
1298260 1383.7
1298270 1379.1
1298280 1373.9
1298290 1373.9
1298300 1368.9
1298310 1365.0
1298320 1361.1
1298330 1361.1
1298340 1358.2
1298350 1355.2
1298360 1355.2
1298370 1352.0
1298380 1349.1
1298390 1349.1
1298400 1345.5
1298410 1342.1
1298420 1342.1
1298430 1339.0
1298440 1335.7
1298450 1335.7
1298460 1333.1
1298470 1330.3
1298480 1330.3
1298490 1326.8
1298500 1322.4
1298510 1322.4
1298520 1317.4
1298530 1312.5
1298540 1312.5
1298550 1307.6
1298560 1301.0
1298570 1301.0
1298580 1298.1
1298590 1297.8
1298600 1297.8
1298610 1295.3
1298620 1292.7
1298630 1292.7
1298640 1290.0
1298650 1287.4
1298660 1285.4
1298670 1285.4
1298680 1282.9
1298690 1279.6
1298700 1279.6
1298710 1275.2
1298720 1271.9
1298730 1271.9
1298740 1269.2
1298750 1265.8
1298760 1265.8
1298770 1262.4
1298780 1259.0
1298790 1259.0
1298800 1255.6
1298810 1251.9
1298820 1251.9
1298830 1248.6
1298840 1245.5
1298850 1245.5
1298860 1242.9
1298870 1240.6
1298880 1240.6
1298890 1238.0
1298900 1235.2
1298910 1235.2
1298920 1233.7
1298930 1230.0
1298940 1229.9
1298950 1226.8
1298960 1224.1
1298970 1224.1
1298980 1220.4
1298990 1216.9
1299000 1216.9
1299010 1212.5
1299020 1206.6
1299030 1200.5
1299040 1200.5
1299050 1194.6
1299060 1188.2
1299070 1188.2
1299080 1181.6
1299090 1176.4
1299100 1176.4
1299110 1171.9
1299120 1163.0
1299130 1163.0
1299140 1159.0
1299150 1166.7
1299160 1166.7
1299170 1175.5
1299180 1182.1
1299190 1182.1
1299200 1187.9
1299210 1193.4
1299220 1193.4
1299230 1196.9
1299240 1194.8
1299250 1194.8
1299260 1189.6
1299270 1183.7
1299280 1183.7
1299290 1177.8
1299300 1172.3
1299310 1172.3
1299320 1168.0
1299330 1165.1
1299340 1165.1
1299350 1162.8
1299360 1159.9
1299370 1156.3
1299380 1156.3
1299390 1156.2
1299400 1156.4
1299410 1156.4
1299420 1154.9
1299430 1151.0
1299440 1151.0
1299450 1145.9
1299460 1141.1
1299470 1141.1
1299480 1138.7
1299490 1137.2
1299500 1137.2
1299510 1133.4
1299520 1129.8
1299530 1129.8
1299540 1125.5
1299550 1121.3
1299560 1121.3
1299570 1116.8
1299580 1112.5
1299590 1112.5
1299600 1106.9
1299610 1099.8
1299620 1099.8
1299630 1100.2
1299640 1094.4
1299650 1094.4
1299660 1093.0
1299670 1090.3
1299680 1090.3
1299690 1084.2
1299700 1078.1
1299710 1078.1
1299720 1075.8
1299730 1078.2
1299740 1082.4
1299750 1082.4
1299760 1086.5
1299770 1089.3
1299780 1089.3
1299790 1089.9
1299800 1088.8
1299810 1088.8
1299820 1087.9
1299830 1087.6
1299840 1087.6
1299850 1086.9
1299860 1085.0
1299870 1085.0
1299880 1082.5
1299890 1079.8
1299900 1079.8
1299910 1077.8
1299920 1076.0
1299930 1076.0
1299940 1074.3
1299950 1073.9
1299960 1073.9
1299970 1073.8
1299980 1073.9
1299990 1073.9
