1288510 1111.7
1288520 1113.9
1288530 1113.9
1288540 1117.8
1288550 1122.1
1288560 1122.1
1288570 1121.8
1288580 1125.6
1288590 1128.6
1288600 1128.6
1288610 1132.2
1288620 1136.2
1288630 1136.2
1288640 1140.0
1288650 1143.4
1288660 1143.4
1288670 1146.5
1288680 1150.4
1288690 1150.4
1288700 1155.8
1288710 1161.6
1288720 1161.6
1288730 1167.5
1288740 1172.7
1288750 1172.7
1288760 1178.6
1288770 1184.4
1288780 1184.4
1288790 1189.3
1288800 1193.8
1288810 1193.8
1288820 1198.5
1288830 1203.7
1288840 1203.7
1288850 1207.9
1288860 1211.8
1288870 1211.8
1288880 1214.9
1288890 1215.4
1288900 1215.4
1288910 1216.2
1288920 1219.5
1288930 1223.2
1288940 1223.2
1288950 1226.1
1288960 1229.7
1288970 1229.7
1288980 1232.7
1288990 1235.3
1289000 1235.3
1289010 1238.8
1289020 1242.4
1289030 1242.4
1289040 1244.5
1289050 1245.3
1289060 1245.3
1289070 1246.5
1289080 1248.9
1289090 1248.9
1289100 1253.7
1289110 1257.9
1289120 1257.9
1289130 1258.7
1289140 1259.1
1289150 1259.1
1289160 1260.1
1289170 1260.2
1289180 1260.2
1289190 1260.9
1289200 1262.3
1289210 1262.3
1289220 1263.9
1289230 1263.8
1289240 1263.8
1289250 1265.0
1289260 1267.0
1289270 1267.0
1289280 1269.6
1289290 1272.1
1289300 1274.7
1289310 1274.7
1289320 1276.6
1289330 1278.6
1289340 1278.6
1289350 1280.8
1289360 1283.5
1289370 1283.5
1289380 1286.5
1289390 1289.0
1289400 1289.0
1289410 1290.8
1289420 1293.0
1289430 1293.0
1289440 1295.7
1289450 1298.3
1289460 1298.3
1289470 1300.5
1289480 1302.4
1289490 1302.4
1289500 1304.2
1289510 1305.7
1289520 1305.7
1289530 1306.9
1289540 1308.3
1289550 1308.3
1289560 1309.6
1289570 1310.5
1289580 1310.5
1289590 1312.2
1289600 1314.0
1289610 1314.0
1289620 1314.5
1289630 1316.2
1289640 1320.2
1289650 1320.2
1289660 1322.8
1289670 1324.3
1289680 1324.3
1289690 1325.5
1289700 1326.1
1289710 1326.1
1289720 1325.3
1289730 1325.1
1289740 1325.1
1289750 1329.1
1289760 1332.2
1289770 1332.2
1289780 1333.6
1289790 1332.4
1289800 1332.4
1289810 1332.8
1289820 1333.8
1289830 1333.8
1289840 1338.3
1289850 1343.2
1289860 1343.2
1289870 1346.3
1289880 1343.3
1289890 1343.3
1289900 1344.9
1289910 1345.9
1289920 1345.9
1289930 1345.9
1289940 1348.2
1289950 1348.2
1289960 1349.9
1289970 1350.8
1289980 1350.8
1289990 1351.4
1290000 1351.6
1290010 1351.8
1290020 1351.8
1290030 1351.2
1290040 1349.9
1290050 1349.9
1290060 1348.9
1290070 1348.3
1290080 1348.3
1290090 1348.1
1290100 1348.9
1290110 1348.9
1290120 1351.1
1290130 1353.9
1290140 1353.9
1290150 1355.9
1290160 1357.2
1290170 1357.2
1290180 1358.1
1290190 1358.2
1290200 1358.2
1290210 1358.6
1290220 1358.5
1290230 1358.5
1290240 1358.6
1290250 1359.2
1290260 1359.2
1290270 1359.0
1290280 1358.9
1290290 1358.9
1290300 1360.2
1290310 1361.6
1290320 1361.6
1290330 1361.8
1290340 1361.6
1290350 1361.6
1290360 1360.6
1290370 1360.0
1290380 1360.2
1290390 1360.2
1290400 1360.2
1290410 1359.3
1290420 1359.3
1290430 1357.0
1290440 1356.7
1290450 1356.7
1290460 1358.7
1290470 1359.2
1290480 1359.2
1290490 1359.9
1290500 1359.0
1290510 1359.0
1290520 1356.7
1290530 1353.1
1290540 1349.2
1290550 1347.1
1290560 1345.7
1290570 1345.7
1290580 1343.2
1290590 1340.1
1290600 1340.1
1290610 1335.4
1290620 1328.3
1290630 1328.3
1290640 1320.5
1290650 1314.5
1290660 1314.5
1290670 1312.4
1290680 1312.0
1290690 1312.0
1290700 1309.0
1290710 1302.6
1290720 1297.6
1290730 1297.6
1290740 1292.1
1290750 1287.8
1290760 1287.8
1290770 1282.1
1290780 1278.1
1290790 1278.1
1290800 1273.6
1290810 1268.5
1290820 1268.5
1290830 1268.5
1290840 1271.4
1290850 1271.4
1290860 1273.5
1290870 1275.7
1290880 1275.7
1290890 1280.3
1290900 1283.7
1290910 1283.7
1290920 1284.6
1290930 1284.9
1290940 1284.9
1290950 1284.9
1290960 1284.8
1290970 1284.8
1290980 1285.9
1290990 1289.6
1291000 1289.6
1291010 1292.2
1291020 1293.8
1291030 1293.8
1291040 1294.7
1291050 1298.0
1291060 1298.0
1291070 1300.6
1291080 1302.5
1291090 1304.6
1291100 1304.6
1291110 1306.3
1291120 1307.7
1291130 1307.7
1291140 1308.9
1291150 1310.2
1291160 1310.2
1291170 1312.0
1291180 1314.3
1291190 1314.3
1291200 1317.1
1291210 1319.7
1291220 1319.7
1291230 1322.4
1291240 1325.7
1291250 1325.7
1291260 1331.1
1291270 1334.8
1291280 1334.8
1291290 1337.3
1291300 1339.4
1291310 1339.4
1291320 1342.0
1291330 1345.4
1291340 1345.4
1291350 1347.6
1291360 1348.6
1291370 1348.6
1291380 1349.8
1291390 1350.8
1291400 1350.8
1291410 1351.2
1291420 1351.6
1291430 1351.8
1291440 1351.8
1291450 1351.8
1291460 1351.3
1291470 1351.3
1291480 1350.1
1291490 1348.3
1291500 1348.3
1291510 1346.3
1291520 1344.8
1291530 1344.8
1291540 1343.2
1291550 1341.3
1291560 1341.3
1291570 1339.5
1291580 1338.3
1291590 1338.3
1291600 1336.8
1291610 1334.9
1291620 1334.9
1291630 1333.4
1291640 1332.2
1291650 1332.2
1291660 1331.4
1291670 1330.3
1291680 1330.3
1291690 1329.2
1291700 1328.3
1291710 1328.3
1291720 1328.1
1291730 1327.7
1291740 1327.7
1291750 1327.2
1291760 1326.9
1291770 1326.9
1291780 1326.2
1291790 1325.1
1291800 1323.6
1291810 1323.6
1291820 1321.2
1291830 1318.6
1291840 1318.6
1291850 1316.4
1291860 1314.7
1291870 1314.7
1291880 1313.0
1291890 1310.9
1291900 1310.9
1291910 1307.9
1291920 1303.8
1291930 1303.8
1291940 1301.2
1291950 1301.1
1291960 1301.1
1291970 1299.9
1291980 1298.5
1291990 1298.5
1292000 1300.6
1292010 1302.2
1292020 1302.2
1292030 1302.0
1292040 1300.7
1292050 1300.7
1292060 1298.2
1292070 1294.6
1292080 1294.6
1292090 1290.7
1292100 1286.6
1292110 1286.6
1292120 1282.4
1292130 1278.2
1292140 1274.1
1292150 1274.1
1292160 1269.6
1292170 1264.8
1292180 1264.8
1292190 1259.8
1292200 1256.7
1292210 1256.7
1292220 1255.6
1292230 1254.4
1292240 1254.4
1292250 1254.6
1292260 1252.9
1292270 1252.9
1292280 1251.6
1292290 1251.4
1292300 1251.4
1292310 1248.3
1292320 1244.4
1292330 1244.4
1292340 1241.2
1292350 1236.6
1292360 1236.6
1292370 1240.4
1292380 1247.9
1292390 1247.9
1292400 1252.4
1292410 1253.9
1292420 1253.9
1292430 1254.9
1292440 1257.2
1292450 1257.2
1292460 1259.9
1292470 1259.1
1292480 1259.1
1292490 1257.3
1292500 1260.8
1292510 1266.9
1292520 1266.9
1292530 1271.6
1292540 1278.3
1292550 1278.3
1292560 1283.9
1292570 1289.4
1292580 1289.4
1292590 1295.6
1292600 1302.3
1292610 1302.3
1292620 1308.9
1292630 1315.5
1292640 1315.5
1292650 1321.9
1292660 1328.5
1292670 1328.5
1292680 1335.2
1292690 1341.7
1292700 1341.7
1292710 1346.7
1292720 1350.8
1292730 1350.8
1292740 1355.1
1292750 1358.9
1292760 1358.9
1292770 1365.5
1292780 1372.6
1292790 1372.6
1292800 1378.7
1292810 1383.8
1292820 1383.8
1292830 1388.8
1292840 1394.0
1292850 1399.2
1292860 1399.2
1292870 1404.6
1292880 1409.7
1292890 1409.7
1292900 1415.0
1292910 1419.4
1292920 1419.4
1292930 1421.7
1292940 1425.5
1292950 1425.5
1292960 1429.5
1292970 1432.7
1292980 1432.7
1292990 1436.9
1293000 1442.5
1293010 1442.5
1293020 1447.7
1293030 1453.3
1293040 1453.3
1293050 1458.5
1293060 1463.7
1293070 1463.7
1293080 1468.8
1293090 1473.8
1293100 1473.8
1293110 1478.6
1293120 1483.1
1293130 1483.1
1293140 1487.5
1293150 1491.4
1293160 1491.4
1293170 1495.1
1293180 1498.5
1293190 1498.5
1293200 1495.6
1293210 1499.4
1293220 1502.4
1293230 1502.4
1293240 1505.4
1293250 1508.2
1293260 1508.2
1293270 1510.3
1293280 1512.3
1293290 1512.3
1293300 1514.3
1293310 1517.0
1293320 1517.0
1293330 1521.1
1293340 1524.0
1293350 1524.0
1293360 1523.4
1293370 1520.7
1293380 1520.7
1293390 1517.4
1293400 1510.4
1293410 1510.4
1293420 1508.1
1293430 1508.7
1293440 1508.7
1293450 1511.4
1293460 1517.1
1293470 1517.1
1293480 1514.8
1293490 1514.3
1293500 1514.3
1293510 1524.2
1293520 1532.5
1293530 1532.5
1293540 1528.5
1293550 1526.9
1293560 1526.9
1293570 1535.4
1293580 1541.2
1293590 1543.2
1293600 1543.2
1293610 1548.8
1293620 1554.0
1293630 1554.0
1293640 1555.7
1293650 1556.9
1293660 1556.9
1293670 1558.2
1293680 1561.9
1293690 1561.9
1293700 1565.1
1293710 1568.3
1293720 1568.3
1293730 1571.8
1293740 1575.6
1293750 1575.6
1293760 1579.3
1293770 1582.5
1293780 1582.5
1293790 1585.2
1293800 1586.6
1293810 1586.6
1293820 1586.4
1293830 1583.4
1293840 1583.4
1293850 1580.4
1293860 1578.5
1293870 1570.3
1293880 1567.2
1293890 1568.4
1293900 1568.4
1293910 1575.2
1293920 1580.5
1293930 1586.0
1293940 1586.0
1293950 1592.6
1293960 1602.4
1293970 1602.4
1293980 1610.0
1293990 1614.3
1294000 1614.3
1294010 1616.1
1294020 1617.1
1294030 1617.1
1294040 1618.0
1294050 1619.1
1294060 1619.1
1294070 1620.3
1294080 1621.5
1294090 1621.5
1294100 1621.7
1294110 1620.8
1294120 1620.8
1294130 1619.4
1294140 1618.1
1294150 1618.1
1294160 1617.7
1294170 1616.4
1294180 1616.4
1294190 1613.7
1294200 1609.9
1294210 1609.9
1294220 1604.8
1294230 1600.9
1294240 1600.9
1294250 1598.3
1294260 1595.9
1294270 1595.9
1294280 1593.5
1294290 1593.9
1294300 1595.1
1294310 1595.1
1294320 1595.4
1294330 1595.1
1294340 1595.1
1294350 1593.4
1294360 1590.6
1294370 1590.6
1294380 1585.2
1294390 1577.1
1294400 1577.1
1294410 1571.7
1294420 1572.7
1294430 1572.7
1294440 1572.6
1294450 1570.9
1294460 1570.9
1294470 1567.9
1294480 1563.4
1294490 1563.4
1294500 1560.8
1294510 1564.8
1294520 1564.8
1294530 1568.9
1294540 1568.9
1294550 1568.9
1294560 1573.8
1294570 1579.4
1294580 1579.4
1294590 1583.9
1294600 1586.8
1294610 1586.8
1294620 1587.8
1294630 1583.2
1294640 1573.5
1294650 1573.5
1294660 1567.8
1294670 1563.2
1294680 1563.2
1294690 1567.2
1294700 1570.7
1294710 1570.7
1294720 1570.4
1294730 1575.4
1294740 1575.4
1294750 1585.6
1294760 1594.1
1294770 1594.1
1294780 1598.2
1294790 1601.4
1294800 1601.4
1294810 1604.3
1294820 1605.8
1294830 1605.8
1294840 1607.3
1294850 1608.2
1294860 1608.2
1294870 1612.2
1294880 1618.1
1294890 1618.1
1294900 1622.9
1294910 1629.5
1294920 1629.5
1294930 1634.8
1294940 1641.4
1294950 1641.4
1294960 1649.0
1294970 1656.7
1294980 1656.7
1294990 1665.2
1295000 1673.5
1295010 1682.3
1295020 1682.3
1295030 1689.9
1295040 1699.5
1295050 1699.5
1295060 1709.9
1295070 1718.3
1295080 1718.3
1295090 1726.7
1295100 1747.9
1295110 1747.9
1295120 1778.5
1295130 1788.7
1295140 1788.7
1295150 1797.7
1295160 1805.0
1295170 1805.0
1295180 1811.0
1295190 1820.3
1295200 1820.3
1295210 1830.6
1295220 1837.3
1295230 1837.3
1295240 1841.7
1295250 1848.1
1295260 1848.1
1295270 1856.3
1295280 1866.3
1295290 1866.3
1295300 1879.7
1295310 1888.6
1295320 1888.6
1295330 1886.1
1295340 1874.3
1295350 1861.4
1295360 1861.4
1295370 1847.8
1295380 1833.9
1295390 1833.9
1295400 1821.3
1295410 1810.2
1295420 1810.2
1295430 1801.3
1295440 1792.5
1295450 1792.5
1295460 1782.4
1295470 1773.8
1295480 1773.8
1295490 1767.1
1295500 1760.5
1295510 1760.5
1295520 1753.9
1295530 1748.0
1295540 1748.0
1295550 1742.1
1295560 1736.1
1295570 1736.1
1295580 1730.6
1295590 1725.3
1295600 1725.3
1295610 1720.2
1295620 1714.7
1295630 1714.7
1295640 1709.4
1295650 1704.9
1295660 1704.9
1295670 1700.4
1295680 1697.0
1295690 1697.0
1295700 1695.3
1295710 1692.8
1295720 1687.6
1295730 1687.6
1295740 1682.9
1295750 1679.7
1295760 1679.7
1295770 1670.6
1295780 1662.0
1295790 1662.0
1295800 1654.9
1295810 1648.5
1295820 1648.5
1295830 1642.7
1295840 1637.3
1295850 1637.3
1295860 1632.4
1295870 1628.0
1295880 1628.0
1295890 1623.4
1295900 1620.9
1295910 1620.9
1295920 1618.2
1295930 1615.8
1295940 1615.8
1295950 1613.6
1295960 1611.7
1295970 1611.7
1295980 1609.8
1295990 1607.8
1296000 1607.8
1296010 1605.4
1296020 1603.3
1296030 1603.3
1296040 1601.2
1296050 1600.0
1296060 1600.0
1296070 1599.5
1296080 1598.6
1296090 1598.6
1296100 1598.6
1296110 1599.1
1296120 1597.8
1296130 1597.8
1296140 1595.6
1296150 1593.7
1296160 1593.7
1296170 1592.1
1296180 1590.3
1296190 1590.3
1296200 1588.3
1296210 1586.2
1296220 1586.2
1296230 1584.6
1296240 1583.9
1296250 1583.9
1296260 1583.6
1296270 1583.8
1296280 1583.8
1296290 1584.2
1296300 1583.1
1296310 1583.1
1296320 1580.0
1296330 1576.6
1296340 1576.6
1296350 1573.2
1296360 1568.7
1296370 1568.7
1296380 1563.3
1296390 1558.3
1296400 1558.3
1296410 1552.2
1296420 1546.2
1296430 1539.3
1296440 1539.3
1296450 1532.7
1296460 1528.8
1296470 1528.8
1296480 1525.8
1296490 1521.7
1296500 1521.7
1296510 1517.9
1296520 1514.0
1296530 1514.0
1296540 1509.6
1296550 1505.1
1296560 1505.1
1296570 1498.5
1296580 1493.3
1296590 1493.3
1296600 1487.5
1296610 1481.2
1296620 1481.2
1296630 1475.5
1296640 1471.3
1296650 1471.3
1296660 1467.9
1296670 1468.9
1296680 1468.9
1296690 1470.0
1296700 1467.4
1296710 1467.4
1296720 1465.7
1296730 1464.5
1296740 1464.5
1296750 1464.2
1296760 1462.8
1296770 1462.8
1296780 1455.9
1296790 1451.0
1296800 1454.0
1296810 1454.0
1296820 1459.4
1296830 1463.9
1296840 1463.9
1296850 1463.7
1296860 1463.2
1296870 1463.2
1296880 1463.6
1296890 1464.5
1296900 1464.5
1296910 1464.3
1296920 1464.7
1296930 1464.7
1296940 1466.2
1296950 1467.7
1296960 1467.7
1296970 1469.4
1296980 1471.3
1296990 1471.3
1297000 1473.4
1297010 1476.2
1297020 1476.2
1297030 1479.4
1297040 1481.8
1297050 1481.8
1297060 1484.3
1297070 1486.8
1297080 1486.8
1297090 1489.2
1297100 1494.5
1297110 1494.5
1297120 1499.6
1297130 1504.0
1297140 1507.6
1297150 1507.6
1297160 1511.7
1297170 1516.7
1297180 1516.7
1297190 1521.0
1297200 1525.5
1297210 1525.5
1297220 1530.8
1297230 1536.6
1297240 1536.6
1297250 1545.1
1297260 1551.6
1297270 1551.6
1297280 1558.5
1297290 1564.9
1297300 1564.9
1297310 1571.9
1297320 1579.0
1297330 1579.0
1297340 1586.3
1297350 1593.4
1297360 1593.4
1297370 1600.8
1297380 1608.0
1297390 1608.0
1297400 1614.9
1297410 1620.8
1297420 1620.8
1297430 1623.5
1297440 1623.9
1297450 1623.9
1297460 1622.2
1297470 1618.9
1297480 1618.9
1297490 1614.8
1297500 1610.0
1297510 1604.9
1297520 1604.9
1297530 1600.2
1297540 1596.0
1297550 1596.0
1297560 1591.8
1297570 1587.4
1297580 1587.4
1297590 1582.6
1297600 1578.0
1297610 1578.0
1297620 1573.2
1297630 1568.5
1297640 1568.5
1297650 1564.3
1297660 1560.2
1297670 1560.2
1297680 1556.2
1297690 1551.8
1297700 1551.8
1297710 1546.9
1297720 1540.9
1297730 1540.9
1297740 1534.7
1297750 1529.1
1297760 1529.1
1297770 1523.6
1297780 1518.3
1297790 1518.3
1297800 1513.9
1297810 1510.6
1297820 1510.6
1297830 1505.6
1297840 1500.1
1297850 1495.0
1297860 1495.0
1297870 1488.7
1297880 1482.9
1297890 1482.9
1297900 1478.4
1297910 1473.7
1297920 1473.7
1297930 1468.4
1297940 1461.6
1297950 1461.6
1297960 1456.0
1297970 1450.2
1297980 1450.2
1297990 1443.0
1298000 1436.3
1298010 1436.3
1298020 1429.7
1298030 1424.2
1298040 1424.2
1298050 1419.6
1298060 1415.2
1298070 1415.2
1298080 1411.6
1298090 1407.7
1298100 1407.7
1298110 1403.0
1298120 1397.7
1298130 1397.7
1298140 1393.1
1298150 1389.0
1298160 1389.0
1298170 1385.4
1298180 1382.2
1298190 1382.2
1298200 1378.6
1298210 1375.6
1298220 1371.7
1298230 1371.7
1298240 1368.0
1298250 1363.8
1298260 1363.8
1298270 1359.1
1298280 1353.5
1298290 1353.5
1298300 1348.5
1298310 1344.7
1298320 1344.7
1298330 1339.2
1298340 1332.9
1298350 1332.9
1298360 1326.9
1298370 1322.2
1298380 1322.2
1298390 1318.8
1298400 1315.6
1298410 1315.6
1298420 1312.3
1298430 1307.6
1298440 1307.6
1298450 1301.6
1298460 1294.5
1298470 1294.5
1298480 1289.5
1298490 1287.3
1298500 1287.3
1298510 1283.8
1298520 1278.9
1298530 1278.9
1298540 1274.4
1298550 1269.9
1298560 1265.5
1298570 1265.5
1298580 1261.0
1298590 1256.9
1298600 1256.9
1298610 1252.8
1298620 1246.4
1298630 1246.4
1298640 1245.1
1298650 1243.9
1298660 1243.9
1298670 1242.6
1298680 1242.8
1298690 1242.8
1298700 1241.5
1298710 1241.4
1298720 1241.4
1298730 1241.9
1298740 1241.1
1298750 1241.1
1298760 1240.5
1298770 1239.3
1298780 1239.3
1298790 1240.1
1298800 1237.4
1298810 1237.4
1298820 1237.1
1298830 1237.4
1298840 1237.4
1298850 1235.8
1298860 1231.9
1298870 1231.9
1298880 1224.5
1298890 1219.2
1298900 1219.2
1298910 1221.3
1298920 1223.2
1298930 1223.8
1298940 1223.8
1298950 1221.6
1298960 1213.3
1298970 1213.3
1298980 1205.7
1298990 1210.9
1299000 1210.9
1299010 1218.6
1299020 1216.8
1299030 1216.8
1299040 1212.6
1299050 1211.2
1299060 1211.2
1299070 1210.5
1299080 1204.2
1299090 1204.2
1299100 1203.4
1299110 1203.7
1299120 1203.7
1299130 1205.3
1299140 1209.6
1299150 1209.6
1299160 1214.7
1299170 1219.7
1299180 1219.7
1299190 1222.8
1299200 1221.6
1299210 1221.6
1299220 1221.0
1299230 1218.9
1299240 1218.9
1299250 1214.9
1299260 1212.4
1299270 1212.4
1299280 1210.8
1299290 1210.3
1299300 1207.3
1299310 1211.3
1299320 1206.8
1299330 1202.7
1299340 1202.7
1299350 1198.9
1299360 1195.3
1299370 1195.3
1299380 1193.9
1299390 1191.1
1299400 1191.1
1299410 1186.5
1299420 1181.2
1299430 1181.2
1299440 1174.9
1299450 1168.9
1299460 1168.9
1299470 1165.1
1299480 1165.9
1299490 1165.9
1299500 1170.4
1299510 1174.0
1299520 1174.0
1299530 1173.1
1299540 1170.5
1299550 1170.5
1299560 1167.7
1299570 1163.1
1299580 1163.1
1299590 1156.7
1299600 1148.0
1299610 1148.0
1299620 1141.3
1299630 1138.6
1299640 1136.8
1299650 1136.8
1299660 1137.6
1299670 1139.5
1299680 1139.5
1299690 1140.8
1299700 1141.0
1299710 1141.0
1299720 1140.3
1299730 1138.6
1299740 1138.6
1299750 1136.2
1299760 1133.2
1299770 1133.2
1299780 1130.5
1299790 1127.5
1299800 1127.5
1299810 1124.7
1299820 1122.9
1299830 1122.9
1299840 1123.3
1299850 1124.1
1299860 1124.1
1299870 1121.9
1299880 1117.4
1299890 1117.4
1299900 1112.6
1299910 1107.5
1299920 1107.5
1299930 1101.9
1299940 1096.6
1299950 1096.6
1299960 1091.6
1299970 1086.5
1299980 1086.5
1299990 1081.4
