1288490 1243.9
1288500 1243.9
1288510 1246.0
1288520 1249.7
1288530 1249.7
1288540 1253.6
1288550 1257.3
1288560 1257.3
1288570 1258.3
1288580 1255.3
1288590 1255.3
1288600 1253.9
1288610 1253.7
1288620 1253.7
1288630 1251.7
1288640 1249.2
1288650 1249.2
1288660 1252.7
1288670 1259.6
1288680 1266.1
1288690 1266.1
1288700 1271.4
1288710 1271.9
1288720 1271.9
1288730 1269.0
1288740 1267.1
1288750 1267.1
1288760 1266.5
1288770 1265.5
1288780 1265.5
1288790 1262.2
1288800 1259.9
1288810 1259.9
1288820 1258.9
1288830 1256.9
1288840 1256.9
1288850 1257.4
1288860 1262.5
1288870 1262.5
1288880 1269.2
1288890 1277.2
1288900 1277.2
1288910 1285.3
1288920 1293.1
1288930 1293.1
1288940 1301.0
1288950 1306.9
1288960 1306.9
1288970 1311.0
1288980 1316.2
1288990 1316.2
1289000 1322.3
1289010 1328.4
1289020 1328.4
1289030 1334.3
1289040 1341.2
1289050 1347.6
1289060 1347.6
1289070 1350.2
1289080 1358.0
1289090 1358.0
1289100 1366.5
1289110 1373.1
1289120 1373.1
1289130 1378.3
1289140 1385.4
1289150 1385.4
1289160 1393.3
1289170 1402.9
1289180 1402.9
1289190 1412.2
1289200 1421.6
1289210 1421.6
1289220 1428.7
1289230 1434.9
1289240 1434.9
1289250 1441.1
1289260 1445.8
1289270 1445.8
1289280 1449.6
1289290 1453.5
1289300 1453.5
1289310 1457.2
1289320 1460.7
1289330 1460.7
1289340 1464.7
1289350 1469.1
1289360 1469.1
1289370 1473.8
1289380 1479.1
1289390 1479.1
1289400 1484.5
1289410 1489.5
1289420 1493.7
1289430 1493.7
1289440 1498.1
1289450 1502.2
1289460 1502.2
1289470 1505.5
1289480 1508.0
1289490 1508.0
1289500 1510.5
1289510 1513.6
1289520 1513.6
1289530 1516.9
1289540 1520.1
1289550 1520.1
1289560 1523.0
1289570 1526.0
1289580 1526.0
1289590 1528.8
1289600 1531.4
1289610 1531.4
1289620 1533.0
1289630 1533.7
1289640 1533.7
1289650 1534.7
1289660 1535.6
1289670 1535.6
1289680 1535.9
1289690 1535.3
1289700 1535.3
1289710 1534.6
1289720 1533.8
1289730 1528.9
1289740 1528.9
1289750 1529.5
1289760 1530.5
1289770 1530.5
1289780 1531.6
1289790 1532.9
1289800 1532.9
1289810 1534.9
1289820 1537.7
1289830 1537.7
1289840 1540.2
1289850 1540.4
1289860 1540.4
1289870 1538.7
1289880 1537.6
1289890 1537.6
1289900 1537.7
1289910 1538.4
1289920 1538.4
1289930 1539.3
1289940 1540.7
1289950 1540.7
1289960 1542.1
1289970 1543.3
1289980 1543.3
1289990 1544.4
1290000 1545.4
1290010 1545.4
1290020 1546.2
1290030 1547.1
1290040 1547.1
1290050 1548.5
1290060 1549.9
1290070 1549.9
1290080 1550.6
1290090 1550.2
1290100 1550.2
1290110 1550.2
1290120 1549.4
1290130 1549.5
1290140 1549.5
1290150 1550.0
1290160 1549.5
1290170 1549.5
1290180 1549.6
1290190 1549.4
1290200 1549.4
1290210 1547.6
1290220 1546.5
1290230 1546.5
1290240 1545.7
1290250 1543.7
1290260 1543.7
1290270 1540.7
1290280 1536.4
1290290 1536.4
1290300 1531.9
1290310 1527.2
1290320 1527.2
1290330 1523.8
1290340 1521.1
1290350 1521.1
1290360 1517.9
1290370 1513.3
1290380 1508.9
1290390 1505.8
1290400 1504.0
1290410 1504.0
1290420 1501.7
1290430 1497.6
1290440 1497.6
1290450 1496.4
1290460 1499.6
1290470 1502.8
1290480 1502.8
1290490 1503.5
1290500 1503.2
1290510 1503.2
1290520 1502.0
1290530 1499.8
1290540 1499.8
1290550 1497.2
1290560 1494.4
1290570 1494.4
1290580 1491.6
1290590 1490.3
1290600 1490.3
1290610 1489.1
1290620 1487.3
1290630 1487.3
1290640 1484.7
1290650 1478.9
1290660 1478.9
1290670 1472.5
1290680 1465.5
1290690 1465.5
1290700 1459.7
1290710 1457.9
1290720 1457.9
1290730 1457.6
1290740 1458.1
1290750 1458.1
1290760 1457.8
1290770 1457.8
1290780 1457.8
1290790 1458.4
1290800 1457.8
1290810 1457.8
1290820 1456.9
1290830 1455.4
1290840 1453.1
1290850 1453.1
1290860 1450.2
1290870 1446.3
1290880 1446.3
1290890 1439.0
1290900 1431.1
1290910 1431.1
1290920 1425.1
1290930 1421.2
1290940 1421.2
1290950 1419.1
1290960 1416.9
1290970 1416.9
1290980 1415.3
1290990 1414.3
1291000 1414.3
1291010 1412.0
1291020 1408.9
1291030 1408.9
1291040 1402.0
1291050 1398.1
1291060 1398.1
1291070 1393.9
1291080 1389.8
1291090 1389.8
1291100 1385.7
1291110 1381.8
1291120 1381.8
1291130 1378.8
1291140 1376.2
1291150 1376.2
1291160 1373.0
1291170 1370.1
1291180 1370.1
1291190 1367.4
1291200 1365.1
1291210 1363.3
1291220 1363.3
1291230 1361.8
1291240 1360.5
1291250 1360.5
1291260 1359.7
1291270 1358.9
1291280 1358.9
1291290 1358.7
1291300 1358.5
1291310 1358.5
1291320 1358.3
1291330 1357.8
1291340 1357.8
1291350 1357.1
1291360 1356.6
1291370 1356.6
1291380 1356.2
1291390 1356.5
1291400 1356.5
1291410 1357.0
1291420 1357.5
1291430 1357.5
1291440 1357.5
1291450 1356.8
1291460 1356.8
1291470 1356.0
1291480 1355.0
1291490 1355.0
1291500 1354.0
1291510 1353.4
1291520 1353.4
1291530 1352.7
1291540 1352.4
1291550 1352.2
1291560 1352.2
1291570 1351.5
1291580 1350.8
1291590 1350.8
1291600 1350.2
1291610 1349.6
1291620 1349.6
1291630 1349.8
1291640 1350.0
1291650 1350.0
1291660 1350.0
1291670 1349.9
1291680 1349.9
1291690 1349.4
1291700 1347.5
1291710 1347.5
1291720 1348.3
1291730 1349.4
1291740 1349.4
1291750 1350.0
1291760 1350.8
1291770 1350.8
1291780 1351.3
1291790 1352.2
1291800 1352.2
1291810 1353.3
1291820 1354.7
1291830 1354.7
1291840 1356.0
1291850 1357.1
1291860 1357.1
1291870 1358.0
1291880 1358.6
1291890 1358.6
1291900 1359.3
1291910 1359.7
1291920 1359.4
1291930 1359.4
1291940 1358.5
1291950 1358.4
1291960 1358.4
1291970 1358.5
1291980 1358.8
1291990 1358.8
1292000 1359.0
1292010 1358.8
1292020 1358.8
1292030 1358.1
1292040 1357.3
1292050 1357.3
1292060 1356.5
1292070 1355.3
1292080 1355.3
1292090 1353.4
1292100 1350.9
1292110 1350.9
1292120 1347.8
1292130 1344.7
1292140 1344.7
1292150 1342.5
1292160 1341.1
1292170 1341.1
1292180 1338.8
1292190 1336.6
1292200 1336.6
1292210 1334.1
1292220 1330.1
1292230 1330.1
1292240 1329.9
1292250 1331.8
1292260 1331.8
1292270 1333.5
1292280 1334.2
1292290 1334.2
1292300 1334.2
1292310 1333.4
1292320 1332.3
1292330 1332.3
1292340 1330.3
1292350 1327.9
1292360 1327.9
1292370 1325.9
1292380 1325.5
1292390 1325.5
1292400 1325.5
1292410 1328.9
1292420 1328.9
1292430 1331.6
1292440 1333.7
1292450 1333.7
1292460 1336.5
1292470 1339.0
1292480 1339.0
1292490 1341.0
1292500 1342.9
1292510 1342.9
1292520 1344.3
1292530 1347.0
1292540 1347.0
1292550 1350.9
1292560 1354.1
1292570 1354.1
1292580 1355.2
1292590 1354.9
1292600 1354.9
1292610 1354.5
1292620 1354.1
1292630 1354.3
1292640 1354.3
1292650 1355.8
1292660 1358.5
1292670 1358.5
1292680 1362.1
1292690 1364.6
1292700 1364.6
1292710 1364.7
1292720 1365.0
1292730 1365.0
1292740 1367.9
1292750 1374.6
1292760 1374.6
1292770 1382.5
1292780 1388.4
1292790 1388.4
1292800 1396.5
1292810 1400.9
1292820 1400.9
1292830 1405.8
1292840 1410.0
1292850 1410.0
1292860 1412.8
1292870 1415.3
1292880 1415.3
1292890 1418.6
1292900 1422.5
1292910 1422.5
1292920 1427.8
1292930 1433.9
1292940 1433.9
1292950 1440.1
1292960 1446.2
1292970 1446.2
1292980 1451.9
1292990 1457.1
1293000 1462.6
1293010 1462.6
1293020 1468.3
1293030 1474.1
1293040 1476.8
1293050 1483.1
1293060 1489.0
1293070 1489.0
1293080 1492.8
1293090 1496.7
1293100 1496.7
1293110 1502.1
1293120 1507.5
1293130 1507.5
1293140 1512.6
1293150 1517.1
1293160 1517.1
1293170 1521.4
1293180 1526.5
1293190 1526.5
1293200 1531.2
1293210 1536.0
1293220 1536.0
1293230 1540.6
1293240 1544.3
1293250 1544.3
1293260 1547.9
1293270 1552.4
1293280 1552.4
1293290 1556.9
1293300 1560.6
1293310 1560.6
1293320 1564.9
1293330 1569.5
1293340 1574.2
1293350 1574.2
1293360 1579.5
1293370 1584.0
1293380 1584.0
1293390 1588.4
1293400 1593.0
1293410 1593.0
1293420 1597.4
1293430 1601.3
1293440 1601.3
1293450 1605.4
1293460 1609.5
1293470 1609.5
1293480 1613.6
1293490 1618.9
1293500 1618.9
1293510 1623.0
1293520 1626.3
1293530 1626.3
1293540 1629.6
1293550 1632.9
1293560 1632.9
1293570 1637.2
1293580 1641.7
1293590 1641.7
1293600 1645.5
1293610 1650.6
1293620 1650.6
1293630 1656.2
1293640 1661.2
1293650 1661.2
1293660 1665.8
1293670 1670.0
1293680 1670.0
1293690 1674.2
1293700 1678.9
1293710 1688.7
1293720 1688.7
1293730 1693.3
1293740 1698.0
1293750 1698.0
1293760 1703.3
1293770 1708.2
1293780 1708.2
1293790 1713.7
1293800 1719.0
1293810 1719.0
1293820 1723.9
1293830 1729.0
1293840 1729.0
1293850 1734.6
1293860 1740.2
1293870 1740.2
1293880 1745.8
1293890 1751.6
1293900 1751.6
1293910 1757.5
1293920 1763.3
1293930 1763.3
1293940 1769.2
1293950 1775.1
1293960 1775.1
1293970 1780.9
1293980 1786.8
1293990 1786.8
1294000 1792.4
1294010 1797.8
1294020 1797.8
1294030 1803.1
1294040 1808.2
1294050 1808.2
1294060 1812.9
1294070 1817.3
1294080 1821.4
1294090 1821.4
1294100 1824.4
1294110 1826.7
1294120 1826.7
1294130 1826.1
1294140 1823.2
1294150 1823.2
1294160 1820.0
1294170 1816.6
1294180 1816.6
1294190 1813.5
1294200 1810.6
1294210 1810.6
1294220 1807.4
1294230 1804.1
1294240 1804.1
1294250 1801.0
1294260 1797.7
1294270 1797.7
1294280 1794.4
1294290 1791.3
1294300 1791.3
1294310 1788.7
1294320 1786.6
1294330 1786.6
1294340 1784.6
1294350 1783.1
1294360 1783.1
1294370 1781.7
1294380 1778.8
1294390 1778.8
1294400 1778.7
1294410 1777.6
1294420 1777.6
1294430 1777.6
1294440 1777.1
1294450 1776.4
1294460 1776.4
1294470 1776.2
1294480 1775.6
1294490 1775.6
1294500 1775.4
1294510 1775.2
1294520 1775.2
1294530 1775.2
1294540 1775.5
1294550 1775.5
1294560 1775.5
1294570 1775.7
1294580 1775.7
1294590 1776.0
1294600 1776.5
1294610 1776.5
1294620 1778.0
1294630 1778.6
1294640 1778.6
1294650 1777.9
1294660 1776.4
1294670 1776.4
1294680 1773.9
1294690 1769.7
1294700 1769.7
1294710 1764.5
1294720 1762.6
1294730 1762.6
1294740 1761.3
1294750 1758.8
1294760 1758.8
1294770 1754.4
1294780 1747.7
1294790 1745.3
1294800 1745.3
1294810 1742.8
1294820 1738.7
1294830 1738.7
1294840 1739.7
1294850 1741.9
1294860 1741.9
1294870 1741.6
1294880 1740.6
1294890 1740.6
1294900 1739.9
1294910 1738.4
1294920 1738.4
1294930 1737.0
1294940 1735.3
1294950 1735.3
1294960 1733.7
1294970 1732.0
1294980 1732.0
1294990 1730.1
1295000 1728.0
1295010 1728.0
1295020 1725.8
1295030 1723.2
1295040 1723.2
1295050 1719.6
1295060 1716.2
1295070 1716.2
1295080 1712.6
1295090 1707.4
1295100 1707.4
1295110 1701.8
1295120 1697.3
1295130 1693.5
1295140 1693.5
1295150 1690.9
1295160 1689.5
1295170 1689.5
1295180 1688.6
1295190 1687.5
1295200 1687.5
1295210 1685.8
1295220 1683.5
1295230 1683.5
1295240 1681.2
1295250 1678.3
1295260 1678.3
1295270 1675.4
1295280 1672.9
1295290 1672.9
1295300 1670.3
1295310 1667.6
1295320 1667.6
1295330 1664.7
1295340 1661.9
1295350 1661.9
1295360 1659.5
1295370 1657.4
1295380 1657.4
1295390 1655.1
1295400 1652.8
1295410 1652.8
1295420 1650.8
1295430 1649.8
1295440 1649.8
1295450 1649.4
1295460 1649.4
1295470 1649.4
1295480 1648.9
1295490 1648.3
1295500 1647.5
1295510 1647.5
1295520 1646.5
1295530 1645.7
1295540 1645.7
1295550 1644.3
1295560 1642.3
1295570 1642.3
1295580 1641.5
1295590 1640.6
1295600 1640.6
1295610 1639.6
1295620 1640.0
1295630 1640.0
1295640 1642.2
1295650 1645.6
1295660 1645.6
1295670 1649.0
1295680 1651.9
1295690 1651.9
1295700 1653.3
1295710 1655.6
1295720 1655.6
1295730 1662.7
1295740 1664.0
1295750 1664.0
1295760 1666.4
1295770 1669.6
1295780 1669.6
1295790 1671.8
1295800 1675.3
1295810 1675.3
1295820 1679.4
1295830 1682.9
1295840 1682.9
1295850 1685.2
1295860 1686.7
1295870 1688.2
1295880 1688.2
1295890 1689.8
1295900 1691.6
1295910 1691.6
1295920 1693.4
1295930 1695.0
1295940 1695.0
1295950 1696.7
1295960 1698.4
1295970 1698.4
1295980 1700.2
1295990 1702.0
1296000 1702.0
1296010 1703.5
1296020 1704.5
1296030 1704.5
1296040 1705.0
1296050 1704.8
1296060 1704.8
1296070 1704.1
1296080 1703.1
1296090 1703.1
1296100 1701.6
1296110 1699.9
1296120 1699.9
1296130 1697.9
1296140 1695.7
1296150 1695.7
1296160 1693.2
1296170 1690.2
1296180 1690.2
1296190 1687.1
1296200 1684.1
1296210 1681.4
1296220 1681.4
1296230 1678.7
1296240 1675.9
1296250 1675.9
1296260 1673.2
1296270 1670.4
1296280 1670.4
1296290 1667.4
1296300 1663.6
1296310 1663.6
1296320 1655.0
1296330 1643.1
1296340 1643.1
1296350 1633.8
1296360 1626.8
1296370 1626.8
1296380 1617.4
1296390 1604.8
1296400 1604.8
1296410 1589.5
1296420 1578.2
1296430 1578.2
1296440 1565.3
1296450 1558.1
1296460 1558.1
1296470 1551.9
1296480 1545.0
1296490 1545.0
1296500 1538.9
1296510 1532.5
1296520 1532.5
1296530 1526.2
1296540 1519.7
1296550 1519.7
1296560 1513.0
1296570 1506.3
1296580 1499.5
1296590 1499.5
1296600 1493.4
1296610 1488.6
1296620 1488.6
1296630 1483.6
1296640 1478.1
1296650 1478.1
1296660 1472.1
1296670 1466.3
1296680 1466.3
1296690 1460.3
1296700 1454.6
1296710 1454.6
1296720 1448.1
1296730 1441.6
1296740 1441.6
1296750 1436.9
1296760 1431.4
1296770 1431.4
1296780 1426.0
1296790 1420.4
1296800 1420.4
1296810 1414.3
1296820 1408.7
1296830 1408.7
1296840 1403.0
1296850 1397.3
1296860 1397.3
1296870 1391.3
1296880 1386.3
1296890 1386.3
1296900 1381.3
1296910 1376.4
1296920 1376.4
1296930 1371.9
1296940 1368.1
1296950 1364.5
1296960 1364.5
1296970 1361.4
1296980 1359.2
1296990 1359.2
1297000 1358.4
1297010 1352.8
1297020 1352.8
1297030 1343.5
1297040 1332.8
1297050 1332.8
1297060 1325.3
1297070 1322.7
1297080 1322.7
1297090 1329.0
1297100 1333.3
1297110 1333.3
1297120 1338.2
1297130 1342.6
1297140 1342.6
1297150 1345.7
1297160 1351.2
1297170 1351.2
1297180 1354.7
1297190 1357.8
1297200 1357.8
1297210 1361.7
1297220 1364.2
1297230 1364.2
1297240 1367.3
1297250 1371.6
1297260 1371.6
1297270 1376.0
1297280 1380.0
1297290 1384.3
1297300 1384.3
1297310 1390.3
1297320 1398.3
1297330 1398.3
1297340 1406.0
1297350 1416.4
1297360 1416.4
1297370 1425.0
1297380 1430.2
1297390 1430.2
1297400 1434.9
1297410 1438.3
1297420 1438.3
1297430 1444.1
1297440 1458.2
1297450 1458.2
1297460 1468.2
1297470 1475.9
1297480 1475.9
1297490 1482.5
1297500 1489.0
1297510 1489.0
1297520 1494.5
1297530 1498.4
1297540 1498.4
1297550 1501.4
1297560 1505.1
1297570 1505.1
1297580 1508.8
1297590 1511.6
1297600 1511.6
1297610 1514.4
1297620 1516.1
1297630 1516.1
1297640 1517.9
1297650 1519.4
1297660 1520.8
1297670 1520.8
1297680 1521.9
1297690 1522.0
1297700 1522.0
1297710 1521.1
1297720 1519.3
1297730 1519.3
1297740 1517.8
1297750 1515.6
1297760 1515.6
1297770 1517.5
1297780 1514.7
1297790 1514.7
1297800 1512.0
1297810 1509.4
1297820 1509.4
1297830 1506.6
1297840 1504.0
1297850 1504.0
1297860 1500.7
1297870 1497.5
1297880 1497.5
1297890 1494.7
1297900 1491.4
1297910 1491.4
1297920 1486.8
1297930 1481.5
1297940 1481.5
1297950 1476.0
1297960 1472.2
1297970 1472.2
1297980 1468.8
1297990 1465.1
1298000 1462.6
1298010 1462.6
1298020 1459.6
1298030 1456.3
1298040 1456.3
1298050 1452.7
1298060 1448.9
1298070 1448.9
1298080 1443.6
1298090 1437.7
1298100 1437.7
1298110 1433.1
1298120 1430.5
1298130 1430.5
1298140 1427.4
1298150 1423.2
1298160 1423.2
1298170 1419.6
1298180 1415.5
1298190 1415.5
1298200 1412.0
1298210 1407.9
1298220 1407.9
1298230 1405.0
1298240 1402.1
1298250 1402.1
1298260 1398.6
1298270 1393.5
1298280 1393.5
1298290 1389.0
1298300 1384.8
1298310 1384.8
1298320 1380.2
1298330 1375.0
1298340 1375.0
1298350 1368.6
1298360 1361.7
1298370 1355.6
1298380 1355.6
1298390 1350.4
1298400 1345.6
1298410 1345.6
1298420 1340.4
1298430 1335.4
1298440 1335.4
1298450 1331.3
1298460 1329.6
1298470 1329.6
1298480 1325.2
1298490 1320.8
1298500 1320.8
1298510 1317.3
1298520 1312.7
1298530 1312.7
1298540 1307.1
1298550 1301.8
1298560 1301.8
1298570 1296.7
1298580 1291.6
1298590 1291.6
1298600 1287.2
1298610 1282.6
1298620 1282.6
1298630 1277.3
1298640 1272.1
1298650 1272.1
1298660 1266.2
1298670 1260.2
1298680 1260.2
1298690 1253.4
1298700 1245.7
1298710 1245.7
1298720 1237.7
1298730 1228.8
1298740 1222.2
1298750 1222.2
1298760 1221.6
1298770 1227.3
1298780 1227.3
1298790 1231.1
1298800 1235.3
1298810 1235.3
1298820 1238.3
1298830 1239.8
1298840 1239.8
1298850 1240.4
1298860 1240.4
1298870 1240.4
1298880 1240.7
1298890 1241.1
1298900 1241.1
1298910 1241.1
1298920 1240.5
1298930 1240.5
1298940 1239.8
1298950 1239.4
1298960 1239.4
1298970 1238.9
1298980 1238.3
1298990 1238.3
1299000 1236.4
1299010 1234.6
1299020 1234.6
1299030 1233.5
1299040 1232.3
1299050 1232.3
1299060 1230.9
1299070 1229.4
1299080 1228.6
1299090 1228.6
1299100 1228.4
1299110 1228.0
1299120 1228.0
1299130 1227.2
1299140 1226.5
1299150 1223.4
1299160 1222.6
1299170 1222.0
1299180 1222.0
1299190 1221.8
1299200 1221.4
1299210 1221.4
1299220 1220.8
1299230 1220.6
1299240 1220.6
1299250 1220.7
1299260 1221.3
1299270 1221.3
1299280 1222.3
1299290 1222.1
1299300 1222.1
1299310 1220.5
1299320 1218.5
1299330 1218.5
1299340 1216.9
1299350 1215.8
1299360 1215.8
1299370 1215.2
1299380 1214.5
1299390 1214.5
1299400 1213.5
1299410 1212.3
1299420 1212.3
1299430 1211.6
1299440 1211.2
1299450 1211.4
1299460 1211.4
1299470 1211.6
1299480 1211.6
1299490 1211.6
1299500 1211.2
1299510 1210.2
1299520 1210.2
1299530 1209.2
1299540 1208.8
1299550 1208.8
1299560 1208.1
1299570 1206.2
1299580 1206.2
1299590 1204.2
1299600 1201.8
1299610 1201.8
1299620 1200.0
1299630 1198.5
1299640 1198.5
1299650 1197.9
1299660 1197.6
1299670 1197.6
1299680 1197.2
1299690 1196.8
1299700 1196.8
1299710 1197.1
1299720 1197.1
1299730 1197.1
1299740 1195.9
1299750 1194.5
1299760 1194.5
1299770 1193.9
1299780 1194.4
1299790 1194.4
1299800 1193.4
1299810 1191.5
1299820 1190.0
1299830 1190.0
1299840 1188.4
1299850 1187.0
1299860 1187.0
1299870 1186.1
1299880 1185.2
1299890 1185.2
1299900 1184.1
1299910 1183.0
1299920 1183.0
1299930 1182.9
1299940 1182.6
1299950 1182.6
1299960 1181.3
1299970 1179.7
1299980 1179.7
1299990 1178.4
