1288270 1706.8
1288280 1708.0
1288290 1708.0
1288300 1710.2
1288310 1711.7
1288320 1711.7
1288330 1712.5
1288340 1714.4
1288350 1714.4
1288360 1716.1
1288370 1717.8
1288380 1717.8
1288390 1719.8
1288400 1722.4
1288410 1718.5
1288420 1720.4
1288430 1721.8
1288440 1721.8
1288450 1722.6
1288460 1722.7
1288470 1722.7
1288480 1722.7
1288490 1722.0
1288500 1722.0
1288510 1721.3
1288520 1721.7
1288530 1721.7
1288540 1723.5
1288550 1725.8
1288560 1728.5
1288570 1728.5
1288580 1731.6
1288590 1734.9
1288600 1734.9
1288610 1737.7
1288620 1741.2
1288630 1741.2
1288640 1744.9
1288650 1748.1
1288660 1748.1
1288670 1750.9
1288680 1752.8
1288690 1752.8
1288700 1754.5
1288710 1755.7
1288720 1755.7
1288730 1757.1
1288740 1759.1
1288750 1759.1
1288760 1760.6
1288770 1760.5
1288780 1760.5
1288790 1761.6
1288800 1763.4
1288810 1763.4
1288820 1765.8
1288830 1767.8
1288840 1767.8
1288850 1769.3
1288860 1771.0
1288870 1771.0
1288880 1771.2
1288890 1769.9
1288900 1769.9
1288910 1767.8
1288920 1767.5
1288930 1771.8
1288940 1771.8
1288950 1774.4
1288960 1772.2
1288970 1772.2
1288980 1764.0
1288990 1757.9
1289000 1757.9
1289010 1757.2
1289020 1763.6
1289030 1763.6
1289040 1769.0
1289050 1773.8
1289060 1777.9
1289070 1782.8
1289080 1788.3
1289090 1788.3
1289100 1794.1
1289110 1799.0
1289120 1799.0
1289130 1802.2
1289140 1806.1
1289150 1806.1
1289160 1808.3
1289170 1808.5
1289180 1808.5
1289190 1808.6
1289200 1809.8
1289210 1809.8
1289220 1810.7
1289230 1810.2
1289240 1810.2
1289250 1810.5
1289260 1811.1
1289270 1811.1
1289280 1811.9
1289290 1813.2
1289300 1814.5
1289310 1814.5
1289320 1815.8
1289330 1817.3
1289340 1817.3
1289350 1816.3
1289360 1816.1
1289370 1816.1
1289380 1817.8
1289390 1820.3
1289400 1820.3
1289410 1824.2
1289420 1827.8
1289430 1827.8
1289440 1830.2
1289450 1833.2
1289460 1833.2
1289470 1836.4
1289480 1839.8
1289490 1839.8
1289500 1842.2
1289510 1844.4
1289520 1844.4
1289530 1846.7
1289540 1848.7
1289550 1848.7
1289560 1850.3
1289570 1852.2
1289580 1852.2
1289590 1854.7
1289600 1857.4
1289610 1857.4
1289620 1862.1
1289630 1868.2
1289640 1868.2
1289650 1873.5
1289660 1877.2
1289670 1880.8
1289680 1880.8
1289690 1884.6
1289700 1888.4
1289710 1888.4
1289720 1887.5
1289730 1885.0
1289740 1885.0
1289750 1879.3
1289760 1874.7
1289770 1874.7
1289780 1870.3
1289790 1865.2
1289800 1865.2
1289810 1859.5
1289820 1854.3
1289830 1854.3
1289840 1850.2
1289850 1846.3
1289860 1846.3
1289870 1842.7
1289880 1839.4
1289890 1839.4
1289900 1836.9
1289910 1835.5
1289920 1835.5
1289930 1835.1
1289940 1834.7
1289950 1834.7
1289960 1835.0
1289970 1834.9
1289980 1834.9
1289990 1835.1
1290000 1831.7
1290010 1814.1
1290020 1814.1
1290030 1795.8
1290040 1776.9
1290050 1776.9
1290060 1759.8
1290070 1750.7
1290080 1750.7
1290090 1745.0
1290100 1740.6
1290110 1740.6
1290120 1737.2
1290130 1733.4
1290140 1733.4
1290150 1729.0
1290160 1726.4
1290170 1726.4
1290180 1725.7
1290190 1725.3
1290200 1725.3
1290210 1725.8
1290220 1727.3
1290230 1727.3
1290240 1729.6
1290250 1732.5
1290260 1732.5
1290270 1735.5
1290280 1738.9
1290290 1738.9
1290300 1742.9
1290310 1747.6
1290320 1747.6
1290330 1754.1
1290340 1761.0
1290350 1761.0
1290360 1768.4
1290370 1775.9
1290380 1786.5
1290390 1786.5
1290400 1794.3
1290410 1804.9
1290420 1804.9
1290430 1816.4
1290440 1827.1
1290450 1827.1
1290460 1834.9
1290470 1842.9
1290480 1842.9
1290490 1851.7
1290500 1861.0
1290510 1861.0
1290520 1870.3
1290530 1875.4
1290540 1875.4
1290550 1869.3
1290560 1860.1
1290570 1860.1
1290580 1850.3
1290590 1837.1
1290600 1837.1
1290610 1824.2
1290620 1826.0
1290630 1826.0
1290640 1832.2
1290650 1838.8
1290660 1838.8
1290670 1834.8
1290680 1834.6
1290690 1834.6
1290700 1829.7
1290710 1826.9
1290720 1826.9
1290730 1812.4
1290740 1794.9
1290750 1799.0
1290760 1799.0
1290770 1808.3
1290780 1811.9
1290790 1811.9
1290800 1811.7
1290810 1808.6
1290820 1808.6
1290830 1803.9
1290840 1798.9
1290850 1798.9
1290860 1794.4
1290870 1790.4
1290880 1790.4
1290890 1787.1
1290900 1784.1
1290910 1784.1
1290920 1784.5
1290930 1784.2
1290940 1784.2
1290950 1783.6
1290960 1783.6
1290970 1783.6
1290980 1783.0
1290990 1782.1
1291000 1782.1
1291010 1780.5
1291020 1779.6
1291030 1788.3
1291040 1789.3
1291050 1796.7
1291060 1796.7
1291070 1793.7
1291080 1786.7
1291090 1786.7
1291100 1786.4
1291110 1789.8
1291120 1796.6
1291130 1796.6
1291140 1806.9
1291150 1807.6
1291160 1807.6
1291170 1818.8
1291180 1826.6
1291190 1826.6
1291200 1830.1
1291210 1833.3
1291220 1833.3
1291230 1831.3
1291240 1824.8
1291250 1824.8
1291260 1819.5
1291270 1813.5
1291280 1813.5
1291290 1808.1
1291300 1802.6
1291310 1802.6
1291320 1797.1
1291330 1791.1
1291340 1791.1
1291350 1785.4
1291360 1778.7
1291370 1778.7
1291380 1772.0
1291390 1767.2
1291400 1767.2
1291410 1763.1
1291420 1758.4
1291430 1758.4
1291440 1754.4
1291450 1750.0
1291460 1750.0
1291470 1746.6
1291480 1744.0
1291490 1742.1
1291500 1742.1
1291510 1741.5
1291520 1740.8
1291530 1740.8
1291540 1739.6
1291550 1738.3
1291560 1738.3
1291570 1736.4
1291580 1728.8
1291590 1728.8
1291600 1720.4
1291610 1714.0
1291620 1714.0
1291630 1708.7
1291640 1704.0
1291650 1704.0
1291660 1697.7
1291670 1691.0
1291680 1691.0
1291690 1684.5
1291700 1680.9
1291710 1680.9
1291720 1674.5
1291730 1669.0
1291740 1669.0
1291750 1663.3
1291760 1658.3
1291770 1658.3
1291780 1652.9
1291790 1647.9
1291800 1647.9
1291810 1642.7
1291820 1638.0
1291830 1632.6
1291840 1632.6
1291850 1626.5
1291860 1620.4
1291870 1620.4
1291880 1615.3
1291890 1608.5
1291900 1608.5
1291910 1602.5
1291920 1598.5
1291930 1598.5
1291940 1594.6
1291950 1589.0
1291960 1589.0
1291970 1581.9
1291980 1571.9
1291990 1571.9
1292000 1563.4
1292010 1557.7
1292020 1557.7
1292030 1552.2
1292040 1545.5
1292050 1545.5
1292060 1536.9
1292070 1530.2
1292080 1530.2
1292090 1526.1
1292100 1524.4
1292110 1524.4
1292120 1517.5
1292130 1509.4
1292140 1509.4
1292150 1505.3
1292160 1499.7
1292170 1499.7
1292180 1491.9
1292190 1485.5
1292200 1481.5
1292210 1481.5
1292220 1480.1
1292230 1479.0
1292240 1479.0
1292250 1477.2
1292260 1474.7
1292270 1474.7
1292280 1472.5
1292290 1472.1
1292300 1472.1
1292310 1472.1
1292320 1471.8
1292330 1471.8
1292340 1471.2
1292350 1470.2
1292360 1472.8
1292370 1471.3
1292380 1469.9
1292390 1469.9
1292400 1469.2
1292410 1468.1
1292420 1468.1
1292430 1467.3
1292440 1466.9
1292450 1466.9
1292460 1466.4
1292470 1465.7
1292480 1465.7
1292490 1465.9
1292500 1466.1
1292510 1466.1
1292520 1466.2
1292530 1466.3
1292540 1466.3
1292550 1466.2
1292560 1466.5
1292570 1467.1
1292580 1467.1
1292590 1467.2
1292600 1467.2
1292610 1467.2
1292620 1467.2
1292630 1466.5
1292640 1466.5
1292650 1465.7
1292660 1466.3
1292670 1466.3
1292680 1467.7
1292690 1468.0
1292700 1468.0
1292710 1468.3
1292720 1469.5
1292730 1469.5
1292740 1469.5
1292750 1469.0
1292760 1469.0
1292770 1468.6
1292780 1467.9
1292790 1467.9
1292800 1467.1
1292810 1467.0
1292820 1467.0
1292830 1467.5
1292840 1467.8
1292850 1467.8
1292860 1468.9
1292870 1469.3
1292880 1469.3
1292890 1472.2
1292900 1477.4
1292910 1477.4
1292920 1482.8
1292930 1486.2
1292940 1488.3
1292950 1488.3
1292960 1490.3
1292970 1491.9
1292980 1491.9
1292990 1494.1
1293000 1495.4
1293010 1495.4
1293020 1495.8
1293030 1495.7
1293040 1495.7
1293050 1494.5
1293060 1496.8
1293070 1496.8
1293080 1500.1
1293090 1502.7
1293100 1502.7
1293110 1504.3
1293120 1505.0
1293130 1505.0
1293140 1508.2
1293150 1511.8
1293160 1511.8
1293170 1513.7
1293180 1515.2
1293190 1515.2
1293200 1515.0
1293210 1516.0
1293220 1516.0
1293230 1518.3
1293240 1521.0
1293250 1521.0
1293260 1524.5
1293270 1527.8
1293280 1530.6
1293290 1530.6
1293300 1533.4
1293310 1536.5
1293320 1536.5
1293330 1538.9
1293340 1541.5
1293350 1541.5
1293360 1544.4
1293370 1547.4
1293380 1547.4
1293390 1550.6
1293400 1554.6
1293410 1554.6
1293420 1560.0
1293430 1566.2
1293440 1566.2
1293450 1572.4
1293460 1579.0
1293470 1579.0
1293480 1584.6
1293490 1588.4
1293500 1588.4
1293510 1591.9
1293520 1595.2
1293530 1595.2
1293540 1599.0
1293550 1604.3
1293560 1604.3
1293570 1616.8
1293580 1625.9
1293590 1625.9
1293600 1633.0
1293610 1639.2
1293620 1639.2
1293630 1643.0
1293640 1643.5
1293650 1643.5
1293660 1643.5
1293670 1647.3
1293680 1653.6
1293690 1653.6
1293700 1680.7
1293710 1702.1
1293720 1702.1
1293730 1717.6
1293740 1720.5
1293750 1720.5
1293760 1721.4
1293770 1728.2
1293780 1728.2
1293790 1730.2
1293800 1726.0
1293810 1726.0
1293820 1718.4
1293830 1712.8
1293840 1712.8
1293850 1714.5
1293860 1718.7
1293870 1718.7
1293880 1725.4
1293890 1734.0
1293900 1734.0
1293910 1742.8
1293920 1752.6
1293930 1752.6
1293940 1762.4
1293950 1772.4
1293960 1772.4
1293970 1780.0
1293980 1775.1
1293990 1775.1
1294000 1771.6
1294010 1776.2
1294020 1781.1
1294030 1781.1
1294040 1783.2
1294050 1787.8
1294060 1787.8
1294070 1794.9
1294080 1803.2
1294090 1803.2
1294100 1813.6
1294110 1835.7
1294120 1835.7
1294130 1849.5
1294140 1855.1
1294150 1855.1
1294160 1859.7
1294170 1864.3
1294180 1864.3
1294190 1869.0
1294200 1873.6
1294210 1873.6
1294220 1878.3
1294230 1883.0
1294240 1883.0
1294250 1887.6
1294260 1891.9
1294270 1891.9
1294280 1895.3
1294290 1894.5
1294300 1894.5
1294310 1887.3
1294320 1879.0
1294330 1879.0
1294340 1870.8
1294350 1862.4
1294360 1862.4
1294370 1859.8
1294380 1851.8
1294390 1844.3
1294400 1844.3
1294410 1837.3
1294420 1830.8
1294430 1830.8
1294440 1823.5
1294450 1816.6
1294460 1816.6
1294470 1810.0
1294480 1804.5
1294490 1804.5
1294500 1800.1
1294510 1796.5
1294520 1796.5
1294530 1792.2
1294540 1786.9
1294550 1786.9
1294560 1781.7
1294570 1777.2
1294580 1777.2
1294590 1773.6
1294600 1768.2
1294610 1768.2
1294620 1761.0
1294630 1753.4
1294640 1753.4
1294650 1745.0
1294660 1737.0
1294670 1737.0
1294680 1732.1
1294690 1728.1
1294700 1728.1
1294710 1724.8
1294720 1723.1
1294730 1720.2
1294740 1720.2
1294750 1717.4
1294760 1715.1
1294770 1715.1
1294780 1713.0
1294790 1710.1
1294800 1710.1
1294810 1706.4
1294820 1703.3
1294830 1703.3
1294840 1700.2
1294850 1697.5
1294860 1697.5
1294870 1696.0
1294880 1693.2
1294890 1693.2
1294900 1689.4
1294910 1684.4
1294920 1684.4
1294930 1679.1
1294940 1674.2
1294950 1674.2
1294960 1669.0
1294970 1663.6
1294980 1663.6
1294990 1657.9
1295000 1653.1
1295010 1653.1
1295020 1648.8
1295030 1644.0
1295040 1640.6
1295050 1634.0
1295060 1627.3
1295070 1627.3
1295080 1620.2
1295090 1614.1
1295100 1609.7
1295110 1609.7
1295120 1605.6
1295130 1600.6
1295140 1600.6
1295150 1595.6
1295160 1591.5
1295170 1591.5
1295180 1587.8
1295190 1584.3
1295200 1584.3
1295210 1579.3
1295220 1573.3
1295230 1573.3
1295240 1568.2
1295250 1564.5
1295260 1564.5
1295270 1561.1
1295280 1557.0
1295290 1557.0
1295300 1553.3
1295310 1550.7
1295320 1550.7
1295330 1548.6
1295340 1546.2
1295350 1546.2
1295360 1543.8
1295370 1541.8
1295380 1541.8
1295390 1539.7
1295400 1537.3
1295410 1537.3
1295420 1536.0
1295430 1534.9
1295440 1534.9
1295450 1533.7
1295460 1532.8
1295470 1531.8
1295480 1531.8
1295490 1530.7
1295500 1529.7
1295510 1529.7
1295520 1529.1
1295530 1528.4
1295540 1528.4
1295550 1527.5
1295560 1526.0
1295570 1526.0
1295580 1524.7
1295590 1523.6
1295600 1523.6
1295610 1522.0
1295620 1520.1
1295630 1520.1
1295640 1518.5
1295650 1517.1
1295660 1517.1
1295670 1515.8
1295680 1514.1
1295690 1514.1
1295700 1511.3
1295710 1508.5
1295720 1505.9
1295730 1503.2
1295740 1501.1
1295750 1501.1
1295760 1499.4
1295770 1497.6
1295780 1497.6
1295790 1496.1
1295800 1494.3
1295810 1494.3
1295820 1492.5
1295830 1490.3
1295840 1488.2
1295850 1488.2
1295860 1485.9
1295870 1483.9
1295880 1483.9
1295890 1482.3
1295900 1480.8
1295910 1480.8
1295920 1478.7
1295930 1475.9
1295940 1475.9
1295950 1473.4
1295960 1470.9
1295970 1470.9
1295980 1468.5
1295990 1465.7
1296000 1465.7
1296010 1462.6
1296020 1459.6
1296030 1459.6
1296040 1456.8
1296050 1454.2
1296060 1454.2
1296070 1451.1
1296080 1447.4
1296090 1447.4
1296100 1442.1
1296110 1435.3
1296120 1435.3
1296130 1429.6
1296140 1424.7
1296150 1424.7
1296160 1419.9
1296170 1415.0
1296180 1410.3
1296190 1410.3
1296200 1405.8
1296210 1401.6
1296220 1401.6
1296230 1397.2
1296240 1392.4
1296250 1392.4
1296260 1387.2
1296270 1382.4
1296280 1382.4
1296290 1377.4
1296300 1372.3
1296310 1372.3
1296320 1366.9
1296330 1360.1
1296340 1360.1
1296350 1356.1
1296360 1355.3
1296370 1355.3
1296380 1353.3
1296390 1350.5
1296400 1345.8
1296410 1342.3
1296420 1338.1
1296430 1338.1
1296440 1333.9
1296450 1329.5
1296460 1329.5
1296470 1325.0
1296480 1320.9
1296490 1320.9
1296500 1316.9
1296510 1313.2
1296520 1313.2
1296530 1309.4
1296540 1305.6
1296550 1301.7
1296560 1301.7
1296570 1298.1
1296580 1295.2
1296590 1295.2
1296600 1292.6
1296610 1289.5
1296620 1289.5
1296630 1286.4
1296640 1283.3
1296650 1283.3
1296660 1280.3
1296670 1278.2
1296680 1278.2
1296690 1276.3
1296700 1273.8
1296710 1273.8
1296720 1271.5
1296730 1269.9
1296740 1269.9
1296750 1268.5
1296760 1267.0
1296770 1267.0
1296780 1264.7
1296790 1261.2
1296800 1261.2
1296810 1257.9
1296820 1254.8
1296830 1254.8
1296840 1251.8
1296850 1249.7
1296860 1249.7
1296870 1247.3
1296880 1245.2
1296890 1245.2
1296900 1242.5
1296910 1240.3
1296920 1238.8
1296930 1238.8
1296940 1237.0
1296950 1233.9
1296960 1233.9
1296970 1231.1
1296980 1229.2
1296990 1229.2
1297000 1227.1
1297010 1225.6
1297020 1225.6
1297030 1223.6
1297040 1222.1
1297050 1222.1
1297060 1219.7
1297070 1212.2
1297080 1209.1
1297090 1205.0
1297100 1200.8
1297110 1200.8
1297120 1198.5
1297130 1193.3
1297140 1193.3
1297150 1187.8
1297160 1183.5
1297170 1183.5
1297180 1180.2
1297190 1175.9
1297200 1175.9
1297210 1172.8
1297220 1170.1
1297230 1170.1
1297240 1167.7
1297250 1163.3
1297260 1163.3
1297270 1163.7
1297280 1163.5
1297290 1157.9
1297300 1157.9
1297310 1154.5
1297320 1153.3
1297330 1153.3
1297340 1157.2
1297350 1161.5
1297360 1161.5
1297370 1164.7
1297380 1170.3
1297390 1170.3
1297400 1175.0
1297410 1177.6
1297420 1177.6
1297430 1180.4
1297440 1181.9
1297450 1181.9
1297460 1182.1
1297470 1182.9
1297480 1182.9
1297490 1183.1
1297500 1183.7
1297510 1183.7
1297520 1184.2
1297530 1185.1
1297540 1185.1
1297550 1186.5
1297560 1188.8
1297570 1188.8
1297580 1190.7
1297590 1193.7
1297600 1193.7
1297610 1197.5
1297620 1199.1
1297630 1199.4
1297640 1199.4
1297650 1199.3
1297660 1200.6
1297670 1200.6
1297680 1202.1
1297690 1203.3
1297700 1203.3
1297710 1203.7
1297720 1203.9
1297730 1203.9
1297740 1206.0
1297750 1208.1
1297760 1208.1
1297770 1210.3
1297780 1212.7
1297790 1212.7
1297800 1214.9
1297810 1217.7
1297820 1217.7
1297830 1221.1
1297840 1224.9
1297850 1224.9
1297860 1229.9
1297870 1236.1
1297880 1236.1
1297890 1242.9
1297900 1248.3
1297910 1248.3
1297920 1250.9
1297930 1254.4
1297940 1254.4
1297950 1258.8
1297960 1263.2
1297970 1263.2
1297980 1268.1
1297990 1273.5
1298000 1278.5
1298010 1278.5
1298020 1283.6
1298030 1284.9
1298040 1284.9
1298050 1287.1
1298060 1292.4
1298070 1292.4
1298080 1299.9
1298090 1312.6
1298100 1312.6
1298110 1331.9
1298120 1341.3
1298130 1341.3
1298140 1349.0
1298150 1355.6
1298160 1355.6
1298170 1361.3
1298180 1366.6
1298190 1366.6
1298200 1370.9
1298210 1373.9
1298220 1373.9
1298230 1375.6
1298240 1376.8
1298250 1376.8
1298260 1377.9
1298270 1379.0
1298280 1379.0
1298290 1379.7
1298300 1379.2
1298310 1379.2
1298320 1377.5
1298330 1375.5
1298340 1375.5
1298350 1372.9
1298360 1369.4
1298370 1367.3
1298380 1367.3
1298390 1365.4
1298400 1364.5
1298410 1364.5
1298420 1364.7
1298430 1365.0
1298440 1365.0
1298450 1365.5
1298460 1365.6
1298470 1365.6
1298480 1365.3
1298490 1365.4
1298500 1365.4
1298510 1365.6
1298520 1365.3
1298530 1365.3
1298540 1364.8
1298550 1363.9
1298560 1363.9
1298570 1362.6
1298580 1361.6
1298590 1361.6
1298600 1360.6
1298610 1359.5
1298620 1359.5
1298630 1359.3
1298640 1358.9
1298650 1358.9
1298660 1357.7
1298670 1356.5
1298680 1356.5
1298690 1354.7
1298700 1350.9
1298710 1350.9
1298720 1346.0
1298730 1341.0
1298740 1334.8
1298750 1334.8
1298760 1327.7
1298770 1322.0
1298780 1322.0
1298790 1317.6
1298800 1313.8
1298810 1313.8
1298820 1309.6
1298830 1305.7
1298840 1305.7
1298850 1301.7
1298860 1297.8
1298870 1297.8
1298880 1293.9
1298890 1290.5
1298900 1290.5
1298910 1287.5
1298920 1284.2
1298930 1284.2
1298940 1280.7
1298950 1276.9
1298960 1276.9
1298970 1272.6
1298980 1267.7
1298990 1267.7
1299000 1263.0
1299010 1258.6
1299020 1258.6
1299030 1254.1
1299040 1250.1
1299050 1250.1
1299060 1245.9
1299070 1242.0
1299080 1239.0
1299090 1239.0
1299100 1237.0
1299110 1235.2
1299120 1235.2
1299130 1234.7
1299140 1231.8
1299150 1231.8
1299160 1232.1
1299170 1231.1
1299180 1231.1
1299190 1229.0
1299200 1226.6
1299210 1226.6
1299220 1223.6
1299230 1221.0
1299240 1221.0
1299250 1219.1
1299260 1218.1
1299270 1218.1
1299280 1216.4
1299290 1213.7
1299300 1213.7
1299310 1209.6
1299320 1204.6
1299330 1204.6
1299340 1199.0
1299350 1193.5
1299360 1193.5
1299370 1189.0
1299380 1184.2
1299390 1184.2
1299400 1179.7
1299410 1175.2
1299420 1175.2
1299430 1171.1
1299440 1167.3
1299450 1163.2
1299460 1163.2
1299470 1158.8
1299480 1154.5
1299490 1154.5
1299500 1150.6
1299510 1147.2
1299520 1147.2
1299530 1143.8
1299540 1140.6
1299550 1140.6
1299560 1137.3
1299570 1134.0
1299580 1134.0
1299590 1130.9
1299600 1127.2
1299610 1127.2
1299620 1122.9
1299630 1119.5
1299640 1119.5
1299650 1117.0
1299660 1114.8
1299670 1114.8
1299680 1112.6
1299690 1110.4
1299700 1110.4
1299710 1108.2
1299720 1105.9
1299730 1105.9
1299740 1101.7
1299750 1096.9
1299760 1096.9
1299770 1092.5
1299780 1087.3
1299790 1087.3
1299800 1081.4
1299810 1074.7
1299820 1068.6
1299830 1062.0
1299840 1058.6
1299850 1055.4
1299860 1055.4
1299870 1051.1
1299880 1044.4
1299890 1044.4
1299900 1036.7
1299910 1027.6
1299920 1027.6
1299930 1019.5
1299940 1013.4
1299950 1013.4
1299960 1008.1
1299970 1001.4
1299980 1001.4
1299990 990.8
