1288500 1573.1
1288510 1566.7
1288520 1566.7
1288530 1566.4
1288540 1572.1
1288550 1572.1
1288560 1576.0
1288570 1579.6
1288580 1579.6
1288590 1582.6
1288600 1585.3
1288610 1585.3
1288620 1589.0
1288630 1580.9
1288640 1580.9
1288650 1569.8
1288660 1564.8
1288670 1564.8
1288680 1555.9
1288690 1549.3
1288700 1549.3
1288710 1546.7
1288720 1538.6
1288730 1538.6
1288740 1530.1
1288750 1524.6
1288760 1524.6
1288770 1520.0
1288780 1521.9
1288790 1521.9
1288800 1523.9
1288810 1517.8
1288820 1514.6
1288830 1514.6
1288840 1514.3
1288850 1511.8
1288860 1511.8
1288870 1514.5
1288880 1517.7
1288890 1517.7
1288900 1520.2
1288910 1524.6
1288920 1524.6
1288930 1528.1
1288940 1519.5
1288950 1519.5
1288960 1510.4
1288970 1502.9
1288980 1502.9
1288990 1490.1
1289000 1473.2
1289010 1473.2
1289020 1460.1
1289030 1451.2
1289040 1451.2
1289050 1445.3
1289060 1439.3
1289070 1435.3
1289080 1428.9
1289090 1421.8
1289100 1421.8
1289110 1414.7
1289120 1407.4
1289130 1407.4
1289140 1394.6
1289150 1378.4
1289160 1359.3
1289170 1359.3
1289180 1340.3
1289190 1328.6
1289200 1328.6
1289210 1312.5
1289220 1270.6
1289230 1270.6
1289240 1259.5
1289250 1250.8
1289260 1250.8
1289270 1240.2
1289280 1244.4
1289290 1244.4
1289300 1257.0
1289310 1262.6
1289320 1262.6
1289330 1271.0
1289340 1279.1
1289350 1279.1
1289360 1287.1
1289370 1295.0
1289380 1295.0
1289390 1298.9
1289400 1302.9
1289410 1302.9
1289420 1308.1
1289430 1315.9
1289440 1315.9
1289450 1330.8
1289460 1344.2
1289470 1344.2
1289480 1360.0
1289490 1363.6
1289500 1363.6
1289510 1351.8
1289520 1327.9
1289530 1315.9
1289540 1315.9
1289550 1321.2
1289560 1322.6
1289570 1322.6
1289580 1319.3
1289590 1321.1
1289600 1321.1
1289610 1340.1
1289620 1361.0
1289630 1361.0
1289640 1373.1
1289650 1384.6
1289660 1384.6
1289670 1411.1
1289680 1428.1
1289690 1428.1
1289700 1437.2
1289710 1445.2
1289720 1443.0
1289730 1450.2
1289740 1459.6
1289750 1459.6
1289760 1472.6
1289770 1486.2
1289780 1486.2
1289790 1499.2
1289800 1509.6
1289810 1509.6
1289820 1522.6
1289830 1526.1
1289840 1526.1
1289850 1521.5
1289860 1514.7
1289870 1514.7
1289880 1511.2
1289890 1506.7
1289900 1505.4
1289910 1505.4
1289920 1499.8
1289930 1484.0
1289940 1484.0
1289950 1469.6
1289960 1457.1
1289970 1457.1
1289980 1458.4
1289990 1460.0
1290000 1460.0
1290010 1456.9
1290020 1452.3
1290030 1452.3
1290040 1451.1
1290050 1451.1
1290060 1451.1
1290070 1453.7
1290080 1456.6
1290090 1456.6
1290100 1456.3
1290110 1460.6
1290120 1460.6
1290130 1468.6
1290140 1473.9
1290150 1473.9
1290160 1470.0
1290170 1458.7
1290180 1458.7
1290190 1437.1
1290200 1420.9
1290210 1420.9
1290220 1414.0
1290230 1407.5
1290240 1407.5
1290250 1400.4
1290260 1393.1
1290270 1386.1
1290280 1386.1
1290290 1376.0
1290300 1362.6
1290310 1362.6
1290320 1361.8
1290330 1355.8
1290340 1355.8
1290350 1346.1
1290360 1335.3
1290370 1335.3
1290380 1343.2
1290390 1339.9
1290400 1339.9
1290410 1333.1
1290420 1327.3
1290430 1327.3
1290440 1323.6
1290450 1316.5
1290460 1316.5
1290470 1310.7
1290480 1307.6
1290490 1307.6
1290500 1297.9
1290510 1289.7
1290520 1289.7
1290530 1289.2
1290540 1287.8
1290550 1287.8
1290560 1283.8
1290570 1286.6
1290580 1286.6
1290590 1299.3
1290600 1312.3
1290610 1312.3
1290620 1321.7
1290630 1327.3
1290640 1331.1
1290650 1331.1
1290660 1340.7
1290670 1355.6
1290680 1355.6
1290690 1368.8
1290700 1384.5
1290710 1384.5
1290720 1396.8
1290730 1410.3
1290740 1410.3
1290750 1427.2
1290760 1439.5
1290770 1439.5
1290780 1446.4
1290790 1454.6
1290800 1454.6
1290810 1472.4
1290820 1485.5
1290830 1485.5
1290840 1493.6
1290850 1501.2
1290860 1501.2
1290870 1510.4
1290880 1522.5
1290890 1522.5
1290900 1542.4
1290910 1562.4
1290920 1562.4
1290930 1571.9
1290940 1582.7
1290950 1582.7
1290960 1590.4
1290970 1595.3
1290980 1595.3
1290990 1600.7
1291000 1609.5
1291010 1634.4
1291020 1634.4
1291030 1645.5
1291040 1651.3
1291050 1651.3
1291060 1647.8
1291070 1654.1
1291080 1654.1
1291090 1661.1
1291100 1670.9
1291110 1670.9
1291120 1677.9
1291130 1685.9
1291140 1685.9
1291150 1693.5
1291160 1700.9
1291170 1700.9
1291180 1709.4
1291190 1718.2
1291200 1718.2
1291210 1723.8
1291220 1715.6
1291230 1715.6
1291240 1697.5
1291250 1686.2
1291260 1686.2
1291270 1671.9
1291280 1648.3
1291290 1648.3
1291300 1626.4
1291310 1614.3
1291320 1614.3
1291330 1601.5
1291340 1584.5
1291350 1584.5
1291360 1570.4
1291370 1562.9
1291380 1559.8
1291390 1559.8
1291400 1554.1
1291410 1543.5
1291420 1543.5
1291430 1533.6
1291440 1523.2
1291450 1523.2
1291460 1503.5
1291470 1483.4
1291480 1483.4
1291490 1466.6
1291500 1454.6
1291510 1454.6
1291520 1440.0
1291530 1433.7
1291540 1433.7
1291550 1421.3
1291560 1404.9
1291570 1404.9
1291580 1397.4
1291590 1391.5
1291600 1391.5
1291610 1383.2
1291620 1377.3
1291630 1377.3
1291640 1367.3
1291650 1361.1
1291660 1361.1
1291670 1356.7
1291680 1351.4
1291690 1351.4
1291700 1348.4
1291710 1341.3
1291720 1341.3
1291730 1324.9
1291740 1317.1
1291750 1311.4
1291760 1311.4
1291770 1305.0
1291780 1298.6
1291790 1298.6
1291800 1292.6
1291810 1287.3
1291820 1287.3
1291830 1283.0
1291840 1282.9
1291850 1282.9
1291860 1282.1
1291870 1284.7
1291880 1284.7
1291890 1286.6
1291900 1282.7
1291910 1282.7
1291920 1278.6
1291930 1275.6
1291940 1275.6
1291950 1275.0
1291960 1276.2
1291970 1276.2
1291980 1284.4
1291990 1288.6
1292000 1288.6
1292010 1291.4
1292020 1295.0
1292030 1295.0
1292040 1299.9
1292050 1306.6
1292060 1306.6
1292070 1314.8
1292080 1320.5
1292090 1327.5
1292100 1327.5
1292110 1333.8
1292120 1338.9
1292130 1338.9
1292140 1343.7
1292150 1348.7
1292160 1348.7
1292170 1354.0
1292180 1359.5
1292190 1359.5
1292200 1365.7
1292210 1371.4
1292220 1371.4
1292230 1377.5
1292240 1389.3
1292250 1389.3
1292260 1403.9
1292270 1413.8
1292280 1413.8
1292290 1421.3
1292300 1427.3
1292310 1427.3
1292320 1434.5
1292330 1441.8
1292340 1441.8
1292350 1450.0
1292360 1462.2
1292370 1479.8
1292380 1494.9
1292390 1499.4
1292400 1499.4
1292410 1503.1
1292420 1504.2
1292430 1504.2
1292440 1505.4
1292450 1504.2
1292460 1500.2
1292470 1500.2
1292480 1493.0
1292490 1481.3
1292500 1481.3
1292510 1461.5
1292520 1448.3
1292530 1448.3
1292540 1434.7
1292550 1420.1
1292560 1420.1
1292570 1403.9
1292580 1397.4
1292590 1397.4
1292600 1394.0
1292610 1386.5
1292620 1386.5
1292630 1379.7
1292640 1373.0
1292650 1373.0
1292660 1366.2
1292670 1360.4
1292680 1360.4
1292690 1354.7
1292700 1349.3
1292710 1349.3
1292720 1343.1
1292730 1336.4
1292740 1336.4
1292750 1335.0
1292760 1333.6
1292770 1333.6
1292780 1331.2
1292790 1330.2
1292800 1330.2
1292810 1327.0
1292820 1323.2
1292830 1319.4
1292840 1319.4
1292850 1310.6
1292860 1300.7
1292870 1300.7
1292880 1295.6
1292890 1290.9
1292900 1290.9
1292910 1290.2
1292920 1298.6
1292930 1298.6
1292940 1306.5
1292950 1312.0
1292960 1312.0
1292970 1313.8
1292980 1315.3
1292990 1315.3
1293000 1319.0
1293010 1323.9
1293020 1323.9
1293030 1328.5
1293040 1332.5
1293050 1332.5
1293060 1338.5
1293070 1345.1
1293080 1345.1
1293090 1350.6
1293100 1355.5
1293110 1355.5
1293120 1359.2
1293130 1362.4
1293140 1362.4
1293150 1368.2
1293160 1372.5
1293170 1372.5
1293180 1375.4
1293190 1378.4
1293200 1381.1
1293210 1381.1
1293220 1384.7
1293230 1388.2
1293240 1388.2
1293250 1391.7
1293260 1395.6
1293270 1395.6
1293280 1400.0
1293290 1404.1
1293300 1404.1
1293310 1408.6
1293320 1412.7
1293330 1412.7
1293340 1416.1
1293350 1420.2
1293360 1420.2
1293370 1425.1
1293380 1430.0
1293390 1430.0
1293400 1435.0
1293410 1439.9
1293420 1439.9
1293430 1443.9
1293440 1449.6
1293450 1449.6
1293460 1454.9
1293470 1458.9
1293480 1458.9
1293490 1463.0
1293500 1468.0
1293510 1468.0
1293520 1473.0
1293530 1476.7
1293540 1476.7
1293550 1480.1
1293560 1483.5
1293570 1487.6
1293580 1487.6
1293590 1491.9
1293600 1495.6
1293610 1495.6
1293620 1498.2
1293630 1501.1
1293640 1501.1
1293650 1503.7
1293660 1505.9
1293670 1505.9
1293680 1508.4
1293690 1510.6
1293700 1510.9
1293710 1513.2
1293720 1516.1
1293730 1516.1
1293740 1519.2
1293750 1522.1
1293760 1522.1
1293770 1524.9
1293780 1527.0
1293790 1527.0
1293800 1529.3
1293810 1531.7
1293820 1531.7
1293830 1534.8
1293840 1538.2
1293850 1538.2
1293860 1541.7
1293870 1545.5
1293880 1545.5
1293890 1550.0
1293900 1555.6
1293910 1555.6
1293920 1561.5
1293930 1567.2
1293940 1571.1
1293950 1571.1
1293960 1573.6
1293970 1575.5
1293980 1575.5
1293990 1576.9
1294000 1579.3
1294010 1579.3
1294020 1581.9
1294030 1584.7
1294040 1584.7
1294050 1587.7
1294060 1590.7
1294070 1590.7
1294080 1593.9
1294090 1596.0
1294100 1596.0
1294110 1597.6
1294120 1598.6
1294130 1598.6
1294140 1599.4
1294150 1601.2
1294160 1601.2
1294170 1602.1
1294180 1602.2
1294190 1602.2
1294200 1602.1
1294210 1600.9
1294220 1600.9
1294230 1596.2
1294240 1588.8
1294250 1588.8
1294260 1584.2
1294270 1581.6
1294280 1581.6
1294290 1577.4
1294300 1570.3
1294310 1567.5
1294320 1567.5
1294330 1564.5
1294340 1561.5
1294350 1561.5
1294360 1558.4
1294370 1552.3
1294380 1552.3
1294390 1549.3
1294400 1547.2
1294410 1547.2
1294420 1546.5
1294430 1545.1
1294440 1545.1
1294450 1543.5
1294460 1541.9
1294470 1541.9
1294480 1539.6
1294490 1537.2
1294500 1537.2
1294510 1536.0
1294520 1535.9
1294530 1535.9
1294540 1536.0
1294550 1536.2
1294560 1536.2
1294570 1536.3
1294580 1535.7
1294590 1535.7
1294600 1534.9
1294610 1533.9
1294620 1533.9
1294630 1532.0
1294640 1529.8
1294650 1527.7
1294660 1527.7
1294670 1525.5
1294680 1523.6
1294690 1523.6
1294700 1522.5
1294710 1522.0
1294720 1522.0
1294730 1519.9
1294740 1518.8
1294750 1518.8
1294760 1517.9
1294770 1516.5
1294780 1516.5
1294790 1514.9
1294800 1512.8
1294810 1512.8
1294820 1510.0
1294830 1507.8
1294840 1507.8
1294850 1505.8
1294860 1503.5
1294870 1503.5
1294880 1501.7
1294890 1499.4
1294900 1499.4
1294910 1497.2
1294920 1494.5
1294930 1494.5
1294940 1491.6
1294950 1488.7
1294960 1488.7
1294970 1485.7
1294980 1483.8
1294990 1483.8
1295000 1481.4
1295010 1477.9
1295020 1474.0
1295030 1474.0
1295040 1469.9
1295050 1472.4
1295060 1472.4
1295070 1467.8
1295080 1466.7
1295090 1466.7
1295100 1469.4
1295110 1471.1
1295120 1471.1
1295130 1470.5
1295140 1470.5
1295150 1470.5
1295160 1473.3
1295170 1475.8
1295180 1475.8
1295190 1477.4
1295200 1477.7
1295210 1477.7
1295220 1477.2
1295230 1475.4
1295240 1475.4
1295250 1474.3
1295260 1474.9
1295270 1474.9
1295280 1474.5
1295290 1474.1
1295300 1474.1
1295310 1473.4
1295320 1472.1
1295330 1472.1
1295340 1471.0
1295350 1469.5
1295360 1469.5
1295370 1469.3
1295380 1471.9
1295390 1474.3
1295400 1474.3
1295410 1476.0
1295420 1478.4
1295430 1478.4
1295440 1484.1
1295450 1490.1
1295460 1490.1
1295470 1496.3
1295480 1502.3
1295490 1502.3
1295500 1507.6
1295510 1512.8
1295520 1512.8
1295530 1517.8
1295540 1522.5
1295550 1522.5
1295560 1526.9
1295570 1530.9
1295580 1530.9
1295590 1534.7
1295600 1538.2
1295610 1538.2
1295620 1541.8
1295630 1545.2
1295640 1545.2
1295650 1549.2
1295660 1553.3
1295670 1553.3
1295680 1557.1
1295690 1560.7
1295700 1560.7
1295710 1564.0
1295720 1566.5
1295730 1566.5
1295740 1569.5
1295750 1572.3
1295760 1575.1
1295770 1575.1
1295780 1576.6
1295790 1579.0
1295800 1579.0
1295810 1582.2
1295820 1585.7
1295830 1585.7
1295840 1589.5
1295850 1593.0
1295860 1593.0
1295870 1596.5
1295880 1599.1
1295890 1599.1
1295900 1601.3
1295910 1603.3
1295920 1603.3
1295930 1605.1
1295940 1606.7
1295950 1606.7
1295960 1607.8
1295970 1607.9
1295980 1607.9
1295990 1607.0
1296000 1605.3
1296010 1605.3
1296020 1603.3
1296030 1601.3
1296040 1601.3
1296050 1598.8
1296060 1597.1
1296070 1597.1
1296080 1596.1
1296090 1596.1
1296100 1596.1
1296110 1595.7
1296120 1595.2
1296130 1594.5
1296140 1594.5
1296150 1594.2
1296160 1595.0
1296170 1595.0
1296180 1595.6
1296190 1595.5
1296200 1595.5
1296210 1595.4
1296220 1595.2
1296230 1595.2
1296240 1594.7
1296250 1594.1
1296260 1594.1
1296270 1592.3
1296280 1590.4
1296290 1590.4
1296300 1587.5
1296310 1581.8
1296320 1581.8
1296330 1577.1
1296340 1571.8
1296350 1571.8
1296360 1566.2
1296370 1562.1
1296380 1562.1
1296390 1559.0
1296400 1550.6
1296410 1550.6
1296420 1548.5
1296430 1546.3
1296440 1546.3
1296450 1543.4
1296460 1541.9
1296470 1541.9
1296480 1541.4
1296490 1539.9
1296500 1538.5
1296510 1538.5
1296520 1536.7
1296530 1534.9
1296540 1534.9
1296550 1533.1
1296560 1531.6
1296570 1531.6
1296580 1530.0
1296590 1528.7
1296600 1528.7
1296610 1527.1
1296620 1525.3
1296630 1525.3
1296640 1524.0
1296650 1522.6
1296660 1522.6
1296670 1521.0
1296680 1519.1
1296690 1519.1
1296700 1516.8
1296710 1514.1
1296720 1514.1
1296730 1511.0
1296740 1507.5
1296750 1507.5
1296760 1502.8
1296770 1498.2
1296780 1498.2
1296790 1494.0
1296800 1488.4
1296810 1488.4
1296820 1482.5
1296830 1476.2
1296840 1476.2
1296850 1469.6
1296860 1463.2
1296870 1456.6
1296880 1456.6
1296890 1450.3
1296900 1444.1
1296910 1444.1
1296920 1437.7
1296930 1429.3
1296940 1429.3
1296950 1420.9
1296960 1414.0
1296970 1414.0
1296980 1406.9
1296990 1399.7
1297000 1399.7
1297010 1392.0
1297020 1383.7
1297030 1383.7
1297040 1376.7
1297050 1370.0
1297060 1370.0
1297070 1363.3
1297080 1356.2
1297090 1354.7
1297100 1347.8
1297110 1339.8
1297120 1339.8
1297130 1333.2
1297140 1325.2
1297150 1325.2
1297160 1317.3
1297170 1309.9
1297180 1309.9
1297190 1302.1
1297200 1294.6
1297210 1287.2
1297220 1287.2
1297230 1280.2
1297240 1273.0
1297250 1273.0
1297260 1264.8
1297270 1255.4
1297280 1255.4
1297290 1247.2
1297300 1239.6
1297310 1239.6
1297320 1231.5
1297330 1222.8
1297340 1222.8
1297350 1214.1
1297360 1205.0
1297370 1205.0
1297380 1195.2
1297390 1185.6
1297400 1185.6
1297410 1177.7
1297420 1169.5
1297430 1169.5
1297440 1160.8
1297450 1152.0
1297460 1152.0
1297470 1142.9
1297480 1134.5
1297490 1134.5
1297500 1128.9
1297510 1124.6
1297520 1124.6
1297530 1119.1
1297540 1113.8
1297550 1113.8
1297560 1108.9
1297570 1104.3
1297580 1099.8
1297590 1099.8
1297600 1095.2
1297610 1090.8
1297620 1090.8
1297630 1086.4
1297640 1082.7
1297650 1082.7
1297660 1074.7
1297670 1062.4
1297680 1062.4
1297690 1054.3
1297700 1048.0
1297710 1048.0
1297720 1040.7
1297730 1032.0
1297740 1032.0
1297750 1026.8
1297760 1027.9
1297770 1042.4
1297780 1051.4
1297790 1060.5
1297800 1060.5
1297810 1067.3
1297820 1071.9
1297830 1071.9
1297840 1076.1
1297850 1081.7
1297860 1081.7
1297870 1083.7
1297880 1085.2
1297890 1085.2
1297900 1087.6
1297910 1090.6
1297920 1090.6
1297930 1092.6
1297940 1095.9
1297950 1100.5
1297960 1100.5
1297970 1105.3
1297980 1110.3
1297990 1110.3
1298000 1115.2
1298010 1119.5
1298020 1119.5
1298030 1123.4
1298040 1127.6
1298050 1127.6
1298060 1132.0
1298070 1136.6
1298080 1136.6
1298090 1142.6
1298100 1148.3
1298110 1148.3
1298120 1155.9
1298130 1167.4
1298140 1167.4
1298150 1175.7
1298160 1181.9
1298170 1181.9
1298180 1189.7
1298190 1198.1
1298200 1198.1
1298210 1203.6
1298220 1208.2
1298230 1208.2
1298240 1211.9
1298250 1215.2
1298260 1215.2
1298270 1219.4
1298280 1222.3
1298290 1222.3
1298300 1224.2
1298310 1225.9
1298320 1227.7
1298330 1227.7
1298340 1229.5
1298350 1229.8
1298360 1229.8
1298370 1228.7
1298380 1227.2
1298390 1227.2
1298400 1225.2
1298410 1222.1
1298420 1222.1
1298430 1217.7
1298440 1213.9
1298450 1213.9
1298460 1210.1
1298470 1205.1
1298480 1205.1
1298490 1200.1
1298500 1195.0
1298510 1195.0
1298520 1189.9
1298530 1185.8
1298540 1185.8
1298550 1182.5
1298560 1178.6
1298570 1178.6
1298580 1174.6
1298590 1170.0
1298600 1170.0
1298610 1164.7
1298620 1159.3
1298630 1159.3
1298640 1155.9
1298650 1153.7
1298660 1153.7
1298670 1151.1
1298680 1148.2
1298690 1145.3
1298700 1145.3
1298710 1141.4
1298720 1136.1
1298730 1136.1
1298740 1130.8
1298750 1126.1
1298760 1126.1
1298770 1122.1
1298780 1119.0
1298790 1119.0
1298800 1114.4
1298810 1107.6
1298820 1107.6
1298830 1101.5
1298840 1095.8
1298850 1095.8
1298860 1091.6
1298870 1089.2
1298880 1089.2
1298890 1088.9
1298900 1085.8
1298910 1085.8
1298920 1081.7
1298930 1077.8
1298940 1077.8
1298950 1075.6
1298960 1073.9
1298970 1073.9
1298980 1072.0
1298990 1069.6
1299000 1069.6
1299010 1067.8
1299020 1066.2
1299030 1066.2
1299040 1064.1
1299050 1061.2
1299060 1057.7
1299070 1057.7
1299080 1054.7
1299090 1051.8
1299100 1051.8
1299110 1049.1
1299120 1045.7
1299130 1045.7
1299140 1042.5
1299150 1044.3
1299160 1044.3
1299170 1040.7
1299180 1036.7
1299190 1036.7
1299200 1031.7
1299210 1025.5
1299220 1025.5
1299230 1019.1
1299240 1013.5
1299250 1013.5
1299260 1009.3
1299270 1005.7
1299280 1005.7
1299290 1003.9
1299300 1005.1
1299310 1005.1
1299320 1004.3
1299330 1001.0
1299340 1001.0
1299350 1000.1
1299360 1001.0
1299370 1001.0
1299380 1000.1
1299390 998.2
1299400 998.2
1299410 994.8
1299420 990.1
1299430 985.2
1299440 985.2
1299450 980.4
1299460 976.4
1299470 976.4
1299480 972.8
1299490 969.6
1299500 969.6
1299510 966.9
1299520 964.6
1299530 964.6
1299540 962.6
1299550 960.0
1299560 960.0
1299570 957.2
1299580 954.6
1299590 954.6
1299600 952.9
1299610 951.4
1299620 951.4
1299630 949.6
1299640 947.5
1299650 947.5
1299660 945.6
1299670 943.5
1299680 943.5
1299690 941.7
1299700 939.7
1299710 939.7
1299720 937.9
1299730 936.0
1299740 936.0
1299750 934.2
1299760 932.3
1299770 930.5
1299780 930.5
1299790 929.2
1299800 927.6
1299810 927.6
1299820 925.6
1299830 923.4
1299840 924.7
1299850 921.7
1299860 918.5
1299870 918.5
1299880 916.6
1299890 915.2
1299900 915.2
1299910 913.8
1299920 912.6
1299930 912.6
1299940 911.4
1299950 910.3
1299960 910.3
1299970 909.6
1299980 908.8
1299990 908.8
