1288440 1442.1
1288450 1442.1
1288460 1435.9
1288470 1430.4
1288480 1424.2
1288490 1424.2
1288500 1416.1
1288510 1408.0
1288520 1408.0
1288530 1400.0
1288540 1390.9
1288550 1390.9
1288560 1380.5
1288570 1373.6
1288580 1373.6
1288590 1370.5
1288600 1366.8
1288610 1366.8
1288620 1361.6
1288630 1356.2
1288640 1356.2
1288650 1350.4
1288660 1345.5
1288670 1345.5
1288680 1339.7
1288690 1333.4
1288700 1328.5
1288710 1324.9
1288720 1321.7
1288730 1321.7
1288740 1318.1
1288750 1313.0
1288760 1313.0
1288770 1307.2
1288780 1301.3
1288790 1301.3
1288800 1295.2
1288810 1289.4
1288820 1289.4
1288830 1283.5
1288840 1277.1
1288850 1269.2
1288860 1269.2
1288870 1259.5
1288880 1254.2
1288890 1254.2
1288900 1248.2
1288910 1240.1
1288920 1240.1
1288930 1230.7
1288940 1220.6
1288950 1220.6
1288960 1210.8
1288970 1197.1
1288980 1197.1
1288990 1185.1
1289000 1183.0
1289010 1183.0
1289020 1181.5
1289030 1179.8
1289040 1179.8
1289050 1173.0
1289060 1160.0
1289070 1160.0
1289080 1137.0
1289090 1122.8
1289100 1122.8
1289110 1120.2
1289120 1122.3
1289130 1122.3
1289140 1125.4
1289150 1128.3
1289160 1128.3
1289170 1129.0
1289180 1127.6
1289190 1127.6
1289200 1124.4
1289210 1125.2
1289220 1124.3
1289230 1124.3
1289240 1122.4
1289250 1118.7
1289260 1118.7
1289270 1114.7
1289280 1111.4
1289290 1111.4
1289300 1109.9
1289310 1109.5
1289320 1109.5
1289330 1108.2
1289340 1105.6
1289350 1105.6
1289360 1100.4
1289370 1097.9
1289380 1097.9
1289390 1095.1
1289400 1092.0
1289410 1092.0
1289420 1089.6
1289430 1086.9
1289440 1086.9
1289450 1083.2
1289460 1076.5
1289470 1076.5
1289480 1064.3
1289490 1048.7
1289500 1048.7
1289510 1038.5
1289520 1036.6
1289530 1036.6
1289540 1043.3
1289550 1049.3
1289560 1049.3
1289570 1054.4
1289580 1060.3
1289590 1064.3
1289600 1064.3
1289610 1064.1
1289620 1060.6
1289630 1060.6
1289640 1050.9
1289650 1056.5
1289660 1056.5
1289670 1068.2
1289680 1071.5
1289690 1071.5
1289700 1072.5
1289710 1073.0
1289720 1073.0
1289730 1073.1
1289740 1071.5
1289750 1071.5
1289760 1062.4
1289770 1054.2
1289780 1054.2
1289790 1059.5
1289800 1068.4
1289810 1068.4
1289820 1078.5
1289830 1089.8
1289840 1089.8
1289850 1096.8
1289860 1102.4
1289870 1102.4
1289880 1107.4
1289890 1109.7
1289900 1109.7
1289910 1112.3
1289920 1113.5
1289930 1113.5
1289940 1115.4
1289950 1114.8
1289960 1110.6
1289970 1110.6
1289980 1109.1
1289990 1110.0
1290000 1110.0
1290010 1119.3
1290020 1124.8
1290030 1124.8
1290040 1127.0
1290050 1128.0
1290060 1128.0
1290070 1124.8
1290080 1124.7
1290090 1124.7
1290100 1124.5
1290110 1122.0
1290120 1122.0
1290130 1118.5
1290140 1114.6
1290150 1114.6
1290160 1109.7
1290170 1105.0
1290180 1105.0
1290190 1101.0
1290200 1097.4
1290210 1097.4
1290220 1093.5
1290230 1086.9
1290240 1086.9
1290250 1078.2
1290260 1069.4
1290270 1069.4
1290280 1061.5
1290290 1055.6
1290300 1055.6
1290310 1056.8
1290320 1063.6
1290330 1069.3
1290340 1069.3
1290350 1077.7
1290360 1086.1
1290370 1086.1
1290380 1093.4
1290390 1101.9
1290400 1101.9
1290410 1111.2
1290420 1118.7
1290430 1118.7
1290440 1126.4
1290450 1133.4
1290460 1133.4
1290470 1140.9
1290480 1147.9
1290490 1147.9
1290500 1154.7
1290510 1161.5
1290520 1161.5
1290530 1168.5
1290540 1175.1
1290550 1175.1
1290560 1181.7
1290570 1188.4
1290580 1188.4
1290590 1196.2
1290600 1204.7
1290610 1204.7
1290620 1213.1
1290630 1220.7
1290640 1220.7
1290650 1227.0
1290660 1232.3
1290670 1228.2
1290680 1231.9
1290690 1237.3
1290700 1245.0
1290710 1245.0
1290720 1251.6
1290730 1257.4
1290740 1257.4
1290750 1264.6
1290760 1272.8
1290770 1272.8
1290780 1281.1
1290790 1285.4
1290800 1285.4
1290810 1281.5
1290820 1276.2
1290830 1276.2
1290840 1273.4
1290850 1269.1
1290860 1269.1
1290870 1268.2
1290880 1275.0
1290890 1275.0
1290900 1281.5
1290910 1284.4
1290920 1284.4
1290930 1284.8
1290940 1285.9
1290950 1285.9
1290960 1283.6
1290970 1277.3
1290980 1277.3
1290990 1278.5
1291000 1284.2
1291010 1284.2
1291020 1291.7
1291030 1296.9
1291040 1296.9
1291050 1295.9
1291060 1298.6
1291070 1305.8
1291080 1305.8
1291090 1315.4
1291100 1321.2
1291110 1321.2
1291120 1332.3
1291130 1336.1
1291140 1336.1
1291150 1346.4
1291160 1357.4
1291170 1357.4
1291180 1368.2
1291190 1376.0
1291200 1376.0
1291210 1381.7
1291220 1391.0
1291230 1391.0
1291240 1400.8
1291250 1407.5
1291260 1407.5
1291270 1414.2
1291280 1422.0
1291290 1422.0
1291300 1430.4
1291310 1440.3
1291320 1440.3
1291330 1463.7
1291340 1474.9
1291350 1474.9
1291360 1482.4
1291370 1485.3
1291380 1485.3
1291390 1478.4
1291400 1470.0
1291410 1470.0
1291420 1461.6
1291430 1453.1
1291440 1445.0
1291450 1445.0
1291460 1437.0
1291470 1429.3
1291480 1429.3
1291490 1420.8
1291500 1407.6
1291510 1407.6
1291520 1397.5
1291530 1395.3
1291540 1395.3
1291550 1387.6
1291560 1373.8
1291570 1373.8
1291580 1360.2
1291590 1351.1
1291600 1351.1
1291610 1344.3
1291620 1340.7
1291630 1340.7
1291640 1344.0
1291650 1347.1
1291660 1347.1
1291670 1349.0
1291680 1347.9
1291690 1347.9
1291700 1345.0
1291710 1341.5
1291720 1341.5
1291730 1337.6
1291740 1334.7
1291750 1334.7
1291760 1331.0
1291770 1324.3
1291780 1324.3
1291790 1318.2
1291800 1311.8
1291810 1304.0
1291820 1304.0
1291830 1296.6
1291840 1288.9
1291850 1288.9
1291860 1281.2
1291870 1274.6
1291880 1274.6
1291890 1268.5
1291900 1262.3
1291910 1262.3
1291920 1256.1
1291930 1250.1
1291940 1250.1
1291950 1244.4
1291960 1239.1
1291970 1239.1
1291980 1233.8
1291990 1228.7
1292000 1225.9
1292010 1221.0
1292020 1216.3
1292030 1216.3
1292040 1211.7
1292050 1207.0
1292060 1207.0
1292070 1201.8
1292080 1197.4
1292090 1197.4
1292100 1193.1
1292110 1186.6
1292120 1186.6
1292130 1183.9
1292140 1186.4
1292150 1188.9
1292160 1188.9
1292170 1190.9
1292180 1192.7
1292190 1192.7
1292200 1192.9
1292210 1193.4
1292220 1193.4
1292230 1195.5
1292240 1197.5
1292250 1197.5
1292260 1197.7
1292270 1198.4
1292280 1198.4
1292290 1201.9
1292300 1208.1
1292310 1208.1
1292320 1213.3
1292330 1217.8
1292340 1217.8
1292350 1221.0
1292360 1224.8
1292370 1224.8
1292380 1229.8
1292390 1234.1
1292400 1234.1
1292410 1238.8
1292420 1244.1
1292430 1244.1
1292440 1249.5
1292450 1257.4
1292460 1257.4
1292470 1260.6
1292480 1259.1
1292490 1259.1
1292500 1257.4
1292510 1258.4
1292520 1258.9
1292530 1258.9
1292540 1253.3
1292550 1246.3
1292560 1246.3
1292570 1240.7
1292580 1234.0
1292590 1234.0
1292600 1227.7
1292610 1221.9
1292620 1221.9
1292630 1216.6
1292640 1212.7
1292650 1212.7
1292660 1214.8
1292670 1211.3
1292680 1211.3
1292690 1207.5
1292700 1203.9
1292710 1203.9
1292720 1200.3
1292730 1196.6
1292740 1196.6
1292750 1195.1
1292760 1192.2
1292770 1192.2
1292780 1189.1
1292790 1184.5
1292800 1184.5
1292810 1184.5
1292820 1192.8
1292830 1192.8
1292840 1201.6
1292850 1207.1
1292860 1207.1
1292870 1211.2
1292880 1214.6
1292890 1213.2
1292900 1213.2
1292910 1213.3
1292920 1217.5
1292930 1217.5
1292940 1223.9
1292950 1229.0
1292960 1229.0
1292970 1233.8
1292980 1238.7
1292990 1238.7
1293000 1241.5
1293010 1245.9
1293020 1245.9
1293030 1255.3
1293040 1263.2
1293050 1263.2
1293060 1269.8
1293070 1276.8
1293080 1276.8
1293090 1284.1
1293100 1291.4
1293110 1291.4
1293120 1298.3
1293130 1305.0
1293140 1305.0
1293150 1310.8
1293160 1315.5
1293170 1315.5
1293180 1319.7
1293190 1324.0
1293200 1324.0
1293210 1327.9
1293220 1330.1
1293230 1330.1
1293240 1331.0
1293250 1332.1
1293260 1333.7
1293270 1333.7
1293280 1335.0
1293290 1336.7
1293300 1336.7
1293310 1340.6
1293320 1351.4
1293330 1353.5
1293340 1365.9
1293350 1374.6
1293360 1374.6
1293370 1380.7
1293380 1386.8
1293390 1386.8
1293400 1394.1
1293410 1400.9
1293420 1400.9
1293430 1407.3
1293440 1413.4
1293450 1413.4
1293460 1420.2
1293470 1426.7
1293480 1426.7
1293490 1432.7
1293500 1438.2
1293510 1438.2
1293520 1443.2
1293530 1448.6
1293540 1448.6
1293550 1454.6
1293560 1460.6
1293570 1460.6
1293580 1466.3
1293590 1470.5
1293600 1470.5
1293610 1477.9
1293620 1485.3
1293630 1492.3
1293640 1492.3
1293650 1499.4
1293660 1506.5
1293670 1506.5
1293680 1513.4
1293690 1520.4
1293700 1520.4
1293710 1527.3
1293720 1534.0
1293730 1534.0
1293740 1540.6
1293750 1546.6
1293760 1546.6
1293770 1553.0
1293780 1559.2
1293790 1559.2
1293800 1564.6
1293810 1568.7
1293820 1568.7
1293830 1572.2
1293840 1576.1
1293850 1576.1
1293860 1579.7
1293870 1583.2
1293880 1583.2
1293890 1586.8
1293900 1589.8
1293910 1589.8
1293920 1592.3
1293930 1594.4
1293940 1594.4
1293950 1596.0
1293960 1597.7
1293970 1597.7
1293980 1599.4
1293990 1600.9
1294000 1599.7
1294010 1599.7
1294020 1600.8
1294030 1601.9
1294040 1601.9
1294050 1603.0
1294060 1603.7
1294070 1603.7
1294080 1604.4
1294090 1605.1
1294100 1605.1
1294110 1605.3
1294120 1605.5
1294130 1605.5
1294140 1605.2
1294150 1604.0
1294160 1604.0
1294170 1603.4
1294180 1603.6
1294190 1603.6
1294200 1603.9
1294210 1604.0
1294220 1604.0
1294230 1604.1
1294240 1604.1
1294250 1604.1
1294260 1603.8
1294270 1603.1
1294280 1603.1
1294290 1600.4
1294300 1593.6
1294310 1593.6
1294320 1585.3
1294330 1577.3
1294340 1577.3
1294350 1569.3
1294360 1560.9
1294370 1553.3
1294380 1553.3
1294390 1545.0
1294400 1537.8
1294410 1537.8
1294420 1530.0
1294430 1522.9
1294440 1522.9
1294450 1515.7
1294460 1507.7
1294470 1507.7
1294480 1500.6
1294490 1493.5
1294500 1493.5
1294510 1487.0
1294520 1480.8
1294530 1480.8
1294540 1474.0
1294550 1467.1
1294560 1467.1
1294570 1459.1
1294580 1450.4
1294590 1450.4
1294600 1442.8
1294610 1436.0
1294620 1436.0
1294630 1428.6
1294640 1421.0
1294650 1421.0
1294660 1413.7
1294670 1404.1
1294680 1404.1
1294690 1396.5
1294700 1389.0
1294710 1389.0
1294720 1381.2
1294730 1374.3
1294740 1367.5
1294750 1367.5
1294760 1359.7
1294770 1352.1
1294780 1352.1
1294790 1345.2
1294800 1338.5
1294810 1338.5
1294820 1329.4
1294830 1322.1
1294840 1322.1
1294850 1320.0
1294860 1316.5
1294870 1316.5
1294880 1312.3
1294890 1307.7
1294900 1307.7
1294910 1303.1
1294920 1298.6
1294930 1298.6
1294940 1295.6
1294950 1293.1
1294960 1293.1
1294970 1289.5
1294980 1285.9
1294990 1285.9
1295000 1283.2
1295010 1281.1
1295020 1281.1
1295030 1277.3
1295040 1273.5
1295050 1273.5
1295060 1267.8
1295070 1261.0
1295080 1261.0
1295090 1262.9
1295100 1269.9
1295110 1275.1
1295120 1275.1
1295130 1279.7
1295140 1284.0
1295150 1284.0
1295160 1287.0
1295170 1291.3
1295180 1291.3
1295190 1297.7
1295200 1304.7
1295210 1304.7
1295220 1311.7
1295230 1317.9
1295240 1317.9
1295250 1324.3
1295260 1331.3
1295270 1331.3
1295280 1338.6
1295290 1346.9
1295300 1346.9
1295310 1354.5
1295320 1361.3
1295330 1361.3
1295340 1367.7
1295350 1373.0
1295360 1373.0
1295370 1381.0
1295380 1388.8
1295390 1388.8
1295400 1396.6
1295410 1405.8
1295420 1405.8
1295430 1413.6
1295440 1420.9
1295450 1420.9
1295460 1427.9
1295470 1435.3
1295480 1442.5
1295490 1442.5
1295500 1450.1
1295510 1457.6
1295520 1457.6
1295530 1465.3
1295540 1473.1
1295550 1473.1
1295560 1480.6
1295570 1488.0
1295580 1488.0
1295590 1495.8
1295600 1503.6
1295610 1503.6
1295620 1511.4
1295630 1519.2
1295640 1519.2
1295650 1526.7
1295660 1533.3
1295670 1533.3
1295680 1539.3
1295690 1544.7
1295700 1544.7
1295710 1549.6
1295720 1554.6
1295730 1554.6
1295740 1559.5
1295750 1563.9
1295760 1563.9
1295770 1567.9
1295780 1572.2
1295790 1572.2
1295800 1575.6
1295810 1579.7
1295820 1579.7
1295830 1584.4
1295840 1589.4
1295850 1594.3
1295860 1594.3
1295870 1598.8
1295880 1603.3
1295890 1603.3
1295900 1607.8
1295910 1612.4
1295920 1612.4
1295930 1616.7
1295940 1620.8
1295950 1620.8
1295960 1624.9
1295970 1628.9
1295980 1628.9
1295990 1633.0
1296000 1636.7
1296010 1636.7
1296020 1644.8
1296030 1648.0
1296040 1648.0
1296050 1651.4
1296060 1654.5
1296070 1654.5
1296080 1656.3
1296090 1657.7
1296100 1657.7
1296110 1658.9
1296120 1659.5
1296130 1659.5
1296140 1658.6
1296150 1657.2
1296160 1657.2
1296170 1654.9
1296180 1651.8
1296190 1651.8
1296200 1649.7
1296210 1647.5
1296220 1645.3
1296230 1645.3
1296240 1643.5
1296250 1639.5
1296260 1639.5
1296270 1634.0
1296280 1631.6
1296290 1631.6
1296300 1628.2
1296310 1623.8
1296320 1623.8
1296330 1620.1
1296340 1618.3
1296350 1618.3
1296360 1615.7
1296370 1612.6
1296380 1612.6
1296390 1609.8
1296400 1606.4
1296410 1606.4
1296420 1603.2
1296430 1599.5
1296440 1599.5
1296450 1596.2
1296460 1592.5
1296470 1592.5
1296480 1590.4
1296490 1587.6
1296500 1587.6
1296510 1582.8
1296520 1577.1
1296530 1577.1
1296540 1571.4
1296550 1563.5
1296560 1563.5
1296570 1555.8
1296580 1548.7
1296590 1540.5
1296600 1540.5
1296610 1533.0
1296620 1526.8
1296630 1526.8
1296640 1521.1
1296650 1515.1
1296660 1515.1
1296670 1509.0
1296680 1503.4
1296690 1503.4
1296700 1497.2
1296710 1490.4
1296720 1490.4
1296730 1482.4
1296740 1475.3
1296750 1475.3
1296760 1470.1
1296770 1465.1
1296780 1465.1
1296790 1460.3
1296800 1455.6
1296810 1455.6
1296820 1451.3
1296830 1447.1
1296840 1447.1
1296850 1443.1
1296860 1438.9
1296870 1438.9
1296880 1434.9
1296890 1430.4
1296900 1430.4
1296910 1426.5
1296920 1424.0
1296930 1424.0
1296940 1420.8
1296950 1416.9
1296960 1412.9
1296970 1412.9
1296980 1409.9
1296990 1404.4
1297000 1404.4
1297010 1398.4
1297020 1392.9
1297030 1392.9
1297040 1389.3
1297050 1385.5
1297060 1385.5
1297070 1380.5
1297080 1375.2
1297090 1375.2
1297100 1370.0
1297110 1365.6
1297120 1365.6
1297130 1361.8
1297140 1358.0
1297150 1358.0
1297160 1353.4
1297170 1348.5
1297180 1348.5
1297190 1344.4
1297200 1341.8
1297210 1341.8
1297220 1338.2
1297230 1332.9
1297240 1332.9
1297250 1327.3
1297260 1322.5
1297270 1322.5
1297280 1318.0
1297290 1314.1
1297300 1310.5
1297310 1310.5
1297320 1307.2
1297330 1304.3
1297340 1304.3
1297350 1302.6
1297360 1301.4
1297370 1301.4
1297380 1299.8
1297390 1298.0
1297400 1298.0
1297410 1295.3
1297420 1292.1
1297430 1292.1
1297440 1288.1
1297450 1283.9
1297460 1283.9
1297470 1278.8
1297480 1272.3
1297490 1272.3
1297500 1266.6
1297510 1262.4
1297520 1262.4
1297530 1258.9
1297540 1256.1
1297550 1256.1
1297560 1251.4
1297570 1244.1
1297580 1244.1
1297590 1236.5
1297600 1229.5
1297610 1229.5
1297620 1222.2
1297630 1215.1
1297640 1215.1
1297650 1208.5
1297660 1202.7
1297670 1197.4
1297680 1197.4
1297690 1191.5
1297700 1187.1
1297710 1187.1
1297720 1183.8
1297730 1179.4
1297740 1179.4
1297750 1174.1
1297760 1168.9
1297770 1168.9
1297780 1164.1
1297790 1158.1
1297800 1158.1
1297810 1152.4
1297820 1147.1
1297830 1147.1
1297840 1140.3
1297850 1133.5
1297860 1133.5
1297870 1126.8
1297880 1119.6
1297890 1119.6
1297900 1111.4
1297910 1102.5
1297920 1102.5
1297930 1094.7
1297940 1087.6
1297950 1087.6
1297960 1081.1
1297970 1074.7
1297980 1074.7
1297990 1068.3
1298000 1061.2
1298010 1061.2
1298020 1054.0
1298030 1046.8
1298040 1039.9
1298050 1039.9
1298060 1033.3
1298070 1029.6
1298080 1029.6
1298090 1024.1
1298100 1017.7
1298110 1017.7
1298120 1012.2
1298130 1005.5
1298140 1005.5
1298150 998.1
1298160 990.3
1298170 990.3
1298180 981.8
1298190 970.7
1298200 970.7
1298210 959.4
1298220 965.7
1298230 965.7
1298240 983.0
1298250 993.0
1298260 993.0
1298270 998.4
1298280 1004.2
1298290 1004.2
1298300 1010.5
1298310 1016.6
1298320 1016.6
1298330 1020.6
1298340 1021.4
1298350 1021.4
1298360 1020.0
1298370 1020.2
1298380 1020.2
1298390 1023.3
1298400 1028.8
1298410 1034.9
1298420 1034.9
1298430 1041.1
1298440 1047.4
1298450 1047.4
1298460 1053.9
1298470 1060.9
1298480 1060.9
1298490 1067.9
1298500 1075.9
1298510 1075.9
1298520 1085.7
1298530 1095.5
1298540 1095.5
1298550 1104.2
1298560 1109.0
1298570 1109.0
1298580 1110.8
1298590 1112.9
1298600 1112.9
1298610 1114.0
1298620 1113.8
1298630 1113.8
1298640 1114.4
1298650 1115.6
1298660 1115.6
1298670 1115.2
1298680 1112.7
1298690 1112.7
1298700 1109.1
1298710 1104.8
1298720 1104.8
1298730 1099.5
1298740 1092.7
1298750 1092.7
1298760 1085.8
1298770 1078.1
1298780 1071.2
1298790 1071.2
1298800 1065.2
1298810 1060.7
1298820 1060.7
1298830 1057.4
1298840 1055.3
1298850 1055.3
1298860 1053.6
1298870 1052.5
1298880 1052.5
1298890 1052.0
1298900 1052.4
1298910 1052.4
1298920 1052.4
1298930 1051.7
1298940 1051.7
1298950 1051.0
1298960 1050.2
1298970 1050.2
1298980 1049.3
1298990 1047.8
1299000 1047.8
1299010 1044.9
1299020 1041.8
1299030 1041.8
1299040 1038.5
1299050 1035.0
1299060 1035.0
1299070 1031.9
1299080 1029.8
1299090 1029.8
1299100 1027.7
1299110 1024.3
1299120 1024.3
1299130 1020.4
1299140 1017.2
1299150 1014.1
1299160 1014.1
1299170 1010.3
1299180 1004.8
1299190 1004.8
1299200 1000.4
1299210 997.5
1299220 997.5
1299230 994.2
1299240 989.9
1299250 989.9
1299260 985.6
1299270 981.3
1299280 981.3
1299290 976.7
1299300 972.8
1299310 972.8
1299320 969.9
1299330 966.7
1299340 966.7
1299350 961.1
1299360 956.6
1299370 956.6
1299380 953.5
1299390 947.1
1299400 947.1
1299410 942.4
1299420 940.8
1299430 940.8
1299440 940.0
1299450 941.0
1299460 941.0
1299470 941.8
1299480 940.3
1299490 940.3
1299500 937.8
1299510 936.1
1299520 934.0
1299530 934.0
1299540 931.2
1299550 928.1
1299560 928.1
1299570 924.5
1299580 921.3
1299590 921.3
1299600 918.4
1299610 916.2
1299620 916.2
1299630 914.8
1299640 912.9
1299650 912.9
1299660 910.5
1299670 909.0
1299680 909.0
1299690 907.7
1299700 906.1
1299710 906.1
1299720 905.2
1299730 904.5
1299740 904.5
1299750 903.8
1299760 902.9
1299770 902.9
1299780 901.9
1299790 900.9
1299800 900.9
1299810 900.2
1299820 899.0
1299830 899.0
1299840 898.4
1299850 898.5
1299860 898.5
1299870 899.8
1299880 900.9
1299890 902.4
1299900 902.4
1299910 904.1
1299920 905.0
1299930 905.0
1299940 906.2
1299950 907.6
1299960 907.6
1299970 908.5
1299980 908.4
1299990 908.4
