1288440 1510.2
1288450 1508.0
1288460 1508.0
1288470 1505.1
1288480 1491.6
1288490 1491.6
1288500 1476.1
1288510 1466.0
1288520 1457.3
1288530 1457.3
1288540 1449.1
1288550 1441.4
1288560 1441.4
1288570 1433.6
1288580 1427.0
1288590 1427.0
1288600 1419.8
1288610 1411.4
1288620 1411.4
1288630 1404.7
1288640 1397.8
1288650 1397.8
1288660 1391.0
1288670 1385.8
1288680 1385.8
1288690 1380.7
1288700 1375.2
1288710 1375.2
1288720 1369.2
1288730 1362.4
1288740 1362.4
1288750 1356.1
1288760 1351.0
1288770 1351.0
1288780 1341.5
1288790 1334.9
1288800 1334.9
1288810 1327.1
1288820 1318.9
1288830 1318.9
1288840 1312.5
1288850 1306.3
1288860 1306.3
1288870 1300.7
1288880 1294.7
1288890 1287.5
1288900 1287.5
1288910 1280.2
1288920 1273.6
1288930 1273.6
1288940 1267.8
1288950 1261.5
1288960 1261.5
1288970 1255.1
1288980 1248.4
1288990 1248.4
1289000 1237.3
1289010 1225.6
1289020 1225.6
1289030 1212.8
1289040 1204.8
1289050 1204.8
1289060 1204.0
1289070 1203.3
1289080 1203.3
1289090 1200.7
1289100 1198.4
1289110 1198.4
1289120 1195.3
1289130 1191.0
1289140 1191.0
1289150 1186.4
1289160 1182.6
1289170 1182.6
1289180 1178.7
1289190 1174.4
1289200 1174.4
1289210 1170.1
1289220 1165.3
1289230 1165.3
1289240 1160.2
1289250 1154.6
1289260 1150.3
1289270 1150.3
1289280 1145.9
1289290 1140.5
1289300 1140.5
1289310 1134.5
1289320 1128.0
1289330 1128.0
1289340 1120.9
1289350 1113.3
1289360 1113.3
1289370 1105.0
1289380 1096.1
1289390 1096.1
1289400 1086.5
1289410 1083.4
1289420 1083.4
1289430 1078.3
1289440 1070.9
1289450 1070.9
1289460 1063.6
1289470 1060.2
1289480 1060.2
1289490 1054.0
1289500 1047.6
1289510 1047.6
1289520 1042.6
1289530 1038.4
1289540 1038.4
1289550 1034.0
1289560 1029.4
1289570 1029.4
1289580 1024.9
1289590 1020.0
1289600 1020.0
1289610 1014.9
1289620 1009.7
1289630 1003.3
1289640 1003.3
1289650 997.6
1289660 1000.2
1289670 1002.7
1289680 1003.0
1289690 1002.7
1289700 1002.7
1289710 1002.3
1289720 1001.8
1289730 1001.8
1289740 1001.4
1289750 1001.5
1289760 1001.5
1289770 1001.8
1289780 1001.6
1289790 1001.6
1289800 1001.1
1289810 1002.8
1289820 1002.8
1289830 1000.6
1289840 1001.8
1289850 1001.8
1289860 1004.7
1289870 1009.1
1289880 1009.1
1289890 1011.7
1289900 1012.0
1289910 1012.0
1289920 1011.3
1289930 1011.6
1289940 1011.6
1289950 1008.6
1289960 1002.8
1289970 1002.8
1289980 998.0
1289990 995.9
1290000 997.5
1290010 997.5
1290020 998.9
1290030 1000.3
1290040 1000.3
1290050 1003.0
1290060 1005.3
1290070 1005.3
1290080 1009.2
1290090 1011.8
1290100 1011.8
1290110 1011.2
1290120 1012.1
1290130 1012.1
1290140 1013.9
1290150 1017.0
1290160 1017.0
1290170 1022.6
1290180 1025.5
1290190 1025.5
1290200 1026.7
1290210 1026.4
1290220 1026.4
1290230 1027.5
1290240 1027.2
1290250 1027.2
1290260 1028.4
1290270 1031.3
1290280 1031.3
1290290 1035.5
1290300 1041.8
1290310 1041.8
1290320 1048.9
1290330 1056.5
1290340 1056.5
1290350 1065.4
1290360 1074.7
1290370 1082.2
1290380 1082.2
1290390 1089.5
1290400 1097.4
1290410 1097.4
1290420 1104.7
1290430 1111.5
1290440 1111.5
1290450 1118.8
1290460 1125.9
1290470 1125.9
1290480 1132.0
1290490 1138.9
1290500 1138.9
1290510 1145.6
1290520 1152.3
1290530 1152.3
1290540 1159.5
1290550 1166.9
1290560 1166.9
1290570 1173.4
1290580 1180.7
1290590 1180.7
1290600 1188.0
1290610 1195.2
1290620 1195.2
1290630 1202.4
1290640 1209.5
1290650 1209.5
1290660 1216.6
1290670 1223.3
1290680 1223.3
1290690 1230.2
1290700 1236.4
1290710 1236.4
1290720 1242.5
1290730 1242.8
1290740 1236.1
1290750 1236.1
1290760 1229.4
1290770 1219.7
1290780 1219.7
1290790 1207.6
1290800 1198.5
1290810 1198.5
1290820 1190.4
1290830 1178.0
1290840 1178.0
1290850 1165.1
1290860 1170.1
1290870 1170.1
1290880 1183.4
1290890 1193.3
1290900 1193.3
1290910 1207.2
1290920 1210.0
1290930 1210.0
1290940 1216.6
1290950 1223.4
1290960 1223.4
1290970 1229.8
1290980 1249.7
1290990 1249.7
1291000 1258.0
1291010 1265.1
1291020 1265.1
1291030 1273.4
1291040 1279.4
1291050 1279.4
1291060 1281.2
1291070 1286.7
1291080 1286.7
1291090 1297.5
1291100 1306.3
1291110 1313.1
1291120 1313.1
1291130 1319.3
1291140 1326.0
1291150 1326.0
1291160 1333.7
1291170 1342.8
1291180 1342.8
1291190 1352.5
1291200 1361.1
1291210 1361.1
1291220 1368.5
1291230 1375.7
1291240 1375.7
1291250 1383.0
1291260 1390.6
1291270 1390.6
1291280 1397.8
1291290 1404.4
1291300 1404.4
1291310 1410.4
1291320 1416.0
1291330 1416.0
1291340 1420.6
1291350 1423.8
1291360 1423.8
1291370 1424.4
1291380 1420.8
1291390 1420.8
1291400 1416.1
1291410 1412.0
1291420 1412.0
1291430 1408.9
1291440 1406.6
1291450 1406.6
1291460 1406.0
1291470 1406.5
1291480 1407.3
1291490 1407.3
1291500 1407.9
1291510 1407.9
1291520 1407.9
1291530 1407.2
1291540 1406.8
1291550 1406.8
1291560 1408.1
1291570 1410.0
1291580 1410.0
1291590 1412.0
1291600 1412.7
1291610 1412.7
1291620 1411.9
1291630 1411.5
1291640 1411.5
1291650 1408.5
1291660 1408.5
1291670 1408.5
1291680 1408.2
1291690 1406.6
1291700 1406.6
1291710 1403.5
1291720 1398.9
1291730 1398.9
1291740 1393.6
1291750 1388.0
1291760 1388.0
1291770 1379.2
1291780 1369.9
1291790 1369.9
1291800 1360.8
1291810 1353.0
1291820 1344.9
1291830 1344.9
1291840 1337.5
1291850 1330.2
1291860 1330.2
1291870 1322.3
1291880 1314.0
1291890 1314.0
1291900 1307.0
1291910 1300.0
1291920 1300.0
1291930 1292.8
1291940 1285.1
1291950 1285.1
1291960 1278.2
1291970 1271.6
1291980 1271.6
1291990 1265.2
1292000 1258.5
1292010 1258.5
1292020 1252.0
1292030 1245.9
1292040 1245.9
1292050 1239.8
1292060 1233.2
1292070 1233.2
1292080 1226.6
1292090 1220.0
1292100 1220.0
1292110 1213.4
1292120 1207.4
1292130 1207.4
1292140 1201.1
1292150 1195.3
1292160 1195.3
1292170 1189.5
1292180 1184.2
1292190 1178.6
1292200 1178.6
1292210 1172.5
1292220 1166.6
1292230 1166.6
1292240 1160.9
1292250 1155.4
1292260 1155.4
1292270 1149.3
1292280 1142.0
1292290 1142.0
1292300 1135.4
1292310 1145.7
1292320 1145.7
1292330 1148.2
1292340 1150.1
1292350 1150.1
1292360 1154.0
1292370 1158.4
1292380 1158.4
1292390 1159.1
1292400 1157.5
1292410 1157.5
1292420 1152.9
1292430 1149.2
1292440 1149.2
1292450 1147.9
1292460 1147.8
1292470 1147.8
1292480 1147.6
1292490 1147.3
1292500 1147.3
1292510 1145.4
1292520 1144.3
1292530 1144.3
1292540 1143.5
1292550 1142.5
1292560 1142.0
1292570 1142.0
1292580 1140.5
1292590 1138.5
1292600 1138.5
1292610 1137.1
1292620 1135.8
1292630 1135.8
1292640 1134.5
1292650 1134.2
1292660 1134.2
1292670 1134.6
1292680 1134.9
1292690 1134.9
1292700 1129.8
1292710 1123.3
1292720 1123.3
1292730 1125.8
1292740 1138.7
1292750 1138.7
1292760 1150.0
1292770 1156.2
1292780 1156.2
1292790 1160.4
1292800 1163.4
1292810 1163.4
1292820 1167.2
1292830 1172.4
1292840 1172.4
1292850 1178.2
1292860 1183.8
1292870 1183.8
1292880 1191.1
1292890 1198.7
1292900 1198.7
1292910 1207.1
1292920 1215.2
1292930 1221.9
1292940 1221.9
1292950 1227.8
1292960 1233.8
1292970 1233.8
1292980 1241.8
1292990 1248.5
1293000 1248.5
1293010 1254.7
1293020 1260.8
1293030 1260.8
1293040 1267.2
1293050 1273.8
1293060 1273.8
1293070 1280.5
1293080 1287.2
1293090 1287.2
1293100 1293.7
1293110 1299.9
1293120 1299.9
1293130 1306.0
1293140 1312.5
1293150 1312.5
1293160 1319.1
1293170 1326.0
1293180 1326.0
1293190 1332.7
1293200 1339.4
1293210 1339.4
1293220 1346.1
1293230 1352.6
1293240 1352.6
1293250 1359.3
1293260 1365.9
1293270 1365.9
1293280 1372.3
1293290 1378.8
1293300 1385.1
1293310 1385.1
1293320 1391.4
1293330 1397.4
1293340 1397.4
1293350 1403.3
1293360 1409.1
1293370 1409.1
1293380 1414.8
1293390 1420.1
1293400 1420.1
1293410 1425.5
1293420 1431.0
1293430 1431.0
1293440 1436.5
1293450 1441.8
1293460 1441.8
1293470 1447.3
1293480 1452.9
1293490 1452.9
1293500 1455.8
1293510 1459.0
1293520 1459.0
1293530 1464.2
1293540 1472.1
1293550 1472.1
1293560 1479.8
1293570 1487.4
1293580 1487.4
1293590 1494.4
1293600 1501.0
1293610 1501.0
1293620 1507.6
1293630 1515.5
1293640 1515.5
1293650 1522.1
1293660 1529.3
1293670 1535.9
1293680 1535.9
1293690 1542.1
1293700 1549.5
1293710 1549.5
1293720 1557.0
1293730 1565.7
1293740 1565.7
1293750 1574.1
1293760 1580.8
1293770 1580.8
1293780 1587.9
1293790 1595.7
1293800 1595.7
1293810 1602.7
1293820 1609.1
1293830 1609.1
1293840 1614.4
1293850 1618.0
1293860 1618.0
1293870 1621.2
1293880 1624.2
1293890 1624.2
1293900 1627.3
1293910 1630.3
1293920 1630.3
1293930 1633.1
1293940 1635.1
1293950 1635.1
1293960 1636.9
1293970 1638.4
1293980 1638.4
1293990 1639.7
1294000 1641.1
1294010 1641.1
1294020 1642.8
1294030 1644.1
1294040 1644.9
1294050 1644.9
1294060 1645.7
1294070 1646.8
1294080 1646.8
1294090 1647.3
1294100 1647.6
1294110 1647.6
1294120 1647.5
1294130 1642.4
1294140 1642.4
1294150 1630.7
1294160 1617.3
1294170 1617.3
1294180 1606.7
1294190 1594.5
1294200 1594.5
1294210 1578.9
1294220 1569.5
1294230 1569.5
1294240 1561.7
1294250 1553.0
1294260 1553.0
1294270 1542.0
1294280 1533.2
1294290 1533.2
1294300 1526.8
1294310 1521.8
1294320 1529.9
1294330 1522.7
1294340 1515.2
1294350 1515.2
1294360 1507.6
1294370 1498.5
1294380 1498.5
1294390 1487.8
1294400 1477.6
1294410 1466.5
1294420 1466.5
1294430 1453.3
1294440 1447.4
1294450 1447.4
1294460 1442.2
1294470 1436.6
1294480 1436.6
1294490 1433.1
1294500 1433.6
1294510 1433.6
1294520 1425.5
1294530 1421.2
1294540 1421.2
1294550 1409.6
1294560 1403.0
1294570 1403.0
1294580 1398.7
1294590 1394.6
1294600 1394.6
1294610 1389.2
1294620 1382.8
1294630 1382.8
1294640 1376.0
1294650 1367.0
1294660 1367.0
1294670 1356.4
1294680 1348.0
1294690 1348.0
1294700 1339.5
1294710 1327.3
1294720 1327.3
1294730 1314.0
1294740 1297.3
1294750 1297.3
1294760 1284.9
1294770 1278.2
1294780 1272.1
1294790 1272.1
1294800 1264.6
1294810 1256.1
1294820 1256.1
1294830 1247.5
1294840 1238.6
1294850 1238.6
1294860 1228.7
1294870 1221.7
1294880 1221.7
1294890 1216.6
1294900 1213.1
1294910 1213.1
1294920 1211.4
1294930 1209.8
1294940 1209.8
1294950 1206.8
1294960 1202.6
1294970 1202.6
1294980 1190.9
1294990 1193.8
1295000 1193.8
1295010 1203.7
1295020 1214.1
1295030 1214.1
1295040 1218.8
1295050 1223.0
1295060 1223.0
1295070 1227.3
1295080 1231.4
1295090 1231.4
1295100 1236.6
1295110 1241.6
1295120 1241.6
1295130 1245.3
1295140 1248.2
1295150 1250.6
1295160 1250.6
1295170 1250.9
1295180 1247.4
1295190 1247.4
1295200 1253.9
1295210 1260.6
1295220 1260.6
1295230 1268.0
1295240 1273.7
1295250 1273.7
1295260 1279.6
1295270 1287.3
1295280 1287.3
1295290 1294.9
1295300 1304.1
1295310 1304.1
1295320 1315.7
1295330 1325.2
1295340 1325.2
1295350 1332.9
1295360 1344.3
1295370 1344.3
1295380 1352.6
1295390 1358.3
1295400 1358.3
1295410 1365.7
1295420 1374.1
1295430 1374.1
1295440 1383.1
1295450 1390.9
1295460 1390.9
1295470 1397.7
1295480 1405.0
1295490 1405.0
1295500 1411.5
1295510 1417.3
1295520 1422.3
1295530 1422.3
1295540 1426.6
1295550 1430.7
1295560 1430.7
1295570 1434.5
1295580 1439.1
1295590 1439.1
1295600 1444.0
1295610 1449.8
1295620 1449.8
1295630 1456.1
1295640 1462.4
1295650 1462.4
1295660 1470.1
1295670 1479.8
1295680 1479.8
1295690 1486.5
1295700 1492.4
1295710 1492.4
1295720 1498.2
1295730 1503.6
1295740 1503.6
1295750 1509.5
1295760 1516.0
1295770 1516.0
1295780 1521.7
1295790 1526.7
1295800 1526.7
1295810 1531.9
1295820 1536.7
1295830 1536.7
1295840 1541.2
1295850 1545.7
1295860 1545.7
1295870 1546.9
1295880 1549.9
1295890 1554.4
1295900 1554.4
1295910 1558.0
1295920 1560.3
1295930 1560.3
1295940 1562.8
1295950 1565.0
1295960 1565.0
1295970 1567.6
1295980 1569.6
1295990 1569.6
1296000 1570.4
1296010 1570.6
1296020 1570.6
1296030 1570.4
1296040 1569.7
1296050 1569.7
1296060 1568.8
1296070 1567.2
1296080 1567.2
1296090 1565.9
1296100 1563.9
1296110 1563.9
1296120 1560.4
1296130 1556.3
1296140 1556.3
1296150 1553.4
1296160 1550.3
1296170 1550.3
1296180 1547.8
1296190 1545.1
1296200 1545.1
1296210 1542.8
1296220 1540.7
1296230 1540.7
1296240 1537.4
1296250 1533.8
1296260 1532.9
1296270 1532.9
1296280 1531.9
1296290 1529.6
1296300 1529.6
1296310 1525.0
1296320 1521.1
1296330 1521.1
1296340 1518.6
1296350 1525.0
1296360 1525.0
1296370 1525.7
1296380 1526.3
1296390 1526.3
1296400 1527.5
1296410 1526.9
1296420 1526.9
1296430 1525.3
1296440 1523.1
1296450 1523.1
1296460 1520.4
1296470 1519.1
1296480 1519.1
1296490 1517.0
1296500 1513.3
1296510 1513.3
1296520 1510.2
1296530 1507.6
1296540 1507.6
1296550 1505.1
1296560 1503.0
1296570 1503.0
1296580 1501.1
1296590 1498.1
1296600 1498.1
1296610 1496.8
1296620 1495.3
1296630 1495.5
1296640 1495.5
1296650 1496.5
1296660 1495.6
1296670 1495.6
1296680 1493.8
1296690 1490.9
1296700 1490.9
1296710 1487.5
1296720 1483.6
1296730 1483.6
1296740 1480.4
1296750 1479.2
1296760 1479.2
1296770 1479.6
1296780 1477.7
1296790 1477.7
1296800 1474.7
1296810 1469.7
1296820 1469.7
1296830 1466.4
1296840 1464.9
1296850 1464.9
1296860 1462.0
1296870 1458.6
1296880 1458.6
1296890 1455.4
1296900 1452.3
1296910 1452.3
1296920 1448.4
1296930 1444.8
1296940 1444.8
1296950 1440.8
1296960 1437.5
1296970 1437.5
1296980 1433.7
1296990 1428.0
1297000 1420.8
1297010 1420.8
1297020 1414.3
1297030 1410.9
1297040 1410.9
1297050 1406.0
1297060 1401.5
1297070 1401.5
1297080 1396.6
1297090 1392.1
1297100 1392.1
1297110 1387.8
1297120 1382.9
1297130 1382.9
1297140 1377.1
1297150 1370.3
1297160 1370.3
1297170 1364.8
1297180 1360.4
1297190 1360.4
1297200 1357.0
1297210 1354.0
1297220 1354.0
1297230 1351.3
1297240 1348.7
1297250 1348.7
1297260 1345.8
1297270 1341.2
1297280 1341.2
1297290 1335.3
1297300 1331.2
1297310 1331.2
1297320 1330.1
1297330 1327.8
1297340 1327.8
1297350 1325.1
1297360 1321.1
1297370 1317.0
1297380 1317.0
1297390 1312.2
1297400 1305.4
1297410 1305.4
1297420 1301.2
1297430 1300.1
1297440 1300.1
1297450 1295.9
1297460 1289.5
1297470 1289.5
1297480 1285.7
1297490 1283.2
1297500 1283.2
1297510 1279.3
1297520 1276.4
1297530 1276.4
1297540 1273.2
1297550 1269.3
1297560 1269.3
1297570 1265.0
1297580 1261.9
1297590 1261.9
1297600 1260.2
1297610 1258.4
1297620 1258.4
1297630 1256.3
1297640 1253.3
1297650 1253.3
1297660 1249.4
1297670 1244.9
1297680 1244.9
1297690 1240.7
1297700 1235.8
1297710 1234.4
1297720 1229.3
1297730 1223.4
1297740 1217.0
1297750 1217.0
1297760 1211.1
1297770 1205.9
1297780 1205.9
1297790 1200.4
1297800 1194.8
1297810 1194.8
1297820 1188.8
1297830 1182.6
1297840 1182.6
1297850 1176.2
1297860 1170.3
1297870 1170.3
1297880 1164.8
1297890 1160.1
1297900 1160.1
1297910 1154.4
1297920 1144.5
1297930 1144.5
1297940 1132.4
1297950 1115.2
1297960 1115.2
1297970 1100.5
1297980 1086.9
1297990 1086.9
1298000 1074.5
1298010 1063.1
1298020 1063.1
1298030 1053.1
1298040 1044.2
1298050 1044.2
1298060 1034.1
1298070 1024.7
1298080 1024.7
1298090 1014.0
1298100 1003.3
1298110 999.0
1298120 999.0
1298130 994.8
1298140 991.6
1298150 991.6
1298160 987.7
1298170 983.0
1298180 983.0
1298190 978.6
1298200 973.3
1298210 973.3
1298220 967.9
1298230 960.3
1298240 960.3
1298250 951.2
1298260 944.7
1298270 944.7
1298280 943.4
1298290 945.0
1298300 945.0
1298310 946.3
1298320 946.0
1298330 946.0
1298340 948.0
1298350 950.1
1298360 950.1
1298370 949.7
1298380 954.3
1298390 954.3
1298400 966.1
1298410 972.9
1298420 972.9
1298430 980.2
1298440 984.5
1298450 989.1
1298460 989.1
1298470 997.2
1298480 1005.8
1298490 1005.8
1298500 1013.4
1298510 1021.4
1298520 1021.4
1298530 1029.3
1298540 1044.1
1298550 1044.1
1298560 1056.1
1298570 1060.9
1298580 1060.9
1298590 1069.8
1298600 1074.6
1298610 1074.6
1298620 1077.3
1298630 1079.0
1298640 1079.0
1298650 1080.9
1298660 1082.6
1298670 1082.6
1298680 1084.0
1298690 1085.7
1298700 1085.7
1298710 1086.9
1298720 1087.4
1298730 1087.4
1298740 1085.6
1298750 1082.5
1298760 1082.5
1298770 1080.3
1298780 1078.0
1298790 1078.0
1298800 1075.0
1298810 1072.7
1298820 1071.7
1298830 1071.7
1298840 1071.2
1298850 1067.9
1298860 1067.9
1298870 1062.2
1298880 1055.6
1298890 1055.6
1298900 1049.3
1298910 1042.8
1298920 1042.8
1298930 1036.2
1298940 1029.1
1298950 1029.1
1298960 1023.0
1298970 1018.3
1298980 1018.3
1298990 1014.8
1299000 1013.0
1299010 1013.0
1299020 1011.4
1299030 1010.4
1299040 1010.4
1299050 1013.3
1299060 1014.7
1299070 1014.7
1299080 1014.6
1299090 1016.4
1299100 1016.4
1299110 1012.7
1299120 1007.9
1299130 1007.9
1299140 1003.1
1299150 998.0
1299160 998.0
1299170 993.5
1299180 990.4
1299190 986.7
1299200 986.7
1299210 982.6
1299220 978.7
1299230 978.7
1299240 975.1
1299250 971.7
1299260 971.7
1299270 967.6
1299280 963.8
1299290 963.8
1299300 960.0
1299310 956.4
1299320 956.4
1299330 952.3
1299340 948.1
1299350 948.1
1299360 944.1
1299370 940.2
1299380 940.2
1299390 936.5
1299400 933.1
1299410 933.1
1299420 930.2
1299430 927.6
1299440 927.6
1299450 925.1
1299460 922.7
1299470 922.7
1299480 920.5
1299490 917.7
1299500 917.7
1299510 913.9
1299520 911.6
1299530 911.6
1299540 910.0
1299550 908.7
1299560 910.2
1299570 910.2
1299580 910.4
1299590 909.9
1299600 909.9
1299610 909.3
1299620 908.8
1299630 908.8
1299640 908.0
1299650 906.5
1299660 906.5
1299670 904.4
1299680 902.9
1299690 902.9
1299700 901.3
1299710 899.0
1299720 899.0
1299730 897.6
1299740 896.3
1299750 896.3
1299760 895.2
1299770 894.3
1299780 895.4
1299790 894.6
1299800 893.2
1299810 893.2
1299820 891.6
1299830 890.0
1299840 890.0
1299850 888.4
1299860 888.0
1299870 888.0
1299880 888.0
1299890 887.6
1299900 887.6
1299910 887.2
1299920 886.2
1299930 885.5
1299940 885.5
1299950 885.1
1299960 884.6
1299970 884.6
1299980 884.3
1299990 884.1
