1289790 1181.7
1289800 1181.7
1289810 1179.6
1289820 1173.9
1289830 1173.9
1289840 1168.6
1289850 1161.9
1289860 1161.9
1289870 1144.9
1289880 1134.2
1289890 1121.8
1289900 1121.8
1289910 1111.6
1289920 1099.6
1289930 1099.6
1289940 1088.8
1289950 1082.4
1289960 1082.4
1289970 1076.6
1289980 1068.0
1289990 1068.0
1290000 1060.8
1290010 1058.4
1290020 1058.4
1290030 1053.9
1290040 1046.4
1290050 1046.4
1290060 1040.1
1290070 1034.7
1290080 1034.7
1290090 1028.6
1290100 1022.6
1290110 1022.6
1290120 1017.0
1290130 1008.9
1290140 1008.9
1290150 999.8
1290160 997.2
1290170 997.2
1290180 994.4
1290190 991.1
1290200 991.1
1290210 987.2
1290220 980.4
1290230 980.4
1290240 974.4
1290250 974.6
1290260 972.3
1290270 972.3
1290280 967.9
1290290 964.1
1290300 964.1
1290310 961.4
1290320 958.8
1290330 958.8
1290340 956.2
1290350 954.1
1290360 954.1
1290370 952.3
1290380 950.4
1290390 950.4
1290400 947.1
1290410 942.1
1290420 942.1
1290430 937.7
1290440 932.2
1290450 932.2
1290460 925.3
1290470 917.3
1290480 917.3
1290490 910.2
1290500 906.7
1290510 906.7
1290520 901.7
1290530 891.8
1290540 891.8
1290550 889.6
1290560 889.4
1290570 889.4
1290580 889.4
1290590 889.0
1290600 889.0
1290610 888.7
1290620 888.5
1290630 888.8
1290640 888.8
1290650 889.5
1290660 892.3
1290670 892.3
1290680 896.9
1290690 900.1
1290700 900.1
1290710 902.0
1290720 907.7
1290730 907.7
1290740 915.4
1290750 923.7
1290760 923.7
1290770 930.5
1290780 936.0
1290790 936.0
1290800 942.6
1290810 949.7
1290820 949.7
1290830 951.5
1290840 953.5
1290850 953.5
1290860 959.3
1290870 963.1
1290880 963.1
1290890 961.8
1290900 957.1
1290910 957.1
1290920 957.4
1290930 965.0
1290940 965.0
1290950 975.7
1290960 981.0
1290970 981.0
1290980 991.9
1290990 1000.4
1291000 1006.0
1291010 1006.0
1291020 1009.8
1291030 1013.7
1291040 1013.7
1291050 1017.7
1291060 1021.9
1291070 1021.9
1291080 1025.5
1291090 1027.4
1291100 1027.4
1291110 1027.9
1291120 1028.2
1291130 1028.2
1291140 1026.1
1291150 1021.1
1291160 1021.1
1291170 1014.6
1291180 1009.4
1291190 1014.1
1291200 1006.0
1291210 994.9
1291220 994.9
1291230 990.0
1291240 1004.3
1291250 1004.3
1291260 1027.0
1291270 1038.0
1291280 1038.0
1291290 1051.4
1291300 1066.7
1291310 1066.7
1291320 1078.6
1291330 1090.9
1291340 1090.9
1291350 1100.4
1291360 1107.2
1291370 1111.8
1291380 1111.8
1291390 1116.9
1291400 1123.8
1291410 1123.8
1291420 1131.0
1291430 1138.0
1291440 1138.0
1291450 1146.8
1291460 1155.9
1291470 1155.9
1291480 1166.0
1291490 1175.6
1291500 1175.6
1291510 1183.7
1291520 1192.0
1291530 1192.0
1291540 1201.0
1291550 1208.8
1291560 1208.8
1291570 1216.9
1291580 1225.5
1291590 1225.5
1291600 1231.8
1291610 1235.5
1291620 1235.5
1291630 1238.7
1291640 1242.8
1291650 1242.8
1291660 1248.4
1291670 1255.7
1291680 1255.7
1291690 1263.5
1291700 1268.6
1291710 1268.6
1291720 1269.7
1291730 1268.4
1291740 1265.4
1291750 1265.4
1291760 1259.8
1291770 1253.6
1291780 1253.6
1291790 1247.6
1291800 1238.5
1291810 1238.5
1291820 1227.3
1291830 1218.0
1291840 1218.0
1291850 1208.2
1291860 1194.0
1291870 1194.0
1291880 1183.5
1291890 1178.0
1291900 1178.0
1291910 1170.3
1291920 1164.6
1291930 1164.6
1291940 1153.3
1291950 1142.8
1291960 1142.8
1291970 1134.2
1291980 1123.7
1291990 1123.7
1292000 1114.0
1292010 1105.4
1292020 1105.4
1292030 1096.4
1292040 1087.9
1292050 1087.9
1292060 1079.5
1292070 1069.3
1292080 1069.3
1292090 1060.0
1292100 1051.1
1292110 1042.8
1292120 1042.8
1292130 1035.0
1292140 1024.4
1292150 1024.4
1292160 1011.1
1292170 1006.9
1292180 1006.9
1292190 1006.0
1292200 1005.2
1292210 1005.2
1292220 1000.8
1292230 999.0
1292240 999.0
1292250 998.8
1292260 994.9
1292270 994.9
1292280 993.3
1292290 991.8
1292300 991.8
1292310 989.6
1292320 989.1
1292330 989.1
1292340 990.9
1292350 992.4
1292360 992.4
1292370 995.5
1292380 999.6
1292390 999.6
1292400 1006.7
1292410 1013.6
1292420 1013.6
1292430 1018.3
1292440 1022.8
1292450 1022.8
1292460 1028.5
1292470 1035.8
1292480 1044.1
1292490 1044.1
1292500 1055.2
1292510 1066.5
1292520 1062.7
1292530 1075.1
1292540 1086.9
1292550 1086.9
1292560 1098.4
1292570 1109.4
1292580 1109.4
1292590 1117.7
1292600 1123.8
1292610 1123.8
1292620 1130.5
1292630 1137.2
1292640 1137.2
1292650 1144.2
1292660 1151.2
1292670 1151.2
1292680 1158.0
1292690 1163.1
1292700 1163.1
1292710 1170.4
1292720 1178.2
1292730 1178.2
1292740 1184.9
1292750 1192.4
1292760 1192.4
1292770 1199.9
1292780 1210.6
1292790 1210.6
1292800 1220.8
1292810 1227.6
1292820 1227.6
1292830 1234.0
1292840 1240.4
1292850 1247.3
1292860 1247.3
1292870 1254.8
1292880 1262.3
1292890 1262.3
1292900 1270.3
1292910 1280.6
1292920 1280.6
1292930 1291.6
1292940 1299.0
1292950 1299.0
1292960 1307.5
1292970 1317.5
1292980 1317.5
1292990 1326.9
1293000 1335.3
1293010 1335.3
1293020 1342.4
1293030 1349.6
1293040 1349.6
1293050 1355.7
1293060 1361.4
1293070 1361.4
1293080 1365.2
1293090 1368.6
1293100 1368.6
1293110 1371.1
1293120 1373.1
1293130 1373.1
1293140 1374.8
1293150 1375.6
1293160 1375.6
1293170 1375.8
1293180 1376.5
1293190 1374.2
1293200 1376.7
1293210 1379.2
1293220 1380.9
1293230 1380.9
1293240 1382.0
1293250 1382.8
1293260 1382.8
1293270 1383.2
1293280 1383.3
1293290 1383.3
1293300 1383.2
1293310 1382.7
1293320 1382.7
1293330 1382.2
1293340 1381.6
1293350 1381.6
1293360 1380.9
1293370 1379.7
1293380 1379.7
1293390 1378.7
1293400 1377.8
1293410 1377.8
1293420 1377.2
1293430 1376.5
1293440 1376.5
1293450 1375.8
1293460 1375.1
1293470 1375.1
1293480 1374.3
1293490 1373.2
1293500 1373.2
1293510 1371.6
1293520 1370.2
1293530 1370.2
1293540 1369.2
1293550 1368.8
1293560 1368.8
1293570 1368.7
1293580 1368.9
1293590 1369.3
1293600 1369.3
1293610 1369.8
1293620 1370.3
1293630 1370.3
1293640 1370.6
1293650 1371.2
1293660 1371.2
1293670 1371.9
1293680 1373.5
1293690 1373.5
1293700 1375.0
1293710 1376.0
1293720 1376.0
1293730 1376.6
1293740 1377.2
1293750 1377.2
1293760 1377.8
1293770 1377.6
1293780 1377.6
1293790 1376.9
1293800 1375.9
1293810 1375.9
1293820 1374.9
1293830 1373.8
1293840 1373.8
1293850 1372.4
1293860 1375.8
1293870 1375.8
1293880 1374.8
1293890 1373.5
1293900 1373.5
1293910 1372.4
1293920 1371.2
1293930 1371.2
1293940 1369.6
1293950 1368.2
1293960 1368.2
1293970 1367.6
1293980 1367.2
1293990 1366.8
1294000 1366.8
1294010 1366.5
1294020 1366.0
1294030 1366.0
1294040 1365.5
1294050 1364.9
1294060 1364.9
1294070 1364.4
1294080 1364.2
1294090 1364.2
1294100 1364.0
1294110 1363.7
1294120 1363.7
1294130 1363.4
1294140 1363.0
1294150 1363.0
1294160 1362.4
1294170 1361.5
1294180 1361.5
1294190 1360.4
1294200 1359.6
1294210 1359.6
1294220 1358.8
1294230 1357.4
1294240 1357.4
1294250 1355.7
1294260 1354.8
1294270 1354.8
1294280 1354.6
1294290 1353.7
1294300 1353.7
1294310 1353.1
1294320 1352.2
1294330 1352.2
1294340 1350.9
1294350 1349.5
1294360 1348.5
1294370 1348.5
1294380 1348.1
1294390 1348.4
1294400 1348.4
1294410 1349.0
1294420 1349.4
1294430 1349.4
1294440 1348.8
1294450 1346.2
1294460 1346.2
1294470 1342.2
1294480 1338.1
1294490 1338.1
1294500 1335.3
1294510 1333.2
1294520 1333.2
1294530 1333.3
1294540 1330.7
1294550 1330.7
1294560 1327.6
1294570 1324.4
1294580 1324.4
1294590 1320.9
1294600 1316.8
1294610 1316.8
1294620 1312.0
1294630 1305.1
1294640 1305.1
1294650 1297.2
1294660 1289.3
1294670 1289.3
1294680 1282.2
1294690 1275.2
1294700 1275.2
1294710 1266.7
1294720 1259.0
1294730 1251.6
1294740 1251.6
1294750 1244.6
1294760 1237.2
1294770 1237.2
1294780 1228.6
1294790 1220.2
1294800 1220.2
1294810 1211.7
1294820 1203.3
1294830 1203.3
1294840 1193.2
1294850 1182.8
1294860 1182.8
1294870 1173.7
1294880 1166.1
1294890 1166.1
1294900 1159.4
1294910 1152.5
1294920 1152.5
1294930 1142.2
1294940 1133.2
1294950 1133.2
1294960 1127.1
1294970 1117.5
1294980 1117.5
1294990 1107.9
1295000 1101.5
1295010 1101.5
1295020 1095.7
1295030 1090.3
1295040 1090.3
1295050 1085.5
1295060 1080.4
1295070 1080.4
1295080 1075.3
1295090 1070.6
1295100 1065.9
1295110 1065.9
1295120 1061.6
1295130 1057.9
1295140 1057.9
1295150 1052.9
1295160 1042.7
1295170 1042.7
1295180 1034.5
1295190 1032.7
1295200 1032.7
1295210 1043.3
1295220 1046.3
1295230 1046.3
1295240 1049.4
1295250 1054.6
1295260 1054.6
1295270 1060.0
1295280 1061.8
1295290 1061.8
1295300 1065.7
1295310 1072.4
1295320 1072.4
1295330 1080.4
1295340 1087.7
1295350 1087.7
1295360 1091.9
1295370 1095.8
1295380 1095.8
1295390 1101.9
1295400 1107.4
1295410 1107.4
1295420 1114.2
1295430 1121.1
1295440 1121.1
1295450 1127.5
1295460 1131.6
1295470 1136.2
1295480 1136.2
1295490 1140.9
1295500 1145.8
1295510 1145.8
1295520 1151.6
1295530 1156.8
1295540 1156.8
1295550 1161.5
1295560 1166.5
1295570 1166.5
1295580 1171.3
1295590 1176.0
1295600 1176.0
1295610 1180.5
1295620 1184.0
1295630 1184.0
1295640 1186.2
1295650 1187.5
1295660 1187.5
1295670 1187.7
1295680 1188.9
1295690 1188.9
1295700 1190.3
1295710 1191.8
1295720 1191.8
1295730 1193.4
1295740 1195.1
1295750 1195.1
1295760 1196.8
1295770 1197.8
1295780 1197.8
1295790 1198.5
1295800 1199.0
1295810 1199.0
1295820 1199.4
1295830 1200.0
1295840 1200.1
1295850 1200.1
1295860 1199.8
1295870 1200.1
1295880 1203.8
1295890 1204.1
1295900 1203.3
1295910 1203.3
1295920 1201.7
1295930 1199.3
1295940 1199.3
1295950 1196.9
1295960 1193.6
1295970 1193.6
1295980 1188.3
1295990 1180.7
1296000 1180.7
1296010 1174.2
1296020 1170.3
1296030 1170.3
1296040 1167.1
1296050 1163.8
1296060 1163.8
1296070 1161.6
1296080 1159.6
1296090 1159.6
1296100 1157.8
1296110 1156.8
1296120 1156.8
1296130 1155.6
1296140 1155.0
1296150 1155.0
1296160 1154.4
1296170 1153.1
1296180 1153.1
1296190 1152.7
1296200 1151.9
1296210 1151.5
1296220 1151.5
1296230 1150.9
1296240 1150.3
1296250 1150.3
1296260 1150.2
1296270 1150.5
1296280 1150.5
1296290 1150.6
1296300 1150.3
1296310 1150.3
1296320 1149.8
1296330 1149.4
1296340 1149.4
1296350 1148.8
1296360 1148.1
1296370 1148.1
1296380 1148.0
1296390 1148.1
1296400 1148.1
1296410 1147.9
1296420 1147.6
1296430 1147.6
1296440 1146.2
1296450 1143.7
1296460 1143.7
1296470 1141.9
1296480 1140.5
1296490 1140.5
1296500 1138.6
1296510 1136.7
1296520 1136.7
1296530 1134.8
1296540 1132.5
1296550 1132.5
1296560 1134.0
1296570 1133.6
1296580 1133.3
1296590 1133.3
1296600 1132.6
1296610 1132.3
1296620 1132.3
1296630 1132.2
1296640 1132.4
1296650 1132.4
1296660 1132.5
1296670 1132.4
1296680 1132.4
1296690 1131.9
1296700 1130.6
1296710 1130.6
1296720 1128.9
1296730 1127.3
1296740 1127.3
1296750 1125.6
1296760 1123.6
1296770 1123.6
1296780 1120.9
1296790 1117.7
1296800 1117.7
1296810 1114.9
1296820 1112.8
1296830 1112.8
1296840 1111.5
1296850 1111.0
1296860 1111.0
1296870 1110.4
1296880 1109.9
1296890 1109.9
1296900 1109.7
1296910 1108.7
1296920 1108.7
1296930 1107.7
1296940 1107.3
1296950 1106.6
1296960 1106.6
1296970 1105.7
1296980 1104.6
1296990 1104.6
1297000 1103.7
1297010 1103.0
1297020 1103.0
1297030 1102.4
1297040 1101.8
1297050 1101.8
1297060 1101.1
1297070 1100.4
1297080 1100.4
1297090 1099.8
1297100 1099.2
1297110 1099.2
1297120 1098.4
1297130 1098.0
1297140 1098.0
1297150 1097.7
1297160 1097.9
1297170 1097.9
1297180 1098.4
1297190 1098.8
1297200 1098.8
1297210 1098.2
1297220 1100.1
1297230 1100.1
1297240 1101.0
1297250 1106.7
1297260 1106.7
1297270 1107.1
1297280 1107.5
1297290 1107.5
1297300 1107.7
1297310 1107.2
1297320 1107.1
1297330 1107.1
1297340 1107.6
1297350 1107.8
1297360 1107.8
1297370 1107.9
1297380 1108.7
1297390 1108.7
1297400 1110.3
1297410 1111.4
1297420 1111.4
1297430 1111.9
1297440 1112.8
1297450 1112.8
1297460 1113.6
1297470 1113.7
1297480 1113.7
1297490 1113.4
1297500 1112.9
1297510 1112.9
1297520 1111.8
1297530 1110.9
1297540 1110.9
1297550 1110.3
1297560 1109.6
1297570 1109.6
1297580 1109.3
1297590 1109.2
1297600 1109.2
1297610 1108.7
1297620 1107.9
1297630 1107.9
1297640 1107.2
1297650 1106.7
1297660 1106.7
1297670 1106.3
1297680 1105.5
1297690 1105.4
1297700 1105.4
1297710 1105.2
1297720 1104.6
1297730 1104.6
1297740 1103.9
1297750 1103.3
1297760 1103.3
1297770 1102.4
1297780 1101.2
1297790 1101.2
1297800 1101.2
1297810 1102.3
1297820 1102.3
1297830 1102.5
1297840 1101.1
1297850 1101.1
1297860 1100.6
1297870 1100.6
1297880 1100.6
1297890 1100.3
1297900 1099.5
1297910 1099.5
1297920 1098.2
1297930 1098.0
1297940 1098.0
1297950 1096.2
1297960 1094.7
1297970 1094.7
1297980 1093.4
1297990 1092.1
1298000 1092.1
1298010 1091.2
1298020 1090.1
1298030 1090.1
1298040 1090.0
1298050 1090.0
1298060 1089.9
1298070 1089.9
1298080 1090.4
1298090 1089.9
1298100 1089.9
1298110 1088.7
1298120 1086.6
1298130 1086.6
1298140 1085.3
1298150 1084.5
1298160 1084.5
1298170 1083.1
1298180 1082.6
1298190 1082.6
1298200 1082.4
1298210 1080.4
1298220 1080.4
1298230 1077.7
1298240 1076.5
1298250 1076.5
1298260 1075.8
1298270 1074.6
1298280 1074.6
1298290 1073.0
1298300 1072.4
1298310 1072.4
1298320 1071.8
1298330 1069.4
1298340 1069.4
1298350 1066.8
1298360 1064.9
1298370 1064.9
1298380 1064.4
1298390 1062.7
1298400 1062.7
1298410 1060.3
1298420 1058.4
1298430 1056.5
1298440 1056.5
1298450 1054.6
1298460 1052.3
1298470 1052.3
1298480 1050.0
1298490 1047.4
1298500 1047.4
1298510 1044.9
1298520 1043.5
1298530 1043.5
1298540 1042.2
1298550 1040.0
1298560 1040.0
1298570 1037.2
1298580 1034.4
1298590 1034.4
1298600 1032.1
1298610 1030.7
1298620 1033.6
1298630 1032.9
1298640 1032.8
1298650 1032.8
1298660 1033.1
1298670 1033.2
1298680 1033.2
1298690 1031.9
1298700 1029.2
1298710 1029.2
1298720 1025.7
1298730 1021.8
1298740 1021.8
1298750 1016.8
1298760 1012.0
1298770 1012.0
1298780 1006.4
1298790 999.6
1298800 993.4
1298810 993.4
1298820 988.3
1298830 982.9
1298840 982.9
1298850 977.9
1298860 972.9
1298870 972.9
1298880 966.6
1298890 959.6
1298900 959.6
1298910 952.5
1298920 945.9
1298930 945.9
1298940 940.1
1298950 934.3
1298960 934.3
1298970 928.8
1298980 923.4
1298990 923.4
1299000 917.2
1299010 911.3
1299020 911.3
1299030 908.5
1299040 905.9
1299050 905.9
1299060 900.9
1299070 897.2
1299080 897.2
1299090 894.3
1299100 891.8
1299110 891.8
1299120 889.4
1299130 885.5
1299140 885.5
1299150 881.1
1299160 876.1
1299170 870.9
1299180 870.9
1299190 867.0
1299200 864.2
1299210 864.2
1299220 861.9
1299230 860.5
1299240 860.5
1299250 859.9
1299260 859.0
1299270 859.0
1299280 857.7
1299290 857.6
1299300 857.6
1299310 855.7
1299320 851.1
1299330 851.1
1299340 851.0
1299350 850.8
1299360 850.8
1299370 848.2
1299380 850.8
1299390 850.8
1299400 852.9
1299410 852.6
1299420 852.6
1299430 853.5
1299440 859.8
1299450 859.8
1299460 867.1
1299470 867.9
1299480 867.9
1299490 867.2
1299500 866.6
1299510 866.6
1299520 865.8
1299530 865.0
1299540 864.5
1299550 864.5
1299560 863.9
1299570 861.9
1299580 861.9
1299590 859.2
1299600 856.8
1299610 856.8
1299620 855.4
1299630 854.8
1299640 854.8
1299650 854.2
1299660 853.5
1299670 853.5
1299680 853.2
1299690 853.3
1299700 853.3
1299710 851.2
1299720 848.9
1299730 848.9
1299740 847.0
1299750 844.5
1299760 844.5
1299770 842.5
1299780 841.3
1299790 841.3
1299800 840.3
1299810 840.5
1299820 840.5
1299830 842.7
1299840 845.5
1299850 845.5
1299860 849.5
1299870 853.9
1299880 853.9
1299890 857.2
1299900 858.3
1299910 858.5
1299920 858.5
1299930 858.7
1299940 859.1
1299950 859.1
1299960 859.8
1299970 860.8
1299980 860.8
1299990 861.5
