1291050 965.3
1291060 969.6
1291070 970.6
1291080 973.7
1291090 976.4
1291100 976.4
1291110 979.0
1291120 980.3
1291130 980.3
1291140 979.5
1291150 978.4
1291160 978.4
1291170 974.6
1291180 975.9
1291190 975.9
1291200 980.0
1291210 980.5
1291220 980.5
1291230 982.2
1291240 985.7
1291250 985.7
1291260 989.7
1291270 992.5
1291280 992.5
1291290 994.0
1291300 994.3
1291310 994.3
1291320 995.4
1291330 997.5
1291340 997.5
1291350 1001.4
1291360 1005.2
1291370 1007.0
1291380 1007.0
1291390 1008.2
1291400 1008.4
1291410 1008.4
1291420 1008.4
1291430 1006.3
1291440 1006.3
1291450 1004.3
1291460 1003.3
1291470 1003.3
1291480 1006.6
1291490 1008.3
1291500 1008.3
1291510 1008.8
1291520 1001.0
1291530 1001.0
1291540 982.8
1291550 972.9
1291560 972.9
1291570 964.9
1291580 956.1
1291590 956.1
1291600 947.3
1291610 937.8
1291620 937.8
1291630 928.3
1291640 917.6
1291650 917.6
1291660 903.9
1291670 894.8
1291680 894.8
1291690 887.0
1291700 877.8
1291710 877.8
1291720 866.4
1291730 857.4
1291740 848.0
1291750 848.0
1291760 840.5
1291770 829.7
1291780 829.7
1291790 820.6
1291800 805.3
1291810 805.3
1291820 795.4
1291830 800.2
1291840 800.2
1291850 810.1
1291860 820.9
1291870 820.9
1291880 829.9
1291890 837.7
1291900 837.7
1291910 845.5
1291920 853.7
1291930 853.7
1291940 862.2
1291950 867.4
1291960 867.4
1291970 875.7
1291980 883.4
1291990 883.4
1292000 889.5
1292010 894.3
1292020 894.3
1292030 898.3
1292040 901.1
1292050 901.1
1292060 903.6
1292070 906.4
1292080 906.4
1292090 908.8
1292100 910.5
1292110 912.4
1292120 912.4
1292130 913.7
1292140 914.2
1292150 914.2
1292160 913.9
1292170 912.0
1292180 912.0
1292190 910.1
1292200 908.5
1292210 908.5
1292220 907.6
1292230 906.9
1292240 906.9
1292250 906.1
1292260 906.1
1292270 906.1
1292280 907.3
1292290 908.7
1292300 908.7
1292310 909.9
1292320 910.8
1292330 910.8
1292340 911.7
1292350 912.9
1292360 912.9
1292370 914.8
1292380 916.5
1292390 916.5
1292400 920.7
1292410 921.6
1292420 921.6
1292430 922.5
1292440 923.5
1292450 923.5
1292460 923.4
1292470 920.5
1292480 920.5
1292490 922.5
1292500 923.0
1292510 925.8
1292520 925.8
1292530 927.7
1292540 929.2
1292550 929.2
1292560 931.0
1292570 932.8
1292580 932.8
1292590 933.8
1292600 933.9
1292610 933.9
1292620 933.6
1292630 932.2
1292640 932.2
1292650 930.1
1292660 928.7
1292670 928.7
1292680 925.2
1292690 918.9
1292700 918.9
1292710 924.2
1292720 927.2
1292730 927.2
1292740 926.5
1292750 924.8
1292760 924.8
1292770 923.5
1292780 921.5
1292790 921.5
1292800 921.4
1292810 920.6
1292820 920.6
1292830 918.8
1292840 915.9
1292850 915.9
1292860 911.1
1292870 908.0
1292880 905.9
1292890 905.9
1292900 904.6
1292910 901.4
1292920 901.4
1292930 899.1
1292940 899.6
1292950 899.6
1292960 898.4
1292970 897.0
1292980 897.0
1292990 898.5
1293000 898.9
1293010 898.9
1293020 896.4
1293030 896.9
1293040 896.9
1293050 901.3
1293060 904.7
1293070 910.3
1293080 913.1
1293090 916.6
1293100 916.6
1293110 920.6
1293120 924.7
1293130 924.7
1293140 928.2
1293150 932.2
1293160 932.2
1293170 938.0
1293180 943.6
1293190 943.6
1293200 948.5
1293210 953.0
1293220 953.0
1293230 957.8
1293240 962.6
1293250 966.6
1293260 966.6
1293270 970.3
1293280 974.2
1293290 974.2
1293300 978.1
1293310 981.5
1293320 981.5
1293330 985.0
1293340 988.3
1293350 988.3
1293360 991.2
1293370 995.5
1293380 995.5
1293390 999.8
1293400 1004.0
1293410 1004.0
1293420 1007.7
1293430 1012.0
1293440 1012.0
1293450 1016.6
1293460 1020.8
1293470 1020.8
1293480 1025.0
1293490 1028.5
1293500 1028.5
1293510 1031.9
1293520 1036.3
1293530 1036.3
1293540 1041.3
1293550 1046.7
1293560 1046.7
1293570 1050.5
1293580 1055.8
1293590 1055.8
1293600 1061.7
1293610 1066.6
1293620 1066.6
1293630 1069.4
1293640 1072.7
1293650 1076.5
1293660 1076.5
1293670 1080.7
1293680 1085.9
1293690 1085.9
1293700 1089.1
1293710 1089.8
1293720 1089.8
1293730 1089.5
1293740 1090.6
1293750 1090.6
1293760 1087.4
1293770 1082.0
1293780 1082.0
1293790 1075.9
1293800 1068.7
1293810 1068.7
1293820 1060.2
1293830 1052.6
1293840 1052.6
1293850 1055.8
1293860 1060.7
1293870 1060.7
1293880 1064.6
1293890 1067.6
1293900 1067.6
1293910 1068.0
1293920 1067.0
1293930 1067.0
1293940 1067.7
1293950 1064.8
1293960 1064.8
1293970 1062.6
1293980 1060.6
1293990 1060.6
1294000 1058.2
1294010 1057.5
1294020 1055.8
1294030 1055.8
1294040 1054.7
1294050 1053.1
1294060 1053.1
1294070 1050.6
1294080 1047.7
1294090 1047.7
1294100 1044.4
1294110 1040.7
1294120 1040.7
1294130 1037.6
1294140 1034.3
1294150 1034.3
1294160 1029.6
1294170 1024.8
1294180 1024.8
1294190 1019.9
1294200 1015.1
1294210 1015.1
1294220 1010.9
1294230 1006.3
1294240 1006.3
1294250 1001.6
1294260 997.8
1294270 997.8
1294280 994.3
1294290 990.3
1294300 990.3
1294310 985.7
1294320 980.7
1294330 980.7
1294340 975.7
1294350 971.2
1294360 971.2
1294370 967.1
1294380 965.2
1294390 965.8
1294400 965.8
1294410 968.9
1294420 966.7
1294430 966.7
1294440 964.7
1294450 962.1
1294460 962.1
1294470 959.3
1294480 955.6
1294490 955.6
1294500 950.0
1294510 943.7
1294520 943.7
1294530 938.0
1294540 931.2
1294550 931.2
1294560 927.4
1294570 931.0
1294580 931.0
1294590 933.1
1294600 934.9
1294610 934.9
1294620 938.2
1294630 941.9
1294640 941.9
1294650 945.4
1294660 948.3
1294670 948.3
1294680 951.6
1294690 954.1
1294700 954.1
1294710 956.3
1294720 955.2
1294730 955.2
1294740 954.2
1294750 951.6
1294760 951.6
1294770 953.2
1294780 953.4
1294790 953.8
1294800 953.8
1294810 952.3
1294820 947.5
1294830 947.5
1294840 946.0
1294850 944.0
1294860 944.0
1294870 944.9
1294880 943.0
1294890 943.0
1294900 944.0
1294910 944.9
1294920 944.9
1294930 945.0
1294940 945.1
1294950 945.1
1294960 944.8
1294970 943.4
1294980 943.4
1294990 940.4
1295000 937.4
1295010 937.4
1295020 933.9
1295030 929.8
1295040 929.8
1295050 926.1
1295060 917.5
1295070 917.5
1295080 922.7
1295090 918.2
1295100 918.2
1295110 912.8
1295120 905.9
1295130 905.9
1295140 896.6
1295150 889.5
1295160 879.5
1295170 879.5
1295180 873.0
1295190 868.3
1295200 868.3
1295210 863.6
1295220 860.9
1295230 860.9
1295240 859.0
1295250 856.8
1295260 856.8
1295270 853.6
1295280 850.7
1295290 850.7
1295300 849.0
1295310 845.6
1295320 845.6
1295330 840.0
1295340 833.8
1295350 833.8
1295360 827.5
1295370 823.5
1295380 823.5
1295390 819.6
1295400 816.4
1295410 816.4
1295420 812.5
1295430 809.3
1295440 809.3
1295450 808.7
1295460 808.7
1295470 808.7
1295480 808.5
1295490 807.9
1295500 807.9
1295510 807.1
1295520 807.2
1295530 808.3
1295540 808.3
1295550 808.9
1295560 808.8
1295570 808.8
1295580 808.8
1295590 808.9
1295600 808.9
1295610 808.8
1295620 810.0
1295630 810.0
1295640 813.6
1295650 817.9
1295660 817.9
1295670 822.7
1295680 827.9
1295690 827.9
1295700 834.0
1295710 841.2
1295720 841.2
1295730 849.0
1295740 856.1
1295750 856.1
1295760 855.9
1295770 860.2
1295780 860.2
1295790 861.0
1295800 859.9
1295810 859.9
1295820 862.8
1295830 862.9
1295840 862.9
1295850 860.7
1295860 857.8
1295870 857.8
1295880 854.5
1295890 850.2
1295900 850.2
1295910 847.8
1295920 846.4
1295930 844.4
1295940 844.4
1295950 841.7
1295960 838.7
1295970 838.7
1295980 834.5
1295990 829.1
1296000 829.1
1296010 826.7
1296020 826.6
1296030 826.6
1296040 826.7
1296050 826.7
1296060 826.7
1296070 826.6
1296080 826.5
1296090 826.5
1296100 826.6
1296110 826.6
1296120 826.6
1296130 826.6
1296140 826.9
1296150 826.9
1296160 827.6
1296170 827.7
1296180 827.7
1296190 827.6
1296200 827.4
1296210 827.4
1296220 827.1
1296230 826.9
1296240 826.9
1296250 827.1
1296260 827.5
1296270 827.5
1296280 827.4
1296290 821.9
1296300 817.3
1296310 817.3
1296320 816.4
1296330 815.7
1296340 815.7
1296350 815.5
1296360 818.0
1296370 818.0
1296380 819.5
1296390 823.5
1296400 823.5
1296410 826.3
1296420 827.8
1296430 827.8
1296440 828.8
1296450 829.6
1296460 829.6
1296470 830.7
1296480 832.5
1296490 832.5
1296500 835.0
1296510 837.9
1296520 837.9
1296530 841.2
1296540 844.1
1296550 844.1
1296560 846.1
1296570 847.1
1296580 847.1
1296590 847.0
1296600 847.0
1296610 847.0
1296620 847.7
1296630 845.0
1296640 845.0
1296650 841.9
1296660 846.4
1296670 853.3
1296680 853.3
1296690 858.7
1296700 860.4
1296710 860.4
1296720 861.8
1296730 868.8
1296740 868.8
1296750 875.9
1296760 882.5
1296770 882.5
1296780 890.2
1296790 897.3
1296800 897.3
1296810 903.9
1296820 910.5
1296830 910.5
1296840 917.8
1296850 924.3
1296860 924.3
1296870 930.1
1296880 936.4
1296890 936.4
1296900 942.7
1296910 949.0
1296920 949.0
1296930 955.1
1296940 961.7
1296950 961.7
1296960 968.7
1296970 975.7
1296980 975.7
1296990 982.3
1297000 988.7
1297010 988.7
1297020 994.6
1297030 1001.1
1297040 1001.1
1297050 1008.2
1297060 1016.6
1297070 1025.5
1297080 1025.5
1297090 1033.1
1297100 1039.0
1297110 1039.0
1297120 1039.8
1297130 1045.1
1297140 1045.1
1297150 1049.9
1297160 1054.5
1297170 1054.5
1297180 1058.2
1297190 1061.0
1297200 1061.0
1297210 1064.2
1297220 1066.2
1297230 1066.2
1297240 1068.3
1297250 1070.2
1297260 1070.2
1297270 1071.8
1297280 1073.4
1297290 1073.4
1297300 1077.2
1297310 1080.3
1297320 1080.3
1297330 1082.4
1297340 1084.9
1297350 1084.9
1297360 1088.6
1297370 1093.4
1297380 1093.4
1297390 1098.5
1297400 1102.3
1297410 1102.3
1297420 1104.6
1297430 1106.8
1297440 1109.3
1297450 1109.3
1297460 1111.8
1297470 1114.5
1297480 1114.5
1297490 1117.8
1297500 1121.2
1297510 1121.2
1297520 1125.1
1297530 1129.6
1297540 1129.6
1297550 1133.7
1297560 1136.5
1297570 1136.5
1297580 1139.2
1297590 1141.1
1297600 1141.1
1297610 1143.4
1297620 1145.7
1297630 1145.7
1297640 1147.3
1297650 1149.2
1297660 1149.2
1297670 1151.6
1297680 1154.3
1297690 1154.3
1297700 1157.3
1297710 1160.2
1297720 1160.2
1297730 1162.3
1297740 1164.1
1297750 1164.1
1297760 1166.7
1297770 1170.0
1297780 1170.0
1297790 1173.4
1297800 1175.7
1297810 1173.4
1297820 1173.4
1297830 1174.3
1297840 1174.9
1297850 1174.9
1297860 1175.3
1297870 1175.6
1297880 1175.6
1297890 1175.9
1297900 1176.5
1297910 1176.5
1297920 1177.6
1297930 1179.5
1297940 1179.5
1297950 1181.6
1297960 1182.6
1297970 1182.6
1297980 1182.4
1297990 1182.6
1298000 1182.6
1298010 1183.5
1298020 1184.7
1298030 1184.7
1298040 1185.3
1298050 1185.7
1298060 1185.7
1298070 1186.1
1298080 1186.1
1298090 1186.1
1298100 1183.9
1298110 1181.1
1298120 1181.1
1298130 1176.8
1298140 1169.3
1298150 1169.3
1298160 1161.2
1298170 1154.3
1298180 1154.3
1298190 1148.8
1298200 1144.5
1298210 1140.6
1298220 1140.6
1298230 1136.1
1298240 1131.5
1298250 1131.5
1298260 1126.3
1298270 1123.6
1298280 1123.6
1298290 1127.2
1298300 1129.9
1298310 1129.9
1298320 1133.7
1298330 1138.7
1298340 1138.7
1298350 1144.4
1298360 1150.1
1298370 1150.1
1298380 1155.3
1298390 1160.9
1298400 1160.9
1298410 1166.7
1298420 1170.6
1298430 1170.6
1298440 1172.9
1298450 1174.4
1298460 1174.4
1298470 1175.6
1298480 1176.8
1298490 1172.7
1298500 1173.3
1298510 1173.0
1298520 1173.0
1298530 1172.5
1298540 1171.9
1298550 1171.9
1298560 1170.5
1298570 1167.2
1298580 1160.9
1298590 1160.9
1298600 1154.0
1298610 1147.8
1298620 1147.8
1298630 1140.4
1298640 1132.5
1298650 1132.5
1298660 1125.2
1298670 1120.0
1298680 1120.0
1298690 1115.4
1298700 1111.5
1298710 1111.5
1298720 1107.2
1298730 1103.6
1298740 1103.6
1298750 1102.9
1298760 1101.8
1298770 1101.8
1298780 1100.0
1298790 1098.5
1298800 1098.5
1298810 1097.9
1298820 1098.0
1298830 1098.0
1298840 1097.6
1298850 1095.5
1298860 1095.5
1298870 1090.3
1298880 1084.4
1298890 1084.4
1298900 1078.7
1298910 1071.8
1298920 1071.8
1298930 1066.6
1298940 1062.9
1298950 1057.7
1298960 1057.7
1298970 1055.5
1298980 1061.8
1298990 1061.8
1299000 1070.3
1299010 1078.2
1299020 1078.2
1299030 1085.1
1299040 1089.7
1299050 1089.7
1299060 1092.6
1299070 1094.0
1299080 1094.0
1299090 1094.0
1299100 1092.9
1299110 1092.9
1299120 1090.9
1299130 1088.5
1299140 1088.5
1299150 1085.4
1299160 1081.7
1299170 1081.7
1299180 1074.8
1299190 1073.7
1299200 1073.7
1299210 1068.4
1299220 1061.8
1299230 1061.8
1299240 1059.2
1299250 1064.5
1299260 1064.5
1299270 1072.7
1299280 1080.3
1299290 1080.3
1299300 1087.4
1299310 1094.1
1299320 1094.1
1299330 1099.6
1299340 1104.9
1299350 1108.7
1299360 1108.7
1299370 1111.2
1299380 1114.1
1299390 1114.1
1299400 1117.4
1299410 1121.3
1299420 1121.3
1299430 1124.6
1299440 1127.3
1299450 1127.3
1299460 1129.6
1299470 1131.6
1299480 1131.6
1299490 1132.3
1299500 1130.9
1299510 1130.9
1299520 1131.8
1299530 1136.4
1299540 1136.4
1299550 1141.5
1299560 1144.9
1299570 1144.9
1299580 1148.1
1299590 1151.4
1299600 1151.4
1299610 1154.8
1299620 1157.9
1299630 1157.9
1299640 1161.4
1299650 1164.8
1299660 1164.8
1299670 1168.0
1299680 1171.2
1299690 1171.2
1299700 1174.3
1299710 1177.2
1299720 1180.3
1299730 1180.3
1299740 1183.9
1299750 1188.0
1299760 1188.0
1299770 1192.1
1299780 1196.5
1299790 1196.5
1299800 1201.2
1299810 1206.3
1299820 1206.3
1299830 1211.2
1299840 1214.1
1299850 1214.1
1299860 1216.9
1299870 1221.7
1299880 1225.5
1299890 1230.4
1299900 1236.4
1299910 1236.4
1299920 1241.9
1299930 1246.8
1299940 1246.8
1299950 1251.5
1299960 1255.7
1299970 1255.7
1299980 1260.0
1299990 1264.3
