1291720 823.2
1291730 823.8
1291740 823.8
1291750 824.1
1291760 825.7
1291770 825.7
1291780 826.9
1291790 828.0
1291800 828.0
1291810 828.5
1291820 828.7
1291830 828.7
1291840 828.7
1291850 828.0
1291860 828.0
1291870 828.3
1291880 828.2
1291890 828.2
1291900 826.0
1291910 828.7
1291920 837.4
1291930 837.4
1291940 847.6
1291950 853.4
1291960 853.4
1291970 857.7
1291980 861.9
1291990 861.9
1292000 866.1
1292010 870.3
1292020 870.3
1292030 873.9
1292040 877.0
1292050 877.0
1292060 880.6
1292070 886.3
1292080 886.3
1292090 893.1
1292100 897.7
1292110 897.7
1292120 899.0
1292130 898.6
1292140 898.6
1292620 1027.3
1292630 1027.3
1292640 1033.5
1292650 1039.7
1292660 1039.7
1292670 1044.1
1292680 1045.4
1292690 1042.0
1292700 1042.0
1292710 1041.2
1292720 1041.2
1292730 1041.2
1292740 1038.4
1292750 1034.4
1292760 1034.4
1292770 1031.3
1292780 1029.3
1292790 1029.3
1292800 1021.8
1292810 1012.5
1292820 1012.5
1292830 1008.1
1292840 1006.9
1292850 1006.9
1292860 1005.8
1292870 1003.4
1292880 1003.4
1292890 1001.0
1292900 998.1
1292910 998.1
1292920 993.8
1292930 987.4
1292940 987.4
1292950 976.8
1292960 968.5
1292970 968.5
1292980 962.1
1292990 956.8
1293000 956.8
1293010 952.5
1293020 957.5
1293030 957.5
1293040 960.8
1293050 961.5
1293060 962.0
1293070 962.0
1293080 962.1
1293090 962.6
1293100 962.6
1293110 964.0
1293120 963.4
1293130 963.4
1293140 957.7
1293150 948.6
1293160 948.6
1293170 939.3
1293180 932.7
1293190 932.7
1293200 932.2
1293210 929.8
1293220 929.8
1293230 924.1
1293240 923.8
1293250 923.8
1293260 922.4
1293270 916.9
1293280 916.9
1293290 908.6
1293300 902.1
1293310 902.1
1293320 894.2
1293330 890.5
1293340 890.5
1293350 894.9
1293360 896.5
1293370 896.5
1293380 897.7
1293390 896.4
1293400 896.4
1293410 887.4
1293420 883.8
1293430 883.8
1293440 886.7
1293450 890.0
1293460 890.4
1293470 890.4
1293480 888.3
1293490 885.0
1293500 885.0
1293510 881.6
1293520 875.6
1293530 875.6
1293540 869.3
1293550 864.5
1293560 864.5
1293570 868.0
1293580 871.6
1293590 871.6
1293600 872.4
1293610 872.4
1293620 863.6
1293630 860.2
1293640 859.8
1293650 859.8
1293660 866.0
1293670 866.9
1293680 866.9
1293690 865.0
1293700 865.0
1293710 865.0
1293720 866.1
1293730 865.7
1293740 865.7
1293750 865.0
1293760 864.7
1293770 864.7
1293780 866.4
1293790 867.2
1293800 867.2
1293810 866.0
1293820 865.1
1293830 865.2
1293840 865.2
1293850 864.6
1293860 864.1
1293870 864.1
1293880 860.6
1293890 858.7
1293900 858.7
1293910 864.1
1293920 868.3
1293930 868.3
1293940 871.0
1293950 873.5
1293960 873.5
1293970 875.9
1293980 877.7
1293990 877.7
1294000 880.1
1294010 883.0
1294020 883.0
1294030 886.1
1294040 889.1
1294050 889.1
1294060 891.4
1294070 892.5
1294080 892.5
1294090 890.2
1294100 887.8
1294110 887.8
1294120 886.8
1294130 886.0
1294140 886.0
1294150 884.8
1294160 883.7
1294170 883.7
1294180 882.2
1294190 881.6
1294200 881.6
1294210 881.3
1294220 880.0
1294230 879.3
1294240 879.3
1294250 878.6
1294260 877.7
1294270 877.7
1294280 876.2
1294290 870.0
1294300 870.0
1294310 867.9
1294320 866.2
1294330 866.2
1294340 864.7
1294350 863.3
1294360 863.3
1294370 862.7
1294380 861.5
1294390 861.5
1294400 860.5
1294410 859.9
1294420 859.9
1294430 858.6
1294440 858.5
1294450 858.5
1294460 860.0
1294470 861.0
1294480 861.0
1294490 861.0
1294500 860.7
1294510 860.7
1294520 860.2
1294530 860.1
1294540 860.1
1294550 859.6
1294560 858.4
1294570 858.4
1294580 857.7
1294590 857.3
1294600 857.1
1294610 857.1
1294620 857.2
1294630 857.1
1294640 857.1
1294650 857.2
1294660 857.5
1294670 857.5
1294680 857.9
1294690 858.1
1294700 858.1
1294710 857.4
1294720 855.7
1294730 855.7
1294740 847.8
1294750 841.1
1294760 841.1
1294770 845.8
1294780 851.9
1294790 851.9
1294800 857.9
1294810 861.5
1294820 861.5
1294830 861.9
1294840 863.5
1294850 863.5
1294860 866.0
1294870 868.7
1294880 868.7
1294890 870.6
1294900 872.8
1294910 872.8
1294920 877.0
1294930 881.4
1294940 881.4
1294950 883.6
1294960 886.2
1294970 886.2
1294980 889.0
1294990 891.8
1295000 895.3
1295010 895.3
1295020 898.8
1295030 901.8
1295040 901.8
1295050 904.5
1295060 907.0
1295070 907.0
1295080 908.6
1295090 910.4
1295100 910.4
1295110 912.7
1295120 915.9
1295130 915.9
1295140 922.6
1295150 930.7
1295160 930.7
1295170 936.8
1295180 942.0
1295190 942.0
1295200 947.0
1295210 951.5
1295220 951.5
1295230 955.0
1295240 958.3
1295250 958.3
1295260 960.8
1295270 964.2
1295280 964.2
1295290 967.6
1295300 970.2
1295310 970.2
1295320 972.1
1295330 974.6
1295340 974.6
1295350 976.6
1295360 977.8
1295370 978.7
1295380 978.7
1295390 978.7
1295400 978.5
1295410 978.5
1295420 978.6
1295430 978.6
1295440 978.6
1295450 978.0
1295460 976.7
1295470 976.7
1295480 973.8
1295490 969.8
1295500 969.8
1295510 965.5
1295520 962.4
1295530 962.4
1295540 959.8
1295550 957.3
1295560 957.3
1295570 955.4
1295580 954.4
1295590 954.4
1295600 954.2
1295610 953.9
1295620 953.9
1295630 958.9
1295640 961.4
1295650 961.4
1295660 964.1
1295670 966.3
1295680 966.3
1295690 968.5
1295700 970.8
1295710 970.8
1295720 973.2
1295730 976.3
1295740 976.3
1295750 979.4
1295760 981.7
1295770 984.2
1295780 984.2
1295790 986.8
1295800 989.0
1295810 989.0
1295820 991.4
1295830 992.4
1295840 992.4
1295850 993.3
1295860 995.1
1295870 995.1
1295880 997.1
1295890 999.3
1295900 999.3
1295910 1001.5
1295920 1002.5
1295930 1002.5
1295940 1003.2
1295950 1003.2
1295960 1003.2
1295970 1001.6
1295980 1004.3
1295990 1004.3
1296000 1008.2
1296010 1011.4
1296020 1011.4
1296030 1014.6
1296040 1017.8
1296050 1017.8
1296060 1020.6
1296070 1022.7
1296080 1022.7
1296090 1023.8
1296100 1023.6
1296110 1023.6
1296120 1022.9
1296130 1022.0
1296140 1021.8
1296150 1021.8
1296160 1019.5
1296170 1012.7
1296180 1012.7
1296190 1005.0
1296200 999.5
1296210 999.5
1296220 1002.5
1296230 1007.2
1296240 1007.2
1296250 1009.8
1296260 1010.9
1296270 1010.9
1296280 1011.3
1296290 1015.5
1296300 1015.5
1296310 1020.3
1296320 1022.5
1296330 1022.5
1296340 1026.8
1296350 1031.8
1296360 1031.8
1296370 1038.4
1296380 1044.7
1296390 1044.7
1296400 1049.6
1296410 1055.0
1296420 1055.0
1296430 1060.5
1296440 1065.4
1296450 1065.4
1296460 1070.6
1296470 1075.4
1296480 1075.4
1296490 1079.8
1296500 1083.9
1296510 1083.9
1296520 1088.8
1296530 1095.4
1296540 1101.4
1296550 1101.4
1296560 1106.2
1296570 1111.3
1296580 1111.3
1296590 1116.8
1296600 1122.2
1296610 1122.2
1296620 1128.5
1296630 1134.9
1296640 1134.9
1296650 1142.3
1296660 1148.6
1296670 1148.6
1296680 1154.2
1296690 1161.8
1296700 1161.8
1296710 1169.0
1296720 1175.0
1296730 1175.0
1296740 1182.0
1296750 1188.9
1296760 1188.9
1296770 1194.7
1296780 1201.0
1296790 1201.0
1296800 1206.3
1296810 1212.4
1296820 1212.4
1296830 1219.8
1296840 1229.2
1296850 1229.2
1296860 1238.8
1296870 1242.3
1296880 1242.3
1296890 1243.2
1296900 1244.0
1296910 1238.3
1296920 1238.3
1296930 1237.6
1296940 1242.4
1296950 1242.4
1296960 1248.0
1296970 1249.9
1296980 1249.9
1296990 1248.4
1297000 1245.6
1297010 1245.6
1297020 1252.6
1297030 1251.1
1297040 1251.1
1297050 1246.4
1297060 1241.2
1297070 1241.2
1297080 1235.8
1297090 1235.8
1297100 1235.8
1297110 1242.0
1297120 1251.6
1297130 1251.6
1297140 1257.8
1297150 1265.4
1297160 1265.4
1297170 1274.9
1297180 1279.9
1297190 1279.9
1297200 1280.9
1297210 1281.6
1297220 1281.6
1297230 1279.5
1297240 1276.0
1297250 1276.0
1297260 1277.7
1297270 1279.4
1297280 1279.1
1297290 1279.1
1297300 1281.0
1297310 1285.6
1297320 1285.6
1297330 1291.2
1297340 1295.8
1297350 1295.8
1297360 1300.0
1297370 1300.3
1297380 1300.3
1297390 1300.9
1297400 1305.3
1297410 1305.3
1297420 1311.1
1297430 1316.7
1297440 1316.7
1297450 1322.3
1297460 1329.1
1297470 1329.1
1297480 1335.3
1297490 1341.1
1297500 1341.1
1297510 1347.0
1297520 1352.2
1297530 1352.2
1297540 1355.0
1297550 1356.9
1297560 1356.9
1297570 1358.8
1297580 1360.4
1297590 1360.4
1297600 1358.8
1297610 1353.3
1297620 1353.3
1297630 1349.2
1297640 1348.6
1297650 1348.6
1297660 1347.7
1297670 1344.4
1297680 1341.9
1297690 1341.9
1297700 1334.7
1297710 1329.8
1297720 1329.8
1297730 1329.3
1297740 1330.8
1297750 1330.8
1297760 1330.2
1297770 1333.1
1297780 1333.1
1297790 1338.8
1297800 1346.2
1297810 1346.2
1297820 1347.1
1297830 1345.2
1297840 1345.2
1297850 1346.2
1297860 1348.5
1297870 1348.5
1297880 1351.6
1297890 1357.2
1297900 1357.2
1297910 1362.8
1297920 1369.0
1297930 1369.0
1297940 1375.5
1297950 1381.9
1297960 1381.9
1297970 1388.1
1297980 1395.1
1297990 1395.1
1298000 1402.8
1298010 1409.7
1298020 1409.7
1298030 1414.8
1298040 1420.0
1298050 1423.3
1298060 1423.3
1298070 1425.1
1298080 1424.2
1298090 1424.2
1298100 1421.6
1298110 1418.7
1298120 1418.7
1298130 1415.4
1298140 1415.2
1298150 1415.2
1298160 1416.6
1298170 1418.7
1298180 1418.7
1298190 1418.2
1298200 1413.2
1298210 1413.2
1298220 1409.4
1298230 1409.7
1298240 1409.7
1298250 1415.2
1298260 1418.0
1298270 1418.0
1298280 1410.9
1298290 1402.6
1298300 1402.6
1298310 1395.4
1298320 1388.0
1298330 1388.0
1298340 1381.6
1298350 1376.4
1298360 1376.4
1298370 1369.7
1298380 1363.8
1298390 1363.8
1298400 1356.9
1298410 1351.1
1298420 1351.1
1298430 1347.4
1298440 1347.0
1298450 1347.4
1298460 1347.4
1298470 1349.1
1298480 1350.3
1298490 1350.3
1298500 1349.6
1298510 1346.2
1298520 1346.2
1298530 1343.3
1298540 1343.6
1298550 1343.6
1298560 1344.8
1298570 1345.7
1298580 1345.7
1298590 1345.5
1298600 1343.7
1298610 1343.7
1298620 1342.6
1298630 1340.4
1298640 1340.4
1298650 1339.2
1298660 1338.6
1298670 1338.6
1298680 1338.4
1298690 1337.4
1298700 1337.4
1298710 1338.4
1298720 1338.3
1298730 1338.3
1298740 1336.7
1298750 1337.3
1298760 1337.3
1298770 1336.9
1298780 1336.0
1298790 1336.0
1298800 1337.9
1298810 1340.0
1298820 1343.2
1298830 1343.2
1298840 1348.4
1298850 1355.4
1298860 1355.4
1298870 1362.1
1298880 1369.2
1298890 1369.2
1298900 1376.5
1298910 1383.4
1298920 1383.4
1298930 1390.1
1298940 1396.1
1298950 1396.1
1298960 1398.3
1298970 1401.8
1298980 1401.8
1298990 1408.7
1299000 1412.2
1299010 1412.2
1299020 1417.3
1299030 1421.8
1299040 1421.8
1299050 1425.8
1299060 1433.6
1299070 1433.6
1299080 1437.7
1299090 1441.1
1299100 1441.1
1299110 1443.5
1299120 1445.8
1299130 1445.8
1299140 1445.8
1299150 1442.7
1299160 1442.7
1299170 1438.4
1299180 1435.3
1299190 1435.3
1299200 1431.2
1299210 1426.7
1299220 1424.0
1299230 1424.0
1299240 1422.7
1299250 1422.2
1299260 1422.2
1299270 1421.6
1299280 1423.2
1299290 1423.2
1299300 1427.3
1299310 1430.8
1299320 1430.8
1299330 1433.4
1299340 1435.3
1299350 1435.3
1299360 1439.1
1299370 1442.9
1299380 1442.9
1299390 1443.5
1299400 1444.1
1299410 1444.1
1299420 1446.4
1299430 1447.7
1299440 1447.7
1299450 1447.5
1299460 1446.7
1299470 1446.7
1299480 1446.9
1299490 1448.6
1299500 1448.6
1299510 1452.3
1299520 1454.5
1299530 1454.5
1299540 1453.1
1299550 1449.7
1299560 1449.7
1299570 1446.1
1299580 1442.6
1299590 1441.7
1299600 1441.7
1299610 1442.6
1299620 1447.0
1299630 1447.0
1299640 1449.1
1299650 1450.9
1299660 1450.9
1299670 1456.0
1299680 1458.5
1299690 1458.5
1299700 1460.1
1299710 1462.6
1299720 1462.6
1299730 1465.7
1299740 1469.2
1299750 1470.3
1299760 1473.0
1299770 1477.4
1299780 1477.4
1299790 1483.3
1299800 1487.7
1299810 1487.7
1299820 1490.5
1299830 1490.6
1299840 1490.6
1299850 1489.9
1299860 1491.5
1299870 1491.5
1299880 1493.1
1299890 1495.7
1299900 1495.7
1299910 1497.8
1299920 1499.0
1299930 1499.0
1299940 1500.2
1299950 1500.0
1299960 1500.0
1299970 1500.6
1299980 1500.4
1299990 1498.2
