1292910 1103.5
1292920 1101.4
1292930 1101.4
1292940 1095.8
1292950 1089.2
1292960 1089.2
1292970 1084.2
1292980 1082.7
1292990 1082.7
1293000 1080.0
1293010 1074.8
1293020 1074.8
1293030 1070.4
1293040 1065.9
1293050 1065.9
1293060 1067.2
1293070 1066.6
1293080 1066.6
1293090 1063.4
1293100 1061.1
1293110 1061.1
1293120 1063.4
1293130 1065.1
1293140 1065.1
1293150 1066.2
1293160 1066.2
1293170 1066.2
1293180 1064.0
1293190 1057.8
1293200 1057.8
1293210 1055.3
1293220 1046.4
1293230 1046.4
1293240 1040.5
1293250 1038.8
1293260 1038.8
1293270 1040.4
1293280 1041.9
1293290 1045.8
1293300 1045.8
1293310 1044.8
1293320 1039.6
1293330 1039.6
1293340 1035.8
1293350 1036.9
1293360 1036.9
1293370 1038.5
1293380 1037.9
1293390 1037.9
1293400 1037.6
1293410 1040.3
1293420 1040.3
1293430 1040.2
1293440 1040.7
1293450 1040.7
1293460 1039.5
1293470 1038.0
1293480 1038.0
1293490 1033.6
1293500 1027.9
1293510 1027.9
1293520 1028.7
1293530 1022.0
1293540 1022.0
1293550 1021.0
1293560 1019.7
1293570 1019.7
1293580 1020.7
1293590 1019.3
1293600 1019.3
1293610 1016.8
1293620 1021.3
1293630 1021.3
1293640 1024.1
1293650 1025.1
1293660 1025.1
1293670 1024.5
1293680 1024.3
1293690 1025.8
1293700 1025.8
1293710 1025.1
1293720 1020.5
1293730 1020.5
1293740 1013.0
1293750 1004.0
1293760 1004.0
1293770 1002.3
1293780 1005.7
1293790 1005.7
1293800 1007.1
1293810 1007.7
1293820 1007.7
1293830 1007.3
1293840 1006.2
1293850 1006.2
1293860 1005.9
1293870 1005.4
1293880 1005.4
1293890 1005.2
1293900 1005.7
1293910 1005.7
1293920 1006.7
1293930 1008.3
1293940 1008.3
1293950 1009.6
1293960 1010.5
1293970 1010.5
1293980 1011.5
1293990 1012.4
1294000 1012.4
1294010 1013.8
1294020 1014.9
1294030 1014.9
1294040 1016.3
1294050 1018.3
1294060 1018.3
1294070 1021.5
1294080 1024.9
1294090 1024.5
1294100 1024.5
1294110 1025.8
1294120 1030.0
1294130 1030.0
1294140 1031.2
1294150 1023.2
1294160 1023.2
1294170 1018.3
1294180 1018.4
1294190 1018.4
1294200 1011.5
1294210 1009.3
1294220 1009.3
1294230 1008.3
1294240 1007.9
1294250 1007.9
1294260 1006.3
1294270 1004.3
1294280 1004.3
1294290 1002.7
1294300 999.6
1294310 999.6
1294320 993.7
1294330 985.3
1294340 985.3
1294350 979.8
1294360 977.8
1294370 977.8
1294380 976.6
1294390 973.8
1294400 973.8
1294410 967.1
1294420 959.6
1294430 959.6
1294440 953.8
1294450 949.8
1294460 946.6
1294470 946.6
1294480 943.9
1294490 941.3
1294500 941.3
1294510 939.6
1294520 939.1
1294530 939.1
1294540 937.8
1294550 936.6
1294560 936.6
1294570 933.4
1294580 929.4
1294590 929.4
1294600 926.1
1294610 923.9
1294620 923.9
1294630 922.0
1294640 919.5
1294650 919.5
1294660 916.9
1294670 915.3
1294680 915.3
1294690 914.0
1294700 912.8
1294710 912.8
1294720 911.2
1294730 908.4
1294740 908.4
1294750 902.8
1294760 891.7
1294770 891.7
1294780 879.2
1294790 867.3
1294800 867.3
1294810 856.8
1294820 856.8
1294830 856.8
1294840 861.4
1294850 864.5
1294860 868.8
1294870 868.8
1294880 873.0
1294890 878.4
1294900 878.4
1294910 882.7
1294920 886.1
1294930 886.1
1294940 889.1
1294950 894.0
1294960 894.0
1294970 899.0
1294980 905.2
1294990 905.2
1295000 912.1
1295010 919.0
1295020 919.0
1295030 926.5
1295040 931.7
1295050 931.7
1295060 933.3
1295070 935.0
1295080 935.0
1295090 937.7
1295100 939.5
1295110 939.5
1295120 942.5
1295130 947.4
1295140 947.4
1295150 951.8
1295160 956.3
1295170 956.3
1295180 960.8
1295190 967.3
1295200 967.3
1295210 974.0
1295220 979.9
1295230 985.4
1295240 985.4
1295250 991.8
1295260 998.5
1295270 998.5
1295280 1004.3
1295290 1011.2
1295300 1011.2
1295310 1018.5
1295320 1024.9
1295330 1024.9
1295340 1029.1
1295350 1031.5
1295360 1031.5
1295370 1034.2
1295380 1037.5
1295390 1037.5
1295400 1041.9
1295410 1045.1
1295420 1045.1
1295430 1046.4
1295440 1048.1
1295450 1048.1
1295460 1050.9
1295470 1053.7
1295480 1053.7
1295490 1055.3
1295500 1056.2
1295510 1056.2
1295520 1056.0
1295530 1057.6
1295540 1057.6
1295550 1057.6
1295560 1060.1
1295570 1060.1
1295580 1062.4
1295590 1064.5
1295600 1064.5
1295610 1066.1
1295620 1068.7
1295630 1069.5
1295640 1069.5
1295650 1070.2
1295660 1070.5
1295670 1070.5
1295680 1068.7
1295690 1066.0
1295700 1066.0
1295710 1065.4
1295720 1066.1
1295730 1066.1
1295740 1067.7
1295750 1069.9
1295760 1069.9
1295770 1073.4
1295780 1077.1
1295790 1077.1
1295800 1080.1
1295810 1082.5
1295820 1082.5
1295830 1084.2
1295840 1084.9
1295850 1084.9
1295860 1085.1
1295870 1090.3
1295880 1090.3
1295890 1096.6
1295900 1100.7
1295910 1100.7
1295920 1101.7
1295930 1102.4
1295940 1102.4
1295950 1102.7
1295960 1102.2
1295970 1102.2
1295980 1101.2
1295990 1100.8
1296000 1102.3
1296010 1102.3
1296020 1105.8
1296030 1108.7
1296040 1108.7
1296050 1111.0
1296060 1113.5
1296070 1113.5
1296080 1115.8
1296090 1117.4
1296100 1117.4
1296110 1117.7
1296120 1122.1
1296130 1122.1
1296140 1124.9
1296150 1124.6
1296160 1124.6
1296170 1123.5
1296180 1121.8
1296190 1121.8
1296200 1122.0
1296210 1122.4
1296220 1122.4
1296230 1113.8
1296240 1113.3
1296250 1113.3
1296260 1109.3
1296270 1113.1
1296280 1113.1
1296290 1111.0
1296300 1108.1
1296310 1108.1
1296320 1104.6
1296330 1102.4
1296340 1102.4
1296350 1101.6
1296360 1101.8
1296370 1101.8
1296380 1100.1
1296390 1094.4
1296400 1086.8
1296410 1086.8
1296420 1077.7
1296430 1075.0
1296440 1075.0
1296450 1083.6
1296460 1097.2
1296470 1097.2
1296480 1106.1
1296490 1109.7
1296500 1109.7
1296510 1113.4
1296520 1117.8
1296530 1117.8
1296540 1121.0
1296550 1125.5
1296560 1125.5
1296570 1130.9
1296580 1136.9
1296590 1136.9
1296600 1141.0
1296610 1147.8
1296620 1147.8
1296630 1155.6
1296640 1161.4
1296650 1161.4
1296660 1162.2
1296670 1161.0
1296680 1161.0
1296690 1165.3
1296700 1170.3
1296710 1170.3
1296720 1175.8
1296730 1177.6
1296740 1177.6
1296750 1179.4
1296760 1185.6
1296770 1188.9
1296780 1188.9
1296790 1190.4
1296800 1191.6
1296810 1191.6
1296820 1193.1
1296830 1197.0
1296840 1197.0
1296850 1203.1
1296860 1208.9
1296870 1208.9
1296880 1216.4
1296890 1225.9
1296900 1225.9
1296910 1240.8
1296920 1251.2
1296930 1251.2
1296940 1259.5
1296950 1265.7
1296960 1265.7
1296970 1272.3
1296980 1280.3
1296990 1280.3
1297000 1289.5
1297010 1299.5
1297020 1299.5
1297030 1308.3
1297040 1314.6
1297050 1314.6
1297060 1320.6
1297070 1327.1
1297080 1327.1
1297090 1333.7
1297100 1340.4
1297110 1340.4
1297120 1345.5
1297130 1349.8
1297140 1349.8
1297150 1353.7
1297160 1358.1
1297170 1361.6
1297180 1361.6
1297190 1360.5
1297200 1355.5
1297210 1355.5
1297220 1348.3
1297230 1341.7
1297240 1341.7
1297250 1339.5
1297260 1341.8
1297270 1341.8
1297280 1341.7
1297290 1340.3
1297300 1340.3
1297310 1340.6
1297320 1343.0
1297330 1343.0
1297340 1341.8
1297350 1342.8
1297360 1342.8
1297370 1342.1
1297380 1341.3
1297390 1341.3
1297400 1338.9
1297410 1334.5
1297420 1334.5
1297430 1329.9
1297440 1326.2
1297450 1326.2
1297460 1321.3
1297470 1318.0
1297480 1318.0
1297490 1314.0
1297500 1307.5
1297510 1307.5
1297520 1299.7
1297530 1291.8
1297540 1284.3
1297550 1284.3
1297560 1276.3
1297570 1268.6
1297580 1268.6
1297590 1262.0
1297600 1259.6
1297610 1259.6
1297620 1259.8
1297630 1261.8
1297640 1261.8
1297650 1264.2
1297660 1261.3
1297670 1261.3
1297680 1256.1
1297690 1254.2
1297700 1254.2
1297710 1250.8
1297720 1246.5
1297730 1246.5
1297740 1246.5
1297750 1253.7
1297760 1253.7
1297770 1260.8
1297780 1269.8
1297790 1269.8
1297800 1279.0
1297810 1286.9
1297820 1286.9
1297830 1295.4
1297840 1302.2
1297850 1302.2
1297860 1307.3
1297870 1308.2
1297880 1308.2
1297890 1308.0
1297900 1307.8
1297910 1307.8
1297920 1306.5
1297930 1304.4
1297940 1302.3
1297950 1302.3
1297960 1297.4
1297970 1294.4
1297980 1294.4
1297990 1293.5
1298000 1294.0
1298010 1294.0
1298020 1298.9
1298030 1304.2
1298040 1304.2
1298050 1309.7
1298060 1315.9
1298070 1315.9
1298080 1321.7
1298090 1327.8
1298100 1327.8
1298110 1333.8
1298120 1337.0
1298130 1337.0
1298140 1341.0
1298150 1346.9
1298160 1346.9
1298170 1351.4
1298180 1355.0
1298190 1355.0
1298200 1358.5
1298210 1358.9
1298220 1358.9
1298230 1359.6
1298240 1360.2
1298250 1360.2
1298260 1360.1
1298270 1358.3
1298280 1360.4
1298290 1359.3
1298300 1355.5
1298310 1350.7
1298320 1350.7
1298330 1347.7
1298340 1343.1
1298350 1343.1
1298360 1336.9
1298370 1332.2
1298380 1332.2
1298390 1329.4
1298400 1324.3
1298410 1324.3
1298420 1318.5
1298430 1312.5
1298440 1312.5
1298450 1307.6
1298460 1301.2
1298470 1301.2
1298480 1295.1
1298490 1288.4
1298500 1288.4
1298510 1280.3
1298520 1273.0
1298530 1273.0
1298540 1267.2
1298550 1262.9
1298560 1262.9
1298570 1257.7
1298580 1250.7
1298590 1250.7
1298600 1243.6
1298610 1239.8
1298620 1239.8
1298630 1243.8
1298640 1247.8
1298650 1247.8
1298660 1250.8
1298670 1253.6
1298680 1253.6
1298690 1254.9
1298700 1255.7
1298710 1256.8
1298720 1256.8
1298730 1257.8
1298740 1258.7
1298750 1258.7
1298760 1260.7
1298770 1264.0
1298780 1264.0
1298790 1268.4
1298800 1269.8
1298810 1269.8
1298820 1270.3
1298830 1273.1
1298840 1273.1
1298850 1277.1
1298860 1280.4
1298870 1280.4
1298880 1285.1
1298890 1290.5
1298900 1290.5
1298910 1291.6
1298920 1290.4
1298930 1290.4
1298940 1295.6
1298950 1302.9
1298960 1302.9
1298970 1310.0
1298980 1312.9
1298990 1312.9
1299000 1311.4
1299010 1306.8
1299020 1306.8
1299030 1306.0
1299040 1309.2
1299050 1309.2
1299060 1314.0
1299070 1319.5
1299080 1323.7
1299090 1323.7
1299100 1325.2
1299110 1327.1
1299120 1327.1
1299130 1330.0
1299140 1333.1
1299150 1333.1
1299160 1334.3
1299170 1335.4
1299180 1335.4
1299190 1338.2
1299200 1336.0
1299210 1336.0
1299220 1333.8
1299230 1333.1
1299240 1333.1
1299250 1332.8
1299260 1332.5
1299270 1332.5
1299280 1334.1
1299290 1337.4
1299300 1337.4
1299310 1339.8
1299320 1337.7
1299330 1337.7
1299340 1332.4
1299350 1329.2
1299360 1329.2
1299370 1325.9
1299380 1321.9
1299390 1321.9
1299400 1317.7
1299410 1312.4
1299420 1312.4
1299430 1312.8
1299440 1315.8
1299450 1315.8
1299460 1316.7
1299470 1315.0
1299480 1313.1
1299490 1313.1
1299500 1314.5
1299510 1315.1
1299520 1315.1
1299530 1322.0
1299540 1334.0
1299550 1334.0
1299560 1344.1
1299570 1350.3
1299580 1350.3
1299590 1357.1
1299600 1366.1
1299610 1366.1
1299620 1374.7
1299630 1381.5
1299640 1381.5
1299650 1384.3
1299660 1387.2
1299670 1387.2
1299680 1387.0
1299690 1390.9
1299700 1390.9
1299710 1397.3
1299720 1401.3
1299730 1401.3
1299740 1408.1
1299750 1419.1
1299760 1419.1
1299770 1429.2
1299780 1436.7
1299790 1436.7
1299800 1440.8
1299810 1446.1
1299820 1446.1
1299830 1451.5
1299840 1456.4
1299850 1461.0
1299860 1461.0
1299870 1465.6
1299880 1471.5
1299890 1471.5
1299900 1474.0
1299910 1472.3
1299920 1472.3
1299930 1469.4
1299940 1465.5
1299950 1465.5
1299960 1458.9
1299970 1452.5
1299980 1452.5
1299990 1446.5
