1294440 960.8
1294450 960.8
1294460 956.9
1294470 955.0
1294480 955.0
1294490 948.7
1294500 941.7
1294510 935.2
1294520 935.2
1294530 934.3
1294540 937.6
1294550 937.6
1294560 941.8
1294570 945.1
1294580 945.1
1294590 945.9
1294600 941.6
1294610 941.6
1294620 935.3
1294630 929.9
1294640 929.9
1294650 927.9
1294660 924.4
1294670 924.4
1294680 919.5
1294690 909.5
1294700 909.5
1294710 902.9
1294720 905.4
1294730 905.4
1294740 909.4
1294750 912.2
1294760 912.2
1294770 914.5
1294780 917.8
1294790 917.8
1294800 921.5
1294810 927.1
1294820 927.1
1294830 935.3
1294840 940.4
1294850 940.4
1294860 944.9
1294870 949.5
1294880 949.5
1294890 956.5
1294900 963.7
1294910 966.2
1294920 966.2
1294930 965.5
1294940 963.9
1294950 963.9
1294960 962.7
1294970 961.1
1294980 961.1
1294990 957.8
1295000 953.6
1295010 953.6
1295020 947.6
1295030 941.3
1295040 941.3
1295050 935.0
1295060 928.0
1295070 928.0
1295080 921.5
1295090 915.0
1295100 915.0
1295110 908.1
1295120 901.9
1295130 898.8
1295140 891.4
1295150 885.6
1295160 885.6
1295170 884.7
1295180 884.3
1295190 884.3
1295200 881.6
1295210 883.8
1295220 883.8
1295230 891.5
1295240 899.0
1295250 899.0
1295260 906.7
1295270 913.5
1295280 913.5
1295290 919.1
1295300 923.4
1295310 926.5
1295320 926.5
1295330 928.0
1295340 928.4
1295350 928.4
1295360 930.0
1295370 931.6
1295380 931.6
1295390 932.7
1295400 933.2
1295410 933.2
1295420 933.3
1295430 933.7
1295440 933.7
1295450 934.2
1295460 935.0
1295470 935.0
1295480 933.6
1295490 932.8
1295500 932.8
1295510 930.7
1295520 931.2
1295530 931.2
1295540 936.5
1295550 941.6
1295560 941.6
1295570 946.1
1295580 952.0
1295590 952.0
1295600 957.9
1295610 962.8
1295620 962.8
1295630 966.7
1295640 969.5
1295650 969.5
1295660 971.8
1295670 973.7
1295680 975.6
1295690 975.6
1295700 977.2
1295710 978.3
1295720 978.3
1295730 980.7
1295740 984.0
1295750 984.0
1295760 986.6
1295770 988.6
1295780 988.6
1295790 990.7
1295800 993.4
1295810 993.5
1295820 996.8
1295830 998.8
1295840 998.8
1295850 999.3
1295860 998.3
1295870 998.3
1295880 997.9
1295890 997.2
1295900 997.2
1295910 995.9
1295920 994.6
1295930 994.6
1295940 993.7
1295950 993.2
1295960 993.2
1295970 993.6
1295980 994.0
1295990 994.0
1296000 995.0
1296010 996.7
1296020 996.7
1296030 996.6
1296040 997.3
1296050 997.3
1296060 998.6
1296070 999.9
1296080 1002.2
1296090 1002.2
1296100 1005.1
1296110 1007.0
1296120 1007.0
1296130 1008.5
1296140 1009.2
1296150 1009.2
1296160 1007.7
1296170 1005.4
1296180 1005.4
1296190 1001.3
1296200 999.6
1296210 999.6
1296220 996.3
1296230 998.3
1296240 998.3
1296250 1004.5
1296260 1012.1
1296270 1012.1
1296280 1016.7
1296290 1019.9
1296300 1019.9
1296310 1022.1
1296320 1024.1
1296330 1024.1
1296340 1026.4
1296350 1028.7
1296360 1028.7
1296370 1029.5
1296380 1030.4
1296390 1030.4
1296400 1032.8
1296410 1036.4
1296420 1036.4
1296430 1040.4
1296440 1042.6
1296450 1042.6
1296460 1042.7
1296470 1043.8
1296480 1046.6
1296490 1047.2
1296500 1049.2
1296510 1051.6
1296520 1051.6
1296530 1054.7
1296540 1058.8
1296550 1058.8
1296560 1063.6
1296570 1068.0
1296580 1068.0
1296590 1072.0
1296600 1074.7
1296610 1074.7
1296620 1076.7
1296630 1078.9
1296640 1078.9
1296650 1081.7
1296660 1084.5
1296670 1084.5
1296680 1086.9
1296690 1089.4
1296700 1089.4
1296710 1090.4
1296720 1092.7
1296730 1092.7
1296740 1095.8
1296750 1097.1
1296760 1097.1
1296770 1099.2
1296780 1102.2
1296790 1102.2
1296800 1105.9
1296810 1109.8
1296820 1109.8
1296830 1111.8
1296840 1110.5
1296850 1109.2
1296860 1109.2
1296870 1109.1
1296880 1109.3
1296890 1109.3
1296900 1109.3
1296910 1109.5
1296920 1109.5
