1294270 1015.9
1294280 1015.9
1294290 1015.3
1294300 1014.5
1294310 1014.5
1294320 1013.1
1294330 1010.0
1294340 1010.0
1294350 1005.0
1294360 1001.8
1294370 1001.8
1294380 999.4
1294390 995.6
1294400 995.6
1294410 992.9
1294420 990.8
1294430 990.8
1294440 987.8
1294450 986.2
1294460 986.2
1294470 980.8
1294480 978.6
1294490 978.6
1294500 976.4
1294510 974.0
1294520 974.0
1294530 971.5
1294540 969.2
1294550 969.2
1294560 967.3
1294570 965.9
1294580 964.5
1294590 964.5
1294600 963.3
1294610 962.4
1294620 962.4
1294630 962.5
1294640 962.1
1294650 962.1
1294660 961.7
1294670 960.8
1294680 960.8
1294690 959.2
1294700 957.1
1294710 957.1
1294720 952.7
1294730 948.5
1294740 948.5
1294750 944.6
1294760 940.5
1294770 940.5
1294780 936.3
1294790 930.8
1294800 930.8
1294810 924.1
1294820 916.0
1294830 916.0
1294840 908.1
1294850 900.9
1294860 900.9
1294870 893.4
1294880 885.2
1294890 885.2
1294900 878.3
1294910 873.9
1294920 873.9
1294930 874.2
1294940 876.1
1294950 876.1
1294960 880.5
1294970 884.3
1294980 887.0
1294990 887.0
1295000 888.7
1295010 891.7
1295020 891.7
1295030 895.9
1295040 901.0
1295050 901.0
1295060 905.9
1295070 911.1
1295080 911.1
1295090 917.3
1295100 922.4
1295110 922.4
1295120 926.5
1295130 928.5
1295140 928.3
1295150 930.3
1295160 933.7
1295170 933.7
1295180 937.4
1295190 941.3
1295200 941.3
1295210 944.7
1295220 947.8
1295230 947.8
1295240 951.1
1295250 954.7
1295260 954.7
1295270 958.5
1295280 962.9
1295290 962.9
1295300 968.7
1295310 974.4
1295320 974.4
1295330 979.4
1295340 984.1
1295350 984.1
1295360 987.7
1295370 988.6
1295380 987.6
1295390 987.6
1295400 985.5
1295410 984.4
1295420 984.4
1295430 984.1
1295440 983.6
1295450 983.6
1295460 985.1
1295470 986.7
1295480 986.7
1295490 987.9
1295500 989.7
1295510 989.7
1295520 991.2
1295530 993.6
1295540 993.6
1295550 995.9
1295560 999.0
1295570 999.0
1295580 1001.9
1295590 1006.0
1295600 1006.0
1295610 1012.0
1295620 1017.8
1295630 1017.8
1295640 1023.8
1295650 1030.0
1295660 1030.0
1295670 1035.4
1295680 1039.4
1295690 1039.4
1295700 1042.9
1295710 1046.7
1295720 1046.7
1295730 1052.4
1295740 1058.5
1295750 1064.4
1295760 1064.4
1295770 1069.8
1295780 1073.5
1295790 1073.5
1295800 1077.6
1295810 1080.7
1295820 1084.7
1295830 1088.9
1295840 1094.7
1295850 1094.7
1295860 1100.6
1295870 1106.0
1295880 1106.0
1295890 1110.1
1295900 1113.4
1295910 1113.4
1295920 1117.6
1295930 1120.8
1295940 1120.8
1295950 1120.2
1295960 1122.6
1295970 1122.6
1295980 1127.3
1295990 1129.3
1296000 1129.3
1296010 1129.8
1296020 1132.2
1296030 1132.2
1296040 1134.2
1296050 1135.2
1296060 1135.2
1296070 1136.9
1296080 1136.8
1296090 1136.8
1296100 1139.8
1296110 1145.7
1296120 1145.7
1296130 1152.7
1296140 1154.1
1296150 1155.9
1296160 1155.9
1296170 1160.0
1296180 1161.6
1296190 1161.6
1296200 1163.6
1296210 1163.1
1296220 1163.1
1296230 1157.7
1296240 1158.9
1296250 1158.9
1296260 1162.4
1296270 1159.3
1296280 1159.3
1296290 1155.5
1296300 1163.4
1296310 1163.4
1296320 1173.3
1296330 1181.5
1296340 1181.5
1296350 1187.6
1296360 1188.6
1296370 1188.6
1296380 1190.2
1296390 1192.6
1296400 1192.6
1296410 1196.2
1296420 1199.8
1296430 1199.8
1296440 1203.4
1296450 1205.9
1296460 1205.9
1296470 1208.4
1296480 1210.2
1296490 1210.2
1296500 1218.1
1296510 1219.2
1296520 1218.5
1296530 1218.5
1296540 1216.1
1296550 1216.7
1296560 1216.7
1296570 1219.2
1296580 1224.0
1296590 1224.0
1296600 1229.9
1296610 1234.2
1296620 1234.2
1296630 1238.5
1296640 1241.8
1296650 1241.8
1296660 1242.6
1296670 1245.0
1296680 1245.0
1296690 1248.6
1296700 1248.4
1296710 1248.4
1296720 1250.7
1296730 1255.4
1296740 1255.4
1296750 1262.1
1296760 1272.5
1296770 1272.5
1296780 1280.7
1296790 1282.4
1296800 1282.4
1296810 1279.8
1296820 1273.8
1296830 1273.8
1296840 1267.6
1296850 1262.0
1296860 1262.0
1296870 1253.4
1296880 1244.9
1296890 1244.9
1296900 1238.0
1296910 1232.6
1296920 1228.0
1296930 1228.0
1296940 1221.3
1296950 1213.9
1296960 1213.9
1296970 1209.8
1296980 1212.6
1296990 1212.6
1297000 1216.1
1297010 1215.9
1297020 1215.9
1297030 1213.1
1297040 1213.5
1297050 1213.5
1297060 1211.2
1297070 1208.6
1297080 1208.6
1297090 1205.8
1297100 1201.4
1297110 1201.4
1297120 1194.7
1297130 1201.7
1297140 1201.7
1297150 1206.9
1297160 1204.9
1297170 1204.9
1297180 1212.2
1297190 1215.3
1297200 1215.3
1297210 1214.7
1297220 1214.7
1297230 1214.7
1297240 1217.5
1297250 1220.6
1297260 1220.6
1297270 1222.2
1297280 1221.1
1297290 1220.6
1297300 1220.6
1297310 1219.9
1297320 1219.5
1297330 1219.5
1297340 1218.2
1297350 1215.8
1297360 1215.8
1297370 1213.1
1297380 1210.2
1297390 1210.2
1297400 1207.4
1297410 1202.6
1297420 1202.6
1297430 1193.3
1297440 1187.3
1297450 1187.3
1297460 1184.2
1297470 1181.5
1297480 1181.5
1297490 1179.0
1297500 1177.8
1297510 1177.8
1297520 1177.3
1297530 1175.5
1297540 1175.5
1297550 1172.0
1297560 1167.6
1297570 1167.6
1297580 1161.5
1297590 1154.7
1297600 1154.7
1297610 1149.9
1297620 1144.2
1297630 1144.2
1297640 1148.4
1297650 1158.2
1297660 1158.2
1297670 1164.5
1297680 1169.6
1297690 1175.4
1297700 1175.4
1297710 1180.4
1297720 1185.7
1297730 1185.7
1297740 1191.5
1297750 1196.8
1297760 1196.8
1297770 1201.4
