1294300 1031.7
1294310 1031.7
1294320 1031.4
1294330 1030.0
1294340 1030.0
1294350 1027.9
1294360 1025.6
1294370 1025.6
1294380 1023.2
1294390 1020.7
1294400 1020.7
1294410 1017.9
1294420 1014.7
1294430 1011.7
1294440 1011.7
1294450 1008.6
1294460 1006.7
1294470 1006.7
1294480 1004.2
1294490 1002.4
1294500 1002.4
1294510 998.2
1294520 996.4
1294530 996.4
1294540 993.9
1294550 989.1
1294560 989.1
1294570 985.3
1294580 982.4
1294590 982.4
1294600 979.8
1294610 977.4
1294620 977.4
1294630 975.2
1294640 971.9
1294650 971.9
1294660 967.2
1294670 962.3
1294680 962.3
1294690 959.1
1294700 955.1
1294710 955.1
1294720 951.2
1294730 947.9
1294740 947.9
1294750 943.8
1294760 939.6
1294770 939.6
1294780 934.2
1294790 926.9
1294800 926.9
1294810 919.0
1294820 911.6
1294830 905.5
1294840 905.5
1294850 900.1
1294860 893.1
1294870 893.1
1294880 885.8
1294890 880.2
1294900 880.2
1294910 875.5
1294920 874.2
1294930 874.2
1294940 875.5
1294950 876.9
1294960 876.9
1294970 881.6
1294980 887.5
1294990 887.5
1295000 893.2
1295010 898.1
1295020 898.1
1295030 903.6
1295040 908.7
1295050 908.7
1295060 912.8
1295070 916.7
1295080 916.7
1295090 919.9
1295100 920.8
1295110 920.8
1295120 922.1
1295130 923.5
1295140 923.5
1295150 925.3
1295160 928.7
1295170 928.7
1295180 934.4
1295190 940.3
1295200 946.5
1295210 946.5
1295220 951.9
1295230 958.1
1295240 958.1
1295250 964.2
1295260 968.6
1295270 968.6
1295280 970.7
1295290 973.9
1295300 973.9
1295310 978.8
1295320 983.9
1295330 983.9
1295340 987.9
1295350 990.3
1295360 990.3
1295370 991.1
1295380 992.8
1295390 992.8
1295400 995.0
1295410 999.0
1295420 999.0
1295430 1003.8
1295440 1007.5
1295450 1007.5
1295460 1010.8
1295470 1013.0
1295480 1013.0
1295490 1014.9
1295500 1014.9
1295510 1014.9
1295520 1015.2
1295530 1017.9
1295540 1017.9
1295550 1021.7
1295560 1024.6
1295570 1024.6
1295580 1027.4
1295590 1030.6
1295600 1035.1
1295610 1035.1
1295620 1038.5
1295630 1041.4
1295640 1041.4
1295650 1044.8
1295660 1046.7
1295670 1046.7
1295680 1045.5
1295690 1044.1
1295700 1044.1
1295710 1043.3
1295720 1042.8
1295730 1042.8
1295740 1043.2
1295750 1045.7
1295760 1045.7
1295770 1049.0
1295780 1052.2
1295790 1052.2
1295800 1057.9
1295810 1064.0
1295820 1064.0
1295830 1068.3
1295840 1070.5
1295850 1070.5
1295860 1076.1
1295870 1081.4
1295880 1081.4
1295890 1086.3
1295900 1090.6
1295910 1090.6
1295920 1093.3
1295930 1093.9
1295940 1093.9
1295950 1093.6
1295960 1096.6
1295970 1096.6
1295980 1100.5
1295990 1102.7
1296000 1102.8
1296010 1102.8
1296020 1103.2
1296030 1103.6
1296040 1103.6
1296050 1103.8
1296060 1103.0
1296070 1103.0
1296080 1100.3
1296090 1102.7
1296100 1102.7
1296110 1104.0
1296120 1105.7
1296130 1105.7
1296140 1106.9
1296150 1108.6
1296160 1108.6
1296170 1110.3
1296180 1111.8
1296190 1111.8
1296200 1112.7
1296210 1112.4
1296220 1112.4
1296230 1110.7
1296240 1108.5
1296250 1108.5
1296260 1114.7
1296270 1120.1
1296280 1120.1
1296290 1122.7
1296300 1125.7
1296310 1125.7
1296320 1129.9
1296330 1132.9
1296340 1132.9
1296350 1137.0
1296360 1141.9
1296370 1146.5
1296380 1146.5
1296390 1147.4
1296400 1147.6
1296410 1147.6
1296420 1150.9
1296430 1156.0
1296440 1156.0
1296450 1158.8
1296460 1161.2
1296470 1161.2
1296480 1163.6
1296490 1166.3
1296500 1166.3
1296510 1168.6
1296520 1168.8
1296530 1168.8
1296540 1177.5
1296550 1182.4
1296560 1182.4
1296570 1187.4
1296580 1191.8
1296590 1191.8
1296600 1196.7
1296610 1198.0
1296620 1198.0
1296630 1199.3
1296640 1201.7
1296650 1201.7
1296660 1204.5
1296670 1206.9
1296680 1206.9
1296690 1209.1
1296700 1211.9
1296710 1211.9
1296720 1217.0
1296730 1222.9
1296740 1222.9
1296750 1227.5
1296760 1228.7
1296770 1231.4
1296780 1231.4
1296790 1236.4
1296800 1241.4
1296810 1241.4
1296820 1244.1
1296830 1245.9
1296840 1245.9
1296850 1243.8
1296860 1238.1
1296870 1238.1
1296880 1233.5
1296890 1229.5
1296900 1229.5
1296910 1224.4
1296920 1219.8
1296930 1219.8
1296940 1212.0
1296950 1202.1
1296960 1202.1
1296970 1194.8
1296980 1188.0
1296990 1188.0
1297000 1181.5
1297010 1173.5
1297020 1173.5
1297030 1174.0
1297040 1173.4
1297050 1173.4
1297060 1171.7
1297070 1166.3
1297080 1166.3
1297090 1164.7
1297100 1173.6
1297110 1173.6
1297120 1179.9
1297130 1181.7
1297140 1181.4
1297150 1181.4
1297160 1179.9
1297170 1178.8
1297180 1178.8
1297190 1177.4
1297200 1179.3
1297210 1179.3
1297220 1184.0
1297230 1185.3
1297240 1185.3
1297250 1187.2
1297260 1188.6
1297270 1188.6
1297280 1189.7
1297290 1191.7
1297300 1191.7
1297310 1194.6
1297320 1196.6
1297330 1196.6
1297340 1196.5
1297350 1196.8
1297360 1196.8
1297370 1196.8
1297380 1194.3
1297390 1194.3
1297400 1189.8
1297410 1184.0
1297420 1184.0
1297430 1178.0
1297440 1172.0
1297450 1172.0
1297460 1165.3
1297470 1158.6
1297480 1158.6
1297490 1152.6
1297500 1149.3
1297510 1149.3
1297520 1149.1
1297530 1145.3
1297540 1140.6
1297550 1140.6
1297560 1135.4
1297570 1132.2
1297580 1132.2
1297590 1131.5
1297600 1133.6
1297610 1133.6
1297620 1135.6
